0 163.33
1 248.67
2 251.33
3 236.67
4 159.33
5 214.00
6 203.33
7 157.33
8 248.00
9 183.33
10 241.33
11 182.00
12 228.00
13 274.00
14 244.67
15 180.00
16 175.33
17 189.33
18 214.67
19 226.00
20 156.67
21 195.33
22 198.67
23 160.00
24 190.00
25 166.00
26 230.67
27 193.33
28 166.00
29 192.00
30 224.67
31 216.67
32 178.00
33 188.67
34 175.33
35 177.33
36 204.00
37 214.67
38 178.00
39 178.00
40 189.33
41 170.00
42 224.00
43 176.00
44 280.67
45 200.67
46 232.00
47 194.67
48 220.67
49 211.33
50 222.67
51 184.67
52 222.67
53 290.00
54 170.00
55 143.33
56 247.33
57 265.33
58 204.67
59 198.00
60 185.33
61 184.00
62 195.33
63 186.67
64 202.67
65 186.67
66 185.33
67 206.00
68 186.00
69 203.33
70 240.00
71 177.33
72 262.00
73 239.33
74 222.00
75 178.00
76 221.33
77 283.33
78 194.67
79 176.67
80 177.33
81 234.00
82 294.67
83 188.67
84 277.33
85 198.67
86 215.33
87 181.33
88 200.67
89 241.33
90 223.33
91 196.67
92 159.33
93 267.33
94 254.67
95 194.00
96 181.33
97 201.33
98 246.00
99 184.67
100 288.67
101 218.00
102 180.67
103 146.67
104 232.67
105 194.00
106 168.67
107 226.00
108 197.33
109 248.67
110 177.33
111 192.67
112 192.00
113 192.67
114 242.67
115 165.33
116 238.00
117 202.00
118 170.00
119 249.33
120 205.33
121 175.33
122 192.00
123 210.00
124 162.67
125 268.67
126 209.33
127 183.33
128 222.67
129 214.00
130 194.67
131 190.00
132 248.00
133 240.00
134 182.67
135 261.33
136 257.33
137 186.67
138 208.67
139 258.67
140 254.67
141 214.67
142 233.33
143 230.67
144 191.33
145 235.33
146 178.00
147 264.67
148 138.67
149 250.67
150 187.33
151 201.33
152 243.33
153 188.67
154 280.00
155 240.67
156 206.67
157 247.33
158 208.00
159 226.00
160 204.67
161 214.00
162 169.33
163 220.00
164 280.00
165 273.33
166 249.33
167 151.33
168 224.00
169 201.33
170 167.33
171 210.67
172 224.00
173 240.00
174 180.00
175 238.00
176 264.00
177 192.67
178 189.33
179 240.67
180 228.67
181 166.00
182 208.67
183 186.67
184 206.67
185 194.67
186 188.00
187 186.67
188 230.67
189 194.00
190 171.33
191 197.33
192 245.33
193 247.33
194 257.33
195 213.33
196 214.00
197 195.33
198 236.00
199 286.00
200 190.00
201 141.33
202 297.33
203 282.00
204 242.00
205 269.33
206 421.33
207 222.67
208 384.67
209 259.33
210 217.33
211 138.00
212 136.00
213 269.33
214 214.00
215 421.33
216 206.00
217 257.33
218 272.67
219 236.00
220 270.67
221 268.00
222 428.00
223 256.00
224 284.67
225 302.00
226 237.33
227 368.67
228 220.67
229 277.33
230 267.33
231 233.33
232 279.33
233 193.33
234 262.67
235 429.33
236 262.00
237 279.33
238 236.67
239 409.33
240 350.67
241 188.00
242 272.67
243 428.67
244 162.67
245 155.33
246 190.00
247 280.00
248 389.33
249 228.00
250 252.67
251 238.00
252 366.67
253 263.33
254 237.33
255 262.00
256 274.67
257 252.00
258 244.67
259 246.67
260 168.00
261 261.33
262 330.67
263 289.33
264 246.00
265 186.67
266 312.00
267 277.33
268 242.67
269 282.00
270 304.67
271 282.00
272 248.00
273 410.00
274 302.67
275 272.67
276 268.00
277 320.67
278 292.00
279 200.00
280 262.00
281 274.67
282 274.00
283 280.67
284 322.67
285 314.67
286 298.67
287 183.33
288 274.00
289 220.67
290 268.67
291 260.00
292 204.00
293 253.33
294 307.33
295 322.00
296 270.00
297 266.00
298 369.33
299 269.33
300 314.00
301 186.00
302 348.00
303 278.00
304 174.67
305 264.67
306 230.67
307 262.00
308 209.33
309 260.67
310 276.00
311 278.00
312 279.33
313 234.00
314 194.00
315 206.00
316 188.67
317 184.67
318 109.33
319 261.33
320 230.00
321 370.00
322 283.33
323 267.33
324 341.33
325 285.33
326 220.00
327 279.33
328 284.67
329 248.00
330 264.00
331 264.67
332 285.33
333 248.67
334 346.67
335 163.33
336 378.67
337 221.33
338 282.67
339 327.33
340 289.33
341 186.00
342 276.67
343 209.33
344 238.00
345 198.00
346 288.00
347 277.33
348 184.67
349 237.33
350 276.67
351 250.67
352 277.33
353 240.00
354 208.00
355 239.33
356 352.67
357 168.67
358 265.33
359 311.33
360 314.67
361 206.67
362 260.67
363 278.00
364 268.00
365 332.67
366 194.67
367 185.33
368 241.33
369 223.33
370 252.67
371 211.33
372 261.33
373 250.67
374 270.67
375 239.33
376 169.33
377 177.33
378 284.67
379 293.33
380 276.00
381 306.00
382 298.67
383 378.67
384 239.33
385 284.00
386 256.00
387 275.33
388 277.33
389 347.33
390 294.67
391 265.33
392 252.67
393 261.33
394 252.00
395 335.33
396 200.67
397 249.33
398 304.00
399 284.67
400 276.00
401 360.00
402 277.33
403 312.67
404 264.67
405 332.00
406 288.67
407 330.00
408 336.00
409 460.00
410 286.67
411 427.33
412 330.67
413 326.00
414 284.67
415 413.33
416 330.00
417 333.33
418 357.33
419 288.67
420 326.67
421 244.67
422 341.33
423 346.00
424 431.33
425 324.00
426 286.67
427 306.00
428 323.33
429 317.33
430 367.33
431 260.67
432 252.00
433 257.33
434 247.33
435 318.00
436 272.67
437 280.67
438 293.33
439 238.67
440 244.67
441 265.33
442 237.33
443 268.67
444 244.00
445 308.00
446 306.00
447 222.67
448 294.67
449 270.00
450 363.33
451 274.00
452 332.00
453 362.00
454 243.33
455 269.33
456 308.67
457 250.00
458 293.33
459 230.00
460 233.33
461 246.67
462 274.67
463 297.33
464 263.33
465 303.33
466 426.67
467 210.00
468 304.00
469 315.33
470 292.00
471 254.00
472 241.33
473 326.67
474 324.67
475 228.00
476 301.33
477 242.00
478 279.33
479 234.00
480 402.00
481 306.00
482 245.33
483 384.00
484 285.33
485 288.67
486 391.33
487 193.33
488 306.67
489 292.00
490 188.67
491 298.00
492 248.00
493 278.00
494 280.67
495 196.00
496 362.67
497 284.00
498 388.67
499 364.00
500 242.00
501 273.33
502 295.33
503 322.67
504 307.33
505 285.33
506 310.00
507 293.33
508 255.33
509 270.67
510 277.33
511 282.00
512 302.00
513 392.67
514 384.00
515 283.33
516 418.67
517 337.33
518 418.67
519 166.00
520 286.67
521 323.33
522 315.33
523 300.00
524 287.33
525 303.33
526 318.67
527 300.67
528 325.33
529 266.00
530 286.67
531 296.00
532 299.33
533 248.67
534 304.00
535 200.67
536 390.67
537 321.33
538 214.00
539 313.33
540 287.33
541 257.33
542 256.00
543 257.33
544 259.33
545 310.67
546 254.67
547 264.00
548 302.00
549 310.67
550 304.67
551 322.00
552 288.67
553 265.33
554 283.33
555 256.67
556 308.67
557 273.33
558 327.33
559 337.33
560 274.67
561 304.67
562 301.33
563 300.00
564 262.00
565 295.33
566 266.67
567 373.33
568 260.67
569 196.00
570 250.00
571 359.33
572 314.00
573 332.67
574 252.67
575 200.00
576 255.33
577 316.67
578 274.67
579 257.33
580 257.33
581 250.00
582 304.00
583 258.00
584 261.33
585 296.00
586 284.67
587 303.33
588 243.33
589 262.00
590 331.33
591 236.67
592 294.00
593 258.67
594 230.67
595 396.67
596 291.33
597 298.00
598 299.33
599 294.00
600 350.67
601 308.67
602 432.67
603 284.00
604 423.33
605 327.33
606 326.67
607 311.33
608 358.67
609 205.33
610 329.33
611 426.00
612 240.00
613 308.67
614 255.33
615 280.00
616 331.33
617 360.00
618 309.33
619 323.33
620 332.67
621 317.33
622 356.67
623 310.00
624 274.00
625 238.67
626 329.33
627 459.33
628 294.67
629 333.33
630 230.67
631 329.33
632 274.00
633 218.67
634 332.67
635 280.00
636 314.00
637 418.00
638 316.00
639 332.00
640 421.33
641 334.67
642 279.33
643 402.67
644 364.00
645 244.00
646 294.67
647 312.67
648 296.00
649 305.33
650 341.33
651 315.33
652 426.67
653 341.33
654 316.67
655 306.00
656 421.33
657 324.67
658 248.67
659 344.67
660 308.67
661 268.00
662 336.67
663 299.33
664 380.67
665 312.00
666 236.67
667 317.33
668 204.67
669 369.33
670 316.67
671 362.67
672 302.00
673 316.00
674 419.33
675 327.33
676 286.67
677 366.67
678 398.00
679 224.00
680 251.33
681 325.33
682 330.00
683 212.00
684 348.67
685 169.33
686 176.00
687 261.33
688 279.33
689 258.67
690 280.67
691 269.33
692 222.00
693 280.00
694 299.33
695 327.33
696 409.33
697 226.67
698 413.33
699 260.67
700 321.33
701 267.33
702 291.33
703 386.00
704 292.67
705 322.67
706 222.67
707 306.00
708 265.33
709 350.67
710 311.33
711 324.00
712 370.67
713 281.33
714 328.67
715 308.00
716 324.00
717 294.67
718 280.67
719 436.67
720 385.33
721 268.67
722 205.33
723 338.67
724 376.00
725 398.67
726 410.67
727 362.00
728 270.67
729 326.67
730 223.33
731 337.33
732 296.00
733 342.67
734 326.67
735 254.00
736 380.00
737 279.33
738 328.67
739 390.67
740 285.33
741 296.00
742 186.67
743 182.67
744 256.00
745 421.33
746 348.67
747 252.00
748 268.00
749 335.33
750 248.67
751 403.33
752 361.33
753 310.67
754 279.33
755 294.67
756 300.67
757 248.00
758 330.67
759 347.33
760 287.33
761 352.00
762 392.67
763 258.00
764 294.00
765 336.67
766 294.67
767 442.67
768 448.67
769 301.33
770 259.33
771 362.67
772 266.00
773 283.33
774 394.67
775 341.33
776 200.67
777 242.67
778 311.33
779 282.67
780 330.00
781 318.00
782 360.67
783 336.00
784 406.67
785 404.67
786 189.33
787 243.33
788 351.33
789 344.00
790 316.67
791 226.67
792 329.33
793 330.00
794 314.00
795 172.67
796 418.00
797 405.33
798 315.33
799 245.33
800 139.33
801 327.33
802 311.33
803 316.00
804 318.67
805 427.33
806 319.33
807 373.33
808 279.33
809 244.00
810 314.00
811 296.00
812 298.67
813 244.67
814 367.33
815 303.33
816 212.00
817 293.33
818 276.67
819 204.00
820 290.00
821 276.00
822 212.00
823 309.33
824 291.33
825 268.67
826 282.00
827 299.33
828 291.33
829 376.00
830 249.33
831 295.33
832 292.00
833 180.67
834 256.67
835 254.00
836 276.67
837 334.00
838 291.33
839 298.00
840 284.67
841 195.33
842 303.33
843 361.33
844 438.00
845 406.00
846 282.00
847 254.67
848 198.00
849 198.00
850 334.00
851 312.00
852 314.00
853 290.67
854 330.67
855 314.67
856 331.33
857 350.00
858 269.33
859 198.67
860 312.00
861 317.33
862 255.33
863 319.33
864 322.00
865 330.00
866 266.67
867 289.33
868 343.33
869 289.33
870 291.33
871 298.67
872 233.33
873 235.33
874 332.00
875 302.67
876 294.00
877 351.33
878 313.33
879 360.67
880 318.67
881 334.00
882 402.00
883 305.33
884 320.67
885 359.33
886 270.67
887 331.33
888 370.00
889 338.00
890 327.33
891 318.00
892 443.33
893 327.33
894 320.67
895 318.67
896 377.33
897 364.00
898 332.00
899 443.33
900 421.33
901 336.00
902 320.00
903 332.67
904 208.00
905 322.67
906 236.00
907 460.00
908 259.33
909 326.00
910 186.67
911 308.00
912 353.33
913 257.33
914 353.33
915 324.67
916 308.67
917 322.00
918 335.33
919 307.33
920 310.00
921 320.67
922 316.67
923 340.00
924 245.33
925 356.00
926 335.33
927 309.33
928 300.00
929 353.33
930 282.00
931 326.00
932 300.00
933 332.67
934 312.67
935 328.00
936 405.33
937 218.67
938 217.33
939 206.00
940 276.00
941 334.67
942 366.67
943 320.67
944 277.33
945 258.67
946 306.00
947 298.00
948 455.33
949 318.67
950 312.00
951 314.00
952 312.67
953 328.00
954 336.00
955 289.33
956 330.67
957 298.67
958 246.67
959 190.00
960 296.00
961 316.67
962 282.67
963 340.67
964 418.67
965 294.67
966 318.00
967 356.67
968 336.67
969 457.33
970 250.00
971 336.67
972 343.33
973 357.33
974 343.33
975 283.33
976 366.00
977 436.00
978 265.33
979 366.00
980 333.33
981 308.67
982 322.67
983 326.00
984 282.00
985 416.00
986 295.33
987 328.67
988 310.67
989 389.33
990 372.00
991 264.67
992 234.00
993 316.67
994 303.33
995 312.67
996 311.33
997 316.67
998 280.00
999 319.33
1000 336.67
1001 379.33
1002 318.67
1003 392.67
1004 355.33
1005 331.33
1006 325.33
1007 314.67
1008 321.33
1009 323.33
1010 333.33
1011 296.67
1012 370.00
1013 206.00
1014 328.67
1015 302.00
1016 300.67
1017 313.33
1018 394.67
1019 443.33
1020 348.00
1021 370.67
1022 381.33
1023 328.67
1024 445.33
1025 397.33
1026 290.67
1027 376.67
1028 350.00
1029 330.67
1030 329.33
1031 336.00
1032 324.00
1033 328.00
1034 280.67
1035 341.33
1036 312.67
1037 325.33
1038 210.67
1039 318.67
1040 302.67
1041 324.00
1042 391.33
1043 230.67
1044 330.67
1045 299.33
1046 330.67
1047 334.67
1048 341.33
1049 233.33
1050 322.00
1051 424.67
1052 334.00
1053 334.00
1054 337.33
1055 324.67
1056 322.00
1057 289.33
1058 290.00
1059 413.33
1060 316.67
1061 304.00
1062 308.67
1063 446.67
1064 423.33
1065 309.33
1066 222.00
1067 302.00
1068 220.00
1069 345.33
1070 332.00
1071 444.67
1072 276.00
1073 310.67
1074 342.67
1075 334.00
1076 329.33
1077 448.67
1078 379.33
1079 409.33
1080 400.00
1081 345.33
1082 444.00
1083 211.33
1084 444.67
1085 320.00
1086 344.67
1087 328.00
1088 337.33
1089 272.67
1090 334.67
1091 320.67
1092 338.00
1093 319.33
1094 318.00
1095 302.67
1096 312.00
1097 330.00
1098 322.00
1099 430.00
1100 350.67
1101 335.33
1102 330.67
1103 320.67
1104 344.67
1105 338.00
1106 329.33
1107 302.67
1108 346.67
1109 431.33
1110 332.67
1111 324.00
1112 353.33
1113 330.67
1114 278.67
1115 325.33
1116 216.00
1117 312.00
1118 218.00
1119 321.33
1120 392.00
1121 453.33
1122 330.67
1123 210.67
1124 203.33
1125 390.67
1126 408.67
1127 331.33
1128 240.67
1129 331.33
1130 403.33
1131 287.33
1132 346.67
1133 230.00
1134 332.67
1135 366.00
1136 272.00
1137 329.33
1138 345.33
1139 426.67
1140 354.00
1141 470.67
1142 398.00
1143 312.00
1144 338.67
1145 302.67
1146 271.33
1147 336.00
1148 319.33
1149 370.67
1150 311.33
1151 272.00
1152 426.67
1153 339.33
1154 399.33
1155 325.33
1156 330.00
1157 383.33
1158 222.67
1159 335.33
1160 326.00
1161 381.33
1162 437.33
1163 340.67
1164 299.33
1165 342.67
1166 328.67
1167 318.67
1168 369.33
1169 360.67
1170 319.33
1171 432.00
1172 320.00
1173 318.67
1174 351.33
1175 340.67
1176 411.33
1177 296.67
1178 208.67
1179 330.00
1180 354.67
1181 340.67
1182 443.33
1183 455.33
1184 412.67
1185 421.33
1186 327.33
1187 296.67
1188 316.00
1189 357.33
1190 340.67
1191 353.33
1192 332.00
1193 321.33
1194 336.67
1195 343.33
1196 312.00
1197 376.67
1198 395.33
1199 334.00
1200 440.67
1201 372.00
1202 193.33
1203 398.67
1204 349.33
1205 300.00
1206 220.00
1207 448.67
1208 322.67
1209 247.33
1210 338.00
1211 326.00
1212 446.00
1213 373.33
1214 288.00
1215 337.33
1216 299.33
1217 352.00
1218 199.33
1219 328.00
1220 238.00
1221 406.67
1222 378.67
1223 338.00
1224 174.67
1225 450.67
1226 258.67
1227 314.67
1228 225.33
1229 321.33
1230 328.00
1231 317.33
1232 298.00
1233 418.67
1234 313.33
1235 419.33
1236 376.00
1237 331.33
1238 405.33
1239 350.00
1240 329.33
1241 332.67
1242 354.00
1243 346.00
1244 324.00
1245 391.33
1246 218.67
1247 317.33
1248 339.33
1249 342.00
1250 380.00
1251 398.67
1252 378.67
1253 266.67
1254 332.00
1255 310.00
1256 340.00
1257 259.33
1258 340.00
1259 246.00
1260 198.67
1261 444.00
1262 321.33
1263 330.00
1264 312.67
1265 343.33
1266 322.00
1267 327.33
1268 378.00
1269 371.33
1270 388.00
1271 328.67
1272 254.00
1273 380.67
1274 331.33
1275 260.00
1276 332.67
1277 344.00
1278 438.67
1279 332.67
1280 350.67
1281 332.00
1282 384.00
1283 331.33
1284 439.33
1285 359.33
1286 332.67
1287 216.67
1288 385.33
1289 200.67
1290 342.00
1291 451.33
1292 306.00
1293 204.00
1294 344.67
1295 446.00
1296 332.67
1297 360.00
1298 350.67
1299 357.33
1300 323.33
1301 259.33
1302 359.33
1303 316.00
1304 306.67
1305 368.67
1306 268.67
1307 445.33
1308 336.00
1309 312.00
1310 403.33
1311 361.33
1312 256.00
1313 423.33
1314 326.00
1315 354.67
1316 346.00
1317 303.33
1318 341.33
1319 369.33
1320 350.00
1321 319.33
1322 383.33
1323 273.33
1324 366.00
1325 301.33
1326 219.33
1327 368.00
1328 354.00
1329 236.67
1330 334.67
1331 354.67
1332 340.67
1333 341.33
1334 329.33
1335 337.33
1336 334.00
1337 226.00
1338 315.33
1339 373.33
1340 318.00
1341 305.33
1342 268.67
1343 439.33
1344 342.67
1345 366.67
1346 307.33
1347 350.67
1348 425.33
1349 366.00
1350 329.33
1351 354.67
1352 218.67
1353 362.00
1354 366.67
1355 344.00
1356 347.33
1357 305.33
1358 253.33
1359 322.67
1360 231.33
1361 316.67
1362 248.00
1363 312.67
1364 330.67
1365 300.00
1366 335.33
1367 333.33
1368 328.00
1369 392.00
1370 412.67
1371 389.33
1372 341.33
1373 341.33
1374 435.33
1375 388.00
1376 324.67
1377 388.00
1378 322.67
1379 360.67
1380 255.33
1381 272.00
1382 323.33
1383 280.67
1384 315.33
1385 438.00
1386 360.67
1387 270.67
1388 310.00
1389 421.33
1390 429.33
1391 319.33
1392 238.67
1393 327.33
1394 263.33
1395 403.33
1396 447.33
1397 448.67
1398 318.67
1399 291.33
1400 353.33
1401 346.00
1402 438.00
1403 375.33
1404 349.33
1405 236.67
1406 422.00
1407 412.00
1408 355.33
1409 361.33
1410 316.00
1411 421.33
1412 373.33
1413 338.67
1414 238.67
1415 366.67
1416 364.00
1417 380.00
1418 330.67
1419 300.67
1420 348.00
1421 289.33
1422 365.33
1423 343.33
1424 339.33
1425 240.00
1426 308.67
1427 337.33
1428 356.00
1429 346.00
1430 348.67
1431 398.00
1432 373.33
1433 357.33
1434 350.00
1435 390.00
1436 444.67
1437 219.33
1438 378.00
1439 345.33
1440 301.33
1441 316.00
1442 440.00
1443 227.33
1444 277.33
1445 366.00
1446 351.33
1447 375.33
1448 432.00
1449 377.33
1450 353.33
1451 328.67
1452 307.33
1453 444.67
1454 341.33
1455 348.67
1456 354.00
1457 258.67
1458 342.67
1459 248.00
1460 346.67
1461 278.67
1462 365.33
1463 347.33
1464 406.67
1465 346.00
1466 351.33
1467 362.00
1468 320.00
1469 324.00
1470 381.33
1471 224.67
1472 359.33
1473 295.33
1474 325.33
1475 388.00
1476 444.00
1477 351.33
1478 352.00
1479 353.33
1480 270.00
1481 260.00
1482 257.33
1483 335.33
1484 345.33
1485 342.00
1486 441.33
1487 328.67
1488 356.67
1489 350.67
1490 340.00
1491 380.00
1492 338.00
1493 367.33
1494 420.67
1495 355.33
1496 353.33
1497 438.00
1498 462.00
1499 418.67
1500 338.00
1501 331.33
1502 326.67
1503 396.00
1504 338.00
1505 357.33
1506 354.67
1507 331.33
1508 234.00
1509 368.67
1510 366.67
1511 388.00
1512 246.00
1513 352.00
1514 379.33
1515 334.00
1516 236.00
1517 254.00
1518 270.67
1519 326.00
1520 343.33
1521 245.33
1522 327.33
1523 326.00
1524 345.33
1525 331.33
1526 375.33
1527 348.67
1528 324.67
1529 250.00
1530 334.00
1531 444.67
1532 334.67
1533 340.67
1534 433.33
1535 454.00
1536 338.00
1537 326.00
1538 420.67
1539 324.67
1540 364.00
1541 336.67
1542 362.00
1543 295.33
1544 361.33
1545 367.33
1546 340.00
1547 204.67
1548 332.00
1549 318.00
1550 421.33
1551 437.33
1552 338.67
1553 376.67
1554 244.00
1555 370.00
1556 322.00
1557 439.33
1558 258.00
1559 352.00
1560 339.33
1561 325.33
1562 334.67
1563 356.00
1564 413.33
1565 337.33
1566 342.67
1567 364.00
1568 390.00
1569 325.33
1570 337.33
1571 383.33
1572 344.00
1573 210.67
1574 338.00
1575 430.67
1576 419.33
1577 347.33
1578 289.33
1579 334.67
1580 427.33
1581 346.00
1582 323.33
1583 322.00
1584 303.33
1585 355.33
1586 227.33
1587 394.00
1588 333.33
1589 297.33
1590 336.00
1591 362.67
1592 457.33
1593 353.33
1594 374.00
1595 444.67
1596 335.33
1597 344.00
1598 361.33
1599 298.00
1600 346.00
1601 359.33
1602 372.67
1603 378.00
1604 348.00
1605 480.00
1606 326.67
1607 312.67
1608 365.33
1609 339.33
1610 366.67
1611 404.00
1612 439.33
1613 355.33
1614 382.00
1615 366.67
1616 356.67
1617 357.33
1618 334.00
1619 337.33
1620 341.33
1621 442.00
1622 332.00
1623 226.00
1624 331.33
1625 382.00
1626 354.00
1627 386.00
1628 412.00
1629 311.33
1630 335.33
1631 204.00
1632 348.00
1633 435.33
1634 376.00
1635 321.33
1636 356.00
1637 331.33
1638 422.00
1639 452.67
1640 478.67
1641 401.33
1642 358.67
1643 442.00
1644 318.00
1645 351.33
1646 352.67
1647 329.33
1648 357.33
1649 262.00
1650 272.00
1651 342.67
1652 256.00
1653 344.00
1654 403.33
1655 215.33
1656 373.33
1657 337.33
1658 332.67
1659 346.67
1660 362.00
1661 350.00
1662 442.00
1663 236.67
1664 242.67
1665 317.33
1666 260.00
1667 223.33
1668 348.67
1669 366.00
1670 311.33
1671 454.00
1672 338.67
1673 459.33
1674 271.33
1675 351.33
1676 337.33
1677 326.00
1678 468.00
1679 263.33
1680 425.33
1681 276.00
1682 360.67
1683 400.00
1684 366.00
1685 396.67
1686 344.00
1687 355.33
1688 434.67
1689 435.33
1690 418.00
1691 458.67
1692 212.00
1693 444.67
1694 332.67
1695 471.33
1696 336.00
1697 422.00
1698 356.00
1699 449.33
1700 332.67
1701 369.33
1702 337.33
1703 376.00
1704 334.67
1705 369.33
1706 198.67
1707 346.00
1708 412.00
1709 344.67
1710 262.67
1711 422.00
1712 310.67
1713 368.67
1714 357.33
1715 446.00
1716 357.33
1717 308.00
1718 332.00
1719 360.67
1720 306.67
1721 366.00
1722 257.33
1723 306.67
1724 405.33
1725 382.67
1726 267.33
1727 412.67
1728 356.67
1729 349.33
1730 394.67
1731 324.67
1732 326.67
1733 396.67
1734 327.33
1735 370.00
1736 358.67
1737 272.67
1738 356.00
1739 354.00
1740 317.33
1741 450.00
1742 235.33
1743 427.33
1744 438.67
1745 340.00
1746 315.33
1747 337.33
1748 441.33
1749 328.00
1750 374.00
1751 342.67
1752 353.33
1753 271.33
1754 381.33
1755 352.00
1756 342.67
1757 316.67
1758 306.00
1759 188.67
1760 203.33
1761 380.67
1762 388.00
1763 220.67
1764 334.67
1765 337.33
1766 374.67
1767 304.67
1768 326.00
1769 340.00
1770 444.00
1771 403.33
1772 210.00
1773 303.33
1774 214.00
1775 302.00
1776 350.67
1777 358.00
1778 320.00
1779 382.00
1780 449.33
1781 366.00
1782 340.00
1783 361.33
1784 226.00
1785 325.33
1786 362.67
1787 346.00
1788 433.33
1789 331.33
1790 348.00
1791 413.33
1792 382.00
1793 330.00
1794 342.67
1795 360.00
1796 373.33
1797 408.00
1798 335.33
1799 354.67
1800 371.33
1801 381.33
1802 377.33
1803 311.33
1804 441.33
1805 224.00
1806 340.00
1807 356.67
1808 350.67
1809 424.67
1810 357.33
1811 371.33
1812 363.33
1813 338.00
1814 362.00
1815 360.00
1816 387.33
1817 347.33
1818 352.00
1819 354.67
1820 366.00
1821 344.00
1822 335.33
1823 368.67
1824 355.33
1825 336.67
1826 453.33
1827 344.67
1828 291.33
1829 223.33
1830 442.67
1831 230.67
1832 316.67
1833 298.00
1834 280.00
1835 335.33
1836 298.00
1837 200.00
1838 320.00
1839 337.33
1840 335.33
1841 242.67
1842 336.67
1843 436.67
1844 221.33
1845 316.00
1846 385.33
1847 346.00
1848 459.33
1849 268.67
1850 451.33
1851 360.67
1852 342.00
1853 350.67
1854 322.00
1855 388.00
1856 320.00
1857 296.67
1858 280.67
1859 246.00
1860 345.33
1861 230.67
1862 340.00
1863 318.00
1864 350.67
1865 260.00
1866 350.00
1867 321.33
1868 336.00
1869 193.33
1870 400.67
1871 343.33
1872 349.33
1873 225.33
1874 340.67
1875 333.33
1876 322.00
1877 347.33
1878 270.00
1879 234.67
1880 304.67
1881 310.67
1882 324.67
1883 390.00
1884 320.00
1885 273.33
1886 282.67
1887 318.67
1888 342.00
1889 344.67
1890 374.00
1891 373.33
1892 308.00
1893 314.00
1894 342.00
1895 378.00
1896 264.00
1897 332.67
1898 322.67
1899 334.00
1900 370.00
1901 374.67
1902 367.33
1903 361.33
1904 203.33
1905 285.33
1906 393.33
1907 270.00
1908 344.67
1909 209.33
1910 423.33
1911 351.33
1912 344.00
1913 220.00
1914 356.67
1915 391.33
1916 259.33
1917 438.00
1918 402.67
1919 314.67
1920 302.00
1921 323.33
1922 340.00
1923 329.33
1924 336.67
1925 374.00
1926 340.67
1927 358.67
1928 225.33
1929 333.33
1930 378.67
1931 317.33
1932 331.33
1933 319.33
1934 245.33
1935 322.67
1936 309.33
1937 218.67
1938 356.00
1939 320.00
1940 360.00
1941 338.00
1942 372.00
1943 400.67
1944 250.67
1945 246.00
1946 453.33
1947 342.67
1948 324.00
1949 430.67
1950 362.00
1951 280.67
1952 434.00
1953 330.00
1954 346.00
1955 326.67
1956 403.33
1957 365.33
1958 238.00
1959 208.00
1960 277.33
1961 320.00
1962 373.33
1963 364.67
1964 350.00
1965 462.00
1966 358.00
1967 226.00
1968 197.33
1969 475.33
1970 392.00
1971 339.33
1972 367.33
1973 371.33
1974 376.00
1975 362.00
1976 253.33
1977 377.33
1978 364.00
1979 235.33
1980 378.67
1981 356.67
1982 336.67
1983 370.00
1984 353.33
1985 382.00
1986 362.00
1987 377.33
1988 302.00
1989 226.67
1990 375.33
1991 349.33
1992 342.00
1993 358.67
1994 367.33
1995 362.00
1996 270.00
1997 344.67
1998 370.67
1999 354.67
2000 314.67
2001 246.00
2002 343.33
2003 442.00
2004 329.33
2005 322.67
2006 246.00
2007 448.00
2008 260.00
2009 338.00
2010 330.00
2011 330.67
2012 337.33
2013 362.00
2014 348.67
2015 363.33
2016 358.67
2017 248.67
2018 368.00
2019 236.00
2020 340.00
2021 349.33
2022 379.33
2023 428.00
2024 318.67
2025 314.00
2026 465.33
2027 324.67
2028 278.67
2029 330.67
2030 384.67
2031 339.33
2032 291.33
2033 314.67
2034 321.33
2035 338.00
2036 354.67
2037 389.33
2038 352.00
2039 376.00
2040 412.00
2041 354.00
2042 352.00
2043 364.00
2044 333.33
2045 354.00
2046 412.67
2047 239.33
2048 364.00
2049 364.67
2050 372.00
2051 365.33
2052 333.33
2053 370.00
2054 406.67
2055 304.00
2056 344.67
2057 425.33
2058 356.00
2059 357.33
2060 360.67
2061 362.67
2062 379.33
2063 372.67
2064 307.33
2065 433.33
2066 446.67
2067 352.67
2068 364.67
2069 431.33
2070 335.33
2071 339.33
2072 351.33
2073 361.33
2074 347.33
2075 274.00
2076 368.67
2077 261.33
2078 368.67
2079 294.00
2080 351.33
2081 222.67
2082 369.33
2083 269.33
2084 307.33
2085 287.33
2086 338.00
2087 450.67
2088 384.00
2089 415.33
2090 373.33
2091 361.33
2092 296.67
2093 372.00
2094 416.67
2095 331.33
2096 429.33
2097 270.00
2098 376.00
2099 431.33
2100 325.33
2101 336.67
2102 399.33
2103 346.00
2104 390.67
2105 396.67
2106 316.00
2107 460.00
2108 238.67
2109 348.00
2110 443.33
2111 372.67
2112 346.00
2113 353.33
2114 362.00
2115 342.00
2116 240.00
2117 324.67
2118 270.00
2119 353.33
2120 334.67
2121 370.67
2122 314.67
2123 302.00
2124 326.00
2125 239.33
2126 327.33
2127 314.67
2128 353.33
2129 216.67
2130 402.00
2131 279.33
2132 372.67
2133 344.00
2134 332.67
2135 329.33
2136 270.67
2137 334.67
2138 350.00
2139 416.00
2140 300.00
2141 271.33
2142 312.67
2143 337.33
2144 404.00
2145 386.67
2146 219.33
2147 302.00
2148 392.00
2149 313.33
2150 442.67
2151 303.33
2152 350.67
2153 213.33
2154 297.33
2155 383.33
2156 244.67
2157 403.33
2158 365.33
2159 448.00
2160 321.33
2161 312.00
2162 395.33
2163 328.67
2164 342.67
2165 333.33
2166 326.00
2167 278.67
2168 336.67
2169 418.67
2170 328.67
2171 222.00
2172 330.67
2173 258.00
2174 324.00
2175 386.00
2176 328.67
2177 352.00
2178 350.00
2179 236.67
2180 280.67
2181 384.00
2182 344.00
2183 261.33
2184 306.67
2185 336.67
2186 352.00
2187 342.67
2188 306.00
2189 327.33
2190 352.67
2191 452.00
2192 312.67
2193 296.00
2194 342.00
2195 290.67
2196 214.67
2197 318.67
2198 366.67
2199 354.67
2200 274.67
2201 365.33
2202 362.00
2203 283.33
2204 351.33
2205 317.33
2206 291.33
2207 346.67
2208 312.67
2209 239.33
2210 273.33
2211 315.33
2212 289.33
2213 454.00
2214 310.67
2215 440.67
2216 246.67
2217 222.67
2218 340.00
2219 301.33
2220 246.00
2221 304.67
2222 279.33
2223 292.00
2224 308.00
2225 290.67
2226 430.00
2227 302.67
2228 275.33
2229 310.67
2230 308.00
2231 266.67
2232 315.33
2233 298.67
2234 306.67
2235 426.67
2236 462.00
2237 321.33
2238 248.00
2239 346.00
2240 318.67
2241 306.00
2242 312.67
2243 315.33
2244 349.33
2245 308.67
2246 231.33
2247 310.67
2248 296.00
2249 370.00
2250 387.33
2251 364.00
2252 299.33
2253 344.00
2254 337.33
2255 323.33
2256 323.33
2257 344.67
2258 332.00
2259 368.67
2260 317.33
2261 362.67
2262 353.33
2263 327.33
2264 385.33
2265 332.00
2266 408.00
2267 315.33
2268 412.00
2269 340.00
2270 388.00
2271 338.00
2272 348.67
2273 338.67
2274 341.33
2275 455.33
2276 373.33
2277 324.67
2278 339.33
2279 325.33
2280 413.33
2281 331.33
2282 346.67
2283 398.00
2284 336.67
2285 440.00
2286 438.67
2287 316.67
2288 356.00
2289 356.67
2290 372.67
2291 364.67
2292 400.67
2293 354.00
2294 351.33
2295 458.00
2296 365.33
2297 355.33
2298 342.67
2299 358.67
2300 336.00
2301 381.33
2302 352.67
2303 255.33
2304 367.33
2305 366.00
2306 351.33
2307 430.67
2308 461.33
2309 213.33
2310 333.33
2311 204.00
2312 342.67
2313 361.33
2314 346.67
2315 358.67
2316 366.00
2317 264.00
2318 370.00
2319 357.33
2320 419.33
2321 344.00
2322 282.00
2323 341.33
2324 358.67
2325 376.00
2326 330.00
2327 416.67
2328 240.67
2329 388.67
2330 322.67
2331 303.33
2332 358.00
2333 334.67
2334 462.00
2335 370.00
2336 352.00
2337 348.00
2338 405.33
2339 406.67
2340 353.33
2341 386.67
2342 363.33
2343 236.00
2344 361.33
2345 380.00
2346 336.67
2347 330.00
2348 368.00
2349 326.00
2350 361.33
2351 414.67
2352 290.00
2353 428.67
2354 354.00
2355 336.67
2356 322.00
2357 322.67
2358 314.00
2359 360.00
2360 414.00
2361 272.67
2362 307.33
2363 356.00
2364 256.00
2365 268.00
2366 250.00
2367 358.67
2368 376.67
2369 346.67
2370 450.67
2371 369.33
2372 382.00
2373 332.00
2374 399.33
2375 238.00
2376 362.67
2377 362.00
2378 350.00
2379 319.33
2380 334.00
2381 393.33
2382 415.33
2383 327.33
2384 308.00
2385 382.00
2386 326.00
2387 347.33
2388 330.67
2389 327.33
2390 350.67
2391 364.00
2392 323.33
2393 419.33
2394 425.33
2395 410.00
2396 265.33
2397 361.33
2398 312.67
2399 350.67
2400 346.00
2401 378.00
2402 400.67
2403 422.00
2404 356.00
2405 406.00
2406 344.67
2407 439.33
2408 444.67
2409 404.00
2410 392.67
2411 276.00
2412 442.00
2413 312.00
2414 334.67
2415 352.67
2416 318.67
2417 429.33
2418 348.67
2419 350.00
2420 331.33
2421 406.67
2422 390.67
2423 356.00
2424 296.00
2425 340.00
2426 398.00
2427 374.00
2428 357.33
2429 397.33
2430 338.00
2431 437.33
2432 428.00
2433 416.00
2434 373.33
2435 368.00
2436 466.00
2437 320.67
2438 337.33
2439 360.67
2440 473.33
2441 430.67
2442 338.00
2443 426.67
2444 183.33
2445 227.33
2446 322.00
2447 368.67
2448 446.00
2449 342.00
2450 342.67
2451 258.67
2452 337.33
2453 352.00
2454 342.00
2455 340.00
2456 348.67
2457 325.33
2458 234.67
2459 321.33
2460 343.33
2461 328.67
2462 291.33
2463 305.33
2464 443.33
2465 318.00
2466 332.00
2467 213.33
2468 439.33
2469 352.67
2470 288.00
2471 340.67
2472 327.33
2473 342.67
2474 459.33
2475 322.67
2476 340.00
2477 470.00
2478 330.67
2479 319.33
2480 346.67
2481 336.67
2482 359.33
2483 374.67
2484 251.33
2485 196.67
2486 402.00
2487 386.00
2488 312.00
2489 346.00
2490 333.33
2491 318.00
2492 419.33
2493 339.33
2494 314.00
2495 330.00
2496 429.33
2497 359.33
2498 377.33
2499 352.00
2500 338.00
2501 390.00
2502 334.00
2503 210.67
2504 347.33
2505 368.00
2506 444.00
2507 342.00
2508 362.67
2509 334.67
2510 380.67
2511 334.00
2512 358.67
2513 350.00
2514 450.67
2515 332.67
2516 266.00
2517 330.00
2518 440.67
2519 427.33
2520 352.67
2521 436.67
2522 455.33
2523 232.67
2524 410.67
2525 414.67
2526 446.67
2527 358.67
2528 340.67
2529 351.33
2530 260.00
2531 322.00
2532 428.00
2533 318.67
2534 318.67
2535 331.33
2536 441.33
2537 354.00
2538 382.00
2539 356.00
2540 350.67
2541 357.33
2542 372.67
2543 334.00
2544 364.67
2545 354.00
2546 366.67
2547 430.67
2548 355.33
2549 186.67
2550 362.67
2551 350.67
2552 399.33
2553 303.33
2554 230.67
2555 326.00
2556 342.00
2557 354.67
2558 436.67
2559 278.67
2560 366.67
2561 390.00
2562 364.00
2563 349.33
2564 366.67
2565 332.00
2566 328.67
2567 430.00
2568 311.33
2569 357.33
2570 417.33
2571 248.00
2572 346.67
2573 333.33
2574 335.33
2575 400.67
2576 364.00
2577 240.00
2578 325.33
2579 364.00
2580 330.00
2581 246.67
2582 229.33
2583 358.67
2584 327.33
2585 295.33
2586 359.33
2587 292.00
2588 326.00
2589 186.00
2590 393.33
2591 330.67
2592 341.33
2593 356.00
2594 384.67
2595 313.33
2596 334.67
2597 364.00
2598 344.67
2599 220.00
2600 319.33
2601 367.33
2602 410.67
2603 368.00
2604 413.33
2605 197.33
2606 307.33
2607 407.33
2608 434.67
2609 325.33
2610 387.33
2611 370.67
2612 354.67
2613 368.67
2614 374.00
2615 365.33
2616 186.00
2617 439.33
2618 358.67
2619 466.67
2620 327.33
2621 384.00
2622 336.00
2623 429.33
2624 313.33
2625 349.33
2626 318.67
2627 376.00
2628 344.67
2629 360.67
2630 374.00
2631 268.67
2632 393.33
2633 442.00
2634 229.33
2635 356.67
2636 346.67
2637 316.67
2638 322.00
2639 340.67
2640 344.00
2641 392.67
2642 374.00
2643 368.00
2644 333.33
2645 315.33
2646 358.00
2647 324.00
2648 344.67
2649 289.33
2650 364.00
2651 388.00
2652 342.67
2653 436.67
2654 375.33
2655 352.00
2656 322.67
2657 368.00
2658 267.33
2659 368.00
2660 294.67
2661 439.33
2662 360.67
2663 417.33
2664 382.00
2665 384.67
2666 363.33
2667 354.67
2668 436.00
2669 454.67
2670 344.67
2671 400.00
2672 368.67
2673 472.00
2674 329.33
2675 372.00
2676 278.00
2677 320.67
2678 307.33
2679 288.67
2680 354.00
2681 368.00
2682 454.00
2683 480.00
2684 366.67
2685 413.33
2686 342.67
2687 251.33
2688 312.00
2689 252.00
2690 362.00
2691 337.33
2692 362.00
2693 376.67
2694 360.67
2695 335.33
2696 362.67
2697 334.67
2698 320.00
2699 352.67
2700 361.33
2701 376.67
2702 354.00
2703 356.67
2704 192.00
2705 414.00
2706 339.33
2707 370.67
2708 332.67
2709 306.00
2710 396.00
2711 232.67
2712 356.67
2713 394.00
2714 310.00
2715 395.33
2716 385.33
2717 320.67
2718 327.33
2719 471.33
2720 380.00
2721 400.00
2722 348.00
2723 278.67
2724 349.33
2725 361.33
2726 216.00
2727 242.67
2728 291.33
2729 373.33
2730 372.67
2731 429.33
2732 376.67
2733 354.00
2734 266.00
2735 355.33
2736 349.33
2737 359.33
2738 292.00
2739 340.67
2740 362.67
2741 348.67
2742 378.00
2743 343.33
2744 236.00
2745 373.33
2746 356.00
2747 374.00
2748 429.33
2749 436.67
2750 372.67
2751 348.00
2752 324.00
2753 299.33
2754 354.00
2755 354.67
2756 357.33
2757 344.67
2758 429.33
2759 222.67
2760 388.67
2761 414.67
2762 225.33
2763 389.33
2764 337.33
2765 340.00
2766 359.33
2767 270.67
2768 378.00
2769 320.67
2770 320.67
2771 329.33
2772 354.00
2773 366.67
2774 416.00
2775 336.00
2776 380.00
2777 293.33
2778 362.67
2779 378.67
2780 350.00
2781 344.67
2782 363.33
2783 350.00
2784 218.00
2785 438.00
2786 421.33
2787 344.67
2788 348.67
2789 328.00
2790 303.33
2791 364.67
2792 350.00
2793 336.67
2794 351.33
2795 395.33
2796 420.00
2797 246.67
2798 326.67
2799 315.33
2800 242.00
2801 363.33
2802 387.33
2803 356.00
2804 342.67
2805 344.00
2806 358.67
2807 408.00
2808 326.00
2809 436.00
2810 315.33
2811 362.00
2812 416.00
2813 404.67
2814 450.00
2815 370.00
2816 430.00
2817 365.33
2818 335.33
2819 440.67
2820 384.00
2821 453.33
2822 370.67
2823 343.33
2824 333.33
2825 357.33
2826 435.33
2827 346.67
2828 228.67
2829 362.00
2830 247.33
2831 354.67
2832 342.67
2833 354.00
2834 451.33
2835 452.67
2836 346.67
2837 346.00
2838 323.33
2839 346.67
2840 372.67
2841 347.33
2842 338.67
2843 338.00
2844 420.67
2845 347.33
2846 290.67
2847 307.33
2848 264.67
2849 318.00
2850 360.00
2851 322.67
2852 325.33
2853 342.00
2854 410.67
2855 435.33
2856 227.33
2857 372.67
2858 346.67
2859 339.33
2860 362.67
2861 322.00
2862 350.67
2863 396.67
2864 422.00
2865 237.33
2866 388.67
2867 378.67
2868 308.67
2869 348.00
2870 402.00
2871 378.67
2872 348.67
2873 362.67
2874 326.00
2875 440.67
2876 375.33
2877 325.33
2878 390.00
2879 326.67
2880 262.67
2881 300.00
2882 310.00
2883 347.33
2884 380.00
2885 340.00
2886 330.67
2887 340.00
2888 364.67
2889 410.67
2890 297.33
2891 222.00
2892 369.33
2893 355.33
2894 456.00
2895 373.33
2896 366.00
2897 346.00
2898 374.67
2899 308.00
2900 328.00
2901 357.33
2902 230.00
2903 379.33
2904 282.00
2905 408.67
2906 347.33
2907 430.67
2908 346.00
2909 217.33
2910 366.67
2911 364.67
2912 358.00
2913 336.67
2914 344.67
2915 364.67
2916 371.33
2917 336.00
2918 394.67
2919 285.33
2920 317.33
2921 364.67
2922 364.00
2923 280.67
2924 332.00
2925 366.00
2926 321.33
2927 260.67
2928 250.67
2929 328.00
2930 335.33
2931 327.33
2932 306.00
2933 436.67
2934 348.67
2935 444.67
2936 348.67
2937 364.00
2938 295.33
2939 346.67
2940 356.67
2941 353.33
2942 360.00
2943 331.33
2944 327.33
2945 331.33
2946 450.67
2947 276.67
2948 354.67
2949 312.67
2950 327.33
2951 416.67
2952 348.67
2953 396.00
2954 258.67
2955 333.33
2956 275.33
2957 331.33
2958 345.33
2959 310.67
2960 399.33
2961 379.33
2962 210.00
2963 356.67
2964 210.00
2965 326.67
2966 333.33
2967 346.67
2968 460.00
2969 336.00
2970 326.67
2971 324.00
2972 389.33
2973 418.00
2974 352.00
2975 334.67
2976 207.33
2977 327.33
2978 238.67
2979 361.33
2980 356.67
2981 340.67
2982 352.00
2983 359.33
2984 456.00
2985 254.00
2986 309.33
2987 365.33
2988 349.33
2989 356.67
2990 338.67
2991 326.67
2992 329.33
2993 330.00
2994 334.67
2995 357.33
2996 374.67
2997 388.67
2998 338.00
2999 346.67
