0 0.03
30 0.14
60 0.24
90 0.14
120 0.30
150 0.14
180 0.04
210 0.29
240 0.29
270 0.22
300 0.07
330 0.14
360 0.16
390 0.06
420 0.18
450 0.33
480 0.27
510 0.34
540 0.18
570 0.15
600 0.14
630 0.31
660 0.04
690 0.34
720 0.32
750 0.31
780 0.32
810 0.31
840 0.28
870 0.24
900 0.28
930 0.37
960 0.30
990 0.24
1020 0.25
1050 0.33
1080 0.32
1110 0.34
1140 0.23
1170 0.27
1200 0.28
1230 0.29
1260 0.31
1290 0.33
1320 0.35
1350 0.30
1380 0.34
1410 0.32
1440 0.30
1470 0.40
1500 0.35
1530 0.34
1560 0.41
1590 0.35
1620 0.37
1650 0.38
1680 0.37
1710 0.36
1740 0.37
1770 0.38
1800 0.38
1830 0.36
1860 0.35
1890 0.37
1920 0.36
1950 0.39
1980 0.38
2010 0.36
2040 0.36
2070 0.36
2100 0.33
2130 0.39
2160 0.31
2190 0.39
2220 0.39
2250 0.39
2280 0.37
2310 0.34
2340 0.35
2370 0.37
2400 0.29
2430 0.38
2460 0.39
2490 0.35
2520 0.41
2550 0.38
2580 0.37
2610 0.38
2640 0.38
2670 0.38
2700 0.39
2730 0.35
2760 0.39
2790 0.39
2820 0.39
2850 0.38
2880 0.36
2910 0.36
2940 0.39
2970 0.37
