0 0.49
1 0.49
2 -0.34
3 -0.29
4 0.49
5 -0.32
6 0.49
7 -0.36
8 -0.32
9 -0.26
10 0.49
11 -0.31
12 0.49
13 0.49
14 -0.34
15 0.49
16 0.49
17 -0.32
18 -0.32
19 0.49
20 0.49
21 -0.28
22 -0.28
23 0.49
24 -0.29
25 0.49
26 0.49
27 0.49
28 0.49
29 0.49
30 0.49
31 0.49
32 0.49
33 0.49
34 0.49
35 0.49
36 -0.29
37 0.49
38 0.49
39 -0.34
40 -0.31
41 0.49
42 0.49
43 0.49
44 -0.31
45 -0.31
46 0.49
47 0.49
48 0.49
49 0.49
50 -0.34
51 0.49
52 -0.34
53 -0.23
54 0.49
55 0.49
56 0.49
57 0.49
58 -0.28
59 -0.32
60 0.49
61 0.49
62 -0.36
63 0.49
64 0.49
65 0.49
66 0.49
67 0.49
68 -0.26
69 -0.32
70 0.49
71 -0.34
72 0.49
73 -0.25
74 0.49
75 -0.28
76 0.49
77 -0.32
78 0.49
79 -0.31
80 0.49
81 -0.25
82 0.49
83 0.49
84 -0.34
85 -0.36
86 0.49
87 -0.25
88 -0.34
89 0.49
90 0.49
91 0.49
92 -0.34
93 -0.31
94 -0.28
95 -0.32
96 -0.34
97 0.49
98 -0.36
99 0.49
100 0.49
101 0.49
102 -0.34
103 -0.34
104 0.49
105 0.49
106 -0.34
107 -0.29
108 0.49
109 0.49
110 -0.20
111 -0.34
112 0.49
113 0.49
114 0.49
115 0.49
116 0.49
117 -0.31
118 -0.34
119 0.49
120 0.49
121 -0.32
122 0.49
123 -0.36
124 0.49
125 -0.38
126 0.49
127 0.49
128 0.49
129 0.49
130 0.49
131 0.49
132 0.49
133 0.49
134 -0.29
135 0.49
136 -0.34
137 0.49
138 0.49
139 -0.31
140 0.49
141 -0.29
142 -0.29
143 0.49
144 0.49
145 -0.34
146 0.49
147 0.49
148 0.49
149 0.49
150 0.49
151 -0.32
152 0.49
153 0.49
154 -0.38
155 -0.24
156 -0.31
157 0.49
158 0.49
159 0.49
160 -0.32
161 -0.34
162 0.49
163 -0.36
164 -0.29
165 0.49
166 0.49
167 -0.29
168 0.49
169 -0.36
170 -0.32
171 0.49
172 0.49
173 -0.28
174 0.49
175 0.49
176 -0.32
177 -0.29
178 0.49
179 0.49
180 0.49
181 0.49
182 0.49
183 0.49
184 0.49
185 -0.31
186 0.49
187 -0.26
188 0.49
189 0.49
190 0.49
191 0.49
192 -0.31
193 0.49
194 0.49
195 -0.31
196 -0.36
197 0.49
198 -0.29
199 0.49
200 0.49
201 0.49
202 -0.34
203 -0.29
204 0.49
205 -0.32
206 0.49
207 0.40
208 0.44
209 0.44
210 0.49
211 0.36
212 0.49
213 0.49
214 -0.29
215 0.49
216 0.49
217 -0.32
218 -0.21
219 0.49
220 0.49
221 -0.28
222 -0.25
223 0.49
224 -0.24
225 0.49
226 0.49
227 0.49
228 0.49
229 0.49
230 0.49
231 0.49
232 0.49
233 0.49
234 0.49
235 0.49
236 0.44
237 0.49
238 0.49
239 -0.34
240 -0.31
241 0.49
242 0.49
243 0.49
244 -0.23
245 -0.24
246 0.49
247 0.49
248 0.49
249 0.49
250 0.32
251 0.49
252 0.26
253 0.40
254 0.49
255 0.49
256 0.49
257 0.49
258 -0.28
259 0.44
260 0.49
261 0.49
262 -0.26
263 0.49
264 0.49
265 0.49
266 0.49
267 0.49
268 0.44
269 0.44
270 0.49
271 -0.23
272 0.49
273 0.44
274 0.49
275 0.44
276 0.49
277 0.40
278 0.49
279 -0.31
280 0.49
281 -0.23
282 0.49
283 0.49
284 0.40
285 0.32
286 0.49
287 -0.25
288 -0.17
289 0.49
290 0.49
291 0.49
292 -0.31
293 -0.25
294 0.40
295 -0.29
296 -0.31
297 0.49
298 0.26
299 0.49
300 0.49
301 0.49
302 -0.25
303 0.32
304 0.49
305 0.49
306 -0.34
307 -0.29
308 0.49
309 0.49
310 -0.20
311 -0.20
312 0.49
313 0.49
314 0.49
315 0.49
316 0.49
317 0.40
318 0.36
319 0.49
320 0.49
321 0.44
322 0.49
323 -0.24
324 0.49
325 0.24
326 0.49
327 0.49
328 0.49
329 0.49
330 0.49
331 0.49
332 0.49
333 0.49
334 0.44
335 0.49
336 -0.28
337 0.49
338 0.49
339 0.32
340 0.49
341 0.36
342 0.40
343 0.49
344 0.49
345 -0.24
346 0.49
347 0.49
348 0.49
349 0.49
350 0.49
351 0.24
352 0.49
353 0.49
354 0.24
355 0.44
356 0.36
357 0.49
358 0.49
359 0.49
360 -0.32
361 0.44
362 0.49
363 -0.18
364 -0.24
365 0.49
366 0.49
367 0.44
368 0.49
369 -0.21
370 0.40
371 0.49
372 0.49
373 -0.28
374 0.49
375 0.49
376 -0.21
377 -0.29
378 0.49
379 0.49
380 0.49
381 0.49
382 0.49
383 0.49
384 0.49
385 0.44
386 0.49
387 0.40
388 0.49
389 0.49
390 0.49
391 0.49
392 -0.31
393 0.49
394 0.49
395 -0.18
396 -0.26
397 0.49
398 -0.23
399 0.49
400 0.42
401 0.42
402 0.34
403 0.34
404 0.42
405 0.34
406 0.42
407 0.36
408 0.34
409 0.34
410 0.42
411 0.36
412 0.38
413 0.42
414 0.32
415 0.42
416 0.42
417 0.34
418 0.36
419 0.42
420 0.34
421 0.34
422 0.28
423 0.34
424 0.36
425 0.42
426 0.42
427 0.42
428 0.42
429 0.42
430 0.42
431 0.42
432 0.42
433 0.36
434 0.38
435 0.42
436 0.34
437 0.31
438 0.42
439 0.34
440 0.32
441 0.42
442 0.38
443 0.42
444 0.36
445 0.36
446 0.36
447 0.42
448 0.42
449 0.38
450 0.36
451 0.42
452 0.36
453 0.36
454 0.42
455 0.32
456 0.38
457 0.42
458 0.31
459 0.34
460 0.38
461 0.42
462 0.36
463 0.34
464 0.38
465 0.42
466 0.42
467 0.34
468 0.34
469 0.34
470 0.42
471 0.36
472 0.42
473 0.32
474 0.31
475 0.34
476 0.42
477 0.36
478 0.42
479 0.32
480 0.42
481 0.29
482 0.42
483 0.42
484 0.36
485 0.36
486 0.38
487 0.29
488 0.36
489 0.42
490 0.38
491 0.42
492 0.32
493 0.36
494 0.36
495 0.32
496 0.32
497 0.42
498 0.36
499 0.34
500 0.42
501 0.42
502 0.36
503 0.36
504 0.38
505 0.38
506 0.34
507 0.31
508 0.42
509 0.36
510 0.16
511 0.36
512 0.42
513 0.42
514 0.42
515 0.42
516 0.42
517 0.36
518 0.36
519 0.42
520 0.42
521 0.34
522 0.36
523 0.36
524 0.38
525 0.36
526 0.36
527 0.42
528 0.42
529 0.38
530 0.38
531 0.42
532 0.42
533 0.38
534 0.34
535 0.36
536 0.36
537 0.42
538 0.42
539 0.36
540 0.42
541 0.36
542 0.36
543 0.42
544 0.38
545 0.36
546 0.42
547 0.42
548 0.42
549 0.32
550 0.42
551 0.36
552 0.42
553 0.38
554 0.36
555 0.34
556 0.36
557 0.38
558 0.42
559 0.42
560 0.32
561 0.34
562 0.42
563 0.36
564 0.36
565 0.32
566 0.42
567 0.34
568 0.42
569 0.36
570 0.36
571 0.42
572 0.42
573 0.32
574 0.34
575 0.42
576 0.36
577 0.34
578 0.42
579 0.42
580 0.38
581 0.42
582 0.42
583 0.29
584 0.42
585 0.34
586 0.42
587 0.36
588 0.32
589 0.42
590 0.42
591 0.38
592 0.34
593 0.42
594 0.34
595 0.36
596 0.36
597 0.38
598 0.36
599 0.42
600 0.49
601 0.49
602 -0.34
603 -0.29
604 0.49
605 -0.32
606 0.49
607 -0.36
608 -0.32
609 -0.26
610 0.49
611 -0.31
612 0.49
613 0.49
614 -0.34
615 0.49
616 0.49
617 -0.32
618 -0.32
619 0.49
620 0.49
621 -0.28
622 -0.28
623 0.49
624 -0.29
625 0.49
626 0.49
627 0.49
628 0.49
629 0.49
630 0.49
631 0.49
632 0.49
633 0.49
634 0.49
635 0.49
636 -0.29
637 0.49
638 0.49
639 -0.34
640 -0.31
641 0.49
642 0.49
643 0.49
644 -0.31
645 -0.31
646 0.49
647 0.49
648 0.49
649 0.49
650 -0.34
651 0.49
652 -0.34
653 -0.23
654 0.49
655 0.49
656 0.49
657 0.49
658 -0.28
659 -0.32
660 0.49
661 0.49
662 -0.36
663 0.49
664 0.49
665 0.49
666 0.49
667 0.49
668 -0.26
669 -0.32
670 0.49
671 -0.34
672 0.49
673 -0.25
674 0.49
675 -0.28
676 0.49
677 -0.32
678 0.49
679 -0.31
680 0.49
681 -0.25
682 0.49
683 0.49
684 -0.34
685 -0.36
686 0.49
687 -0.25
688 -0.34
689 0.49
690 0.49
691 0.49
692 -0.34
693 -0.31
694 -0.28
695 -0.32
696 -0.34
697 0.49
698 -0.36
699 0.49
700 0.49
701 0.49
702 -0.34
703 -0.34
704 0.49
705 0.49
706 -0.34
707 -0.29
708 0.49
709 0.49
710 -0.20
711 -0.34
712 0.49
713 0.49
714 0.49
715 0.49
716 0.49
717 -0.31
718 -0.34
719 0.49
720 0.49
721 -0.32
722 0.49
723 -0.36
724 0.49
725 -0.38
726 0.49
727 0.49
728 0.49
729 0.49
730 0.49
731 0.49
732 0.49
733 0.49
734 -0.29
735 0.49
736 -0.34
737 0.49
738 0.49
739 -0.31
740 0.49
741 -0.29
742 -0.29
743 0.49
744 0.49
745 -0.34
746 0.49
747 0.49
748 0.49
749 0.49
750 0.49
751 -0.32
752 0.49
753 0.49
754 -0.38
755 -0.24
756 -0.31
757 0.49
758 0.49
759 0.49
760 -0.32
761 -0.34
762 0.49
763 -0.36
764 -0.29
765 0.49
766 0.49
767 -0.29
768 0.49
769 -0.36
770 -0.32
771 0.49
772 0.49
773 -0.28
774 0.49
775 0.49
776 -0.32
777 -0.29
778 0.49
779 0.49
780 0.49
781 0.49
782 0.49
783 0.49
784 0.49
785 -0.31
786 0.49
787 -0.26
788 0.49
789 0.49
790 0.49
791 0.49
792 -0.31
793 0.49
794 0.49
795 -0.31
796 -0.36
797 0.49
798 -0.29
799 0.49
800 0.42
801 0.42
802 0.15
803 0.11
804 0.42
805 0.14
806 0.42
807 0.15
808 0.14
809 0.10
810 0.42
811 0.14
812 0.14
813 0.42
814 0.15
815 0.42
816 0.42
817 0.14
818 0.15
819 0.42
820 0.11
821 0.12
822 0.12
823 0.14
824 0.12
825 0.42
826 0.42
827 0.42
828 0.42
829 0.42
830 0.42
831 0.42
832 0.42
833 0.16
834 0.14
835 0.42
836 0.10
837 0.14
838 0.42
839 0.14
840 0.13
841 0.42
842 0.14
843 0.42
844 0.13
845 0.13
846 0.14
847 0.42
848 0.42
849 0.16
850 0.15
851 0.42
852 0.16
853 0.10
854 0.42
855 0.14
856 0.14
857 0.42
858 0.12
859 0.14
860 0.13
861 0.42
862 0.15
863 0.14
864 0.14
865 0.42
866 0.42
867 0.11
868 0.12
869 0.15
870 0.42
871 0.15
872 0.42
873 0.10
874 0.11
875 0.12
876 0.42
877 0.14
878 0.42
879 0.13
880 0.42
881 0.11
882 0.42
883 0.42
884 0.14
885 0.15
886 0.14
887 0.10
888 0.14
889 0.42
890 0.13
891 0.42
892 0.15
893 0.14
894 0.11
895 0.12
896 0.14
897 0.42
898 0.16
899 0.13
900 0.42
901 0.42
902 0.14
903 0.14
904 0.13
905 0.14
906 0.15
907 0.13
908 0.42
909 0.14
910 0.08
911 0.14
912 0.42
913 0.42
914 0.42
915 0.42
916 0.42
917 0.15
918 0.14
919 0.42
920 0.42
921 0.14
922 0.11
923 0.15
924 0.15
925 0.16
926 0.11
927 0.42
928 0.42
929 0.17
930 0.12
931 0.42
932 0.42
933 0.13
934 0.12
935 0.12
936 0.15
937 0.42
938 0.42
939 0.12
940 0.42
941 0.12
942 0.13
943 0.42
944 0.17
945 0.14
946 0.42
947 0.42
948 0.42
949 0.12
950 0.42
951 0.14
952 0.42
953 0.12
954 0.16
955 0.09
956 0.14
957 0.16
958 0.42
959 0.42
960 0.14
961 0.14
962 0.42
963 0.14
964 0.12
965 0.12
966 0.42
967 0.13
968 0.42
969 0.15
970 0.14
971 0.42
972 0.42
973 0.12
974 0.13
975 0.42
976 0.15
977 0.13
978 0.42
979 0.42
980 0.15
981 0.42
982 0.42
983 0.12
984 0.42
985 0.13
986 0.42
987 0.12
988 0.12
989 0.42
990 0.42
991 0.16
992 0.13
993 0.42
994 0.14
995 0.15
996 0.15
997 0.12
998 0.12
999 0.42
1000 0.25
1001 0.28
1002 0.25
1003 0.25
1004 0.25
1005 0.25
1006 0.23
1007 0.25
1008 0.25
1009 0.09
1010 0.25
1011 0.26
1012 0.09
1013 0.25
1014 0.25
1015 0.12
1016 0.11
1017 0.25
1018 0.12
1019 0.24
1020 0.23
1021 0.25
1022 0.23
1023 0.24
1024 0.23
1025 0.25
1026 0.14
1027 0.12
1028 0.23
1029 0.20
1030 0.23
1031 0.12
1032 0.25
1033 0.25
1034 0.25
1035 0.25
1036 0.25
1037 0.11
1038 0.28
1039 0.25
1040 0.24
1041 0.25
1042 0.23
1043 0.12
1044 0.24
1045 -0.34
1046 0.23
1047 0.25
1048 0.25
1049 0.25
1050 0.12
1051 0.25
1052 0.12
1053 0.25
1054 0.28
1055 0.11
1056 0.12
1057 0.24
1058 0.10
1059 0.25
1060 0.12
1061 0.25
1062 0.13
1063 0.25
1064 0.23
1065 0.25
1066 0.25
1067 0.10
1068 0.21
1069 0.25
1070 0.25
1071 0.12
1072 0.28
1073 0.09
1074 0.12
1075 0.25
1076 0.20
1077 0.12
1078 0.24
1079 0.24
1080 0.20
1081 0.21
1082 0.11
1083 0.12
1084 0.25
1085 0.13
1086 0.11
1087 0.09
1088 0.12
1089 0.25
1090 0.25
1091 0.21
1092 0.25
1093 0.26
1094 0.25
1095 0.25
1096 0.25
1097 -0.42
1098 0.13
1099 0.24
1100 0.10
1101 0.23
1102 0.26
1103 0.12
1104 0.11
1105 -0.34
1106 0.25
1107 0.23
1108 0.25
1109 0.25
1110 0.18
1111 0.12
1112 0.25
1113 0.12
1114 0.12
1115 0.23
1116 0.28
1117 0.25
1118 0.26
1119 0.12
1120 0.28
1121 0.25
1122 0.17
1123 0.13
1124 0.26
1125 0.14
1126 0.20
1127 0.25
1128 0.28
1129 0.14
1130 0.26
1131 0.28
1132 0.21
1133 0.15
1134 0.10
1135 0.24
1136 0.26
1137 0.28
1138 0.28
1139 0.11
1140 0.12
1141 0.26
1142 0.24
1143 -0.38
1144 0.13
1145 0.12
1146 0.25
1147 0.21
1148 0.28
1149 -0.31
1150 0.23
1151 0.12
1152 0.20
1153 0.10
1154 0.14
1155 0.20
1156 0.26
1157 0.26
1158 0.12
1159 -0.38
1160 0.24
1161 0.25
1162 0.24
1163 0.13
1164 0.23
1165 0.23
1166 0.20
1167 0.25
1168 0.25
1169 0.13
1170 0.24
1171 0.13
1172 0.12
1173 0.24
1174 0.20
1175 0.25
1176 0.12
1177 0.10
1178 0.14
1179 -0.38
1180 0.25
1181 0.25
1182 0.18
1183 0.20
1184 0.20
1185 0.25
1186 0.09
1187 0.25
1188 0.09
1189 0.13
1190 0.13
1191 0.26
1192 0.25
1193 0.12
1194 0.23
1195 0.11
1196 0.13
1197 0.23
1198 0.26
1199 0.24
1200 0.42
1201 0.42
1202 0.34
1203 0.34
1204 0.42
1205 0.34
1206 0.42
1207 0.36
1208 0.34
1209 0.34
1210 0.42
1211 0.36
1212 0.38
1213 0.42
1214 0.32
1215 0.42
1216 0.42
1217 0.34
1218 0.36
1219 0.42
1220 0.34
1221 0.34
1222 0.28
1223 0.34
1224 0.36
1225 0.42
1226 0.42
1227 0.42
1228 0.42
1229 0.42
1230 0.42
1231 0.42
1232 0.42
1233 0.36
1234 0.38
1235 0.42
1236 0.34
1237 0.31
1238 0.42
1239 0.34
1240 0.32
1241 0.42
1242 0.38
1243 0.42
1244 0.36
1245 0.36
1246 0.36
1247 0.42
1248 0.42
1249 0.38
1250 0.36
1251 0.42
1252 0.36
1253 0.36
1254 0.42
1255 0.32
1256 0.38
1257 0.42
1258 0.31
1259 0.34
1260 0.38
1261 0.42
1262 0.36
1263 0.34
1264 0.38
1265 0.42
1266 0.42
1267 0.34
1268 0.34
1269 0.34
1270 0.42
1271 0.36
1272 0.42
1273 0.32
1274 0.31
1275 0.34
1276 0.42
1277 0.36
1278 0.42
1279 0.32
1280 0.42
1281 0.29
1282 0.42
1283 0.42
1284 0.36
1285 0.36
1286 0.38
1287 0.29
1288 0.36
1289 0.42
1290 0.38
1291 0.42
1292 0.32
1293 0.36
1294 0.36
1295 0.32
1296 0.32
1297 0.42
1298 0.36
1299 0.34
1300 0.42
1301 0.42
1302 0.36
1303 0.36
1304 0.38
1305 0.38
1306 0.34
1307 0.31
1308 0.42
1309 0.36
1310 0.16
1311 0.36
1312 0.42
1313 0.42
1314 0.42
1315 0.42
1316 0.42
1317 0.36
1318 0.36
1319 0.42
1320 0.42
1321 0.34
1322 0.36
1323 0.36
1324 0.38
1325 0.36
1326 0.36
1327 0.42
1328 0.42
1329 0.38
1330 0.38
1331 0.42
1332 0.42
1333 0.38
1334 0.34
1335 0.36
1336 0.36
1337 0.42
1338 0.42
1339 0.36
1340 0.42
1341 0.36
1342 0.36
1343 0.42
1344 0.38
1345 0.36
1346 0.42
1347 0.42
1348 0.42
1349 0.32
1350 0.42
1351 0.36
1352 0.42
1353 0.38
1354 0.36
1355 0.34
1356 0.36
1357 0.38
1358 0.42
1359 0.42
1360 0.32
1361 0.34
1362 0.42
1363 0.36
1364 0.36
1365 0.32
1366 0.42
1367 0.34
1368 0.42
1369 0.36
1370 0.36
1371 0.42
1372 0.42
1373 0.32
1374 0.34
1375 0.42
1376 0.36
1377 0.34
1378 0.42
1379 0.42
1380 0.38
1381 0.42
1382 0.42
1383 0.29
1384 0.42
1385 0.34
1386 0.42
1387 0.36
1388 0.32
1389 0.42
1390 0.42
1391 0.38
1392 0.34
1393 0.42
1394 0.34
1395 0.36
1396 0.36
1397 0.38
1398 0.36
1399 0.42
1400 0.44
1401 0.44
1402 0.40
1403 0.40
1404 0.44
1405 0.40
1406 0.44
1407 0.34
1408 0.38
1409 0.38
1410 0.42
1411 0.31
1412 0.44
1413 0.44
1414 0.36
1415 0.44
1416 0.44
1417 0.40
1418 0.29
1419 0.42
1420 0.44
1421 0.40
1422 0.29
1423 0.44
1424 0.32
1425 0.42
1426 0.44
1427 0.44
1428 0.44
1429 0.44
1430 0.44
1431 0.44
1432 0.42
1433 0.44
1434 0.44
1435 0.42
1436 0.38
1437 0.44
1438 0.44
1439 0.40
1440 0.36
1441 0.44
1442 0.44
1443 0.44
1444 0.29
1445 0.32
1446 0.44
1447 0.44
1448 0.44
1449 0.44
1450 0.28
1451 0.44
1452 0.20
1453 0.34
1454 0.44
1455 0.44
1456 0.44
1457 0.42
1458 0.32
1459 0.38
1460 0.44
1461 0.44
1462 0.29
1463 0.44
1464 0.44
1465 0.44
1466 0.44
1467 0.38
1468 0.38
1469 0.38
1470 0.44
1471 0.29
1472 0.44
1473 0.34
1474 0.32
1475 0.38
1476 0.44
1477 0.31
1478 0.42
1479 0.40
1480 0.44
1481 0.36
1482 0.44
1483 0.44
1484 0.34
1485 0.28
1486 0.44
1487 0.36
1488 0.24
1489 0.44
1490 0.44
1491 0.44
1492 0.36
1493 0.29
1494 0.34
1495 0.36
1496 0.36
1497 0.44
1498 0.23
1499 0.44
1500 0.42
1501 0.44
1502 0.32
1503 0.28
1504 0.44
1505 0.38
1506 0.40
1507 0.40
1508 0.44
1509 0.44
1510 0.36
1511 0.29
1512 0.44
1513 0.44
1514 0.44
1515 0.42
1516 0.44
1517 0.34
1518 0.28
1519 0.44
1520 0.44
1521 0.38
1522 0.44
1523 0.29
1524 0.44
1525 0.18
1526 0.32
1527 0.44
1528 0.44
1529 0.44
1530 0.44
1531 0.44
1532 0.44
1533 0.44
1534 0.38
1535 0.31
1536 0.32
1537 0.44
1538 0.44
1539 0.23
1540 0.44
1541 0.31
1542 0.28
1543 0.44
1544 0.44
1545 0.29
1546 0.42
1547 0.42
1548 0.44
1549 0.32
1550 0.44
1551 0.20
1552 0.42
1553 0.38
1554 0.20
1555 0.38
1556 0.28
1557 0.44
1558 0.44
1559 0.42
1560 0.40
1561 0.38
1562 0.42
1563 0.24
1564 0.32
1565 0.36
1566 0.44
1567 0.38
1568 0.44
1569 0.26
1570 0.28
1571 0.44
1572 0.44
1573 0.40
1574 0.44
1575 0.44
1576 0.26
1577 0.40
1578 0.44
1579 0.44
1580 0.44
1581 0.44
1582 0.44
1583 0.40
1584 0.44
1585 0.38
1586 0.44
1587 0.34
1588 0.32
1589 0.44
1590 0.44
1591 0.44
1592 0.40
1593 0.44
1594 0.34
1595 0.29
1596 0.29
1597 0.44
1598 0.32
1599 0.42
1600 0.44
1601 0.44
1602 0.38
1603 0.38
1604 0.44
1605 0.38
1606 0.44
1607 0.42
1608 0.42
1609 0.42
1610 0.40
1611 0.42
1612 0.44
1613 0.44
1614 0.42
1615 0.44
1616 0.44
1617 0.38
1618 0.42
1619 0.36
1620 0.44
1621 0.38
1622 0.42
1623 0.44
1624 0.42
1625 0.40
1626 0.44
1627 0.44
1628 0.44
1629 0.44
1630 0.44
1631 0.44
1632 0.40
1633 0.44
1634 0.44
1635 0.40
1636 0.42
1637 0.44
1638 0.44
1639 0.38
1640 0.36
1641 0.44
1642 0.44
1643 0.44
1644 0.42
1645 0.42
1646 0.44
1647 0.44
1648 0.44
1649 0.44
1650 0.42
1651 0.44
1652 0.42
1653 0.42
1654 0.44
1655 0.44
1656 0.44
1657 0.40
1658 0.32
1659 0.42
1660 0.44
1661 0.44
1662 0.42
1663 0.44
1664 0.44
1665 0.44
1666 0.44
1667 0.42
1668 0.42
1669 0.42
1670 0.44
1671 0.42
1672 0.44
1673 0.42
1674 0.42
1675 0.42
1676 0.44
1677 0.42
1678 0.36
1679 0.34
1680 0.44
1681 0.42
1682 0.44
1683 0.44
1684 0.42
1685 0.42
1686 0.44
1687 0.36
1688 0.42
1689 0.44
1690 0.44
1691 0.44
1692 0.42
1693 0.42
1694 0.42
1695 0.42
1696 0.42
1697 0.44
1698 0.42
1699 0.44
1700 0.40
1701 0.44
1702 0.42
1703 0.42
1704 0.44
1705 0.38
1706 0.38
1707 0.32
1708 0.44
1709 0.44
1710 0.36
1711 0.42
1712 0.44
1713 0.44
1714 0.44
1715 0.40
1716 0.44
1717 0.42
1718 0.42
1719 0.44
1720 0.44
1721 0.42
1722 0.44
1723 0.42
1724 0.44
1725 0.42
1726 0.42
1727 0.44
1728 0.44
1729 0.44
1730 0.44
1731 0.44
1732 0.44
1733 0.44
1734 0.42
1735 0.42
1736 0.42
1737 0.44
1738 0.44
1739 0.42
1740 0.44
1741 0.42
1742 0.42
1743 0.44
1744 0.44
1745 0.42
1746 0.40
1747 0.36
1748 0.44
1749 0.32
1750 0.44
1751 0.42
1752 0.34
1753 0.38
1754 0.42
1755 0.42
1756 0.42
1757 0.44
1758 0.44
1759 0.40
1760 0.34
1761 0.42
1762 0.36
1763 0.42
1764 0.42
1765 0.42
1766 0.44
1767 0.42
1768 0.44
1769 0.42
1770 0.42
1771 0.44
1772 0.44
1773 0.34
1774 0.44
1775 0.44
1776 0.42
1777 0.38
1778 0.44
1779 0.44
1780 0.44
1781 0.44
1782 0.44
1783 0.31
1784 0.44
1785 0.42
1786 0.44
1787 0.42
1788 0.32
1789 0.44
1790 0.44
1791 0.44
1792 0.38
1793 0.44
1794 0.34
1795 0.42
1796 0.42
1797 0.44
1798 0.42
1799 0.40
1800 0.44
1801 0.44
1802 0.36
1803 0.36
1804 0.44
1805 0.36
1806 0.44
1807 0.38
1808 0.36
1809 0.36
1810 0.44
1811 0.38
1812 0.40
1813 0.44
1814 0.34
1815 0.44
1816 0.44
1817 0.36
1818 0.38
1819 0.40
1820 0.44
1821 0.36
1822 0.29
1823 0.36
1824 0.42
1825 0.44
1826 0.44
1827 0.44
1828 0.44
1829 0.44
1830 0.44
1831 0.44
1832 0.44
1833 0.38
1834 0.40
1835 0.44
1836 0.36
1837 0.32
1838 0.44
1839 0.36
1840 0.34
1841 0.44
1842 0.40
1843 0.44
1844 0.38
1845 0.42
1846 0.38
1847 0.44
1848 0.44
1849 0.40
1850 0.38
1851 0.44
1852 0.38
1853 0.38
1854 0.44
1855 0.44
1856 0.40
1857 0.44
1858 0.32
1859 0.36
1860 0.40
1861 0.44
1862 0.38
1863 0.36
1864 0.40
1865 0.44
1866 0.44
1867 0.42
1868 0.42
1869 0.36
1870 0.44
1871 0.38
1872 0.44
1873 0.34
1874 0.42
1875 0.36
1876 0.44
1877 0.38
1878 0.44
1879 0.34
1880 0.44
1881 0.42
1882 0.44
1883 0.44
1884 0.38
1885 0.38
1886 0.40
1887 0.31
1888 0.38
1889 0.44
1890 0.40
1891 0.44
1892 0.34
1893 0.38
1894 0.38
1895 0.38
1896 0.34
1897 0.44
1898 0.38
1899 0.36
1900 0.44
1901 0.44
1902 0.38
1903 0.38
1904 0.40
1905 0.40
1906 0.36
1907 0.32
1908 0.44
1909 0.38
1910 0.17
1911 0.38
1912 0.44
1913 0.44
1914 0.44
1915 0.40
1916 0.44
1917 0.38
1918 0.38
1919 0.44
1920 0.44
1921 0.36
1922 0.44
1923 0.38
1924 0.40
1925 0.38
1926 0.42
1927 0.44
1928 0.44
1929 0.40
1930 0.40
1931 0.44
1932 0.44
1933 0.44
1934 0.36
1935 0.38
1936 0.38
1937 0.44
1938 0.44
1939 0.38
1940 0.44
1941 0.38
1942 0.38
1943 0.44
1944 0.40
1945 0.38
1946 0.44
1947 0.36
1948 0.44
1949 0.34
1950 0.44
1951 0.42
1952 0.34
1953 0.40
1954 0.38
1955 0.36
1956 0.38
1957 0.40
1958 0.44
1959 0.44
1960 0.31
1961 0.36
1962 0.44
1963 0.38
1964 0.38
1965 0.42
1966 0.44
1967 0.36
1968 0.44
1969 0.38
1970 0.38
1971 0.44
1972 0.44
1973 0.31
1974 0.44
1975 0.44
1976 0.38
1977 0.36
1978 0.44
1979 0.44
1980 0.40
1981 0.44
1982 0.44
1983 0.31
1984 0.44
1985 0.36
1986 0.44
1987 0.38
1988 0.34
1989 0.44
1990 0.44
1991 0.40
1992 0.36
1993 0.44
1994 0.36
1995 0.38
1996 0.38
1997 0.40
1998 0.38
1999 0.44
2000 0.44
2001 0.44
2002 0.38
2003 0.38
2004 0.44
2005 0.38
2006 0.44
2007 0.42
2008 0.42
2009 0.42
2010 0.40
2011 0.42
2012 0.44
2013 0.44
2014 0.42
2015 0.44
2016 0.44
2017 0.38
2018 0.42
2019 0.36
2020 0.44
2021 0.38
2022 0.42
2023 0.44
2024 0.42
2025 0.40
2026 0.44
2027 0.44
2028 0.44
2029 0.44
2030 0.44
2031 0.44
2032 0.40
2033 0.44
2034 0.44
2035 0.40
2036 0.42
2037 0.44
2038 0.44
2039 0.38
2040 0.36
2041 0.44
2042 0.44
2043 0.44
2044 0.42
2045 0.42
2046 0.44
2047 0.44
2048 0.44
2049 0.44
2050 0.42
2051 0.44
2052 0.42
2053 0.42
2054 0.44
2055 0.44
2056 0.44
2057 0.40
2058 0.32
2059 0.42
2060 0.44
2061 0.44
2062 0.42
2063 0.44
2064 0.44
2065 0.44
2066 0.44
2067 0.42
2068 0.42
2069 0.42
2070 0.44
2071 0.42
2072 0.44
2073 0.42
2074 0.42
2075 0.42
2076 0.44
2077 0.42
2078 0.36
2079 0.34
2080 0.44
2081 0.42
2082 0.44
2083 0.44
2084 0.42
2085 0.42
2086 0.44
2087 0.36
2088 0.42
2089 0.44
2090 0.44
2091 0.44
2092 0.42
2093 0.42
2094 0.42
2095 0.42
2096 0.42
2097 0.44
2098 0.42
2099 0.44
2100 0.40
2101 0.44
2102 0.42
2103 0.42
2104 0.44
2105 0.38
2106 0.38
2107 0.32
2108 0.44
2109 0.44
2110 0.36
2111 0.42
2112 0.44
2113 0.44
2114 0.44
2115 0.40
2116 0.44
2117 0.42
2118 0.42
2119 0.44
2120 0.44
2121 0.42
2122 0.44
2123 0.42
2124 0.44
2125 0.42
2126 0.42
2127 0.44
2128 0.44
2129 0.44
2130 0.44
2131 0.44
2132 0.44
2133 0.44
2134 0.42
2135 0.42
2136 0.42
2137 0.44
2138 0.44
2139 0.42
2140 0.44
2141 0.42
2142 0.42
2143 0.44
2144 0.44
2145 0.42
2146 0.40
2147 0.36
2148 0.44
2149 0.32
2150 0.44
2151 0.42
2152 0.34
2153 0.38
2154 0.42
2155 0.42
2156 0.42
2157 0.44
2158 0.44
2159 0.40
2160 0.34
2161 0.42
2162 0.36
2163 0.42
2164 0.42
2165 0.42
2166 0.44
2167 0.42
2168 0.44
2169 0.42
2170 0.42
2171 0.44
2172 0.44
2173 0.34
2174 0.44
2175 0.44
2176 0.42
2177 0.38
2178 0.44
2179 0.44
2180 0.44
2181 0.44
2182 0.44
2183 0.31
2184 0.44
2185 0.42
2186 0.44
2187 0.42
2188 0.32
2189 0.44
2190 0.44
2191 0.44
2192 0.38
2193 0.44
2194 0.34
2195 0.42
2196 0.42
2197 0.44
2198 0.42
2199 0.40
2200 0.44
2201 0.44
2202 0.36
2203 0.36
2204 0.44
2205 0.38
2206 0.36
2207 0.38
2208 0.34
2209 0.42
2210 0.40
2211 0.38
2212 0.44
2213 0.40
2214 0.38
2215 0.44
2216 0.40
2217 0.38
2218 0.42
2219 0.36
2220 0.44
2221 0.38
2222 0.38
2223 0.44
2224 0.38
2225 0.40
2226 0.44
2227 0.44
2228 0.36
2229 0.36
2230 0.44
2231 0.44
2232 0.40
2233 0.44
2234 0.44
2235 0.40
2236 0.42
2237 0.31
2238 0.44
2239 0.36
2240 0.34
2241 0.40
2242 0.44
2243 0.44
2244 0.34
2245 0.38
2246 0.36
2247 0.44
2248 0.44
2249 0.44
2250 0.38
2251 0.40
2252 0.42
2253 0.42
2254 0.44
2255 0.44
2256 0.38
2257 0.40
2258 0.31
2259 0.34
2260 0.44
2261 0.40
2262 0.38
2263 0.44
2264 0.44
2265 0.44
2266 0.44
2267 0.34
2268 0.34
2269 0.42
2270 0.44
2271 0.38
2272 0.44
2273 0.31
2274 0.31
2275 0.34
2276 0.40
2277 0.42
2278 0.40
2279 0.34
2280 0.44
2281 0.38
2282 0.44
2283 0.40
2284 0.38
2285 0.42
2286 0.38
2287 0.34
2288 0.42
2289 0.40
2290 0.44
2291 0.40
2292 0.38
2293 0.38
2294 0.38
2295 0.42
2296 0.42
2297 0.44
2298 0.42
2299 0.44
2300 0.40
2301 0.44
2302 0.42
2303 0.42
2304 0.44
2305 0.38
2306 0.38
2307 0.31
2308 0.44
2309 0.44
2310 0.34
2311 0.42
2312 0.40
2313 0.44
2314 0.44
2315 0.40
2316 0.44
2317 0.42
2318 0.42
2319 0.40
2320 0.44
2321 0.34
2322 0.36
2323 0.42
2324 0.44
2325 0.38
2326 0.38
2327 0.40
2328 0.44
2329 0.44
2330 0.44
2331 0.44
2332 0.36
2333 0.38
2334 0.34
2335 0.38
2336 0.38
2337 0.44
2338 0.44
2339 0.38
2340 0.44
2341 0.42
2342 0.38
2343 0.40
2344 0.44
2345 0.38
2346 0.40
2347 0.40
2348 0.44
2349 0.32
2350 0.40
2351 0.38
2352 0.40
2353 0.38
2354 0.38
2355 0.32
2356 0.38
2357 0.44
2358 0.44
2359 0.40
2360 0.34
2361 0.42
2362 0.40
2363 0.38
2364 0.38
2365 0.38
2366 0.40
2367 0.42
2368 0.44
2369 0.42
2370 0.42
2371 0.44
2372 0.44
2373 0.34
2374 0.32
2375 0.44
2376 0.38
2377 0.38
2378 0.44
2379 0.40
2380 0.44
2381 0.44
2382 0.40
2383 0.29
2384 0.44
2385 0.42
2386 0.40
2387 0.38
2388 0.32
2389 0.44
2390 0.44
2391 0.44
2392 0.36
2393 0.40
2394 0.34
2395 0.42
2396 0.42
2397 0.38
2398 0.42
2399 0.40
2400 0.44
2401 0.44
2402 0.38
2403 0.38
2404 0.44
2405 0.38
2406 0.44
2407 0.42
2408 0.42
2409 0.42
2410 0.40
2411 0.42
2412 0.44
2413 0.44
2414 0.42
2415 0.44
2416 0.44
2417 0.38
2418 0.42
2419 0.36
2420 0.44
2421 0.38
2422 0.42
2423 0.44
2424 0.42
2425 0.40
2426 0.44
2427 0.44
2428 0.44
2429 0.44
2430 0.44
2431 0.44
2432 0.40
2433 0.44
2434 0.44
2435 0.40
2436 0.42
2437 0.44
2438 0.44
2439 0.38
2440 0.36
2441 0.44
2442 0.44
2443 0.44
2444 0.42
2445 0.42
2446 0.44
2447 0.44
2448 0.44
2449 0.44
2450 0.42
2451 0.44
2452 0.42
2453 0.42
2454 0.44
2455 0.44
2456 0.44
2457 0.40
2458 0.32
2459 0.42
2460 0.44
2461 0.44
2462 0.42
2463 0.44
2464 0.44
2465 0.44
2466 0.44
2467 0.42
2468 0.42
2469 0.42
2470 0.44
2471 0.42
2472 0.44
2473 0.42
2474 0.42
2475 0.42
2476 0.44
2477 0.42
2478 0.36
2479 0.34
2480 0.44
2481 0.42
2482 0.44
2483 0.44
2484 0.42
2485 0.42
2486 0.44
2487 0.36
2488 0.42
2489 0.44
2490 0.44
2491 0.44
2492 0.42
2493 0.42
2494 0.42
2495 0.42
2496 0.42
2497 0.44
2498 0.42
2499 0.44
2500 0.40
2501 0.44
2502 0.42
2503 0.42
2504 0.44
2505 0.38
2506 0.38
2507 0.32
2508 0.44
2509 0.44
2510 0.36
2511 0.42
2512 0.44
2513 0.44
2514 0.44
2515 0.40
2516 0.44
2517 0.42
2518 0.42
2519 0.44
2520 0.44
2521 0.42
2522 0.44
2523 0.42
2524 0.44
2525 0.42
2526 0.42
2527 0.44
2528 0.44
2529 0.44
2530 0.44
2531 0.44
2532 0.00
2533 0.42
2534 0.42
2535 0.42
2536 0.42
2537 0.44
2538 0.44
2539 0.42
2540 0.44
2541 0.42
2542 0.42
2543 0.44
2544 0.44
2545 0.42
2546 0.40
2547 0.36
2548 0.44
2549 0.32
2550 0.44
2551 0.42
2552 0.34
2553 0.38
2554 0.42
2555 0.42
2556 0.42
2557 0.44
2558 0.44
2559 0.40
2560 0.34
2561 0.42
2562 0.36
2563 0.42
2564 0.42
2565 0.42
2566 0.44
2567 0.42
2568 0.44
2569 0.42
2570 0.42
2571 0.44
2572 0.44
2573 0.34
2574 0.44
2575 0.44
2576 0.42
2577 0.38
2578 0.44
2579 0.44
2580 0.44
2581 0.44
2582 0.44
2583 0.31
2584 0.44
2585 0.42
2586 0.44
2587 0.42
2588 0.32
2589 0.44
2590 0.44
2591 0.44
2592 0.38
2593 0.44
2594 0.34
2595 0.42
2596 0.42
2597 0.44
2598 0.42
2599 0.40
2600 0.44
2601 0.44
2602 0.38
2603 0.38
2604 0.44
2605 0.38
2606 0.44
2607 0.42
2608 0.42
2609 0.42
2610 0.40
2611 0.42
2612 0.44
2613 0.44
2614 0.42
2615 0.44
2616 0.44
2617 0.38
2618 0.42
2619 0.36
2620 0.44
2621 0.38
2622 0.42
2623 0.44
2624 0.12
2625 0.40
2626 0.44
2627 0.44
2628 0.44
2629 0.44
2630 0.44
2631 0.44
2632 0.40
2633 0.44
2634 0.44
2635 0.40
2636 0.42
2637 0.44
2638 0.44
2639 0.38
2640 0.36
2641 0.44
2642 0.44
2643 0.44
2644 0.12
2645 0.12
2646 0.44
2647 0.44
2648 0.44
2649 0.44
2650 0.42
2651 0.44
2652 0.42
2653 0.42
2654 0.44
2655 0.44
2656 0.44
2657 0.40
2658 0.32
2659 0.42
2660 0.44
2661 0.44
2662 0.42
2663 0.44
2664 0.44
2665 0.44
2666 0.44
2667 0.11
2668 0.12
2669 0.42
2670 0.44
2671 0.42
2672 0.44
2673 0.10
2674 0.10
2675 0.42
2676 0.44
2677 0.42
2678 0.36
2679 0.34
2680 0.44
2681 0.10
2682 0.44
2683 0.44
2684 0.42
2685 0.42
2686 0.44
2687 0.10
2688 0.42
2689 0.44
2690 0.44
2691 0.44
2692 0.42
2693 0.42
2694 0.42
2695 0.42
2696 0.42
2697 0.44
2698 0.42
2699 0.44
2700 0.40
2701 0.44
2702 0.42
2703 0.42
2704 0.44
2705 0.38
2706 0.38
2707 0.32
2708 0.44
2709 0.44
2710 0.36
2711 0.42
2712 0.44
2713 0.44
2714 0.44
2715 0.40
2716 0.44
2717 0.42
2718 0.42
2719 0.44
2720 0.44
2721 0.42
2722 0.44
2723 0.42
2724 0.44
2725 0.42
2726 0.11
2727 0.44
2728 0.44
2729 0.44
2730 0.44
2731 0.44
2732 0.44
2733 0.44
2734 0.42
2735 0.12
2736 0.42
2737 0.44
2738 0.44
2739 0.42
2740 0.44
2741 0.42
2742 0.42
2743 0.44
2744 0.44
2745 0.42
2746 0.40
2747 0.44
2748 0.44
2749 0.32
2750 0.44
2751 0.14
2752 0.44
2753 0.38
2754 0.42
2755 0.10
2756 0.42
2757 0.44
2758 0.44
2759 0.40
2760 0.34
2761 0.42
2762 0.36
2763 0.42
2764 0.12
2765 0.12
2766 0.44
2767 0.42
2768 0.44
2769 0.42
2770 0.42
2771 0.44
2772 0.44
2773 0.34
2774 0.44
2775 0.44
2776 0.42
2777 0.38
2778 0.44
2779 0.44
2780 0.44
2781 0.44
2782 0.44
2783 0.11
2784 0.44
2785 0.42
2786 0.44
2787 0.42
2788 0.32
2789 0.44
2790 0.44
2791 0.44
2792 0.38
2793 0.44
2794 0.34
2795 0.42
2796 0.42
2797 0.44
2798 0.42
2799 0.40
2800 0.44
2801 0.44
2802 0.36
2803 0.36
2804 0.44
2805 0.36
2806 0.44
2807 0.38
2808 0.40
2809 0.40
2810 0.36
2811 0.38
2812 0.44
2813 0.44
2814 0.38
2815 0.44
2816 0.44
2817 0.36
2818 0.38
2819 0.34
2820 0.44
2821 0.36
2822 0.38
2823 0.44
2824 0.42
2825 0.36
2826 0.44
2827 0.44
2828 0.44
2829 0.44
2830 0.44
2831 0.44
2832 0.36
2833 0.44
2834 0.44
2835 0.36
2836 0.40
2837 0.44
2838 0.44
2839 0.36
2840 0.34
2841 0.44
2842 0.44
2843 0.44
2844 0.42
2845 0.42
2846 0.44
2847 0.44
2848 0.44
2849 0.44
2850 0.38
2851 0.44
2852 0.38
2853 0.38
2854 0.44
2855 0.44
2856 0.44
2857 0.36
2858 0.31
2859 0.40
2860 0.44
2861 0.44
2862 0.38
2863 0.44
2864 0.44
2865 0.44
2866 0.44
2867 0.42
2868 0.42
2869 0.40
2870 0.44
2871 0.38
2872 0.44
2873 0.42
2874 0.42
2875 0.40
2876 0.44
2877 0.38
2878 0.34
2879 0.31
2880 0.44
2881 0.42
2882 0.44
2883 0.44
2884 0.38
2885 0.38
2886 0.44
2887 0.36
2888 0.38
2889 0.44
2890 0.44
2891 0.44
2892 0.38
2893 0.38
2894 0.38
2895 0.38
2896 0.38
2897 0.44
2898 0.38
2899 0.44
2900 0.36
2901 0.44
2902 0.38
2903 0.38
2904 0.44
2905 0.34
2906 0.36
2907 0.29
2908 0.44
2909 0.44
2910 0.34
2911 0.38
2912 0.44
2913 0.44
2914 0.44
2915 0.38
2916 0.44
2917 0.38
2918 0.38
2919 0.44
2920 0.44
2921 0.40
2922 0.44
2923 0.38
2924 0.44
2925 0.38
2926 0.42
2927 0.44
2928 0.44
2929 0.44
2930 0.44
2931 0.44
2932 0.40
2933 0.44
2934 0.40
2935 0.42
2936 0.38
2937 0.44
2938 0.44
2939 0.38
2940 0.44
2941 0.38
2942 0.38
2943 0.44
2944 0.44
2945 0.38
2946 0.36
2947 0.36
2948 0.44
2949 0.31
2950 0.44
2951 0.42
2952 0.34
2953 0.34
2954 0.38
2955 0.42
2956 0.38
2957 0.44
2958 0.44
2959 0.36
2960 0.31
2961 0.40
2962 0.34
2963 0.38
2964 0.42
2965 0.42
2966 0.44
2967 0.40
2968 0.44
2969 0.38
2970 0.38
2971 0.44
2972 0.44
2973 0.31
2974 0.44
2975 0.44
2976 0.38
2977 0.36
2978 0.44
2979 0.44
2980 0.44
2981 0.44
2982 0.44
2983 0.31
2984 0.44
2985 0.40
2986 0.44
2987 0.38
2988 0.31
2989 0.44
2990 0.44
2991 0.44
2992 0.36
2993 0.44
2994 0.32
2995 0.38
2996 0.38
2997 0.44
2998 0.38
2999 0.36
