0 140.00
1 280.00
2 180.00
3 220.00
4 300.00
5 240.00
6 220.00
7 160.00
8 240.00
9 240.00
10 220.00
11 160.00
12 200.00
13 400.00
14 160.00
15 200.00
16 240.00
17 240.00
18 100.00
19 180.00
20 240.00
21 440.00
22 200.00
23 460.00
24 460.00
25 440.00
26 160.00
27 440.00
28 280.00
29 420.00
30 80.00
31 440.00
32 260.00
33 220.00
34 240.00
35 320.00
36 300.00
37 440.00
38 240.00
39 160.00
40 220.00
41 140.00
42 300.00
43 240.00
44 200.00
45 460.00
46 100.00
47 260.00
48 240.00
49 320.00
50 180.00
51 140.00
52 220.00
53 120.00
54 240.00
55 220.00
56 220.00
57 220.00
58 500.00
59 460.00
60 440.00
61 220.00
62 420.00
63 180.00
64 160.00
65 420.00
66 80.00
67 220.00
68 240.00
69 460.00
70 460.00
71 240.00
72 220.00
73 340.00
74 320.00
75 200.00
76 420.00
77 320.00
78 440.00
79 340.00
80 180.00
81 160.00
82 240.00
83 200.00
84 200.00
85 160.00
86 140.00
87 280.00
88 240.00
89 340.00
90 180.00
91 480.00
92 240.00
93 180.00
94 240.00
95 240.00
96 220.00
97 200.00
98 340.00
99 240.00
100 420.00
101 180.00
102 140.00
103 320.00
104 440.00
105 320.00
106 140.00
107 140.00
108 140.00
109 200.00
110 380.00
111 220.00
112 220.00
113 240.00
114 320.00
115 240.00
116 100.00
117 360.00
118 200.00
119 360.00
120 220.00
121 260.00
122 460.00
123 280.00
124 240.00
125 380.00
126 220.00
127 160.00
128 200.00
129 240.00
130 460.00
131 220.00
132 220.00
133 200.00
134 400.00
135 440.00
136 320.00
137 240.00
138 220.00
139 240.00
140 240.00
141 440.00
142 160.00
143 440.00
144 200.00
145 240.00
146 220.00
147 240.00
148 180.00
149 200.00
150 440.00
151 460.00
152 160.00
153 160.00
154 420.00
155 140.00
156 100.00
157 280.00
158 440.00
159 240.00
160 460.00
161 440.00
162 200.00
163 460.00
164 420.00
165 120.00
166 460.00
167 460.00
168 220.00
169 220.00
170 460.00
171 220.00
172 440.00
173 460.00
174 220.00
175 240.00
176 200.00
177 180.00
178 240.00
179 440.00
180 160.00
181 240.00
182 320.00
183 240.00
184 180.00
185 260.00
186 440.00
187 200.00
188 360.00
189 240.00
190 420.00
191 400.00
192 220.00
193 480.00
194 240.00
195 220.00
196 480.00
197 180.00
198 340.00
199 160.00
200 200.00
201 220.00
202 240.00
203 240.00
204 140.00
205 220.00
206 420.00
207 240.00
208 260.00
209 240.00
210 240.00
211 240.00
212 240.00
213 460.00
214 280.00
215 240.00
216 240.00
217 240.00
218 220.00
219 240.00
220 240.00
221 500.00
222 180.00
223 240.00
224 240.00
225 340.00
226 340.00
227 240.00
228 500.00
229 240.00
230 180.00
231 120.00
232 220.00
233 220.00
234 440.00
235 280.00
236 160.00
237 100.00
238 340.00
239 440.00
240 220.00
241 420.00
242 460.00
243 180.00
244 140.00
245 320.00
246 320.00
247 440.00
248 240.00
249 240.00
250 240.00
251 320.00
252 180.00
253 240.00
254 160.00
255 420.00
256 280.00
257 380.00
258 460.00
259 180.00
260 420.00
261 240.00
262 280.00
263 240.00
264 400.00
265 180.00
266 420.00
267 280.00
268 220.00
269 360.00
270 420.00
271 180.00
272 300.00
273 180.00
274 200.00
275 160.00
276 480.00
277 120.00
278 140.00
279 160.00
280 460.00
281 320.00
282 220.00
283 400.00
284 240.00
285 220.00
286 340.00
287 200.00
288 160.00
289 240.00
290 200.00
291 140.00
292 280.00
293 160.00
294 260.00
295 240.00
296 220.00
297 440.00
298 280.00
299 200.00
300 320.00
301 240.00
302 240.00
303 220.00
304 420.00
305 240.00
306 200.00
307 320.00
308 320.00
309 100.00
310 320.00
311 460.00
312 380.00
313 220.00
314 160.00
315 380.00
316 380.00
317 460.00
318 440.00
319 100.00
320 400.00
321 440.00
322 360.00
323 240.00
324 180.00
325 200.00
326 500.00
327 220.00
328 220.00
329 80.00
330 160.00
331 240.00
332 200.00
333 240.00
334 400.00
335 340.00
336 180.00
337 360.00
338 240.00
339 360.00
340 400.00
341 120.00
342 440.00
343 320.00
344 380.00
345 480.00
346 480.00
347 420.00
348 280.00
349 360.00
350 240.00
351 180.00
352 340.00
353 440.00
354 240.00
355 300.00
356 420.00
357 440.00
358 220.00
359 320.00
360 120.00
361 480.00
362 400.00
363 300.00
364 440.00
365 240.00
366 240.00
367 460.00
368 300.00
369 220.00
370 240.00
371 460.00
372 460.00
373 280.00
374 180.00
375 200.00
376 120.00
377 220.00
378 440.00
379 320.00
380 400.00
381 200.00
382 240.00
383 220.00
384 440.00
385 440.00
386 240.00
387 300.00
388 160.00
389 360.00
390 220.00
391 240.00
392 120.00
393 200.00
394 240.00
395 180.00
396 300.00
397 320.00
398 480.00
399 420.00
400 360.00
401 240.00
402 240.00
403 460.00
404 220.00
405 240.00
406 180.00
407 220.00
408 300.00
409 440.00
410 400.00
411 440.00
412 500.00
413 160.00
414 440.00
415 440.00
416 220.00
417 440.00
418 220.00
419 440.00
420 240.00
421 240.00
422 380.00
423 240.00
424 440.00
425 380.00
426 480.00
427 200.00
428 240.00
429 260.00
430 200.00
431 300.00
432 460.00
433 220.00
434 340.00
435 320.00
436 420.00
437 440.00
438 380.00
439 240.00
440 220.00
441 220.00
442 320.00
443 280.00
444 240.00
445 220.00
446 340.00
447 220.00
448 220.00
449 220.00
450 200.00
451 460.00
452 500.00
453 300.00
454 500.00
455 400.00
456 400.00
457 380.00
458 400.00
459 240.00
460 380.00
461 240.00
462 400.00
463 480.00
464 180.00
465 500.00
466 440.00
467 440.00
468 320.00
469 400.00
470 340.00
471 320.00
472 220.00
473 240.00
474 240.00
475 280.00
476 180.00
477 300.00
478 360.00
479 240.00
480 380.00
481 440.00
482 360.00
483 420.00
484 340.00
485 440.00
486 220.00
487 460.00
488 420.00
489 320.00
490 240.00
491 320.00
492 440.00
493 240.00
494 200.00
495 260.00
496 480.00
497 480.00
498 280.00
499 480.00
500 240.00
501 400.00
502 400.00
503 300.00
504 320.00
505 240.00
506 460.00
507 280.00
508 440.00
509 240.00
510 180.00
511 480.00
512 220.00
513 380.00
514 440.00
515 340.00
516 240.00
517 340.00
518 240.00
519 240.00
520 300.00
521 260.00
522 300.00
523 380.00
524 440.00
525 240.00
526 280.00
527 260.00
528 240.00
529 220.00
530 200.00
531 200.00
532 200.00
533 200.00
534 180.00
535 260.00
536 320.00
537 480.00
538 200.00
539 240.00
540 440.00
541 340.00
542 340.00
543 440.00
544 300.00
545 420.00
546 240.00
547 300.00
548 240.00
549 300.00
550 260.00
551 280.00
552 220.00
553 340.00
554 200.00
555 260.00
556 300.00
557 220.00
558 220.00
559 160.00
560 320.00
561 360.00
562 260.00
563 220.00
564 460.00
565 320.00
566 240.00
567 280.00
568 220.00
569 160.00
570 460.00
571 420.00
572 360.00
573 240.00
574 280.00
575 340.00
576 360.00
577 260.00
578 240.00
579 280.00
580 380.00
581 240.00
582 160.00
583 120.00
584 280.00
585 360.00
586 340.00
587 340.00
588 320.00
589 380.00
590 420.00
591 240.00
592 240.00
593 480.00
594 400.00
595 240.00
596 280.00
597 340.00
598 200.00
599 400.00
600 400.00
601 240.00
602 400.00
603 220.00
604 480.00
605 320.00
606 480.00
607 220.00
608 460.00
609 480.00
610 240.00
611 260.00
612 340.00
613 360.00
614 440.00
615 420.00
616 220.00
617 220.00
618 400.00
619 340.00
620 500.00
621 500.00
622 440.00
623 300.00
624 380.00
625 480.00
626 300.00
627 340.00
628 440.00
629 420.00
630 380.00
631 360.00
632 420.00
633 460.00
634 400.00
635 360.00
636 240.00
637 360.00
638 300.00
639 380.00
640 500.00
641 380.00
642 440.00
643 340.00
644 500.00
645 240.00
646 420.00
647 500.00
648 480.00
649 300.00
650 220.00
651 340.00
652 240.00
653 340.00
654 380.00
655 480.00
656 380.00
657 380.00
658 220.00
659 420.00
660 440.00
661 220.00
662 240.00
663 360.00
664 460.00
665 380.00
666 420.00
667 220.00
668 260.00
669 440.00
670 480.00
671 480.00
672 380.00
673 420.00
674 200.00
675 200.00
676 320.00
677 340.00
678 240.00
679 340.00
680 400.00
681 340.00
682 280.00
683 480.00
684 440.00
685 200.00
686 360.00
687 400.00
688 380.00
689 240.00
690 220.00
691 340.00
692 440.00
693 440.00
694 400.00
695 220.00
696 360.00
697 380.00
698 220.00
699 240.00
700 200.00
701 340.00
702 240.00
703 220.00
704 220.00
705 340.00
706 240.00
707 300.00
708 500.00
709 220.00
710 220.00
711 300.00
712 220.00
713 180.00
714 240.00
715 280.00
716 380.00
717 380.00
718 480.00
719 180.00
720 220.00
721 340.00
722 340.00
723 460.00
724 220.00
725 300.00
726 260.00
727 460.00
728 340.00
729 260.00
730 420.00
731 380.00
732 340.00
733 400.00
734 200.00
735 260.00
736 300.00
737 320.00
738 340.00
739 200.00
740 320.00
741 440.00
742 340.00
743 340.00
744 280.00
745 420.00
746 440.00
747 320.00
748 360.00
749 320.00
750 280.00
751 360.00
752 320.00
753 320.00
754 240.00
755 460.00
756 340.00
757 420.00
758 380.00
759 380.00
760 280.00
761 240.00
762 260.00
763 240.00
764 400.00
765 300.00
766 440.00
767 380.00
768 400.00
769 460.00
770 240.00
771 420.00
772 240.00
773 340.00
774 320.00
775 220.00
776 360.00
777 240.00
778 420.00
779 480.00
780 360.00
781 460.00
782 360.00
783 240.00
784 460.00
785 420.00
786 400.00
787 400.00
788 240.00
789 220.00
790 480.00
791 420.00
792 240.00
793 340.00
794 500.00
795 420.00
796 420.00
797 320.00
798 320.00
799 460.00
800 220.00
801 460.00
802 240.00
803 400.00
804 240.00
805 480.00
806 220.00
807 320.00
808 240.00
809 440.00
810 240.00
811 440.00
812 220.00
813 240.00
814 460.00
815 340.00
816 360.00
817 420.00
818 220.00
819 440.00
820 260.00
821 460.00
822 280.00
823 380.00
824 340.00
825 480.00
826 200.00
827 320.00
828 400.00
829 300.00
830 380.00
831 360.00
832 220.00
833 220.00
834 460.00
835 260.00
836 240.00
837 460.00
838 300.00
839 320.00
840 220.00
841 420.00
842 380.00
843 240.00
844 220.00
845 460.00
846 460.00
847 420.00
848 220.00
849 340.00
850 280.00
851 360.00
852 240.00
853 360.00
854 320.00
855 440.00
856 280.00
857 340.00
858 320.00
859 320.00
860 420.00
861 440.00
862 360.00
863 340.00
864 440.00
865 380.00
866 220.00
867 420.00
868 360.00
869 340.00
870 340.00
871 380.00
872 360.00
873 400.00
874 380.00
875 340.00
876 460.00
877 460.00
878 240.00
879 440.00
880 380.00
881 360.00
882 400.00
883 400.00
884 240.00
885 400.00
886 240.00
887 360.00
888 480.00
889 380.00
890 240.00
891 380.00
892 440.00
893 220.00
894 360.00
895 200.00
896 240.00
897 440.00
898 360.00
899 240.00
900 340.00
901 280.00
902 340.00
903 400.00
904 240.00
905 380.00
906 500.00
907 340.00
908 440.00
909 400.00
910 460.00
911 360.00
912 300.00
913 220.00
914 200.00
915 420.00
916 240.00
917 260.00
918 280.00
919 220.00
920 500.00
921 400.00
922 300.00
923 360.00
924 440.00
925 240.00
926 240.00
927 220.00
928 260.00
929 200.00
930 420.00
931 360.00
932 220.00
933 460.00
934 340.00
935 360.00
936 340.00
937 340.00
938 440.00
939 320.00
940 380.00
941 360.00
942 380.00
943 380.00
944 240.00
945 420.00
946 220.00
947 500.00
948 340.00
949 320.00
950 380.00
951 480.00
952 240.00
953 220.00
954 240.00
955 320.00
956 400.00
957 260.00
958 340.00
959 360.00
960 440.00
961 360.00
962 220.00
963 360.00
964 360.00
965 360.00
966 300.00
967 340.00
968 360.00
969 340.00
970 360.00
971 300.00
972 320.00
973 420.00
974 400.00
975 460.00
976 400.00
977 460.00
978 340.00
979 320.00
980 340.00
981 480.00
982 380.00
983 300.00
984 360.00
985 340.00
986 220.00
987 300.00
988 340.00
989 280.00
990 340.00
991 340.00
992 220.00
993 420.00
994 360.00
995 440.00
996 240.00
997 400.00
998 340.00
999 460.00
1000 320.00
1001 380.00
1002 240.00
1003 180.00
1004 300.00
1005 340.00
1006 360.00
1007 440.00
1008 260.00
1009 160.00
1010 180.00
1011 380.00
1012 300.00
1013 380.00
1014 300.00
1015 340.00
1016 380.00
1017 400.00
1018 320.00
1019 320.00
1020 440.00
1021 440.00
1022 220.00
1023 460.00
1024 460.00
1025 360.00
1026 500.00
1027 240.00
1028 240.00
1029 440.00
1030 260.00
1031 500.00
1032 360.00
1033 220.00
1034 460.00
1035 220.00
1036 460.00
1037 460.00
1038 480.00
1039 280.00
1040 440.00
1041 220.00
1042 240.00
1043 260.00
1044 460.00
1045 420.00
1046 160.00
1047 420.00
1048 420.00
1049 240.00
1050 340.00
1051 440.00
1052 380.00
1053 360.00
1054 440.00
1055 380.00
1056 400.00
1057 280.00
1058 220.00
1059 220.00
1060 360.00
1061 380.00
1062 240.00
1063 480.00
1064 400.00
1065 440.00
1066 460.00
1067 220.00
1068 360.00
1069 480.00
1070 380.00
1071 380.00
1072 400.00
1073 280.00
1074 360.00
1075 400.00
1076 380.00
1077 380.00
1078 360.00
1079 180.00
1080 240.00
1081 280.00
1082 400.00
1083 200.00
1084 340.00
1085 320.00
1086 320.00
1087 380.00
1088 180.00
1089 280.00
1090 400.00
1091 220.00
1092 220.00
1093 260.00
1094 460.00
1095 260.00
1096 380.00
1097 240.00
1098 240.00
1099 340.00
1100 220.00
1101 180.00
1102 380.00
1103 160.00
1104 340.00
1105 420.00
1106 380.00
1107 320.00
1108 420.00
1109 440.00
1110 500.00
1111 440.00
1112 340.00
1113 460.00
1114 440.00
1115 360.00
1116 440.00
1117 260.00
1118 240.00
1119 240.00
1120 400.00
1121 400.00
1122 240.00
1123 240.00
1124 240.00
1125 300.00
1126 400.00
1127 220.00
1128 460.00
1129 380.00
1130 200.00
1131 360.00
1132 480.00
1133 240.00
1134 400.00
1135 420.00
1136 460.00
1137 500.00
1138 480.00
1139 240.00
1140 260.00
1141 440.00
1142 460.00
1143 460.00
1144 460.00
1145 420.00
1146 240.00
1147 240.00
1148 420.00
1149 460.00
1150 220.00
1151 280.00
1152 440.00
1153 460.00
1154 400.00
1155 400.00
1156 380.00
1157 460.00
1158 460.00
1159 480.00
1160 440.00
1161 440.00
1162 240.00
1163 220.00
1164 380.00
1165 440.00
1166 460.00
1167 220.00
1168 240.00
1169 420.00
1170 340.00
1171 500.00
1172 240.00
1173 420.00
1174 400.00
1175 280.00
1176 420.00
1177 340.00
1178 420.00
1179 400.00
1180 420.00
1181 480.00
1182 220.00
1183 380.00
1184 200.00
1185 240.00
1186 180.00
1187 440.00
1188 480.00
1189 440.00
1190 420.00
1191 460.00
1192 260.00
1193 360.00
1194 360.00
1195 460.00
1196 320.00
1197 380.00
1198 240.00
1199 480.00
1200 400.00
1201 420.00
1202 420.00
1203 200.00
1204 460.00
1205 360.00
1206 200.00
1207 380.00
1208 460.00
1209 260.00
1210 380.00
1211 420.00
1212 200.00
1213 220.00
1214 300.00
1215 360.00
1216 400.00
1217 480.00
1218 180.00
1219 240.00
1220 380.00
1221 440.00
1222 200.00
1223 400.00
1224 240.00
1225 340.00
1226 360.00
1227 300.00
1228 200.00
1229 420.00
1230 380.00
1231 400.00
1232 280.00
1233 340.00
1234 380.00
1235 340.00
1236 400.00
1237 380.00
1238 280.00
1239 280.00
1240 360.00
1241 320.00
1242 360.00
1243 380.00
1244 420.00
1245 240.00
1246 220.00
1247 420.00
1248 420.00
1249 380.00
1250 320.00
1251 380.00
1252 420.00
1253 220.00
1254 280.00
1255 280.00
1256 340.00
1257 460.00
1258 380.00
1259 400.00
1260 200.00
1261 220.00
1262 340.00
1263 180.00
1264 240.00
1265 260.00
1266 220.00
1267 300.00
1268 180.00
1269 300.00
1270 340.00
1271 440.00
1272 280.00
1273 420.00
1274 300.00
1275 420.00
1276 260.00
1277 280.00
1278 320.00
1279 380.00
1280 220.00
1281 280.00
1282 340.00
1283 320.00
1284 300.00
1285 400.00
1286 460.00
1287 240.00
1288 300.00
1289 380.00
1290 320.00
1291 280.00
1292 220.00
1293 260.00
1294 220.00
1295 200.00
1296 280.00
1297 420.00
1298 300.00
1299 240.00
1300 260.00
1301 400.00
1302 160.00
1303 320.00
1304 320.00
1305 240.00
1306 400.00
1307 200.00
1308 300.00
1309 340.00
1310 440.00
1311 420.00
1312 320.00
1313 400.00
1314 360.00
1315 180.00
1316 260.00
1317 420.00
1318 340.00
1319 220.00
1320 340.00
1321 460.00
1322 120.00
1323 260.00
1324 200.00
1325 380.00
1326 320.00
1327 140.00
1328 320.00
1329 400.00
1330 400.00
1331 340.00
1332 400.00
1333 400.00
1334 380.00
1335 260.00
1336 440.00
1337 220.00
1338 380.00
1339 180.00
1340 440.00
1341 380.00
1342 460.00
1343 420.00
1344 360.00
1345 320.00
1346 460.00
1347 440.00
1348 200.00
1349 320.00
1350 380.00
1351 400.00
1352 400.00
1353 460.00
1354 360.00
1355 400.00
1356 440.00
1357 400.00
1358 400.00
1359 380.00
1360 260.00
1361 400.00
1362 460.00
1363 500.00
1364 480.00
1365 360.00
1366 460.00
1367 460.00
1368 420.00
1369 420.00
1370 360.00
1371 340.00
1372 440.00
1373 420.00
1374 240.00
1375 320.00
1376 360.00
1377 240.00
1378 340.00
1379 420.00
1380 180.00
1381 220.00
1382 460.00
1383 420.00
1384 280.00
1385 240.00
1386 440.00
1387 400.00
1388 420.00
1389 420.00
1390 340.00
1391 340.00
1392 200.00
1393 440.00
1394 380.00
1395 440.00
1396 440.00
1397 440.00
1398 480.00
1399 440.00
1400 240.00
1401 380.00
1402 380.00
1403 260.00
1404 260.00
1405 440.00
1406 400.00
1407 420.00
1408 400.00
1409 440.00
1410 420.00
1411 200.00
1412 440.00
1413 400.00
1414 320.00
1415 380.00
1416 380.00
1417 380.00
1418 180.00
1419 220.00
1420 420.00
1421 240.00
1422 200.00
1423 360.00
1424 300.00
1425 380.00
1426 320.00
1427 280.00
1428 460.00
1429 380.00
1430 180.00
1431 380.00
1432 240.00
1433 300.00
1434 400.00
1435 420.00
1436 220.00
1437 260.00
1438 160.00
1439 360.00
1440 340.00
1441 320.00
1442 400.00
1443 280.00
1444 340.00
1445 100.00
1446 340.00
1447 380.00
1448 300.00
1449 440.00
1450 380.00
1451 320.00
1452 400.00
1453 440.00
1454 440.00
1455 220.00
1456 380.00
1457 400.00
1458 380.00
1459 180.00
1460 360.00
1461 460.00
1462 400.00
1463 200.00
1464 300.00
1465 320.00
1466 380.00
1467 360.00
1468 280.00
1469 200.00
1470 420.00
1471 440.00
1472 280.00
1473 440.00
1474 280.00
1475 420.00
1476 320.00
1477 360.00
1478 400.00
1479 480.00
1480 420.00
1481 460.00
1482 440.00
1483 380.00
1484 340.00
1485 400.00
1486 380.00
1487 440.00
1488 200.00
1489 440.00
1490 260.00
1491 360.00
1492 380.00
1493 360.00
1494 460.00
1495 340.00
1496 400.00
1497 220.00
1498 460.00
1499 460.00
1500 260.00
1501 460.00
1502 420.00
1503 400.00
1504 360.00
1505 460.00
1506 400.00
1507 160.00
1508 360.00
1509 440.00
1510 260.00
1511 440.00
1512 380.00
1513 320.00
1514 420.00
1515 360.00
1516 280.00
1517 180.00
1518 420.00
1519 240.00
1520 200.00
1521 200.00
1522 360.00
1523 360.00
1524 420.00
1525 280.00
1526 420.00
1527 360.00
1528 360.00
1529 360.00
1530 260.00
1531 420.00
1532 340.00
1533 420.00
1534 340.00
1535 200.00
1536 440.00
1537 240.00
1538 220.00
1539 240.00
1540 380.00
1541 320.00
1542 380.00
1543 360.00
1544 380.00
1545 360.00
1546 380.00
1547 420.00
1548 320.00
1549 400.00
1550 400.00
1551 400.00
1552 420.00
1553 400.00
1554 180.00
1555 320.00
1556 400.00
1557 260.00
1558 220.00
1559 320.00
1560 360.00
1561 260.00
1562 200.00
1563 380.00
1564 240.00
1565 360.00
1566 420.00
1567 280.00
1568 240.00
1569 360.00
1570 240.00
1571 240.00
1572 320.00
1573 300.00
1574 300.00
1575 380.00
1576 380.00
1577 240.00
1578 160.00
1579 320.00
1580 180.00
1581 260.00
1582 260.00
1583 440.00
1584 280.00
1585 320.00
1586 280.00
1587 280.00
1588 300.00
1589 500.00
1590 380.00
1591 340.00
1592 380.00
1593 320.00
1594 320.00
1595 420.00
1596 320.00
1597 260.00
1598 300.00
1599 400.00
1600 380.00
1601 340.00
1602 280.00
1603 280.00
1604 180.00
1605 360.00
1606 220.00
1607 340.00
1608 440.00
1609 320.00
1610 340.00
1611 280.00
1612 240.00
1613 340.00
1614 340.00
1615 380.00
1616 360.00
1617 460.00
1618 380.00
1619 360.00
1620 140.00
1621 240.00
1622 260.00
1623 280.00
1624 360.00
1625 420.00
1626 300.00
1627 420.00
1628 240.00
1629 220.00
1630 400.00
1631 240.00
1632 280.00
1633 420.00
1634 420.00
1635 380.00
1636 280.00
1637 380.00
1638 400.00
1639 480.00
1640 400.00
1641 300.00
1642 420.00
1643 300.00
1644 460.00
1645 440.00
1646 440.00
1647 440.00
1648 220.00
1649 420.00
1650 440.00
1651 240.00
1652 480.00
1653 340.00
1654 460.00
1655 480.00
1656 300.00
1657 400.00
1658 400.00
1659 380.00
1660 440.00
1661 460.00
1662 420.00
1663 400.00
1664 400.00
1665 340.00
1666 340.00
1667 220.00
1668 440.00
1669 180.00
1670 440.00
1671 160.00
1672 380.00
1673 240.00
1674 360.00
1675 360.00
1676 440.00
1677 400.00
1678 440.00
1679 360.00
1680 380.00
1681 420.00
1682 280.00
1683 420.00
1684 220.00
1685 420.00
1686 480.00
1687 400.00
1688 440.00
1689 380.00
1690 360.00
1691 360.00
1692 440.00
1693 420.00
1694 380.00
1695 260.00
1696 380.00
1697 420.00
1698 400.00
1699 340.00
1700 340.00
1701 380.00
1702 500.00
1703 180.00
1704 340.00
1705 440.00
1706 400.00
1707 440.00
1708 300.00
1709 300.00
1710 380.00
1711 160.00
1712 400.00
1713 340.00
1714 320.00
1715 340.00
1716 360.00
1717 320.00
1718 360.00
1719 360.00
1720 340.00
1721 280.00
1722 280.00
1723 360.00
1724 280.00
1725 460.00
1726 260.00
1727 280.00
1728 360.00
1729 440.00
1730 440.00
1731 460.00
1732 260.00
1733 380.00
1734 320.00
1735 260.00
1736 380.00
1737 320.00
1738 360.00
1739 320.00
1740 300.00
1741 280.00
1742 260.00
1743 280.00
1744 360.00
1745 200.00
1746 460.00
1747 300.00
1748 240.00
1749 380.00
1750 340.00
1751 400.00
1752 340.00
1753 260.00
1754 220.00
1755 460.00
1756 340.00
1757 360.00
1758 340.00
1759 320.00
1760 360.00
1761 380.00
1762 320.00
1763 300.00
1764 340.00
1765 240.00
1766 400.00
1767 380.00
1768 340.00
1769 360.00
1770 240.00
1771 420.00
1772 240.00
1773 360.00
1774 260.00
1775 180.00
1776 280.00
1777 220.00
1778 500.00
1779 160.00
1780 380.00
1781 280.00
1782 400.00
1783 340.00
1784 400.00
1785 380.00
1786 300.00
1787 460.00
1788 460.00
1789 400.00
1790 160.00
1791 180.00
1792 360.00
1793 180.00
1794 460.00
1795 480.00
1796 380.00
1797 420.00
1798 340.00
1799 220.00
1800 280.00
1801 360.00
1802 360.00
1803 360.00
1804 420.00
1805 380.00
1806 440.00
1807 400.00
1808 420.00
1809 320.00
1810 400.00
1811 200.00
1812 340.00
1813 440.00
1814 400.00
1815 380.00
1816 320.00
1817 400.00
1818 360.00
1819 420.00
1820 340.00
1821 360.00
1822 220.00
1823 240.00
1824 300.00
1825 320.00
1826 280.00
1827 320.00
1828 360.00
1829 340.00
1830 180.00
1831 380.00
1832 120.00
1833 400.00
1834 320.00
1835 420.00
1836 440.00
1837 180.00
1838 460.00
1839 180.00
1840 440.00
1841 340.00
1842 360.00
1843 360.00
1844 300.00
1845 240.00
1846 400.00
1847 380.00
1848 400.00
1849 360.00
1850 480.00
1851 320.00
1852 340.00
1853 200.00
1854 260.00
1855 300.00
1856 360.00
1857 280.00
1858 300.00
1859 420.00
1860 440.00
1861 320.00
1862 400.00
1863 340.00
1864 260.00
1865 260.00
1866 280.00
1867 300.00
1868 220.00
1869 460.00
1870 320.00
1871 320.00
1872 260.00
1873 460.00
1874 340.00
1875 220.00
1876 340.00
1877 360.00
1878 280.00
1879 400.00
1880 360.00
1881 380.00
1882 320.00
1883 120.00
1884 360.00
1885 460.00
1886 240.00
1887 420.00
1888 240.00
1889 360.00
1890 440.00
1891 360.00
1892 420.00
1893 220.00
1894 280.00
1895 380.00
1896 440.00
1897 260.00
1898 280.00
1899 360.00
1900 340.00
1901 500.00
1902 380.00
1903 460.00
1904 420.00
1905 500.00
1906 460.00
1907 440.00
1908 240.00
1909 340.00
1910 420.00
1911 340.00
1912 420.00
1913 460.00
1914 460.00
1915 500.00
1916 500.00
1917 240.00
1918 360.00
1919 460.00
1920 200.00
1921 220.00
1922 420.00
1923 340.00
1924 320.00
1925 200.00
1926 400.00
1927 360.00
1928 380.00
1929 400.00
1930 180.00
1931 400.00
1932 380.00
1933 320.00
1934 400.00
1935 240.00
1936 320.00
1937 200.00
1938 340.00
1939 280.00
1940 300.00
1941 320.00
1942 480.00
1943 360.00
1944 280.00
1945 400.00
1946 320.00
1947 340.00
1948 200.00
1949 320.00
1950 280.00
1951 300.00
1952 300.00
1953 320.00
1954 160.00
1955 200.00
1956 340.00
1957 300.00
1958 320.00
1959 400.00
1960 360.00
1961 340.00
1962 440.00
1963 340.00
1964 380.00
1965 200.00
1966 380.00
1967 380.00
1968 380.00
1969 400.00
1970 340.00
1971 320.00
1972 280.00
1973 320.00
1974 440.00
1975 420.00
1976 260.00
1977 420.00
1978 260.00
1979 360.00
1980 340.00
1981 420.00
1982 380.00
1983 300.00
1984 300.00
1985 400.00
1986 340.00
1987 340.00
1988 400.00
1989 360.00
1990 280.00
1991 120.00
1992 340.00
1993 320.00
1994 340.00
1995 420.00
1996 200.00
1997 340.00
1998 300.00
1999 320.00
2000 360.00
2001 120.00
2002 380.00
2003 380.00
2004 240.00
2005 340.00
2006 260.00
2007 440.00
2008 380.00
2009 380.00
2010 340.00
2011 400.00
2012 260.00
2013 300.00
2014 180.00
2015 360.00
2016 340.00
2017 380.00
2018 180.00
2019 280.00
2020 480.00
2021 280.00
2022 340.00
2023 300.00
2024 260.00
2025 280.00
2026 420.00
2027 420.00
2028 500.00
2029 240.00
2030 340.00
2031 280.00
2032 360.00
2033 320.00
2034 260.00
2035 380.00
2036 360.00
2037 440.00
2038 400.00
2039 300.00
2040 420.00
2041 380.00
2042 340.00
2043 320.00
2044 500.00
2045 180.00
2046 160.00
2047 380.00
2048 340.00
2049 420.00
2050 380.00
2051 440.00
2052 400.00
2053 260.00
2054 440.00
2055 240.00
2056 380.00
2057 400.00
2058 340.00
2059 380.00
2060 320.00
2061 280.00
2062 300.00
2063 360.00
2064 400.00
2065 420.00
2066 280.00
2067 360.00
2068 340.00
2069 320.00
2070 360.00
2071 400.00
2072 260.00
2073 420.00
2074 420.00
2075 420.00
2076 360.00
2077 220.00
2078 240.00
2079 440.00
2080 400.00
2081 260.00
2082 220.00
2083 300.00
2084 320.00
2085 340.00
2086 360.00
2087 280.00
2088 300.00
2089 220.00
2090 400.00
2091 280.00
2092 440.00
2093 320.00
2094 360.00
2095 220.00
2096 400.00
2097 480.00
2098 220.00
2099 260.00
2100 240.00
2101 220.00
2102 300.00
2103 420.00
2104 380.00
2105 420.00
2106 380.00
2107 460.00
2108 300.00
2109 300.00
2110 340.00
2111 280.00
2112 320.00
2113 240.00
2114 280.00
2115 420.00
2116 140.00
2117 320.00
2118 280.00
2119 340.00
2120 340.00
2121 260.00
2122 380.00
2123 300.00
2124 240.00
2125 340.00
2126 320.00
2127 360.00
2128 260.00
2129 380.00
2130 220.00
2131 380.00
2132 380.00
2133 380.00
2134 440.00
2135 220.00
2136 240.00
2137 480.00
2138 440.00
2139 420.00
2140 440.00
2141 420.00
2142 260.00
2143 360.00
2144 280.00
2145 400.00
2146 300.00
2147 180.00
2148 340.00
2149 320.00
2150 220.00
2151 380.00
2152 240.00
2153 280.00
2154 360.00
2155 160.00
2156 400.00
2157 340.00
2158 400.00
2159 360.00
2160 260.00
2161 440.00
2162 280.00
2163 420.00
2164 460.00
2165 440.00
2166 260.00
2167 440.00
2168 320.00
2169 400.00
2170 440.00
2171 400.00
2172 340.00
2173 480.00
2174 380.00
2175 280.00
2176 380.00
2177 440.00
2178 220.00
2179 340.00
2180 300.00
2181 460.00
2182 340.00
2183 300.00
2184 360.00
2185 400.00
2186 400.00
2187 380.00
2188 440.00
2189 320.00
2190 400.00
2191 200.00
2192 400.00
2193 380.00
2194 420.00
2195 400.00
2196 460.00
2197 340.00
2198 380.00
2199 240.00
2200 360.00
2201 280.00
2202 360.00
2203 200.00
2204 200.00
2205 360.00
2206 400.00
2207 400.00
2208 280.00
2209 240.00
2210 260.00
2211 320.00
2212 260.00
2213 240.00
2214 240.00
2215 360.00
2216 400.00
2217 120.00
2218 360.00
2219 340.00
2220 320.00
2221 280.00
2222 300.00
2223 240.00
2224 400.00
2225 380.00
2226 440.00
2227 380.00
2228 420.00
2229 360.00
2230 240.00
2231 300.00
2232 380.00
2233 260.00
2234 360.00
2235 200.00
2236 400.00
2237 380.00
2238 440.00
2239 380.00
2240 300.00
2241 400.00
2242 200.00
2243 480.00
2244 420.00
2245 400.00
2246 220.00
2247 320.00
2248 240.00
2249 240.00
2250 440.00
2251 360.00
2252 320.00
2253 380.00
2254 240.00
2255 320.00
2256 400.00
2257 420.00
2258 160.00
2259 280.00
2260 340.00
2261 340.00
2262 500.00
2263 400.00
2264 220.00
2265 240.00
2266 220.00
2267 340.00
2268 340.00
2269 320.00
2270 260.00
2271 400.00
2272 400.00
2273 200.00
2274 480.00
2275 360.00
2276 340.00
2277 300.00
2278 300.00
2279 300.00
2280 180.00
2281 340.00
2282 180.00
2283 120.00
2284 400.00
2285 400.00
2286 360.00
2287 280.00
2288 340.00
2289 380.00
2290 360.00
2291 440.00
2292 440.00
2293 460.00
2294 220.00
2295 340.00
2296 320.00
2297 420.00
2298 240.00
2299 320.00
2300 400.00
2301 440.00
2302 440.00
2303 320.00
2304 360.00
2305 280.00
2306 360.00
2307 440.00
2308 300.00
2309 440.00
2310 460.00
2311 460.00
2312 180.00
2313 400.00
2314 220.00
2315 400.00
2316 360.00
2317 340.00
2318 460.00
2319 240.00
2320 400.00
2321 360.00
2322 320.00
2323 200.00
2324 380.00
2325 320.00
2326 340.00
2327 340.00
2328 280.00
2329 500.00
2330 340.00
2331 380.00
2332 300.00
2333 280.00
2334 220.00
2335 480.00
2336 380.00
2337 440.00
2338 480.00
2339 380.00
2340 400.00
2341 480.00
2342 420.00
2343 380.00
2344 400.00
2345 380.00
2346 380.00
2347 280.00
2348 440.00
2349 360.00
2350 460.00
2351 380.00
2352 240.00
2353 420.00
2354 360.00
2355 400.00
2356 420.00
2357 380.00
2358 420.00
2359 360.00
2360 420.00
2361 380.00
2362 240.00
2363 480.00
2364 440.00
2365 380.00
2366 280.00
2367 420.00
2368 500.00
2369 420.00
2370 280.00
2371 400.00
2372 420.00
2373 400.00
2374 460.00
2375 440.00
2376 460.00
2377 380.00
2378 420.00
2379 400.00
2380 280.00
2381 260.00
2382 360.00
2383 280.00
2384 300.00
2385 380.00
2386 280.00
2387 340.00
2388 460.00
2389 340.00
2390 280.00
2391 340.00
2392 440.00
2393 400.00
2394 300.00
2395 420.00
2396 360.00
2397 220.00
2398 300.00
2399 500.00
2400 480.00
2401 380.00
2402 320.00
2403 360.00
2404 320.00
2405 280.00
2406 400.00
2407 300.00
2408 420.00
2409 380.00
2410 320.00
2411 360.00
2412 400.00
2413 400.00
2414 180.00
2415 380.00
2416 420.00
2417 380.00
2418 360.00
2419 340.00
2420 460.00
2421 380.00
2422 440.00
2423 200.00
2424 460.00
2425 320.00
2426 360.00
2427 360.00
2428 360.00
2429 360.00
2430 340.00
2431 240.00
2432 240.00
2433 320.00
2434 360.00
2435 320.00
2436 360.00
2437 400.00
2438 360.00
2439 380.00
2440 380.00
2441 320.00
2442 380.00
2443 260.00
2444 440.00
2445 400.00
2446 420.00
2447 440.00
2448 160.00
2449 280.00
2450 400.00
2451 320.00
2452 360.00
2453 400.00
2454 260.00
2455 420.00
2456 320.00
2457 420.00
2458 440.00
2459 360.00
2460 420.00
2461 320.00
2462 380.00
2463 380.00
2464 380.00
2465 400.00
2466 320.00
2467 300.00
2468 380.00
2469 260.00
2470 240.00
2471 320.00
2472 420.00
2473 360.00
2474 420.00
2475 420.00
2476 240.00
2477 340.00
2478 360.00
2479 340.00
2480 400.00
2481 360.00
2482 360.00
2483 320.00
2484 440.00
2485 360.00
2486 360.00
2487 340.00
2488 360.00
2489 320.00
2490 320.00
2491 360.00
2492 340.00
2493 380.00
2494 360.00
2495 420.00
2496 320.00
2497 300.00
2498 180.00
2499 220.00
2500 360.00
2501 400.00
2502 400.00
2503 320.00
2504 360.00
2505 240.00
2506 240.00
2507 340.00
2508 360.00
2509 320.00
2510 240.00
2511 340.00
2512 340.00
2513 400.00
2514 220.00
2515 300.00
2516 400.00
2517 260.00
2518 380.00
2519 380.00
2520 380.00
2521 400.00
2522 220.00
2523 260.00
2524 280.00
2525 300.00
2526 260.00
2527 160.00
2528 320.00
2529 300.00
2530 260.00
2531 260.00
2532 300.00
2533 420.00
2534 440.00
2535 340.00
2536 380.00
2537 440.00
2538 480.00
2539 400.00
2540 340.00
2541 240.00
2542 360.00
2543 320.00
2544 280.00
2545 360.00
2546 320.00
2547 280.00
2548 340.00
2549 320.00
2550 340.00
2551 420.00
2552 360.00
2553 320.00
2554 320.00
2555 420.00
2556 380.00
2557 420.00
2558 360.00
2559 340.00
2560 280.00
2561 320.00
2562 380.00
2563 280.00
2564 320.00
2565 320.00
2566 420.00
2567 420.00
2568 380.00
2569 320.00
2570 340.00
2571 320.00
2572 320.00
2573 300.00
2574 380.00
2575 280.00
2576 340.00
2577 360.00
2578 360.00
2579 360.00
2580 360.00
2581 320.00
2582 360.00
2583 300.00
2584 240.00
2585 280.00
2586 260.00
2587 160.00
2588 300.00
2589 300.00
2590 200.00
2591 280.00
2592 300.00
2593 320.00
2594 380.00
2595 440.00
2596 300.00
2597 300.00
2598 240.00
2599 100.00
2600 200.00
2601 440.00
2602 320.00
2603 360.00
2604 440.00
2605 320.00
2606 320.00
2607 480.00
2608 300.00
2609 360.00
2610 360.00
2611 400.00
2612 420.00
2613 360.00
2614 340.00
2615 360.00
2616 300.00
2617 380.00
2618 460.00
2619 420.00
2620 400.00
2621 340.00
2622 360.00
2623 420.00
2624 240.00
2625 380.00
2626 340.00
2627 240.00
2628 420.00
2629 220.00
2630 420.00
2631 420.00
2632 360.00
2633 380.00
2634 320.00
2635 420.00
2636 440.00
2637 420.00
2638 380.00
2639 340.00
2640 400.00
2641 480.00
2642 360.00
2643 440.00
2644 420.00
2645 380.00
2646 400.00
2647 400.00
2648 360.00
2649 420.00
2650 360.00
2651 360.00
2652 340.00
2653 460.00
2654 340.00
2655 320.00
2656 360.00
2657 340.00
2658 420.00
2659 400.00
2660 240.00
2661 300.00
2662 300.00
2663 380.00
2664 400.00
2665 380.00
2666 360.00
2667 360.00
2668 300.00
2669 280.00
2670 440.00
2671 300.00
2672 200.00
2673 480.00
2674 300.00
2675 440.00
2676 380.00
2677 340.00
2678 400.00
2679 300.00
2680 400.00
2681 360.00
2682 400.00
2683 300.00
2684 360.00
2685 200.00
2686 320.00
2687 440.00
2688 280.00
2689 500.00
2690 240.00
2691 420.00
2692 340.00
2693 420.00
2694 400.00
2695 440.00
2696 320.00
2697 380.00
2698 440.00
2699 420.00
2700 340.00
2701 380.00
2702 440.00
2703 400.00
2704 420.00
2705 420.00
2706 440.00
2707 380.00
2708 200.00
2709 400.00
2710 360.00
2711 380.00
2712 420.00
2713 360.00
2714 360.00
2715 360.00
2716 240.00
2717 400.00
2718 360.00
2719 360.00
2720 160.00
2721 360.00
2722 400.00
2723 200.00
2724 400.00
2725 340.00
2726 380.00
2727 240.00
2728 280.00
2729 420.00
2730 440.00
2731 340.00
2732 420.00
2733 340.00
2734 400.00
2735 340.00
2736 240.00
2737 200.00
2738 420.00
2739 300.00
2740 260.00
2741 460.00
2742 340.00
2743 380.00
2744 340.00
2745 400.00
2746 240.00
2747 320.00
2748 160.00
2749 340.00
2750 360.00
2751 360.00
2752 300.00
2753 300.00
2754 360.00
2755 340.00
2756 320.00
2757 340.00
2758 300.00
2759 380.00
2760 240.00
2761 440.00
2762 420.00
2763 380.00
2764 400.00
2765 280.00
2766 420.00
2767 320.00
2768 360.00
2769 180.00
2770 360.00
2771 320.00
2772 460.00
2773 380.00
2774 300.00
2775 340.00
2776 380.00
2777 320.00
2778 320.00
2779 360.00
2780 400.00
2781 340.00
2782 160.00
2783 320.00
2784 300.00
2785 300.00
2786 340.00
2787 460.00
2788 380.00
2789 320.00
2790 360.00
2791 400.00
2792 420.00
2793 360.00
2794 400.00
2795 300.00
2796 420.00
2797 380.00
2798 380.00
2799 240.00
2800 360.00
2801 260.00
2802 320.00
2803 280.00
2804 420.00
2805 300.00
2806 460.00
2807 300.00
2808 440.00
2809 380.00
2810 180.00
2811 400.00
2812 360.00
2813 240.00
2814 460.00
2815 240.00
2816 420.00
2817 380.00
2818 400.00
2819 440.00
2820 380.00
2821 260.00
2822 340.00
2823 340.00
2824 380.00
2825 400.00
2826 360.00
2827 460.00
2828 380.00
2829 300.00
2830 460.00
2831 320.00
2832 400.00
2833 460.00
2834 400.00
2835 400.00
2836 260.00
2837 420.00
2838 400.00
2839 420.00
2840 460.00
2841 460.00
2842 340.00
2843 460.00
2844 280.00
2845 480.00
2846 180.00
2847 340.00
2848 440.00
2849 220.00
2850 360.00
2851 460.00
2852 340.00
2853 440.00
2854 400.00
2855 400.00
2856 360.00
2857 420.00
2858 360.00
2859 400.00
2860 340.00
2861 300.00
2862 400.00
2863 480.00
2864 380.00
2865 240.00
2866 360.00
2867 400.00
2868 280.00
2869 360.00
2870 420.00
2871 380.00
2872 340.00
2873 380.00
2874 340.00
2875 380.00
2876 420.00
2877 380.00
2878 400.00
2879 340.00
2880 300.00
2881 280.00
2882 220.00
2883 380.00
2884 220.00
2885 380.00
2886 340.00
2887 380.00
2888 420.00
2889 380.00
2890 280.00
2891 360.00
2892 380.00
2893 320.00
2894 440.00
2895 380.00
2896 360.00
2897 400.00
2898 340.00
2899 240.00
2900 360.00
2901 420.00
2902 340.00
2903 200.00
2904 380.00
2905 340.00
2906 360.00
2907 380.00
2908 460.00
2909 300.00
2910 220.00
2911 380.00
2912 360.00
2913 480.00
2914 220.00
2915 340.00
2916 320.00
2917 360.00
2918 340.00
2919 360.00
2920 320.00
2921 440.00
2922 340.00
2923 240.00
2924 360.00
2925 360.00
2926 380.00
2927 400.00
2928 400.00
2929 340.00
2930 200.00
2931 380.00
2932 400.00
2933 440.00
2934 360.00
2935 300.00
2936 420.00
2937 240.00
2938 340.00
2939 300.00
2940 320.00
2941 340.00
2942 420.00
2943 400.00
2944 360.00
2945 380.00
2946 260.00
2947 380.00
2948 460.00
2949 320.00
2950 200.00
2951 300.00
2952 400.00
2953 400.00
2954 440.00
2955 380.00
2956 400.00
2957 260.00
2958 340.00
2959 380.00
2960 280.00
2961 400.00
2962 280.00
2963 460.00
2964 300.00
2965 280.00
2966 320.00
2967 360.00
2968 220.00
2969 360.00
2970 300.00
2971 280.00
2972 260.00
2973 360.00
2974 300.00
2975 380.00
2976 280.00
2977 360.00
2978 360.00
2979 360.00
2980 380.00
2981 320.00
2982 380.00
2983 380.00
2984 380.00
2985 380.00
2986 320.00
2987 420.00
2988 280.00
2989 140.00
2990 340.00
2991 360.00
2992 380.00
2993 340.00
2994 400.00
2995 340.00
2996 360.00
2997 180.00
2998 260.00
2999 320.00
