0 0.31
1 0.31
2 0.31
3 0.31
4 0.31
5 0.31
6 0.31
7 0.31
8 0.31
9 0.31
10 0.31
11 0.31
12 0.31
13 0.31
14 0.31
15 0.31
16 0.31
17 0.31
18 0.31
19 0.31
20 0.31
21 0.31
22 0.31
23 0.31
24 0.31
25 0.31
26 0.31
27 0.31
28 0.31
29 0.31
30 0.31
31 0.31
32 0.31
33 0.31
34 0.31
35 0.31
36 0.31
37 0.31
38 0.31
39 0.31
40 0.31
41 0.31
42 0.31
43 0.31
44 0.31
45 0.31
46 0.31
47 0.31
48 0.31
49 0.31
50 0.31
51 0.31
52 0.31
53 0.31
54 0.31
55 0.31
56 0.31
57 0.31
58 0.31
59 0.31
60 0.31
61 0.31
62 0.31
63 0.31
64 0.31
65 0.31
66 0.31
67 0.31
68 0.31
69 0.31
70 0.31
71 0.31
72 0.31
73 0.31
74 0.31
75 0.31
76 0.31
77 0.31
78 0.31
79 0.31
80 0.31
81 0.31
82 0.31
83 0.31
84 0.31
85 0.31
86 0.31
87 0.31
88 0.31
89 0.31
90 0.31
91 0.31
92 0.31
93 0.31
94 0.31
95 0.31
96 0.31
97 0.31
98 0.31
99 0.31
100 0.31
101 0.31
102 0.31
103 0.31
104 0.31
105 0.31
106 0.31
107 0.31
108 0.31
109 0.31
110 0.31
111 0.31
112 0.31
113 0.31
114 0.31
115 0.31
116 0.31
117 0.31
118 0.31
119 0.31
120 0.31
121 0.31
122 0.31
123 0.31
124 0.31
125 0.31
126 0.31
127 0.31
128 0.31
129 0.31
130 0.31
131 0.31
132 0.31
133 0.31
134 0.31
135 0.31
136 0.31
137 0.31
138 0.31
139 0.31
140 0.31
141 0.31
142 0.31
143 0.31
144 0.31
145 0.31
146 0.31
147 0.31
148 0.31
149 0.31
150 0.31
151 0.31
152 0.31
153 0.31
154 0.31
155 0.31
156 0.31
157 0.31
158 0.31
159 0.31
160 0.31
161 0.31
162 0.31
163 0.31
164 0.31
165 0.31
166 0.31
167 0.31
168 0.31
169 0.31
170 0.31
171 0.31
172 0.31
173 0.31
174 0.31
175 0.31
176 0.31
177 0.31
178 0.31
179 0.31
180 0.31
181 0.31
182 0.31
183 0.31
184 0.31
185 0.31
186 0.31
187 0.31
188 0.31
189 0.31
190 0.31
191 0.31
192 0.31
193 0.31
194 0.31
195 0.31
196 0.31
197 0.31
198 0.31
199 0.31
200 0.32
201 0.32
202 0.32
203 0.32
204 0.32
205 0.32
206 0.32
207 0.32
208 0.32
209 0.32
210 0.32
211 0.32
212 0.32
213 0.32
214 0.32
215 0.32
216 0.32
217 0.32
218 0.32
219 0.32
220 0.32
221 0.32
222 0.32
223 0.32
224 0.32
225 0.32
226 0.32
227 0.32
228 0.32
229 0.32
230 0.32
231 0.32
232 0.32
233 0.32
234 0.32
235 0.32
236 0.32
237 0.32
238 0.32
239 0.32
240 0.32
241 0.32
242 0.32
243 0.32
244 0.32
245 0.32
246 0.32
247 0.32
248 0.32
249 0.32
250 0.32
251 0.32
252 0.32
253 0.32
254 0.32
255 0.32
256 0.32
257 0.32
258 0.32
259 0.32
260 0.32
261 0.32
262 0.32
263 0.32
264 0.32
265 0.32
266 0.32
267 0.32
268 0.32
269 0.32
270 0.32
271 0.32
272 0.32
273 0.32
274 0.32
275 0.32
276 0.32
277 0.32
278 0.32
279 0.32
280 0.32
281 0.32
282 0.32
283 0.32
284 0.32
285 0.32
286 0.32
287 0.32
288 0.32
289 0.32
290 0.32
291 0.32
292 0.32
293 0.32
294 0.32
295 0.32
296 0.32
297 0.32
298 0.32
299 0.32
300 0.32
301 0.32
302 0.32
303 0.32
304 0.32
305 0.32
306 0.32
307 0.32
308 0.32
309 0.32
310 0.32
311 0.32
312 0.32
313 0.32
314 0.32
315 0.32
316 0.32
317 0.32
318 0.32
319 0.32
320 0.32
321 0.32
322 0.32
323 0.32
324 0.32
325 0.32
326 0.32
327 0.32
328 0.32
329 0.32
330 0.32
331 0.32
332 0.32
333 0.32
334 0.32
335 0.32
336 0.32
337 0.32
338 0.32
339 0.32
340 0.32
341 0.32
342 0.32
343 0.32
344 0.32
345 0.32
346 0.32
347 0.32
348 0.32
349 0.32
350 0.32
351 0.32
352 0.32
353 0.32
354 0.32
355 0.32
356 0.32
357 0.32
358 0.32
359 0.32
360 0.32
361 0.32
362 0.32
363 0.32
364 0.32
365 0.32
366 0.32
367 0.32
368 0.32
369 0.32
370 0.32
371 0.32
372 0.32
373 0.32
374 0.32
375 0.32
376 0.32
377 0.32
378 0.32
379 0.32
380 0.32
381 0.32
382 0.32
383 0.32
384 0.32
385 0.32
386 0.32
387 0.32
388 0.32
389 0.32
390 0.32
391 0.32
392 0.32
393 0.32
394 0.32
395 0.32
396 0.32
397 0.32
398 0.32
399 0.32
400 0.31
401 0.31
402 0.31
403 0.31
404 0.31
405 0.31
406 0.31
407 0.31
408 0.31
409 0.31
410 0.31
411 0.31
412 0.31
413 0.31
414 0.31
415 0.31
416 0.31
417 0.31
418 0.31
419 0.31
420 0.31
421 0.31
422 0.31
423 0.31
424 0.31
425 0.31
426 0.31
427 0.31
428 0.31
429 0.31
430 0.31
431 0.31
432 0.31
433 0.31
434 0.31
435 0.31
436 0.31
437 0.31
438 0.31
439 0.31
440 0.31
441 0.31
442 0.31
443 0.31
444 0.31
445 0.31
446 0.31
447 0.31
448 0.31
449 0.31
450 0.31
451 0.31
452 0.31
453 0.31
454 0.31
455 0.31
456 0.31
457 0.31
458 0.31
459 0.31
460 0.31
461 0.31
462 0.31
463 0.31
464 0.31
465 0.31
466 0.31
467 0.31
468 0.31
469 0.31
470 0.31
471 0.31
472 0.31
473 0.31
474 0.31
475 0.31
476 0.31
477 0.31
478 0.31
479 0.31
480 0.31
481 0.31
482 0.31
483 0.31
484 0.31
485 0.31
486 0.31
487 0.31
488 0.31
489 0.31
490 0.31
491 0.31
492 0.31
493 0.31
494 0.31
495 0.31
496 0.31
497 0.31
498 0.31
499 0.31
500 0.31
501 0.31
502 0.31
503 0.31
504 0.31
505 0.31
506 0.31
507 0.31
508 0.31
509 0.31
510 0.31
511 0.31
512 0.31
513 0.31
514 0.31
515 0.31
516 0.31
517 0.31
518 0.31
519 0.31
520 0.31
521 0.31
522 0.31
523 0.31
524 0.31
525 0.31
526 0.31
527 0.31
528 0.31
529 0.31
530 0.31
531 0.31
532 0.31
533 0.31
534 0.31
535 0.31
536 0.31
537 0.31
538 0.31
539 0.31
540 0.31
541 0.31
542 0.31
543 0.31
544 0.31
545 0.31
546 0.31
547 0.31
548 0.31
549 0.31
550 0.31
551 0.31
552 0.31
553 0.31
554 0.31
555 0.31
556 0.31
557 0.31
558 0.31
559 0.31
560 0.31
561 0.31
562 0.31
563 0.31
564 0.31
565 0.31
566 0.31
567 0.31
568 0.31
569 0.31
570 0.31
571 0.31
572 0.31
573 0.31
574 0.31
575 0.31
576 0.31
577 0.31
578 0.31
579 0.31
580 0.31
581 0.31
582 0.31
583 0.31
584 0.31
585 0.31
586 0.31
587 0.31
588 0.31
589 0.31
590 0.31
591 0.31
592 0.31
593 0.31
594 0.31
595 0.31
596 0.31
597 0.31
598 0.31
599 0.31
600 0.31
601 0.31
602 0.31
603 0.31
604 0.31
605 0.31
606 0.31
607 0.31
608 0.31
609 0.31
610 0.31
611 0.31
612 0.31
613 0.31
614 0.31
615 0.31
616 0.31
617 0.31
618 0.31
619 0.31
620 0.31
621 0.31
622 0.31
623 0.31
624 0.31
625 0.31
626 0.31
627 0.31
628 0.31
629 0.31
630 0.31
631 0.31
632 0.31
633 0.31
634 0.31
635 0.31
636 0.31
637 0.31
638 0.31
639 0.31
640 0.31
641 0.31
642 0.31
643 0.31
644 0.31
645 0.31
646 0.31
647 0.31
648 0.31
649 0.31
650 0.31
651 0.31
652 0.31
653 0.31
654 0.31
655 0.31
656 0.31
657 0.31
658 0.31
659 0.31
660 0.31
661 0.31
662 0.31
663 0.31
664 0.31
665 0.31
666 0.31
667 0.31
668 0.31
669 0.31
670 0.31
671 0.31
672 0.31
673 0.31
674 0.31
675 0.31
676 0.31
677 0.31
678 0.31
679 0.31
680 0.31
681 0.31
682 0.31
683 0.31
684 0.31
685 0.31
686 0.31
687 0.31
688 0.31
689 0.31
690 0.31
691 0.31
692 0.31
693 0.31
694 0.31
695 0.31
696 0.31
697 0.31
698 0.31
699 0.31
700 0.31
701 0.31
702 0.31
703 0.31
704 0.31
705 0.31
706 0.31
707 0.31
708 0.31
709 0.31
710 0.31
711 0.31
712 0.31
713 0.31
714 0.31
715 0.31
716 0.31
717 0.31
718 0.31
719 0.31
720 0.31
721 0.31
722 0.31
723 0.31
724 0.31
725 0.31
726 0.31
727 0.31
728 0.31
729 0.31
730 0.31
731 0.31
732 0.31
733 0.31
734 0.31
735 0.31
736 0.31
737 0.31
738 0.31
739 0.31
740 0.31
741 0.31
742 0.31
743 0.31
744 0.31
745 0.31
746 0.31
747 0.31
748 0.31
749 0.31
750 0.31
751 0.31
752 0.31
753 0.31
754 0.31
755 0.31
756 0.31
757 0.31
758 0.31
759 0.31
760 0.31
761 0.31
762 0.31
763 0.31
764 0.31
765 0.31
766 0.31
767 0.31
768 0.31
769 0.31
770 0.31
771 0.31
772 0.31
773 0.31
774 0.31
775 0.31
776 0.31
777 0.31
778 0.31
779 0.31
780 0.31
781 0.31
782 0.31
783 0.31
784 0.31
785 0.31
786 0.31
787 0.31
788 0.31
789 0.31
790 0.31
791 0.31
792 0.31
793 0.31
794 0.31
795 0.31
796 0.31
797 0.31
798 0.31
799 0.31
800 0.26
801 0.26
802 0.26
803 0.26
804 0.26
805 0.26
806 0.26
807 0.26
808 0.26
809 0.26
810 0.26
811 0.26
812 0.26
813 0.26
814 0.26
815 0.26
816 0.26
817 0.26
818 0.26
819 0.26
820 0.26
821 0.26
822 0.26
823 0.26
824 0.26
825 0.26
826 0.26
827 0.26
828 0.26
829 0.26
830 0.26
831 0.26
832 0.26
833 0.26
834 0.26
835 0.26
836 0.26
837 0.26
838 0.26
839 0.26
840 0.26
841 0.26
842 0.26
843 0.26
844 0.26
845 0.26
846 0.26
847 0.26
848 0.26
849 0.26
850 0.26
851 0.26
852 0.26
853 0.26
854 0.26
855 0.26
856 0.26
857 0.26
858 0.26
859 0.26
860 0.26
861 0.26
862 0.26
863 0.26
864 0.26
865 0.26
866 0.26
867 0.26
868 0.26
869 0.26
870 0.26
871 0.26
872 0.26
873 0.26
874 0.26
875 0.26
876 0.26
877 0.26
878 0.26
879 0.26
880 0.26
881 0.26
882 0.26
883 0.26
884 0.26
885 0.26
886 0.26
887 0.26
888 0.26
889 0.26
890 0.26
891 0.26
892 0.26
893 0.26
894 0.26
895 0.26
896 0.26
897 0.26
898 0.26
899 0.26
900 0.26
901 0.26
902 0.26
903 0.26
904 0.26
905 0.26
906 0.26
907 0.26
908 0.26
909 0.26
910 0.26
911 0.26
912 0.26
913 0.26
914 0.26
915 0.26
916 0.26
917 0.26
918 0.26
919 0.26
920 0.26
921 0.26
922 0.26
923 0.26
924 0.26
925 0.26
926 0.26
927 0.26
928 0.26
929 0.26
930 0.26
931 0.26
932 0.26
933 0.26
934 0.26
935 0.26
936 0.26
937 0.26
938 0.26
939 0.26
940 0.26
941 0.26
942 0.26
943 0.26
944 0.26
945 0.26
946 0.26
947 0.26
948 0.26
949 0.26
950 0.26
951 0.26
952 0.26
953 0.26
954 0.26
955 0.26
956 0.26
957 0.26
958 0.26
959 0.26
960 0.26
961 0.26
962 0.26
963 0.26
964 0.26
965 0.26
966 0.26
967 0.26
968 0.26
969 0.26
970 0.26
971 0.26
972 0.26
973 0.26
974 0.26
975 0.26
976 0.26
977 0.26
978 0.26
979 0.26
980 0.26
981 0.26
982 0.26
983 0.26
984 0.26
985 0.26
986 0.26
987 0.26
988 0.26
989 0.26
990 0.26
991 0.26
992 0.26
993 0.26
994 0.26
995 0.26
996 0.26
997 0.26
998 0.26
999 0.26
1000 -0.08
1001 -0.08
1002 -0.08
1003 -0.08
1004 -0.08
1005 -0.08
1006 -0.08
1007 -0.08
1008 -0.08
1009 -0.08
1010 -0.08
1011 -0.08
1012 -0.08
1013 -0.08
1014 -0.08
1015 -0.08
1016 -0.08
1017 -0.08
1018 -0.08
1019 -0.08
1020 -0.08
1021 -0.08
1022 -0.08
1023 -0.08
1024 -0.08
1025 -0.08
1026 -0.08
1027 -0.08
1028 -0.08
1029 -0.08
1030 -0.08
1031 -0.08
1032 -0.08
1033 -0.08
1034 -0.08
1035 -0.08
1036 -0.08
1037 -0.08
1038 -0.08
1039 -0.08
1040 -0.08
1041 -0.08
1042 -0.08
1043 -0.08
1044 -0.08
1045 -0.08
1046 -0.08
1047 -0.08
1048 -0.08
1049 -0.08
1050 -0.08
1051 -0.08
1052 -0.08
1053 -0.08
1054 -0.08
1055 -0.08
1056 -0.08
1057 -0.08
1058 -0.08
1059 -0.08
1060 -0.08
1061 -0.08
1062 -0.08
1063 -0.08
1064 -0.08
1065 -0.08
1066 -0.08
1067 -0.08
1068 -0.08
1069 -0.08
1070 -0.08
1071 -0.08
1072 -0.08
1073 -0.08
1074 -0.08
1075 -0.08
1076 -0.08
1077 -0.08
1078 -0.08
1079 -0.08
1080 -0.08
1081 -0.08
1082 -0.08
1083 -0.08
1084 -0.08
1085 -0.08
1086 -0.08
1087 -0.08
1088 -0.08
1089 -0.08
1090 -0.08
1091 -0.08
1092 -0.08
1093 -0.08
1094 -0.08
1095 -0.08
1096 -0.08
1097 -0.08
1098 -0.08
1099 -0.08
1100 -0.08
1101 -0.08
1102 -0.08
1103 -0.08
1104 -0.08
1105 -0.08
1106 -0.08
1107 -0.08
1108 -0.08
1109 -0.08
1110 -0.08
1111 -0.08
1112 -0.08
1113 -0.08
1114 -0.08
1115 -0.08
1116 -0.08
1117 -0.08
1118 -0.08
1119 -0.08
1120 -0.08
1121 -0.08
1122 -0.08
1123 -0.08
1124 -0.08
1125 -0.08
1126 -0.08
1127 -0.08
1128 -0.08
1129 -0.08
1130 -0.08
1131 -0.08
1132 -0.08
1133 -0.08
1134 -0.08
1135 -0.08
1136 -0.08
1137 -0.08
1138 -0.08
1139 -0.08
1140 -0.08
1141 -0.08
1142 -0.08
1143 -0.08
1144 -0.08
1145 -0.08
1146 -0.08
1147 -0.08
1148 -0.08
1149 -0.08
1150 -0.08
1151 -0.08
1152 -0.08
1153 -0.08
1154 -0.08
1155 -0.08
1156 -0.08
1157 -0.08
1158 -0.08
1159 -0.08
1160 -0.08
1161 -0.08
1162 -0.08
1163 -0.08
1164 -0.08
1165 -0.08
1166 -0.08
1167 -0.08
1168 -0.08
1169 -0.08
1170 -0.08
1171 -0.08
1172 -0.08
1173 -0.08
1174 -0.08
1175 -0.08
1176 -0.08
1177 -0.08
1178 -0.08
1179 -0.08
1180 -0.08
1181 -0.08
1182 -0.08
1183 -0.08
1184 -0.08
1185 -0.08
1186 -0.08
1187 -0.08
1188 -0.08
1189 -0.08
1190 -0.08
1191 -0.08
1192 -0.08
1193 -0.08
1194 -0.08
1195 -0.08
1196 -0.08
1197 -0.08
1198 -0.08
1199 -0.08
1200 0.32
1201 0.32
1202 0.32
1203 0.32
1204 0.32
1205 0.32
1206 0.32
1207 0.32
1208 0.32
1209 0.32
1210 0.32
1211 0.32
1212 0.32
1213 0.32
1214 0.32
1215 0.32
1216 0.32
1217 0.32
1218 0.32
1219 0.32
1220 0.32
1221 0.32
1222 0.32
1223 0.32
1224 0.32
1225 0.32
1226 0.32
1227 0.32
1228 0.32
1229 0.32
1230 0.32
1231 0.32
1232 0.32
1233 0.32
1234 0.32
1235 0.32
1236 0.32
1237 0.32
1238 0.32
1239 0.32
1240 0.32
1241 0.32
1242 0.32
1243 0.32
1244 0.32
1245 0.32
1246 0.32
1247 0.32
1248 0.32
1249 0.32
1250 0.32
1251 0.32
1252 0.32
1253 0.32
1254 0.32
1255 0.32
1256 0.32
1257 0.32
1258 0.32
1259 0.32
1260 0.32
1261 0.32
1262 0.32
1263 0.32
1264 0.32
1265 0.32
1266 0.32
1267 0.32
1268 0.32
1269 0.32
1270 0.32
1271 0.32
1272 0.32
1273 0.32
1274 0.32
1275 0.32
1276 0.32
1277 0.32
1278 0.32
1279 0.32
1280 0.32
1281 0.32
1282 0.32
1283 0.32
1284 0.32
1285 0.32
1286 0.32
1287 0.32
1288 0.32
1289 0.32
1290 0.32
1291 0.32
1292 0.32
1293 0.32
1294 0.32
1295 0.32
1296 0.32
1297 0.32
1298 0.32
1299 0.32
1300 0.32
1301 0.32
1302 0.32
1303 0.32
1304 0.32
1305 0.32
1306 0.32
1307 0.32
1308 0.32
1309 0.32
1310 0.32
1311 0.32
1312 0.32
1313 0.32
1314 0.32
1315 0.32
1316 0.32
1317 0.32
1318 0.32
1319 0.32
1320 0.32
1321 0.32
1322 0.32
1323 0.32
1324 0.32
1325 0.32
1326 0.32
1327 0.32
1328 0.32
1329 0.32
1330 0.32
1331 0.32
1332 0.32
1333 0.32
1334 0.32
1335 0.32
1336 0.32
1337 0.32
1338 0.32
1339 0.32
1340 0.32
1341 0.32
1342 0.32
1343 0.32
1344 0.32
1345 0.32
1346 0.32
1347 0.32
1348 0.32
1349 0.32
1350 0.32
1351 0.32
1352 0.32
1353 0.32
1354 0.32
1355 0.32
1356 0.32
1357 0.32
1358 0.32
1359 0.32
1360 0.32
1361 0.32
1362 0.32
1363 0.32
1364 0.32
1365 0.32
1366 0.32
1367 0.32
1368 0.32
1369 0.32
1370 0.32
1371 0.32
1372 0.32
1373 0.32
1374 0.32
1375 0.32
1376 0.32
1377 0.32
1378 0.32
1379 0.32
1380 0.32
1381 0.32
1382 0.32
1383 0.32
1384 0.32
1385 0.32
1386 0.32
1387 0.32
1388 0.32
1389 0.32
1390 0.32
1391 0.32
1392 0.32
1393 0.32
1394 0.32
1395 0.32
1396 0.32
1397 0.32
1398 0.32
1399 0.32
1400 -0.17
1401 -0.17
1402 -0.17
1403 -0.17
1404 -0.17
1405 -0.17
1406 -0.17
1407 -0.17
1408 -0.17
1409 -0.17
1410 -0.17
1411 -0.17
1412 -0.17
1413 -0.17
1414 -0.17
1415 -0.17
1416 -0.17
1417 -0.17
1418 -0.17
1419 -0.17
1420 -0.17
1421 -0.17
1422 -0.17
1423 -0.17
1424 -0.17
1425 -0.17
1426 -0.17
1427 -0.17
1428 -0.17
1429 -0.17
1430 -0.17
1431 -0.17
1432 -0.17
1433 -0.17
1434 -0.17
1435 -0.17
1436 -0.17
1437 -0.17
1438 -0.17
1439 -0.17
1440 -0.17
1441 -0.17
1442 -0.17
1443 -0.17
1444 -0.17
1445 -0.17
1446 -0.17
1447 -0.17
1448 -0.17
1449 -0.17
1450 -0.17
1451 -0.17
1452 -0.17
1453 -0.17
1454 -0.17
1455 -0.17
1456 -0.17
1457 -0.17
1458 -0.17
1459 -0.17
1460 -0.17
1461 -0.17
1462 -0.17
1463 -0.17
1464 -0.17
1465 -0.17
1466 -0.17
1467 -0.17
1468 -0.17
1469 -0.17
1470 -0.17
1471 -0.17
1472 -0.17
1473 -0.17
1474 -0.17
1475 -0.17
1476 -0.17
1477 -0.17
1478 -0.17
1479 -0.17
1480 -0.17
1481 -0.17
1482 -0.17
1483 -0.17
1484 -0.17
1485 -0.17
1486 -0.17
1487 -0.17
1488 -0.17
1489 -0.17
1490 -0.17
1491 -0.17
1492 -0.17
1493 -0.17
1494 -0.17
1495 -0.17
1496 -0.17
1497 -0.17
1498 -0.17
1499 -0.17
1500 -0.17
1501 -0.17
1502 -0.17
1503 -0.17
1504 -0.17
1505 -0.17
1506 -0.17
1507 -0.17
1508 -0.17
1509 -0.17
1510 -0.17
1511 -0.17
1512 -0.17
1513 -0.17
1514 -0.17
1515 -0.17
1516 -0.17
1517 -0.17
1518 -0.17
1519 -0.17
1520 -0.17
1521 -0.17
1522 -0.17
1523 -0.17
1524 -0.17
1525 -0.17
1526 -0.17
1527 -0.17
1528 -0.17
1529 -0.17
1530 -0.17
1531 -0.17
1532 -0.17
1533 -0.17
1534 -0.17
1535 -0.17
1536 -0.17
1537 -0.17
1538 -0.17
1539 -0.17
1540 -0.17
1541 -0.17
1542 -0.17
1543 -0.17
1544 -0.17
1545 -0.17
1546 -0.17
1547 -0.17
1548 -0.17
1549 -0.17
1550 -0.17
1551 -0.17
1552 -0.17
1553 -0.17
1554 -0.17
1555 -0.17
1556 -0.17
1557 -0.17
1558 -0.17
1559 -0.17
1560 -0.17
1561 -0.17
1562 -0.17
1563 -0.17
1564 -0.17
1565 -0.17
1566 -0.17
1567 -0.17
1568 -0.17
1569 -0.17
1570 -0.17
1571 -0.17
1572 -0.17
1573 -0.17
1574 -0.17
1575 -0.17
1576 -0.17
1577 -0.17
1578 -0.17
1579 -0.17
1580 -0.17
1581 -0.17
1582 -0.17
1583 -0.17
1584 -0.17
1585 -0.17
1586 -0.17
1587 -0.17
1588 -0.17
1589 -0.17
1590 -0.17
1591 -0.17
1592 -0.17
1593 -0.17
1594 -0.17
1595 -0.17
1596 -0.17
1597 -0.17
1598 -0.17
1599 -0.17
1600 0.33
1601 0.33
1602 0.33
1603 0.33
1604 0.33
1605 0.33
1606 0.33
1607 0.33
1608 0.33
1609 0.33
1610 0.33
1611 0.33
1612 0.33
1613 0.33
1614 0.33
1615 0.33
1616 0.33
1617 0.33
1618 0.33
1619 0.33
1620 0.33
1621 0.33
1622 0.33
1623 0.33
1624 0.33
1625 0.33
1626 0.33
1627 0.33
1628 0.33
1629 0.33
1630 0.33
1631 0.33
1632 0.33
1633 0.33
1634 0.33
1635 0.33
1636 0.33
1637 0.33
1638 0.33
1639 0.33
1640 0.33
1641 0.33
1642 0.33
1643 0.33
1644 0.33
1645 0.33
1646 0.33
1647 0.33
1648 0.33
1649 0.33
1650 0.33
1651 0.33
1652 0.33
1653 0.33
1654 0.33
1655 0.33
1656 0.33
1657 0.33
1658 0.33
1659 0.33
1660 0.33
1661 0.33
1662 0.33
1663 0.33
1664 0.33
1665 0.33
1666 0.33
1667 0.33
1668 0.33
1669 0.33
1670 0.33
1671 0.33
1672 0.33
1673 0.33
1674 0.33
1675 0.33
1676 0.33
1677 0.33
1678 0.33
1679 0.33
1680 0.33
1681 0.33
1682 0.33
1683 0.33
1684 0.33
1685 0.33
1686 0.33
1687 0.33
1688 0.33
1689 0.33
1690 0.33
1691 0.33
1692 0.33
1693 0.33
1694 0.33
1695 0.33
1696 0.33
1697 0.33
1698 0.33
1699 0.33
1700 0.33
1701 0.33
1702 0.33
1703 0.33
1704 0.33
1705 0.33
1706 0.33
1707 0.33
1708 0.33
1709 0.33
1710 0.33
1711 0.33
1712 0.33
1713 0.33
1714 0.33
1715 0.33
1716 0.33
1717 0.33
1718 0.33
1719 0.33
1720 0.33
1721 0.33
1722 0.33
1723 0.33
1724 0.33
1725 0.33
1726 0.33
1727 0.33
1728 0.33
1729 0.33
1730 0.33
1731 0.33
1732 0.33
1733 0.33
1734 0.33
1735 0.33
1736 0.33
1737 0.33
1738 0.33
1739 0.33
1740 0.33
1741 0.33
1742 0.33
1743 0.33
1744 0.33
1745 0.33
1746 0.33
1747 0.33
1748 0.33
1749 0.33
1750 0.33
1751 0.33
1752 0.33
1753 0.33
1754 0.33
1755 0.33
1756 0.33
1757 0.33
1758 0.33
1759 0.33
1760 0.33
1761 0.33
1762 0.33
1763 0.33
1764 0.33
1765 0.33
1766 0.33
1767 0.33
1768 0.33
1769 0.33
1770 0.33
1771 0.33
1772 0.33
1773 0.33
1774 0.33
1775 0.33
1776 0.33
1777 0.33
1778 0.33
1779 0.33
1780 0.33
1781 0.33
1782 0.33
1783 0.33
1784 0.33
1785 0.33
1786 0.33
1787 0.33
1788 0.33
1789 0.33
1790 0.33
1791 0.33
1792 0.33
1793 0.33
1794 0.33
1795 0.33
1796 0.33
1797 0.33
1798 0.33
1799 0.33
1800 0.27
1801 0.27
1802 0.27
1803 0.27
1804 0.27
1805 0.27
1806 0.27
1807 0.27
1808 0.27
1809 0.27
1810 0.27
1811 0.27
1812 0.27
1813 0.27
1814 0.27
1815 0.27
1816 0.27
1817 0.27
1818 0.27
1819 0.27
1820 0.27
1821 0.27
1822 0.27
1823 0.27
1824 0.27
1825 0.27
1826 0.27
1827 0.27
1828 0.27
1829 0.27
1830 0.27
1831 0.27
1832 0.27
1833 0.27
1834 0.27
1835 0.27
1836 0.27
1837 0.27
1838 0.27
1839 0.27
1840 0.27
1841 0.27
1842 0.27
1843 0.27
1844 0.27
1845 0.27
1846 0.27
1847 0.27
1848 0.27
1849 0.27
1850 0.27
1851 0.27
1852 0.27
1853 0.27
1854 0.27
1855 0.27
1856 0.27
1857 0.27
1858 0.27
1859 0.27
1860 0.27
1861 0.27
1862 0.27
1863 0.27
1864 0.27
1865 0.27
1866 0.27
1867 0.27
1868 0.27
1869 0.27
1870 0.27
1871 0.27
1872 0.27
1873 0.27
1874 0.27
1875 0.27
1876 0.27
1877 0.27
1878 0.27
1879 0.27
1880 0.27
1881 0.27
1882 0.27
1883 0.27
1884 0.27
1885 0.27
1886 0.27
1887 0.27
1888 0.27
1889 0.27
1890 0.27
1891 0.27
1892 0.27
1893 0.27
1894 0.27
1895 0.27
1896 0.27
1897 0.27
1898 0.27
1899 0.27
1900 0.27
1901 0.27
1902 0.27
1903 0.27
1904 0.27
1905 0.27
1906 0.27
1907 0.27
1908 0.27
1909 0.27
1910 0.27
1911 0.27
1912 0.27
1913 0.27
1914 0.27
1915 0.27
1916 0.27
1917 0.27
1918 0.27
1919 0.27
1920 0.27
1921 0.27
1922 0.27
1923 0.27
1924 0.27
1925 0.27
1926 0.27
1927 0.27
1928 0.27
1929 0.27
1930 0.27
1931 0.27
1932 0.27
1933 0.27
1934 0.27
1935 0.27
1936 0.27
1937 0.27
1938 0.27
1939 0.27
1940 0.27
1941 0.27
1942 0.27
1943 0.27
1944 0.27
1945 0.27
1946 0.27
1947 0.27
1948 0.27
1949 0.27
1950 0.27
1951 0.27
1952 0.27
1953 0.27
1954 0.27
1955 0.27
1956 0.27
1957 0.27
1958 0.27
1959 0.27
1960 0.27
1961 0.27
1962 0.27
1963 0.27
1964 0.27
1965 0.27
1966 0.27
1967 0.27
1968 0.27
1969 0.27
1970 0.27
1971 0.27
1972 0.27
1973 0.27
1974 0.27
1975 0.27
1976 0.27
1977 0.27
1978 0.27
1979 0.27
1980 0.27
1981 0.27
1982 0.27
1983 0.27
1984 0.27
1985 0.27
1986 0.27
1987 0.27
1988 0.27
1989 0.27
1990 0.27
1991 0.27
1992 0.27
1993 0.27
1994 0.27
1995 0.27
1996 0.27
1997 0.27
1998 0.27
1999 0.27
2000 0.34
2001 0.34
2002 0.34
2003 0.34
2004 0.34
2005 0.34
2006 0.34
2007 0.34
2008 0.34
2009 0.34
2010 0.34
2011 0.34
2012 0.34
2013 0.34
2014 0.34
2015 0.34
2016 0.34
2017 0.34
2018 0.34
2019 0.34
2020 0.34
2021 0.34
2022 0.34
2023 0.34
2024 0.34
2025 0.34
2026 0.34
2027 0.34
2028 0.34
2029 0.34
2030 0.34
2031 0.34
2032 0.34
2033 0.34
2034 0.34
2035 0.34
2036 0.34
2037 0.34
2038 0.34
2039 0.34
2040 0.34
2041 0.34
2042 0.34
2043 0.34
2044 0.34
2045 0.34
2046 0.34
2047 0.34
2048 0.34
2049 0.34
2050 0.34
2051 0.34
2052 0.34
2053 0.34
2054 0.34
2055 0.34
2056 0.34
2057 0.34
2058 0.34
2059 0.34
2060 0.34
2061 0.34
2062 0.34
2063 0.34
2064 0.34
2065 0.34
2066 0.34
2067 0.34
2068 0.34
2069 0.34
2070 0.34
2071 0.34
2072 0.34
2073 0.34
2074 0.34
2075 0.34
2076 0.34
2077 0.34
2078 0.34
2079 0.34
2080 0.34
2081 0.34
2082 0.34
2083 0.34
2084 0.34
2085 0.34
2086 0.34
2087 0.34
2088 0.34
2089 0.34
2090 0.34
2091 0.34
2092 0.34
2093 0.34
2094 0.34
2095 0.34
2096 0.34
2097 0.34
2098 0.34
2099 0.34
2100 0.34
2101 0.34
2102 0.34
2103 0.34
2104 0.34
2105 0.34
2106 0.34
2107 0.34
2108 0.34
2109 0.34
2110 0.34
2111 0.34
2112 0.34
2113 0.34
2114 0.34
2115 0.34
2116 0.34
2117 0.34
2118 0.34
2119 0.34
2120 0.34
2121 0.34
2122 0.34
2123 0.34
2124 0.34
2125 0.34
2126 0.34
2127 0.34
2128 0.34
2129 0.34
2130 0.34
2131 0.34
2132 0.34
2133 0.34
2134 0.34
2135 0.34
2136 0.34
2137 0.34
2138 0.34
2139 0.34
2140 0.34
2141 0.34
2142 0.34
2143 0.34
2144 0.34
2145 0.34
2146 0.34
2147 0.34
2148 0.34
2149 0.34
2150 0.34
2151 0.34
2152 0.34
2153 0.34
2154 0.34
2155 0.34
2156 0.34
2157 0.34
2158 0.34
2159 0.34
2160 0.34
2161 0.34
2162 0.34
2163 0.34
2164 0.34
2165 0.34
2166 0.34
2167 0.34
2168 0.34
2169 0.34
2170 0.34
2171 0.34
2172 0.34
2173 0.34
2174 0.34
2175 0.34
2176 0.34
2177 0.34
2178 0.34
2179 0.34
2180 0.34
2181 0.34
2182 0.34
2183 0.34
2184 0.34
2185 0.34
2186 0.34
2187 0.34
2188 0.34
2189 0.34
2190 0.34
2191 0.34
2192 0.34
2193 0.34
2194 0.34
2195 0.34
2196 0.34
2197 0.34
2198 0.34
2199 0.34
2200 0.14
2201 0.14
2202 0.14
2203 0.14
2204 0.14
2205 0.14
2206 0.14
2207 0.14
2208 0.14
2209 0.14
2210 0.14
2211 0.14
2212 0.14
2213 0.14
2214 0.14
2215 0.14
2216 0.14
2217 0.14
2218 0.14
2219 0.14
2220 0.14
2221 0.14
2222 0.14
2223 0.14
2224 0.14
2225 0.14
2226 0.14
2227 0.14
2228 0.14
2229 0.14
2230 0.14
2231 0.14
2232 0.14
2233 0.14
2234 0.14
2235 0.14
2236 0.14
2237 0.14
2238 0.14
2239 0.14
2240 0.14
2241 0.14
2242 0.14
2243 0.14
2244 0.14
2245 0.14
2246 0.14
2247 0.14
2248 0.14
2249 0.14
2250 0.14
2251 0.14
2252 0.14
2253 0.14
2254 0.14
2255 0.14
2256 0.14
2257 0.14
2258 0.14
2259 0.14
2260 0.14
2261 0.14
2262 0.14
2263 0.14
2264 0.14
2265 0.14
2266 0.14
2267 0.14
2268 0.14
2269 0.14
2270 0.14
2271 0.14
2272 0.14
2273 0.14
2274 0.14
2275 0.14
2276 0.14
2277 0.14
2278 0.14
2279 0.14
2280 0.14
2281 0.14
2282 0.14
2283 0.14
2284 0.14
2285 0.14
2286 0.14
2287 0.14
2288 0.14
2289 0.14
2290 0.14
2291 0.14
2292 0.14
2293 0.14
2294 0.14
2295 0.14
2296 0.14
2297 0.14
2298 0.14
2299 0.14
2300 0.14
2301 0.14
2302 0.14
2303 0.14
2304 0.14
2305 0.14
2306 0.14
2307 0.14
2308 0.14
2309 0.14
2310 0.14
2311 0.14
2312 0.14
2313 0.14
2314 0.14
2315 0.14
2316 0.14
2317 0.14
2318 0.14
2319 0.14
2320 0.14
2321 0.14
2322 0.14
2323 0.14
2324 0.14
2325 0.14
2326 0.14
2327 0.14
2328 0.14
2329 0.14
2330 0.14
2331 0.14
2332 0.14
2333 0.14
2334 0.14
2335 0.14
2336 0.14
2337 0.14
2338 0.14
2339 0.14
2340 0.14
2341 0.14
2342 0.14
2343 0.14
2344 0.14
2345 0.14
2346 0.14
2347 0.14
2348 0.14
2349 0.14
2350 0.14
2351 0.14
2352 0.14
2353 0.14
2354 0.14
2355 0.14
2356 0.14
2357 0.14
2358 0.14
2359 0.14
2360 0.14
2361 0.14
2362 0.14
2363 0.14
2364 0.14
2365 0.14
2366 0.14
2367 0.14
2368 0.14
2369 0.14
2370 0.14
2371 0.14
2372 0.14
2373 0.14
2374 0.14
2375 0.14
2376 0.14
2377 0.14
2378 0.14
2379 0.14
2380 0.14
2381 0.14
2382 0.14
2383 0.14
2384 0.14
2385 0.14
2386 0.14
2387 0.14
2388 0.14
2389 0.14
2390 0.14
2391 0.14
2392 0.14
2393 0.14
2394 0.14
2395 0.14
2396 0.14
2397 0.14
2398 0.14
2399 0.14
2400 0.27
2401 0.27
2402 0.27
2403 0.27
2404 0.27
2405 0.27
2406 0.27
2407 0.27
2408 0.27
2409 0.27
2410 0.27
2411 0.27
2412 0.27
2413 0.27
2414 0.27
2415 0.27
2416 0.27
2417 0.27
2418 0.27
2419 0.27
2420 0.27
2421 0.27
2422 0.27
2423 0.27
2424 0.27
2425 0.27
2426 0.27
2427 0.27
2428 0.27
2429 0.27
2430 0.27
2431 0.27
2432 0.27
2433 0.27
2434 0.27
2435 0.27
2436 0.27
2437 0.27
2438 0.27
2439 0.27
2440 0.27
2441 0.27
2442 0.27
2443 0.27
2444 0.27
2445 0.27
2446 0.27
2447 0.27
2448 0.27
2449 0.27
2450 0.27
2451 0.27
2452 0.27
2453 0.27
2454 0.27
2455 0.27
2456 0.27
2457 0.27
2458 0.27
2459 0.27
2460 0.27
2461 0.27
2462 0.27
2463 0.27
2464 0.27
2465 0.27
2466 0.27
2467 0.27
2468 0.27
2469 0.27
2470 0.27
2471 0.27
2472 0.27
2473 0.27
2474 0.27
2475 0.27
2476 0.27
2477 0.27
2478 0.27
2479 0.27
2480 0.27
2481 0.27
2482 0.27
2483 0.27
2484 0.27
2485 0.27
2486 0.27
2487 0.27
2488 0.27
2489 0.27
2490 0.27
2491 0.27
2492 0.27
2493 0.27
2494 0.27
2495 0.27
2496 0.27
2497 0.27
2498 0.27
2499 0.27
2500 0.27
2501 0.27
2502 0.27
2503 0.27
2504 0.27
2505 0.27
2506 0.27
2507 0.27
2508 0.27
2509 0.27
2510 0.27
2511 0.27
2512 0.27
2513 0.27
2514 0.27
2515 0.27
2516 0.27
2517 0.27
2518 0.27
2519 0.27
2520 0.27
2521 0.27
2522 0.27
2523 0.27
2524 0.27
2525 0.27
2526 0.27
2527 0.27
2528 0.27
2529 0.27
2530 0.27
2531 0.27
2532 0.27
2533 0.27
2534 0.27
2535 0.27
2536 0.27
2537 0.27
2538 0.27
2539 0.27
2540 0.27
2541 0.27
2542 0.27
2543 0.27
2544 0.27
2545 0.27
2546 0.27
2547 0.27
2548 0.27
2549 0.27
2550 0.27
2551 0.27
2552 0.27
2553 0.27
2554 0.27
2555 0.27
2556 0.27
2557 0.27
2558 0.27
2559 0.27
2560 0.27
2561 0.27
2562 0.27
2563 0.27
2564 0.27
2565 0.27
2566 0.27
2567 0.27
2568 0.27
2569 0.27
2570 0.27
2571 0.27
2572 0.27
2573 0.27
2574 0.27
2575 0.27
2576 0.27
2577 0.27
2578 0.27
2579 0.27
2580 0.27
2581 0.27
2582 0.27
2583 0.27
2584 0.27
2585 0.27
2586 0.27
2587 0.27
2588 0.27
2589 0.27
2590 0.27
2591 0.27
2592 0.27
2593 0.27
2594 0.27
2595 0.27
2596 0.27
2597 0.27
2598 0.27
2599 0.27
2600 0.23
2601 0.23
2602 0.23
2603 0.23
2604 0.23
2605 0.23
2606 0.23
2607 0.23
2608 0.23
2609 0.23
2610 0.23
2611 0.23
2612 0.23
2613 0.23
2614 0.23
2615 0.23
2616 0.23
2617 0.23
2618 0.23
2619 0.23
2620 0.23
2621 0.23
2622 0.23
2623 0.23
2624 0.23
2625 0.23
2626 0.23
2627 0.23
2628 0.23
2629 0.23
2630 0.23
2631 0.23
2632 0.23
2633 0.23
2634 0.23
2635 0.23
2636 0.23
2637 0.23
2638 0.23
2639 0.23
2640 0.23
2641 0.23
2642 0.23
2643 0.23
2644 0.23
2645 0.23
2646 0.23
2647 0.23
2648 0.23
2649 0.23
2650 0.23
2651 0.23
2652 0.23
2653 0.23
2654 0.23
2655 0.23
2656 0.23
2657 0.23
2658 0.23
2659 0.23
2660 0.23
2661 0.23
2662 0.23
2663 0.23
2664 0.23
2665 0.23
2666 0.23
2667 0.23
2668 0.23
2669 0.23
2670 0.23
2671 0.23
2672 0.23
2673 0.23
2674 0.23
2675 0.23
2676 0.23
2677 0.23
2678 0.23
2679 0.23
2680 0.23
2681 0.23
2682 0.23
2683 0.23
2684 0.23
2685 0.23
2686 0.23
2687 0.23
2688 0.23
2689 0.23
2690 0.23
2691 0.23
2692 0.23
2693 0.23
2694 0.23
2695 0.23
2696 0.23
2697 0.23
2698 0.23
2699 0.23
2700 0.23
2701 0.23
2702 0.23
2703 0.23
2704 0.23
2705 0.23
2706 0.23
2707 0.23
2708 0.23
2709 0.23
2710 0.23
2711 0.23
2712 0.23
2713 0.23
2714 0.23
2715 0.23
2716 0.23
2717 0.23
2718 0.23
2719 0.23
2720 0.23
2721 0.23
2722 0.23
2723 0.23
2724 0.23
2725 0.23
2726 0.23
2727 0.23
2728 0.23
2729 0.23
2730 0.23
2731 0.23
2732 0.23
2733 0.23
2734 0.23
2735 0.23
2736 0.23
2737 0.23
2738 0.23
2739 0.23
2740 0.23
2741 0.23
2742 0.23
2743 0.23
2744 0.23
2745 0.23
2746 0.23
2747 0.23
2748 0.23
2749 0.23
2750 0.23
2751 0.23
2752 0.23
2753 0.23
2754 0.23
2755 0.23
2756 0.23
2757 0.23
2758 0.23
2759 0.23
2760 0.23
2761 0.23
2762 0.23
2763 0.23
2764 0.23
2765 0.23
2766 0.23
2767 0.23
2768 0.23
2769 0.23
2770 0.23
2771 0.23
2772 0.23
2773 0.23
2774 0.23
2775 0.23
2776 0.23
2777 0.23
2778 0.23
2779 0.23
2780 0.23
2781 0.23
2782 0.23
2783 0.23
2784 0.23
2785 0.23
2786 0.23
2787 0.23
2788 0.23
2789 0.23
2790 0.23
2791 0.23
2792 0.23
2793 0.23
2794 0.23
2795 0.23
2796 0.23
2797 0.23
2798 0.23
2799 0.23
2800 0.23
2801 0.23
2802 0.23
2803 0.23
2804 0.23
2805 0.23
2806 0.23
2807 0.23
2808 0.23
2809 0.23
2810 0.23
2811 0.23
2812 0.23
2813 0.23
2814 0.23
2815 0.23
2816 0.23
2817 0.23
2818 0.23
2819 0.23
2820 0.23
2821 0.23
2822 0.23
2823 0.23
2824 0.23
2825 0.23
2826 0.23
2827 0.23
2828 0.23
2829 0.23
2830 0.23
2831 0.23
2832 0.23
2833 0.23
2834 0.23
2835 0.23
2836 0.23
2837 0.23
2838 0.23
2839 0.23
2840 0.23
2841 0.23
2842 0.23
2843 0.23
2844 0.23
2845 0.23
2846 0.23
2847 0.23
2848 0.23
2849 0.23
2850 0.23
2851 0.23
2852 0.23
2853 0.23
2854 0.23
2855 0.23
2856 0.23
2857 0.23
2858 0.23
2859 0.23
2860 0.23
2861 0.23
2862 0.23
2863 0.23
2864 0.23
2865 0.23
2866 0.23
2867 0.23
2868 0.23
2869 0.23
2870 0.23
2871 0.23
2872 0.23
2873 0.23
2874 0.23
2875 0.23
2876 0.23
2877 0.23
2878 0.23
2879 0.23
2880 0.23
2881 0.23
2882 0.23
2883 0.23
2884 0.23
2885 0.23
2886 0.23
2887 0.23
2888 0.23
2889 0.23
2890 0.23
2891 0.23
2892 0.23
2893 0.23
2894 0.23
2895 0.23
2896 0.23
2897 0.23
2898 0.23
2899 0.23
2900 0.23
2901 0.23
2902 0.23
2903 0.23
2904 0.23
2905 0.23
2906 0.23
2907 0.23
2908 0.23
2909 0.23
2910 0.23
2911 0.23
2912 0.23
2913 0.23
2914 0.23
2915 0.23
2916 0.23
2917 0.23
2918 0.23
2919 0.23
2920 0.23
2921 0.23
2922 0.23
2923 0.23
2924 0.23
2925 0.23
2926 0.23
2927 0.23
2928 0.23
2929 0.23
2930 0.23
2931 0.23
2932 0.23
2933 0.23
2934 0.23
2935 0.23
2936 0.23
2937 0.23
2938 0.23
2939 0.23
2940 0.23
2941 0.23
2942 0.23
2943 0.23
2944 0.23
2945 0.23
2946 0.23
2947 0.23
2948 0.23
2949 0.23
2950 0.23
2951 0.23
2952 0.23
2953 0.23
2954 0.23
2955 0.23
2956 0.23
2957 0.23
2958 0.23
2959 0.23
2960 0.23
2961 0.23
2962 0.23
2963 0.23
2964 0.23
2965 0.23
2966 0.23
2967 0.23
2968 0.23
2969 0.23
2970 0.23
2971 0.23
2972 0.23
2973 0.23
2974 0.23
2975 0.23
2976 0.23
2977 0.23
2978 0.23
2979 0.23
2980 0.23
2981 0.23
2982 0.23
2983 0.23
2984 0.23
2985 0.23
2986 0.23
2987 0.23
2988 0.23
2989 0.23
2990 0.23
2991 0.23
2992 0.23
2993 0.23
2994 0.23
2995 0.23
2996 0.23
2997 0.23
2998 0.23
2999 0.23
