0 242.00
1 269.00
2 280.00
3 310.00
4 263.00
5 276.00
6 285.00
7 285.00
8 309.00
9 288.00
10 250.00
11 295.00
12 311.00
13 314.00
14 338.00
15 288.00
16 308.00
17 315.00
18 261.00
19 292.00
20 249.00
21 304.00
22 295.00
23 302.00
24 293.00
25 311.00
26 288.00
27 258.00
28 257.00
29 271.00
30 288.00
31 294.00
32 261.00
33 298.00
34 246.00
35 290.00
36 300.00
37 281.00
38 307.00
39 295.00
40 291.00
41 282.00
42 281.00
43 275.00
44 270.00
45 295.00
46 270.00
47 263.00
48 294.00
49 268.00
50 279.00
51 262.00
52 296.00
53 323.00
54 313.00
55 282.00
56 256.00
57 301.00
58 269.00
59 264.00
60 279.00
61 301.00
62 331.00
63 285.00
64 279.00
65 268.00
66 324.00
67 260.00
68 281.00
69 305.00
70 268.00
71 278.00
72 298.00
73 272.00
74 281.00
75 303.00
76 321.00
77 302.00
78 275.00
79 283.00
80 270.00
81 265.00
82 274.00
83 296.00
84 268.00
85 267.00
86 260.00
87 260.00
88 273.00
89 280.00
90 308.00
91 297.00
92 321.00
93 274.00
94 281.00
95 317.00
96 263.00
97 288.00
98 302.00
99 300.00
100 280.00
101 273.00
102 322.00
103 296.00
104 304.00
105 312.00
106 320.00
107 310.00
108 299.00
109 303.00
110 304.00
111 311.00
112 271.00
113 278.00
114 286.00
115 297.00
116 273.00
117 301.00
118 332.00
119 295.00
120 302.00
121 336.00
122 303.00
123 271.00
124 249.00
125 263.00
126 306.00
127 286.00
128 264.00
129 277.00
130 253.00
131 297.00
132 297.00
133 273.00
134 301.00
135 306.00
136 301.00
137 275.00
138 308.00
139 283.00
140 334.00
141 250.00
142 278.00
143 295.00
144 295.00
145 329.00
146 291.00
147 301.00
148 297.00
149 310.00
150 317.00
151 280.00
152 307.00
153 306.00
154 314.00
155 293.00
156 338.00
157 315.00
158 281.00
159 286.00
160 303.00
161 277.00
162 349.00
163 314.00
164 310.00
165 314.00
166 347.00
167 325.00
168 324.00
169 343.00
170 301.00
171 328.00
172 312.00
173 322.00
174 333.00
175 300.00
176 295.00
177 285.00
178 287.00
179 280.00
180 278.00
181 329.00
182 297.00
183 331.00
184 308.00
185 348.00
186 291.00
187 345.00
188 312.00
189 281.00
190 340.00
191 259.00
192 266.00
193 284.00
194 298.00
195 291.00
196 323.00
197 308.00
198 332.00
199 291.00
200 295.00
201 330.00
202 296.00
203 307.00
204 298.00
205 335.00
206 302.00
207 276.00
208 305.00
209 283.00
210 324.00
211 303.00
212 323.00
213 260.00
214 275.00
215 315.00
216 354.00
217 312.00
218 323.00
219 366.00
220 316.00
221 280.00
222 268.00
223 345.00
224 265.00
225 340.00
226 263.00
227 286.00
228 330.00
229 282.00
230 308.00
231 278.00
232 380.00
233 308.00
234 284.00
235 294.00
236 258.00
237 315.00
238 305.00
239 317.00
240 336.00
241 299.00
242 342.00
243 299.00
244 312.00
245 298.00
246 313.00
247 316.00
248 293.00
249 363.00
250 311.00
251 298.00
252 285.00
253 338.00
254 313.00
255 303.00
256 319.00
257 299.00
258 289.00
259 280.00
260 294.00
261 270.00
262 313.00
263 273.00
264 281.00
265 283.00
266 324.00
267 350.00
268 353.00
269 309.00
270 313.00
271 337.00
272 316.00
273 301.00
274 279.00
275 332.00
276 337.00
277 313.00
278 291.00
279 309.00
280 283.00
281 302.00
282 333.00
283 304.00
284 312.00
285 273.00
286 337.00
287 332.00
288 297.00
289 295.00
290 277.00
291 282.00
292 286.00
293 308.00
294 323.00
295 323.00
296 313.00
297 317.00
298 290.00
299 313.00
300 321.00
301 274.00
302 307.00
303 342.00
304 311.00
305 284.00
306 295.00
307 331.00
308 327.00
309 302.00
310 308.00
311 290.00
312 298.00
313 323.00
314 298.00
315 319.00
316 286.00
317 319.00
318 275.00
319 324.00
320 355.00
321 311.00
322 295.00
323 299.00
324 317.00
325 326.00
326 313.00
327 288.00
328 311.00
329 283.00
330 319.00
331 325.00
332 284.00
333 290.00
334 353.00
335 283.00
336 344.00
337 329.00
338 330.00
339 277.00
340 293.00
341 323.00
342 319.00
343 292.00
344 315.00
345 335.00
346 347.00
347 286.00
348 304.00
349 337.00
350 307.00
351 272.00
352 289.00
353 320.00
354 336.00
355 367.00
356 306.00
357 357.00
358 334.00
359 322.00
360 286.00
361 356.00
362 308.00
363 287.00
364 328.00
365 317.00
366 357.00
367 323.00
368 327.00
369 320.00
370 312.00
371 324.00
372 303.00
373 317.00
374 246.00
375 323.00
376 330.00
377 303.00
378 297.00
379 291.00
380 292.00
381 320.00
382 315.00
383 290.00
384 313.00
385 309.00
386 331.00
387 340.00
388 265.00
389 321.00
390 307.00
391 282.00
392 272.00
393 294.00
394 300.00
395 323.00
396 333.00
397 344.00
398 296.00
399 340.00
400 265.00
401 343.00
402 312.00
403 362.00
404 336.00
405 340.00
406 299.00
407 290.00
408 339.00
409 329.00
410 301.00
411 328.00
412 327.00
413 313.00
414 303.00
415 344.00
416 308.00
417 298.00
418 323.00
419 367.00
420 300.00
421 300.00
422 310.00
423 311.00
424 363.00
425 321.00
426 317.00
427 325.00
428 359.00
429 330.00
430 302.00
431 275.00
432 320.00
433 327.00
434 314.00
435 332.00
436 284.00
437 346.00
438 314.00
439 328.00
440 308.00
441 361.00
442 308.00
443 311.00
444 318.00
445 315.00
446 317.00
447 351.00
448 314.00
449 350.00
450 300.00
451 309.00
452 307.00
453 309.00
454 294.00
455 358.00
456 310.00
457 328.00
458 337.00
459 306.00
460 328.00
461 297.00
462 310.00
463 324.00
464 330.00
465 327.00
466 366.00
467 319.00
468 317.00
469 365.00
470 336.00
471 346.00
472 326.00
473 306.00
474 321.00
475 315.00
476 318.00
477 257.00
478 349.00
479 312.00
480 296.00
481 327.00
482 335.00
483 329.00
484 308.00
485 349.00
486 293.00
487 346.00
488 290.00
489 337.00
490 300.00
491 284.00
492 341.00
493 348.00
494 319.00
495 356.00
496 318.00
497 313.00
498 362.00
499 345.00
500 345.00
501 347.00
502 332.00
503 329.00
504 306.00
505 320.00
506 345.00
507 346.00
508 339.00
509 302.00
510 304.00
511 299.00
512 356.00
513 331.00
514 349.00
515 305.00
516 321.00
517 315.00
518 342.00
519 357.00
520 300.00
521 346.00
522 307.00
523 355.00
524 334.00
525 333.00
526 334.00
527 333.00
528 346.00
529 319.00
530 343.00
531 307.00
532 333.00
533 310.00
534 353.00
535 328.00
536 317.00
537 353.00
538 309.00
539 299.00
540 337.00
541 309.00
542 328.00
543 341.00
544 347.00
545 326.00
546 353.00
547 314.00
548 358.00
549 335.00
550 332.00
551 362.00
552 303.00
553 291.00
554 339.00
555 339.00
556 337.00
557 345.00
558 317.00
559 299.00
560 288.00
561 330.00
562 355.00
563 308.00
564 322.00
565 349.00
566 329.00
567 338.00
568 335.00
569 329.00
570 317.00
571 318.00
572 355.00
573 335.00
574 339.00
575 331.00
576 302.00
577 304.00
578 321.00
579 336.00
580 357.00
581 342.00
582 304.00
583 344.00
584 298.00
585 319.00
586 331.00
587 328.00
588 281.00
589 305.00
590 362.00
591 362.00
592 334.00
593 356.00
594 354.00
595 326.00
596 313.00
597 322.00
598 353.00
599 300.00
600 295.00
601 320.00
602 305.00
603 368.00
604 265.00
605 359.00
606 305.00
607 334.00
608 341.00
609 311.00
610 315.00
611 332.00
612 339.00
613 326.00
614 337.00
615 365.00
616 342.00
617 358.00
618 313.00
619 341.00
620 377.00
621 287.00
622 368.00
623 321.00
624 317.00
625 290.00
626 328.00
627 335.00
628 326.00
629 359.00
630 330.00
631 338.00
632 320.00
633 332.00
634 324.00
635 354.00
636 404.00
637 352.00
638 316.00
639 328.00
640 366.00
641 368.00
642 363.00
643 344.00
644 348.00
645 355.00
646 340.00
647 315.00
648 342.00
649 343.00
650 367.00
651 315.00
652 298.00
653 348.00
654 360.00
655 355.00
656 301.00
657 325.00
658 329.00
659 340.00
660 329.00
661 317.00
662 341.00
663 359.00
664 388.00
665 332.00
666 355.00
667 365.00
668 373.00
669 319.00
670 332.00
671 301.00
672 364.00
673 314.00
674 318.00
675 332.00
676 354.00
677 336.00
678 345.00
679 313.00
680 328.00
681 338.00
682 404.00
683 339.00
684 355.00
685 343.00
686 336.00
687 366.00
688 365.00
689 323.00
690 347.00
691 332.00
692 378.00
693 350.00
694 358.00
695 304.00
696 318.00
697 380.00
698 343.00
699 297.00
700 292.00
701 337.00
702 346.00
703 321.00
704 341.00
705 371.00
706 350.00
707 237.00
708 335.00
709 320.00
710 298.00
711 300.00
712 338.00
713 327.00
714 321.00
715 344.00
716 314.00
717 355.00
718 347.00
719 348.00
720 348.00
721 362.00
722 337.00
723 337.00
724 329.00
725 345.00
726 350.00
727 359.00
728 348.00
729 359.00
730 325.00
731 364.00
732 315.00
733 351.00
734 331.00
735 344.00
736 340.00
737 349.00
738 393.00
739 400.00
740 320.00
741 355.00
742 358.00
743 348.00
744 325.00
745 407.00
746 356.00
747 356.00
748 357.00
749 334.00
750 322.00
751 355.00
752 350.00
753 344.00
754 340.00
755 328.00
756 308.00
757 336.00
758 346.00
759 358.00
760 319.00
761 353.00
762 344.00
763 366.00
764 336.00
765 362.00
766 329.00
767 331.00
768 369.00
769 341.00
770 312.00
771 348.00
772 350.00
773 377.00
774 353.00
775 327.00
776 358.00
777 334.00
778 330.00
779 362.00
780 343.00
781 348.00
782 345.00
783 312.00
784 340.00
785 364.00
786 342.00
787 378.00
788 357.00
789 367.00
790 281.00
791 330.00
792 325.00
793 340.00
794 343.00
795 330.00
796 343.00
797 344.00
798 315.00
799 366.00
800 335.00
801 314.00
802 362.00
803 348.00
804 375.00
805 376.00
806 343.00
807 339.00
808 295.00
809 357.00
810 341.00
811 350.00
812 375.00
813 362.00
814 361.00
815 328.00
816 311.00
817 400.00
818 326.00
819 306.00
820 361.00
821 367.00
822 354.00
823 367.00
824 332.00
825 339.00
826 336.00
827 331.00
828 343.00
829 302.00
830 376.00
831 339.00
832 342.00
833 362.00
834 323.00
835 335.00
836 281.00
837 337.00
838 321.00
839 326.00
840 385.00
841 353.00
842 352.00
843 392.00
844 309.00
845 407.00
846 315.00
847 328.00
848 305.00
849 350.00
850 355.00
851 355.00
852 332.00
853 358.00
854 347.00
855 369.00
856 313.00
857 366.00
858 348.00
859 365.00
860 349.00
861 363.00
862 333.00
863 386.00
864 362.00
865 368.00
866 296.00
867 372.00
868 339.00
869 366.00
870 348.00
871 399.00
872 349.00
873 314.00
874 348.00
875 351.00
876 341.00
877 360.00
878 346.00
879 372.00
880 346.00
881 315.00
882 374.00
883 350.00
884 370.00
885 358.00
886 311.00
887 307.00
888 322.00
889 320.00
890 353.00
891 360.00
892 349.00
893 357.00
894 348.00
895 332.00
896 358.00
897 336.00
898 309.00
899 318.00
900 355.00
901 325.00
902 356.00
903 314.00
904 344.00
905 329.00
906 338.00
907 347.00
908 273.00
909 325.00
910 350.00
911 295.00
912 341.00
913 314.00
914 349.00
915 362.00
916 343.00
917 333.00
918 331.00
919 321.00
920 380.00
921 378.00
922 356.00
923 360.00
924 333.00
925 361.00
926 385.00
927 314.00
928 354.00
929 337.00
930 347.00
931 326.00
932 312.00
933 349.00
934 325.00
935 376.00
936 323.00
937 333.00
938 311.00
939 338.00
940 354.00
941 360.00
942 349.00
943 368.00
944 368.00
945 389.00
946 350.00
947 353.00
948 334.00
949 374.00
950 352.00
951 379.00
952 344.00
953 348.00
954 346.00
955 305.00
956 373.00
957 321.00
958 385.00
959 328.00
960 367.00
961 334.00
962 347.00
963 334.00
964 359.00
965 335.00
966 341.00
967 306.00
968 353.00
969 351.00
970 358.00
971 340.00
972 347.00
973 341.00
974 369.00
975 346.00
976 352.00
977 363.00
978 352.00
979 316.00
980 368.00
981 354.00
982 337.00
983 355.00
984 338.00
985 308.00
986 355.00
987 347.00
988 346.00
989 334.00
990 372.00
991 320.00
992 317.00
993 343.00
994 345.00
995 333.00
996 348.00
997 389.00
998 392.00
999 411.00
1000 365.00
1001 292.00
1002 314.00
1003 336.00
1004 323.00
1005 354.00
1006 335.00
1007 371.00
1008 352.00
1009 385.00
1010 311.00
1011 365.00
1012 353.00
1013 345.00
1014 336.00
1015 338.00
1016 346.00
1017 361.00
1018 340.00
1019 356.00
1020 306.00
1021 343.00
1022 368.00
1023 345.00
1024 359.00
1025 331.00
1026 319.00
1027 366.00
1028 351.00
1029 354.00
1030 350.00
1031 321.00
1032 353.00
1033 388.00
1034 369.00
1035 363.00
1036 305.00
1037 368.00
1038 321.00
1039 314.00
1040 393.00
1041 327.00
1042 376.00
1043 312.00
1044 355.00
1045 390.00
1046 336.00
1047 354.00
1048 345.00
1049 336.00
1050 329.00
1051 366.00
1052 333.00
1053 316.00
1054 354.00
1055 350.00
1056 346.00
1057 330.00
1058 346.00
1059 352.00
1060 374.00
1061 378.00
1062 347.00
1063 353.00
1064 362.00
1065 352.00
1066 342.00
1067 365.00
1068 354.00
1069 321.00
1070 358.00
1071 371.00
1072 339.00
1073 342.00
1074 412.00
1075 338.00
1076 372.00
1077 374.00
1078 378.00
1079 387.00
1080 330.00
1081 325.00
1082 370.00
1083 350.00
1084 330.00
1085 347.00
1086 336.00
1087 361.00
1088 370.00
1089 385.00
1090 361.00
1091 321.00
1092 339.00
1093 386.00
1094 306.00
1095 356.00
1096 334.00
1097 366.00
1098 365.00
1099 348.00
1100 303.00
1101 341.00
1102 317.00
1103 357.00
1104 379.00
1105 365.00
1106 394.00
1107 325.00
1108 321.00
1109 373.00
1110 326.00
1111 363.00
1112 332.00
1113 329.00
1114 298.00
1115 352.00
1116 359.00
1117 359.00
1118 353.00
1119 370.00
1120 339.00
1121 333.00
1122 363.00
1123 322.00
1124 330.00
1125 362.00
1126 322.00
1127 365.00
1128 323.00
1129 312.00
1130 356.00
1131 334.00
1132 310.00
1133 320.00
1134 366.00
1135 339.00
1136 365.00
1137 325.00
1138 358.00
1139 330.00
1140 334.00
1141 367.00
1142 330.00
1143 326.00
1144 303.00
1145 384.00
1146 341.00
1147 356.00
1148 341.00
1149 365.00
1150 371.00
1151 330.00
1152 337.00
1153 335.00
1154 369.00
1155 314.00
1156 330.00
1157 345.00
1158 343.00
1159 347.00
1160 323.00
1161 336.00
1162 306.00
1163 320.00
1164 360.00
1165 365.00
1166 303.00
1167 381.00
1168 381.00
1169 338.00
1170 348.00
1171 307.00
1172 312.00
1173 390.00
1174 391.00
1175 371.00
1176 338.00
1177 358.00
1178 371.00
1179 317.00
1180 363.00
1181 354.00
1182 359.00
1183 393.00
1184 392.00
1185 368.00
1186 369.00
1187 356.00
1188 347.00
1189 347.00
1190 342.00
1191 378.00
1192 318.00
1193 293.00
1194 363.00
1195 378.00
1196 299.00
1197 376.00
1198 315.00
1199 348.00
1200 360.00
1201 317.00
1202 350.00
1203 360.00
1204 284.00
1205 369.00
1206 342.00
1207 360.00
1208 352.00
1209 353.00
1210 321.00
1211 434.00
1212 342.00
1213 355.00
1214 349.00
1215 352.00
1216 362.00
1217 325.00
1218 398.00
1219 314.00
1220 381.00
1221 361.00
1222 354.00
1223 354.00
1224 404.00
1225 369.00
1226 388.00
1227 331.00
1228 351.00
1229 336.00
1230 365.00
1231 361.00
1232 339.00
1233 345.00
1234 347.00
1235 344.00
1236 363.00
1237 349.00
1238 329.00
1239 372.00
1240 319.00
1241 364.00
1242 331.00
1243 355.00
1244 372.00
1245 352.00
1246 354.00
1247 375.00
1248 338.00
1249 362.00
1250 356.00
1251 341.00
1252 376.00
1253 374.00
1254 399.00
1255 342.00
1256 360.00
1257 349.00
1258 306.00
1259 371.00
1260 337.00
1261 310.00
1262 385.00
1263 388.00
1264 344.00
1265 340.00
1266 332.00
1267 352.00
1268 384.00
1269 365.00
1270 352.00
1271 366.00
1272 358.00
1273 325.00
1274 335.00
1275 387.00
1276 341.00
1277 377.00
1278 374.00
1279 359.00
1280 389.00
1281 349.00
1282 357.00
1283 343.00
1284 337.00
1285 386.00
1286 365.00
1287 352.00
1288 361.00
1289 361.00
1290 334.00
1291 324.00
1292 365.00
1293 314.00
1294 360.00
1295 351.00
1296 360.00
1297 367.00
1298 345.00
1299 363.00
1300 293.00
1301 315.00
1302 331.00
1303 360.00
1304 354.00
1305 351.00
1306 335.00
1307 328.00
1308 358.00
1309 355.00
1310 371.00
1311 367.00
1312 321.00
1313 318.00
1314 328.00
1315 372.00
1316 342.00
1317 351.00
1318 321.00
1319 341.00
1320 349.00
1321 356.00
1322 349.00
1323 346.00
1324 316.00
1325 325.00
1326 301.00
1327 347.00
1328 393.00
1329 371.00
1330 330.00
1331 320.00
1332 348.00
1333 346.00
1334 318.00
1335 338.00
1336 374.00
1337 390.00
1338 338.00
1339 358.00
1340 367.00
1341 359.00
1342 361.00
1343 352.00
1344 340.00
1345 333.00
1346 341.00
1347 345.00
1348 332.00
1349 378.00
1350 327.00
1351 359.00
1352 313.00
1353 354.00
1354 311.00
1355 373.00
1356 351.00
1357 298.00
1358 357.00
1359 335.00
1360 308.00
1361 305.00
1362 362.00
1363 348.00
1364 372.00
1365 311.00
1366 328.00
1367 372.00
1368 359.00
1369 373.00
1370 370.00
1371 336.00
1372 374.00
1373 385.00
1374 291.00
1375 378.00
1376 394.00
1377 341.00
1378 361.00
1379 322.00
1380 332.00
1381 296.00
1382 328.00
1383 346.00
1384 360.00
1385 311.00
1386 367.00
1387 351.00
1388 371.00
1389 366.00
1390 387.00
1391 330.00
1392 336.00
1393 340.00
1394 354.00
1395 296.00
1396 381.00
1397 339.00
1398 403.00
1399 353.00
1400 366.00
1401 315.00
1402 349.00
1403 358.00
1404 341.00
1405 361.00
1406 360.00
1407 313.00
1408 372.00
1409 350.00
1410 360.00
1411 361.00
1412 373.00
1413 362.00
1414 330.00
1415 336.00
1416 324.00
1417 376.00
1418 388.00
1419 344.00
1420 317.00
1421 333.00
1422 316.00
1423 358.00
1424 376.00
1425 376.00
1426 340.00
1427 381.00
1428 347.00
1429 367.00
1430 348.00
1431 319.00
1432 370.00
1433 381.00
1434 312.00
1435 328.00
1436 345.00
1437 345.00
1438 327.00
1439 347.00
1440 336.00
1441 350.00
1442 337.00
1443 348.00
1444 383.00
1445 336.00
1446 321.00
1447 329.00
1448 318.00
1449 282.00
1450 325.00
1451 346.00
1452 332.00
1453 343.00
1454 365.00
1455 350.00
1456 365.00
1457 336.00
1458 336.00
1459 366.00
1460 356.00
1461 337.00
1462 341.00
1463 319.00
1464 357.00
1465 312.00
1466 368.00
1467 344.00
1468 351.00
1469 336.00
1470 323.00
1471 367.00
1472 354.00
1473 350.00
1474 356.00
1475 338.00
1476 307.00
1477 388.00
1478 333.00
1479 333.00
1480 404.00
1481 352.00
1482 369.00
1483 369.00
1484 350.00
1485 340.00
1486 333.00
1487 336.00
1488 358.00
1489 302.00
1490 307.00
1491 328.00
1492 345.00
1493 326.00
1494 370.00
1495 380.00
1496 361.00
1497 377.00
1498 342.00
1499 322.00
1500 360.00
1501 375.00
1502 308.00
1503 336.00
1504 370.00
1505 341.00
1506 298.00
1507 335.00
1508 356.00
1509 308.00
1510 334.00
1511 327.00
1512 337.00
1513 339.00
1514 376.00
1515 318.00
1516 358.00
1517 350.00
1518 366.00
1519 346.00
1520 373.00
1521 332.00
1522 370.00
1523 352.00
1524 342.00
1525 317.00
1526 376.00
1527 297.00
1528 343.00
1529 398.00
1530 350.00
1531 373.00
1532 313.00
1533 295.00
1534 341.00
1535 339.00
1536 339.00
1537 376.00
1538 345.00
1539 297.00
1540 359.00
1541 344.00
1542 332.00
1543 356.00
1544 381.00
1545 348.00
1546 358.00
1547 325.00
1548 321.00
1549 352.00
1550 350.00
1551 314.00
1552 367.00
1553 375.00
1554 316.00
1555 324.00
1556 333.00
1557 354.00
1558 353.00
1559 321.00
1560 362.00
1561 344.00
1562 379.00
1563 360.00
1564 312.00
1565 356.00
1566 366.00
1567 335.00
1568 364.00
1569 352.00
1570 373.00
1571 334.00
1572 337.00
1573 387.00
1574 319.00
1575 355.00
1576 348.00
1577 343.00
1578 270.00
1579 357.00
1580 369.00
1581 347.00
1582 336.00
1583 396.00
1584 337.00
1585 356.00
1586 357.00
1587 340.00
1588 321.00
1589 315.00
1590 355.00
1591 318.00
1592 340.00
1593 324.00
1594 325.00
1595 348.00
1596 344.00
1597 318.00
1598 345.00
1599 366.00
1600 374.00
1601 346.00
1602 353.00
1603 347.00
1604 318.00
1605 352.00
1606 322.00
1607 359.00
1608 338.00
1609 372.00
1610 357.00
1611 341.00
1612 331.00
1613 343.00
1614 357.00
1615 385.00
1616 367.00
1617 330.00
1618 354.00
1619 330.00
1620 374.00
1621 379.00
1622 347.00
1623 347.00
1624 350.00
1625 377.00
1626 364.00
1627 363.00
1628 354.00
1629 289.00
1630 375.00
1631 344.00
1632 323.00
1633 373.00
1634 334.00
1635 337.00
1636 338.00
1637 326.00
1638 335.00
1639 388.00
1640 318.00
1641 339.00
1642 325.00
1643 338.00
1644 347.00
1645 377.00
1646 305.00
1647 342.00
1648 339.00
1649 348.00
1650 357.00
1651 357.00
1652 357.00
1653 341.00
1654 361.00
1655 347.00
1656 363.00
1657 357.00
1658 361.00
1659 361.00
1660 332.00
1661 338.00
1662 360.00
1663 350.00
1664 377.00
1665 314.00
1666 363.00
1667 334.00
1668 344.00
1669 345.00
1670 312.00
1671 330.00
1672 337.00
1673 334.00
1674 362.00
1675 319.00
1676 369.00
1677 349.00
1678 343.00
1679 343.00
1680 371.00
1681 343.00
1682 349.00
1683 344.00
1684 330.00
1685 371.00
1686 360.00
1687 335.00
1688 351.00
1689 388.00
1690 348.00
1691 350.00
1692 359.00
1693 363.00
1694 341.00
1695 352.00
1696 380.00
1697 331.00
1698 347.00
1699 306.00
1700 348.00
1701 341.00
1702 358.00
1703 358.00
1704 317.00
1705 355.00
1706 371.00
1707 348.00
1708 360.00
1709 349.00
1710 332.00
1711 350.00
1712 362.00
1713 343.00
1714 353.00
1715 357.00
1716 328.00
1717 341.00
1718 327.00
1719 358.00
1720 331.00
1721 351.00
1722 331.00
1723 330.00
1724 345.00
1725 342.00
1726 305.00
1727 334.00
1728 323.00
1729 316.00
1730 344.00
1731 337.00
1732 353.00
1733 333.00
1734 318.00
1735 346.00
1736 366.00
1737 334.00
1738 354.00
1739 357.00
1740 368.00
1741 341.00
1742 332.00
1743 386.00
1744 365.00
1745 376.00
1746 305.00
1747 348.00
1748 350.00
1749 317.00
1750 344.00
1751 351.00
1752 358.00
1753 360.00
1754 340.00
1755 355.00
1756 332.00
1757 390.00
1758 364.00
1759 359.00
1760 350.00
1761 339.00
1762 322.00
1763 359.00
1764 350.00
1765 359.00
1766 342.00
1767 374.00
1768 356.00
1769 324.00
1770 345.00
1771 332.00
1772 361.00
1773 329.00
1774 354.00
1775 389.00
1776 302.00
1777 376.00
1778 345.00
1779 344.00
1780 362.00
1781 351.00
1782 395.00
1783 355.00
1784 344.00
1785 365.00
1786 364.00
1787 342.00
1788 345.00
1789 371.00
1790 339.00
1791 344.00
1792 321.00
1793 346.00
1794 334.00
1795 390.00
1796 364.00
1797 366.00
1798 384.00
1799 349.00
1800 350.00
1801 377.00
1802 362.00
1803 357.00
1804 342.00
1805 344.00
1806 343.00
1807 341.00
1808 346.00
1809 309.00
1810 337.00
1811 341.00
1812 343.00
1813 374.00
1814 340.00
1815 388.00
1816 369.00
1817 361.00
1818 349.00
1819 341.00
1820 314.00
1821 366.00
1822 359.00
1823 349.00
1824 361.00
1825 309.00
1826 399.00
1827 329.00
1828 356.00
1829 349.00
1830 342.00
1831 363.00
1832 371.00
1833 350.00
1834 346.00
1835 359.00
1836 322.00
1837 349.00
1838 350.00
1839 338.00
1840 328.00
1841 373.00
1842 325.00
1843 361.00
1844 364.00
1845 351.00
1846 344.00
1847 333.00
1848 343.00
1849 374.00
1850 320.00
1851 298.00
1852 342.00
1853 352.00
1854 358.00
1855 358.00
1856 313.00
1857 332.00
1858 345.00
1859 374.00
1860 329.00
1861 352.00
1862 330.00
1863 343.00
1864 325.00
1865 372.00
1866 389.00
1867 385.00
1868 360.00
1869 350.00
1870 360.00
1871 388.00
1872 314.00
1873 364.00
1874 345.00
1875 382.00
1876 363.00
1877 354.00
1878 354.00
1879 325.00
1880 369.00
1881 367.00
1882 358.00
1883 332.00
1884 338.00
1885 347.00
1886 315.00
1887 350.00
1888 321.00
1889 348.00
1890 345.00
1891 327.00
1892 334.00
1893 356.00
1894 332.00
1895 311.00
1896 360.00
1897 329.00
1898 338.00
1899 343.00
1900 335.00
1901 310.00
1902 346.00
1903 314.00
1904 342.00
1905 322.00
1906 320.00
1907 334.00
1908 342.00
1909 303.00
1910 310.00
1911 337.00
1912 309.00
1913 355.00
1914 345.00
1915 309.00
1916 348.00
1917 370.00
1918 365.00
1919 381.00
1920 321.00
1921 336.00
1922 311.00
1923 321.00
1924 338.00
1925 343.00
1926 364.00
1927 346.00
1928 325.00
1929 362.00
1930 344.00
1931 333.00
1932 299.00
1933 355.00
1934 360.00
1935 333.00
1936 322.00
1937 315.00
1938 313.00
1939 347.00
1940 334.00
1941 309.00
1942 313.00
1943 319.00
1944 336.00
1945 354.00
1946 334.00
1947 356.00
1948 326.00
1949 354.00
1950 378.00
1951 374.00
1952 350.00
1953 326.00
1954 362.00
1955 302.00
1956 342.00
1957 348.00
1958 370.00
1959 323.00
1960 334.00
1961 344.00
1962 307.00
1963 366.00
1964 313.00
1965 316.00
1966 360.00
1967 321.00
1968 341.00
1969 354.00
1970 329.00
1971 378.00
1972 360.00
1973 349.00
1974 346.00
1975 354.00
1976 347.00
1977 346.00
1978 364.00
1979 353.00
1980 366.00
1981 344.00
1982 331.00
1983 346.00
1984 337.00
1985 351.00
1986 346.00
1987 340.00
1988 343.00
1989 326.00
1990 366.00
1991 307.00
1992 331.00
1993 313.00
1994 304.00
1995 314.00
1996 323.00
1997 354.00
1998 350.00
1999 331.00
2000 342.00
2001 356.00
2002 337.00
2003 351.00
2004 358.00
2005 327.00
2006 352.00
2007 333.00
2008 308.00
2009 322.00
2010 381.00
2011 384.00
2012 358.00
2013 338.00
2014 333.00
2015 349.00
2016 379.00
2017 358.00
2018 335.00
2019 329.00
2020 350.00
2021 300.00
2022 340.00
2023 347.00
2024 347.00
2025 351.00
2026 342.00
2027 362.00
2028 367.00
2029 351.00
2030 372.00
2031 357.00
2032 334.00
2033 336.00
2034 347.00
2035 317.00
2036 328.00
2037 368.00
2038 355.00
2039 343.00
2040 349.00
2041 349.00
2042 314.00
2043 347.00
2044 315.00
2045 332.00
2046 350.00
2047 340.00
2048 344.00
2049 332.00
2050 348.00
2051 337.00
2052 334.00
2053 360.00
2054 358.00
2055 357.00
2056 357.00
2057 341.00
2058 350.00
2059 348.00
2060 336.00
2061 364.00
2062 375.00
2063 353.00
2064 327.00
2065 379.00
2066 331.00
2067 326.00
2068 310.00
2069 310.00
2070 343.00
2071 351.00
2072 322.00
2073 343.00
2074 367.00
2075 336.00
2076 355.00
2077 345.00
2078 367.00
2079 353.00
2080 351.00
2081 376.00
2082 319.00
2083 349.00
2084 348.00
2085 327.00
2086 415.00
2087 327.00
2088 317.00
2089 357.00
2090 338.00
2091 336.00
2092 345.00
2093 325.00
2094 357.00
2095 338.00
2096 336.00
2097 314.00
2098 357.00
2099 346.00
2100 317.00
2101 364.00
2102 348.00
2103 317.00
2104 376.00
2105 306.00
2106 363.00
2107 366.00
2108 366.00
2109 304.00
2110 363.00
2111 333.00
2112 365.00
2113 345.00
2114 349.00
2115 311.00
2116 363.00
2117 342.00
2118 344.00
2119 336.00
2120 332.00
2121 351.00
2122 368.00
2123 321.00
2124 349.00
2125 342.00
2126 325.00
2127 367.00
2128 335.00
2129 344.00
2130 342.00
2131 355.00
2132 366.00
2133 348.00
2134 335.00
2135 344.00
2136 314.00
2137 355.00
2138 327.00
2139 373.00
2140 348.00
2141 348.00
2142 328.00
2143 321.00
2144 340.00
2145 327.00
2146 330.00
2147 340.00
2148 358.00
2149 337.00
2150 322.00
2151 349.00
2152 356.00
2153 274.00
2154 359.00
2155 370.00
2156 352.00
2157 341.00
2158 350.00
2159 335.00
2160 326.00
2161 379.00
2162 324.00
2163 345.00
2164 313.00
2165 349.00
2166 340.00
2167 291.00
2168 356.00
2169 320.00
2170 336.00
2171 347.00
2172 338.00
2173 327.00
2174 361.00
2175 363.00
2176 337.00
2177 331.00
2178 336.00
2179 347.00
2180 341.00
2181 347.00
2182 338.00
2183 305.00
2184 347.00
2185 375.00
2186 285.00
2187 338.00
2188 331.00
2189 370.00
2190 347.00
2191 342.00
2192 323.00
2193 367.00
2194 319.00
2195 350.00
2196 345.00
2197 332.00
2198 333.00
2199 348.00
2200 347.00
2201 349.00
2202 376.00
2203 353.00
2204 318.00
2205 335.00
2206 343.00
2207 367.00
2208 381.00
2209 348.00
2210 327.00
2211 350.00
2212 334.00
2213 364.00
2214 352.00
2215 355.00
2216 303.00
2217 351.00
2218 347.00
2219 375.00
2220 351.00
2221 339.00
2222 345.00
2223 324.00
2224 337.00
2225 342.00
2226 339.00
2227 315.00
2228 372.00
2229 298.00
2230 354.00
2231 371.00
2232 351.00
2233 313.00
2234 353.00
2235 332.00
2236 333.00
2237 336.00
2238 349.00
2239 313.00
2240 336.00
2241 331.00
2242 360.00
2243 327.00
2244 352.00
2245 326.00
2246 313.00
2247 339.00
2248 317.00
2249 354.00
2250 364.00
2251 333.00
2252 324.00
2253 339.00
2254 347.00
2255 327.00
2256 298.00
2257 366.00
2258 354.00
2259 329.00
2260 331.00
2261 357.00
2262 357.00
2263 318.00
2264 325.00
2265 346.00
2266 324.00
2267 362.00
2268 367.00
2269 319.00
2270 358.00
2271 346.00
2272 334.00
2273 349.00
2274 357.00
2275 331.00
2276 346.00
2277 331.00
2278 318.00
2279 332.00
2280 326.00
2281 307.00
2282 332.00
2283 355.00
2284 338.00
2285 367.00
2286 350.00
2287 329.00
2288 275.00
2289 334.00
2290 282.00
2291 319.00
2292 374.00
2293 287.00
2294 354.00
2295 355.00
2296 330.00
2297 306.00
2298 333.00
2299 333.00
2300 336.00
2301 328.00
2302 356.00
2303 314.00
2304 365.00
2305 364.00
2306 352.00
2307 374.00
2308 347.00
2309 340.00
2310 355.00
2311 320.00
2312 320.00
2313 347.00
2314 335.00
2315 355.00
2316 340.00
2317 359.00
2318 382.00
2319 364.00
2320 376.00
2321 340.00
2322 366.00
2323 336.00
2324 322.00
2325 315.00
2326 362.00
2327 384.00
2328 363.00
2329 352.00
2330 331.00
2331 336.00
2332 385.00
2333 369.00
2334 331.00
2335 343.00
2336 377.00
2337 379.00
2338 335.00
2339 353.00
2340 342.00
2341 346.00
2342 398.00
2343 344.00
2344 380.00
2345 322.00
2346 355.00
2347 365.00
2348 368.00
2349 344.00
2350 341.00
2351 365.00
2352 364.00
2353 367.00
2354 352.00
2355 381.00
2356 351.00
2357 362.00
2358 348.00
2359 360.00
2360 363.00
2361 356.00
2362 355.00
2363 375.00
2364 299.00
2365 352.00
2366 315.00
2367 336.00
2368 322.00
2369 343.00
2370 322.00
2371 311.00
2372 320.00
2373 353.00
2374 325.00
2375 352.00
2376 322.00
2377 375.00
2378 354.00
2379 293.00
2380 341.00
2381 341.00
2382 327.00
2383 355.00
2384 314.00
2385 324.00
2386 359.00
2387 343.00
2388 322.00
2389 336.00
2390 327.00
2391 338.00
2392 340.00
2393 327.00
2394 318.00
2395 298.00
2396 332.00
2397 348.00
2398 281.00
2399 337.00
2400 358.00
2401 294.00
2402 330.00
2403 323.00
2404 327.00
2405 331.00
2406 333.00
2407 328.00
2408 361.00
2409 377.00
2410 348.00
2411 363.00
2412 356.00
2413 364.00
2414 343.00
2415 344.00
2416 341.00
2417 341.00
2418 336.00
2419 353.00
2420 343.00
2421 344.00
2422 307.00
2423 341.00
2424 344.00
2425 362.00
2426 319.00
2427 334.00
2428 359.00
2429 356.00
2430 336.00
2431 349.00
2432 349.00
2433 329.00
2434 349.00
2435 345.00
2436 328.00
2437 323.00
2438 334.00
2439 320.00
2440 313.00
2441 358.00
2442 315.00
2443 368.00
2444 336.00
2445 315.00
2446 319.00
2447 331.00
2448 368.00
2449 346.00
2450 366.00
2451 339.00
2452 337.00
2453 342.00
2454 361.00
2455 320.00
2456 342.00
2457 337.00
2458 328.00
2459 360.00
2460 368.00
2461 330.00
2462 334.00
2463 392.00
2464 324.00
2465 376.00
2466 346.00
2467 345.00
2468 331.00
2469 337.00
2470 336.00
2471 359.00
2472 349.00
2473 329.00
2474 352.00
2475 324.00
2476 310.00
2477 320.00
2478 342.00
2479 352.00
2480 355.00
2481 355.00
2482 362.00
2483 356.00
2484 356.00
2485 351.00
2486 367.00
2487 350.00
2488 327.00
2489 342.00
2490 336.00
2491 335.00
2492 342.00
2493 346.00
2494 336.00
2495 378.00
2496 346.00
2497 377.00
2498 370.00
2499 314.00
2500 300.00
2501 383.00
2502 349.00
2503 333.00
2504 352.00
2505 335.00
2506 328.00
2507 368.00
2508 365.00
2509 340.00
2510 364.00
2511 334.00
2512 361.00
2513 360.00
2514 370.00
2515 373.00
2516 310.00
2517 322.00
2518 377.00
2519 327.00
2520 311.00
2521 280.00
2522 299.00
2523 353.00
2524 344.00
2525 354.00
2526 353.00
2527 336.00
2528 363.00
2529 373.00
2530 362.00
2531 350.00
2532 372.00
2533 364.00
2534 321.00
2535 328.00
2536 353.00
2537 349.00
2538 351.00
2539 359.00
2540 349.00
2541 308.00
2542 320.00
2543 316.00
2544 327.00
2545 340.00
2546 328.00
2547 355.00
2548 345.00
2549 328.00
2550 320.00
2551 344.00
2552 360.00
2553 383.00
2554 345.00
2555 332.00
2556 341.00
2557 375.00
2558 381.00
2559 339.00
2560 334.00
2561 353.00
2562 369.00
2563 335.00
2564 341.00
2565 331.00
2566 336.00
2567 353.00
2568 348.00
2569 333.00
2570 344.00
2571 361.00
2572 355.00
2573 315.00
2574 320.00
2575 338.00
2576 312.00
2577 311.00
2578 389.00
2579 328.00
2580 366.00
2581 309.00
2582 325.00
2583 334.00
2584 378.00
2585 363.00
2586 305.00
2587 334.00
2588 372.00
2589 319.00
2590 367.00
2591 341.00
2592 364.00
2593 334.00
2594 312.00
2595 314.00
2596 311.00
2597 367.00
2598 308.00
2599 362.00
2600 317.00
2601 317.00
2602 343.00
2603 355.00
2604 346.00
2605 304.00
2606 312.00
2607 379.00
2608 395.00
2609 337.00
2610 340.00
2611 324.00
2612 346.00
2613 366.00
2614 362.00
2615 352.00
2616 386.00
2617 362.00
2618 330.00
2619 359.00
2620 328.00
2621 344.00
2622 329.00
2623 325.00
2624 319.00
2625 342.00
2626 347.00
2627 373.00
2628 341.00
2629 354.00
2630 335.00
2631 366.00
2632 328.00
2633 378.00
2634 320.00
2635 356.00
2636 355.00
2637 345.00
2638 354.00
2639 340.00
2640 322.00
2641 327.00
2642 358.00
2643 335.00
2644 323.00
2645 328.00
2646 321.00
2647 341.00
2648 343.00
2649 364.00
2650 366.00
2651 350.00
2652 332.00
2653 363.00
2654 353.00
2655 343.00
2656 367.00
2657 347.00
2658 319.00
2659 412.00
2660 357.00
2661 335.00
2662 366.00
2663 339.00
2664 313.00
2665 340.00
2666 340.00
2667 321.00
2668 293.00
2669 344.00
2670 364.00
2671 313.00
2672 326.00
2673 342.00
2674 348.00
2675 336.00
2676 338.00
2677 353.00
2678 340.00
2679 343.00
2680 355.00
2681 351.00
2682 339.00
2683 350.00
2684 332.00
2685 317.00
2686 333.00
2687 345.00
2688 346.00
2689 341.00
2690 322.00
2691 323.00
2692 353.00
2693 345.00
2694 362.00
2695 340.00
2696 320.00
2697 333.00
2698 319.00
2699 348.00
2700 340.00
2701 386.00
2702 348.00
2703 360.00
2704 367.00
2705 351.00
2706 339.00
2707 352.00
2708 311.00
2709 338.00
2710 346.00
2711 341.00
2712 346.00
2713 345.00
2714 337.00
2715 377.00
2716 359.00
2717 366.00
2718 306.00
2719 353.00
2720 376.00
2721 344.00
2722 357.00
2723 372.00
2724 318.00
2725 305.00
2726 363.00
2727 360.00
2728 349.00
2729 326.00
2730 325.00
2731 369.00
2732 306.00
2733 323.00
2734 346.00
2735 346.00
2736 335.00
2737 333.00
2738 362.00
2739 353.00
2740 371.00
2741 336.00
2742 352.00
2743 342.00
2744 351.00
2745 340.00
2746 357.00
2747 338.00
2748 344.00
2749 338.00
2750 358.00
2751 340.00
2752 318.00
2753 316.00
2754 333.00
2755 328.00
2756 345.00
2757 324.00
2758 321.00
2759 280.00
2760 321.00
2761 353.00
2762 361.00
2763 342.00
2764 310.00
2765 315.00
2766 374.00
2767 369.00
2768 312.00
2769 347.00
2770 355.00
2771 295.00
2772 350.00
2773 345.00
2774 341.00
2775 351.00
2776 347.00
2777 346.00
2778 323.00
2779 363.00
2780 343.00
2781 344.00
2782 315.00
2783 353.00
2784 335.00
2785 329.00
2786 339.00
2787 333.00
2788 355.00
2789 338.00
2790 370.00
2791 348.00
2792 356.00
2793 342.00
2794 350.00
2795 362.00
2796 340.00
2797 318.00
2798 309.00
2799 376.00
2800 365.00
2801 342.00
2802 328.00
2803 373.00
2804 313.00
2805 366.00
2806 315.00
2807 339.00
2808 365.00
2809 358.00
2810 329.00
2811 365.00
2812 346.00
2813 345.00
2814 302.00
2815 336.00
2816 364.00
2817 347.00
2818 347.00
2819 317.00
2820 303.00
2821 321.00
2822 365.00
2823 330.00
2824 361.00
2825 342.00
2826 346.00
2827 320.00
2828 347.00
2829 343.00
2830 348.00
2831 338.00
2832 311.00
2833 299.00
2834 342.00
2835 357.00
2836 319.00
2837 329.00
2838 346.00
2839 322.00
2840 343.00
2841 332.00
2842 336.00
2843 342.00
2844 335.00
2845 320.00
2846 338.00
2847 288.00
2848 365.00
2849 349.00
2850 349.00
2851 340.00
2852 347.00
2853 332.00
2854 330.00
2855 356.00
2856 308.00
2857 340.00
2858 324.00
2859 350.00
2860 316.00
2861 353.00
2862 332.00
2863 354.00
2864 360.00
2865 349.00
2866 338.00
2867 359.00
2868 335.00
2869 344.00
2870 356.00
2871 303.00
2872 314.00
2873 363.00
2874 331.00
2875 342.00
2876 318.00
2877 339.00
2878 322.00
2879 343.00
2880 322.00
2881 368.00
2882 340.00
2883 332.00
2884 336.00
2885 318.00
2886 312.00
2887 359.00
2888 338.00
2889 338.00
2890 312.00
2891 336.00
2892 355.00
2893 365.00
2894 380.00
2895 305.00
2896 322.00
2897 347.00
2898 317.00
2899 362.00
2900 321.00
2901 318.00
2902 342.00
2903 328.00
2904 348.00
2905 307.00
2906 318.00
2907 307.00
2908 328.00
2909 322.00
2910 329.00
2911 309.00
2912 331.00
2913 327.00
2914 359.00
2915 355.00
2916 369.00
2917 343.00
2918 335.00
2919 362.00
2920 342.00
2921 342.00
2922 367.00
2923 340.00
2924 353.00
2925 360.00
2926 337.00
2927 348.00
2928 308.00
2929 336.00
2930 400.00
2931 387.00
2932 373.00
2933 371.00
2934 363.00
2935 343.00
2936 373.00
2937 345.00
2938 362.00
2939 355.00
2940 337.00
2941 330.00
2942 327.00
2943 343.00
2944 317.00
2945 366.00
2946 352.00
2947 321.00
2948 315.00
2949 364.00
2950 358.00
2951 357.00
2952 329.00
2953 359.00
2954 314.00
2955 323.00
2956 375.00
2957 344.00
2958 336.00
2959 350.00
2960 324.00
2961 317.00
2962 359.00
2963 351.00
2964 302.00
2965 347.00
2966 294.00
2967 353.00
2968 307.00
2969 350.00
2970 347.00
2971 350.00
2972 347.00
2973 354.00
2974 358.00
2975 332.00
2976 302.00
2977 344.00
2978 368.00
2979 361.00
2980 361.00
2981 351.00
2982 337.00
2983 355.00
2984 371.00
2985 356.00
2986 312.00
2987 337.00
2988 375.00
2989 326.00
2990 356.00
2991 346.00
2992 327.00
2993 309.00
2994 347.00
2995 321.00
2996 333.00
2997 352.00
2998 329.00
2999 326.00
