0 -0.13
30 -0.09
60 -0.07
90 -0.06
120 -0.08
150 -0.03
180 0.05
210 0.03
240 -0.06
270 -0.01
300 0.01
330 -0.00
360 0.04
390 -0.06
420 -0.10
450 -0.10
480 -0.00
510 -0.01
540 0.13
570 0.06
600 0.06
630 -0.05
660 -0.02
690 0.01
720 0.07
750 0.06
780 0.11
810 0.09
840 0.07
870 0.08
900 0.07
930 0.11
960 0.08
990 0.21
1020 0.23
1050 0.22
1080 0.22
1110 0.23
1140 0.17
1170 0.17
1200 0.27
1230 0.20
1260 0.26
1290 0.24
1320 0.23
1350 0.21
1380 0.21
1410 0.19
1440 0.19
1470 0.13
1500 0.17
1530 0.19
1560 0.23
1590 0.15
1620 0.19
1650 0.20
1680 0.22
1710 0.18
1740 0.21
1770 0.19
1800 0.16
1830 0.22
1860 0.27
1890 0.29
1920 0.29
1950 0.27
1980 0.32
2010 0.31
2040 0.37
2070 0.30
2100 0.29
2130 0.31
2160 0.33
2190 0.38
2220 0.28
2250 0.26
2280 0.31
2310 0.34
2340 0.32
2370 0.28
2400 0.33
2430 0.35
2460 0.33
2490 0.32
2520 0.27
2550 0.30
2580 0.35
2610 0.36
2640 0.28
2670 0.22
2700 0.29
2730 0.31
2760 0.32
2790 0.35
2820 0.32
2850 0.35
2880 0.33
2910 0.35
2940 0.34
2970 0.37
