0 284.00
1 284.00
2 291.00
3 291.00
4 281.00
5 281.00
6 285.00
7 285.00
8 274.00
9 284.00
10 284.00
11 271.00
12 272.00
13 284.00
14 284.00
15 283.00
16 283.00
17 283.00
18 287.00
19 287.00
20 287.00
21 287.00
22 280.00
23 280.00
24 277.00
25 277.00
26 273.00
27 275.00
28 273.00
29 260.00
30 260.00
31 260.00
32 259.00
33 246.00
34 259.00
35 272.00
36 272.00
37 272.00
38 274.00
39 274.00
40 274.00
41 274.00
42 274.00
43 274.00
44 274.00
45 274.00
46 274.00
47 272.00
48 285.00
49 285.00
50 285.00
51 285.00
52 298.00
53 298.00
54 285.00
55 272.00
56 276.00
57 276.00
58 270.00
59 270.00
60 283.00
61 283.00
62 286.00
63 286.00
64 286.00
65 299.00
66 299.00
67 299.00
68 286.00
69 299.00
70 299.00
71 299.00
72 299.00
73 299.00
74 312.00
75 312.00
76 308.00
77 308.00
78 308.00
79 308.00
80 295.00
81 295.00
82 305.00
83 305.00
84 305.00
85 292.00
86 292.00
87 292.00
88 292.00
89 279.00
90 279.00
91 292.00
92 279.00
93 292.00
94 279.00
95 292.00
96 305.00
97 305.00
98 305.00
99 305.00
100 305.00
101 318.00
102 305.00
103 318.00
104 331.00
105 331.00
106 331.00
107 331.00
108 331.00
109 331.00
110 331.00
111 318.00
112 318.00
113 309.00
114 312.00
115 299.00
116 299.00
117 299.00
118 299.00
119 299.00
120 312.00
121 299.00
122 300.00
123 291.00
124 278.00
125 278.00
126 278.00
127 278.00
128 278.00
129 278.00
130 279.00
131 279.00
132 292.00
133 288.00
134 285.00
135 285.00
136 285.00
137 285.00
138 285.00
139 285.00
140 272.00
141 274.00
142 286.00
143 282.00
144 282.00
145 282.00
146 282.00
147 282.00
148 282.00
149 282.00
150 281.00
151 294.00
152 281.00
153 281.00
154 281.00
155 281.00
156 268.00
157 268.00
158 281.00
159 281.00
160 281.00
161 279.00
162 279.00
163 283.00
164 296.00
165 296.00
166 309.00
167 309.00
168 309.00
169 322.00
170 322.00
171 309.00
172 322.00
173 322.00
174 322.00
175 335.00
176 335.00
177 335.00
178 335.00
179 335.00
180 335.00
181 335.00
182 322.00
183 318.00
184 318.00
185 318.00
186 305.00
187 305.00
188 318.00
189 308.00
190 308.00
191 321.00
192 308.00
193 309.00
194 309.00
195 297.00
196 297.00
197 297.00
198 284.00
199 284.00
200 299.00
201 294.00
202 297.00
203 305.00
204 303.00
205 310.00
206 314.00
207 320.00
208 313.00
209 320.00
210 323.00
211 320.00
212 314.00
213 321.00
214 320.00
215 319.00
216 329.00
217 321.00
218 325.00
219 333.00
220 326.00
221 329.00
222 332.00
223 330.00
224 328.00
225 320.00
226 323.00
227 319.00
228 315.00
229 311.00
230 307.00
231 304.00
232 302.00
233 297.00
234 307.00
235 319.00
236 315.00
237 324.00
238 323.00
239 316.00
240 318.00
241 320.00
242 311.00
243 305.00
244 305.00
245 313.00
246 306.00
247 310.00
248 319.00
249 313.00
250 313.00
251 320.00
252 330.00
253 327.00
254 317.00
255 314.00
256 312.00
257 310.00
258 313.00
259 313.00
260 322.00
261 318.00
262 322.00
263 329.00
264 324.00
265 326.00
266 326.00
267 326.00
268 318.00
269 328.00
270 331.00
271 324.00
272 322.00
273 319.00
274 330.00
275 322.00
276 325.00
277 317.00
278 318.00
279 327.00
280 317.00
281 313.00
282 319.00
283 314.00
284 324.00
285 314.00
286 321.00
287 315.00
288 324.00
289 326.00
290 334.00
291 342.00
292 334.00
293 342.00
294 332.00
295 338.00
296 334.00
297 335.00
298 332.00
299 328.00
300 337.00
301 347.00
302 338.00
303 347.00
304 348.00
305 354.00
306 348.00
307 347.00
308 337.00
309 325.00
310 321.00
311 316.00
312 316.00
313 311.00
314 310.00
315 303.00
316 308.00
317 315.00
318 319.00
319 322.00
320 315.00
321 306.00
322 307.00
323 300.00
324 296.00
325 289.00
326 287.00
327 288.00
328 288.00
329 295.00
330 296.00
331 298.00
332 308.00
333 310.00
334 315.00
335 319.00
336 320.00
337 313.00
338 315.00
339 314.00
340 318.00
341 320.00
342 329.00
343 327.00
344 330.00
345 336.00
346 343.00
347 342.00
348 341.00
349 340.00
350 332.00
351 336.00
352 327.00
353 328.00
354 330.00
355 327.00
356 317.00
357 323.00
358 317.00
359 314.00
360 310.00
361 310.00
362 308.00
363 310.00
364 309.00
365 312.00
366 316.00
367 327.00
368 337.00
369 343.00
370 347.00
371 339.00
372 345.00
373 346.00
374 350.00
375 357.00
376 364.00
377 367.00
378 372.00
379 373.00
380 370.00
381 375.00
382 369.00
383 365.00
384 365.00
385 358.00
386 348.00
387 338.00
388 340.00
389 331.00
390 328.00
391 333.00
392 334.00
393 331.00
394 321.00
395 314.00
396 308.00
397 307.00
398 298.00
399 292.00
400 369.00
401 363.00
402 361.00
403 353.00
404 356.00
405 356.00
406 361.00
407 358.00
408 356.00
409 365.00
410 375.00
411 362.00
412 356.00
413 356.00
414 350.00
415 352.00
416 352.00
417 353.00
418 357.00
419 366.00
420 357.00
421 365.00
422 365.00
423 372.00
424 370.00
425 361.00
426 364.00
427 361.00
428 359.00
429 351.00
430 339.00
431 337.00
432 346.00
433 341.00
434 348.00
435 355.00
436 354.00
437 355.00
438 354.00
439 356.00
440 369.00
441 369.00
442 373.00
443 372.00
444 370.00
445 377.00
446 369.00
447 372.00
448 374.00
449 378.00
450 378.00
451 387.00
452 386.00
453 389.00
454 390.00
455 388.00
456 385.00
457 382.00
458 385.00
459 374.00
460 374.00
461 373.00
462 365.00
463 367.00
464 369.00
465 374.00
466 382.00
467 383.00
468 372.00
469 372.00
470 385.00
471 376.00
472 380.00
473 379.00
474 378.00
475 368.00
476 371.00
477 364.00
478 365.00
479 374.00
480 362.00
481 352.00
482 359.00
483 360.00
484 354.00
485 352.00
486 353.00
487 347.00
488 353.00
489 350.00
490 345.00
491 360.00
492 358.00
493 358.00
494 348.00
495 361.00
496 357.00
497 365.00
498 367.00
499 368.00
500 379.00
501 390.00
502 388.00
503 390.00
504 397.00
505 393.00
506 395.00
507 396.00
508 396.00
509 399.00
510 400.00
511 395.00
512 382.00
513 377.00
514 376.00
515 362.00
516 367.00
517 365.00
518 365.00
519 364.00
520 367.00
521 366.00
522 361.00
523 361.00
524 357.00
525 359.00
526 360.00
527 369.00
528 371.00
529 367.00
530 369.00
531 370.00
532 381.00
533 384.00
534 393.00
535 405.00
536 406.00
537 411.00
538 407.00
539 406.00
540 398.00
541 392.00
542 399.00
543 392.00
544 391.00
545 390.00
546 385.00
547 373.00
548 363.00
549 367.00
550 367.00
551 369.00
552 359.00
553 362.00
554 360.00
555 355.00
556 349.00
557 345.00
558 353.00
559 356.00
560 352.00
561 360.00
562 358.00
563 360.00
564 361.00
565 362.00
566 366.00
567 375.00
568 387.00
569 389.00
570 389.00
571 383.00
572 396.00
573 395.00
574 396.00
575 404.00
576 409.00
577 411.00
578 409.00
579 409.00
580 419.00
581 416.00
582 417.00
583 419.00
584 421.00
585 422.00
586 411.00
587 412.00
588 415.00
589 408.00
590 399.00
591 407.00
592 402.00
593 405.00
594 407.00
595 396.00
596 396.00
597 395.00
598 384.00
599 373.00
600 364.00
601 359.00
602 357.00
603 356.00
604 359.00
605 359.00
606 364.00
607 361.00
608 359.00
609 368.00
610 380.00
611 377.00
612 372.00
613 372.00
614 366.00
615 370.00
616 370.00
617 371.00
618 375.00
619 383.00
620 375.00
621 382.00
622 379.00
623 373.00
624 371.00
625 372.00
626 375.00
627 372.00
628 370.00
629 363.00
630 353.00
631 342.00
632 351.00
633 346.00
634 353.00
635 360.00
636 359.00
637 360.00
638 359.00
639 361.00
640 373.00
641 371.00
642 378.00
643 381.00
644 379.00
645 377.00
646 369.00
647 371.00
648 373.00
649 376.00
650 375.00
651 382.00
652 381.00
653 384.00
654 385.00
655 383.00
656 380.00
657 377.00
658 380.00
659 370.00
660 369.00
661 363.00
662 355.00
663 359.00
664 361.00
665 366.00
666 374.00
667 376.00
668 366.00
669 366.00
670 377.00
671 370.00
672 374.00
673 373.00
674 372.00
675 362.00
676 361.00
677 352.00
678 354.00
679 362.00
680 351.00
681 349.00
682 356.00
683 357.00
684 351.00
685 349.00
686 350.00
687 343.00
688 347.00
689 344.00
690 340.00
691 354.00
692 352.00
693 352.00
694 342.00
695 355.00
696 355.00
697 365.00
698 366.00
699 366.00
700 377.00
701 387.00
702 385.00
703 387.00
704 394.00
705 390.00
706 392.00
707 392.00
708 393.00
709 396.00
710 396.00
711 391.00
712 379.00
713 374.00
714 373.00
715 360.00
716 365.00
717 359.00
718 358.00
719 353.00
720 356.00
721 355.00
722 348.00
723 348.00
724 345.00
725 347.00
726 336.00
727 337.00
728 339.00
729 336.00
730 339.00
731 340.00
732 350.00
733 353.00
734 362.00
735 373.00
736 374.00
737 370.00
738 366.00
739 370.00
740 362.00
741 356.00
742 365.00
743 362.00
744 360.00
745 356.00
746 364.00
747 363.00
748 354.00
749 357.00
750 357.00
751 359.00
752 349.00
753 350.00
754 348.00
755 342.00
756 336.00
757 345.00
758 345.00
759 348.00
760 345.00
761 353.00
762 351.00
763 347.00
764 347.00
765 351.00
766 354.00
767 360.00
768 371.00
769 373.00
770 373.00
771 365.00
772 378.00
773 378.00
774 377.00
775 372.00
776 372.00
777 365.00
778 372.00
779 372.00
780 381.00
781 378.00
782 379.00
783 383.00
784 386.00
785 386.00
786 375.00
787 378.00
788 381.00
789 374.00
790 363.00
791 373.00
792 367.00
793 371.00
794 375.00
795 376.00
796 381.00
797 389.00
798 378.00
799 368.00
800 364.00
801 359.00
802 357.00
803 361.00
804 362.00
805 362.00
806 358.00
807 355.00
808 352.00
809 361.00
810 370.00
811 356.00
812 350.00
813 350.00
814 348.00
815 352.00
816 353.00
817 355.00
818 359.00
819 367.00
820 359.00
821 366.00
822 365.00
823 362.00
824 360.00
825 360.00
826 363.00
827 360.00
828 359.00
829 351.00
830 342.00
831 342.00
832 351.00
833 345.00
834 351.00
835 356.00
836 354.00
837 356.00
838 355.00
839 356.00
840 367.00
841 365.00
842 369.00
843 370.00
844 369.00
845 366.00
846 364.00
847 366.00
848 369.00
849 373.00
850 372.00
851 378.00
852 375.00
853 377.00
854 367.00
855 367.00
856 365.00
857 362.00
858 365.00
859 357.00
860 357.00
861 351.00
862 344.00
863 346.00
864 347.00
865 354.00
866 353.00
867 355.00
868 343.00
869 343.00
870 343.00
871 337.00
872 343.00
873 340.00
874 351.00
875 349.00
876 348.00
877 340.00
878 342.00
879 348.00
880 346.00
881 344.00
882 351.00
883 352.00
884 348.00
885 346.00
886 348.00
887 341.00
888 347.00
889 344.00
890 350.00
891 362.00
892 350.00
893 354.00
894 344.00
895 349.00
896 349.00
897 358.00
898 357.00
899 358.00
900 358.00
901 368.00
902 362.00
903 364.00
904 371.00
905 365.00
906 369.00
907 369.00
908 370.00
909 373.00
910 374.00
911 370.00
912 369.00
913 364.00
914 363.00
915 352.00
916 357.00
917 351.00
918 352.00
919 347.00
920 351.00
921 346.00
922 343.00
923 342.00
924 338.00
925 341.00
926 330.00
927 331.00
928 329.00
929 326.00
930 329.00
931 330.00
932 339.00
933 342.00
934 351.00
935 360.00
936 361.00
937 369.00
938 365.00
939 369.00
940 362.00
941 360.00
942 369.00
943 365.00
944 364.00
945 361.00
946 369.00
947 368.00
948 363.00
949 365.00
950 365.00
951 368.00
952 367.00
953 366.00
954 365.00
955 359.00
956 353.00
957 349.00
958 349.00
959 352.00
960 349.00
961 356.00
962 354.00
963 352.00
964 353.00
965 356.00
966 357.00
967 363.00
968 374.00
969 377.00
970 375.00
971 368.00
972 368.00
973 368.00
974 366.00
975 375.00
976 378.00
977 372.00
978 379.00
979 378.00
980 387.00
981 385.00
982 386.00
983 386.00
984 388.00
985 389.00
986 389.00
987 392.00
988 394.00
989 387.00
990 380.00
991 389.00
992 388.00
993 394.00
994 394.00
995 381.00
996 382.00
997 388.00
998 377.00
999 368.00
1000 283.00
1001 286.00
1002 301.00
1003 300.00
1004 300.00
1005 308.00
1006 310.00
1007 311.00
1008 306.00
1009 322.00
1010 324.00
1011 326.00
1012 320.00
1013 320.00
1014 324.00
1015 333.00
1016 335.00
1017 339.00
1018 343.00
1019 352.00
1020 344.00
1021 335.00
1022 323.00
1023 327.00
1024 317.00
1025 308.00
1026 310.00
1027 305.00
1028 305.00
1029 299.00
1030 297.00
1031 311.00
1032 318.00
1033 308.00
1034 309.00
1035 317.00
1036 318.00
1037 314.00
1038 313.00
1039 314.00
1040 311.00
1041 318.00
1042 327.00
1043 326.00
1044 333.00
1045 340.00
1046 337.00
1047 340.00
1048 342.00
1049 345.00
1050 346.00
1051 342.00
1052 343.00
1053 351.00
1054 338.00
1055 335.00
1056 332.00
1057 339.00
1058 343.00
1059 334.00
1060 350.00
1061 343.00
1062 340.00
1063 337.00
1064 341.00
1065 347.00
1066 351.00
1067 352.00
1068 338.00
1069 339.00
1070 341.00
1071 335.00
1072 319.00
1073 313.00
1074 326.00
1075 319.00
1076 319.00
1077 310.00
1078 310.00
1079 317.00
1080 311.00
1081 310.00
1082 313.00
1083 314.00
1084 306.00
1085 293.00
1086 291.00
1087 282.00
1088 291.00
1089 288.00
1090 291.00
1091 302.00
1092 318.00
1093 319.00
1094 309.00
1095 319.00
1096 318.00
1097 322.00
1098 313.00
1099 315.00
1100 319.00
1101 329.00
1102 322.00
1103 332.00
1104 341.00
1105 349.00
1106 341.00
1107 341.00
1108 340.00
1109 342.00
1110 344.00
1111 339.00
1112 326.00
1113 325.00
1114 328.00
1115 313.00
1116 318.00
1117 324.00
1118 335.00
1119 331.00
1120 318.00
1121 315.00
1122 323.00
1123 323.00
1124 320.00
1125 320.00
1126 318.00
1127 317.00
1128 318.00
1129 316.00
1130 320.00
1131 322.00
1132 335.00
1133 339.00
1134 341.00
1135 354.00
1136 353.00
1137 343.00
1138 339.00
1139 342.00
1140 351.00
1141 347.00
1142 346.00
1143 340.00
1144 334.00
1145 331.00
1146 343.00
1147 355.00
1148 349.00
1149 351.00
1150 345.00
1151 346.00
1152 340.00
1153 340.00
1154 341.00
1155 333.00
1156 329.00
1157 338.00
1158 326.00
1159 327.00
1160 330.00
1161 324.00
1162 322.00
1163 321.00
1164 328.00
1165 329.00
1166 332.00
1167 328.00
1168 337.00
1169 340.00
1170 335.00
1171 326.00
1172 333.00
1173 334.00
1174 334.00
1175 345.00
1176 345.00
1177 346.00
1178 363.00
1179 356.00
1180 349.00
1181 359.00
1182 349.00
1183 346.00
1184 346.00
1185 341.00
1186 333.00
1187 335.00
1188 340.00
1189 324.00
1190 323.00
1191 317.00
1192 314.00
1193 317.00
1194 316.00
1195 298.00
1196 299.00
1197 291.00
1198 281.00
1199 278.00
1200 331.00
1201 326.00
1202 330.00
1203 325.00
1204 327.00
1205 328.00
1206 329.00
1207 331.00
1208 318.00
1209 332.00
1210 342.00
1211 354.00
1212 348.00
1213 348.00
1214 353.00
1215 359.00
1216 363.00
1217 371.00
1218 371.00
1219 370.00
1220 365.00
1221 374.00
1222 365.00
1223 371.00
1224 369.00
1225 357.00
1226 360.00
1227 359.00
1228 369.00
1229 363.00
1230 353.00
1231 353.00
1232 360.00
1233 354.00
1234 355.00
1235 364.00
1236 362.00
1237 354.00
1238 353.00
1239 354.00
1240 347.00
1241 344.00
1242 350.00
1243 348.00
1244 347.00
1245 356.00
1246 352.00
1247 352.00
1248 353.00
1249 356.00
1250 358.00
1251 355.00
1252 356.00
1253 360.00
1254 350.00
1255 347.00
1256 344.00
1257 353.00
1258 356.00
1259 348.00
1260 364.00
1261 354.00
1262 347.00
1263 351.00
1264 352.00
1265 358.00
1266 361.00
1267 362.00
1268 352.00
1269 349.00
1270 358.00
1271 350.00
1272 342.00
1273 338.00
1274 348.00
1275 343.00
1276 340.00
1277 333.00
1278 333.00
1279 340.00
1280 333.00
1281 335.00
1282 342.00
1283 334.00
1284 327.00
1285 313.00
1286 314.00
1287 307.00
1288 312.00
1289 312.00
1290 306.00
1291 319.00
1292 319.00
1293 323.00
1294 313.00
1295 321.00
1296 323.00
1297 325.00
1298 317.00
1299 318.00
1300 323.00
1301 333.00
1302 326.00
1303 337.00
1304 346.00
1305 348.00
1306 340.00
1307 341.00
1308 340.00
1309 343.00
1310 344.00
1311 329.00
1312 326.00
1313 321.00
1314 324.00
1315 316.00
1316 321.00
1317 326.00
1318 337.00
1319 331.00
1320 320.00
1321 315.00
1322 323.00
1323 323.00
1324 320.00
1325 327.00
1326 323.00
1327 322.00
1328 321.00
1329 317.00
1330 319.00
1331 332.00
1332 343.00
1333 345.00
1334 340.00
1335 346.00
1336 347.00
1337 352.00
1338 346.00
1339 350.00
1340 358.00
1341 356.00
1342 355.00
1343 351.00
1344 349.00
1345 346.00
1346 357.00
1347 358.00
1348 354.00
1349 358.00
1350 357.00
1351 357.00
1352 351.00
1353 353.00
1354 361.00
1355 356.00
1356 348.00
1357 342.00
1358 335.00
1359 338.00
1360 333.00
1361 330.00
1362 328.00
1363 332.00
1364 335.00
1365 335.00
1366 339.00
1367 343.00
1368 352.00
1369 354.00
1370 356.00
1371 350.00
1372 348.00
1373 342.00
1374 340.00
1375 348.00
1376 352.00
1377 344.00
1378 358.00
1379 350.00
1380 359.00
1381 366.00
1382 367.00
1383 361.00
1384 361.00
1385 365.00
1386 358.00
1387 358.00
1388 362.00
1389 349.00
1390 340.00
1391 334.00
1392 340.00
1393 349.00
1394 349.00
1395 333.00
1396 333.00
1397 333.00
1398 327.00
1399 334.00
1400 341.00
1401 339.00
1402 337.00
1403 331.00
1404 331.00
1405 324.00
1406 326.00
1407 324.00
1408 321.00
1409 330.00
1410 340.00
1411 337.00
1412 334.00
1413 334.00
1414 339.00
1415 342.00
1416 343.00
1417 348.00
1418 349.00
1419 357.00
1420 350.00
1421 357.00
1422 355.00
1423 354.00
1424 345.00
1425 353.00
1426 356.00
1427 358.00
1428 359.00
1429 351.00
1430 341.00
1431 328.00
1432 333.00
1433 329.00
1434 330.00
1435 338.00
1436 339.00
1437 346.00
1438 345.00
1439 346.00
1440 357.00
1441 354.00
1442 349.00
1443 352.00
1444 355.00
1445 352.00
1446 348.00
1447 348.00
1448 349.00
1449 354.00
1450 354.00
1451 364.00
1452 364.00
1453 366.00
1454 356.00
1455 353.00
1456 351.00
1457 348.00
1458 350.00
1459 342.00
1460 342.00
1461 336.00
1462 339.00
1463 344.00
1464 351.00
1465 357.00
1466 358.00
1467 361.00
1468 352.00
1469 345.00
1470 356.00
1471 348.00
1472 352.00
1473 347.00
1474 357.00
1475 352.00
1476 349.00
1477 342.00
1478 344.00
1479 351.00
1480 342.00
1481 341.00
1482 348.00
1483 350.00
1484 344.00
1485 341.00
1486 345.00
1487 339.00
1488 343.00
1489 346.00
1490 339.00
1491 352.00
1492 339.00
1493 344.00
1494 338.00
1495 346.00
1496 348.00
1497 350.00
1498 342.00
1499 343.00
1500 351.00
1501 361.00
1502 354.00
1503 356.00
1504 363.00
1505 360.00
1506 362.00
1507 362.00
1508 362.00
1509 365.00
1510 366.00
1511 362.00
1512 362.00
1513 357.00
1514 356.00
1515 345.00
1516 350.00
1517 354.00
1518 362.00
1519 355.00
1520 345.00
1521 338.00
1522 336.00
1523 336.00
1524 331.00
1525 332.00
1526 321.00
1527 321.00
1528 318.00
1529 314.00
1530 318.00
1531 318.00
1532 327.00
1533 327.00
1534 322.00
1535 332.00
1536 333.00
1537 339.00
1538 338.00
1539 343.00
1540 345.00
1541 344.00
1542 353.00
1543 350.00
1544 346.00
1545 343.00
1546 350.00
1547 350.00
1548 347.00
1549 351.00
1550 345.00
1551 348.00
1552 340.00
1553 343.00
1554 346.00
1555 339.00
1556 333.00
1557 327.00
1558 325.00
1559 328.00
1560 328.00
1561 337.00
1562 335.00
1563 336.00
1564 343.00
1565 342.00
1566 341.00
1567 346.00
1568 357.00
1569 359.00
1570 355.00
1571 346.00
1572 348.00
1573 350.00
1574 353.00
1575 363.00
1576 358.00
1577 352.00
1578 358.00
1579 358.00
1580 356.00
1581 350.00
1582 351.00
1583 348.00
1584 348.00
1585 353.00
1586 350.00
1587 348.00
1588 349.00
1589 342.00
1590 343.00
1591 354.00
1592 358.00
1593 360.00
1594 360.00
1595 347.00
1596 353.00
1597 351.00
1598 344.00
1599 334.00
1600 370.00
1601 361.00
1602 358.00
1603 353.00
1604 356.00
1605 365.00
1606 366.00
1607 364.00
1608 363.00
1609 371.00
1610 379.00
1611 367.00
1612 366.00
1613 366.00
1614 365.00
1615 375.00
1616 376.00
1617 373.00
1618 374.00
1619 373.00
1620 367.00
1621 377.00
1622 378.00
1623 386.00
1624 384.00
1625 374.00
1626 379.00
1627 377.00
1628 368.00
1629 361.00
1630 360.00
1631 360.00
1632 363.00
1633 358.00
1634 361.00
1635 360.00
1636 362.00
1637 368.00
1638 367.00
1639 368.00
1640 377.00
1641 375.00
1642 374.00
1643 369.00
1644 362.00
1645 372.00
1646 366.00
1647 369.00
1648 378.00
1649 379.00
1650 376.00
1651 383.00
1652 382.00
1653 385.00
1654 378.00
1655 377.00
1656 372.00
1657 369.00
1658 371.00
1659 370.00
1660 367.00
1661 358.00
1662 354.00
1663 360.00
1664 369.00
1665 372.00
1666 375.00
1667 380.00
1668 370.00
1669 367.00
1670 362.00
1671 355.00
1672 358.00
1673 351.00
1674 359.00
1675 355.00
1676 360.00
1677 354.00
1678 356.00
1679 358.00
1680 354.00
1681 354.00
1682 362.00
1683 364.00
1684 364.00
1685 352.00
1686 354.00
1687 347.00
1688 352.00
1689 357.00
1690 362.00
1691 371.00
1692 362.00
1693 367.00
1694 360.00
1695 368.00
1696 363.00
1697 366.00
1698 369.00
1699 368.00
1700 375.00
1701 384.00
1702 376.00
1703 376.00
1704 375.00
1705 382.00
1706 384.00
1707 390.00
1708 386.00
1709 390.00
1710 385.00
1711 377.00
1712 380.00
1713 375.00
1714 375.00
1715 367.00
1716 372.00
1717 369.00
1718 369.00
1719 362.00
1720 364.00
1721 359.00
1722 358.00
1723 351.00
1724 346.00
1725 348.00
1726 347.00
1727 341.00
1728 340.00
1729 337.00
1730 345.00
1731 355.00
1732 358.00
1733 361.00
1734 364.00
1735 370.00
1736 371.00
1737 377.00
1738 370.00
1739 373.00
1740 364.00
1741 363.00
1742 371.00
1743 369.00
1744 364.00
1745 356.00
1746 353.00
1747 352.00
1748 363.00
1749 365.00
1750 365.00
1751 365.00
1752 358.00
1753 357.00
1754 360.00
1755 353.00
1756 350.00
1757 347.00
1758 355.00
1759 360.00
1760 358.00
1761 365.00
1762 363.00
1763 365.00
1764 372.00
1765 378.00
1766 376.00
1767 382.00
1768 381.00
1769 382.00
1770 382.00
1771 375.00
1772 384.00
1773 385.00
1774 378.00
1775 380.00
1776 380.00
1777 376.00
1778 376.00
1779 377.00
1780 382.00
1781 382.00
1782 384.00
1783 385.00
1784 386.00
1785 379.00
1786 378.00
1787 376.00
1788 377.00
1789 369.00
1790 362.00
1791 370.00
1792 367.00
1793 373.00
1794 378.00
1795 373.00
1796 372.00
1797 379.00
1798 371.00
1799 369.00
1800 381.00
1801 372.00
1802 369.00
1803 364.00
1804 367.00
1805 376.00
1806 375.00
1807 374.00
1808 372.00
1809 381.00
1810 388.00
1811 375.00
1812 374.00
1813 374.00
1814 370.00
1815 371.00
1816 371.00
1817 367.00
1818 368.00
1819 366.00
1820 363.00
1821 371.00
1822 373.00
1823 381.00
1824 379.00
1825 369.00
1826 374.00
1827 376.00
1828 367.00
1829 363.00
1830 355.00
1831 355.00
1832 359.00
1833 355.00
1834 364.00
1835 372.00
1836 373.00
1837 380.00
1838 377.00
1839 379.00
1840 385.00
1841 385.00
1842 386.00
1843 385.00
1844 383.00
1845 390.00
1846 387.00
1847 384.00
1848 393.00
1849 384.00
1850 389.00
1851 396.00
1852 395.00
1853 397.00
1854 396.00
1855 394.00
1856 390.00
1857 388.00
1858 393.00
1859 392.00
1860 392.00
1861 391.00
1862 383.00
1863 385.00
1864 379.00
1865 385.00
1866 385.00
1867 389.00
1868 387.00
1869 394.00
1870 396.00
1871 398.00
1872 389.00
1873 383.00
1874 385.00
1875 381.00
1876 387.00
1877 380.00
1878 381.00
1879 378.00
1880 370.00
1881 366.00
1882 375.00
1883 377.00
1884 387.00
1885 375.00
1886 377.00
1887 370.00
1888 367.00
1889 367.00
1890 365.00
1891 366.00
1892 368.00
1893 372.00
1894 368.00
1895 374.00
1896 371.00
1897 372.00
1898 374.00
1899 377.00
1900 385.00
1901 390.00
1902 382.00
1903 382.00
1904 381.00
1905 390.00
1906 392.00
1907 401.00
1908 400.00
1909 402.00
1910 399.00
1911 390.00
1912 385.00
1913 380.00
1914 376.00
1915 362.00
1916 363.00
1917 362.00
1918 363.00
1919 356.00
1920 357.00
1921 354.00
1922 353.00
1923 346.00
1924 343.00
1925 334.00
1926 334.00
1927 325.00
1928 322.00
1929 322.00
1930 328.00
1931 338.00
1932 350.00
1933 353.00
1934 357.00
1935 371.00
1936 372.00
1937 381.00
1938 374.00
1939 378.00
1940 371.00
1941 369.00
1942 377.00
1943 375.00
1944 368.00
1945 371.00
1946 368.00
1947 373.00
1948 380.00
1949 380.00
1950 379.00
1951 379.00
1952 374.00
1953 374.00
1954 376.00
1955 371.00
1956 371.00
1957 366.00
1958 358.00
1959 361.00
1960 358.00
1961 364.00
1962 357.00
1963 359.00
1964 367.00
1965 371.00
1966 372.00
1967 372.00
1968 374.00
1969 376.00
1970 375.00
1971 370.00
1972 378.00
1973 382.00
1974 378.00
1975 385.00
1976 383.00
1977 387.00
1978 403.00
1979 405.00
1980 413.00
1981 413.00
1982 420.00
1983 421.00
1984 421.00
1985 414.00
1986 411.00
1987 411.00
1988 413.00
1989 406.00
1990 401.00
1991 408.00
1992 403.00
1993 405.00
1994 405.00
1995 394.00
1996 394.00
1997 392.00
1998 384.00
1999 383.00
2000 358.00
2001 350.00
2002 347.00
2003 344.00
2004 347.00
2005 348.00
2006 350.00
2007 347.00
2008 344.00
2009 346.00
2010 353.00
2011 350.00
2012 343.00
2013 343.00
2014 339.00
2015 345.00
2016 346.00
2017 344.00
2018 347.00
2019 345.00
2020 341.00
2021 349.00
2022 347.00
2023 355.00
2024 358.00
2025 357.00
2026 362.00
2027 363.00
2028 362.00
2029 355.00
2030 353.00
2031 365.00
2032 375.00
2033 367.00
2034 373.00
2035 381.00
2036 382.00
2037 386.00
2038 389.00
2039 390.00
2040 383.00
2041 383.00
2042 389.00
2043 383.00
2044 375.00
2045 371.00
2046 366.00
2047 365.00
2048 368.00
2049 370.00
2050 371.00
2051 368.00
2052 360.00
2053 366.00
2054 366.00
2055 364.00
2056 362.00
2057 360.00
2058 359.00
2059 356.00
2060 371.00
2061 362.00
2062 357.00
2063 363.00
2064 369.00
2065 377.00
2066 376.00
2067 379.00
2068 366.00
2069 362.00
2070 360.00
2071 362.00
2072 373.00
2073 368.00
2074 372.00
2075 364.00
2076 369.00
2077 370.00
2078 371.00
2079 370.00
2080 363.00
2081 364.00
2082 368.00
2083 362.00
2084 358.00
2085 356.00
2086 360.00
2087 358.00
2088 363.00
2089 366.00
2090 363.00
2091 364.00
2092 360.00
2093 364.00
2094 355.00
2095 365.00
2096 363.00
2097 357.00
2098 358.00
2099 361.00
2100 366.00
2101 372.00
2102 366.00
2103 375.00
2104 379.00
2105 376.00
2106 379.00
2107 382.00
2108 385.00
2109 386.00
2110 387.00
2111 377.00
2112 374.00
2113 358.00
2114 357.00
2115 351.00
2116 352.00
2117 348.00
2118 349.00
2119 340.00
2120 338.00
2121 335.00
2122 333.00
2123 332.00
2124 331.00
2125 330.00
2126 316.00
2127 312.00
2128 306.00
2129 307.00
2130 312.00
2131 322.00
2132 318.00
2133 332.00
2134 338.00
2135 343.00
2136 335.00
2137 345.00
2138 333.00
2139 339.00
2140 335.00
2141 335.00
2142 340.00
2143 336.00
2144 332.00
2145 327.00
2146 338.00
2147 340.00
2148 347.00
2149 346.00
2150 346.00
2151 346.00
2152 345.00
2153 343.00
2154 343.00
2155 337.00
2156 346.00
2157 341.00
2158 342.00
2159 346.00
2160 344.00
2161 350.00
2162 351.00
2163 348.00
2164 353.00
2165 352.00
2166 348.00
2167 348.00
2168 351.00
2169 354.00
2170 353.00
2171 347.00
2172 353.00
2173 355.00
2174 349.00
2175 358.00
2176 355.00
2177 351.00
2178 364.00
2179 362.00
2180 371.00
2181 370.00
2182 372.00
2183 372.00
2184 368.00
2185 376.00
2186 375.00
2187 376.00
2188 378.00
2189 378.00
2190 372.00
2191 369.00
2192 369.00
2193 374.00
2194 378.00
2195 362.00
2196 360.00
2197 368.00
2198 358.00
2199 361.00
2200 340.00
2201 332.00
2202 336.00
2203 333.00
2204 336.00
2205 344.00
2206 344.00
2207 343.00
2208 342.00
2209 355.00
2210 361.00
2211 368.00
2212 354.00
2213 353.00
2214 350.00
2215 351.00
2216 351.00
2217 348.00
2218 350.00
2219 359.00
2220 356.00
2221 366.00
2222 355.00
2223 363.00
2224 359.00
2225 350.00
2226 355.00
2227 351.00
2228 342.00
2229 336.00
2230 334.00
2231 338.00
2232 355.00
2233 352.00
2234 360.00
2235 364.00
2236 366.00
2237 373.00
2238 376.00
2239 378.00
2240 383.00
2241 381.00
2242 387.00
2243 381.00
2244 376.00
2245 384.00
2246 379.00
2247 382.00
2248 391.00
2249 394.00
2250 393.00
2251 388.00
2252 386.00
2253 388.00
2254 387.00
2255 390.00
2256 386.00
2257 384.00
2258 383.00
2259 380.00
2260 382.00
2261 382.00
2262 380.00
2263 387.00
2264 395.00
2265 399.00
2266 399.00
2267 404.00
2268 401.00
2269 396.00
2270 397.00
2271 402.00
2272 407.00
2273 401.00
2274 406.00
2275 401.00
2276 408.00
2277 407.00
2278 408.00
2279 409.00
2280 397.00
2281 392.00
2282 396.00
2283 398.00
2284 399.00
2285 397.00
2286 401.00
2287 395.00
2288 393.00
2289 395.00
2290 392.00
2291 391.00
2292 385.00
2293 378.00
2294 366.00
2295 374.00
2296 372.00
2297 367.00
2298 363.00
2299 363.00
2300 375.00
2301 377.00
2302 370.00
2303 368.00
2304 365.00
2305 360.00
2306 363.00
2307 369.00
2308 363.00
2309 365.00
2310 366.00
2311 356.00
2312 357.00
2313 361.00
2314 363.00
2315 358.00
2316 359.00
2317 357.00
2318 363.00
2319 356.00
2320 342.00
2321 341.00
2322 340.00
2323 335.00
2324 332.00
2325 335.00
2326 329.00
2327 322.00
2328 327.00
2329 322.00
2330 326.00
2331 336.00
2332 335.00
2333 340.00
2334 339.00
2335 342.00
2336 341.00
2337 350.00
2338 335.00
2339 339.00
2340 346.00
2341 347.00
2342 351.00
2343 349.00
2344 344.00
2345 337.00
2346 339.00
2347 345.00
2348 352.00
2349 356.00
2350 355.00
2351 355.00
2352 353.00
2353 352.00
2354 358.00
2355 353.00
2356 347.00
2357 342.00
2358 344.00
2359 348.00
2360 346.00
2361 351.00
2362 347.00
2363 349.00
2364 354.00
2365 353.00
2366 351.00
2367 349.00
2368 347.00
2369 348.00
2370 348.00
2371 342.00
2372 348.00
2373 349.00
2374 345.00
2375 352.00
2376 357.00
2377 353.00
2378 368.00
2379 370.00
2380 376.00
2381 374.00
2382 381.00
2383 380.00
2384 383.00
2385 384.00
2386 383.00
2387 383.00
2388 385.00
2389 376.00
2390 371.00
2391 367.00
2392 363.00
2393 369.00
2394 369.00
2395 358.00
2396 356.00
2397 362.00
2398 353.00
2399 341.00
2400 330.00
2401 324.00
2402 338.00
2403 335.00
2404 340.00
2405 349.00
2406 349.00
2407 347.00
2408 343.00
2409 355.00
2410 364.00
2411 378.00
2412 368.00
2413 369.00
2414 372.00
2415 369.00
2416 365.00
2417 362.00
2418 363.00
2419 371.00
2420 371.00
2421 381.00
2422 372.00
2423 373.00
2424 362.00
2425 351.00
2426 355.00
2427 358.00
2428 351.00
2429 346.00
2430 344.00
2431 344.00
2432 358.00
2433 354.00
2434 356.00
2435 359.00
2436 365.00
2437 363.00
2438 358.00
2439 358.00
2440 344.00
2441 340.00
2442 343.00
2443 347.00
2444 353.00
2445 362.00
2446 357.00
2447 357.00
2448 366.00
2449 368.00
2450 360.00
2451 358.00
2452 356.00
2453 359.00
2454 356.00
2455 359.00
2456 353.00
2457 357.00
2458 358.00
2459 357.00
2460 373.00
2461 372.00
2462 363.00
2463 367.00
2464 369.00
2465 374.00
2466 376.00
2467 377.00
2468 374.00
2469 370.00
2470 379.00
2471 381.00
2472 384.00
2473 379.00
2474 383.00
2475 378.00
2476 377.00
2477 377.00
2478 386.00
2479 384.00
2480 376.00
2481 370.00
2482 383.00
2483 374.00
2484 376.00
2485 361.00
2486 365.00
2487 363.00
2488 362.00
2489 364.00
2490 360.00
2491 364.00
2492 362.00
2493 363.00
2494 357.00
2495 364.00
2496 369.00
2497 365.00
2498 363.00
2499 366.00
2500 373.00
2501 380.00
2502 374.00
2503 380.00
2504 375.00
2505 384.00
2506 385.00
2507 387.00
2508 385.00
2509 388.00
2510 388.00
2511 384.00
2512 381.00
2513 370.00
2514 367.00
2515 354.00
2516 351.00
2517 348.00
2518 350.00
2519 342.00
2520 342.00
2521 340.00
2522 346.00
2523 351.00
2524 353.00
2525 355.00
2526 340.00
2527 337.00
2528 337.00
2529 333.00
2530 337.00
2531 340.00
2532 342.00
2533 353.00
2534 358.00
2535 370.00
2536 371.00
2537 378.00
2538 375.00
2539 380.00
2540 369.00
2541 368.00
2542 362.00
2543 360.00
2544 353.00
2545 351.00
2546 364.00
2547 361.00
2548 364.00
2549 365.00
2550 356.00
2551 357.00
2552 351.00
2553 353.00
2554 353.00
2555 348.00
2556 345.00
2557 344.00
2558 348.00
2559 349.00
2560 352.00
2561 358.00
2562 354.00
2563 356.00
2564 362.00
2565 361.00
2566 359.00
2567 365.00
2568 367.00
2569 367.00
2570 367.00
2571 355.00
2572 365.00
2573 366.00
2574 363.00
2575 368.00
2576 372.00
2577 375.00
2578 376.00
2579 380.00
2580 388.00
2581 385.00
2582 383.00
2583 375.00
2584 375.00
2585 370.00
2586 368.00
2587 366.00
2588 369.00
2589 362.00
2590 363.00
2591 357.00
2592 351.00
2593 352.00
2594 353.00
2595 349.00
2596 350.00
2597 349.00
2598 341.00
2599 331.00
2600 349.00
2601 346.00
2602 350.00
2603 345.00
2604 353.00
2605 362.00
2606 362.00
2607 362.00
2608 356.00
2609 370.00
2610 379.00
2611 375.00
2612 367.00
2613 370.00
2614 373.00
2615 382.00
2616 384.00
2617 384.00
2618 384.00
2619 383.00
2620 384.00
2621 386.00
2622 382.00
2623 388.00
2624 386.00
2625 376.00
2626 380.00
2627 376.00
2628 377.00
2629 370.00
2630 369.00
2631 367.00
2632 373.00
2633 370.00
2634 371.00
2635 368.00
2636 367.00
2637 368.00
2638 371.00
2639 373.00
2640 365.00
2641 366.00
2642 364.00
2643 365.00
2644 362.00
2645 371.00
2646 368.00
2647 370.00
2648 376.00
2649 376.00
2650 373.00
2651 374.00
2652 373.00
2653 370.00
2654 371.00
2655 373.00
2656 369.00
2657 364.00
2658 363.00
2659 363.00
2660 374.00
2661 371.00
2662 367.00
2663 366.00
2664 371.00
2665 375.00
2666 378.00
2667 380.00
2668 378.00
2669 382.00
2670 383.00
2671 383.00
2672 387.00
2673 384.00
2674 389.00
2675 386.00
2676 390.00
2677 394.00
2678 394.00
2679 393.00
2680 388.00
2681 384.00
2682 390.00
2683 393.00
2684 397.00
2685 384.00
2686 383.00
2687 381.00
2688 377.00
2689 373.00
2690 373.00
2691 375.00
2692 373.00
2693 379.00
2694 367.00
2695 372.00
2696 370.00
2697 363.00
2698 360.00
2699 359.00
2700 364.00
2701 368.00
2702 363.00
2703 365.00
2704 364.00
2705 372.00
2706 375.00
2707 377.00
2708 372.00
2709 378.00
2710 375.00
2711 371.00
2712 368.00
2713 360.00
2714 365.00
2715 359.00
2716 345.00
2717 350.00
2718 356.00
2719 360.00
2720 347.00
2721 344.00
2722 340.00
2723 333.00
2724 328.00
2725 330.00
2726 325.00
2727 320.00
2728 323.00
2729 317.00
2730 323.00
2731 328.00
2732 324.00
2733 329.00
2734 325.00
2735 323.00
2736 332.00
2737 332.00
2738 322.00
2739 317.00
2740 327.00
2741 325.00
2742 335.00
2743 333.00
2744 328.00
2745 322.00
2746 323.00
2747 322.00
2748 324.00
2749 327.00
2750 325.00
2751 324.00
2752 324.00
2753 329.00
2754 334.00
2755 335.00
2756 341.00
2757 339.00
2758 353.00
2759 354.00
2760 353.00
2761 361.00
2762 352.00
2763 354.00
2764 362.00
2765 366.00
2766 370.00
2767 374.00
2768 379.00
2769 382.00
2770 383.00
2771 377.00
2772 382.00
2773 378.00
2774 377.00
2775 385.00
2776 388.00
2777 393.00
2778 390.00
2779 393.00
2780 396.00
2781 396.00
2782 404.00
2783 405.00
2784 396.00
2785 389.00
2786 383.00
2787 385.00
2788 385.00
2789 372.00
2790 364.00
2791 373.00
2792 376.00
2793 378.00
2794 375.00
2795 364.00
2796 361.00
2797 360.00
2798 354.00
2799 352.00
2800 363.00
2801 365.00
2802 362.00
2803 355.00
2804 369.00
2805 378.00
2806 378.00
2807 380.00
2808 377.00
2809 392.00
2810 392.00
2811 387.00
2812 384.00
2813 384.00
2814 378.00
2815 381.00
2816 381.00
2817 380.00
2818 381.00
2819 390.00
2820 391.00
2821 393.00
2822 395.00
2823 402.00
2824 392.00
2825 388.00
2826 395.00
2827 392.00
2828 384.00
2829 377.00
2830 384.00
2831 376.00
2832 380.00
2833 377.00
2834 386.00
2835 383.00
2836 385.00
2837 377.00
2838 377.00
2839 376.00
2840 369.00
2841 369.00
2842 367.00
2843 367.00
2844 368.00
2845 372.00
2846 364.00
2847 363.00
2848 372.00
2849 375.00
2850 373.00
2851 382.00
2852 379.00
2853 380.00
2854 377.00
2855 380.00
2856 371.00
2857 378.00
2858 380.00
2859 379.00
2860 388.00
2861 387.00
2862 385.00
2863 388.00
2864 394.00
2865 397.00
2866 403.00
2867 407.00
2868 404.00
2869 403.00
2870 406.00
2871 409.00
2872 415.00
2873 412.00
2874 417.00
2875 412.00
2876 422.00
2877 423.00
2878 425.00
2879 427.00
2880 419.00
2881 410.00
2882 417.00
2883 417.00
2884 409.00
2885 406.00
2886 406.00
2887 407.00
2888 402.00
2889 402.00
2890 398.00
2891 399.00
2892 395.00
2893 391.00
2894 386.00
2895 393.00
2896 390.00
2897 389.00
2898 385.00
2899 385.00
2900 393.00
2901 398.00
2902 389.00
2903 383.00
2904 383.00
2905 384.00
2906 385.00
2907 380.00
2908 381.00
2909 383.00
2910 387.00
2911 375.00
2912 373.00
2913 363.00
2914 358.00
2915 347.00
2916 341.00
2917 343.00
2918 348.00
2919 346.00
2920 348.00
2921 349.00
2922 348.00
2923 348.00
2924 355.00
2925 354.00
2926 348.00
2927 343.00
2928 342.00
2929 337.00
2930 338.00
2931 348.00
2932 345.00
2933 362.00
2934 368.00
2935 377.00
2936 380.00
2937 379.00
2938 369.00
2939 371.00
2940 367.00
2941 367.00
2942 371.00
2943 369.00
2944 361.00
2945 359.00
2946 364.00
2947 373.00
2948 382.00
2949 385.00
2950 377.00
2951 378.00
2952 377.00
2953 378.00
2954 379.00
2955 376.00
2956 374.00
2957 374.00
2958 388.00
2959 389.00
2960 381.00
2961 376.00
2962 371.00
2963 373.00
2964 380.00
2965 380.00
2966 378.00
2967 373.00
2968 371.00
2969 367.00
2970 374.00
2971 369.00
2972 379.00
2973 378.00
2974 377.00
2975 382.00
2976 390.00
2977 383.00
2978 382.00
2979 381.00
2980 390.00
2981 395.00
2982 404.00
2983 407.00
2984 398.00
2985 391.00
2986 388.00
2987 391.00
2988 394.00
2989 388.00
2990 380.00
2991 386.00
2992 382.00
2993 384.00
2994 383.00
2995 378.00
2996 375.00
2997 383.00
2998 374.00
2999 365.00
