0 -0.20
1 -0.15
2 -0.21
3 -0.14
4 -0.07
5 -0.20
6 -0.36
7 -0.03
8 -0.23
9 -0.02
10 -0.20
11 -0.20
12 -0.23
13 -0.17
14 -0.04
15 -0.13
16 -0.17
17 -0.20
18 -0.24
19 -0.26
20 -0.04
21 -0.20
22 -0.24
23 -0.29
24 -0.21
25 -0.26
26 -0.11
27 -0.16
28 -0.14
29 -0.21
30 -0.12
31 -0.07
32 -0.10
33 -0.14
34 -0.17
35 -0.23
36 -0.19
37 -0.13
38 -0.23
39 -0.12
40 -0.13
41 -0.21
42 -0.02
43 -0.02
44 -0.19
45 -0.06
46 -0.13
47 -0.17
48 -0.16
49 -0.21
50 -0.29
51 -0.21
52 0.24
53 -0.15
54 0.32
55 0.26
56 0.21
57 0.11
58 -0.05
59 -0.28
60 0.09
61 -0.29
62 0.36
63 -0.06
64 -0.20
65 -0.09
66 -0.07
67 0.42
68 0.38
69 0.38
70 -0.32
71 -0.21
72 -0.04
73 -0.32
74 -0.32
75 -0.32
76 -0.19
77 -0.18
78 -0.00
79 -0.23
80 -0.28
81 0.13
82 -0.26
83 0.31
84 0.14
85 0.19
86 -0.11
87 0.18
88 0.14
89 0.13
90 -0.06
91 -0.01
92 -0.21
93 0.25
94 -0.06
95 0.19
96 0.29
97 -0.28
98 -0.06
99 0.32
100 0.20
101 0.24
102 0.24
103 0.28
104 -0.28
105 0.31
106 -0.34
107 0.25
108 0.29
109 0.31
110 0.09
111 -0.28
112 -0.08
113 -0.10
114 0.12
115 -0.15
116 0.32
117 0.36
118 0.38
119 -0.28
120 0.36
121 0.38
122 0.32
123 0.36
124 -0.10
125 0.36
126 0.32
127 0.31
128 0.42
129 0.31
130 -0.10
131 -0.32
132 -0.32
133 0.32
134 0.38
135 0.36
136 0.38
137 0.42
138 0.40
139 0.36
140 0.38
141 -0.07
142 0.42
143 -0.23
144 0.38
145 0.36
146 0.34
147 -0.31
148 -0.29
149 0.38
150 -0.26
151 0.36
152 0.32
153 -0.23
154 0.36
155 0.40
156 -0.32
157 0.32
158 -0.05
159 0.42
160 0.34
161 0.34
162 0.36
163 0.38
164 0.38
165 0.40
166 0.31
167 -0.29
168 -0.32
169 0.36
170 0.42
171 0.36
172 -0.36
173 0.29
174 0.36
175 0.40
176 0.31
177 0.29
178 0.36
179 0.38
180 -0.31
181 0.34
182 0.29
183 0.40
184 0.36
185 0.38
186 0.36
187 0.34
188 0.29
189 -0.18
190 0.38
191 0.34
192 0.36
193 0.32
194 0.34
195 0.40
196 0.42
197 -0.10
198 0.38
199 -0.08
200 0.44
201 0.46
202 0.49
203 -0.28
204 -0.26
205 -0.20
206 -0.17
207 -0.13
208 -0.21
209 -0.31
210 -0.14
211 -0.17
212 -0.20
213 -0.26
214 -0.14
215 -0.21
216 -0.14
217 -0.25
218 -0.21
219 -0.20
220 -0.21
221 -0.34
222 -0.15
223 -0.17
224 -0.17
225 -0.17
226 -0.19
227 -0.09
228 -0.31
229 0.49
230 0.42
231 0.49
232 0.49
233 0.49
234 -0.00
235 -0.18
236 -0.21
237 -0.25
238 -0.21
239 -0.06
240 -0.15
241 -0.13
242 -0.20
243 0.36
244 0.49
245 0.49
246 0.49
247 0.49
248 0.46
249 0.49
250 -0.29
251 -0.11
252 0.49
253 -0.32
254 -0.28
255 0.49
256 0.49
257 -0.32
258 -0.13
259 0.10
260 0.09
261 0.49
262 -0.01
263 -0.13
264 -0.17
265 0.49
266 0.49
267 -0.29
268 0.29
269 0.42
270 0.46
271 0.49
272 0.49
273 -0.08
274 0.46
275 0.42
276 -0.34
277 -0.17
278 0.49
279 -0.17
280 0.49
281 -0.32
282 0.46
283 0.49
284 -0.10
285 0.40
286 0.49
287 0.49
288 -0.38
289 -0.11
290 -0.36
291 -0.26
292 0.46
293 -0.29
294 -0.05
295 -0.21
296 -0.20
297 -0.25
298 -0.31
299 -0.26
300 -0.14
301 -0.19
302 0.46
303 0.49
304 0.46
305 0.40
306 0.49
307 0.49
308 -0.32
309 0.46
310 0.49
311 -0.31
312 -0.29
313 0.49
314 -0.32
315 -0.34
316 -0.29
317 0.49
318 0.46
319 0.49
320 -0.28
321 -0.11
322 0.49
323 -0.31
324 0.46
325 -0.23
326 0.49
327 0.49
328 0.49
329 0.49
330 -0.17
331 0.42
332 -0.14
333 0.46
334 -0.10
335 -0.10
336 0.49
337 0.46
338 0.49
339 0.49
340 0.38
341 0.46
342 -0.36
343 0.49
344 -0.31
345 -0.24
346 0.49
347 0.44
348 0.40
349 -0.10
350 0.46
351 -0.25
352 -0.25
353 0.49
354 0.49
355 -0.11
356 0.49
357 0.49
358 0.49
359 -0.29
360 0.49
361 0.49
362 -0.05
363 -0.04
364 -0.03
365 -0.17
366 -0.05
367 -0.15
368 -0.14
369 0.49
370 0.49
371 0.46
372 0.49
373 -0.10
374 -0.32
375 -0.14
376 0.44
377 -0.31
378 0.49
379 -0.34
380 -0.23
381 -0.20
382 -0.10
383 -0.19
384 0.44
385 -0.13
386 0.46
387 0.49
388 0.49
389 -0.15
390 0.49
391 0.49
392 0.42
393 -0.09
394 0.44
395 0.49
396 0.42
397 0.49
398 -0.32
399 0.49
400 0.49
401 -0.36
402 0.49
403 -0.24
404 -0.34
405 -0.34
406 -0.13
407 -0.14
408 0.49
409 0.49
410 0.49
411 -0.11
412 -0.28
413 0.49
414 -0.11
415 0.44
416 -0.07
417 0.49
418 0.49
419 0.46
420 0.49
421 -0.34
422 -0.34
423 0.44
424 0.49
425 0.49
426 0.49
427 0.46
428 -0.34
429 0.40
430 -0.32
431 0.46
432 0.49
433 -0.28
434 0.49
435 -0.31
436 0.46
437 -0.32
438 -0.09
439 -0.26
440 -0.09
441 0.49
442 -0.31
443 -0.34
444 -0.12
445 -0.14
446 -0.08
447 0.49
448 -0.31
449 0.49
450 -0.29
451 0.49
452 -0.34
453 -0.34
454 -0.31
455 -0.19
456 -0.17
457 -0.38
458 -0.08
459 -0.04
460 0.49
461 0.46
462 -0.36
463 0.49
464 0.49
465 0.46
466 0.49
467 0.49
468 0.49
469 0.49
470 0.49
471 0.49
472 -0.23
473 -0.26
474 -0.32
475 -0.09
476 0.44
477 -0.38
478 -0.34
479 0.49
480 0.49
481 0.40
482 -0.26
483 0.34
484 -0.29
485 0.49
486 -0.32
487 0.49
488 -0.31
489 0.49
490 -0.31
491 -0.32
492 -0.28
493 0.17
494 0.49
495 -0.32
496 0.49
497 0.49
498 -0.17
499 0.49
500 -0.13
501 0.46
502 0.46
503 0.44
504 0.49
505 -0.29
506 -0.28
507 -0.07
508 -0.32
509 -0.17
510 -0.03
511 -0.08
512 -0.09
513 -0.26
514 0.49
515 0.49
516 -0.32
517 0.46
518 0.49
519 -0.29
520 -0.08
521 -0.31
522 -0.38
523 -0.14
524 0.38
525 -0.32
526 -0.21
527 0.49
528 0.49
529 0.44
530 0.44
531 0.44
532 0.40
533 -0.08
534 -0.12
535 0.49
536 -0.24
537 0.17
538 0.49
539 0.44
540 0.49
541 0.44
542 0.49
543 -0.13
544 0.42
545 -0.28
546 0.49
547 0.49
548 -0.25
549 0.49
550 0.46
551 0.46
552 0.34
553 0.49
554 -0.08
555 -0.29
556 0.44
557 -0.24
558 -0.10
559 -0.34
560 -0.15
561 -0.07
562 0.44
563 0.49
564 0.46
565 0.44
566 0.46
567 0.49
568 0.44
569 0.49
570 0.49
571 0.46
572 0.49
573 0.49
574 0.49
575 0.49
576 0.44
577 0.49
578 0.44
579 0.49
580 0.49
581 -0.38
582 0.44
583 0.49
584 0.46
585 0.49
586 0.40
587 0.49
588 -0.34
589 0.40
590 -0.26
591 0.49
592 0.49
593 0.49
594 -0.14
595 -0.26
596 -0.09
597 -0.25
598 -0.03
599 -0.32
600 0.49
601 0.49
602 0.44
603 0.44
604 0.49
605 -0.09
606 0.49
607 0.49
608 -0.10
609 -0.17
610 -0.04
611 -0.04
612 -0.09
613 -0.31
614 -0.18
615 -0.31
616 0.20
617 0.44
618 0.49
619 -0.10
620 0.44
621 -0.24
622 0.12
623 0.46
624 0.44
625 0.49
626 0.49
627 0.46
628 -0.08
629 0.34
630 0.42
631 -0.34
632 0.38
633 0.36
634 0.42
635 0.46
636 0.46
637 0.44
638 0.44
639 0.46
640 -0.31
641 0.42
642 -0.07
643 -0.10
644 -0.08
645 -0.17
646 -0.26
647 -0.28
648 -0.26
649 -0.40
650 -0.21
651 -0.06
652 -0.10
653 -0.04
654 -0.18
655 -0.04
656 -0.25
657 -0.24
658 -0.09
659 -0.17
660 -0.16
661 -0.17
662 -0.15
663 -0.14
664 -0.36
665 -0.26
666 0.12
667 -0.29
668 -0.29
669 0.14
670 -0.10
671 0.44
672 0.49
673 -0.31
674 -0.32
675 0.49
676 -0.24
677 0.44
678 0.46
679 0.40
680 0.49
681 -0.24
682 0.36
683 -0.18
684 0.46
685 -0.32
686 0.46
687 0.46
688 -0.36
689 -0.25
690 -0.34
691 0.42
692 0.42
693 -0.23
694 0.42
695 0.42
696 0.46
697 -0.24
698 0.36
699 -0.09
700 0.42
701 0.42
702 -0.28
703 -0.25
704 0.42
705 0.42
706 -0.34
707 -0.11
708 -0.08
709 -0.21
710 -0.31
711 -0.21
712 -0.02
713 -0.25
714 -0.24
715 0.38
716 0.36
717 0.38
718 -0.32
719 0.26
720 0.38
721 0.29
722 0.38
723 -0.32
724 -0.29
725 0.29
726 0.38
727 0.46
728 -0.32
729 0.42
730 0.46
731 0.36
732 0.40
733 0.38
734 0.40
735 0.40
736 0.40
737 -0.14
738 0.26
739 0.42
740 0.42
741 0.38
742 0.40
743 0.46
744 0.40
745 0.38
746 0.38
747 0.40
748 0.42
749 0.38
750 0.40
751 0.38
752 0.36
753 0.36
754 0.38
755 0.38
756 0.42
757 -0.07
758 0.32
759 0.36
760 0.38
761 -0.28
762 -0.06
763 -0.17
764 0.38
765 -0.24
766 0.34
767 0.42
768 0.36
769 0.46
770 0.42
771 0.38
772 0.46
773 -0.31
774 0.38
775 -0.26
776 0.49
777 0.42
778 0.49
779 -0.21
780 -0.14
781 0.36
782 0.42
783 0.42
784 0.36
785 0.31
786 0.38
787 0.31
788 0.42
789 0.38
790 0.32
791 0.46
792 0.23
793 0.42
794 -0.11
795 0.36
796 -0.36
797 0.36
798 -0.26
799 0.34
800 -0.08
801 -0.15
802 0.26
803 0.38
804 0.38
805 -0.38
806 -0.24
807 -0.31
808 -0.14
809 -0.06
810 -0.20
811 -0.24
812 -0.17
813 -0.17
814 -0.28
815 -0.03
816 -0.10
817 -0.19
818 -0.18
819 -0.09
820 -0.06
821 -0.01
822 -0.01
823 -0.07
824 -0.04
825 -0.01
826 -0.03
827 -0.14
828 -0.14
829 -0.06
830 0.13
831 0.49
832 0.49
833 0.46
834 0.49
835 -0.28
836 0.46
837 0.49
838 0.49
839 0.34
840 0.40
841 0.49
842 0.42
843 0.40
844 -0.23
845 0.49
846 0.49
847 0.44
848 -0.25
849 0.44
850 0.44
851 0.46
852 -0.14
853 0.49
854 0.38
855 -0.07
856 -0.26
857 0.46
858 0.29
859 0.42
860 0.40
861 0.46
862 0.32
863 0.46
864 0.40
865 0.38
866 0.42
867 -0.09
868 0.34
869 -0.09
870 0.42
871 0.31
872 0.36
873 0.36
874 0.36
875 0.42
876 0.36
877 0.38
878 0.42
879 0.42
880 -0.38
881 0.36
882 0.38
883 -0.09
884 0.38
885 0.42
886 0.42
887 0.36
888 0.42
889 0.31
890 0.26
891 0.38
892 0.42
893 -0.07
894 -0.29
895 -0.21
896 -0.24
897 0.38
898 0.29
899 -0.28
900 0.42
901 -0.24
902 -0.23
903 0.42
904 0.38
905 0.42
906 0.24
907 0.26
908 0.42
909 0.42
910 0.46
911 0.46
912 -0.29
913 0.34
914 -0.36
915 -0.29
916 -0.29
917 -0.18
918 -0.06
919 -0.23
920 -0.18
921 0.34
922 0.46
923 -0.29
924 0.46
925 0.06
926 0.42
927 0.12
928 -0.07
929 0.38
930 0.42
931 0.42
932 0.15
933 0.15
934 -0.00
935 0.42
936 0.11
937 -0.36
938 -0.05
939 -0.26
940 -0.01
941 -0.02
942 -0.17
943 -0.16
944 -0.01
945 -0.00
946 -0.08
947 -0.01
948 -0.00
949 -0.08
950 -0.12
951 -0.01
952 -0.00
953 0.00
954 0.49
955 0.40
956 0.46
957 0.49
958 0.21
959 0.01
960 0.36
961 0.44
962 0.46
963 -0.00
964 0.46
965 0.49
966 0.49
967 0.32
968 0.49
969 0.49
970 0.46
971 0.49
972 0.42
973 0.36
974 0.36
975 0.44
976 0.49
977 0.32
978 0.46
979 0.11
980 0.49
981 0.08
982 0.10
983 -0.28
984 0.46
985 0.09
986 0.00
987 0.46
988 0.14
989 0.26
990 0.09
991 0.10
992 0.14
993 0.12
994 0.42
995 0.46
996 0.40
997 0.42
998 0.44
999 0.44
1000 0.46
1001 0.40
1002 0.14
1003 0.10
1004 -0.34
1005 -0.26
1006 -0.00
1007 -0.01
1008 -0.36
1009 -0.14
1010 -0.18
1011 -0.23
1012 -0.19
1013 -0.03
1014 -0.04
1015 -0.16
1016 -0.14
1017 -0.23
1018 -0.24
1019 -0.06
1020 -0.03
1021 0.05
1022 0.01
1023 0.49
1024 0.49
1025 0.49
1026 0.10
1027 0.49
1028 0.42
1029 0.49
1030 0.00
1031 0.15
1032 0.49
1033 0.09
1034 0.49
1035 0.12
1036 0.49
1037 0.40
1038 0.01
1039 0.49
1040 0.36
1041 0.42
1042 0.49
1043 0.11
1044 0.09
1045 0.49
1046 0.24
1047 0.49
1048 -0.00
1049 -0.13
1050 -0.00
1051 -0.25
1052 -0.10
1053 -0.19
1054 -0.31
1055 -0.21
1056 -0.20
1057 -0.02
1058 -0.06
1059 0.28
1060 0.42
1061 0.07
1062 0.36
1063 -0.00
1064 0.32
1065 0.11
1066 0.49
1067 0.06
1068 0.42
1069 0.44
1070 0.49
1071 0.49
1072 0.49
1073 0.44
1074 -0.00
1075 0.44
1076 0.40
1077 0.13
1078 0.09
1079 -0.40
1080 0.42
1081 0.44
1082 0.09
1083 0.44
1084 0.40
1085 0.08
1086 0.38
1087 0.13
1088 0.42
1089 0.42
1090 -0.08
1091 -0.31
1092 -0.00
1093 -0.00
1094 0.32
1095 0.13
1096 0.42
1097 0.36
1098 0.07
1099 0.44
1100 0.49
1101 -0.32
1102 -0.32
1103 -0.25
1104 0.24
1105 -0.09
1106 -0.04
1107 -0.04
1108 0.38
1109 0.31
1110 -0.28
1111 0.42
1112 0.10
1113 0.29
1114 0.32
1115 -0.18
1116 0.40
1117 0.46
1118 0.44
1119 0.05
1120 0.10
1121 0.12
1122 0.44
1123 0.44
1124 0.46
1125 0.46
1126 0.11
1127 -0.07
1128 -0.00
1129 0.26
1130 0.44
1131 0.10
1132 -0.21
1133 -0.32
1134 0.32
1135 0.44
1136 0.40
1137 0.44
1138 -0.29
1139 0.23
1140 0.42
1141 0.38
1142 0.40
1143 -0.34
1144 0.20
1145 0.38
1146 0.44
1147 0.42
1148 0.46
1149 0.42
1150 0.44
1151 0.44
1152 0.42
1153 0.46
1154 -0.15
1155 0.42
1156 -0.29
1157 0.42
1158 0.38
1159 -0.36
1160 0.14
1161 0.42
1162 0.24
1163 0.42
1164 0.24
1165 0.44
1166 0.44
1167 0.46
1168 0.46
1169 0.26
1170 0.46
1171 0.42
1172 -0.25
1173 0.44
1174 0.49
1175 0.49
1176 -0.28
1177 0.49
1178 -0.24
1179 0.28
1180 0.32
1181 0.42
1182 0.36
1183 0.40
1184 0.26
1185 0.19
1186 0.34
1187 0.40
1188 0.26
1189 0.40
1190 0.44
1191 0.38
1192 0.44
1193 0.36
1194 -0.08
1195 0.49
1196 0.49
1197 0.44
1198 0.49
1199 -0.29
1200 0.28
1201 -0.12
1202 0.26
1203 0.26
1204 0.21
1205 0.49
1206 0.49
1207 0.44
1208 0.40
1209 0.49
1210 -0.21
1211 0.49
1212 0.49
1213 0.38
1214 0.44
1215 0.42
1216 0.42
1217 0.31
1218 -0.29
1219 0.24
1220 0.49
1221 0.40
1222 0.44
1223 0.46
1224 0.46
1225 -0.11
1226 0.49
1227 0.32
1228 0.49
1229 -0.23
1230 0.49
1231 -0.26
1232 0.46
1233 0.23
1234 0.49
1235 0.40
1236 -0.12
1237 0.49
1238 -0.09
1239 0.34
1240 0.44
1241 0.46
1242 0.36
1243 0.36
1244 0.46
1245 0.46
1246 0.46
1247 0.40
1248 0.23
1249 0.42
1250 -0.29
1251 0.38
1252 0.32
1253 0.42
1254 -0.18
1255 0.40
1256 0.36
1257 0.38
1258 -0.26
1259 -0.28
1260 0.36
1261 0.42
1262 0.42
1263 0.34
1264 -0.31
1265 0.34
1266 0.42
1267 0.42
1268 -0.07
1269 -0.07
1270 -0.28
1271 -0.12
1272 -0.11
1273 -0.26
1274 -0.07
1275 -0.23
1276 -0.14
1277 -0.24
1278 -0.20
1279 -0.14
1280 -0.03
1281 -0.01
1282 0.07
1283 -0.05
1284 0.00
1285 0.05
1286 -0.00
1287 -0.05
1288 -0.18
1289 -0.05
1290 0.01
1291 -0.00
1292 -0.00
1293 -0.09
1294 -0.06
1295 -0.23
1296 -0.01
1297 -0.04
1298 -0.04
1299 -0.04
1300 -0.13
1301 -0.16
1302 -0.03
1303 -0.04
1304 -0.02
1305 -0.15
1306 -0.05
1307 -0.15
1308 -0.06
1309 -0.13
1310 -0.26
1311 -0.23
1312 -0.29
1313 -0.10
1314 -0.29
1315 -0.03
1316 -0.06
1317 -0.08
1318 -0.34
1319 0.42
1320 0.40
1321 0.49
1322 -0.34
1323 0.49
1324 -0.26
1325 0.49
1326 -0.34
1327 0.49
1328 0.46
1329 0.49
1330 0.49
1331 0.02
1332 0.10
1333 0.49
1334 0.49
1335 0.44
1336 0.49
1337 0.00
1338 0.49
1339 0.49
1340 0.49
1341 0.49
1342 0.49
1343 0.44
1344 0.46
1345 0.46
1346 0.49
1347 0.49
1348 0.49
1349 0.49
1350 0.29
1351 0.40
1352 0.49
1353 0.49
1354 0.49
1355 0.49
1356 0.09
1357 0.49
1358 0.36
1359 0.49
1360 0.07
1361 0.07
1362 0.36
1363 0.49
1364 0.46
1365 0.49
1366 0.44
1367 -0.18
1368 0.49
1369 0.09
1370 0.49
1371 0.05
1372 0.49
1373 0.46
1374 0.49
1375 0.46
1376 0.31
1377 0.29
1378 0.49
1379 0.32
1380 0.49
1381 0.49
1382 0.49
1383 0.44
1384 0.49
1385 0.44
1386 0.49
1387 0.49
1388 0.49
1389 0.44
1390 -0.01
1391 0.38
1392 0.49
1393 -0.00
1394 0.23
1395 0.28
1396 0.10
1397 0.49
1398 0.49
1399 0.49
1400 0.46
1401 0.49
1402 0.09
1403 0.44
1404 0.49
1405 0.49
1406 -0.01
1407 -0.05
1408 -0.19
1409 -0.05
1410 -0.24
1411 -0.15
1412 -0.16
1413 -0.21
1414 -0.08
1415 -0.07
1416 -0.15
1417 -0.11
1418 -0.04
1419 -0.19
1420 -0.03
1421 -0.36
1422 -0.18
1423 -0.01
1424 0.23
1425 0.46
1426 0.06
1427 0.00
1428 0.44
1429 -0.06
1430 0.42
1431 0.49
1432 0.29
1433 0.49
1434 0.49
1435 0.49
1436 0.46
1437 0.40
1438 0.29
1439 0.49
1440 -0.19
1441 0.49
1442 0.49
1443 0.49
1444 0.44
1445 0.01
1446 0.44
1447 0.49
1448 0.46
1449 0.46
1450 0.07
1451 0.46
1452 0.49
1453 0.49
1454 0.12
1455 0.06
1456 0.09
1457 0.42
1458 0.09
1459 0.42
1460 -0.00
1461 -0.23
1462 -0.25
1463 -0.24
1464 -0.07
1465 -0.20
1466 -0.23
1467 -0.02
1468 -0.04
1469 -0.00
1470 -0.11
1471 -0.00
1472 0.01
1473 0.00
1474 -0.00
1475 0.28
1476 0.31
1477 0.00
1478 0.00
1479 0.29
1480 0.49
1481 0.05
1482 0.06
1483 0.49
1484 0.34
1485 0.49
1486 0.44
1487 0.01
1488 0.42
1489 0.17
1490 0.34
1491 0.17
1492 0.10
1493 0.09
1494 0.49
1495 0.44
1496 -0.00
1497 0.44
1498 0.09
1499 0.49
1500 0.49
1501 0.03
1502 0.46
1503 0.46
1504 0.12
1505 0.34
1506 0.10
1507 -0.25
1508 -0.40
1509 -0.25
1510 0.42
1511 0.38
1512 0.16
1513 0.25
1514 0.14
1515 0.15
1516 0.42
1517 0.34
1518 0.38
1519 0.42
1520 0.42
1521 0.42
1522 0.12
1523 0.40
1524 0.12
1525 0.40
1526 -0.01
1527 -0.02
1528 -0.16
1529 -0.04
1530 -0.25
1531 0.42
1532 -0.25
1533 -0.28
1534 -0.07
1535 -0.17
1536 -0.08
1537 -0.03
1538 0.14
1539 -0.06
1540 -0.03
1541 -0.09
1542 -0.13
1543 -0.04
1544 -0.17
1545 -0.17
1546 -0.03
1547 -0.15
1548 -0.11
1549 0.26
1550 0.38
1551 -0.29
1552 0.32
1553 0.36
1554 0.49
1555 0.42
1556 0.49
1557 0.49
1558 -0.10
1559 0.49
1560 0.36
1561 0.44
1562 0.44
1563 0.46
1564 0.49
1565 0.42
1566 0.49
1567 0.44
1568 0.44
1569 0.42
1570 -0.11
1571 -0.10
1572 0.49
1573 0.49
1574 0.49
1575 -0.25
1576 0.49
1577 -0.17
1578 0.46
1579 0.49
1580 -0.25
1581 0.49
1582 0.49
1583 -0.16
1584 0.49
1585 0.49
1586 0.49
1587 0.49
1588 0.49
1589 -0.28
1590 0.49
1591 0.44
1592 0.49
1593 0.49
1594 0.49
1595 0.46
1596 0.49
1597 0.49
1598 -0.10
1599 -0.26
1600 0.49
1601 0.49
1602 -0.28
1603 0.46
1604 0.36
1605 0.28
1606 0.42
1607 0.49
1608 0.49
1609 0.49
1610 0.49
1611 0.49
1612 0.32
1613 0.49
1614 0.49
1615 0.44
1616 0.46
1617 0.46
1618 0.23
1619 0.34
1620 -0.18
1621 0.31
1622 0.32
1623 0.29
1624 0.38
1625 -0.25
1626 0.36
1627 0.31
1628 -0.29
1629 -0.05
1630 -0.06
1631 -0.20
1632 -0.05
1633 -0.38
1634 -0.24
1635 -0.05
1636 -0.29
1637 -0.01
1638 -0.25
1639 0.01
1640 0.18
1641 -0.01
1642 -0.16
1643 0.07
1644 0.19
1645 0.31
1646 0.46
1647 0.46
1648 0.49
1649 0.40
1650 -0.00
1651 0.40
1652 0.08
1653 0.00
1654 -0.05
1655 -0.05
1656 -0.00
1657 0.00
1658 -0.01
1659 -0.06
1660 -0.01
1661 -0.01
1662 0.06
1663 0.00
1664 0.07
1665 0.06
1666 -0.06
1667 -0.00
1668 -0.24
1669 0.05
1670 0.02
1671 -0.00
1672 0.06
1673 -0.20
1674 -0.00
1675 -0.12
1676 -0.17
1677 -0.02
1678 -0.02
1679 -0.02
1680 -0.23
1681 -0.13
1682 -0.13
1683 -0.03
1684 0.17
1685 -0.04
1686 -0.04
1687 0.24
1688 -0.32
1689 -0.00
1690 0.17
1691 -0.25
1692 -0.07
1693 -0.01
1694 -0.04
1695 0.04
1696 -0.09
1697 -0.07
1698 0.23
1699 0.19
1700 0.17
1701 -0.36
1702 0.44
1703 0.36
1704 0.46
1705 0.36
1706 0.42
1707 0.44
1708 0.46
1709 0.46
1710 0.42
1711 0.49
1712 -0.10
1713 0.44
1714 0.49
1715 0.46
1716 0.40
1717 0.34
1718 0.44
1719 0.46
1720 0.44
1721 0.46
1722 0.46
1723 0.46
1724 0.42
1725 0.46
1726 0.32
1727 0.46
1728 0.31
1729 0.42
1730 0.46
1731 -0.23
1732 0.44
1733 0.44
1734 0.34
1735 0.42
1736 0.36
1737 0.38
1738 -0.34
1739 0.42
1740 0.46
1741 0.46
1742 -0.32
1743 0.46
1744 -0.36
1745 0.31
1746 0.44
1747 0.46
1748 0.46
1749 0.46
1750 -0.34
1751 -0.31
1752 0.42
1753 -0.29
1754 -0.32
1755 -0.07
1756 -0.26
1757 -0.06
1758 -0.24
1759 -0.31
1760 -0.09
1761 -0.14
1762 0.12
1763 0.32
1764 0.40
1765 0.21
1766 0.23
1767 0.46
1768 0.23
1769 -0.17
1770 0.28
1771 0.31
1772 0.36
1773 0.32
1774 0.44
1775 -0.29
1776 0.46
1777 0.46
1778 -0.31
1779 -0.29
1780 0.36
1781 0.36
1782 0.38
1783 0.46
1784 0.40
1785 0.46
1786 0.36
1787 -0.20
1788 0.46
1789 0.46
1790 0.42
1791 0.42
1792 0.46
1793 0.44
1794 0.42
1795 0.46
1796 0.44
1797 0.44
1798 0.23
1799 0.46
1800 0.44
1801 0.46
1802 -0.29
1803 0.38
1804 0.44
1805 0.42
1806 0.42
1807 0.46
1808 0.46
1809 0.38
1810 0.46
1811 -0.19
1812 0.38
1813 0.36
1814 0.38
1815 -0.21
1816 -0.31
1817 -0.19
1818 -0.18
1819 -0.24
1820 -0.17
1821 0.13
1822 0.15
1823 -0.29
1824 0.02
1825 -0.18
1826 -0.18
1827 -0.14
1828 -0.13
1829 -0.17
1830 0.05
1831 0.03
1832 0.16
1833 0.09
1834 0.46
1835 0.49
1836 0.49
1837 0.42
1838 0.49
1839 0.49
1840 0.49
1841 0.42
1842 0.13
1843 -0.25
1844 0.42
1845 0.49
1846 0.44
1847 0.40
1848 0.44
1849 0.49
1850 0.40
1851 0.49
1852 0.49
1853 0.49
1854 0.02
1855 0.09
1856 -0.28
1857 -0.14
1858 -0.31
1859 -0.18
1860 -0.06
1861 -0.05
1862 -0.10
1863 0.01
1864 0.49
1865 0.49
1866 0.31
1867 0.49
1868 0.49
1869 0.49
1870 0.10
1871 0.06
1872 0.44
1873 0.46
1874 0.49
1875 0.44
1876 0.12
1877 0.46
1878 0.44
1879 0.49
1880 0.40
1881 0.49
1882 0.49
1883 0.49
1884 0.44
1885 0.44
1886 0.49
1887 0.49
1888 0.08
1889 0.12
1890 0.08
1891 0.46
1892 0.46
1893 0.49
1894 0.42
1895 0.46
1896 0.46
1897 0.10
1898 0.12
1899 0.38
1900 0.29
1901 0.44
1902 0.46
1903 0.44
1904 0.49
1905 0.29
1906 0.09
1907 0.46
1908 0.46
1909 -0.32
1910 0.44
1911 0.44
1912 0.40
1913 0.40
1914 -0.17
1915 0.09
1916 0.10
1917 0.10
1918 0.44
1919 0.42
1920 0.42
1921 0.49
1922 0.46
1923 0.49
1924 0.46
1925 -0.24
1926 0.44
1927 0.46
1928 0.09
1929 0.05
1930 -0.34
1931 -0.17
1932 0.38
1933 -0.32
1934 -0.34
1935 -0.07
1936 -0.14
1937 0.42
1938 0.34
1939 -0.13
1940 -0.34
1941 -0.07
1942 0.31
1943 -0.29
1944 -0.04
1945 -0.25
1946 0.36
1947 0.40
1948 0.38
1949 -0.31
1950 0.40
1951 -0.26
1952 -0.17
1953 0.17
1954 -0.24
1955 -0.06
1956 0.03
1957 0.36
1958 0.12
1959 0.25
1960 0.38
1961 0.40
1962 0.31
1963 0.44
1964 0.44
1965 0.40
1966 -0.34
1967 0.42
1968 0.42
1969 -0.09
1970 0.36
1971 0.36
1972 0.40
1973 0.34
1974 0.36
1975 0.42
1976 0.34
1977 0.42
1978 -0.32
1979 -0.05
1980 -0.06
1981 -0.06
1982 0.42
1983 -0.36
1984 -0.02
1985 -0.20
1986 -0.17
1987 0.18
1988 0.31
1989 0.42
1990 0.49
1991 0.44
1992 0.46
1993 0.40
1994 0.36
1995 0.49
1996 0.44
1997 0.46
1998 -0.08
1999 0.42
