0 327.33
30 325.33
60 345.33
90 345.33
120 353.33
150 338.67
180 328.67
210 320.00
240 342.00
270 348.67
300 342.00
330 324.67
360 338.00
390 351.33
420 332.00
450 343.33
480 370.67
510 339.33
540 348.67
570 360.00
600 317.33
630 315.33
660 312.67
690 312.00
720 322.67
750 317.33
780 337.33
810 334.00
840 350.00
870 331.33
900 345.33
930 343.33
960 324.67
990 336.67
1020 349.33
1050 354.00
1080 347.33
1110 360.67
1140 352.00
1170 350.00
1200 351.33
1230 350.00
1260 344.67
1290 356.00
1320 362.00
1350 351.33
1380 336.00
1410 328.00
1440 320.67
1470 322.67
1500 334.67
1530 315.33
1560 332.00
1590 340.67
1620 350.67
1650 340.00
1680 328.67
1710 342.00
1740 356.67
1770 334.67
1800 355.33
1830 366.67
1860 356.00
1890 359.33
1920 333.33
1950 343.33
1980 336.00
2010 296.00
2040 296.67
2070 296.67
2100 301.33
2130 298.00
2160 294.67
2190 359.33
2220 398.67
2250 381.33
2280 384.67
2310 392.67
2340 399.33
2370 394.00
2400 359.33
2430 378.67
2460 356.00
2490 381.33
2520 379.33
2550 379.33
2580 370.67
2610 364.67
2640 348.00
2670 363.33
2700 344.67
2730 353.33
2760 362.00
2790 373.33
2820 394.67
2850 367.33
2880 390.00
2910 388.67
2940 390.00
2970 392.00
