0 160.67
1 170.67
2 177.33
3 178.00
4 171.33
5 285.33
6 216.67
7 176.00
8 171.33
9 237.33
10 304.67
11 192.00
12 190.67
13 258.00
14 182.00
15 166.00
16 189.33
17 240.67
18 202.67
19 291.33
20 163.33
21 181.33
22 285.33
23 184.00
24 240.67
25 220.67
26 194.00
27 223.33
28 166.67
29 194.00
30 188.67
31 212.00
32 172.00
33 216.67
34 232.67
35 277.33
36 151.33
37 234.00
38 194.67
39 308.67
40 221.33
41 190.00
42 255.33
43 189.33
44 216.67
45 180.67
46 176.00
47 270.00
48 282.67
49 232.00
50 195.33
51 207.33
52 194.67
53 162.00
54 265.33
55 180.00
56 196.67
57 159.33
58 200.67
59 188.67
60 184.67
61 188.67
62 240.00
63 291.33
64 171.33
65 197.33
66 198.67
67 302.67
68 260.00
69 177.33
70 187.33
71 168.67
72 221.33
73 221.33
74 170.67
75 180.67
76 216.00
77 178.67
78 192.00
79 305.33
80 158.67
81 196.00
82 189.33
83 182.67
84 290.67
85 182.67
86 171.33
87 242.00
88 170.67
89 178.00
90 177.33
91 166.67
92 176.00
93 204.00
94 293.33
95 170.00
96 232.00
97 203.33
98 168.00
99 190.67
100 292.00
101 242.67
102 210.00
103 224.00
104 281.33
105 283.33
106 173.33
107 164.67
108 220.67
109 179.33
110 196.00
111 203.33
112 170.67
113 180.67
114 189.33
115 213.33
116 164.00
117 276.67
118 312.67
119 170.67
120 276.00
121 166.67
122 176.67
123 234.67
124 172.00
125 170.00
126 188.00
127 191.33
128 198.67
129 194.00
130 266.00
131 176.00
132 187.33
133 204.67
134 228.67
135 198.00
136 186.67
137 302.67
138 171.33
139 193.33
140 278.67
141 190.00
142 174.67
143 224.67
144 181.33
145 228.00
146 222.00
147 272.00
148 190.00
149 189.33
150 272.00
151 239.33
152 261.33
153 197.33
154 214.00
155 206.00
156 199.33
157 188.00
158 163.33
159 178.00
160 186.00
161 284.67
162 194.00
163 195.33
164 187.33
165 180.00
166 193.33
167 266.00
168 179.33
169 261.33
170 276.00
171 296.67
172 182.00
173 216.67
174 238.67
175 208.67
176 179.33
177 177.33
178 197.33
179 185.33
180 181.33
181 183.33
182 173.33
183 168.00
184 248.00
185 309.33
186 184.67
187 197.33
188 166.00
189 188.67
190 172.00
191 235.33
192 182.67
193 236.00
194 214.67
195 194.00
196 225.33
197 189.33
198 191.33
199 165.33
200 286.67
201 265.33
202 324.67
203 196.67
204 415.33
205 241.33
206 233.33
207 235.33
208 345.33
209 314.00
210 232.00
211 232.00
212 250.67
213 190.67
214 220.00
215 186.67
216 302.00
217 374.00
218 344.00
219 384.00
220 234.67
221 264.67
222 221.33
223 236.67
224 252.67
225 456.67
226 247.33
227 376.00
228 216.67
229 242.00
230 450.67
231 234.67
232 314.00
233 233.33
234 370.00
235 448.67
236 244.67
237 410.00
238 255.33
239 260.67
240 229.33
241 400.67
242 242.00
243 285.33
244 219.33
245 235.33
246 196.00
247 376.67
248 216.00
249 254.67
250 426.67
251 403.33
252 226.00
253 421.33
254 234.67
255 230.00
256 256.67
257 261.33
258 259.33
259 288.00
260 243.33
261 236.67
262 238.67
263 256.00
264 253.33
265 394.67
266 252.67
267 256.67
268 245.33
269 214.00
270 231.33
271 239.33
272 288.00
273 349.33
274 212.00
275 234.00
276 227.33
277 252.00
278 256.00
279 241.33
280 285.33
281 198.00
282 274.67
283 300.67
284 283.33
285 250.00
286 236.00
287 248.00
288 294.67
289 338.67
290 198.00
291 327.33
292 359.33
293 259.33
294 228.67
295 239.33
296 206.00
297 225.33
298 348.00
299 235.33
300 342.00
301 257.33
302 228.00
303 278.67
304 294.67
305 248.67
306 261.33
307 374.67
308 217.33
309 273.33
310 244.67
311 244.67
312 257.33
313 333.33
314 246.00
315 194.67
316 369.33
317 250.00
318 245.33
319 264.00
320 228.67
321 350.00
322 228.67
323 227.33
324 251.33
325 342.67
326 260.67
327 205.33
328 266.67
329 278.67
330 229.33
331 276.67
332 218.00
333 216.00
334 202.00
335 298.67
336 236.00
337 302.67
338 214.00
339 208.00
340 268.67
341 295.33
342 391.33
343 272.67
344 240.00
345 203.33
346 347.33
347 216.67
348 245.33
349 396.67
350 231.33
351 255.33
352 283.33
353 183.33
354 286.00
355 212.00
356 176.00
357 256.67
358 327.33
359 212.00
360 253.33
361 223.33
362 263.33
363 197.33
364 248.67
365 266.67
366 192.00
367 288.00
368 217.33
369 209.33
370 347.33
371 198.00
372 326.00
373 253.33
374 262.00
375 210.00
376 235.33
377 318.67
378 222.67
379 241.33
380 204.67
381 240.00
382 228.67
383 277.33
384 246.67
385 227.33
386 240.67
387 206.67
388 298.67
389 276.00
390 248.00
391 217.33
392 300.67
393 313.33
394 318.00
395 270.00
396 226.67
397 226.00
398 303.33
399 266.67
400 224.00
401 335.33
402 414.00
403 222.67
404 263.33
405 377.33
406 316.67
407 230.00
408 330.67
409 282.67
410 459.33
411 246.00
412 230.67
413 227.33
414 229.33
415 287.33
416 246.00
417 281.33
418 242.67
419 430.67
420 250.00
421 427.33
422 434.67
423 258.00
424 278.00
425 242.00
426 222.00
427 411.33
428 448.00
429 231.33
430 236.67
431 210.00
432 220.67
433 208.67
434 373.33
435 268.67
436 240.00
437 250.67
438 243.33
439 251.33
440 252.00
441 348.00
442 243.33
443 270.67
444 186.00
445 245.33
446 250.67
447 404.00
448 300.67
449 246.67
450 268.67
451 376.67
452 270.00
453 228.67
454 207.33
455 262.00
456 262.00
457 275.33
458 266.67
459 275.33
460 252.67
461 406.00
462 262.67
463 277.33
464 249.33
465 240.00
466 398.00
467 453.33
468 399.33
469 200.00
470 297.33
471 254.67
472 270.00
473 407.33
474 283.33
475 232.67
476 270.67
477 265.33
478 281.33
479 250.67
480 258.00
481 188.67
482 452.00
483 256.67
484 190.67
485 356.00
486 290.67
487 408.67
488 386.67
489 254.00
490 282.67
491 272.00
492 458.67
493 269.33
494 256.00
495 254.00
496 242.67
497 439.33
498 236.00
499 380.00
500 284.00
501 412.00
502 263.33
503 335.33
504 231.33
505 290.67
506 214.67
507 240.00
508 271.33
509 206.00
510 249.33
511 210.67
512 324.00
513 269.33
514 254.67
515 234.00
516 306.00
517 379.33
518 364.00
519 283.33
520 286.67
521 438.67
522 375.33
523 222.67
524 387.33
525 276.00
526 372.67
527 422.67
528 274.00
529 464.67
530 243.33
531 240.67
532 240.00
533 295.33
534 334.00
535 316.00
536 386.00
537 252.00
538 252.00
539 276.00
540 276.67
541 199.33
542 314.67
543 462.00
544 438.00
545 235.33
546 274.67
547 271.33
548 255.33
549 278.00
550 302.67
551 328.00
552 226.00
553 223.33
554 286.00
555 324.00
556 284.67
557 305.33
558 234.00
559 386.67
560 362.67
561 278.00
562 347.33
563 261.33
564 374.67
565 268.00
566 212.00
567 292.00
568 218.67
569 240.00
570 260.67
571 286.00
572 276.67
573 290.67
574 242.67
575 306.00
576 259.33
577 297.33
578 299.33
579 302.67
580 366.67
581 316.67
582 303.33
583 288.67
584 205.33
585 283.33
586 288.67
587 204.67
588 246.00
589 290.00
590 294.00
591 270.00
592 248.00
593 260.67
594 422.67
595 291.33
596 387.33
597 399.33
598 393.33
599 301.33
600 400.67
601 304.00
602 307.33
603 336.00
604 320.67
605 264.00
606 434.67
607 240.00
608 281.33
609 303.33
610 272.67
611 327.33
612 301.33
613 171.33
614 412.00
615 232.67
616 300.00
617 335.33
618 280.67
619 408.67
620 368.00
621 284.67
622 238.67
623 305.33
624 258.00
625 248.00
626 316.67
627 227.33
628 296.00
629 323.33
630 334.00
631 314.00
632 305.33
633 390.00
634 436.00
635 414.67
636 378.00
637 431.33
638 382.67
639 285.33
640 399.33
641 338.00
642 324.00
643 257.33
644 203.33
645 405.33
646 314.00
647 389.33
648 229.33
649 298.67
650 370.00
651 469.33
652 322.00
653 276.67
654 237.33
655 352.67
656 423.33
657 336.00
658 358.67
659 305.33
660 274.00
661 195.33
662 311.33
663 289.33
664 418.00
665 246.67
666 400.67
667 323.33
668 276.00
669 295.33
670 244.67
671 279.33
672 287.33
673 276.67
674 349.33
675 287.33
676 217.33
677 308.00
678 281.33
679 282.67
680 310.00
681 298.67
682 162.00
683 208.67
684 298.67
685 313.33
686 272.67
687 270.00
688 309.33
689 403.33
690 296.67
691 298.67
692 242.00
693 268.67
694 198.67
695 290.00
696 299.33
697 280.67
698 296.00
699 212.67
700 270.67
701 306.67
702 280.00
703 390.00
704 304.67
705 271.33
706 305.33
707 263.33
708 276.00
709 431.33
710 290.00
711 255.33
712 316.00
713 330.67
714 350.67
715 229.33
716 320.00
717 282.00
718 352.67
719 319.33
720 376.67
721 260.67
722 383.33
723 290.00
724 325.33
725 367.33
726 281.33
727 318.67
728 312.00
729 344.00
730 252.67
731 314.67
732 440.67
733 328.00
734 344.00
735 328.00
736 438.00
737 332.67
738 378.67
739 288.00
740 292.67
741 363.33
742 314.67
743 303.33
744 407.33
745 282.67
746 352.67
747 287.33
748 299.33
749 310.00
750 295.33
751 257.33
752 318.00
753 228.00
754 228.67
755 274.00
756 286.00
757 319.33
758 309.33
759 372.00
760 316.67
761 316.00
762 267.33
763 420.00
764 391.33
765 246.67
766 357.33
767 414.00
768 221.33
769 444.00
770 241.33
771 308.67
772 427.33
773 326.00
774 427.33
775 332.67
776 423.33
777 262.67
778 316.00
779 284.00
780 297.33
781 232.00
782 451.33
783 228.00
784 463.33
785 386.67
786 294.00
787 246.67
788 470.00
789 327.33
790 327.33
791 320.00
792 304.00
793 306.67
794 302.00
795 337.33
796 313.33
797 310.67
798 289.33
799 300.67
800 315.33
801 226.67
802 337.33
803 317.33
804 363.33
805 368.67
806 319.33
807 382.00
808 461.33
809 445.33
810 327.33
811 328.00
812 316.67
813 237.33
814 337.33
815 319.33
816 353.33
817 358.67
818 317.33
819 314.67
820 425.33
821 342.00
822 308.67
823 345.33
824 331.33
825 332.67
826 301.33
827 326.67
828 314.67
829 312.67
830 341.33
831 394.00
832 438.00
833 359.33
834 350.67
835 320.00
836 455.33
837 334.00
838 289.33
839 265.33
840 239.33
841 238.00
842 288.00
843 208.67
844 306.00
845 253.33
846 202.00
847 307.33
848 302.00
849 316.67
850 256.00
851 320.67
852 259.33
853 343.33
854 201.33
855 270.67
856 283.33
857 416.00
858 310.67
859 289.33
860 312.00
861 280.00
862 297.33
863 317.33
864 354.00
865 298.67
866 211.33
867 336.00
868 476.00
869 338.00
870 230.00
871 336.67
872 275.33
873 390.00
874 199.33
875 312.67
876 276.67
877 289.33
878 360.00
879 328.00
880 338.67
881 226.00
882 436.67
883 384.00
884 352.00
885 345.33
886 334.00
887 308.67
888 194.00
889 342.67
890 286.00
891 241.33
892 274.67
893 354.67
894 353.33
895 252.67
896 330.67
897 316.00
898 357.33
899 338.00
900 309.33
901 400.67
902 292.00
903 299.33
904 349.33
905 318.67
906 375.33
907 352.67
908 303.33
909 268.67
910 309.33
911 414.00
912 310.67
913 312.67
914 250.67
915 282.00
916 422.67
917 315.33
918 326.00
919 252.00
920 380.00
921 406.67
922 331.33
923 273.33
924 405.33
925 218.00
926 446.67
927 284.00
928 374.00
929 450.67
930 335.33
931 286.67
932 362.00
933 272.67
934 363.33
935 310.67
936 355.33
937 317.33
938 272.67
939 304.00
940 398.00
941 340.00
942 348.67
943 246.67
944 292.67
945 318.67
946 341.33
947 379.33
948 279.33
949 315.33
950 295.33
951 283.33
952 408.00
953 420.67
954 338.00
955 305.33
956 316.67
957 396.00
958 426.67
959 330.67
960 421.33
961 454.00
962 443.33
963 334.67
964 348.67
965 436.67
966 437.33
967 373.33
968 270.67
969 360.67
970 347.33
971 330.67
972 333.33
973 326.67
974 227.33
975 370.00
976 304.00
977 278.00
978 255.33
979 337.33
980 340.00
981 426.00
982 350.67
983 444.67
984 452.67
985 343.33
986 248.67
987 348.67
988 327.33
989 332.00
990 359.33
991 346.00
992 359.33
993 340.00
994 268.00
995 287.33
996 340.00
997 220.00
998 222.67
999 336.67
1000 444.00
1001 284.67
1002 390.67
1003 366.00
1004 358.67
1005 342.67
1006 229.33
1007 346.00
1008 345.33
1009 326.67
1010 325.33
1011 299.33
1012 212.67
1013 273.33
1014 229.33
1015 267.33
1016 342.00
1017 367.33
1018 436.00
1019 322.67
1020 381.33
1021 389.33
1022 424.67
1023 373.33
1024 470.00
1025 255.33
1026 268.00
1027 341.33
1028 338.00
1029 294.00
1030 380.67
1031 441.33
1032 348.00
1033 332.00
1034 458.67
1035 326.00
1036 428.00
1037 221.33
1038 217.33
1039 347.33
1040 349.33
1041 311.33
1042 323.33
1043 303.33
1044 284.00
1045 310.67
1046 372.67
1047 248.00
1048 410.00
1049 325.33
1050 310.67
1051 245.33
1052 295.33
1053 326.67
1054 319.33
1055 329.33
1056 281.33
1057 232.67
1058 359.33
1059 378.00
1060 306.00
1061 354.67
1062 430.67
1063 324.00
1064 342.67
1065 378.00
1066 349.33
1067 329.33
1068 445.33
1069 413.33
1070 430.00
1071 344.00
1072 366.67
1073 332.00
1074 318.67
1075 300.00
1076 364.00
1077 379.33
1078 358.00
1079 402.00
1080 256.00
1081 416.00
1082 253.33
1083 454.00
1084 352.67
1085 338.00
1086 331.33
1087 362.00
1088 275.33
1089 252.00
1090 326.67
1091 285.33
1092 394.67
1093 359.33
1094 324.00
1095 287.33
1096 436.67
1097 297.33
1098 356.00
1099 389.33
1100 438.00
1101 276.67
1102 440.00
1103 365.33
1104 270.00
1105 318.00
1106 237.33
1107 264.00
1108 345.33
1109 296.00
1110 244.67
1111 311.33
1112 304.67
1113 344.67
1114 298.67
1115 375.33
1116 428.00
1117 266.00
1118 246.67
1119 340.00
1120 338.00
1121 332.67
1122 222.00
1123 298.67
1124 343.33
1125 322.00
1126 320.00
1127 346.00
1128 353.33
1129 373.33
1130 428.67
1131 300.00
1132 339.33
1133 333.33
1134 277.33
1135 349.33
1136 434.00
1137 368.67
1138 255.33
1139 426.67
1140 312.00
1141 421.33
1142 296.00
1143 241.33
1144 398.00
1145 321.33
1146 437.33
1147 352.00
1148 362.67
1149 254.00
1150 290.67
1151 329.33
1152 346.00
1153 298.00
1154 319.33
1155 448.67
1156 344.00
1157 352.00
1158 364.00
1159 362.00
1160 288.67
1161 344.00
1162 329.33
1163 360.00
1164 346.67
1165 293.33
1166 376.67
1167 323.33
1168 230.00
1169 321.33
1170 350.67
1171 206.00
1172 276.67
1173 331.33
1174 302.67
1175 296.00
1176 403.33
1177 358.00
1178 267.33
1179 435.33
1180 356.00
1181 334.00
1182 444.00
1183 340.00
1184 331.33
1185 220.67
1186 358.00
1187 440.00
1188 248.67
1189 334.00
1190 346.00
1191 302.00
1192 242.67
1193 461.33
1194 349.33
1195 343.33
1196 330.67
1197 343.33
1198 296.67
1199 331.33
1200 447.33
1201 381.33
1202 436.67
1203 359.33
1204 383.33
1205 295.33
1206 216.00
1207 282.00
1208 387.33
1209 355.33
1210 457.33
1211 378.00
1212 300.00
1213 433.33
1214 300.00
1215 344.00
1216 318.67
1217 333.33
1218 209.33
1219 410.67
1220 410.00
1221 444.67
1222 351.33
1223 288.67
1224 236.00
1225 376.67
1226 370.00
1227 303.33
1228 442.67
1229 361.33
1230 240.67
1231 354.67
1232 362.00
1233 378.67
1234 379.33
1235 317.33
1236 354.00
1237 310.67
1238 361.33
1239 192.67
1240 368.00
1241 420.67
1242 359.33
1243 360.00
1244 347.33
1245 366.00
1246 182.00
1247 360.67
1248 346.67
1249 369.33
1250 209.33
1251 391.33
1252 355.33
1253 368.67
1254 346.00
1255 348.00
1256 339.33
1257 330.67
1258 350.00
1259 301.33
1260 302.67
1261 394.67
1262 459.33
1263 372.67
1264 418.67
1265 251.33
1266 338.00
1267 368.67
1268 424.67
1269 312.67
1270 338.00
1271 367.33
1272 386.67
1273 367.33
1274 429.33
1275 248.00
1276 388.67
1277 264.67
1278 245.33
1279 358.67
1280 249.33
1281 408.00
1282 372.67
1283 282.00
1284 382.00
1285 380.00
1286 364.67
1287 396.67
1288 325.33
1289 379.33
1290 358.67
1291 348.00
1292 456.67
1293 304.00
1294 366.67
1295 305.33
1296 364.00
1297 374.00
1298 446.00
1299 238.67
1300 378.00
1301 370.00
1302 373.33
1303 213.33
1304 330.00
1305 442.00
1306 401.33
1307 342.67
1308 330.67
1309 202.00
1310 353.33
1311 413.33
1312 341.33
1313 368.67
1314 383.33
1315 232.00
1316 334.67
1317 362.00
1318 369.33
1319 401.33
1320 272.00
1321 214.00
1322 420.00
1323 256.00
1324 314.00
1325 376.67
1326 250.00
1327 352.00
1328 333.33
1329 347.33
1330 366.00
1331 382.67
1332 353.33
1333 278.67
1334 465.33
1335 300.00
1336 384.00
1337 366.67
1338 362.67
1339 352.00
1340 367.33
1341 320.67
1342 201.33
1343 310.00
1344 259.33
1345 264.00
1346 420.67
1347 279.33
1348 340.00
1349 343.33
1350 231.33
1351 306.67
1352 455.33
1353 317.33
1354 356.67
1355 407.33
1356 453.33
1357 215.33
1358 352.67
1359 346.00
1360 391.33
1361 263.33
1362 308.67
1363 351.33
1364 306.00
1365 360.67
1366 436.67
1367 372.00
1368 357.33
1369 330.00
1370 241.33
1371 344.67
1372 319.33
1373 424.00
1374 258.67
1375 196.67
1376 359.33
1377 358.67
1378 378.00
1379 470.00
1380 294.67
1381 260.67
1382 337.33
1383 364.67
1384 290.00
1385 288.00
1386 454.67
1387 314.67
1388 348.67
1389 304.00
1390 300.67
1391 441.33
1392 287.33
1393 364.67
1394 329.33
1395 352.67
1396 438.00
1397 399.33
1398 306.00
1399 399.33
1400 344.00
1401 434.00
1402 244.00
1403 174.67
1404 362.67
1405 224.00
1406 438.67
1407 372.67
1408 415.33
1409 368.67
1410 359.33
1411 285.33
1412 258.67
1413 358.00
1414 369.33
1415 385.33
1416 440.67
1417 388.00
1418 361.33
1419 355.33
1420 444.67
1421 473.33
1422 331.33
1423 360.00
1424 450.00
1425 443.33
1426 219.33
1427 402.67
1428 368.67
1429 362.67
1430 374.67
1431 359.33
1432 410.67
1433 452.67
1434 350.67
1435 242.67
1436 380.67
1437 232.67
1438 353.33
1439 411.33
1440 386.00
1441 307.33
1442 324.00
1443 376.67
1444 352.00
1445 368.67
1446 389.33
1447 373.33
1448 362.00
1449 311.33
1450 204.00
1451 332.67
1452 330.67
1453 362.67
1454 349.33
1455 331.33
1456 316.00
1457 349.33
1458 256.00
1459 413.33
1460 409.33
1461 421.33
1462 400.00
1463 340.00
1464 350.00
1465 178.67
1466 302.00
1467 308.00
1468 418.67
1469 346.00
1470 300.00
1471 358.67
1472 342.67
1473 340.00
1474 376.67
1475 306.00
1476 330.00
1477 357.33
1478 422.67
1479 330.00
1480 267.33
1481 454.00
1482 412.67
1483 366.00
1484 319.33
1485 356.00
1486 419.33
1487 358.67
1488 364.67
1489 313.33
1490 442.67
1491 343.33
1492 428.67
1493 341.33
1494 369.33
1495 342.67
1496 431.33
1497 262.67
1498 354.00
1499 334.67
1500 341.33
1501 454.00
1502 372.67
1503 295.33
1504 461.33
1505 271.33
1506 409.33
1507 416.00
1508 342.00
1509 350.67
1510 373.33
1511 375.33
1512 330.00
1513 294.00
1514 288.00
1515 228.00
1516 341.33
1517 355.33
1518 258.67
1519 355.33
1520 374.00
1521 418.00
1522 402.67
1523 286.00
1524 429.33
1525 368.67
1526 372.67
1527 324.00
1528 247.33
1529 353.33
1530 354.00
1531 410.00
1532 302.67
1533 478.00
1534 348.00
1535 406.00
1536 359.33
1537 370.67
1538 305.33
1539 374.00
1540 338.00
1541 366.00
1542 350.00
1543 387.33
1544 330.00
1545 273.33
1546 358.00
1547 381.33
1548 357.33
1549 359.33
1550 274.00
1551 340.67
1552 324.67
1553 344.00
1554 328.00
1555 357.33
1556 450.00
1557 360.67
1558 203.33
1559 422.00
1560 245.33
1561 337.33
1562 324.67
1563 314.67
1564 328.00
1565 349.33
1566 359.33
1567 242.00
1568 432.67
1569 320.00
1570 319.33
1571 334.00
1572 341.33
1573 440.67
1574 280.67
1575 340.67
1576 290.67
1577 418.00
1578 240.00
1579 322.67
1580 264.00
1581 344.67
1582 230.67
1583 324.67
1584 220.00
1585 340.00
1586 335.33
1587 345.33
1588 287.33
1589 239.33
1590 444.67
1591 435.33
1592 355.33
1593 335.33
1594 362.00
1595 457.33
1596 257.33
1597 332.67
1598 462.67
1599 442.67
1600 480.67
1601 420.00
1602 412.67
1603 296.67
1604 343.33
1605 451.33
1606 454.67
1607 370.67
1608 354.67
1609 232.67
1610 232.00
1611 356.67
1612 390.00
1613 365.33
1614 388.67
1615 474.67
1616 326.00
1617 422.67
1618 266.00
1619 393.33
1620 376.00
1621 360.67
1622 354.00
1623 336.00
1624 320.67
1625 379.33
1626 353.33
1627 453.33
1628 416.00
1629 353.33
1630 356.67
1631 353.33
1632 394.67
1633 363.33
1634 324.00
1635 274.67
1636 236.00
1637 443.33
1638 376.00
1639 184.67
1640 294.00
1641 360.67
1642 279.33
1643 355.33
1644 362.67
1645 422.00
1646 291.33
1647 332.00
1648 358.00
1649 331.33
1650 236.00
1651 348.00
1652 370.00
1653 394.67
1654 457.33
1655 301.33
1656 346.67
1657 303.33
1658 285.33
1659 352.00
1660 336.00
1661 344.00
1662 358.00
1663 338.00
1664 350.67
1665 398.67
1666 299.33
1667 282.67
1668 461.33
1669 469.33
1670 314.00
1671 361.33
1672 340.00
1673 323.33
1674 368.00
1675 358.67
1676 448.67
1677 432.67
1678 358.00
1679 312.00
1680 361.33
1681 394.00
1682 391.33
1683 347.33
1684 358.00
1685 364.67
1686 336.67
1687 237.33
1688 432.00
1689 358.00
1690 413.33
1691 455.33
1692 430.00
1693 399.33
1694 395.33
1695 240.67
1696 365.33
1697 330.00
1698 360.00
1699 381.33
1700 287.33
1701 369.33
1702 240.00
1703 331.33
1704 371.33
1705 346.00
1706 365.33
1707 363.33
1708 352.67
1709 356.67
1710 378.67
1711 475.33
1712 375.33
1713 359.33
1714 310.00
1715 353.33
1716 337.33
1717 252.00
1718 235.33
1719 362.00
1720 202.00
1721 379.33
1722 361.33
1723 328.00
1724 294.67
1725 293.33
1726 438.00
1727 315.33
1728 280.00
1729 288.00
1730 309.33
1731 343.33
1732 341.33
1733 375.33
1734 449.33
1735 225.33
1736 345.33
1737 349.33
1738 355.33
1739 248.00
1740 205.33
1741 338.67
1742 334.67
1743 379.33
1744 216.00
1745 327.33
1746 338.67
1747 253.33
1748 330.67
1749 233.33
1750 351.33
1751 253.33
1752 270.00
1753 381.33
1754 462.00
1755 338.67
1756 318.67
1757 286.00
1758 321.33
1759 307.33
1760 316.00
1761 318.00
1762 222.67
1763 354.00
1764 337.33
1765 376.67
1766 174.00
1767 416.67
1768 332.00
1769 334.00
1770 284.67
1771 388.67
1772 363.33
1773 401.33
1774 284.67
1775 326.00
1776 361.33
1777 362.00
1778 298.00
1779 313.33
1780 374.00
1781 359.33
1782 349.33
1783 320.00
1784 276.67
1785 406.00
1786 285.33
1787 337.33
1788 361.33
1789 289.33
1790 370.00
1791 338.00
1792 291.33
1793 348.67
1794 399.33
1795 353.33
1796 388.67
1797 368.00
1798 377.33
1799 302.67
1800 381.33
1801 326.67
1802 394.67
1803 375.33
1804 256.67
1805 246.67
1806 350.00
1807 362.00
1808 471.33
1809 370.67
1810 384.67
1811 346.00
1812 383.33
1813 340.00
1814 350.67
1815 316.67
1816 321.33
1817 350.00
1818 386.00
1819 344.67
1820 372.67
1821 428.67
1822 226.67
1823 333.33
1824 349.33
1825 340.00
1826 338.67
1827 314.00
1828 350.00
1829 447.33
1830 453.33
1831 271.33
1832 356.67
1833 311.33
1834 438.00
1835 293.33
1836 354.00
1837 305.33
1838 320.00
1839 392.00
1840 355.33
1841 316.00
1842 348.00
1843 367.33
1844 360.67
1845 285.33
1846 336.00
1847 336.00
1848 360.00
1849 343.33
1850 292.67
1851 341.33
1852 212.00
1853 300.00
1854 279.33
1855 332.00
1856 324.00
1857 341.33
1858 202.00
1859 302.00
1860 352.67
1861 300.67
1862 313.33
1863 337.33
1864 381.33
1865 447.33
1866 196.67
1867 330.67
1868 277.33
1869 331.33
1870 230.67
1871 241.33
1872 266.00
1873 460.00
1874 342.00
1875 325.33
1876 348.67
1877 458.00
1878 318.00
1879 323.33
1880 250.67
1881 384.00
1882 352.00
1883 328.00
1884 332.00
1885 350.67
1886 340.67
1887 304.00
1888 308.00
1889 311.33
1890 331.33
1891 437.33
1892 369.33
1893 290.00
1894 279.33
1895 346.00
1896 442.67
1897 410.00
1898 217.33
1899 334.67
1900 366.00
1901 430.00
1902 348.00
1903 331.33
1904 287.33
1905 274.00
1906 225.33
1907 412.00
1908 338.00
1909 302.00
1910 323.33
1911 376.00
1912 233.33
1913 389.33
1914 426.00
1915 292.67
1916 286.00
1917 399.33
1918 447.33
1919 356.00
1920 420.67
1921 321.33
1922 309.33
1923 332.00
1924 329.33
1925 336.67
1926 312.67
1927 362.67
1928 356.00
1929 427.33
1930 246.67
1931 366.00
1932 416.67
1933 346.00
1934 300.67
1935 282.00
1936 355.33
1937 373.33
1938 347.33
1939 482.00
1940 231.33
1941 468.67
1942 464.67
1943 322.00
1944 353.33
1945 447.33
1946 442.67
1947 340.67
1948 439.33
1949 350.00
1950 308.00
1951 402.67
1952 430.00
1953 349.33
1954 373.33
1955 434.67
1956 358.00
1957 354.00
1958 238.67
1959 466.00
1960 430.67
1961 241.33
1962 348.67
1963 364.67
1964 326.00
1965 334.00
1966 311.33
1967 366.00
1968 348.00
1969 294.00
1970 302.67
1971 388.67
1972 370.00
1973 415.33
1974 320.00
1975 356.67
1976 336.67
1977 334.00
1978 390.67
1979 398.00
1980 383.33
1981 310.00
1982 328.67
1983 338.67
1984 357.33
1985 372.67
1986 377.33
1987 320.67
1988 360.67
1989 341.33
1990 370.67
1991 231.33
1992 330.00
1993 334.67
1994 336.67
1995 305.33
1996 418.67
1997 443.33
1998 262.67
1999 341.33
2000 302.67
2001 358.00
2002 254.00
2003 444.00
2004 356.67
2005 315.33
2006 339.33
2007 308.00
2008 320.00
2009 366.67
2010 348.00
2011 279.33
2012 322.00
2013 223.33
2014 435.33
2015 418.67
2016 352.67
2017 416.00
2018 229.33
2019 304.67
2020 372.67
2021 358.00
2022 381.33
2023 322.67
2024 243.33
2025 363.33
2026 450.67
2027 340.00
2028 328.00
2029 344.00
2030 309.33
2031 348.67
2032 336.00
2033 276.00
2034 357.33
2035 268.67
2036 258.67
2037 298.00
2038 254.00
2039 441.33
2040 324.00
2041 327.33
2042 345.33
2043 312.00
2044 429.33
2045 362.00
2046 453.33
2047 252.67
2048 272.67
2049 334.67
2050 336.67
2051 326.00
2052 308.67
2053 345.33
2054 370.67
2055 308.00
2056 294.00
2057 342.00
2058 289.33
2059 240.67
2060 328.00
2061 313.33
2062 296.00
2063 316.67
2064 345.33
2065 224.00
2066 292.00
2067 356.00
2068 334.00
2069 444.00
2070 371.33
2071 397.33
2072 392.00
2073 336.00
2074 278.00
2075 316.67
2076 254.67
2077 250.67
2078 441.33
2079 327.33
2080 312.67
2081 318.00
2082 298.67
2083 223.33
2084 380.00
2085 410.00
2086 334.67
2087 392.67
2088 317.33
2089 398.67
2090 234.00
2091 328.00
2092 446.67
2093 334.67
2094 330.67
2095 246.00
2096 337.33
2097 313.33
2098 329.33
2099 364.67
2100 348.00
2101 382.67
2102 309.33
2103 316.00
2104 328.00
2105 456.00
2106 237.33
2107 330.00
2108 424.00
2109 444.67
2110 327.33
2111 232.67
2112 355.33
2113 362.00
2114 333.33
2115 385.33
2116 377.33
2117 241.33
2118 350.00
2119 366.00
2120 361.33
2121 364.00
2122 420.67
2123 392.00
2124 378.67
2125 366.67
2126 366.00
2127 365.33
2128 355.33
2129 279.33
2130 463.33
2131 349.33
2132 330.00
2133 235.33
2134 335.33
2135 372.67
2136 410.00
2137 361.33
2138 354.67
2139 358.67
2140 242.67
2141 448.00
2142 436.67
2143 301.33
2144 336.00
2145 290.00
2146 347.33
2147 466.00
2148 248.67
2149 361.33
2150 368.67
2151 324.00
2152 250.00
2153 381.33
2154 463.33
2155 358.00
2156 461.33
2157 370.00
2158 294.00
2159 354.00
2160 394.67
2161 231.33
2162 344.00
2163 291.33
2164 376.67
2165 366.00
2166 370.00
2167 390.00
2168 412.00
2169 411.33
2170 326.00
2171 382.00
2172 356.67
2173 432.67
2174 336.67
2175 353.33
2176 443.33
2177 433.33
2178 397.33
2179 369.33
2180 327.33
2181 433.33
2182 396.67
2183 360.00
2184 370.00
2185 350.67
2186 368.00
2187 312.67
2188 319.33
2189 328.00
2190 394.67
2191 386.00
2192 278.67
2193 243.33
2194 305.33
2195 352.67
2196 391.33
2197 323.33
2198 355.33
2199 396.67
2200 358.00
2201 378.00
2202 401.33
2203 373.33
2204 251.33
2205 385.33
2206 451.33
2207 346.67
2208 230.00
2209 380.67
2210 297.33
2211 458.67
2212 404.67
2213 252.00
2214 384.67
2215 344.67
2216 317.33
2217 360.00
2218 311.33
2219 453.33
2220 385.33
2221 482.67
2222 265.33
2223 356.67
2224 354.67
2225 404.00
2226 338.00
2227 325.33
2228 262.00
2229 338.00
2230 305.33
2231 371.33
2232 328.67
2233 248.67
2234 465.33
2235 332.00
2236 336.67
2237 409.33
2238 331.33
2239 282.00
2240 354.00
2241 310.67
2242 425.33
2243 334.67
2244 328.67
2245 374.00
2246 299.33
2247 358.67
2248 466.00
2249 287.33
2250 350.67
2251 392.67
2252 334.67
2253 362.00
2254 339.33
2255 361.33
2256 433.33
2257 351.33
2258 473.33
2259 334.00
2260 350.67
2261 376.00
2262 349.33
2263 346.67
2264 340.67
2265 360.67
2266 420.00
2267 378.00
2268 373.33
2269 278.67
2270 374.67
2271 274.00
2272 341.33
2273 254.00
2274 370.00
2275 281.33
2276 349.33
2277 357.33
2278 326.67
2279 374.00
2280 452.67
2281 361.33
2282 364.67
2283 370.67
2284 359.33
2285 266.67
2286 308.00
2287 363.33
2288 305.33
2289 322.00
2290 321.33
2291 350.67
2292 307.33
2293 255.33
2294 384.00
2295 276.67
2296 261.33
2297 357.33
2298 367.33
2299 450.00
2300 362.67
2301 317.33
2302 368.67
2303 450.67
2304 310.00
2305 246.67
2306 345.33
2307 345.33
2308 348.67
2309 346.67
2310 334.67
2311 291.33
2312 466.00
2313 362.67
2314 366.67
2315 261.33
2316 358.67
2317 354.67
2318 368.67
2319 355.33
2320 438.00
2321 331.33
2322 330.67
2323 393.33
2324 345.33
2325 256.67
2326 368.00
2327 408.00
2328 372.00
2329 294.67
2330 442.00
2331 404.00
2332 382.00
2333 347.33
2334 354.67
2335 368.67
2336 326.00
2337 342.00
2338 232.67
2339 404.00
2340 396.00
2341 334.00
2342 383.33
2343 351.33
2344 308.00
2345 368.00
2346 371.33
2347 278.67
2348 358.00
2349 356.67
2350 314.00
2351 348.00
2352 296.00
2353 418.00
2354 356.67
2355 256.67
2356 374.00
2357 347.33
2358 338.00
2359 371.33
2360 326.00
2361 353.33
2362 442.67
2363 384.00
2364 358.00
2365 195.33
2366 345.33
2367 343.33
2368 368.67
2369 356.67
2370 358.00
2371 414.67
2372 321.33
2373 364.00
2374 366.00
2375 342.67
2376 366.67
2377 277.33
2378 324.00
2379 350.67
2380 380.00
2381 318.00
2382 258.00
2383 352.00
2384 274.67
2385 368.67
2386 354.67
2387 351.33
2388 237.33
2389 348.67
2390 344.67
2391 357.33
2392 366.00
2393 333.33
2394 224.67
2395 328.67
2396 310.67
2397 298.67
2398 315.33
2399 368.00
2400 282.67
2401 344.67
2402 286.00
2403 357.33
2404 388.67
2405 392.67
2406 360.00
2407 396.67
2408 315.33
2409 348.00
2410 443.33
2411 390.00
2412 446.00
2413 276.00
2414 390.67
2415 352.67
2416 402.67
2417 324.00
2418 352.67
2419 388.67
2420 338.00
2421 379.33
2422 330.67
2423 270.00
2424 356.00
2425 424.67
2426 399.33
2427 300.67
2428 444.00
2429 391.33
2430 344.00
2431 375.33
2432 368.67
2433 382.00
2434 364.67
2435 264.00
2436 446.00
2437 365.33
2438 290.67
2439 322.00
2440 301.33
2441 332.67
2442 345.33
2443 340.67
2444 406.67
2445 382.00
2446 370.00
2447 372.67
2448 324.00
2449 299.33
2450 336.00
2451 306.67
2452 392.67
2453 328.00
2454 348.67
2455 301.33
2456 368.00
2457 324.00
2458 352.67
2459 253.33
2460 364.00
2461 376.00
2462 354.00
2463 364.00
2464 313.33
2465 386.00
2466 344.00
2467 363.33
2468 367.33
2469 424.00
2470 382.00
2471 351.33
2472 426.00
2473 350.67
2474 324.00
2475 391.33
2476 365.33
2477 441.33
2478 308.00
2479 319.33
2480 323.33
2481 458.00
2482 363.33
2483 328.67
2484 356.67
2485 410.67
2486 382.00
2487 398.67
2488 374.67
2489 462.00
2490 332.00
2491 293.33
2492 370.00
2493 402.00
2494 397.33
2495 369.33
2496 381.33
2497 364.00
2498 420.67
2499 352.67
2500 373.33
2501 388.00
2502 370.00
2503 405.33
2504 385.33
2505 364.67
2506 360.67
2507 246.00
2508 344.00
2509 359.33
2510 371.33
2511 370.67
2512 355.33
2513 322.00
2514 292.67
2515 369.33
2516 352.00
2517 283.33
2518 386.00
2519 344.00
2520 335.33
2521 354.00
2522 355.33
2523 344.00
2524 312.67
2525 294.00
2526 351.33
2527 392.67
2528 349.33
2529 386.00
2530 211.33
2531 318.67
2532 362.67
2533 262.67
2534 198.00
2535 414.00
2536 385.33
2537 388.00
2538 441.33
2539 381.33
2540 484.00
2541 358.67
2542 261.33
2543 462.67
2544 360.67
2545 237.33
2546 342.00
2547 337.33
2548 401.33
2549 353.33
2550 370.67
2551 412.00
2552 466.67
2553 371.33
2554 327.33
2555 472.67
2556 379.33
2557 344.67
2558 429.33
2559 354.67
2560 420.67
2561 384.67
2562 346.67
2563 352.00
2564 358.00
2565 291.33
2566 370.67
2567 381.33
2568 258.00
2569 337.33
2570 311.33
2571 352.67
2572 429.33
2573 359.33
2574 379.33
2575 380.00
2576 312.67
2577 445.33
2578 412.67
2579 290.00
2580 359.33
2581 322.67
2582 336.00
2583 286.00
2584 322.00
2585 348.67
2586 256.67
2587 350.67
2588 334.00
2589 282.00
2590 332.67
2591 370.00
2592 346.67
2593 292.00
2594 353.33
2595 355.33
2596 238.67
2597 329.33
2598 286.00
2599 250.67
2600 300.00
2601 382.00
2602 388.67
2603 397.33
2604 285.33
2605 378.00
2606 351.33
2607 203.33
2608 390.00
2609 259.33
2610 332.00
2611 364.67
2612 316.67
2613 347.33
2614 450.67
2615 290.67
2616 385.33
2617 343.33
2618 387.33
2619 370.67
2620 369.33
2621 287.33
2622 369.33
2623 360.00
2624 350.67
2625 374.67
2626 324.00
2627 336.67
2628 357.33
2629 453.33
2630 348.67
2631 334.00
2632 370.67
2633 349.33
2634 288.67
2635 384.67
2636 352.67
2637 354.67
2638 454.00
2639 437.33
2640 357.33
2641 300.67
2642 314.67
2643 339.33
2644 343.33
2645 382.67
2646 314.00
2647 348.00
2648 335.33
2649 228.00
2650 281.33
2651 290.67
2652 319.33
2653 160.67
2654 290.67
2655 267.33
2656 387.33
2657 364.67
2658 336.00
2659 334.00
2660 376.00
2661 360.00
2662 354.67
2663 311.33
2664 352.67
2665 380.00
2666 346.67
2667 370.67
2668 378.67
2669 331.33
2670 286.00
2671 436.67
2672 238.00
2673 377.33
2674 347.33
2675 434.67
2676 428.67
2677 389.33
2678 456.67
2679 313.33
2680 308.67
2681 366.67
2682 350.00
2683 304.00
2684 162.67
2685 346.00
2686 282.67
2687 438.00
2688 382.67
2689 444.67
2690 300.67
2691 350.00
2692 360.00
2693 214.00
2694 350.00
2695 362.67
2696 280.67
2697 435.33
2698 298.00
2699 416.00
2700 293.33
2701 342.67
2702 359.33
2703 321.33
2704 396.00
2705 277.33
2706 458.67
2707 412.00
2708 256.00
2709 358.00
2710 311.33
2711 460.00
2712 408.00
2713 418.67
2714 356.00
2715 400.67
2716 321.33
2717 344.67
2718 268.00
2719 344.67
2720 370.00
2721 332.67
2722 363.33
2723 312.00
2724 356.00
2725 406.67
2726 455.33
2727 298.00
2728 370.67
2729 460.67
2730 347.33
2731 340.00
2732 388.00
2733 235.33
2734 337.33
2735 259.33
2736 290.67
2737 348.00
2738 356.67
2739 261.33
2740 396.00
2741 358.67
2742 375.33
2743 416.67
2744 432.67
2745 444.67
2746 360.00
2747 348.67
2748 356.00
2749 370.67
2750 378.67
2751 360.67
2752 341.33
2753 354.67
2754 296.67
2755 314.00
2756 384.67
2757 334.00
2758 363.33
2759 340.00
2760 435.33
2761 252.00
2762 444.00
2763 336.00
2764 219.33
2765 452.00
2766 349.33
2767 422.00
2768 426.00
2769 210.67
2770 336.00
2771 398.67
2772 344.67
2773 456.67
2774 332.00
2775 336.67
2776 305.33
2777 353.33
2778 357.33
2779 324.67
2780 338.67
2781 344.00
2782 366.00
2783 364.67
2784 378.67
2785 202.67
2786 371.33
2787 359.33
2788 389.33
2789 293.33
2790 286.67
2791 356.67
2792 287.33
2793 415.33
2794 351.33
2795 241.33
2796 343.33
2797 424.00
2798 340.67
2799 382.00
2800 397.33
2801 401.33
2802 361.33
2803 382.67
2804 460.67
2805 306.00
2806 363.33
2807 368.67
2808 310.00
2809 326.00
2810 373.33
2811 348.67
2812 380.00
2813 434.67
2814 305.33
2815 410.67
2816 295.33
2817 366.00
2818 338.67
2819 334.00
2820 366.67
2821 383.33
2822 360.67
2823 341.33
2824 391.33
2825 323.33
2826 431.33
2827 362.00
2828 378.00
2829 356.67
2830 384.00
2831 317.33
2832 366.67
2833 247.33
2834 378.67
2835 347.33
2836 307.33
2837 457.33
2838 362.67
2839 215.33
2840 400.00
2841 315.33
2842 310.00
2843 344.67
2844 362.67
2845 370.67
2846 372.67
2847 332.67
2848 320.00
2849 428.00
2850 271.33
2851 369.33
2852 439.33
2853 361.33
2854 346.00
2855 264.00
2856 345.33
2857 290.00
2858 360.00
2859 338.67
2860 322.00
2861 429.33
2862 348.00
2863 429.33
2864 446.00
2865 378.67
2866 441.33
2867 379.33
2868 340.67
2869 319.33
2870 354.67
2871 332.00
2872 380.00
2873 366.67
2874 447.33
2875 436.00
2876 344.00
2877 440.67
2878 349.33
2879 438.00
2880 465.33
2881 374.00
2882 342.67
2883 348.67
2884 437.33
2885 355.33
2886 342.00
2887 396.67
2888 335.33
2889 371.33
2890 460.67
2891 348.00
2892 327.33
2893 374.67
2894 206.00
2895 295.33
2896 357.33
2897 333.33
2898 367.33
2899 242.00
2900 346.67
2901 346.67
2902 332.67
2903 335.33
2904 380.67
2905 334.00
2906 401.33
2907 380.00
2908 347.33
2909 323.33
2910 289.33
2911 333.33
2912 393.33
2913 353.33
2914 267.33
2915 390.00
2916 348.67
2917 470.67
2918 330.00
2919 376.00
2920 357.33
2921 365.33
2922 430.00
2923 324.67
2924 440.67
2925 345.33
2926 416.67
2927 368.00
2928 445.33
2929 343.33
2930 360.00
2931 354.67
2932 351.33
2933 344.00
2934 362.67
2935 392.67
2936 280.67
2937 363.33
2938 348.67
2939 368.00
2940 379.33
2941 358.67
2942 420.67
2943 331.33
2944 242.00
2945 374.67
2946 322.00
2947 340.00
2948 368.00
2949 341.33
2950 312.67
2951 362.67
2952 370.00
2953 377.33
2954 346.00
2955 460.67
2956 349.33
2957 174.00
2958 472.00
2959 330.00
2960 397.33
2961 304.00
2962 327.33
2963 344.00
2964 398.67
2965 363.33
2966 376.00
2967 349.33
2968 369.33
2969 322.67
2970 362.00
2971 425.33
2972 328.00
2973 300.00
2974 358.67
2975 391.33
2976 332.67
2977 269.33
2978 370.00
2979 306.67
2980 344.67
2981 345.33
2982 364.67
2983 339.33
2984 358.00
2985 228.00
2986 365.33
2987 384.00
2988 364.00
2989 398.00
2990 368.67
2991 384.00
2992 470.67
2993 345.33
2994 364.00
2995 361.33
2996 438.67
2997 305.33
2998 362.00
2999 378.67
