0 -0.31
30 -0.29
60 -0.08
90 -0.27
120 -0.12
150 -0.10
180 -0.18
210 -0.11
240 0.17
270 0.15
300 0.06
330 0.08
360 0.17
390 0.07
420 0.13
450 0.12
480 0.15
510 0.09
540 0.08
570 0.22
600 0.19
630 0.18
660 0.16
690 0.05
720 0.18
750 0.17
780 0.12
810 0.21
840 0.18
870 0.18
900 0.21
930 0.14
960 0.14
990 0.18
1020 0.24
1050 0.21
1080 0.21
1110 0.20
1140 0.24
1170 0.22
1200 0.18
1230 0.33
1260 0.28
1290 0.28
1320 0.34
1350 0.29
1380 0.20
1410 0.26
1440 0.26
1470 0.26
1500 0.31
1530 0.28
1560 0.26
1590 0.20
1620 0.28
1650 0.29
1680 0.28
1710 0.26
1740 0.28
1770 0.29
1800 0.27
1830 0.26
1860 0.33
1890 0.30
1920 0.26
1950 0.29
1980 0.32
2010 0.31
2040 0.33
2070 0.31
2100 0.33
2130 0.26
2160 0.32
2190 0.35
2220 0.29
2250 0.27
2280 0.36
2310 0.25
2340 0.32
2370 0.31
2400 0.32
2430 0.30
2460 0.27
2490 0.33
2520 0.28
2550 0.33
2580 0.29
2610 0.34
2640 0.32
2670 0.33
2700 0.32
2730 0.30
2760 0.30
2790 0.33
2820 0.36
2850 0.30
2880 0.29
2910 0.31
2940 0.34
2970 0.33
