0 0.47
1 0.47
2 0.46
3 0.46
4 0.46
5 0.46
6 0.46
7 0.43
8 0.47
9 0.47
10 0.46
11 0.46
12 0.46
13 0.47
14 0.46
15 0.47
16 0.47
17 0.47
18 0.47
19 0.47
20 0.46
21 0.44
22 0.46
23 0.47
24 0.47
25 0.47
26 0.46
27 0.47
28 0.46
29 0.48
30 0.47
31 0.45
32 0.46
33 0.46
34 0.46
35 0.46
36 0.47
37 0.47
38 0.46
39 0.47
40 0.46
41 0.47
42 0.46
43 0.45
44 0.47
45 0.47
46 0.46
47 0.46
48 0.44
49 0.48
50 0.48
51 0.46
52 0.46
53 0.47
54 0.46
55 0.46
56 0.44
57 0.46
58 0.46
59 0.46
60 0.47
61 0.47
62 0.47
63 0.46
64 0.47
65 0.46
66 0.47
67 0.46
68 0.45
69 0.47
70 0.46
71 0.46
72 0.46
73 0.47
74 0.46
75 0.46
76 0.45
77 0.46
78 0.47
79 0.45
80 0.46
81 0.47
82 0.47
83 0.47
84 0.45
85 0.47
86 0.45
87 0.47
88 0.45
89 0.47
90 0.45
91 0.48
92 0.46
93 0.46
94 0.47
95 0.47
96 0.47
97 0.46
98 0.46
99 0.47
100 0.46
101 0.47
102 0.47
103 0.47
104 0.46
105 0.47
106 0.47
107 0.46
108 0.47
109 0.47
110 0.47
111 0.48
112 0.47
113 0.45
114 0.46
115 0.48
116 0.47
117 0.46
118 0.43
119 0.46
120 0.46
121 0.46
122 0.43
123 0.47
124 0.46
125 0.46
126 0.46
127 0.48
128 0.47
129 0.47
130 0.47
131 0.47
132 0.47
133 0.45
134 0.46
135 0.46
136 0.47
137 0.47
138 0.46
139 0.46
140 0.44
141 0.47
142 0.47
143 0.45
144 0.47
145 0.47
146 0.46
147 0.47
148 0.46
149 0.47
150 0.46
151 0.45
152 0.46
153 0.46
154 0.47
155 0.47
156 0.46
157 0.47
158 0.46
159 0.47
160 0.47
161 0.47
162 0.45
163 0.47
164 0.46
165 0.46
166 0.47
167 0.46
168 0.47
169 0.42
170 0.47
171 0.47
172 0.46
173 0.47
174 0.47
175 0.47
176 0.46
177 0.47
178 0.47
179 0.46
180 0.47
181 0.46
182 0.46
183 0.47
184 0.47
185 0.47
186 0.47
187 0.46
188 0.46
189 0.47
190 0.47
191 0.45
192 0.46
193 0.46
194 0.46
195 0.47
196 0.45
197 0.47
198 0.46
199 0.42
200 0.46
201 0.48
202 0.46
203 0.45
204 0.46
205 0.47
206 0.46
207 0.45
208 0.47
209 0.46
210 0.47
211 0.47
212 0.46
213 0.47
214 0.46
215 0.47
216 0.46
217 0.47
218 0.45
219 0.46
220 0.47
221 0.47
222 0.42
223 0.46
224 0.45
225 0.47
226 0.47
227 0.46
228 0.47
229 0.46
230 0.47
231 0.47
232 0.46
233 0.47
234 0.46
235 0.46
236 0.47
237 0.45
238 0.46
239 0.47
240 0.47
241 0.45
242 0.47
243 0.47
244 0.47
245 0.47
246 0.46
247 0.48
248 0.47
249 0.46
250 0.47
251 0.45
252 0.47
253 0.47
254 0.47
255 0.46
256 0.46
257 0.46
258 0.47
259 0.42
260 0.47
261 0.46
262 0.45
263 0.47
264 0.46
265 0.47
266 0.46
267 0.47
268 0.47
269 0.46
270 0.45
271 0.43
272 0.47
273 0.46
274 0.47
275 0.47
276 0.46
277 0.47
278 0.47
279 0.47
280 0.46
281 0.48
282 0.47
283 0.48
284 0.46
285 0.47
286 0.46
287 0.45
288 0.47
289 0.45
290 0.47
291 0.47
292 0.46
293 0.45
294 0.48
295 0.46
296 0.47
297 0.47
298 0.46
299 0.47
300 0.48
301 0.46
302 0.46
303 0.44
304 0.46
305 0.46
306 0.46
307 0.46
308 0.46
309 0.46
310 0.47
311 0.46
312 0.47
313 0.46
314 0.47
315 0.46
316 0.47
317 0.46
318 0.47
319 0.47
320 0.46
321 0.47
322 0.46
323 0.46
324 0.46
325 0.46
326 0.47
327 0.47
328 0.46
329 0.46
330 0.46
331 0.47
332 0.46
333 0.47
334 0.46
335 0.45
336 0.46
337 0.46
338 0.46
339 0.48
340 0.47
341 0.46
342 0.46
343 0.46
344 0.46
345 0.45
346 0.46
347 0.47
348 0.46
349 0.47
350 0.46
351 0.46
352 0.47
353 0.46
354 0.46
355 0.47
356 0.46
357 0.46
358 0.46
359 0.47
360 0.47
361 0.46
362 0.48
363 0.45
364 0.45
365 0.45
366 0.47
367 0.47
368 0.46
369 0.47
370 0.47
371 0.47
372 0.46
373 0.47
374 0.46
375 0.46
376 0.46
377 0.45
378 0.45
379 0.46
380 0.47
381 0.47
382 0.44
383 0.47
384 0.47
385 0.46
386 0.45
387 0.47
388 0.46
389 0.45
390 0.46
391 0.46
392 0.47
393 0.46
394 0.43
395 0.47
396 0.46
397 0.46
398 0.47
399 0.46
400 0.47
401 0.45
402 0.46
403 0.47
404 0.47
405 0.46
406 0.44
407 0.47
408 0.46
409 0.47
410 0.47
411 0.46
412 0.47
413 0.44
414 0.45
415 0.46
416 0.47
417 0.47
418 0.46
419 0.47
420 0.47
421 0.47
422 0.47
423 0.47
424 0.47
425 0.46
426 0.46
427 0.45
428 0.46
429 0.46
430 0.47
431 0.45
432 0.46
433 0.45
434 0.45
435 0.47
436 0.46
437 0.47
438 0.47
439 0.47
440 0.46
441 0.47
442 0.47
443 0.46
444 0.47
445 0.47
446 0.47
447 0.45
448 0.47
449 0.46
450 0.47
451 0.47
452 0.47
453 0.46
454 0.47
455 0.47
456 0.47
457 0.48
458 0.47
459 0.44
460 0.47
461 0.45
462 0.47
463 0.46
464 0.47
465 0.47
466 0.47
467 0.47
468 0.47
469 0.47
470 0.46
471 0.47
472 0.46
473 0.47
474 0.44
475 0.47
476 0.47
477 0.46
478 0.47
479 0.46
480 0.48
481 0.46
482 0.46
483 0.47
484 0.46
485 0.46
486 0.47
487 0.46
488 0.48
489 0.47
490 0.45
491 0.47
492 0.47
493 0.47
494 0.46
495 0.46
496 0.46
497 0.45
498 0.47
499 0.47
500 0.48
501 0.46
502 0.47
503 0.46
504 0.47
505 0.47
506 0.47
507 0.46
508 0.48
509 0.46
510 0.47
511 0.45
512 0.47
513 0.46
514 0.47
515 0.47
516 0.47
517 0.47
518 0.47
519 0.45
520 0.47
521 0.46
522 0.47
523 0.46
524 0.46
525 0.46
526 0.46
527 0.45
528 0.44
529 0.46
530 0.47
531 0.47
532 0.46
533 0.42
534 0.47
535 0.45
536 0.47
537 0.46
538 0.45
539 0.46
540 0.46
541 0.46
542 0.46
543 0.46
544 0.47
545 0.46
546 0.47
547 0.45
548 0.47
549 0.47
550 0.47
551 0.45
552 0.45
553 0.47
554 0.46
555 0.46
556 0.47
557 0.46
558 0.45
559 0.47
560 0.47
561 0.46
562 0.45
563 0.47
564 0.45
565 0.46
566 0.47
567 0.46
568 0.46
569 0.46
570 0.47
571 0.47
572 0.46
573 0.47
574 0.47
575 0.46
576 0.46
577 0.47
578 0.46
579 0.46
580 0.43
581 0.42
582 0.46
583 0.44
584 0.46
585 0.44
586 0.47
587 0.46
588 0.46
589 0.47
590 0.45
591 0.47
592 0.47
593 0.46
594 0.47
595 0.44
596 0.47
597 0.46
598 0.47
599 0.46
600 0.47
601 0.46
602 0.46
603 0.45
604 0.46
605 0.47
606 0.46
607 0.46
608 0.46
609 0.45
610 0.46
611 0.45
612 0.47
613 0.45
614 0.45
615 0.46
616 0.47
617 0.46
618 0.45
619 0.46
620 0.48
621 0.46
622 0.47
623 0.47
624 0.46
625 0.47
626 0.45
627 0.47
628 0.45
629 0.47
630 0.45
631 0.46
632 0.47
633 0.47
634 0.46
635 0.46
636 0.46
637 0.46
638 0.47
639 0.47
640 0.46
641 0.45
642 0.45
643 0.46
644 0.46
645 0.47
646 0.45
647 0.46
648 0.46
649 0.47
650 0.46
651 0.46
652 0.47
653 0.46
654 0.47
655 0.47
656 0.47
657 0.47
658 0.47
659 0.47
660 0.45
661 0.47
662 0.46
663 0.47
664 0.46
665 0.42
666 0.45
667 0.48
668 0.47
669 0.47
670 0.44
671 0.46
672 0.46
673 0.47
674 0.46
675 0.47
676 0.46
677 0.46
678 0.47
679 0.47
680 0.47
681 0.45
682 0.47
683 0.46
684 0.47
685 0.47
686 0.47
687 0.47
688 0.46
689 0.47
690 0.47
691 0.46
692 0.45
693 0.47
694 0.47
695 0.48
696 0.47
697 0.43
698 0.47
699 0.47
700 0.47
701 0.46
702 0.46
703 0.47
704 0.46
705 0.47
706 0.46
707 0.46
708 0.46
709 0.47
710 0.47
711 0.47
712 0.46
713 0.45
714 0.47
715 0.45
716 0.47
717 0.46
718 0.45
719 0.47
720 0.48
721 0.46
722 0.44
723 0.46
724 0.46
725 0.46
726 0.47
727 0.47
728 0.46
729 0.47
730 0.47
731 0.47
732 0.47
733 0.46
734 0.47
735 0.47
736 0.46
737 0.45
738 0.46
739 0.47
740 0.47
741 0.46
742 0.46
743 0.47
744 0.46
745 0.46
746 0.46
747 0.46
748 0.46
749 0.47
750 0.46
751 0.46
752 0.46
753 0.46
754 0.46
755 0.46
756 0.47
757 0.45
758 0.47
759 0.45
760 0.46
761 0.46
762 0.46
763 0.46
764 0.47
765 0.46
766 0.46
767 0.45
768 0.47
769 0.47
770 0.47
771 0.43
772 0.47
773 0.46
774 0.46
775 0.45
776 0.47
777 0.45
778 0.45
779 0.46
780 0.46
781 0.46
782 0.46
783 0.47
784 0.46
785 0.47
786 0.46
787 0.48
788 0.47
789 0.48
790 0.42
791 0.47
792 0.45
793 0.45
794 0.46
795 0.47
796 0.45
797 0.47
798 0.47
799 0.47
800 0.46
801 0.46
802 0.47
803 0.46
804 0.46
805 0.47
806 0.46
807 0.47
808 0.46
809 0.46
810 0.46
811 0.47
812 0.43
813 0.46
814 0.46
815 0.46
816 0.48
817 0.46
818 0.46
819 0.47
820 0.46
821 0.47
822 0.47
823 0.46
824 0.44
825 0.46
826 0.48
827 0.47
828 0.48
829 0.45
830 0.45
831 0.47
832 0.46
833 0.48
834 0.47
835 0.46
836 0.46
837 0.47
838 0.47
839 0.46
840 0.45
841 0.46
842 0.46
843 0.45
844 0.46
845 0.46
846 0.46
847 0.48
848 0.47
849 0.46
850 0.47
851 0.46
852 0.47
853 0.46
854 0.47
855 0.47
856 0.46
857 0.47
858 0.47
859 0.47
860 0.47
861 0.47
862 0.46
863 0.47
864 0.46
865 0.46
866 0.45
867 0.46
868 0.45
869 0.48
870 0.47
871 0.47
872 0.46
873 0.46
874 0.46
875 0.46
876 0.48
877 0.47
878 0.46
879 0.46
880 0.47
881 0.47
882 0.46
883 0.47
884 0.47
885 0.47
886 0.48
887 0.47
888 0.47
889 0.46
890 0.47
891 0.47
892 0.47
893 0.46
894 0.46
895 0.46
896 0.46
897 0.47
898 0.44
899 0.47
900 0.45
901 0.47
902 0.48
903 0.47
904 0.47
905 0.46
906 0.47
907 0.47
908 0.47
909 0.47
910 0.45
911 0.45
912 0.47
913 0.45
914 0.45
915 0.41
916 0.46
917 0.46
918 0.47
919 0.46
920 0.47
921 0.47
922 0.47
923 0.46
924 0.43
925 0.46
926 0.46
927 0.46
928 0.46
929 0.45
930 0.46
931 0.45
932 0.47
933 0.44
934 0.46
935 0.46
936 0.45
937 0.47
938 0.47
939 0.47
940 0.47
941 0.46
942 0.47
943 0.46
944 0.47
945 0.47
946 0.45
947 0.46
948 0.46
949 0.47
950 0.47
951 0.47
952 0.45
953 0.47
954 0.44
955 0.43
956 0.46
957 0.47
958 0.43
959 0.47
960 0.47
961 0.46
962 0.47
963 0.47
964 0.47
965 0.46
966 0.46
967 0.46
968 0.46
969 0.45
970 0.43
971 0.47
972 0.47
973 0.46
974 0.47
975 0.47
976 0.46
977 0.46
978 0.47
979 0.46
980 0.47
981 0.47
982 0.48
983 0.47
984 0.47
985 0.46
986 0.47
987 0.45
988 0.47
989 0.47
990 0.46
991 0.46
992 0.47
993 0.47
994 0.47
995 0.46
996 0.46
997 0.46
998 0.46
999 0.46
1000 0.46
1001 0.46
1002 0.46
1003 0.47
1004 0.46
1005 0.47
1006 0.45
1007 0.46
1008 0.47
1009 0.45
1010 0.46
1011 0.47
1012 0.47
1013 0.46
1014 0.46
1015 0.46
1016 0.46
1017 0.46
1018 0.46
1019 0.45
1020 0.46
1021 0.47
1022 0.47
1023 0.47
1024 0.46
1025 0.47
1026 0.47
1027 0.47
1028 0.47
1029 0.47
1030 0.47
1031 0.47
1032 0.45
1033 0.46
1034 0.45
1035 0.46
1036 0.47
1037 0.47
1038 0.46
1039 0.45
1040 0.47
1041 0.47
1042 0.47
1043 0.46
1044 0.47
1045 0.47
1046 0.47
1047 0.46
1048 0.45
1049 0.47
1050 0.47
1051 0.46
1052 0.43
1053 0.47
1054 0.46
1055 0.48
1056 0.47
1057 0.46
1058 0.46
1059 0.47
1060 0.46
1061 0.47
1062 0.46
1063 0.46
1064 0.47
1065 0.45
1066 0.46
1067 0.46
1068 0.46
1069 0.47
1070 0.47
1071 0.45
1072 0.46
1073 0.47
1074 0.47
1075 0.43
1076 0.46
1077 0.46
1078 0.46
1079 0.46
1080 0.46
1081 0.47
1082 0.47
1083 0.46
1084 0.46
1085 0.46
1086 0.47
1087 0.47
1088 0.46
1089 0.46
1090 0.47
1091 0.46
1092 0.48
1093 0.46
1094 0.46
1095 0.47
1096 0.47
1097 0.46
1098 0.47
1099 0.46
1100 0.46
1101 0.47
1102 0.47
1103 0.45
1104 0.48
1105 0.47
1106 0.45
1107 0.47
1108 0.47
1109 0.47
1110 0.47
1111 0.45
1112 0.46
1113 0.47
1114 0.47
1115 0.47
1116 0.45
1117 0.47
1118 0.47
1119 0.47
1120 0.46
1121 0.47
1122 0.46
1123 0.46
1124 0.47
1125 0.47
1126 0.46
1127 0.47
1128 0.47
1129 0.47
1130 0.46
1131 0.47
1132 0.46
1133 0.46
1134 0.46
1135 0.47
1136 0.47
1137 0.46
1138 0.47
1139 0.47
1140 0.46
1141 0.46
1142 0.47
1143 0.47
1144 0.46
1145 0.46
1146 0.46
1147 0.47
1148 0.47
1149 0.46
1150 0.48
1151 0.47
1152 0.44
1153 0.47
1154 0.47
1155 0.46
1156 0.45
1157 0.46
1158 0.46
1159 0.47
1160 0.47
1161 0.45
1162 0.46
1163 0.47
1164 0.47
1165 0.47
1166 0.47
1167 0.47
1168 0.47
1169 0.45
1170 0.46
1171 0.47
1172 0.47
1173 0.47
1174 0.47
1175 0.48
1176 0.47
1177 0.47
1178 0.47
1179 0.47
1180 0.45
1181 0.44
1182 0.46
1183 0.46
1184 0.47
1185 0.46
1186 0.46
1187 0.46
1188 0.46
1189 0.46
1190 0.47
1191 0.46
1192 0.47
1193 0.46
1194 0.47
1195 0.46
1196 0.46
1197 0.47
1198 0.47
1199 0.47
1200 0.45
1201 0.43
1202 0.42
1203 0.46
1204 0.48
1205 0.45
1206 0.46
1207 0.47
1208 0.46
1209 0.46
1210 0.46
1211 0.46
1212 0.46
1213 0.46
1214 0.47
1215 0.46
1216 0.46
1217 0.43
1218 0.46
1219 0.46
1220 0.47
1221 0.45
1222 0.46
1223 0.47
1224 0.45
1225 0.47
1226 0.47
1227 0.46
1228 0.46
1229 0.47
1230 0.46
1231 0.47
1232 0.46
1233 0.46
1234 0.47
1235 0.46
1236 0.46
1237 0.47
1238 0.47
1239 0.46
1240 0.47
1241 0.46
1242 0.47
1243 0.45
1244 0.48
1245 0.46
1246 0.47
1247 0.46
1248 0.43
1249 0.45
1250 0.46
1251 0.43
1252 0.45
1253 0.46
1254 0.45
1255 0.46
1256 0.47
1257 0.47
1258 0.46
1259 0.47
1260 0.46
1261 0.47
1262 0.45
1263 0.47
1264 0.44
1265 0.47
1266 0.46
1267 0.47
1268 0.46
1269 0.46
1270 0.46
1271 0.45
1272 0.46
1273 0.46
1274 0.46
1275 0.46
1276 0.47
1277 0.46
1278 0.46
1279 0.46
1280 0.47
1281 0.46
1282 0.45
1283 0.47
1284 0.47
1285 0.47
1286 0.45
1287 0.44
1288 0.47
1289 0.47
1290 0.47
1291 0.46
1292 0.48
1293 0.42
1294 0.47
1295 0.46
1296 0.47
1297 0.46
1298 0.46
1299 0.46
1300 0.46
1301 0.48
1302 0.46
1303 0.45
1304 0.46
1305 0.46
1306 0.48
1307 0.47
1308 0.47
1309 0.45
1310 0.45
1311 0.47
1312 0.46
1313 0.46
1314 0.47
1315 0.46
1316 0.45
1317 0.46
1318 0.45
1319 0.46
1320 0.47
1321 0.45
1322 0.47
1323 0.47
1324 0.45
1325 0.43
1326 0.47
1327 0.47
1328 0.47
1329 0.47
1330 0.46
1331 0.47
1332 0.46
1333 0.47
1334 0.46
1335 0.46
1336 0.47
1337 0.44
1338 0.46
1339 0.47
1340 0.45
1341 0.47
1342 0.46
1343 0.46
1344 0.47
1345 0.46
1346 0.46
1347 0.47
1348 0.45
1349 0.48
1350 0.47
1351 0.46
1352 0.47
1353 0.46
1354 0.47
1355 0.46
1356 0.47
1357 0.45
1358 0.46
1359 0.46
1360 0.47
1361 0.47
1362 0.47
1363 0.47
1364 0.46
1365 0.47
1366 0.47
1367 0.48
1368 0.47
1369 0.45
1370 0.47
1371 0.46
1372 0.46
1373 0.47
1374 0.46
1375 0.47
1376 0.47
1377 0.45
1378 0.47
1379 0.47
1380 0.47
1381 0.47
1382 0.45
1383 0.45
1384 0.46
1385 0.46
1386 0.47
1387 0.46
1388 0.46
1389 0.47
1390 0.47
1391 0.47
1392 0.46
1393 0.47
1394 0.47
1395 0.45
1396 0.47
1397 0.46
1398 0.45
1399 0.47
1400 0.47
1401 0.46
1402 0.45
1403 0.45
1404 0.46
1405 0.46
1406 0.46
1407 0.46
1408 0.45
1409 0.46
1410 0.47
1411 0.46
1412 0.45
1413 0.46
1414 0.46
1415 0.46
1416 0.46
1417 0.46
1418 0.46
1419 0.46
1420 0.46
1421 0.46
1422 0.47
1423 0.44
1424 0.48
1425 0.47
1426 0.46
1427 0.47
1428 0.48
1429 0.40
1430 0.46
1431 0.47
1432 0.47
1433 0.47
1434 0.47
1435 0.47
1436 0.47
1437 0.46
1438 0.46
1439 0.47
1440 0.45
1441 0.48
1442 0.47
1443 0.45
1444 0.47
1445 0.46
1446 0.46
1447 0.45
1448 0.46
1449 0.45
1450 0.47
1451 0.44
1452 0.47
1453 0.47
1454 0.47
1455 0.46
1456 0.47
1457 0.46
1458 0.47
1459 0.47
1460 0.47
1461 0.46
1462 0.44
1463 0.47
1464 0.47
1465 0.47
1466 0.47
1467 0.45
1468 0.47
1469 0.47
1470 0.46
1471 0.44
1472 0.46
1473 0.47
1474 0.46
1475 0.47
1476 0.46
1477 0.47
1478 0.48
1479 0.46
1480 0.47
1481 0.47
1482 0.48
1483 0.46
1484 0.45
1485 0.47
1486 0.47
1487 0.46
1488 0.46
1489 0.46
1490 0.46
1491 0.47
1492 0.47
1493 0.48
1494 0.46
1495 0.47
1496 0.47
1497 0.48
1498 0.47
1499 0.47
1500 0.46
1501 0.45
1502 0.46
1503 0.46
1504 0.46
1505 0.46
1506 0.46
1507 0.47
1508 0.47
1509 0.45
1510 0.47
1511 0.47
1512 0.46
1513 0.45
1514 0.46
1515 0.47
1516 0.46
1517 0.45
1518 0.46
1519 0.45
1520 0.46
1521 0.46
1522 0.47
1523 0.47
1524 0.47
1525 0.46
1526 0.46
1527 0.48
1528 0.45
1529 0.45
1530 0.46
1531 0.46
1532 0.47
1533 0.47
1534 0.47
1535 0.47
1536 0.47
1537 0.47
1538 0.47
1539 0.46
1540 0.42
1541 0.47
1542 0.47
1543 0.47
1544 0.46
1545 0.47
1546 0.46
1547 0.46
1548 0.47
1549 0.46
1550 0.45
1551 0.47
1552 0.46
1553 0.47
1554 0.46
1555 0.47
1556 0.46
1557 0.46
1558 0.47
1559 0.47
1560 0.47
1561 0.46
1562 0.46
1563 0.45
1564 0.46
1565 0.42
1566 0.46
1567 0.47
1568 0.47
1569 0.47
1570 0.45
1571 0.47
1572 0.45
1573 0.46
1574 0.47
1575 0.47
1576 0.48
1577 0.46
1578 0.46
1579 0.45
1580 0.47
1581 0.47
1582 0.47
1583 0.47
1584 0.46
1585 0.46
1586 0.47
1587 0.47
1588 0.44
1589 0.48
1590 0.46
1591 0.46
1592 0.47
1593 0.46
1594 0.47
1595 0.47
1596 0.46
1597 0.46
1598 0.46
1599 0.46
1600 0.46
1601 0.47
1602 0.47
1603 0.46
1604 0.47
1605 0.47
1606 0.46
1607 0.45
1608 0.46
1609 0.46
1610 0.47
1611 0.47
1612 0.46
1613 0.47
1614 0.47
1615 0.46
1616 0.45
1617 0.47
1618 0.47
1619 0.46
1620 0.45
1621 0.45
1622 0.45
1623 0.47
1624 0.46
1625 0.47
1626 0.46
1627 0.46
1628 0.46
1629 0.45
1630 0.46
1631 0.47
1632 0.45
1633 0.46
1634 0.47
1635 0.47
1636 0.47
1637 0.46
1638 0.47
1639 0.46
1640 0.47
1641 0.46
1642 0.47
1643 0.45
1644 0.47
1645 0.46
1646 0.46
1647 0.47
1648 0.47
1649 0.45
1650 0.47
1651 0.48
1652 0.45
1653 0.46
1654 0.46
1655 0.47
1656 0.47
1657 0.48
1658 0.46
1659 0.47
1660 0.47
1661 0.46
1662 0.43
1663 0.46
1664 0.47
1665 0.45
1666 0.46
1667 0.44
1668 0.47
1669 0.45
1670 0.47
1671 0.46
1672 0.46
1673 0.47
1674 0.47
1675 0.46
1676 0.47
1677 0.47
1678 0.46
1679 0.47
1680 0.47
1681 0.47
1682 0.47
1683 0.47
1684 0.46
1685 0.45
1686 0.46
1687 0.46
1688 0.46
1689 0.47
1690 0.48
1691 0.47
1692 0.43
1693 0.46
1694 0.46
1695 0.46
1696 0.47
1697 0.45
1698 0.47
1699 0.47
1700 0.47
1701 0.46
1702 0.47
1703 0.46
1704 0.46
1705 0.46
1706 0.48
1707 0.48
1708 0.46
1709 0.46
1710 0.47
1711 0.47
1712 0.46
1713 0.47
1714 0.47
1715 0.45
1716 0.45
1717 0.44
1718 0.45
1719 0.47
1720 0.47
1721 0.47
1722 0.47
1723 0.45
1724 0.46
1725 0.46
1726 0.47
1727 0.47
1728 0.47
1729 0.47
1730 0.46
1731 0.46
1732 0.46
1733 0.47
1734 0.47
1735 0.46
1736 0.46
1737 0.45
1738 0.47
1739 0.47
1740 0.47
1741 0.47
1742 0.47
1743 0.45
1744 0.47
1745 0.45
1746 0.43
1747 0.47
1748 0.47
1749 0.46
1750 0.47
1751 0.47
1752 0.45
1753 0.47
1754 0.47
1755 0.47
1756 0.45
1757 0.47
1758 0.46
1759 0.46
1760 0.47
1761 0.46
1762 0.46
1763 0.47
1764 0.48
1765 0.45
1766 0.47
1767 0.44
1768 0.46
1769 0.45
1770 0.47
1771 0.46
1772 0.46
1773 0.47
1774 0.46
1775 0.45
1776 0.47
1777 0.47
1778 0.47
1779 0.46
1780 0.46
1781 0.45
1782 0.47
1783 0.45
1784 0.46
1785 0.46
1786 0.46
1787 0.47
1788 0.46
1789 0.47
1790 0.46
1791 0.47
1792 0.47
1793 0.47
1794 0.44
1795 0.43
1796 0.46
1797 0.46
1798 0.46
1799 0.46
1800 0.46
1801 0.47
1802 0.47
1803 0.45
1804 0.47
1805 0.46
1806 0.46
1807 0.46
1808 0.45
1809 0.47
1810 0.46
1811 0.45
1812 0.46
1813 0.47
1814 0.47
1815 0.45
1816 0.45
1817 0.44
1818 0.47
1819 0.43
1820 0.47
1821 0.47
1822 0.47
1823 0.47
1824 0.47
1825 0.46
1826 0.47
1827 0.46
1828 0.46
1829 0.46
1830 0.47
1831 0.47
1832 0.47
1833 0.45
1834 0.47
1835 0.47
1836 0.46
1837 0.46
1838 0.47
1839 0.47
1840 0.46
1841 0.46
1842 0.46
1843 0.45
1844 0.48
1845 0.45
1846 0.43
1847 0.46
1848 0.46
1849 0.47
1850 0.46
1851 0.46
1852 0.45
1853 0.47
1854 0.47
1855 0.47
1856 0.46
1857 0.47
1858 0.47
1859 0.47
1860 0.45
1861 0.45
1862 0.45
1863 0.46
1864 0.46
1865 0.46
1866 0.47
1867 0.46
1868 0.46
1869 0.47
1870 0.46
1871 0.47
1872 0.47
1873 0.45
1874 0.45
1875 0.47
1876 0.46
1877 0.47
1878 0.46
1879 0.45
1880 0.45
1881 0.47
1882 0.46
1883 0.46
1884 0.45
1885 0.47
1886 0.48
1887 0.46
1888 0.46
1889 0.47
1890 0.46
1891 0.47
1892 0.46
1893 0.47
1894 0.46
1895 0.45
1896 0.43
1897 0.43
1898 0.46
1899 0.46
1900 0.46
1901 0.46
1902 0.47
1903 0.47
1904 0.47
1905 0.46
1906 0.46
1907 0.46
1908 0.47
1909 0.47
1910 0.46
1911 0.45
1912 0.46
1913 0.47
1914 0.46
1915 0.47
1916 0.47
1917 0.47
1918 0.47
1919 0.47
1920 0.46
1921 0.47
1922 0.46
1923 0.47
1924 0.47
1925 0.47
1926 0.47
1927 0.47
1928 0.46
1929 0.47
1930 0.45
1931 0.46
1932 0.46
1933 0.47
1934 0.47
1935 0.46
1936 0.45
1937 0.46
1938 0.46
1939 0.47
1940 0.46
1941 0.45
1942 0.46
1943 0.47
1944 0.46
1945 0.45
1946 0.43
1947 0.46
1948 0.45
1949 0.47
1950 0.46
1951 0.47
1952 0.46
1953 0.47
1954 0.48
1955 0.47
1956 0.47
1957 0.47
1958 0.46
1959 0.47
1960 0.46
1961 0.45
1962 0.47
1963 0.47
1964 0.46
1965 0.47
1966 0.46
1967 0.47
1968 0.46
1969 0.46
1970 0.45
1971 0.47
1972 0.47
1973 0.47
1974 0.45
1975 0.47
1976 0.46
1977 0.45
1978 0.46
1979 0.47
1980 0.47
1981 0.46
1982 0.47
1983 0.47
1984 0.47
1985 0.47
1986 0.47
1987 0.46
1988 0.46
1989 0.45
1990 0.47
1991 0.47
1992 0.47
1993 0.46
1994 0.47
1995 0.46
1996 0.46
1997 0.46
1998 0.47
1999 0.44
2000 0.47
2001 0.47
2002 0.47
2003 0.46
2004 0.46
2005 0.47
2006 0.45
2007 0.47
2008 0.48
2009 0.46
2010 0.46
2011 0.47
2012 0.47
2013 0.46
2014 0.46
2015 0.45
2016 0.43
2017 0.46
2018 0.46
2019 0.46
2020 0.47
2021 0.46
2022 0.44
2023 0.46
2024 0.47
2025 0.47
2026 0.46
2027 0.46
2028 0.47
2029 0.46
2030 0.46
2031 0.47
2032 0.45
2033 0.47
2034 0.47
2035 0.46
2036 0.47
2037 0.46
2038 0.47
2039 0.45
2040 0.43
2041 0.44
2042 0.48
2043 0.47
2044 0.45
2045 0.46
2046 0.46
2047 0.47
2048 0.47
2049 0.47
2050 0.47
2051 0.47
2052 0.47
2053 0.46
2054 0.46
2055 0.45
2056 0.47
2057 0.47
2058 0.46
2059 0.47
2060 0.45
2061 0.46
2062 0.47
2063 0.46
2064 0.47
2065 0.46
2066 0.47
2067 0.47
2068 0.46
2069 0.46
2070 0.48
2071 0.47
2072 0.47
2073 0.46
2074 0.46
2075 0.47
2076 0.46
2077 0.46
2078 0.47
2079 0.47
2080 0.47
2081 0.46
2082 0.44
2083 0.47
2084 0.47
2085 0.47
2086 0.47
2087 0.46
2088 0.47
2089 0.46
2090 0.47
2091 0.47
2092 0.47
2093 0.46
2094 0.47
2095 0.46
2096 0.47
2097 0.46
2098 0.47
2099 0.45
2100 0.47
2101 0.46
2102 0.47
2103 0.45
2104 0.46
2105 0.46
2106 0.47
2107 0.47
2108 0.46
2109 0.46
2110 0.46
2111 0.45
2112 0.47
2113 0.46
2114 0.47
2115 0.47
2116 0.47
2117 0.46
2118 0.47
2119 0.48
2120 0.48
2121 0.46
2122 0.47
2123 0.46
2124 0.46
2125 0.47
2126 0.47
2127 0.46
2128 0.46
2129 0.46
2130 0.48
2131 0.46
2132 0.47
2133 0.47
2134 0.47
2135 0.44
2136 0.46
2137 0.47
2138 0.46
2139 0.46
2140 0.47
2141 0.47
2142 0.47
2143 0.46
2144 0.47
2145 0.47
2146 0.47
2147 0.46
2148 0.45
2149 0.46
2150 0.47
2151 0.45
2152 0.46
2153 0.47
2154 0.46
2155 0.45
2156 0.47
2157 0.45
2158 0.47
2159 0.46
2160 0.46
2161 0.46
2162 0.45
2163 0.47
2164 0.46
2165 0.47
2166 0.47
2167 0.47
2168 0.47
2169 0.46
2170 0.47
2171 0.43
2172 0.46
2173 0.46
2174 0.46
2175 0.45
2176 0.46
2177 0.46
2178 0.46
2179 0.47
2180 0.47
2181 0.46
2182 0.47
2183 0.46
2184 0.47
2185 0.47
2186 0.48
2187 0.45
2188 0.45
2189 0.44
2190 0.47
2191 0.46
2192 0.46
2193 0.46
2194 0.47
2195 0.47
2196 0.45
2197 0.46
2198 0.46
2199 0.46
2200 0.47
2201 0.46
2202 0.48
2203 0.47
2204 0.47
2205 0.47
2206 0.48
2207 0.46
2208 0.47
2209 0.47
2210 0.45
2211 0.47
2212 0.47
2213 0.46
2214 0.47
2215 0.44
2216 0.46
2217 0.46
2218 0.46
2219 0.46
2220 0.47
2221 0.47
2222 0.48
2223 0.44
2224 0.46
2225 0.46
2226 0.47
2227 0.47
2228 0.48
2229 0.45
2230 0.46
2231 0.47
2232 0.44
2233 0.47
2234 0.47
2235 0.46
2236 0.44
2237 0.43
2238 0.46
2239 0.46
2240 0.46
2241 0.47
2242 0.47
2243 0.46
2244 0.47
2245 0.47
2246 0.47
2247 0.46
2248 0.47
2249 0.46
2250 0.47
2251 0.47
2252 0.47
2253 0.45
2254 0.47
2255 0.47
2256 0.47
2257 0.47
2258 0.46
2259 0.47
2260 0.47
2261 0.45
2262 0.47
2263 0.46
2264 0.46
2265 0.47
2266 0.47
2267 0.46
2268 0.47
2269 0.47
2270 0.47
2271 0.46
2272 0.46
2273 0.46
2274 0.47
2275 0.47
2276 0.46
2277 0.47
2278 0.46
2279 0.44
2280 0.46
2281 0.47
2282 0.47
2283 0.45
2284 0.43
2285 0.46
2286 0.47
2287 0.47
2288 0.46
2289 0.46
2290 0.47
2291 0.47
2292 0.47
2293 0.47
2294 0.47
2295 0.46
2296 0.46
2297 0.47
2298 0.47
2299 0.47
2300 0.43
2301 0.46
2302 0.45
2303 0.46
2304 0.46
2305 0.46
2306 0.46
2307 0.45
2308 0.46
2309 0.47
2310 0.47
2311 0.47
2312 0.46
2313 0.46
2314 0.47
2315 0.45
2316 0.47
2317 0.46
2318 0.47
2319 0.46
2320 0.47
2321 0.47
2322 0.48
2323 0.46
2324 0.47
2325 0.44
2326 0.45
2327 0.46
2328 0.47
2329 0.46
2330 0.44
2331 0.45
2332 0.47
2333 0.46
2334 0.47
2335 0.47
2336 0.48
2337 0.47
2338 0.47
2339 0.44
2340 0.46
2341 0.47
2342 0.47
2343 0.47
2344 0.46
2345 0.46
2346 0.47
2347 0.47
2348 0.47
2349 0.47
2350 0.47
2351 0.41
2352 0.46
2353 0.46
2354 0.45
2355 0.47
2356 0.47
2357 0.45
2358 0.46
2359 0.46
2360 0.46
2361 0.46
2362 0.46
2363 0.44
2364 0.47
2365 0.45
2366 0.45
2367 0.47
2368 0.47
2369 0.47
2370 0.47
2371 0.47
2372 0.46
2373 0.46
2374 0.47
2375 0.47
2376 0.46
2377 0.47
2378 0.47
2379 0.47
2380 0.46
2381 0.47
2382 0.48
2383 0.45
2384 0.47
2385 0.47
2386 0.47
2387 0.44
2388 0.47
2389 0.46
2390 0.46
2391 0.46
2392 0.47
2393 0.47
2394 0.46
2395 0.46
2396 0.46
2397 0.47
2398 0.47
2399 0.45
2400 0.47
2401 0.46
2402 0.47
2403 0.48
2404 0.45
2405 0.46
2406 0.48
2407 0.47
2408 0.47
2409 0.47
2410 0.46
2411 0.46
2412 0.46
2413 0.47
2414 0.47
2415 0.47
2416 0.48
2417 0.43
2418 0.46
2419 0.46
2420 0.47
2421 0.45
2422 0.45
2423 0.46
2424 0.47
2425 0.47
2426 0.46
2427 0.45
2428 0.46
2429 0.46
2430 0.47
2431 0.46
2432 0.47
2433 0.47
2434 0.46
2435 0.48
2436 0.47
2437 0.47
2438 0.46
2439 0.47
2440 0.47
2441 0.45
2442 0.46
2443 0.47
2444 0.46
2445 0.47
2446 0.45
2447 0.46
2448 0.46
2449 0.46
2450 0.43
2451 0.45
2452 0.48
2453 0.44
2454 0.47
2455 0.47
2456 0.42
2457 0.46
2458 0.47
2459 0.47
2460 0.47
2461 0.48
2462 0.47
2463 0.47
2464 0.47
2465 0.47
2466 0.46
2467 0.46
2468 0.47
2469 0.47
2470 0.47
2471 0.42
2472 0.46
2473 0.46
2474 0.44
2475 0.47
2476 0.47
2477 0.46
2478 0.47
2479 0.48
2480 0.43
2481 0.46
2482 0.46
2483 0.45
2484 0.47
2485 0.47
2486 0.46
2487 0.47
2488 0.46
2489 0.47
2490 0.46
2491 0.46
2492 0.46
2493 0.47
2494 0.46
2495 0.46
2496 0.46
2497 0.45
2498 0.45
2499 0.46
2500 0.46
2501 0.48
2502 0.46
2503 0.47
2504 0.43
2505 0.44
2506 0.47
2507 0.47
2508 0.46
2509 0.45
2510 0.45
2511 0.46
2512 0.47
2513 0.46
2514 0.47
2515 0.46
2516 0.46
2517 0.47
2518 0.46
2519 0.47
2520 0.47
2521 0.47
2522 0.45
2523 0.47
2524 0.47
2525 0.48
2526 0.48
2527 0.44
2528 0.47
2529 0.47
2530 0.47
2531 0.47
2532 0.46
2533 0.47
2534 0.45
2535 0.48
2536 0.46
2537 0.46
2538 0.47
2539 0.46
2540 0.46
2541 0.45
2542 0.48
2543 0.44
2544 0.45
2545 0.46
2546 0.47
2547 0.45
2548 0.46
2549 0.46
2550 0.47
2551 0.46
2552 0.45
2553 0.47
2554 0.46
2555 0.47
2556 0.46
2557 0.46
2558 0.46
2559 0.46
2560 0.48
2561 0.46
2562 0.46
2563 0.46
2564 0.47
2565 0.47
2566 0.47
2567 0.46
2568 0.46
2569 0.46
2570 0.48
2571 0.46
2572 0.46
2573 0.46
2574 0.47
2575 0.46
2576 0.45
2577 0.46
2578 0.47
2579 0.47
2580 0.47
2581 0.46
2582 0.46
2583 0.48
2584 0.46
2585 0.46
2586 0.46
2587 0.47
2588 0.44
2589 0.46
2590 0.46
2591 0.47
2592 0.46
2593 0.45
2594 0.46
2595 0.44
2596 0.47
2597 0.44
2598 0.47
2599 0.47
2600 0.47
2601 0.45
2602 0.47
2603 0.46
2604 0.48
2605 0.47
2606 0.45
2607 0.46
2608 0.46
2609 0.47
2610 0.47
2611 0.45
2612 0.47
2613 0.48
2614 0.46
2615 0.46
2616 0.47
2617 0.46
2618 0.47
2619 0.47
2620 0.47
2621 0.47
2622 0.46
2623 0.46
2624 0.46
2625 0.47
2626 0.47
2627 0.46
2628 0.46
2629 0.46
2630 0.46
2631 0.47
2632 0.46
2633 0.46
2634 0.47
2635 0.44
2636 0.47
2637 0.47
2638 0.46
2639 0.47
2640 0.47
2641 0.47
2642 0.46
2643 0.47
2644 0.45
2645 0.46
2646 0.46
2647 0.46
2648 0.47
2649 0.47
2650 0.46
2651 0.48
2652 0.46
2653 0.46
2654 0.48
2655 0.46
2656 0.46
2657 0.46
2658 0.47
2659 0.46
2660 0.45
2661 0.46
2662 0.46
2663 0.45
2664 0.47
2665 0.45
2666 0.47
2667 0.47
2668 0.45
2669 0.47
2670 0.46
2671 0.44
2672 0.47
2673 0.46
2674 0.48
2675 0.46
2676 0.45
2677 0.46
2678 0.47
2679 0.46
2680 0.46
2681 0.47
2682 0.46
2683 0.47
2684 0.46
2685 0.46
2686 0.45
2687 0.47
2688 0.45
2689 0.47
2690 0.46
2691 0.46
2692 0.47
2693 0.46
2694 0.47
2695 0.47
2696 0.47
2697 0.47
2698 0.47
2699 0.43
2700 0.45
2701 0.48
2702 0.47
2703 0.46
2704 0.47
2705 0.46
2706 0.47
2707 0.46
2708 0.46
2709 0.46
2710 0.45
2711 0.47
2712 0.47
2713 0.46
2714 0.45
2715 0.47
2716 0.46
2717 0.47
2718 0.46
2719 0.47
2720 0.45
2721 0.47
2722 0.47
2723 0.47
2724 0.47
2725 0.48
2726 0.46
2727 0.46
2728 0.48
2729 0.47
2730 0.47
2731 0.47
2732 0.46
2733 0.45
2734 0.44
2735 0.46
2736 0.46
2737 0.44
2738 0.44
2739 0.47
2740 0.46
2741 0.47
2742 0.47
2743 0.47
2744 0.47
2745 0.46
2746 0.47
2747 0.47
2748 0.48
2749 0.47
2750 0.47
2751 0.46
2752 0.46
2753 0.46
2754 0.47
2755 0.47
2756 0.46
2757 0.42
2758 0.47
2759 0.45
2760 0.46
2761 0.46
2762 0.47
2763 0.47
2764 0.46
2765 0.48
2766 0.47
2767 0.46
2768 0.44
2769 0.46
2770 0.45
2771 0.46
2772 0.46
2773 0.48
2774 0.46
2775 0.47
2776 0.47
2777 0.46
2778 0.46
2779 0.47
2780 0.46
2781 0.46
2782 0.47
2783 0.47
2784 0.43
2785 0.48
2786 0.46
2787 0.46
2788 0.47
2789 0.46
2790 0.48
2791 0.47
2792 0.47
2793 0.46
2794 0.46
2795 0.46
2796 0.47
2797 0.47
2798 0.47
2799 0.46
2800 0.46
2801 0.46
2802 0.46
2803 0.47
2804 0.46
2805 0.45
2806 0.46
2807 0.47
2808 0.47
2809 0.46
2810 0.44
2811 0.46
2812 0.46
2813 0.46
2814 0.43
2815 0.45
2816 0.46
2817 0.47
2818 0.46
2819 0.46
2820 0.47
2821 0.45
2822 0.46
2823 0.47
2824 0.46
2825 0.47
2826 0.45
2827 0.47
2828 0.47
2829 0.47
2830 0.46
2831 0.47
2832 0.47
2833 0.47
2834 0.46
2835 0.47
2836 0.44
2837 0.45
2838 0.47
2839 0.46
2840 0.42
2841 0.47
2842 0.47
2843 0.45
2844 0.46
2845 0.45
2846 0.45
2847 0.46
2848 0.46
2849 0.47
2850 0.46
2851 0.46
2852 0.47
2853 0.47
2854 0.46
2855 0.47
2856 0.46
2857 0.47
2858 0.47
2859 0.47
2860 0.47
2861 0.46
2862 0.46
2863 0.46
2864 0.46
2865 0.46
2866 0.45
2867 0.46
2868 0.47
2869 0.46
2870 0.47
2871 0.47
2872 0.48
2873 0.47
2874 0.42
2875 0.46
2876 0.46
2877 0.47
2878 0.47
2879 0.46
2880 0.44
2881 0.47
2882 0.47
2883 0.46
2884 0.47
2885 0.47
2886 0.46
2887 0.46
2888 0.47
2889 0.47
2890 0.44
2891 0.42
2892 0.47
2893 0.47
2894 0.46
2895 0.45
2896 0.47
2897 0.44
2898 0.48
2899 0.46
2900 0.46
2901 0.47
2902 0.46
2903 0.47
2904 0.46
2905 0.47
2906 0.47
2907 0.46
2908 0.46
2909 0.45
2910 0.46
2911 0.45
2912 0.48
2913 0.47
2914 0.48
2915 0.46
2916 0.47
2917 0.46
2918 0.42
2919 0.46
2920 0.46
2921 0.46
2922 0.46
2923 0.46
2924 0.47
2925 0.46
2926 0.47
2927 0.46
2928 0.47
2929 0.46
2930 0.45
2931 0.46
2932 0.46
2933 0.46
2934 0.47
2935 0.46
2936 0.46
2937 0.48
2938 0.47
2939 0.46
2940 0.42
2941 0.47
2942 0.47
2943 0.45
2944 0.46
2945 0.47
2946 0.47
2947 0.46
2948 0.47
2949 0.46
2950 0.45
2951 0.47
2952 0.47
2953 0.47
2954 0.46
2955 0.46
2956 0.47
2957 0.46
2958 0.47
2959 0.46
2960 0.46
2961 0.46
2962 0.46
2963 0.47
2964 0.47
2965 0.47
2966 0.46
2967 0.48
2968 0.47
2969 0.46
2970 0.46
2971 0.47
2972 0.46
2973 0.45
2974 0.46
2975 0.46
2976 0.45
2977 0.47
2978 0.44
2979 0.46
2980 0.46
2981 0.47
2982 0.47
2983 0.47
2984 0.46
2985 0.46
2986 0.45
2987 0.47
2988 0.47
2989 0.48
2990 0.46
2991 0.46
2992 0.46
2993 0.46
2994 0.45
2995 0.47
2996 0.46
2997 0.47
2998 0.46
2999 0.47
