0 -0.38
1 -0.39
2 -0.21
3 -0.18
4 -0.15
5 -0.16
6 -0.10
7 -0.37
8 -0.33
9 -0.39
10 -0.30
11 -0.35
12 -0.18
13 -0.34
14 -0.11
15 -0.31
16 -0.36
17 -0.20
18 -0.37
19 -0.37
20 -0.27
21 -0.20
22 -0.30
23 -0.38
24 -0.35
25 -0.37
26 -0.24
27 -0.21
28 -0.17
29 -0.15
30 -0.15
31 -0.21
32 -0.03
33 -0.06
34 -0.25
35 -0.04
36 -0.14
37 -0.11
38 -0.09
39 0.01
40 -0.19
41 -0.31
42 -0.11
43 -0.18
44 -0.33
45 -0.15
46 -0.34
47 -0.07
48 -0.37
49 -0.15
50 0.01
51 -0.33
52 -0.33
53 -0.05
54 -0.15
55 -0.04
56 -0.04
57 -0.36
58 -0.01
59 0.01
60 0.01
61 -0.32
62 -0.31
63 0.03
64 -0.01
65 -0.32
66 -0.20
67 -0.31
68 -0.20
69 -0.03
70 -0.02
71 -0.30
72 -0.33
73 -0.13
74 -0.01
75 -0.35
76 -0.01
77 -0.18
78 -0.16
79 -0.08
80 -0.38
81 -0.21
82 -0.40
83 -0.29
84 -0.37
85 -0.37
86 -0.19
87 -0.13
88 -0.36
89 -0.10
90 -0.01
91 -0.38
92 -0.33
93 -0.09
94 -0.37
95 -0.40
96 -0.36
97 -0.10
98 -0.41
99 -0.01
100 -0.26
101 -0.01
102 -0.33
103 -0.30
104 -0.17
105 -0.37
106 -0.14
107 -0.01
108 -0.39
109 -0.38
110 -0.04
111 -0.26
112 -0.18
113 -0.12
114 -0.03
115 -0.19
116 -0.34
117 -0.33
118 -0.01
119 -0.35
120 -0.27
121 -0.37
122 -0.18
123 -0.10
124 -0.36
125 0.00
126 -0.05
127 -0.16
128 0.02
129 -0.32
130 -0.34
131 -0.07
132 -0.28
133 -0.25
134 -0.17
135 -0.11
136 -0.34
137 -0.30
138 -0.36
139 -0.37
140 -0.36
141 -0.42
142 -0.10
143 -0.02
144 -0.28
145 -0.26
146 -0.18
147 -0.36
148 -0.30
149 -0.27
150 -0.02
151 -0.26
152 -0.02
153 -0.17
154 -0.31
155 -0.03
156 -0.32
157 -0.32
158 0.00
159 0.06
160 0.02
161 -0.23
162 0.02
163 -0.18
164 -0.35
165 -0.13
166 -0.30
167 -0.25
168 -0.35
169 -0.27
170 -0.11
171 -0.32
172 -0.30
173 -0.31
174 -0.16
175 -0.12
176 -0.32
177 -0.29
178 -0.24
179 -0.21
180 -0.35
181 -0.35
182 -0.15
183 -0.21
184 -0.17
185 -0.34
186 -0.34
187 -0.16
188 -0.34
189 -0.25
190 -0.32
191 -0.32
192 -0.09
193 -0.30
194 -0.37
195 -0.20
196 -0.19
197 -0.20
198 -0.34
199 -0.36
200 -0.17
201 -0.17
202 -0.13
203 -0.13
204 -0.22
205 -0.08
206 -0.12
207 -0.25
208 -0.10
209 -0.13
210 -0.26
211 -0.27
212 -0.18
213 -0.20
214 -0.04
215 -0.22
216 -0.20
217 -0.07
218 -0.22
219 -0.06
220 -0.10
221 -0.07
222 -0.17
223 -0.05
224 -0.04
225 -0.19
226 -0.10
227 -0.16
228 -0.07
229 -0.07
230 -0.27
231 -0.27
232 -0.05
233 -0.05
234 -0.15
235 0.02
236 -0.17
237 -0.07
238 -0.04
239 -0.19
240 -0.19
241 0.06
242 0.01
243 -0.05
244 -0.18
245 -0.07
246 -0.14
247 -0.13
248 -0.12
249 -0.03
250 -0.20
251 -0.08
252 -0.16
253 -0.06
254 -0.25
255 -0.08
256 -0.04
257 -0.09
258 -0.04
259 -0.14
260 -0.14
261 -0.25
262 -0.23
263 0.01
264 -0.32
265 -0.02
266 -0.11
267 -0.21
268 -0.08
269 -0.17
270 -0.16
271 -0.06
272 -0.11
273 -0.28
274 -0.11
275 -0.17
276 -0.13
277 0.01
278 -0.12
279 -0.13
280 -0.15
281 -0.12
282 -0.12
283 -0.10
284 -0.09
285 -0.05
286 -0.06
287 -0.04
288 -0.17
289 -0.07
290 0.02
291 -0.05
292 -0.09
293 -0.07
294 -0.21
295 -0.05
296 -0.12
297 -0.08
298 -0.06
299 -0.06
300 -0.09
301 -0.15
302 -0.07
303 -0.18
304 -0.22
305 -0.15
306 -0.16
307 -0.18
308 -0.14
309 -0.05
310 -0.11
311 -0.02
312 -0.05
313 -0.09
314 -0.13
315 -0.15
316 -0.01
317 0.00
318 -0.11
319 -0.19
320 -0.21
321 -0.20
322 -0.14
323 -0.10
324 0.01
325 -0.22
326 -0.11
327 -0.08
328 -0.16
329 0.01
330 -0.16
331 0.03
332 -0.14
333 -0.13
334 -0.16
335 -0.13
336 -0.22
337 -0.11
338 -0.06
339 -0.20
340 0.02
341 -0.09
342 -0.11
343 -0.05
344 -0.10
345 -0.21
346 -0.15
347 -0.18
348 -0.15
349 -0.12
350 -0.25
351 -0.14
352 -0.05
353 -0.32
354 -0.19
355 -0.05
356 -0.14
357 -0.15
358 -0.06
359 -0.14
360 -0.08
361 -0.18
362 -0.14
363 -0.23
364 -0.09
365 -0.26
366 -0.20
367 -0.03
368 -0.19
369 -0.11
370 -0.08
371 -0.05
372 -0.23
373 -0.03
374 0.01
375 -0.25
376 -0.15
377 -0.19
378 -0.01
379 -0.02
380 -0.05
381 -0.09
382 -0.18
383 0.02
384 0.02
385 -0.24
386 -0.08
387 0.00
388 -0.24
389 -0.07
390 -0.12
391 -0.02
392 -0.11
393 -0.11
394 -0.02
395 -0.03
396 -0.12
397 -0.04
398 -0.18
399 -0.27
400 0.11
401 0.19
402 0.11
403 0.11
404 0.11
405 0.07
406 -0.03
407 0.24
408 0.22
409 0.16
410 0.24
411 0.11
412 0.12
413 -0.02
414 0.13
415 0.20
416 0.18
417 0.28
418 0.04
419 0.17
420 0.15
421 0.11
422 0.18
423 -0.02
424 -0.08
425 -0.16
426 -0.12
427 0.03
428 0.05
429 0.04
430 -0.19
431 -0.04
432 -0.02
433 -0.01
434 -0.04
435 0.01
436 0.13
437 0.08
438 -0.05
439 0.06
440 0.04
441 0.13
442 0.03
443 0.03
444 0.06
445 0.11
446 0.07
447 0.10
448 0.10
449 0.09
450 0.06
451 0.15
452 0.01
453 0.05
454 0.03
455 -0.27
456 -0.02
457 0.07
458 0.03
459 -0.09
460 -0.22
461 0.04
462 -0.10
463 0.07
464 0.10
465 -0.03
466 -0.05
467 0.01
468 -0.00
469 -0.04
470 -0.01
471 0.10
472 0.14
473 0.13
474 -0.16
475 0.09
476 0.07
477 0.08
478 0.07
479 0.17
480 0.05
481 0.22
482 0.08
483 0.07
484 -0.06
485 -0.03
486 0.19
487 0.07
488 0.08
489 0.06
490 0.09
491 -0.16
492 -0.05
493 -0.13
494 0.16
495 0.06
496 0.05
497 0.03
498 0.09
499 0.06
500 0.04
501 0.07
502 -0.08
503 0.02
504 -0.07
505 -0.00
506 -0.21
507 0.16
508 0.09
509 -0.09
510 -0.01
511 0.05
512 0.08
513 0.20
514 0.07
515 0.10
516 0.03
517 0.06
518 0.11
519 0.02
520 -0.03
521 0.00
522 0.00
523 -0.16
524 0.04
525 -0.06
526 0.06
527 -0.03
528 0.09
529 -0.20
530 -0.17
531 -0.08
532 0.02
533 0.04
534 0.04
535 0.01
536 0.05
537 -0.16
538 -0.07
539 -0.01
540 0.05
541 0.06
542 0.13
543 -0.05
544 0.15
545 -0.03
546 0.02
547 0.21
548 0.08
549 -0.13
550 0.16
551 0.15
552 0.05
553 0.08
554 -0.08
555 -0.09
556 -0.12
557 0.08
558 0.11
559 -0.13
560 0.05
561 0.04
562 -0.05
563 0.19
564 0.05
565 0.07
566 0.19
567 -0.11
568 0.06
569 0.17
570 0.09
571 0.01
572 0.16
573 0.08
574 0.06
575 0.01
576 -0.18
577 0.15
578 0.19
579 0.17
580 0.03
581 0.11
582 0.10
583 0.01
584 0.08
585 0.11
586 0.11
587 0.10
588 0.13
589 0.09
590 0.09
591 0.15
592 -0.01
593 0.11
594 -0.07
595 0.09
596 0.07
597 0.10
598 0.04
599 -0.02
600 0.23
601 0.29
602 0.28
603 0.37
604 0.25
605 0.35
606 0.30
607 0.36
608 0.18
609 0.37
610 0.31
611 -0.15
612 0.16
613 0.19
614 0.12
615 0.19
616 0.25
617 0.16
618 0.19
619 0.28
620 0.24
621 0.19
622 0.17
623 0.26
624 0.20
625 0.20
626 0.17
627 0.13
628 0.20
629 0.20
630 0.11
631 0.16
632 0.03
633 0.05
634 0.18
635 0.08
636 0.08
637 0.09
638 0.26
639 0.12
640 0.09
641 0.16
642 0.24
643 0.22
644 -0.26
645 0.21
646 0.20
647 0.22
648 0.16
649 0.20
650 -0.12
651 0.12
652 0.16
653 0.06
654 -0.37
655 0.19
656 0.17
657 0.24
658 0.18
659 0.23
660 0.10
661 0.28
662 0.22
663 0.07
664 0.20
665 0.14
666 0.25
667 0.23
668 0.16
669 0.23
670 0.22
671 0.10
672 0.27
673 0.21
674 0.24
675 -0.08
676 0.13
677 -0.37
678 0.04
679 0.22
680 0.19
681 0.23
682 0.22
683 0.16
684 0.12
685 0.04
686 -0.19
687 0.24
688 0.16
689 0.23
690 0.14
691 0.19
692 0.05
693 -0.10
694 0.11
695 0.12
696 0.23
697 0.21
698 0.13
699 0.20
700 0.22
701 0.20
702 0.15
703 0.22
704 0.10
705 0.30
706 0.22
707 0.10
708 0.18
709 0.25
710 0.24
711 0.21
712 0.22
713 0.15
714 0.28
715 0.24
716 0.21
717 0.15
718 0.16
719 0.14
720 -0.21
721 0.33
722 0.34
723 0.19
724 0.37
725 0.37
726 0.24
727 0.12
728 0.14
729 0.17
730 -0.11
731 0.15
732 0.18
733 0.19
734 0.22
735 0.14
736 0.04
737 0.16
738 0.12
739 0.18
740 -0.21
741 -0.14
742 0.18
743 0.14
744 0.19
745 0.17
746 0.24
747 0.22
748 0.22
749 0.19
750 0.10
751 -0.31
752 0.21
753 0.25
754 0.22
755 0.13
756 0.18
757 0.22
758 0.23
759 0.20
760 0.25
761 0.18
762 0.13
763 -0.16
764 0.09
765 0.05
766 0.11
767 0.02
768 0.16
769 0.13
770 0.08
771 0.05
772 0.00
773 0.15
774 0.11
775 0.12
776 0.22
777 0.19
778 0.21
779 0.34
780 -0.15
781 0.19
782 -0.03
783 0.05
784 0.20
785 0.14
786 0.28
787 0.14
788 0.23
789 0.32
790 0.22
791 0.12
792 0.17
793 0.14
794 0.20
795 0.22
796 0.38
797 0.02
798 0.10
799 0.17
800 0.27
801 0.10
802 0.12
803 0.25
804 0.06
805 0.23
806 0.23
807 0.02
808 0.19
809 0.18
810 0.21
811 0.15
812 0.18
813 0.21
814 0.21
815 0.09
816 0.23
817 0.10
818 0.14
819 0.19
820 0.16
821 0.25
822 0.15
823 -0.11
824 0.21
825 0.05
826 0.12
827 0.22
828 0.14
829 0.30
830 0.27
831 0.21
832 0.23
833 0.39
834 -0.08
835 0.22
836 0.22
837 0.11
838 0.22
839 0.00
840 0.16
841 0.22
842 0.32
843 0.16
844 0.12
845 0.32
846 0.12
847 0.08
848 0.12
849 -0.03
850 0.06
851 0.01
852 0.16
853 0.19
854 0.29
855 0.19
856 0.22
857 0.09
858 0.15
859 0.17
860 0.17
861 0.15
862 0.17
863 0.29
864 0.34
865 0.32
866 0.14
867 -0.21
868 0.12
869 0.08
870 0.17
871 0.31
872 0.22
873 0.32
874 0.11
875 0.18
876 0.12
877 0.24
878 0.02
879 0.13
880 0.07
881 0.24
882 0.23
883 0.21
884 0.24
885 -0.10
886 0.21
887 0.23
888 0.34
889 0.29
890 0.23
891 0.25
892 0.38
893 0.16
894 0.23
895 0.24
896 0.37
897 -0.06
898 0.17
899 0.20
900 0.26
901 0.16
902 0.22
903 0.21
904 0.12
905 0.27
906 0.16
907 0.32
908 0.20
909 0.06
910 0.13
911 0.20
912 0.15
913 0.01
914 0.09
915 0.13
916 0.19
917 -0.07
918 0.18
919 0.01
920 0.15
921 0.16
922 0.21
923 0.10
924 0.17
925 -0.02
926 0.15
927 0.23
928 0.25
929 0.17
930 0.26
931 0.29
932 -0.10
933 0.20
934 -0.32
935 0.15
936 0.19
937 -0.17
938 0.16
939 0.20
940 0.17
941 0.26
942 0.18
943 0.33
944 -0.07
945 0.16
946 0.16
947 0.08
948 -0.23
949 0.16
950 0.27
951 0.23
952 0.21
953 0.21
954 0.41
955 -0.03
956 0.01
957 0.09
958 0.20
959 0.19
960 0.23
961 0.32
962 -0.35
963 0.15
964 0.20
965 0.07
966 0.18
967 0.24
968 0.19
969 0.25
970 0.31
971 -0.32
972 0.22
973 0.08
974 0.30
975 -0.04
976 0.26
977 -0.27
978 0.16
979 -0.03
980 -0.05
981 0.13
982 0.13
983 0.21
984 0.26
985 0.20
986 -0.36
987 0.24
988 0.24
989 0.29
990 0.18
991 0.23
992 0.21
993 0.38
994 0.21
995 0.23
996 0.40
997 0.19
998 0.23
999 0.20
1000 0.21
1001 0.40
1002 0.22
1003 0.24
1004 0.35
1005 0.23
1006 0.28
1007 0.40
1008 0.43
1009 0.43
1010 -0.12
1011 0.43
1012 0.43
1013 0.28
1014 0.39
1015 0.25
1016 0.20
1017 0.37
1018 0.40
1019 0.19
1020 0.23
1021 0.28
1022 0.25
1023 0.19
1024 0.25
1025 0.20
1026 0.19
1027 0.21
1028 0.28
1029 0.07
1030 -0.02
1031 0.15
1032 -0.20
1033 0.24
1034 0.24
1035 0.28
1036 0.23
1037 0.22
1038 0.21
1039 0.02
1040 0.18
1041 0.21
1042 0.25
1043 0.17
1044 0.24
1045 0.20
1046 0.26
1047 0.21
1048 0.22
1049 0.32
1050 0.15
1051 0.14
1052 0.32
1053 0.18
1054 0.35
1055 0.14
1056 -0.20
1057 0.17
1058 -0.06
1059 0.17
1060 0.17
1061 -0.06
1062 0.14
1063 0.17
1064 0.14
1065 0.14
1066 0.16
1067 0.19
1068 0.31
1069 0.21
1070 0.25
1071 0.04
1072 0.14
1073 0.30
1074 0.20
1075 0.32
1076 0.26
1077 0.08
1078 0.19
1079 0.18
1080 0.33
1081 -0.25
1082 0.15
1083 0.24
1084 0.21
1085 0.18
1086 -0.01
1087 0.16
1088 0.31
1089 0.27
1090 0.32
1091 0.14
1092 0.25
1093 0.21
1094 0.38
1095 0.40
1096 0.12
1097 0.17
1098 0.39
1099 -0.32
1100 0.22
1101 0.40
1102 0.41
1103 0.27
1104 0.27
1105 0.22
1106 0.23
1107 0.31
1108 0.21
1109 -0.16
1110 -0.01
1111 0.15
1112 0.16
1113 0.20
1114 0.27
1115 0.35
1116 0.21
1117 -0.05
1118 -0.02
1119 0.24
1120 0.28
1121 0.18
1122 0.23
1123 -0.20
1124 0.27
1125 0.35
1126 0.01
1127 0.32
1128 0.26
1129 0.37
1130 0.17
1131 0.27
1132 0.35
1133 0.03
1134 -0.01
1135 0.20
1136 0.34
1137 0.35
1138 0.15
1139 0.19
1140 0.18
1141 0.22
1142 0.24
1143 0.28
1144 0.20
1145 0.20
1146 0.14
1147 0.17
1148 -0.21
1149 0.11
1150 0.11
1151 0.18
1152 0.19
1153 0.26
1154 0.18
1155 0.26
1156 -0.21
1157 0.30
1158 0.13
1159 0.29
1160 0.19
1161 0.35
1162 0.27
1163 0.27
1164 0.28
1165 0.23
1166 0.20
1167 0.17
1168 0.21
1169 0.22
1170 0.32
1171 0.27
1172 -0.34
1173 0.25
1174 0.36
1175 0.14
1176 0.24
1177 0.16
1178 0.23
1179 0.23
1180 0.36
1181 0.08
1182 0.15
1183 0.24
1184 0.26
1185 0.18
1186 0.32
1187 0.31
1188 0.25
1189 0.26
1190 0.34
1191 0.25
1192 0.17
1193 0.20
1194 0.20
1195 0.37
1196 0.24
1197 0.27
1198 0.26
1199 0.07
1200 0.27
1201 0.20
1202 0.27
1203 0.26
1204 0.32
1205 0.25
1206 -0.31
1207 0.22
1208 0.42
1209 -0.10
1210 0.37
1211 0.41
1212 0.29
1213 0.22
1214 0.03
1215 0.26
1216 0.32
1217 0.26
1218 0.22
1219 0.22
1220 0.37
1221 0.22
1222 0.23
1223 0.24
1224 0.25
1225 0.31
1226 0.24
1227 0.25
1228 0.24
1229 0.15
1230 0.31
1231 0.15
1232 0.23
1233 0.35
1234 0.21
1235 0.31
1236 0.24
1237 -0.27
1238 0.27
1239 0.17
1240 0.18
1241 0.17
1242 0.27
1243 0.17
1244 0.35
1245 0.07
1246 0.17
1247 0.20
1248 0.27
1249 0.01
1250 0.06
1251 0.37
1252 0.20
1253 -0.05
1254 0.15
1255 0.08
1256 0.26
1257 0.22
1258 0.18
1259 0.15
1260 0.01
1261 0.35
1262 0.36
1263 0.29
1264 0.32
1265 0.19
1266 0.26
1267 0.14
1268 0.26
1269 0.20
1270 0.23
1271 0.26
1272 0.32
1273 0.35
1274 0.32
1275 0.20
1276 0.34
1277 0.21
1278 0.24
1279 0.40
1280 0.25
1281 0.35
1282 -0.27
1283 0.24
1284 0.15
1285 0.27
1286 0.31
1287 0.09
1288 0.19
1289 0.27
1290 0.41
1291 0.25
1292 0.06
1293 0.21
1294 0.21
1295 0.22
1296 0.39
1297 0.25
1298 0.36
1299 0.35
1300 0.28
1301 0.37
1302 0.25
1303 0.22
1304 0.31
1305 0.25
1306 0.26
1307 0.01
1308 0.14
1309 0.18
1310 -0.20
1311 0.35
1312 0.19
1313 0.00
1314 0.29
1315 0.40
1316 0.30
1317 0.17
1318 0.15
1319 0.23
1320 0.21
1321 0.25
1322 0.22
1323 0.26
1324 0.25
1325 0.25
1326 0.27
1327 0.33
1328 0.36
1329 0.25
1330 0.27
1331 0.21
1332 0.16
1333 0.37
1334 0.09
1335 0.24
1336 0.31
1337 0.21
1338 0.42
1339 0.14
1340 0.32
1341 0.23
1342 0.24
1343 0.25
1344 0.24
1345 0.42
1346 0.41
1347 0.44
1348 0.17
1349 0.44
1350 0.27
1351 0.14
1352 0.18
1353 0.08
1354 0.40
1355 0.30
1356 0.02
1357 0.20
1358 0.35
1359 0.41
1360 0.42
1361 0.23
1362 0.08
1363 0.28
1364 0.19
1365 -0.03
1366 0.20
1367 0.34
1368 0.22
1369 0.18
1370 0.21
1371 0.15
1372 0.26
1373 0.23
1374 0.25
1375 0.33
1376 0.23
1377 0.20
1378 0.32
1379 0.26
1380 0.29
1381 0.19
1382 0.21
1383 0.16
1384 0.21
1385 0.05
1386 0.09
1387 0.10
1388 0.12
1389 0.18
1390 0.17
1391 0.28
1392 0.31
1393 0.32
1394 0.15
1395 0.26
1396 0.21
1397 0.19
1398 0.07
1399 0.16
1400 0.19
1401 0.18
1402 0.34
1403 0.26
1404 0.28
1405 0.00
1406 0.19
1407 0.20
1408 0.24
1409 -0.00
1410 0.19
1411 0.14
1412 0.22
1413 0.22
1414 0.12
1415 0.19
1416 0.07
1417 0.28
1418 0.30
1419 0.11
1420 0.10
1421 0.25
1422 0.34
1423 0.18
1424 0.37
1425 0.26
1426 0.32
1427 0.26
1428 0.35
1429 0.39
1430 0.40
1431 0.42
1432 0.37
1433 0.23
1434 0.38
1435 0.19
1436 0.42
1437 0.32
1438 0.42
1439 0.29
1440 0.28
1441 0.25
1442 0.16
1443 0.25
1444 0.26
1445 0.42
1446 0.36
1447 0.25
1448 0.39
1449 0.26
1450 0.40
1451 0.23
1452 0.25
1453 0.16
1454 0.44
1455 0.23
1456 0.22
1457 0.27
1458 0.32
1459 0.12
1460 0.25
1461 0.31
1462 0.41
1463 0.29
1464 0.32
1465 0.33
1466 0.33
1467 0.33
1468 0.40
1469 -0.28
1470 0.39
1471 0.38
1472 0.24
1473 0.21
1474 0.27
1475 0.21
1476 0.39
1477 0.25
1478 0.37
1479 0.16
1480 0.22
1481 0.14
1482 0.41
1483 0.31
1484 0.35
1485 0.26
1486 0.40
1487 0.22
1488 0.37
1489 0.02
1490 0.23
1491 0.34
1492 0.17
1493 0.39
1494 0.22
1495 0.20
1496 0.30
1497 0.31
1498 0.20
1499 0.25
1500 0.28
1501 0.17
1502 0.14
1503 0.11
1504 0.18
1505 -0.09
1506 0.24
1507 0.17
1508 0.39
1509 0.22
1510 0.36
1511 0.35
1512 0.40
1513 0.24
1514 0.27
1515 0.42
1516 0.23
1517 -0.13
1518 0.39
1519 0.28
1520 0.16
1521 0.22
1522 0.32
1523 0.24
1524 0.37
1525 0.29
1526 0.41
1527 0.43
1528 0.09
1529 0.27
1530 0.23
1531 0.24
1532 -0.17
1533 0.16
1534 0.20
1535 0.26
1536 0.22
1537 0.37
1538 0.42
1539 0.26
1540 0.13
1541 0.09
1542 0.39
1543 0.13
1544 0.07
1545 0.26
1546 0.13
1547 0.20
1548 0.32
1549 0.35
1550 0.34
1551 0.25
1552 0.26
1553 0.23
1554 0.19
1555 0.23
1556 0.11
1557 0.37
1558 0.26
1559 0.33
1560 0.22
1561 0.28
1562 0.32
1563 0.34
1564 0.42
1565 0.33
1566 0.41
1567 0.23
1568 0.21
1569 0.24
1570 0.28
1571 0.42
1572 0.44
1573 0.29
1574 0.22
1575 0.16
1576 0.39
1577 0.28
1578 0.24
1579 0.21
1580 0.26
1581 0.41
1582 0.17
1583 0.22
1584 0.24
1585 0.28
1586 0.36
1587 0.38
1588 0.30
1589 0.12
1590 0.23
1591 0.24
1592 0.22
1593 0.30
1594 0.41
1595 0.34
1596 0.29
1597 0.26
1598 0.23
1599 0.41
1600 0.16
1601 0.40
1602 0.24
1603 0.15
1604 0.38
1605 0.25
1606 0.28
1607 0.40
1608 0.43
1609 0.32
1610 0.23
1611 0.40
1612 -0.04
1613 0.22
1614 0.08
1615 0.18
1616 0.22
1617 0.08
1618 0.34
1619 0.22
1620 0.35
1621 0.24
1622 0.29
1623 0.25
1624 0.42
1625 0.33
1626 0.22
1627 0.14
1628 -0.14
1629 0.33
1630 0.39
1631 0.23
1632 0.24
1633 -0.04
1634 0.31
1635 0.24
1636 0.18
1637 0.26
1638 0.24
1639 0.36
1640 0.35
1641 0.28
1642 0.29
1643 0.35
1644 0.28
1645 -0.08
1646 0.22
1647 0.17
1648 0.15
1649 0.11
1650 0.33
1651 0.27
1652 0.36
1653 0.26
1654 0.25
1655 0.20
1656 0.42
1657 0.29
1658 -0.00
1659 0.36
1660 0.15
1661 0.10
1662 0.14
1663 0.26
1664 -0.04
1665 0.10
1666 0.16
1667 0.18
1668 0.16
1669 0.22
1670 0.32
1671 0.11
1672 0.08
1673 0.22
1674 0.22
1675 0.15
1676 0.27
1677 -0.18
1678 0.33
1679 0.37
1680 0.38
1681 0.26
1682 0.24
1683 0.37
1684 0.31
1685 0.08
1686 0.27
1687 -0.09
1688 0.25
1689 0.24
1690 0.25
1691 0.24
1692 0.36
1693 0.22
1694 0.24
1695 0.26
1696 0.37
1697 0.34
1698 -0.12
1699 0.21
1700 0.38
1701 0.24
1702 0.40
1703 0.20
1704 0.29
1705 0.18
1706 0.36
1707 0.23
1708 0.41
1709 0.13
1710 0.21
1711 0.26
1712 0.39
1713 0.22
1714 0.24
1715 0.40
1716 0.25
1717 0.29
1718 0.41
1719 0.16
1720 0.26
1721 0.23
1722 0.25
1723 0.30
1724 0.32
1725 0.26
1726 0.27
1727 0.38
1728 0.23
1729 0.24
1730 0.26
1731 0.30
1732 0.28
1733 0.29
1734 0.37
1735 0.36
1736 0.25
1737 0.20
1738 0.24
1739 0.27
1740 0.30
1741 0.30
1742 0.43
1743 0.17
1744 0.26
1745 0.38
1746 0.31
1747 0.35
1748 0.42
1749 0.29
1750 0.24
1751 0.37
1752 0.27
1753 -0.23
1754 0.22
1755 0.41
1756 0.23
1757 0.25
1758 0.24
1759 0.19
1760 0.16
1761 0.27
1762 0.33
1763 0.17
1764 0.23
1765 0.16
1766 0.22
1767 0.16
1768 0.21
1769 0.35
1770 0.25
1771 0.36
1772 0.21
1773 0.26
1774 -0.04
1775 0.32
1776 0.28
1777 0.27
1778 0.24
1779 0.34
1780 0.26
1781 0.39
1782 0.02
1783 0.21
1784 0.25
1785 0.31
1786 0.25
1787 0.13
1788 0.25
1789 0.14
1790 0.35
1791 0.26
1792 0.34
1793 0.17
1794 0.27
1795 0.23
1796 0.24
1797 0.35
1798 0.24
1799 0.08
1800 0.22
1801 0.13
1802 0.42
1803 0.28
1804 0.26
1805 0.22
1806 0.21
1807 0.27
1808 0.28
1809 0.26
1810 0.34
1811 0.27
1812 0.17
1813 0.30
1814 0.29
1815 0.39
1816 0.43
1817 0.32
1818 0.21
1819 0.43
1820 0.01
1821 0.39
1822 0.29
1823 0.39
1824 0.00
1825 0.34
1826 0.36
1827 0.23
1828 0.20
1829 0.39
1830 0.31
1831 0.25
1832 0.34
1833 0.40
1834 0.17
1835 0.17
1836 0.24
1837 0.38
1838 0.25
1839 0.23
1840 0.02
1841 0.12
1842 0.37
1843 0.34
1844 0.21
1845 0.40
1846 0.26
1847 0.32
1848 0.19
1849 0.37
1850 0.42
1851 0.26
1852 0.29
1853 0.19
1854 0.27
1855 0.37
1856 0.08
1857 0.39
1858 0.38
1859 0.24
1860 0.33
1861 0.37
1862 0.24
1863 0.32
1864 0.35
1865 0.41
1866 0.43
1867 0.42
1868 0.43
1869 0.28
1870 0.36
1871 0.30
1872 0.42
1873 0.26
1874 0.30
1875 0.33
1876 0.42
1877 -0.01
1878 0.23
1879 0.18
1880 0.40
1881 0.18
1882 0.38
1883 0.31
1884 0.38
1885 0.36
1886 0.28
1887 0.20
1888 0.43
1889 0.35
1890 0.32
1891 0.23
1892 0.27
1893 0.29
1894 0.17
1895 0.38
1896 0.23
1897 0.12
1898 0.35
1899 0.12
1900 0.33
1901 0.38
1902 0.26
1903 0.09
1904 0.40
1905 0.39
1906 0.32
1907 0.24
1908 0.25
1909 0.17
1910 0.32
1911 0.27
1912 0.32
1913 0.19
1914 0.25
1915 0.25
1916 0.34
1917 0.23
1918 0.27
1919 -0.03
1920 0.34
1921 0.28
1922 0.17
1923 0.34
1924 0.33
1925 0.30
1926 0.14
1927 0.14
1928 0.16
1929 0.16
1930 0.34
1931 0.09
1932 0.35
1933 0.26
1934 0.24
1935 0.40
1936 0.39
1937 0.25
1938 0.43
1939 0.44
1940 0.25
1941 0.29
1942 0.39
1943 0.32
1944 0.29
1945 0.35
1946 0.20
1947 0.19
1948 0.27
1949 0.24
1950 0.35
1951 0.35
1952 0.23
1953 0.32
1954 0.01
1955 0.18
1956 0.38
1957 0.37
1958 0.29
1959 0.27
1960 0.37
1961 0.17
1962 0.20
1963 0.41
1964 0.28
1965 0.15
1966 0.15
1967 0.15
1968 0.37
1969 0.29
1970 0.36
1971 0.26
1972 0.40
1973 0.22
1974 0.41
1975 0.02
1976 0.23
1977 0.38
1978 0.27
1979 0.40
1980 0.38
1981 0.40
1982 0.27
1983 0.31
1984 0.09
1985 0.43
1986 0.35
1987 0.19
1988 0.26
1989 0.12
1990 0.20
1991 0.31
1992 0.32
1993 0.28
1994 0.29
1995 0.37
1996 0.41
1997 0.26
1998 0.33
1999 0.26
2000 0.47
2001 0.47
2002 0.31
2003 0.25
2004 0.31
2005 0.42
2006 0.46
2007 0.49
2008 0.31
2009 0.29
2010 0.49
2011 0.34
2012 0.47
2013 0.25
2014 0.49
2015 0.12
2016 0.49
2017 0.49
2018 0.49
2019 0.28
2020 0.29
2021 0.18
2022 0.28
2023 0.30
2024 0.33
2025 0.19
2026 0.30
2027 0.27
2028 0.46
2029 0.32
2030 0.29
2031 0.34
2032 0.32
2033 0.28
2034 0.17
2035 0.42
2036 0.25
2037 0.24
2038 0.47
2039 0.23
2040 0.41
2041 0.44
2042 0.43
2043 0.38
2044 0.43
2045 0.45
2046 0.28
2047 0.39
2048 0.47
2049 0.47
2050 0.35
2051 0.39
2052 0.32
2053 0.31
2054 0.35
2055 0.29
2056 0.26
2057 0.09
2058 0.46
2059 0.25
2060 0.41
2061 0.45
2062 0.23
2063 0.32
2064 0.28
2065 0.47
2066 0.41
2067 0.47
2068 0.44
2069 0.46
2070 0.27
2071 0.28
2072 0.27
2073 0.31
2074 0.35
2075 0.39
2076 0.22
2077 0.44
2078 0.37
2079 0.46
2080 0.26
2081 0.26
2082 0.10
2083 0.31
2084 0.30
2085 0.41
2086 0.24
2087 -0.19
2088 0.24
2089 0.26
2090 0.20
2091 0.20
2092 0.44
2093 0.25
2094 0.28
2095 0.30
2096 0.24
2097 0.31
2098 0.32
2099 0.28
2100 0.44
2101 0.38
2102 0.46
2103 0.44
2104 0.35
2105 0.28
2106 0.23
2107 -0.01
2108 0.38
2109 0.25
2110 0.47
2111 0.17
2112 0.47
2113 0.34
2114 -0.01
2115 0.34
2116 0.47
2117 0.29
2118 0.28
2119 0.26
2120 0.25
2121 0.30
2122 0.25
2123 0.43
2124 0.34
2125 0.46
2126 0.42
2127 0.17
2128 0.04
2129 0.22
2130 -0.19
2131 0.35
2132 0.33
2133 0.12
2134 0.30
2135 0.40
2136 0.42
2137 0.30
2138 0.46
2139 0.38
2140 0.32
2141 0.45
2142 0.29
2143 -0.03
2144 0.39
2145 0.17
2146 0.38
2147 0.03
2148 0.25
2149 -0.06
2150 0.37
2151 0.24
2152 0.21
2153 0.27
2154 0.12
2155 0.24
2156 0.16
2157 0.43
2158 0.24
2159 0.23
2160 0.30
2161 0.27
2162 0.43
2163 0.46
2164 0.24
2165 0.35
2166 0.28
2167 0.33
2168 0.41
2169 0.30
2170 0.24
2171 0.45
2172 0.35
2173 0.29
2174 0.26
2175 -0.26
2176 0.32
2177 0.27
2178 0.27
2179 0.44
2180 0.34
2181 0.29
2182 0.10
2183 0.42
2184 0.27
2185 0.31
2186 0.33
2187 0.22
2188 0.33
2189 0.31
2190 0.18
2191 0.39
2192 0.32
2193 0.37
2194 0.26
2195 0.30
2196 0.35
2197 0.29
2198 0.32
2199 0.28
2200 0.32
2201 0.28
2202 0.43
2203 0.31
2204 0.40
2205 0.44
2206 0.24
2207 0.41
2208 0.40
2209 0.22
2210 0.46
2211 0.26
2212 0.28
2213 0.32
2214 -0.25
2215 0.31
2216 0.49
2217 0.40
2218 0.32
2219 0.46
2220 0.32
2221 0.23
2222 0.36
2223 0.27
2224 0.42
2225 0.34
2226 0.49
2227 0.31
2228 0.29
2229 0.36
2230 0.21
2231 -0.17
2232 0.19
2233 0.24
2234 0.28
2235 0.47
2236 0.23
2237 0.05
2238 0.41
2239 0.49
2240 0.29
2241 0.25
2242 0.45
2243 0.27
2244 0.49
2245 0.39
2246 0.31
2247 0.30
2248 0.33
2249 0.38
2250 0.29
2251 0.42
2252 0.49
2253 0.45
2254 0.45
2255 0.31
2256 0.49
2257 0.49
2258 0.49
2259 0.13
2260 0.38
2261 0.42
2262 0.34
2263 0.46
2264 0.08
2265 0.22
2266 0.35
2267 0.40
2268 0.20
2269 0.46
2270 0.33
2271 0.33
2272 0.28
2273 0.27
2274 0.47
2275 0.31
2276 0.25
2277 0.42
2278 0.48
2279 0.29
2280 0.44
2281 0.34
2282 0.19
2283 0.34
2284 0.44
2285 0.25
2286 0.29
2287 0.32
2288 0.40
2289 0.31
2290 0.26
2291 0.47
2292 0.48
2293 0.48
2294 0.19
2295 0.38
2296 0.23
2297 0.30
2298 0.26
2299 0.18
2300 0.24
2301 0.48
2302 0.15
2303 -0.11
2304 0.45
2305 0.47
2306 0.27
2307 0.13
2308 0.31
2309 0.20
2310 0.48
2311 0.48
2312 0.28
2313 0.28
2314 0.34
2315 0.33
2316 0.43
2317 0.48
2318 0.32
2319 -0.08
2320 0.46
2321 0.31
2322 0.43
2323 0.27
2324 -0.05
2325 0.21
2326 0.33
2327 0.47
2328 0.48
2329 0.48
2330 0.23
2331 0.25
2332 0.36
2333 0.30
2334 0.30
2335 0.40
2336 0.48
2337 0.48
2338 0.26
2339 0.46
2340 0.40
2341 0.41
2342 -0.26
2343 0.30
2344 0.30
2345 0.24
2346 0.11
2347 0.20
2348 0.25
2349 0.29
2350 0.45
2351 0.30
2352 0.48
2353 0.36
2354 0.48
2355 0.48
2356 0.32
2357 0.41
2358 -0.04
2359 0.02
2360 0.31
2361 0.44
2362 0.42
2363 0.20
2364 0.30
2365 0.47
2366 0.48
2367 0.30
2368 0.30
2369 0.15
2370 0.28
2371 0.30
2372 0.32
2373 0.33
2374 0.31
2375 0.48
2376 0.32
2377 0.31
2378 0.35
2379 0.35
2380 0.37
2381 0.48
2382 0.20
2383 0.48
2384 0.31
2385 0.33
2386 0.37
2387 0.45
2388 0.32
2389 0.31
2390 0.12
2391 0.34
2392 0.31
2393 0.31
2394 0.31
2395 0.19
2396 0.48
2397 0.45
2398 0.31
2399 0.26
2400 0.34
2401 0.41
2402 0.31
2403 -0.28
2404 0.28
2405 -0.20
2406 0.24
2407 0.35
2408 0.18
2409 0.21
2410 -0.01
2411 0.30
2412 0.37
2413 0.29
2414 0.13
2415 0.33
2416 0.36
2417 0.08
2418 0.11
2419 0.38
2420 0.36
2421 0.30
2422 0.25
2423 0.30
2424 0.41
2425 0.42
2426 0.32
2427 0.31
2428 0.19
2429 0.47
2430 0.29
2431 0.31
2432 0.20
2433 0.34
2434 0.48
2435 0.29
2436 0.46
2437 0.35
2438 0.48
2439 0.35
2440 0.39
2441 0.34
2442 0.32
2443 -0.03
2444 0.48
2445 0.46
2446 -0.09
2447 0.44
2448 0.31
2449 0.48
2450 0.22
2451 0.26
2452 0.26
2453 0.29
2454 0.30
2455 0.48
2456 0.34
2457 0.39
2458 0.34
2459 0.12
2460 0.46
2461 0.33
2462 0.48
2463 0.25
2464 0.32
2465 0.41
2466 0.20
2467 0.27
2468 0.15
2469 0.39
2470 0.32
2471 0.28
2472 0.41
2473 0.26
2474 0.31
2475 0.30
2476 0.11
2477 0.28
2478 0.40
2479 0.48
2480 0.05
2481 0.43
2482 0.39
2483 0.41
2484 0.42
2485 0.35
2486 0.32
2487 0.48
2488 0.28
2489 0.37
2490 0.46
2491 0.42
2492 0.30
2493 0.36
2494 0.32
2495 0.44
2496 0.43
2497 0.37
2498 0.44
2499 0.26
2500 0.33
2501 0.48
2502 0.43
2503 0.44
2504 0.31
2505 0.40
2506 0.22
2507 0.21
2508 0.24
2509 0.39
2510 0.32
2511 0.29
2512 0.39
2513 0.36
2514 0.36
2515 0.48
2516 0.27
2517 0.48
2518 0.33
2519 0.48
2520 0.12
2521 0.04
2522 0.25
2523 0.48
2524 0.34
2525 0.11
2526 0.19
2527 0.29
2528 0.32
2529 0.33
2530 -0.00
2531 0.15
2532 0.32
2533 0.43
2534 0.43
2535 0.34
2536 0.29
2537 0.32
2538 0.15
2539 0.46
2540 0.31
2541 0.46
2542 0.47
2543 0.37
2544 0.44
2545 0.22
2546 0.37
2547 0.14
2548 0.32
2549 0.30
2550 0.31
2551 0.30
2552 0.26
2553 0.35
2554 0.15
2555 0.27
2556 0.45
2557 0.30
2558 0.44
2559 -0.32
2560 0.48
2561 0.05
2562 0.20
2563 0.47
2564 0.43
2565 0.31
2566 0.39
2567 0.31
2568 0.48
2569 0.18
2570 0.32
2571 0.30
2572 0.33
2573 0.33
2574 0.34
2575 0.48
2576 0.24
2577 0.48
2578 0.41
2579 0.48
2580 0.35
2581 0.33
2582 0.48
2583 0.44
2584 0.41
2585 0.30
2586 0.48
2587 0.27
2588 0.26
2589 0.43
2590 0.48
2591 0.45
2592 0.44
2593 0.47
2594 0.33
2595 0.31
2596 0.36
2597 0.28
2598 0.29
2599 0.28
2600 0.40
2601 0.46
2602 0.32
2603 0.49
2604 0.27
2605 0.30
2606 0.29
2607 0.31
2608 0.16
2609 0.49
2610 -0.40
2611 0.38
2612 0.49
2613 0.31
2614 0.30
2615 0.35
2616 0.30
2617 0.20
2618 0.49
2619 0.49
2620 0.31
2621 0.32
2622 0.30
2623 0.23
2624 0.42
2625 0.27
2626 0.08
2627 0.46
2628 0.28
2629 0.49
2630 0.35
2631 0.28
2632 0.20
2633 0.28
2634 0.26
2635 0.28
2636 0.44
2637 0.33
2638 0.46
2639 0.29
2640 0.49
2641 0.09
2642 0.15
2643 0.29
2644 0.35
2645 0.28
2646 0.05
2647 0.32
2648 0.18
2649 0.44
2650 0.27
2651 0.19
2652 0.33
2653 0.33
2654 0.19
2655 0.39
2656 0.47
2657 0.17
2658 0.29
2659 0.28
2660 0.44
2661 0.45
2662 0.49
2663 0.33
2664 0.26
2665 0.26
2666 0.49
2667 0.43
2668 0.38
2669 0.23
2670 0.15
2671 0.19
2672 0.45
2673 0.31
2674 0.30
2675 0.34
2676 0.36
2677 0.28
2678 0.26
2679 0.27
2680 0.44
2681 0.33
2682 0.46
2683 0.32
2684 0.45
2685 0.29
2686 0.27
2687 0.38
2688 0.34
2689 0.45
2690 0.36
2691 0.49
2692 0.34
2693 0.40
2694 0.40
2695 0.34
2696 0.49
2697 0.44
2698 0.36
2699 0.36
2700 0.36
2701 0.09
2702 0.46
2703 0.49
2704 0.46
2705 0.41
2706 0.02
2707 0.31
2708 0.38
2709 0.30
2710 0.48
2711 0.46
2712 0.27
2713 0.46
2714 0.44
2715 0.38
2716 0.17
2717 0.36
2718 0.29
2719 0.41
2720 0.48
2721 0.45
2722 0.43
2723 0.40
2724 0.31
2725 0.46
2726 0.34
2727 0.35
2728 0.32
2729 0.42
2730 0.40
2731 0.13
2732 0.35
2733 0.33
2734 0.48
2735 0.49
2736 0.22
2737 0.24
2738 0.36
2739 0.34
2740 0.26
2741 -0.12
2742 0.30
2743 0.31
2744 0.44
2745 0.49
2746 0.32
2747 0.31
2748 0.05
2749 -0.37
2750 0.34
2751 0.14
2752 0.17
2753 0.44
2754 0.44
2755 0.32
2756 0.49
2757 0.34
2758 0.49
2759 0.03
2760 0.45
2761 0.24
2762 0.28
2763 0.43
2764 0.21
2765 0.41
2766 0.23
2767 0.07
2768 0.11
2769 -0.00
2770 0.44
2771 0.36
2772 0.48
2773 0.49
2774 0.40
2775 0.44
2776 0.44
2777 0.48
2778 0.26
2779 0.43
2780 0.31
2781 0.23
2782 0.46
2783 0.22
2784 -0.12
2785 0.29
2786 0.41
2787 0.49
2788 0.49
2789 0.49
2790 0.34
2791 0.35
2792 0.29
2793 0.40
2794 0.25
2795 0.44
2796 0.35
2797 0.28
2798 0.40
2799 0.24
2800 0.16
2801 0.24
2802 0.49
2803 0.33
2804 0.49
2805 0.24
2806 0.12
2807 0.18
2808 0.03
2809 0.18
2810 0.48
2811 0.20
2812 0.21
2813 0.19
2814 0.27
2815 0.32
2816 0.14
2817 0.44
2818 0.32
2819 0.48
2820 0.42
2821 0.31
2822 0.27
2823 0.49
2824 0.33
2825 0.49
2826 0.37
2827 0.37
2828 0.41
2829 0.19
2830 0.37
2831 0.30
2832 0.32
2833 0.48
2834 0.41
2835 0.15
2836 0.49
2837 0.34
2838 0.34
2839 0.30
2840 0.24
2841 0.16
2842 0.48
2843 -0.00
2844 0.17
2845 0.46
2846 0.49
2847 0.28
2848 -0.15
2849 0.26
2850 0.42
2851 0.30
2852 0.29
2853 0.42
2854 0.42
2855 0.34
2856 0.46
2857 0.46
2858 0.49
2859 0.28
2860 0.33
2861 0.30
2862 0.24
2863 0.35
2864 0.32
2865 0.29
2866 0.46
2867 0.38
2868 0.49
2869 0.36
2870 0.39
2871 0.37
2872 0.46
2873 0.49
2874 0.32
2875 0.44
2876 0.49
2877 0.38
2878 0.30
2879 0.49
2880 0.23
2881 0.44
2882 0.49
2883 0.15
2884 0.41
2885 0.34
2886 0.38
2887 0.49
2888 0.31
2889 0.25
2890 0.40
2891 0.43
2892 0.09
2893 0.24
2894 0.23
2895 0.33
2896 0.49
2897 0.21
2898 0.32
2899 0.29
2900 0.49
2901 0.34
2902 0.42
2903 0.45
2904 0.38
2905 0.46
2906 0.46
2907 0.14
2908 0.46
2909 0.29
2910 0.40
2911 0.24
2912 0.28
2913 0.49
2914 0.37
2915 0.46
2916 0.49
2917 0.46
2918 0.32
2919 0.46
2920 -0.03
2921 0.31
2922 0.25
2923 0.44
2924 0.39
2925 0.15
2926 0.10
2927 0.16
2928 0.30
2929 0.44
2930 0.29
2931 0.32
2932 0.32
2933 0.39
2934 0.36
2935 0.24
2936 0.24
2937 0.30
2938 0.20
2939 0.49
2940 0.49
2941 0.40
2942 0.26
2943 0.37
2944 0.37
2945 0.35
2946 0.24
2947 0.38
2948 0.38
2949 0.46
2950 0.25
2951 0.47
2952 -0.11
2953 0.30
2954 0.22
2955 0.41
2956 0.33
2957 0.41
2958 0.33
2959 0.43
2960 0.48
2961 0.32
2962 0.40
2963 0.20
2964 0.44
2965 0.36
2966 0.15
2967 0.33
2968 0.29
2969 0.27
2970 0.35
2971 0.30
2972 -0.02
2973 0.35
2974 0.30
2975 0.24
2976 0.30
2977 0.28
2978 0.37
2979 0.33
2980 0.39
2981 0.33
2982 0.18
2983 0.46
2984 0.32
2985 0.36
2986 0.32
2987 0.29
2988 0.48
2989 0.43
2990 0.44
2991 0.45
2992 0.48
2993 0.43
2994 0.46
2995 0.36
2996 0.38
2997 0.32
2998 -0.08
2999 0.27
