0 293.35
30 292.95
60 296.73
90 292.62
120 291.54
150 294.33
180 296.70
210 308.77
240 314.52
270 310.27
300 309.30
330 315.11
360 311.27
390 286.07
420 272.16
450 275.17
480 273.19
510 270.80
540 274.30
570 273.77
600 312.26
630 310.95
660 309.31
690 306.71
720 308.48
750 309.59
780 322.81
810 345.93
840 349.47
870 343.24
900 345.17
930 350.70
960 347.83
990 326.11
1020 313.47
1050 315.79
1080 312.33
1110 313.01
1140 316.68
1170 313.87
1200 346.68
1230 351.22
1260 349.18
1290 344.76
1320 348.62
1350 353.10
1380 326.94
1410 284.57
1440 290.64
1470 283.01
1500 280.52
1530 288.22
1560 284.09
1590 321.51
1620 337.70
1650 340.64
1680 336.67
1710 337.47
1740 341.45
1770 340.80
1800 342.53
1830 346.07
1860 345.70
1890 341.99
1920 345.13
1950 348.02
1980 335.74
2010 317.39
2040 324.41
2070 318.32
2100 312.55
2130 323.04
2160 321.13
2190 346.10
2220 355.31
2250 358.63
2280 353.60
2310 352.16
2340 362.83
2370 357.21
2400 368.23
2430 371.96
2460 373.08
2490 367.32
2520 370.86
2550 376.69
2580 370.73
2610 368.56
2640 375.68
2670 370.15
2700 367.72
2730 378.17
2760 376.20
2790 380.90
2820 380.11
2850 384.75
2880 379.31
2910 378.47
2940 387.21
2970 386.17
