0 202.73
30 220.47
60 239.49
90 257.67
120 242.91
150 232.27
180 253.96
210 228.62
240 248.56
270 254.27
300 225.91
330 262.93
360 279.31
390 266.80
420 279.91
450 281.31
480 302.47
510 298.24
540 297.31
570 266.58
600 306.87
630 320.00
660 296.31
690 311.04
720 326.82
750 308.93
780 300.73
810 273.16
840 302.71
870 338.98
900 329.78
930 336.38
960 315.02
990 329.36
1020 320.89
1050 320.93
1080 321.87
1110 314.29
1140 318.89
1170 303.18
1200 319.44
1230 317.31
1260 281.49
1290 342.78
1320 316.18
1350 303.16
1380 303.09
1410 291.51
1440 302.22
1470 308.58
1500 322.36
1530 351.22
1560 316.36
1590 324.71
1620 332.64
1650 337.98
1680 333.36
1710 322.56
1740 335.53
1770 306.82
1800 332.18
1830 312.36
1860 331.27
1890 320.09
1920 317.20
1950 332.62
1980 307.80
2010 327.58
2040 321.93
2070 326.98
2100 321.24
2130 354.71
2160 366.60
2190 315.98
2220 363.36
2250 335.09
2280 286.60
2310 328.18
2340 318.36
2370 312.16
2400 328.64
2430 327.98
2460 363.24
2490 321.47
2520 343.67
2550 344.78
2580 345.58
2610 318.56
2640 316.93
2670 332.98
2700 331.11
2730 331.13
2760 338.47
2790 326.09
2820 328.07
2850 363.09
2880 315.78
2910 347.27
2940 325.78
2970 332.89
