0 221.07
30 241.13
60 241.43
90 224.20
120 233.13
150 227.63
180 248.40
210 291.77
240 276.20
270 283.00
300 277.87
330 291.97
360 261.83
390 321.33
420 333.73
450 316.77
480 343.30
510 303.67
540 321.07
570 315.77
600 338.20
630 328.00
660 325.20
690 331.23
720 319.10
750 310.60
780 332.80
810 357.33
840 335.13
870 347.57
900 346.77
930 353.37
960 318.37
990 338.13
1020 340.03
1050 331.87
1080 344.30
1110 335.33
1140 338.50
1170 304.93
1200 335.80
1230 310.47
1260 323.73
1290 331.07
1320 325.33
1350 291.40
1380 324.67
1410 341.23
1440 342.70
1470 344.57
1500 336.90
1530 340.57
1560 323.53
1590 338.43
1620 354.40
1650 345.47
1680 360.60
1710 341.10
1740 347.30
1770 329.80
1800 344.47
1830 331.53
1860 339.90
1890 350.23
1920 345.50
1950 326.80
1980 332.47
2010 346.03
2040 343.87
2070 357.30
2100 346.03
2130 350.43
2160 327.03
2190 352.83
2220 350.90
2250 337.20
2280 361.63
2310 340.33
2340 350.67
2370 327.27
2400 356.00
2430 335.40
2460 344.60
2490 346.40
2520 343.67
2550 320.77
2580 320.13
2610 340.43
2640 326.00
2670 339.23
2700 328.00
2730 332.23
2760 304.50
2790 336.07
2820 340.90
2850 332.47
2880 357.03
2910 338.83
2940 339.77
2970 316.87
