0 183.33
1 156.00
2 126.00
3 122.67
4 126.67
5 113.33
6 116.67
7 114.67
8 124.67
9 110.67
10 110.67
11 132.00
12 154.67
13 196.00
14 145.33
15 212.67
16 131.33
17 110.67
18 121.33
19 144.00
20 129.33
21 175.33
22 210.00
23 149.33
24 195.33
25 143.33
26 132.67
27 94.67
28 165.33
29 160.67
30 133.33
31 130.00
32 208.00
33 150.00
34 155.33
35 118.67
36 142.67
37 204.00
38 134.67
39 150.00
40 121.33
41 173.33
42 149.33
43 210.00
44 162.00
45 178.67
46 160.00
47 192.00
48 188.00
49 158.67
50 142.67
51 168.00
52 164.00
53 160.00
54 127.33
55 134.67
56 105.33
57 140.67
58 133.33
59 104.00
60 131.33
61 173.33
62 154.67
63 154.00
64 153.33
65 153.33
66 148.67
67 174.67
68 126.00
69 124.67
70 153.33
71 160.00
72 167.33
73 187.33
74 152.67
75 130.67
76 109.33
77 135.33
78 187.33
79 174.67
80 206.00
81 160.00
82 146.67
83 234.67
84 138.67
85 156.00
86 246.00
87 198.00
88 165.33
89 149.33
90 186.00
91 184.00
92 186.67
93 165.33
94 230.67
95 221.33
96 256.67
97 191.33
98 164.67
99 194.67
100 228.67
101 208.67
102 168.00
103 202.67
104 171.33
105 179.33
106 205.33
107 192.00
108 166.67
109 221.33
110 230.00
111 184.67
112 178.67
113 202.67
114 220.67
115 246.67
116 256.67
117 220.67
118 287.33
119 234.00
120 254.00
121 301.33
122 213.33
123 232.67
124 188.67
125 225.33
126 240.67
127 182.67
128 203.33
129 190.67
130 223.33
131 252.00
132 195.33
133 204.67
134 241.33
135 259.33
136 185.33
137 228.67
138 284.67
139 208.67
140 197.33
141 293.33
142 212.67
143 206.00
144 202.00
145 211.33
146 201.33
147 197.33
148 286.67
149 249.33
150 276.67
151 204.00
152 201.33
153 205.33
154 245.33
155 203.33
156 200.67
157 329.33
158 228.67
159 215.33
160 208.67
161 230.00
162 208.67
163 298.67
164 204.00
165 198.67
166 291.33
167 252.67
168 324.00
169 350.67
170 375.33
171 201.33
172 296.67
173 382.67
174 217.33
175 360.00
176 230.00
177 238.00
178 241.33
179 210.67
180 198.00
181 376.00
182 225.33
183 209.33
184 267.33
185 218.67
186 218.00
187 220.00
188 241.33
189 289.33
190 184.00
191 232.67
192 238.00
193 226.67
194 294.67
195 219.33
196 246.67
197 234.67
198 244.00
199 345.33
200 288.00
201 236.00
202 147.33
203 142.00
204 240.00
205 158.67
206 225.33
207 135.33
208 145.33
209 166.00
210 138.00
211 148.00
212 178.67
213 158.00
214 168.00
215 194.00
216 182.67
217 149.33
218 155.33
219 169.33
220 149.33
221 197.33
222 202.67
223 170.00
224 173.33
225 169.33
226 294.00
227 352.67
228 380.67
229 224.00
230 179.33
231 289.33
232 160.67
233 151.33
234 138.00
235 180.00
236 144.67
237 152.67
238 178.67
239 218.67
240 321.33
241 175.33
242 208.67
243 182.00
244 133.33
245 182.67
246 166.00
247 204.67
248 125.33
249 294.67
250 272.00
251 166.67
252 183.33
253 206.00
254 272.67
255 197.33
256 173.33
257 153.33
258 165.33
259 210.00
260 252.67
261 166.67
262 184.00
263 198.00
264 186.67
265 191.33
266 181.33
267 202.67
268 218.67
269 152.67
270 188.67
271 186.67
272 194.67
273 296.00
274 224.67
275 184.00
276 162.67
277 174.00
278 177.33
279 258.67
280 268.00
281 314.67
282 208.00
283 211.33
284 283.33
285 180.67
286 295.33
287 199.33
288 234.67
289 172.67
290 220.00
291 260.67
292 248.67
293 260.00
294 193.33
295 204.67
296 231.33
297 226.67
298 204.67
299 209.33
300 325.33
301 241.33
302 235.33
303 240.00
304 256.00
305 303.33
306 246.67
307 231.33
308 268.00
309 299.33
310 245.33
311 265.33
312 218.00
313 263.33
314 218.67
315 368.00
316 275.33
317 277.33
318 226.00
319 246.00
320 376.67
321 266.67
322 361.33
323 274.67
324 210.00
325 369.33
326 298.00
327 232.67
328 217.33
329 267.33
330 237.33
331 238.00
332 395.33
333 232.67
334 240.00
335 265.33
336 267.33
337 290.67
338 262.00
339 258.00
340 273.33
341 246.67
342 416.00
343 307.33
344 304.67
345 318.67
346 420.00
347 232.00
348 224.67
349 298.00
350 310.67
351 224.00
352 276.00
353 249.33
354 267.33
355 233.33
356 180.00
357 300.00
358 278.67
359 268.67
360 210.67
361 262.00
362 238.00
363 288.67
364 271.33
365 260.00
366 220.00
367 230.67
368 246.00
369 262.00
370 363.33
371 227.33
372 262.00
373 271.33
374 290.00
375 271.33
376 291.33
377 230.67
378 256.00
379 262.00
380 282.00
381 270.00
382 308.00
383 268.00
384 230.00
385 290.67
386 218.00
387 272.67
388 260.67
389 250.67
390 247.33
391 222.00
392 401.33
393 310.67
394 294.67
395 284.67
396 278.67
397 267.33
398 248.67
399 264.00
400 432.00
401 307.33
402 252.00
403 247.33
404 330.00
405 273.33
406 203.33
407 233.33
408 202.00
409 310.00
410 208.67
411 193.33
412 213.33
413 165.33
414 178.67
415 189.33
416 185.33
417 205.33
418 198.00
419 220.67
420 238.00
421 208.00
422 126.67
423 200.00
424 179.33
425 188.67
426 254.00
427 174.67
428 304.00
429 180.67
430 148.00
431 179.33
432 212.67
433 366.67
434 191.33
435 244.00
436 235.33
437 170.67
438 224.00
439 222.00
440 204.67
441 172.00
442 180.00
443 170.00
444 182.00
445 249.33
446 302.00
447 208.00
448 192.67
449 246.67
450 234.00
451 215.33
452 230.00
453 180.00
454 214.00
455 232.00
456 262.67
457 262.67
458 198.00
459 300.00
460 192.00
461 315.33
462 196.00
463 177.33
464 194.67
465 292.00
466 269.33
467 263.33
468 205.33
469 241.33
470 185.33
471 192.00
472 265.33
473 258.67
474 278.67
475 226.00
476 225.33
477 216.67
478 208.67
479 222.67
480 231.33
481 226.00
482 209.33
483 248.67
484 211.33
485 210.67
486 208.00
487 233.33
488 310.00
489 367.33
490 242.67
491 306.00
492 451.33
493 233.33
494 275.33
495 257.33
496 270.00
497 358.00
498 190.67
499 250.67
500 274.67
501 248.67
502 236.00
503 374.67
504 239.33
505 401.33
506 324.00
507 245.33
508 296.00
509 238.00
510 278.00
511 210.67
512 282.00
513 321.33
514 274.00
515 259.33
516 365.33
517 275.33
518 296.00
519 219.33
520 302.67
521 377.33
522 319.33
523 312.67
524 324.67
525 448.67
526 453.33
527 230.67
528 269.33
529 320.67
530 426.00
531 230.00
532 372.67
533 302.00
534 263.33
535 304.00
536 257.33
537 208.00
538 230.00
539 293.33
540 308.00
541 308.67
542 293.33
543 252.67
544 384.00
545 283.33
546 258.67
547 252.00
548 248.67
549 409.33
550 277.33
551 300.00
552 214.00
553 302.67
554 227.33
555 257.33
556 249.33
557 276.00
558 278.67
559 394.00
560 283.33
561 268.00
562 310.67
563 296.00
564 314.00
565 294.00
566 422.00
567 251.33
568 291.33
569 472.67
570 320.67
571 252.67
572 253.33
573 262.67
574 298.00
575 408.67
576 250.67
577 255.33
578 241.33
579 275.33
580 266.00
581 302.00
582 250.67
583 238.00
584 218.67
585 282.67
586 378.00
587 304.67
588 330.67
589 338.67
590 313.33
591 395.33
592 304.67
593 304.67
594 330.00
595 250.67
596 410.67
597 246.67
598 255.33
599 296.00
600 420.00
601 420.00
602 414.67
603 403.33
604 388.00
605 220.00
606 406.67
607 270.67
608 344.67
609 326.67
610 484.00
611 224.00
612 308.67
613 198.67
614 230.67
615 335.33
616 305.33
617 247.33
618 400.00
619 220.67
620 417.33
621 216.00
622 375.33
623 288.00
624 255.33
625 250.67
626 340.00
627 307.33
628 202.00
629 202.67
630 476.00
631 404.67
632 480.00
633 163.33
634 237.33
635 399.33
636 454.67
637 262.67
638 152.00
639 226.00
640 308.67
641 308.00
642 276.67
643 347.33
644 329.33
645 491.33
646 451.33
647 258.00
648 277.33
649 355.33
650 350.67
651 285.33
652 427.33
653 208.00
654 180.00
655 316.67
656 428.67
657 325.33
658 322.67
659 383.33
660 203.33
661 248.00
662 337.33
663 357.33
664 308.00
665 305.33
666 263.33
667 476.67
668 180.00
669 321.33
670 346.00
671 487.33
672 274.67
673 265.33
674 159.33
675 300.00
676 250.00
677 458.00
678 260.00
679 251.33
680 286.00
681 295.33
682 230.67
683 215.33
684 150.00
685 242.67
686 262.00
687 240.67
688 325.33
689 185.33
690 180.00
691 180.67
692 432.00
693 268.67
694 194.67
695 236.67
696 427.33
697 349.33
698 280.00
699 380.67
700 243.33
701 249.33
702 432.00
703 308.00
704 264.00
705 287.33
706 232.67
707 279.33
708 297.33
709 351.33
710 252.00
711 233.33
712 264.00
713 269.33
714 201.33
715 321.33
716 234.67
717 261.33
718 232.67
719 287.33
720 384.00
721 330.00
722 269.33
723 304.67
724 457.33
725 430.00
726 276.67
727 465.33
728 294.00
729 236.00
730 314.67
731 352.00
732 249.33
733 228.67
734 323.33
735 364.00
736 306.67
737 374.67
738 338.67
739 246.00
740 337.33
741 248.67
742 216.67
743 368.00
744 320.67
745 457.33
746 321.33
747 248.67
748 260.67
749 467.33
750 422.00
751 274.67
752 474.00
753 438.67
754 402.00
755 449.33
756 286.67
757 266.00
758 280.67
759 308.00
760 334.67
761 279.33
762 451.33
763 460.67
764 224.00
765 350.00
766 482.00
767 241.33
768 256.67
769 340.00
770 440.67
771 263.33
772 485.33
773 229.33
774 344.00
775 256.00
776 466.00
777 358.00
778 423.33
779 348.00
780 410.67
781 258.67
782 264.67
783 244.67
784 406.67
785 366.00
786 358.67
787 315.33
788 228.67
789 426.67
790 317.33
791 277.33
792 295.33
793 257.33
794 244.67
795 368.67
796 210.67
797 288.67
798 326.00
799 344.00
800 248.00
801 334.67
802 277.33
803 252.00
804 318.00
805 364.00
806 220.67
807 267.33
808 233.33
809 209.33
810 213.33
811 237.33
812 365.33
813 431.33
814 192.00
815 194.67
816 312.67
817 298.00
818 404.67
819 309.33
820 332.00
821 234.67
822 416.67
823 264.00
824 277.33
825 410.00
826 374.67
827 264.67
828 228.67
829 450.00
830 299.33
831 270.67
832 239.33
833 258.67
834 375.33
835 278.00
836 392.67
837 293.33
838 374.67
839 214.67
840 289.33
841 330.67
842 232.67
843 261.33
844 204.67
845 282.67
846 206.67
847 432.00
848 255.33
849 430.67
850 338.00
851 257.33
852 316.67
853 421.33
854 351.33
855 458.00
856 345.33
857 315.33
858 281.33
859 338.00
860 251.33
861 290.67
862 438.00
863 312.67
864 454.67
865 306.67
866 227.33
867 276.67
868 344.00
869 342.67
870 154.67
871 460.67
872 267.33
873 189.33
874 232.67
875 304.67
876 264.00
877 267.33
878 201.33
879 243.33
880 254.67
881 272.00
882 417.33
883 265.33
884 268.00
885 310.67
886 368.00
887 432.67
888 363.33
889 298.67
890 284.67
891 284.00
892 258.00
893 342.67
894 303.33
895 296.00
896 288.00
897 200.00
898 462.00
899 292.00
900 277.33
901 332.67
902 446.00
903 337.33
904 386.67
905 289.33
906 272.67
907 195.33
908 328.00
909 411.33
910 258.67
911 288.00
912 231.33
913 260.00
914 337.33
915 246.00
916 230.00
917 430.67
918 206.67
919 300.67
920 265.33
921 206.00
922 234.67
923 294.67
924 297.33
925 437.33
926 450.00
927 274.67
928 316.67
929 326.67
930 308.00
931 205.33
932 288.67
933 276.67
934 308.67
935 301.33
936 180.67
937 292.67
938 405.33
939 324.00
940 337.33
941 267.33
942 312.00
943 324.00
944 186.67
945 348.67
946 214.67
947 152.67
948 203.33
949 362.67
950 343.33
951 354.00
952 240.67
953 468.67
954 320.00
955 274.00
956 426.67
957 460.00
958 228.00
959 498.00
960 248.67
961 349.33
962 432.00
963 269.33
964 346.00
965 262.00
966 480.00
967 254.00
968 258.67
969 237.33
970 318.00
971 474.67
972 324.67
973 366.67
974 272.00
975 353.33
976 383.33
977 202.67
978 416.67
979 304.00
980 320.67
981 241.33
982 258.00
983 221.33
984 308.00
985 386.67
986 207.33
987 358.00
988 336.67
989 441.33
990 292.00
991 248.00
992 355.33
993 375.33
994 240.00
995 352.67
996 458.67
997 229.33
998 368.67
999 381.33
1000 472.00
1001 420.00
1002 220.00
1003 465.33
1004 220.00
1005 403.33
1006 459.33
1007 328.00
1008 412.00
1009 388.67
1010 213.33
1011 244.00
1012 336.00
1013 362.67
1014 498.67
1015 260.00
1016 249.33
1017 206.67
1018 441.33
1019 486.00
1020 312.67
1021 345.33
1022 336.67
1023 328.67
1024 416.00
1025 318.67
1026 260.00
1027 262.00
1028 310.00
1029 219.33
1030 294.67
1031 295.33
1032 298.67
1033 170.00
1034 239.33
1035 310.00
1036 318.67
1037 233.33
1038 332.67
1039 380.67
1040 349.33
1041 326.67
1042 221.33
1043 301.33
1044 225.33
1045 477.33
1046 304.00
1047 283.33
1048 170.67
1049 339.33
1050 448.67
1051 432.00
1052 262.67
1053 284.67
1054 346.67
1055 258.67
1056 192.00
1057 260.67
1058 246.67
1059 322.00
1060 310.67
1061 332.00
1062 246.00
1063 295.33
1064 369.33
1065 443.33
1066 289.33
1067 274.67
1068 302.00
1069 373.33
1070 294.67
1071 184.00
1072 281.33
1073 287.33
1074 406.00
1075 448.67
1076 224.00
1077 289.33
1078 306.00
1079 312.00
1080 262.00
1081 281.33
1082 364.67
1083 260.67
1084 316.00
1085 368.67
1086 221.33
1087 391.33
1088 484.67
1089 308.00
1090 329.33
1091 323.33
1092 360.00
1093 355.33
1094 392.67
1095 214.00
1096 256.00
1097 337.33
1098 437.33
1099 464.67
1100 300.00
1101 286.67
1102 494.00
1103 169.33
1104 332.67
1105 313.33
1106 436.00
1107 366.67
1108 372.00
1109 484.00
1110 290.00
1111 368.00
1112 240.67
1113 320.00
1114 358.67
1115 485.33
1116 452.67
1117 214.67
1118 272.00
1119 285.33
1120 414.00
1121 314.00
1122 232.67
1123 316.00
1124 469.33
1125 168.67
1126 300.67
1127 403.33
1128 386.00
1129 267.33
1130 446.67
1131 298.00
1132 218.00
1133 282.67
1134 332.00
1135 404.00
1136 206.67
1137 326.00
1138 322.67
1139 208.67
1140 298.67
1141 235.33
1142 404.67
1143 321.33
1144 364.67
1145 416.00
1146 338.67
1147 178.00
1148 314.00
1149 230.67
1150 259.33
1151 150.00
1152 252.00
1153 390.67
1154 374.00
1155 230.00
1156 194.67
1157 217.33
1158 172.67
1159 339.33
1160 472.67
1161 470.67
1162 297.33
1163 253.33
1164 388.67
1165 297.33
1166 278.00
1167 452.67
1168 176.00
1169 469.33
1170 278.00
1171 308.00
1172 312.00
1173 362.00
1174 302.00
1175 390.67
1176 252.00
1177 174.00
1178 392.00
1179 460.67
1180 381.33
1181 359.33
1182 214.00
1183 412.00
1184 309.33
1185 443.33
1186 233.33
1187 316.00
1188 314.00
1189 478.67
1190 231.33
1191 422.00
1192 377.33
1193 390.67
1194 435.33
1195 326.67
1196 376.67
1197 490.00
1198 243.33
1199 270.00
1200 470.67
1201 401.33
1202 238.00
1203 382.00
1204 335.33
1205 352.00
1206 286.00
1207 328.67
1208 171.33
1209 269.33
1210 440.67
1211 226.00
1212 338.00
1213 310.67
1214 215.33
1215 386.67
1216 252.00
1217 272.67
1218 204.67
1219 415.33
1220 277.33
1221 359.33
1222 346.67
1223 303.33
1224 272.67
1225 380.00
1226 234.00
1227 473.33
1228 454.00
1229 283.33
1230 434.00
1231 395.33
1232 252.67
1233 378.67
1234 248.67
1235 218.00
1236 444.00
1237 395.33
1238 270.00
1239 328.00
1240 399.33
1241 234.00
1242 412.67
1243 302.67
1244 344.67
1245 265.33
1246 306.67
1247 322.00
1248 210.67
1249 295.33
1250 316.00
1251 280.67
1252 266.00
1253 362.00
1254 270.67
1255 282.67
1256 382.00
1257 254.00
1258 442.67
1259 225.33
1260 298.67
1261 366.67
1262 207.33
1263 236.00
1264 398.00
1265 298.67
1266 362.67
1267 428.67
1268 292.00
1269 240.00
1270 193.33
1271 363.33
1272 302.67
1273 302.67
1274 208.00
1275 434.67
1276 258.00
1277 308.67
1278 264.00
1279 237.33
1280 242.00
1281 266.00
1282 397.33
1283 246.00
1284 289.33
1285 290.00
1286 351.33
1287 308.67
1288 357.33
1289 314.67
1290 218.67
1291 269.33
1292 416.00
1293 275.33
1294 259.33
1295 412.00
1296 290.00
1297 298.67
1298 435.33
1299 363.33
1300 278.00
1301 253.33
1302 301.33
1303 290.67
1304 425.33
1305 294.67
1306 292.00
1307 384.00
1308 420.00
1309 229.33
1310 340.67
1311 296.67
1312 266.00
1313 312.00
1314 338.67
1315 324.00
1316 304.67
1317 206.67
1318 476.67
1319 223.33
1320 325.33
1321 228.67
1322 472.00
1323 256.67
1324 267.33
1325 356.00
1326 243.33
1327 279.33
1328 438.00
1329 342.00
1330 292.00
1331 331.33
1332 388.00
1333 378.00
1334 268.00
1335 352.00
1336 271.33
1337 344.00
1338 464.00
1339 238.00
1340 288.67
1341 341.33
1342 243.33
1343 454.67
1344 287.33
1345 388.00
1346 234.00
1347 349.33
1348 338.00
1349 372.00
1350 210.67
1351 329.33
1352 365.33
1353 334.67
1354 312.67
1355 292.67
1356 442.00
1357 289.33
1358 276.67
1359 303.33
1360 286.67
1361 418.67
1362 411.33
1363 394.67
1364 440.67
1365 298.00
1366 328.00
1367 351.33
1368 429.33
1369 234.67
1370 188.00
1371 316.00
1372 315.33
1373 334.00
1374 348.00
1375 242.67
1376 230.00
1377 490.67
1378 335.33
1379 478.67
1380 316.00
1381 414.67
1382 338.67
1383 400.00
1384 448.00
1385 342.00
1386 219.33
1387 468.67
1388 256.00
1389 402.00
1390 295.33
1391 475.33
1392 238.67
1393 228.67
1394 256.67
1395 296.00
1396 214.00
1397 430.00
1398 494.67
1399 278.00
1400 358.67
1401 382.67
1402 359.33
1403 289.33
1404 324.67
1405 310.00
1406 370.67
1407 290.67
1408 298.67
1409 290.67
1410 376.67
1411 290.67
1412 411.33
1413 474.00
1414 225.33
1415 284.00
1416 242.67
1417 340.67
1418 360.00
1419 271.33
1420 416.67
1421 476.67
1422 244.00
1423 417.33
1424 310.67
1425 214.00
1426 280.00
1427 318.00
1428 392.00
1429 238.67
1430 325.33
1431 380.00
1432 194.00
1433 326.00
1434 448.67
1435 202.67
1436 370.67
1437 225.33
1438 410.67
1439 192.67
1440 188.67
1441 280.67
1442 401.33
1443 394.67
1444 251.33
1445 396.67
1446 398.00
1447 223.33
1448 223.33
1449 258.67
1450 237.33
1451 260.67
1452 393.33
1453 281.33
1454 326.67
1455 283.33
1456 277.33
1457 270.67
1458 250.00
1459 332.00
1460 363.33
1461 289.33
1462 462.67
1463 265.33
1464 253.33
1465 369.33
1466 359.33
1467 357.33
1468 270.00
1469 299.33
1470 380.00
1471 432.67
1472 326.67
1473 338.00
1474 444.67
1475 461.33
1476 351.33
1477 394.00
1478 323.33
1479 480.00
1480 244.67
1481 285.33
1482 240.67
1483 328.67
1484 463.33
1485 274.67
1486 464.00
1487 204.00
1488 290.00
1489 326.67
1490 410.67
1491 250.67
1492 326.67
1493 427.33
1494 491.33
1495 343.33
1496 260.67
1497 364.67
1498 252.00
1499 301.33
1500 368.67
1501 430.67
1502 369.33
1503 211.33
1504 256.67
1505 396.67
1506 342.00
1507 309.33
1508 267.33
1509 255.33
1510 299.33
1511 269.33
1512 285.33
1513 220.00
1514 335.33
1515 373.33
1516 260.00
1517 454.67
1518 209.33
1519 339.33
1520 318.67
1521 240.00
1522 239.33
1523 382.67
1524 334.67
1525 280.00
1526 274.00
1527 310.00
1528 286.67
1529 332.00
1530 230.00
1531 261.33
1532 252.00
1533 250.67
1534 280.00
1535 251.33
1536 378.67
1537 316.00
1538 259.33
1539 274.00
1540 234.67
1541 310.00
1542 293.33
1543 325.33
1544 335.33
1545 248.67
1546 278.00
1547 362.00
1548 382.67
1549 309.33
1550 438.67
1551 492.00
1552 223.33
1553 300.67
1554 235.33
1555 300.67
1556 464.67
1557 229.33
1558 212.00
1559 419.33
1560 322.00
1561 450.67
1562 484.00
1563 343.33
1564 497.33
1565 477.33
1566 342.00
1567 238.00
1568 267.33
1569 378.67
1570 274.67
1571 266.67
1572 346.00
1573 325.33
1574 222.67
1575 334.00
1576 492.67
1577 364.67
1578 299.33
1579 331.33
1580 322.00
1581 308.67
1582 191.33
1583 312.67
1584 234.67
1585 355.33
1586 287.33
1587 438.67
1588 352.00
1589 388.67
1590 300.00
1591 229.33
1592 261.33
1593 228.67
1594 340.00
1595 382.00
1596 240.00
1597 328.67
1598 412.00
1599 216.00
1600 180.00
1601 158.67
1602 500.00
1603 271.33
1604 360.00
1605 348.00
1606 298.00
1607 328.00
1608 342.67
1609 430.67
1610 317.33
1611 324.67
1612 328.00
1613 286.67
1614 304.00
1615 314.00
1616 394.00
1617 250.67
1618 270.00
1619 469.33
1620 292.67
1621 361.33
1622 396.67
1623 273.33
1624 302.00
1625 206.67
1626 458.00
1627 492.00
1628 234.00
1629 404.67
1630 228.00
1631 448.67
1632 320.00
1633 325.33
1634 333.33
1635 379.33
1636 272.00
1637 189.33
1638 276.00
1639 220.00
1640 274.67
1641 400.67
1642 164.67
1643 257.33
1644 262.67
1645 244.67
1646 437.33
1647 273.33
1648 295.33
1649 324.00
1650 216.67
1651 339.33
1652 234.00
1653 308.00
1654 306.00
1655 309.33
1656 241.33
1657 250.00
1658 326.67
1659 474.67
1660 214.00
1661 330.00
1662 304.00
1663 204.67
1664 387.33
1665 300.67
1666 282.67
1667 287.33
1668 354.67
1669 315.33
1670 306.67
1671 185.33
1672 262.00
1673 332.67
1674 232.67
1675 320.67
1676 314.67
1677 184.00
1678 372.67
1679 293.33
1680 224.00
1681 486.00
1682 392.00
1683 333.33
1684 238.67
1685 312.67
1686 304.00
1687 356.67
1688 284.00
1689 445.33
1690 468.67
1691 348.67
1692 246.00
1693 261.33
1694 280.00
1695 476.00
1696 256.00
1697 334.67
1698 261.33
1699 378.00
1700 268.67
1701 333.33
1702 434.67
1703 334.00
1704 280.00
1705 302.00
1706 242.67
1707 252.00
1708 338.67
1709 450.67
1710 299.33
1711 318.00
1712 360.00
1713 211.33
1714 356.00
1715 294.00
1716 260.00
1717 306.67
1718 338.67
1719 225.33
1720 309.33
1721 227.33
1722 314.67
1723 252.00
1724 223.33
1725 402.67
1726 253.33
1727 295.33
1728 328.00
1729 386.00
1730 454.00
1731 216.67
1732 278.00
1733 406.00
1734 294.67
1735 360.00
1736 327.33
1737 250.67
1738 232.67
1739 298.67
1740 273.33
1741 474.67
1742 373.33
1743 339.33
1744 424.67
1745 441.33
1746 364.67
1747 267.33
1748 419.33
1749 307.33
1750 497.33
1751 397.33
1752 438.00
1753 267.33
1754 273.33
1755 406.67
1756 492.67
1757 295.33
1758 417.33
1759 403.33
1760 415.33
1761 454.67
1762 422.00
1763 267.33
1764 241.33
1765 298.67
1766 290.67
1767 452.67
1768 286.67
1769 317.33
1770 458.67
1771 387.33
1772 338.00
1773 278.00
1774 361.33
1775 308.00
1776 352.00
1777 494.00
1778 404.00
1779 265.33
1780 226.67
1781 260.67
1782 260.67
1783 263.33
1784 269.33
1785 305.33
1786 269.33
1787 368.00
1788 252.67
1789 293.33
1790 232.67
1791 356.00
1792 346.67
1793 260.00
1794 326.00
1795 186.67
1796 266.67
1797 231.33
1798 238.00
1799 350.67
1800 467.33
1801 398.00
1802 460.00
1803 176.67
1804 198.00
1805 391.33
1806 482.67
1807 412.67
1808 466.67
1809 467.33
1810 142.67
1811 470.00
1812 318.00
1813 300.00
1814 462.67
1815 260.00
1816 291.33
1817 283.33
1818 364.67
1819 210.67
1820 255.33
1821 189.33
1822 210.00
1823 280.67
1824 211.33
1825 370.67
1826 406.67
1827 283.33
1828 266.00
1829 234.67
1830 226.67
1831 196.00
1832 226.00
1833 248.00
1834 276.67
1835 440.00
1836 338.00
1837 272.00
1838 296.00
1839 316.67
1840 284.67
1841 355.33
1842 260.67
1843 333.33
1844 240.00
1845 441.33
1846 234.67
1847 155.33
1848 494.00
1849 399.33
1850 325.33
1851 300.00
1852 487.33
1853 213.33
1854 416.00
1855 388.67
1856 364.00
1857 306.00
1858 308.67
1859 255.33
1860 385.33
1861 270.00
1862 261.33
1863 472.00
1864 357.33
1865 327.33
1866 325.33
1867 408.67
1868 273.33
1869 308.00
1870 484.67
1871 370.67
1872 234.67
1873 353.33
1874 288.00
1875 308.67
1876 374.00
1877 389.33
1878 212.00
1879 296.67
1880 259.33
1881 309.33
1882 394.67
1883 350.67
1884 276.67
1885 341.33
1886 219.33
1887 349.33
1888 328.67
1889 286.67
1890 346.00
1891 374.67
1892 458.67
1893 342.67
1894 322.67
1895 226.67
1896 194.67
1897 224.67
1898 350.67
1899 364.00
1900 266.67
1901 305.33
1902 340.00
1903 322.67
1904 406.00
1905 438.67
1906 422.00
1907 302.00
1908 255.33
1909 456.00
1910 452.00
1911 389.33
1912 333.33
1913 240.00
1914 329.33
1915 258.67
1916 359.33
1917 424.00
1918 366.67
1919 336.00
1920 325.33
1921 255.33
1922 311.33
1923 420.00
1924 375.33
1925 326.00
1926 319.33
1927 436.67
1928 429.33
1929 248.67
1930 328.67
1931 437.33
1932 236.00
1933 403.33
1934 441.33
1935 256.00
1936 381.33
1937 200.67
1938 487.33
1939 388.67
1940 246.67
1941 313.33
1942 402.00
1943 261.33
1944 250.67
1945 205.33
1946 347.33
1947 378.00
1948 413.33
1949 281.33
1950 330.00
1951 257.33
1952 369.33
1953 284.67
1954 418.67
1955 440.00
1956 274.00
1957 367.33
1958 486.00
1959 348.67
1960 261.33
1961 230.00
1962 330.00
1963 394.67
1964 306.00
1965 461.33
1966 384.00
1967 244.67
1968 296.00
1969 314.67
1970 366.67
1971 198.00
1972 280.67
1973 454.00
1974 254.00
1975 270.00
1976 228.67
1977 250.00
1978 344.00
1979 296.00
1980 265.33
1981 462.00
1982 222.67
1983 324.00
1984 217.33
1985 414.67
1986 266.00
1987 334.00
1988 368.00
1989 389.33
1990 261.33
1991 394.67
1992 253.33
1993 441.33
1994 387.33
1995 258.00
1996 366.67
1997 411.33
1998 243.33
1999 342.67
2000 253.33
2001 302.67
2002 384.00
2003 269.33
2004 148.00
2005 266.00
2006 476.67
2007 290.67
2008 367.33
2009 500.00
2010 340.00
2011 320.00
2012 273.33
2013 218.00
2014 442.67
2015 288.00
2016 282.67
2017 343.33
2018 306.67
2019 410.00
2020 346.00
2021 235.33
2022 391.33
2023 318.67
2024 303.33
2025 387.33
2026 312.67
2027 474.00
2028 288.00
2029 237.33
2030 298.67
2031 298.00
2032 406.00
2033 340.00
2034 392.00
2035 342.00
2036 221.33
2037 420.00
2038 290.00
2039 408.00
2040 301.33
2041 417.33
2042 368.67
2043 378.00
2044 352.67
2045 329.33
2046 308.00
2047 177.33
2048 342.00
2049 254.00
2050 326.00
2051 349.33
2052 210.67
2053 272.67
2054 336.00
2055 283.33
2056 283.33
2057 271.33
2058 340.00
2059 366.00
2060 246.00
2061 320.00
2062 298.00
2063 376.00
2064 415.33
2065 275.33
2066 316.67
2067 350.67
2068 220.00
2069 284.67
2070 258.00
2071 324.00
2072 237.33
2073 236.67
2074 294.67
2075 289.33
2076 437.33
2077 292.00
2078 271.33
2079 388.67
2080 326.67
2081 216.00
2082 320.00
2083 258.67
2084 296.00
2085 320.67
2086 371.33
2087 278.67
2088 380.67
2089 360.67
2090 296.67
2091 268.67
2092 343.33
2093 362.00
2094 306.00
2095 319.33
2096 334.00
2097 387.33
2098 284.67
2099 299.33
2100 292.67
2101 356.00
2102 354.67
2103 340.00
2104 370.67
2105 428.67
2106 314.00
2107 268.67
2108 342.67
2109 380.67
2110 348.67
2111 356.00
2112 373.33
2113 266.00
2114 296.00
2115 490.67
2116 321.33
2117 338.67
2118 442.00
2119 334.67
2120 328.00
2121 276.67
2122 310.00
2123 338.00
2124 314.67
2125 306.00
2126 231.33
2127 232.00
2128 244.00
2129 224.67
2130 274.67
2131 294.00
2132 272.67
2133 242.00
2134 269.33
2135 318.67
2136 245.33
2137 366.67
2138 332.67
2139 328.67
2140 294.67
2141 280.67
2142 308.67
2143 334.67
2144 311.33
2145 203.33
2146 380.00
2147 316.67
2148 378.00
2149 304.67
2150 369.33
2151 320.00
2152 366.00
2153 367.33
2154 350.00
2155 328.67
2156 299.33
2157 280.00
2158 286.67
2159 268.67
2160 283.33
2161 296.67
2162 365.33
2163 276.00
2164 469.33
2165 370.67
2166 334.00
2167 232.67
2168 336.67
2169 343.33
2170 298.00
2171 384.67
2172 346.00
2173 491.33
2174 348.00
2175 369.33
2176 304.00
2177 338.67
2178 338.00
2179 408.67
2180 317.33
2181 318.67
2182 321.33
2183 310.67
2184 227.33
2185 440.00
2186 450.67
2187 399.33
2188 222.00
2189 461.33
2190 272.67
2191 383.33
2192 260.00
2193 349.33
2194 404.67
2195 345.33
2196 312.67
2197 350.00
2198 344.67
2199 340.67
2200 336.00
2201 492.00
2202 500.00
2203 246.00
2204 387.33
2205 456.00
2206 480.00
2207 260.00
2208 248.00
2209 403.33
2210 347.33
2211 361.33
2212 384.00
2213 313.33
2214 275.33
2215 305.33
2216 281.33
2217 364.00
2218 364.67
2219 250.67
2220 233.33
2221 289.33
2222 360.00
2223 348.00
2224 266.67
2225 410.67
2226 333.33
2227 470.00
2228 360.67
2229 442.00
2230 243.33
2231 278.00
2232 266.67
2233 272.00
2234 383.33
2235 294.67
2236 410.00
2237 286.00
2238 342.67
2239 423.33
2240 327.33
2241 407.33
2242 241.33
2243 408.67
2244 267.33
2245 252.67
2246 240.67
2247 355.33
2248 446.67
2249 412.00
2250 381.33
2251 369.33
2252 388.67
2253 387.33
2254 233.33
2255 346.67
2256 405.33
2257 281.33
2258 258.67
2259 449.33
2260 444.67
2261 262.67
2262 388.00
2263 342.00
2264 369.33
2265 287.33
2266 299.33
2267 305.33
2268 232.00
2269 169.33
2270 282.67
2271 316.00
2272 252.00
2273 247.33
2274 232.00
2275 260.67
2276 245.33
2277 260.00
2278 211.33
2279 380.67
2280 410.67
2281 254.00
2282 244.00
2283 204.67
2284 382.00
2285 249.33
2286 209.33
2287 272.67
2288 228.67
2289 315.33
2290 417.33
2291 290.00
2292 309.33
2293 250.67
2294 361.33
2295 299.33
2296 496.00
2297 440.67
2298 388.00
2299 384.00
2300 345.33
2301 458.67
2302 283.33
2303 480.00
2304 370.67
2305 355.33
2306 226.00
2307 304.00
2308 272.00
2309 209.33
2310 234.00
2311 496.00
2312 422.00
2313 412.00
2314 284.67
2315 244.67
2316 396.67
2317 273.33
2318 244.67
2319 385.33
2320 317.33
2321 333.33
2322 242.67
2323 375.33
2324 216.67
2325 328.00
2326 412.00
2327 302.67
2328 340.00
2329 312.00
2330 376.67
2331 312.67
2332 346.67
2333 232.00
2334 290.67
2335 396.00
2336 360.00
2337 296.00
2338 325.33
2339 255.33
2340 306.00
2341 224.67
2342 301.33
2343 252.00
2344 148.67
2345 271.33
2346 359.33
2347 272.00
2348 294.00
2349 222.67
2350 349.33
2351 356.67
2352 272.00
2353 330.00
2354 242.00
2355 230.00
2356 342.00
2357 248.00
2358 328.00
2359 269.33
2360 364.67
2361 402.67
2362 370.67
2363 268.67
2364 400.67
2365 251.33
2366 268.67
2367 307.33
2368 465.33
2369 472.67
2370 327.33
2371 250.67
2372 360.00
2373 313.33
2374 460.00
2375 288.00
2376 299.33
2377 311.33
2378 336.00
2379 418.67
2380 462.00
2381 360.67
2382 354.00
2383 460.67
2384 325.33
2385 498.00
2386 461.33
2387 272.00
2388 264.00
2389 485.33
2390 242.00
2391 308.00
2392 236.67
2393 236.00
2394 344.67
2395 336.00
2396 318.67
2397 414.00
2398 271.33
2399 338.00
2400 374.67
2401 374.00
2402 333.33
2403 208.00
2404 310.00
2405 380.67
2406 316.00
2407 394.67
2408 351.33
2409 318.67
2410 220.67
2411 216.67
2412 264.00
2413 311.33
2414 226.67
2415 265.33
2416 306.00
2417 245.33
2418 334.67
2419 226.67
2420 251.33
2421 288.67
2422 274.00
2423 306.00
2424 302.67
2425 466.00
2426 231.33
2427 394.67
2428 325.33
2429 322.00
2430 417.33
2431 390.00
2432 191.33
2433 431.33
2434 379.33
2435 256.67
2436 436.67
2437 361.33
2438 348.00
2439 266.00
2440 270.00
2441 457.33
2442 368.00
2443 305.33
2444 312.67
2445 483.33
2446 466.00
2447 358.00
2448 324.00
2449 397.33
2450 374.00
2451 450.67
2452 296.00
2453 480.00
2454 309.33
2455 304.67
2456 466.67
2457 486.67
2458 388.00
2459 292.00
2460 293.33
2461 438.67
2462 500.00
2463 301.33
2464 292.00
2465 358.67
2466 263.33
2467 354.67
2468 387.33
2469 411.33
2470 226.00
2471 272.67
2472 251.33
2473 356.00
2474 405.33
2475 198.00
2476 382.67
2477 316.67
2478 265.33
2479 278.67
2480 328.67
2481 240.67
2482 313.33
2483 488.67
2484 317.33
2485 244.67
2486 354.67
2487 327.33
2488 198.00
2489 361.33
2490 420.00
2491 251.33
2492 228.00
2493 364.00
2494 326.67
2495 245.33
2496 332.67
2497 452.00
2498 293.33
2499 340.00
2500 226.00
2501 353.33
2502 279.33
2503 347.33
2504 262.67
2505 312.00
2506 295.33
2507 311.33
2508 328.67
2509 291.33
2510 324.00
2511 268.67
2512 337.33
2513 346.00
2514 162.00
2515 206.00
2516 294.00
2517 455.33
2518 278.67
2519 351.33
2520 334.00
2521 264.00
2522 412.67
2523 352.67
2524 255.33
2525 224.67
2526 293.33
2527 338.00
2528 387.33
2529 294.00
2530 234.67
2531 413.33
2532 254.00
2533 411.33
2534 292.67
2535 278.67
2536 252.00
2537 461.33
2538 308.67
2539 326.67
2540 400.67
2541 386.67
2542 352.67
2543 446.67
2544 406.67
2545 483.33
2546 327.33
2547 400.67
2548 280.67
2549 261.33
2550 280.00
2551 420.00
2552 327.33
2553 331.33
2554 356.00
2555 282.00
2556 285.33
2557 296.00
2558 338.00
2559 302.00
2560 343.33
2561 330.67
2562 359.33
2563 497.33
2564 296.67
2565 488.00
2566 376.67
2567 438.00
2568 334.00
2569 349.33
2570 438.67
2571 476.00
2572 418.67
2573 216.00
2574 411.33
2575 343.33
2576 391.33
2577 342.67
2578 300.00
2579 473.33
2580 349.33
2581 398.67
2582 210.00
2583 465.33
2584 284.67
2585 318.67
2586 489.33
2587 395.33
2588 362.67
2589 383.33
2590 264.67
2591 452.00
2592 266.00
2593 312.67
2594 442.00
2595 498.67
2596 283.33
2597 354.00
2598 244.67
2599 285.33
2600 220.00
2601 376.67
2602 216.67
2603 311.33
2604 261.33
2605 324.67
2606 357.33
2607 261.33
2608 214.00
2609 286.00
2610 324.00
2611 293.33
2612 356.00
2613 229.33
2614 370.00
2615 266.67
2616 484.00
2617 479.33
2618 413.33
2619 348.67
2620 475.33
2621 250.67
2622 324.00
2623 443.33
2624 381.33
2625 396.00
2626 250.00
2627 328.67
2628 418.00
2629 218.00
2630 337.33
2631 329.33
2632 363.33
2633 462.00
2634 309.33
2635 391.33
2636 388.00
2637 330.67
2638 236.00
2639 377.33
2640 344.00
2641 334.00
2642 306.00
2643 320.00
2644 480.00
2645 349.33
2646 449.33
2647 376.67
2648 346.00
2649 384.00
2650 480.00
2651 324.67
2652 448.67
2653 302.00
2654 245.33
2655 288.00
2656 371.33
2657 365.33
2658 336.67
2659 292.00
2660 258.67
2661 287.33
2662 450.00
2663 424.00
2664 248.67
2665 364.67
2666 292.67
2667 368.00
2668 306.67
2669 282.00
2670 380.67
2671 288.67
2672 452.00
2673 392.67
2674 377.33
2675 468.67
2676 296.67
2677 271.33
2678 240.67
2679 389.33
2680 263.33
2681 352.67
2682 358.67
2683 339.33
2684 359.33
2685 472.00
2686 478.67
2687 446.00
2688 338.00
2689 372.00
2690 319.33
2691 284.67
2692 500.00
2693 317.33
2694 296.67
2695 423.33
2696 360.67
2697 388.67
2698 399.33
2699 330.67
2700 450.00
2701 304.67
2702 499.33
2703 320.67
2704 316.67
2705 395.33
2706 397.33
2707 389.33
2708 357.33
2709 269.33
2710 318.67
2711 465.33
2712 399.33
2713 398.00
2714 497.33
2715 307.33
2716 370.00
2717 313.33
2718 343.33
2719 424.00
2720 380.67
2721 312.67
2722 338.00
2723 474.67
2724 314.00
2725 460.00
2726 270.67
2727 356.00
2728 364.67
2729 442.00
2730 340.00
2731 432.00
2732 478.00
2733 412.67
2734 354.67
2735 442.00
2736 405.33
2737 402.00
2738 283.33
2739 354.00
2740 264.00
2741 455.33
2742 402.00
2743 224.67
2744 333.33
2745 360.00
2746 494.00
2747 326.00
2748 334.00
2749 415.33
2750 374.00
2751 374.67
2752 359.33
2753 357.33
2754 374.00
2755 351.33
2756 362.67
2757 353.33
2758 356.67
2759 302.00
2760 277.33
2761 383.33
2762 318.00
2763 352.00
2764 316.00
2765 382.00
2766 278.00
2767 328.00
2768 297.33
2769 344.67
2770 430.67
2771 216.00
2772 331.33
2773 440.67
2774 322.00
2775 394.00
2776 382.67
2777 274.00
2778 268.00
2779 415.33
2780 334.67
2781 210.00
2782 314.67
2783 311.33
2784 362.00
2785 316.00
2786 266.67
2787 408.00
2788 324.00
2789 372.67
2790 424.67
2791 287.33
2792 451.33
2793 405.33
2794 336.00
2795 274.67
2796 311.33
2797 330.67
2798 484.00
2799 227.33
2800 480.00
2801 250.67
2802 434.67
2803 260.00
2804 246.67
2805 315.33
2806 370.00
2807 237.33
2808 282.67
2809 320.00
2810 362.00
2811 366.67
2812 348.00
2813 383.33
2814 317.33
2815 234.67
2816 400.00
2817 236.00
2818 344.67
2819 348.00
2820 366.67
2821 360.00
2822 334.00
2823 310.67
2824 266.00
2825 322.00
2826 362.67
2827 364.00
2828 259.33
2829 242.00
2830 500.00
2831 290.67
2832 369.33
2833 416.00
2834 424.00
2835 241.33
2836 358.67
2837 352.67
2838 359.33
2839 288.00
2840 243.33
2841 226.67
2842 271.33
2843 318.00
2844 242.67
2845 244.00
2846 428.67
2847 381.33
2848 422.67
2849 239.33
2850 290.00
2851 309.33
2852 336.00
2853 348.67
2854 332.67
2855 304.67
2856 324.67
2857 390.67
2858 462.67
2859 281.33
2860 203.33
2861 468.00
2862 360.00
2863 402.00
2864 310.00
2865 463.33
2866 399.33
2867 469.33
2868 380.00
2869 457.33
2870 292.00
2871 448.67
2872 447.33
2873 221.33
2874 346.67
2875 340.00
2876 328.00
2877 361.33
2878 199.33
2879 346.67
2880 285.33
2881 341.33
2882 410.67
2883 314.67
2884 445.33
2885 357.33
2886 496.00
2887 290.00
2888 426.67
2889 297.33
2890 348.67
2891 277.33
2892 344.00
2893 258.00
2894 375.33
2895 384.00
2896 490.00
2897 307.33
2898 209.33
2899 414.00
2900 472.67
2901 396.00
2902 345.33
2903 256.67
2904 348.00
2905 280.00
2906 300.00
2907 373.33
2908 500.00
2909 340.00
2910 458.00
2911 300.00
2912 459.33
2913 385.33
2914 326.67
2915 403.33
2916 350.67
2917 354.67
2918 343.33
2919 469.33
2920 350.00
2921 278.00
2922 298.67
2923 285.33
2924 330.00
2925 407.33
2926 450.00
2927 335.33
2928 453.33
2929 257.33
2930 356.67
2931 366.00
2932 322.00
2933 368.67
2934 457.33
2935 386.00
2936 426.67
2937 298.00
2938 449.33
2939 258.00
2940 336.67
2941 463.33
2942 384.00
2943 246.00
2944 374.67
2945 366.67
2946 497.33
2947 500.00
2948 296.67
2949 451.33
2950 488.00
2951 367.33
2952 305.33
2953 254.00
2954 294.67
2955 426.00
2956 369.33
2957 375.33
2958 302.00
2959 312.00
2960 304.67
2961 326.67
2962 316.00
2963 264.00
2964 323.33
2965 500.00
2966 358.67
2967 324.00
2968 437.33
2969 340.00
2970 342.67
2971 224.00
2972 412.00
2973 453.33
2974 344.67
2975 348.00
2976 398.67
2977 274.67
2978 462.00
2979 379.33
2980 340.67
2981 350.00
2982 238.67
2983 298.67
2984 289.33
2985 272.00
2986 342.00
2987 323.33
2988 331.33
2989 335.33
2990 386.00
2991 350.67
2992 408.00
2993 411.33
2994 425.33
2995 399.33
2996 294.00
2997 340.67
2998 452.00
2999 360.00
