0 240.00
1 180.00
2 160.00
3 300.00
4 120.00
5 320.00
6 20.00
7 140.00
8 120.00
9 20.00
10 140.00
11 180.00
12 100.00
13 200.00
14 120.00
15 180.00
16 80.00
17 120.00
18 60.00
19 100.00
20 160.00
21 320.00
22 160.00
23 380.00
24 200.00
25 40.00
26 180.00
27 160.00
28 140.00
29 140.00
30 220.00
31 20.00
32 160.00
33 160.00
34 280.00
35 40.00
36 120.00
37 340.00
38 160.00
39 80.00
40 120.00
41 220.00
42 60.00
43 380.00
44 180.00
45 140.00
46 120.00
47 340.00
48 140.00
49 220.00
50 140.00
51 360.00
52 120.00
53 80.00
54 120.00
55 120.00
56 60.00
57 160.00
58 220.00
59 80.00
60 100.00
61 140.00
62 140.00
63 100.00
64 240.00
65 180.00
66 280.00
67 280.00
68 100.00
69 80.00
70 140.00
71 140.00
72 100.00
73 320.00
74 120.00
75 140.00
76 120.00
77 20.00
78 300.00
79 360.00
80 380.00
81 340.00
82 160.00
83 200.00
84 160.00
85 100.00
86 280.00
87 100.00
88 100.00
89 160.00
90 80.00
91 220.00
92 220.00
93 280.00
94 240.00
95 280.00
96 200.00
97 140.00
98 180.00
99 280.00
100 240.00
101 200.00
102 140.00
103 120.00
104 200.00
105 180.00
106 160.00
107 100.00
108 100.00
109 320.00
110 320.00
111 200.00
112 280.00
113 380.00
114 200.00
115 480.00
116 240.00
117 360.00
118 420.00
119 180.00
120 400.00
121 460.00
122 360.00
123 320.00
124 160.00
125 320.00
126 180.00
127 180.00
128 200.00
129 200.00
130 380.00
131 360.00
132 300.00
133 160.00
134 380.00
135 160.00
136 240.00
137 180.00
138 440.00
139 380.00
140 180.00
141 420.00
142 340.00
143 240.00
144 340.00
145 280.00
146 380.00
147 280.00
148 420.00
149 240.00
150 340.00
151 240.00
152 280.00
153 380.00
154 300.00
155 220.00
156 320.00
157 480.00
158 340.00
159 340.00
160 300.00
161 280.00
162 200.00
163 440.00
164 320.00
165 300.00
166 320.00
167 200.00
168 380.00
169 420.00
170 400.00
171 200.00
172 300.00
173 320.00
174 360.00
175 440.00
176 340.00
177 220.00
178 300.00
179 300.00
180 300.00
181 340.00
182 300.00
183 320.00
184 360.00
185 240.00
186 220.00
187 320.00
188 360.00
189 300.00
190 200.00
191 320.00
192 360.00
193 320.00
194 260.00
195 240.00
196 240.00
197 320.00
198 340.00
199 340.00
200 300.00
201 380.00
202 380.00
203 200.00
204 440.00
205 300.00
206 420.00
207 180.00
208 200.00
209 340.00
210 260.00
211 180.00
212 280.00
213 260.00
214 320.00
215 300.00
216 180.00
217 280.00
218 220.00
219 280.00
220 300.00
221 380.00
222 360.00
223 320.00
224 300.00
225 340.00
226 440.00
227 420.00
228 400.00
229 380.00
230 300.00
231 380.00
232 400.00
233 240.00
234 320.00
235 200.00
236 220.00
237 340.00
238 200.00
239 360.00
240 360.00
241 340.00
242 400.00
243 340.00
244 240.00
245 360.00
246 360.00
247 340.00
248 240.00
249 460.00
250 320.00
251 300.00
252 200.00
253 360.00
254 420.00
255 360.00
256 180.00
257 180.00
258 200.00
259 360.00
260 400.00
261 340.00
262 300.00
263 300.00
264 220.00
265 220.00
266 260.00
267 260.00
268 220.00
269 320.00
270 240.00
271 240.00
272 140.00
273 440.00
274 200.00
275 220.00
276 180.00
277 320.00
278 300.00
279 360.00
280 340.00
281 360.00
282 400.00
283 360.00
284 320.00
285 160.00
286 360.00
287 320.00
288 360.00
289 280.00
290 300.00
291 440.00
292 340.00
293 360.00
294 200.00
295 360.00
296 260.00
297 280.00
298 360.00
299 200.00
300 400.00
301 280.00
302 340.00
303 340.00
304 320.00
305 400.00
306 340.00
307 240.00
308 300.00
309 320.00
310 180.00
311 220.00
312 340.00
313 300.00
314 180.00
315 440.00
316 380.00
317 320.00
318 260.00
319 280.00
320 300.00
321 380.00
322 360.00
323 180.00
324 200.00
325 280.00
326 360.00
327 180.00
328 340.00
329 200.00
330 240.00
331 160.00
332 440.00
333 360.00
334 260.00
335 440.00
336 360.00
337 320.00
338 320.00
339 200.00
340 320.00
341 200.00
342 500.00
343 400.00
344 340.00
345 300.00
346 300.00
347 220.00
348 320.00
349 380.00
350 300.00
351 200.00
352 280.00
353 200.00
354 300.00
355 200.00
356 160.00
357 400.00
358 360.00
359 220.00
360 220.00
361 360.00
362 180.00
363 300.00
364 340.00
365 300.00
366 220.00
367 240.00
368 240.00
369 420.00
370 460.00
371 240.00
372 380.00
373 340.00
374 180.00
375 220.00
376 260.00
377 140.00
378 380.00
379 340.00
380 360.00
381 340.00
382 320.00
383 220.00
384 380.00
385 300.00
386 220.00
387 340.00
388 180.00
389 280.00
390 220.00
391 220.00
392 440.00
393 400.00
394 340.00
395 260.00
396 300.00
397 260.00
398 240.00
399 340.00
400 460.00
401 360.00
402 240.00
403 400.00
404 500.00
405 400.00
406 240.00
407 320.00
408 200.00
409 420.00
410 200.00
411 220.00
412 300.00
413 160.00
414 260.00
415 240.00
416 280.00
417 300.00
418 220.00
419 160.00
420 360.00
421 220.00
422 180.00
423 300.00
424 140.00
425 200.00
426 120.00
427 240.00
428 140.00
429 200.00
430 180.00
431 180.00
432 160.00
433 80.00
434 80.00
435 220.00
436 240.00
437 180.00
438 100.00
439 440.00
440 240.00
441 160.00
442 120.00
443 300.00
444 360.00
445 280.00
446 380.00
447 440.00
448 220.00
449 400.00
450 240.00
451 120.00
452 440.00
453 200.00
454 200.00
455 420.00
456 360.00
457 420.00
458 220.00
459 480.00
460 220.00
461 480.00
462 240.00
463 220.00
464 220.00
465 440.00
466 460.00
467 220.00
468 260.00
469 440.00
470 240.00
471 260.00
472 500.00
473 260.00
474 460.00
475 420.00
476 240.00
477 240.00
478 240.00
479 200.00
480 220.00
481 440.00
482 320.00
483 280.00
484 200.00
485 420.00
486 240.00
487 440.00
488 360.00
489 440.00
490 240.00
491 460.00
492 500.00
493 240.00
494 400.00
495 360.00
496 400.00
497 460.00
498 180.00
499 220.00
500 480.00
501 240.00
502 280.00
503 460.00
504 420.00
505 500.00
506 420.00
507 220.00
508 460.00
509 240.00
510 420.00
511 180.00
512 440.00
513 440.00
514 220.00
515 280.00
516 460.00
517 440.00
518 440.00
519 240.00
520 400.00
521 480.00
522 440.00
523 460.00
524 400.00
525 500.00
526 500.00
527 200.00
528 460.00
529 420.00
530 500.00
531 200.00
532 440.00
533 300.00
534 240.00
535 320.00
536 240.00
537 200.00
538 240.00
539 220.00
540 320.00
541 360.00
542 340.00
543 220.00
544 500.00
545 400.00
546 260.00
547 340.00
548 120.00
549 480.00
550 340.00
551 280.00
552 180.00
553 440.00
554 180.00
555 220.00
556 260.00
557 400.00
558 400.00
559 480.00
560 400.00
561 380.00
562 440.00
563 400.00
564 440.00
565 420.00
566 500.00
567 360.00
568 460.00
569 500.00
570 440.00
571 220.00
572 240.00
573 240.00
574 420.00
575 480.00
576 240.00
577 240.00
578 200.00
579 300.00
580 480.00
581 440.00
582 420.00
583 240.00
584 220.00
585 420.00
586 500.00
587 440.00
588 420.00
589 500.00
590 300.00
591 500.00
592 420.00
593 440.00
594 240.00
595 220.00
596 480.00
597 460.00
598 240.00
599 400.00
600 420.00
601 420.00
602 420.00
603 420.00
604 380.00
605 220.00
606 460.00
607 260.00
608 420.00
609 320.00
610 500.00
611 200.00
612 240.00
613 200.00
614 300.00
615 320.00
616 300.00
617 300.00
618 420.00
619 140.00
620 440.00
621 220.00
622 340.00
623 160.00
624 240.00
625 400.00
626 400.00
627 420.00
628 160.00
629 160.00
630 500.00
631 400.00
632 500.00
633 180.00
634 360.00
635 440.00
636 460.00
637 260.00
638 120.00
639 260.00
640 160.00
641 220.00
642 100.00
643 340.00
644 320.00
645 500.00
646 420.00
647 400.00
648 200.00
649 420.00
650 380.00
651 320.00
652 460.00
653 160.00
654 240.00
655 380.00
656 480.00
657 380.00
658 380.00
659 420.00
660 260.00
661 300.00
662 380.00
663 360.00
664 340.00
665 380.00
666 220.00
667 480.00
668 200.00
669 320.00
670 420.00
671 400.00
672 200.00
673 220.00
674 40.00
675 300.00
676 260.00
677 460.00
678 280.00
679 440.00
680 420.00
681 300.00
682 180.00
683 220.00
684 120.00
685 320.00
686 280.00
687 220.00
688 460.00
689 120.00
690 80.00
691 360.00
692 480.00
693 160.00
694 180.00
695 140.00
696 500.00
697 240.00
698 300.00
699 480.00
700 220.00
701 380.00
702 420.00
703 340.00
704 420.00
705 400.00
706 260.00
707 260.00
708 260.00
709 380.00
710 240.00
711 280.00
712 220.00
713 420.00
714 420.00
715 460.00
716 240.00
717 180.00
718 400.00
719 420.00
720 220.00
721 440.00
722 180.00
723 360.00
724 500.00
725 460.00
726 240.00
727 500.00
728 300.00
729 240.00
730 260.00
731 380.00
732 240.00
733 240.00
734 340.00
735 300.00
736 360.00
737 360.00
738 420.00
739 280.00
740 400.00
741 160.00
742 160.00
743 240.00
744 400.00
745 480.00
746 400.00
747 240.00
748 380.00
749 480.00
750 440.00
751 420.00
752 500.00
753 480.00
754 420.00
755 460.00
756 420.00
757 440.00
758 260.00
759 400.00
760 360.00
761 260.00
762 480.00
763 480.00
764 200.00
765 400.00
766 500.00
767 240.00
768 260.00
769 360.00
770 400.00
771 320.00
772 440.00
773 260.00
774 360.00
775 340.00
776 360.00
777 340.00
778 380.00
779 380.00
780 400.00
781 240.00
782 200.00
783 300.00
784 440.00
785 360.00
786 400.00
787 280.00
788 200.00
789 440.00
790 300.00
791 180.00
792 200.00
793 320.00
794 220.00
795 40.00
796 200.00
797 440.00
798 360.00
799 340.00
800 240.00
801 340.00
802 180.00
803 140.00
804 280.00
805 300.00
806 180.00
807 240.00
808 380.00
809 140.00
810 260.00
811 80.00
812 440.00
813 480.00
814 220.00
815 180.00
816 300.00
817 220.00
818 400.00
819 300.00
820 360.00
821 340.00
822 460.00
823 240.00
824 260.00
825 300.00
826 440.00
827 260.00
828 260.00
829 480.00
830 300.00
831 200.00
832 180.00
833 240.00
834 460.00
835 340.00
836 460.00
837 180.00
838 340.00
839 220.00
840 360.00
841 360.00
842 160.00
843 420.00
844 100.00
845 400.00
846 120.00
847 460.00
848 400.00
849 460.00
850 400.00
851 380.00
852 420.00
853 500.00
854 360.00
855 500.00
856 240.00
857 240.00
858 320.00
859 460.00
860 220.00
861 240.00
862 460.00
863 420.00
864 480.00
865 360.00
866 240.00
867 280.00
868 240.00
869 420.00
870 160.00
871 480.00
872 260.00
873 100.00
874 300.00
875 300.00
876 220.00
877 380.00
878 160.00
879 260.00
880 400.00
881 280.00
882 440.00
883 440.00
884 380.00
885 420.00
886 400.00
887 480.00
888 360.00
889 380.00
890 380.00
891 240.00
892 280.00
893 460.00
894 380.00
895 320.00
896 320.00
897 220.00
898 460.00
899 320.00
900 440.00
901 360.00
902 460.00
903 420.00
904 420.00
905 260.00
906 400.00
907 380.00
908 380.00
909 440.00
910 240.00
911 440.00
912 220.00
913 340.00
914 380.00
915 260.00
916 240.00
917 440.00
918 180.00
919 400.00
920 220.00
921 180.00
922 180.00
923 340.00
924 180.00
925 480.00
926 440.00
927 300.00
928 380.00
929 240.00
930 340.00
931 380.00
932 260.00
933 220.00
934 300.00
935 160.00
936 180.00
937 320.00
938 420.00
939 380.00
940 340.00
941 420.00
942 380.00
943 420.00
944 220.00
945 420.00
946 220.00
947 100.00
948 360.00
949 420.00
950 440.00
951 440.00
952 240.00
953 500.00
954 460.00
955 240.00
956 460.00
957 480.00
958 240.00
959 500.00
960 220.00
961 440.00
962 500.00
963 260.00
964 400.00
965 220.00
966 500.00
967 220.00
968 260.00
969 220.00
970 380.00
971 500.00
972 460.00
973 420.00
974 440.00
975 460.00
976 500.00
977 200.00
978 460.00
979 300.00
980 400.00
981 280.00
982 240.00
983 240.00
984 440.00
985 440.00
986 220.00
987 420.00
988 360.00
989 460.00
990 380.00
991 420.00
992 400.00
993 420.00
994 240.00
995 440.00
996 480.00
997 240.00
998 440.00
999 420.00
1000 480.00
1001 440.00
1002 220.00
1003 420.00
1004 220.00
1005 400.00
1006 480.00
1007 300.00
1008 420.00
1009 360.00
1010 180.00
1011 240.00
1012 420.00
1013 360.00
1014 500.00
1015 220.00
1016 220.00
1017 180.00
1018 400.00
1019 500.00
1020 420.00
1021 440.00
1022 400.00
1023 420.00
1024 460.00
1025 420.00
1026 200.00
1027 380.00
1028 320.00
1029 220.00
1030 240.00
1031 340.00
1032 320.00
1033 140.00
1034 160.00
1035 280.00
1036 340.00
1037 140.00
1038 400.00
1039 420.00
1040 440.00
1041 360.00
1042 120.00
1043 280.00
1044 460.00
1045 460.00
1046 360.00
1047 320.00
1048 200.00
1049 400.00
1050 440.00
1051 460.00
1052 280.00
1053 460.00
1054 420.00
1055 320.00
1056 240.00
1057 220.00
1058 240.00
1059 340.00
1060 340.00
1061 340.00
1062 160.00
1063 360.00
1064 440.00
1065 460.00
1066 340.00
1067 420.00
1068 440.00
1069 480.00
1070 300.00
1071 220.00
1072 200.00
1073 420.00
1074 460.00
1075 500.00
1076 260.00
1077 440.00
1078 380.00
1079 380.00
1080 220.00
1081 200.00
1082 400.00
1083 400.00
1084 340.00
1085 240.00
1086 200.00
1087 380.00
1088 500.00
1089 340.00
1090 380.00
1091 400.00
1092 420.00
1093 420.00
1094 440.00
1095 240.00
1096 400.00
1097 400.00
1098 480.00
1099 460.00
1100 240.00
1101 420.00
1102 480.00
1103 200.00
1104 400.00
1105 240.00
1106 460.00
1107 400.00
1108 440.00
1109 460.00
1110 240.00
1111 460.00
1112 220.00
1113 260.00
1114 300.00
1115 480.00
1116 400.00
1117 200.00
1118 360.00
1119 440.00
1120 420.00
1121 260.00
1122 240.00
1123 320.00
1124 440.00
1125 160.00
1126 420.00
1127 420.00
1128 420.00
1129 260.00
1130 420.00
1131 300.00
1132 200.00
1133 300.00
1134 300.00
1135 400.00
1136 220.00
1137 440.00
1138 440.00
1139 180.00
1140 460.00
1141 160.00
1142 440.00
1143 320.00
1144 460.00
1145 420.00
1146 400.00
1147 180.00
1148 440.00
1149 240.00
1150 400.00
1151 120.00
1152 180.00
1153 440.00
1154 320.00
1155 140.00
1156 140.00
1157 200.00
1158 140.00
1159 440.00
1160 500.00
1161 480.00
1162 440.00
1163 220.00
1164 240.00
1165 460.00
1166 260.00
1167 460.00
1168 220.00
1169 500.00
1170 240.00
1171 220.00
1172 400.00
1173 340.00
1174 180.00
1175 440.00
1176 280.00
1177 160.00
1178 440.00
1179 500.00
1180 420.00
1181 440.00
1182 240.00
1183 340.00
1184 380.00
1185 400.00
1186 200.00
1187 240.00
1188 460.00
1189 480.00
1190 220.00
1191 220.00
1192 440.00
1193 500.00
1194 460.00
1195 300.00
1196 400.00
1197 500.00
1198 200.00
1199 240.00
1200 480.00
1201 420.00
1202 240.00
1203 420.00
1204 340.00
1205 400.00
1206 260.00
1207 380.00
1208 180.00
1209 440.00
1210 460.00
1211 220.00
1212 380.00
1213 380.00
1214 220.00
1215 460.00
1216 240.00
1217 200.00
1218 120.00
1219 420.00
1220 260.00
1221 460.00
1222 220.00
1223 300.00
1224 220.00
1225 380.00
1226 280.00
1227 500.00
1228 460.00
1229 300.00
1230 440.00
1231 440.00
1232 280.00
1233 320.00
1234 200.00
1235 420.00
1236 460.00
1237 440.00
1238 160.00
1239 440.00
1240 380.00
1241 200.00
1242 440.00
1243 320.00
1244 220.00
1245 220.00
1246 440.00
1247 380.00
1248 240.00
1249 340.00
1250 300.00
1251 460.00
1252 300.00
1253 240.00
1254 260.00
1255 460.00
1256 380.00
1257 240.00
1258 440.00
1259 220.00
1260 400.00
1261 440.00
1262 360.00
1263 260.00
1264 440.00
1265 240.00
1266 400.00
1267 500.00
1268 340.00
1269 260.00
1270 180.00
1271 400.00
1272 300.00
1273 260.00
1274 120.00
1275 500.00
1276 280.00
1277 260.00
1278 240.00
1279 200.00
1280 220.00
1281 180.00
1282 360.00
1283 260.00
1284 300.00
1285 280.00
1286 320.00
1287 380.00
1288 480.00
1289 320.00
1290 220.00
1291 280.00
1292 420.00
1293 200.00
1294 180.00
1295 220.00
1296 320.00
1297 340.00
1298 480.00
1299 360.00
1300 220.00
1301 260.00
1302 200.00
1303 180.00
1304 320.00
1305 340.00
1306 380.00
1307 340.00
1308 440.00
1309 200.00
1310 380.00
1311 300.00
1312 300.00
1313 320.00
1314 240.00
1315 360.00
1316 320.00
1317 460.00
1318 500.00
1319 240.00
1320 500.00
1321 240.00
1322 500.00
1323 360.00
1324 460.00
1325 240.00
1326 240.00
1327 360.00
1328 500.00
1329 420.00
1330 300.00
1331 420.00
1332 460.00
1333 440.00
1334 260.00
1335 400.00
1336 260.00
1337 400.00
1338 480.00
1339 280.00
1340 400.00
1341 400.00
1342 280.00
1343 460.00
1344 420.00
1345 440.00
1346 240.00
1347 440.00
1348 320.00
1349 420.00
1350 220.00
1351 340.00
1352 400.00
1353 300.00
1354 300.00
1355 280.00
1356 460.00
1357 220.00
1358 200.00
1359 160.00
1360 280.00
1361 460.00
1362 420.00
1363 420.00
1364 440.00
1365 280.00
1366 280.00
1367 360.00
1368 440.00
1369 220.00
1370 180.00
1371 420.00
1372 280.00
1373 380.00
1374 340.00
1375 260.00
1376 260.00
1377 500.00
1378 280.00
1379 480.00
1380 320.00
1381 340.00
1382 320.00
1383 360.00
1384 480.00
1385 460.00
1386 240.00
1387 480.00
1388 440.00
1389 400.00
1390 220.00
1391 460.00
1392 280.00
1393 220.00
1394 240.00
1395 380.00
1396 260.00
1397 460.00
1398 480.00
1399 300.00
1400 340.00
1401 420.00
1402 420.00
1403 340.00
1404 380.00
1405 340.00
1406 400.00
1407 320.00
1408 340.00
1409 240.00
1410 400.00
1411 240.00
1412 460.00
1413 500.00
1414 240.00
1415 260.00
1416 220.00
1417 420.00
1418 380.00
1419 260.00
1420 420.00
1421 480.00
1422 380.00
1423 400.00
1424 340.00
1425 220.00
1426 260.00
1427 380.00
1428 460.00
1429 360.00
1430 300.00
1431 440.00
1432 240.00
1433 280.00
1434 440.00
1435 260.00
1436 420.00
1437 320.00
1438 400.00
1439 160.00
1440 200.00
1441 360.00
1442 480.00
1443 420.00
1444 180.00
1445 440.00
1446 380.00
1447 440.00
1448 240.00
1449 260.00
1450 400.00
1451 240.00
1452 360.00
1453 100.00
1454 380.00
1455 240.00
1456 340.00
1457 160.00
1458 240.00
1459 440.00
1460 420.00
1461 260.00
1462 480.00
1463 260.00
1464 200.00
1465 340.00
1466 360.00
1467 340.00
1468 220.00
1469 300.00
1470 360.00
1471 440.00
1472 240.00
1473 440.00
1474 280.00
1475 480.00
1476 280.00
1477 360.00
1478 320.00
1479 440.00
1480 200.00
1481 460.00
1482 220.00
1483 240.00
1484 440.00
1485 240.00
1486 480.00
1487 200.00
1488 260.00
1489 300.00
1490 400.00
1491 240.00
1492 320.00
1493 420.00
1494 500.00
1495 400.00
1496 460.00
1497 420.00
1498 220.00
1499 440.00
1500 360.00
1501 500.00
1502 440.00
1503 200.00
1504 220.00
1505 400.00
1506 240.00
1507 320.00
1508 200.00
1509 280.00
1510 260.00
1511 240.00
1512 400.00
1513 200.00
1514 380.00
1515 380.00
1516 120.00
1517 440.00
1518 220.00
1519 380.00
1520 500.00
1521 260.00
1522 160.00
1523 420.00
1524 420.00
1525 460.00
1526 280.00
1527 280.00
1528 200.00
1529 340.00
1530 200.00
1531 200.00
1532 160.00
1533 360.00
1534 160.00
1535 280.00
1536 460.00
1537 340.00
1538 320.00
1539 260.00
1540 240.00
1541 340.00
1542 400.00
1543 480.00
1544 440.00
1545 460.00
1546 220.00
1547 380.00
1548 440.00
1549 340.00
1550 480.00
1551 500.00
1552 240.00
1553 240.00
1554 240.00
1555 300.00
1556 460.00
1557 220.00
1558 160.00
1559 420.00
1560 320.00
1561 460.00
1562 500.00
1563 420.00
1564 500.00
1565 480.00
1566 380.00
1567 260.00
1568 240.00
1569 400.00
1570 260.00
1571 400.00
1572 340.00
1573 320.00
1574 200.00
1575 280.00
1576 480.00
1577 380.00
1578 400.00
1579 340.00
1580 260.00
1581 440.00
1582 120.00
1583 320.00
1584 300.00
1585 360.00
1586 260.00
1587 480.00
1588 360.00
1589 380.00
1590 300.00
1591 220.00
1592 240.00
1593 140.00
1594 300.00
1595 400.00
1596 180.00
1597 320.00
1598 440.00
1599 200.00
1600 180.00
1601 160.00
1602 500.00
1603 220.00
1604 340.00
1605 340.00
1606 400.00
1607 400.00
1608 240.00
1609 440.00
1610 300.00
1611 380.00
1612 320.00
1613 340.00
1614 300.00
1615 420.00
1616 440.00
1617 240.00
1618 240.00
1619 500.00
1620 320.00
1621 420.00
1622 400.00
1623 220.00
1624 320.00
1625 200.00
1626 480.00
1627 500.00
1628 240.00
1629 400.00
1630 220.00
1631 380.00
1632 100.00
1633 360.00
1634 300.00
1635 400.00
1636 320.00
1637 120.00
1638 220.00
1639 220.00
1640 380.00
1641 440.00
1642 200.00
1643 300.00
1644 280.00
1645 320.00
1646 440.00
1647 280.00
1648 320.00
1649 380.00
1650 220.00
1651 340.00
1652 180.00
1653 360.00
1654 180.00
1655 180.00
1656 200.00
1657 200.00
1658 500.00
1659 500.00
1660 220.00
1661 380.00
1662 240.00
1663 400.00
1664 440.00
1665 420.00
1666 280.00
1667 440.00
1668 420.00
1669 380.00
1670 460.00
1671 260.00
1672 260.00
1673 380.00
1674 240.00
1675 420.00
1676 400.00
1677 220.00
1678 400.00
1679 320.00
1680 200.00
1681 500.00
1682 400.00
1683 440.00
1684 240.00
1685 300.00
1686 300.00
1687 340.00
1688 260.00
1689 440.00
1690 460.00
1691 400.00
1692 200.00
1693 280.00
1694 260.00
1695 480.00
1696 240.00
1697 460.00
1698 400.00
1699 380.00
1700 240.00
1701 360.00
1702 460.00
1703 380.00
1704 440.00
1705 300.00
1706 260.00
1707 140.00
1708 340.00
1709 460.00
1710 400.00
1711 460.00
1712 420.00
1713 220.00
1714 380.00
1715 280.00
1716 400.00
1717 300.00
1718 220.00
1719 400.00
1720 340.00
1721 180.00
1722 360.00
1723 420.00
1724 220.00
1725 500.00
1726 200.00
1727 340.00
1728 340.00
1729 380.00
1730 460.00
1731 180.00
1732 300.00
1733 200.00
1734 460.00
1735 220.00
1736 340.00
1737 420.00
1738 220.00
1739 300.00
1740 200.00
1741 480.00
1742 460.00
1743 340.00
1744 360.00
1745 440.00
1746 340.00
1747 260.00
1748 420.00
1749 220.00
1750 500.00
1751 420.00
1752 440.00
1753 220.00
1754 440.00
1755 420.00
1756 500.00
1757 220.00
1758 240.00
1759 420.00
1760 380.00
1761 380.00
1762 480.00
1763 200.00
1764 380.00
1765 300.00
1766 260.00
1767 340.00
1768 280.00
1769 360.00
1770 460.00
1771 380.00
1772 320.00
1773 460.00
1774 420.00
1775 240.00
1776 380.00
1777 500.00
1778 460.00
1779 120.00
1780 240.00
1781 200.00
1782 260.00
1783 360.00
1784 440.00
1785 340.00
1786 320.00
1787 220.00
1788 280.00
1789 260.00
1790 420.00
1791 340.00
1792 360.00
1793 240.00
1794 340.00
1795 120.00
1796 440.00
1797 260.00
1798 220.00
1799 400.00
1800 480.00
1801 480.00
1802 500.00
1803 160.00
1804 240.00
1805 380.00
1806 480.00
1807 400.00
1808 460.00
1809 440.00
1810 140.00
1811 480.00
1812 320.00
1813 300.00
1814 460.00
1815 260.00
1816 400.00
1817 260.00
1818 400.00
1819 280.00
1820 400.00
1821 220.00
1822 220.00
1823 280.00
1824 200.00
1825 400.00
1826 420.00
1827 280.00
1828 280.00
1829 220.00
1830 220.00
1831 140.00
1832 240.00
1833 380.00
1834 260.00
1835 480.00
1836 460.00
1837 360.00
1838 360.00
1839 480.00
1840 300.00
1841 420.00
1842 260.00
1843 460.00
1844 240.00
1845 440.00
1846 240.00
1847 200.00
1848 500.00
1849 340.00
1850 320.00
1851 300.00
1852 500.00
1853 340.00
1854 440.00
1855 420.00
1856 320.00
1857 340.00
1858 240.00
1859 180.00
1860 400.00
1861 280.00
1862 300.00
1863 460.00
1864 360.00
1865 380.00
1866 320.00
1867 380.00
1868 220.00
1869 200.00
1870 500.00
1871 400.00
1872 220.00
1873 380.00
1874 360.00
1875 360.00
1876 420.00
1877 420.00
1878 140.00
1879 200.00
1880 220.00
1881 420.00
1882 420.00
1883 360.00
1884 340.00
1885 380.00
1886 180.00
1887 280.00
1888 280.00
1889 200.00
1890 160.00
1891 380.00
1892 420.00
1893 360.00
1894 300.00
1895 240.00
1896 360.00
1897 180.00
1898 380.00
1899 180.00
1900 280.00
1901 220.00
1902 380.00
1903 340.00
1904 500.00
1905 440.00
1906 440.00
1907 260.00
1908 320.00
1909 460.00
1910 480.00
1911 420.00
1912 340.00
1913 240.00
1914 240.00
1915 200.00
1916 240.00
1917 340.00
1918 380.00
1919 420.00
1920 480.00
1921 460.00
1922 240.00
1923 460.00
1924 420.00
1925 460.00
1926 200.00
1927 440.00
1928 480.00
1929 240.00
1930 360.00
1931 480.00
1932 220.00
1933 420.00
1934 460.00
1935 340.00
1936 420.00
1937 220.00
1938 460.00
1939 400.00
1940 240.00
1941 320.00
1942 440.00
1943 220.00
1944 220.00
1945 200.00
1946 180.00
1947 220.00
1948 360.00
1949 140.00
1950 380.00
1951 220.00
1952 480.00
1953 320.00
1954 420.00
1955 440.00
1956 140.00
1957 200.00
1958 500.00
1959 420.00
1960 240.00
1961 240.00
1962 460.00
1963 480.00
1964 240.00
1965 460.00
1966 440.00
1967 220.00
1968 280.00
1969 200.00
1970 460.00
1971 200.00
1972 240.00
1973 500.00
1974 260.00
1975 240.00
1976 160.00
1977 180.00
1978 460.00
1979 420.00
1980 200.00
1981 480.00
1982 500.00
1983 420.00
1984 240.00
1985 440.00
1986 240.00
1987 420.00
1988 400.00
1989 420.00
1990 240.00
1991 440.00
1992 240.00
1993 440.00
1994 220.00
1995 220.00
1996 460.00
1997 360.00
1998 380.00
1999 320.00
2000 320.00
2001 280.00
2002 320.00
2003 280.00
2004 120.00
2005 380.00
2006 460.00
2007 200.00
2008 360.00
2009 500.00
2010 380.00
2011 320.00
2012 360.00
2013 280.00
2014 480.00
2015 340.00
2016 320.00
2017 380.00
2018 440.00
2019 460.00
2020 420.00
2021 240.00
2022 400.00
2023 340.00
2024 380.00
2025 420.00
2026 460.00
2027 480.00
2028 240.00
2029 220.00
2030 260.00
2031 320.00
2032 400.00
2033 220.00
2034 360.00
2035 340.00
2036 180.00
2037 400.00
2038 360.00
2039 420.00
2040 300.00
2041 440.00
2042 340.00
2043 240.00
2044 380.00
2045 380.00
2046 380.00
2047 140.00
2048 320.00
2049 160.00
2050 260.00
2051 300.00
2052 180.00
2053 280.00
2054 260.00
2055 340.00
2056 340.00
2057 180.00
2058 280.00
2059 380.00
2060 160.00
2061 160.00
2062 380.00
2063 480.00
2064 360.00
2065 380.00
2066 420.00
2067 460.00
2068 200.00
2069 400.00
2070 240.00
2071 400.00
2072 220.00
2073 200.00
2074 380.00
2075 200.00
2076 500.00
2077 180.00
2078 340.00
2079 380.00
2080 340.00
2081 100.00
2082 360.00
2083 360.00
2084 380.00
2085 360.00
2086 380.00
2087 260.00
2088 340.00
2089 380.00
2090 420.00
2091 160.00
2092 400.00
2093 400.00
2094 320.00
2095 380.00
2096 400.00
2097 360.00
2098 380.00
2099 380.00
2100 380.00
2101 420.00
2102 380.00
2103 400.00
2104 400.00
2105 460.00
2106 240.00
2107 240.00
2108 400.00
2109 420.00
2110 360.00
2111 340.00
2112 420.00
2113 320.00
2114 360.00
2115 460.00
2116 280.00
2117 340.00
2118 460.00
2119 360.00
2120 380.00
2121 260.00
2122 400.00
2123 400.00
2124 140.00
2125 340.00
2126 200.00
2127 180.00
2128 200.00
2129 200.00
2130 240.00
2131 300.00
2132 340.00
2133 200.00
2134 200.00
2135 260.00
2136 300.00
2137 200.00
2138 280.00
2139 360.00
2140 140.00
2141 240.00
2142 380.00
2143 400.00
2144 400.00
2145 180.00
2146 400.00
2147 280.00
2148 420.00
2149 340.00
2150 400.00
2151 300.00
2152 460.00
2153 360.00
2154 400.00
2155 320.00
2156 280.00
2157 340.00
2158 340.00
2159 340.00
2160 360.00
2161 300.00
2162 420.00
2163 300.00
2164 500.00
2165 260.00
2166 360.00
2167 200.00
2168 400.00
2169 360.00
2170 340.00
2171 480.00
2172 380.00
2173 500.00
2174 380.00
2175 340.00
2176 380.00
2177 380.00
2178 380.00
2179 380.00
2180 340.00
2181 400.00
2182 340.00
2183 380.00
2184 180.00
2185 460.00
2186 480.00
2187 460.00
2188 140.00
2189 480.00
2190 260.00
2191 280.00
2192 380.00
2193 400.00
2194 440.00
2195 420.00
2196 220.00
2197 340.00
2198 420.00
2199 380.00
2200 400.00
2201 500.00
2202 500.00
2203 200.00
2204 420.00
2205 460.00
2206 480.00
2207 260.00
2208 240.00
2209 400.00
2210 300.00
2211 320.00
2212 360.00
2213 360.00
2214 260.00
2215 280.00
2216 180.00
2217 320.00
2218 380.00
2219 180.00
2220 280.00
2221 280.00
2222 300.00
2223 340.00
2224 260.00
2225 480.00
2226 440.00
2227 480.00
2228 400.00
2229 500.00
2230 180.00
2231 280.00
2232 340.00
2233 200.00
2234 420.00
2235 260.00
2236 460.00
2237 280.00
2238 280.00
2239 400.00
2240 340.00
2241 400.00
2242 200.00
2243 400.00
2244 200.00
2245 180.00
2246 240.00
2247 380.00
2248 460.00
2249 420.00
2250 360.00
2251 400.00
2252 400.00
2253 340.00
2254 320.00
2255 360.00
2256 460.00
2257 320.00
2258 480.00
2259 440.00
2260 500.00
2261 180.00
2262 440.00
2263 460.00
2264 460.00
2265 200.00
2266 400.00
2267 440.00
2268 240.00
2269 180.00
2270 280.00
2271 360.00
2272 280.00
2273 340.00
2274 180.00
2275 160.00
2276 160.00
2277 260.00
2278 340.00
2279 420.00
2280 380.00
2281 180.00
2282 300.00
2283 380.00
2284 420.00
2285 240.00
2286 200.00
2287 280.00
2288 420.00
2289 380.00
2290 460.00
2291 420.00
2292 280.00
2293 460.00
2294 420.00
2295 400.00
2296 500.00
2297 440.00
2298 460.00
2299 460.00
2300 200.00
2301 500.00
2302 240.00
2303 500.00
2304 400.00
2305 460.00
2306 240.00
2307 380.00
2308 160.00
2309 260.00
2310 200.00
2311 500.00
2312 420.00
2313 460.00
2314 400.00
2315 240.00
2316 460.00
2317 260.00
2318 220.00
2319 420.00
2320 300.00
2321 360.00
2322 380.00
2323 220.00
2324 200.00
2325 360.00
2326 380.00
2327 340.00
2328 180.00
2329 440.00
2330 440.00
2331 460.00
2332 460.00
2333 240.00
2334 220.00
2335 460.00
2336 240.00
2337 320.00
2338 380.00
2339 240.00
2340 320.00
2341 240.00
2342 420.00
2343 360.00
2344 100.00
2345 260.00
2346 460.00
2347 300.00
2348 340.00
2349 380.00
2350 460.00
2351 240.00
2352 260.00
2353 440.00
2354 280.00
2355 200.00
2356 420.00
2357 240.00
2358 420.00
2359 360.00
2360 380.00
2361 420.00
2362 440.00
2363 360.00
2364 460.00
2365 260.00
2366 200.00
2367 180.00
2368 400.00
2369 500.00
2370 200.00
2371 160.00
2372 380.00
2373 220.00
2374 480.00
2375 340.00
2376 340.00
2377 360.00
2378 260.00
2379 400.00
2380 460.00
2381 200.00
2382 420.00
2383 480.00
2384 180.00
2385 500.00
2386 420.00
2387 260.00
2388 220.00
2389 500.00
2390 240.00
2391 180.00
2392 200.00
2393 280.00
2394 320.00
2395 320.00
2396 340.00
2397 420.00
2398 240.00
2399 220.00
2400 380.00
2401 360.00
2402 340.00
2403 220.00
2404 320.00
2405 380.00
2406 340.00
2407 380.00
2408 380.00
2409 280.00
2410 200.00
2411 220.00
2412 380.00
2413 280.00
2414 240.00
2415 220.00
2416 380.00
2417 260.00
2418 360.00
2419 280.00
2420 220.00
2421 220.00
2422 200.00
2423 200.00
2424 160.00
2425 460.00
2426 240.00
2427 420.00
2428 340.00
2429 260.00
2430 340.00
2431 380.00
2432 140.00
2433 460.00
2434 280.00
2435 260.00
2436 400.00
2437 360.00
2438 320.00
2439 360.00
2440 240.00
2441 440.00
2442 400.00
2443 460.00
2444 440.00
2445 500.00
2446 480.00
2447 420.00
2448 420.00
2449 240.00
2450 420.00
2451 460.00
2452 220.00
2453 480.00
2454 360.00
2455 480.00
2456 480.00
2457 500.00
2458 400.00
2459 220.00
2460 240.00
2461 440.00
2462 500.00
2463 380.00
2464 220.00
2465 360.00
2466 240.00
2467 320.00
2468 380.00
2469 380.00
2470 240.00
2471 300.00
2472 240.00
2473 340.00
2474 380.00
2475 120.00
2476 400.00
2477 400.00
2478 200.00
2479 280.00
2480 380.00
2481 240.00
2482 400.00
2483 500.00
2484 380.00
2485 280.00
2486 360.00
2487 380.00
2488 200.00
2489 420.00
2490 420.00
2491 260.00
2492 180.00
2493 400.00
2494 360.00
2495 220.00
2496 340.00
2497 500.00
2498 400.00
2499 280.00
2500 200.00
2501 340.00
2502 240.00
2503 360.00
2504 280.00
2505 360.00
2506 300.00
2507 240.00
2508 320.00
2509 360.00
2510 320.00
2511 440.00
2512 380.00
2513 420.00
2514 160.00
2515 140.00
2516 380.00
2517 480.00
2518 220.00
2519 460.00
2520 400.00
2521 240.00
2522 480.00
2523 420.00
2524 380.00
2525 220.00
2526 260.00
2527 380.00
2528 340.00
2529 360.00
2530 240.00
2531 420.00
2532 260.00
2533 340.00
2534 380.00
2535 260.00
2536 380.00
2537 500.00
2538 180.00
2539 300.00
2540 400.00
2541 420.00
2542 400.00
2543 440.00
2544 380.00
2545 500.00
2546 240.00
2547 460.00
2548 280.00
2549 260.00
2550 440.00
2551 420.00
2552 420.00
2553 200.00
2554 440.00
2555 360.00
2556 280.00
2557 360.00
2558 320.00
2559 420.00
2560 240.00
2561 460.00
2562 320.00
2563 500.00
2564 260.00
2565 500.00
2566 380.00
2567 460.00
2568 400.00
2569 420.00
2570 300.00
2571 460.00
2572 440.00
2573 200.00
2574 420.00
2575 340.00
2576 240.00
2577 420.00
2578 440.00
2579 480.00
2580 320.00
2581 440.00
2582 140.00
2583 460.00
2584 420.00
2585 380.00
2586 500.00
2587 440.00
2588 220.00
2589 380.00
2590 220.00
2591 460.00
2592 400.00
2593 260.00
2594 440.00
2595 500.00
2596 320.00
2597 280.00
2598 400.00
2599 360.00
2600 220.00
2601 420.00
2602 220.00
2603 320.00
2604 260.00
2605 320.00
2606 360.00
2607 240.00
2608 220.00
2609 260.00
2610 320.00
2611 280.00
2612 380.00
2613 240.00
2614 460.00
2615 420.00
2616 500.00
2617 500.00
2618 440.00
2619 360.00
2620 480.00
2621 300.00
2622 400.00
2623 440.00
2624 460.00
2625 420.00
2626 220.00
2627 340.00
2628 420.00
2629 260.00
2630 380.00
2631 320.00
2632 360.00
2633 460.00
2634 240.00
2635 400.00
2636 360.00
2637 380.00
2638 380.00
2639 380.00
2640 400.00
2641 260.00
2642 360.00
2643 340.00
2644 480.00
2645 420.00
2646 440.00
2647 380.00
2648 360.00
2649 400.00
2650 480.00
2651 400.00
2652 440.00
2653 180.00
2654 260.00
2655 300.00
2656 340.00
2657 360.00
2658 380.00
2659 320.00
2660 280.00
2661 400.00
2662 460.00
2663 420.00
2664 220.00
2665 380.00
2666 300.00
2667 400.00
2668 200.00
2669 300.00
2670 400.00
2671 260.00
2672 460.00
2673 440.00
2674 400.00
2675 480.00
2676 260.00
2677 340.00
2678 160.00
2679 400.00
2680 240.00
2681 240.00
2682 380.00
2683 380.00
2684 440.00
2685 500.00
2686 480.00
2687 460.00
2688 420.00
2689 380.00
2690 400.00
2691 240.00
2692 500.00
2693 240.00
2694 240.00
2695 440.00
2696 360.00
2697 440.00
2698 440.00
2699 280.00
2700 440.00
2701 260.00
2702 500.00
2703 400.00
2704 360.00
2705 360.00
2706 440.00
2707 380.00
2708 380.00
2709 260.00
2710 400.00
2711 480.00
2712 240.00
2713 380.00
2714 500.00
2715 340.00
2716 420.00
2717 380.00
2718 340.00
2719 420.00
2720 360.00
2721 340.00
2722 360.00
2723 500.00
2724 280.00
2725 460.00
2726 220.00
2727 360.00
2728 360.00
2729 460.00
2730 220.00
2731 420.00
2732 460.00
2733 280.00
2734 300.00
2735 440.00
2736 420.00
2737 420.00
2738 280.00
2739 360.00
2740 260.00
2741 460.00
2742 440.00
2743 240.00
2744 360.00
2745 340.00
2746 500.00
2747 360.00
2748 360.00
2749 440.00
2750 400.00
2751 400.00
2752 360.00
2753 400.00
2754 380.00
2755 320.00
2756 420.00
2757 340.00
2758 400.00
2759 260.00
2760 260.00
2761 360.00
2762 320.00
2763 380.00
2764 300.00
2765 440.00
2766 260.00
2767 340.00
2768 240.00
2769 420.00
2770 460.00
2771 240.00
2772 380.00
2773 460.00
2774 320.00
2775 360.00
2776 380.00
2777 240.00
2778 240.00
2779 460.00
2780 360.00
2781 220.00
2782 380.00
2783 320.00
2784 400.00
2785 480.00
2786 240.00
2787 460.00
2788 380.00
2789 440.00
2790 480.00
2791 360.00
2792 480.00
2793 460.00
2794 440.00
2795 220.00
2796 380.00
2797 320.00
2798 500.00
2799 200.00
2800 480.00
2801 240.00
2802 440.00
2803 260.00
2804 220.00
2805 300.00
2806 380.00
2807 200.00
2808 220.00
2809 220.00
2810 300.00
2811 320.00
2812 320.00
2813 400.00
2814 260.00
2815 240.00
2816 400.00
2817 200.00
2818 380.00
2819 280.00
2820 400.00
2821 320.00
2822 220.00
2823 300.00
2824 280.00
2825 260.00
2826 360.00
2827 360.00
2828 220.00
2829 80.00
2830 500.00
2831 300.00
2832 420.00
2833 420.00
2834 420.00
2835 240.00
2836 320.00
2837 480.00
2838 340.00
2839 380.00
2840 360.00
2841 200.00
2842 240.00
2843 360.00
2844 240.00
2845 280.00
2846 440.00
2847 380.00
2848 440.00
2849 200.00
2850 260.00
2851 320.00
2852 400.00
2853 380.00
2854 340.00
2855 240.00
2856 240.00
2857 380.00
2858 460.00
2859 380.00
2860 140.00
2861 480.00
2862 440.00
2863 460.00
2864 360.00
2865 460.00
2866 400.00
2867 480.00
2868 380.00
2869 480.00
2870 220.00
2871 440.00
2872 460.00
2873 220.00
2874 400.00
2875 400.00
2876 400.00
2877 340.00
2878 200.00
2879 380.00
2880 380.00
2881 340.00
2882 420.00
2883 320.00
2884 440.00
2885 460.00
2886 500.00
2887 440.00
2888 440.00
2889 400.00
2890 440.00
2891 440.00
2892 200.00
2893 260.00
2894 440.00
2895 420.00
2896 500.00
2897 220.00
2898 160.00
2899 460.00
2900 440.00
2901 420.00
2902 220.00
2903 260.00
2904 280.00
2905 240.00
2906 260.00
2907 380.00
2908 500.00
2909 340.00
2910 460.00
2911 420.00
2912 460.00
2913 400.00
2914 340.00
2915 440.00
2916 340.00
2917 360.00
2918 360.00
2919 460.00
2920 460.00
2921 240.00
2922 300.00
2923 160.00
2924 380.00
2925 400.00
2926 440.00
2927 240.00
2928 440.00
2929 260.00
2930 340.00
2931 420.00
2932 280.00
2933 380.00
2934 440.00
2935 380.00
2936 420.00
2937 420.00
2938 420.00
2939 200.00
2940 200.00
2941 420.00
2942 360.00
2943 220.00
2944 380.00
2945 460.00
2946 500.00
2947 500.00
2948 260.00
2949 460.00
2950 500.00
2951 400.00
2952 420.00
2953 220.00
2954 360.00
2955 420.00
2956 360.00
2957 420.00
2958 380.00
2959 400.00
2960 460.00
2961 400.00
2962 240.00
2963 260.00
2964 400.00
2965 500.00
2966 380.00
2967 380.00
2968 440.00
2969 340.00
2970 400.00
2971 180.00
2972 440.00
2973 460.00
2974 300.00
2975 460.00
2976 400.00
2977 280.00
2978 460.00
2979 380.00
2980 400.00
2981 400.00
2982 240.00
2983 220.00
2984 400.00
2985 420.00
2986 340.00
2987 400.00
2988 320.00
2989 440.00
2990 400.00
2991 380.00
2992 400.00
2993 400.00
2994 340.00
2995 420.00
2996 220.00
2997 380.00
2998 460.00
2999 380.00
