0 159.33
30 165.33
60 179.33
90 231.33
120 296.00
150 319.33
180 304.67
210 305.33
240 305.33
270 300.00
300 298.67
330 300.00
360 290.00
390 296.67
420 228.67
450 312.00
480 351.33
510 357.33
540 360.67
570 360.00
600 320.00
630 338.67
660 296.67
690 318.00
720 332.00
750 378.67
780 276.00
810 306.67
840 347.33
870 332.67
900 334.67
930 342.00
960 362.00
990 361.33
1020 328.67
1050 358.67
1080 366.67
1110 330.67
1140 327.33
1170 342.67
1200 334.67
1230 336.00
1260 316.00
1290 310.67
1320 378.00
1350 328.67
1380 356.00
1410 344.67
1440 316.00
1470 350.00
1500 316.67
1530 324.67
1560 354.67
1590 314.67
1620 316.00
1650 328.00
1680 345.33
1710 328.67
1740 356.67
1770 326.67
1800 341.33
1830 339.33
1860 326.00
1890 330.00
1920 340.00
1950 330.00
1980 343.33
2010 354.00
2040 309.33
2070 330.00
2100 338.00
2130 313.33
2160 368.67
2190 344.67
2220 336.00
2250 338.67
2280 360.67
2310 340.00
2340 336.67
2370 318.00
2400 297.33
2430 378.67
2460 330.00
2490 325.33
2520 350.67
2550 378.00
2580 339.33
2610 376.67
2640 355.33
2670 370.00
2700 379.33
2730 368.00
2760 351.33
2790 330.00
2820 325.33
2850 364.67
2880 367.33
2910 368.67
2940 381.33
2970 370.67
