0 240.20
30 236.15
60 236.32
90 241.30
120 247.45
150 250.53
180 266.75
210 299.35
240 296.67
270 297.34
300 307.50
330 312.15
360 313.54
390 344.85
420 362.97
450 361.34
480 361.77
510 363.05
540 362.44
570 366.31
600 379.29
630 384.15
660 380.58
690 384.87
720 376.15
750 379.07
780 372.37
810 369.55
840 371.09
870 370.03
900 368.94
930 365.95
960 368.40
990 369.77
1020 376.53
1050 377.00
1080 377.79
1110 379.56
1140 376.87
1170 378.04
1200 392.20
1230 395.62
1260 390.63
1290 390.42
1320 383.83
1350 386.80
1380 393.59
1410 397.12
1440 391.13
1470 383.95
1500 381.15
1530 386.43
1560 394.00
1590 381.59
1620 371.37
1650 367.55
1680 364.96
1710 367.83
1740 370.75
1770 374.40
1800 396.09
1830 398.77
1860 400.01
1890 402.55
1920 399.68
1950 397.29
1980 395.34
2010 383.13
2040 379.86
2070 375.89
2100 380.47
2130 386.09
2160 388.27
2190 378.17
2220 373.66
2250 374.53
2280 374.63
2310 375.52
2340 373.85
2370 374.22
2400 387.47
2430 386.15
2460 379.19
2490 377.09
2520 378.08
2550 383.15
2580 389.57
2610 386.26
2640 384.01
2670 385.94
2700 388.09
2730 393.47
2760 391.20
2790 391.79
2820 396.61
2850 396.90
2880 392.01
2910 390.09
2940 387.15
2970 392.45
