0 163.47
30 167.89
60 178.38
90 173.87
120 184.82
150 186.64
180 228.53
210 279.49
240 285.16
270 306.42
300 265.31
330 271.29
360 260.91
390 294.31
420 321.47
450 311.18
480 328.60
510 311.71
540 308.96
570 314.51
600 359.02
630 338.89
660 339.91
690 380.09
720 316.49
750 341.42
780 346.56
810 392.40
840 382.51
870 304.00
900 346.04
930 295.07
960 340.42
990 352.07
1020 350.82
1050 333.53
1080 362.73
1110 364.80
1140 379.47
1170 349.53
1200 332.62
1230 333.89
1260 347.91
1290 332.60
1320 330.96
1350 360.18
1380 347.18
1410 352.62
1440 391.82
1470 345.40
1500 324.27
1530 342.07
1560 352.87
1590 349.33
1620 308.91
1650 355.69
1680 346.16
1710 346.91
1740 374.40
1770 342.78
1800 348.73
1830 338.67
1860 339.49
1890 340.73
1920 337.47
1950 359.84
1980 390.96
2010 321.51
2040 329.56
2070 360.40
2100 341.82
2130 354.69
2160 326.64
2190 368.60
2220 324.51
2250 354.04
2280 360.82
2310 339.51
2340 356.80
2370 352.36
2400 382.53
2430 318.73
2460 351.22
2490 361.13
2520 341.11
2550 347.64
2580 331.33
2610 359.27
2640 332.58
2670 343.20
2700 361.22
2730 369.91
2760 359.33
2790 355.87
2820 376.02
2850 348.29
2880 269.04
2910 333.18
2940 356.04
2970 388.38
