0 -0.26
1 -0.29
2 -0.15
3 -0.08
4 -0.26
5 -0.28
6 -0.25
7 0.49
8 -0.32
9 -0.31
10 0.49
11 0.49
12 -0.32
13 0.49
14 0.49
15 0.49
16 0.49
17 0.49
18 0.49
19 0.49
20 -0.19
21 0.49
22 0.38
23 -0.31
24 -0.24
25 0.46
26 0.46
27 -0.10
28 -0.29
29 0.49
30 -0.38
31 0.49
32 0.49
33 -0.34
34 -0.29
35 -0.31
36 0.12
37 0.46
38 0.13
39 0.49
40 0.49
41 0.49
42 -0.34
43 0.49
44 -0.40
45 -0.26
46 -0.29
47 -0.31
48 -0.24
49 -0.20
50 -0.23
51 -0.31
52 -0.34
53 -0.21
54 -0.28
55 -0.14
56 -0.34
57 -0.11
58 -0.18
59 -0.18
60 0.49
61 -0.36
62 0.49
63 0.49
64 -0.21
65 -0.25
66 0.26
67 0.49
68 0.44
69 0.46
70 0.44
71 0.46
72 0.49
73 -0.29
74 0.46
75 0.12
76 0.49
77 0.49
78 0.49
79 0.38
80 -0.38
81 -0.36
82 0.49
83 0.49
84 0.49
85 0.49
86 0.49
87 0.46
88 0.46
89 -0.29
90 -0.31
91 0.49
92 0.49
93 -0.38
94 -0.31
95 -0.31
96 -0.21
97 0.46
98 0.44
99 0.49
100 0.49
101 0.44
102 0.49
103 -0.12
104 0.49
105 -0.23
106 0.49
107 -0.34
108 0.49
109 0.40
110 0.44
111 0.49
112 0.49
113 -0.32
114 -0.12
115 0.46
116 0.49
117 0.49
118 0.49
119 0.46
120 0.49
121 -0.16
122 0.49
123 -0.32
124 -0.32
125 0.49
126 0.49
127 0.44
128 0.49
129 0.49
130 -0.32
131 -0.28
132 0.49
133 0.49
134 -0.31
135 0.42
136 0.49
137 0.44
138 0.49
139 0.46
140 0.49
141 -0.24
142 0.49
143 -0.32
144 -0.09
145 -0.23
146 -0.06
147 -0.17
148 -0.26
149 -0.24
150 0.44
151 0.46
152 0.44
153 0.49
154 -0.29
155 -0.32
156 0.46
157 0.49
158 -0.29
159 -0.12
160 -0.36
161 -0.21
162 -0.25
163 -0.23
164 -0.09
165 -0.26
166 -0.21
167 -0.26
168 -0.26
169 -0.18
170 0.20
171 0.46
172 0.49
173 0.44
174 0.49
175 0.49
176 -0.38
177 0.49
178 -0.31
179 0.49
180 0.49
181 -0.31
182 0.49
183 -0.28
184 -0.36
185 -0.09
186 0.44
187 0.49
188 -0.09
189 0.44
190 -0.29
191 0.49
192 -0.13
193 0.44
194 0.44
195 0.49
196 0.40
197 0.44
198 -0.32
199 0.44
200 0.46
201 0.44
202 -0.34
203 0.49
204 0.49
205 0.49
206 0.46
207 0.49
208 0.32
209 -0.32
210 0.49
211 0.46
212 -0.34
213 -0.26
214 -0.31
215 -0.08
216 -0.16
217 0.46
218 -0.18
219 -0.28
220 0.49
221 0.44
222 0.49
223 0.49
224 -0.20
225 0.49
226 0.49
227 -0.18
228 0.49
229 0.49
230 0.40
231 0.42
232 -0.31
233 -0.34
234 0.49
235 0.44
236 -0.05
237 0.49
238 0.49
239 0.49
240 0.44
241 0.46
242 0.49
243 0.49
244 0.49
245 -0.32
246 0.49
247 -0.31
248 0.49
249 -0.28
250 0.42
251 -0.21
252 0.46
253 0.26
254 -0.29
255 -0.31
256 -0.16
257 0.46
258 0.44
259 0.46
260 -0.28
261 -0.26
262 -0.31
263 -0.08
264 0.46
265 0.49
266 -0.24
267 0.42
268 -0.26
269 0.49
270 0.49
271 0.46
272 -0.29
273 -0.31
274 0.34
275 -0.34
276 -0.32
277 -0.26
278 -0.05
279 0.49
280 0.49
281 -0.34
282 0.49
283 0.49
284 0.49
285 0.49
286 -0.32
287 -0.28
288 -0.34
289 0.49
290 -0.17
291 -0.29
292 -0.21
293 -0.20
294 0.49
295 -0.24
296 0.49
297 0.49
298 -0.29
299 0.49
300 0.49
301 0.38
302 0.40
303 -0.28
304 0.49
305 0.42
306 -0.11
307 0.42
308 0.44
309 -0.25
310 0.49
311 -0.29
312 0.49
313 0.49
314 0.49
315 0.49
316 0.46
317 -0.10
318 0.44
319 0.49
320 0.28
321 -0.26
322 -0.09
323 0.40
324 -0.13
325 0.49
326 0.49
327 -0.09
328 0.46
329 -0.28
330 0.49
331 0.49
332 0.44
333 0.49
334 -0.19
335 0.26
336 0.42
337 -0.09
338 0.49
339 0.49
340 0.40
341 -0.24
342 -0.26
343 0.46
344 0.49
345 0.49
346 0.44
347 0.44
348 0.49
349 0.44
350 0.49
351 -0.31
352 -0.10
353 0.49
354 0.44
355 0.49
356 0.49
357 0.49
358 -0.24
359 0.42
360 -0.08
361 0.49
362 -0.09
363 -0.09
364 -0.28
365 0.49
366 0.42
367 0.49
368 0.49
369 0.49
370 -0.29
371 -0.12
372 0.49
373 -0.25
374 0.42
375 -0.11
376 -0.28
377 -0.17
378 -0.24
379 -0.25
380 -0.15
381 -0.26
382 -0.17
383 -0.11
384 -0.40
385 -0.25
386 -0.29
387 -0.21
388 -0.34
389 0.42
390 0.49
391 0.44
392 0.38
393 -0.29
394 0.49
395 0.49
396 -0.07
397 0.44
398 0.49
399 -0.12
400 -0.34
401 0.44
402 0.49
403 0.46
404 0.49
405 0.49
406 -0.32
407 0.44
408 -0.34
409 0.28
410 -0.19
411 0.44
412 0.40
413 -0.25
414 -0.07
415 -0.08
416 -0.28
417 -0.36
418 -0.02
419 -0.09
420 -0.17
421 -0.20
422 -0.07
423 -0.29
424 -0.28
425 -0.09
426 -0.11
427 -0.09
428 -0.20
429 -0.21
430 0.49
431 -0.28
432 0.49
433 0.49
434 -0.34
435 0.49
436 0.49
437 -0.32
438 0.46
439 -0.28
440 0.38
441 0.49
442 0.44
443 -0.09
444 -0.25
445 0.42
446 -0.32
447 0.40
448 0.49
449 -0.24
450 -0.38
451 -0.34
452 0.46
453 0.46
454 -0.29
455 -0.31
456 -0.38
457 0.42
458 0.38
459 -0.32
460 0.46
461 -0.19
462 0.46
463 -0.29
464 -0.31
465 0.46
466 0.42
467 -0.36
468 0.40
469 -0.20
470 0.46
471 -0.31
472 0.34
473 0.46
474 0.46
475 0.46
476 0.38
477 0.36
478 -0.36
479 0.40
480 0.40
481 0.38
482 0.44
483 -0.29
484 0.44
485 0.44
486 0.44
487 -0.29
488 0.14
489 0.44
490 0.12
491 0.40
492 0.42
493 0.11
494 0.10
495 0.40
496 0.42
497 0.12
498 0.13
499 0.44
500 -0.29
501 0.10
502 0.13
503 0.12
504 0.12
505 -0.03
506 -0.34
507 -0.01
508 -0.24
509 -0.31
510 -0.06
511 -0.32
512 0.16
513 -0.28
514 0.44
515 -0.31
516 0.10
517 0.11
518 0.40
519 0.44
520 0.42
521 0.44
522 0.44
523 0.44
524 0.38
525 0.11
526 0.44
527 0.42
528 0.14
529 0.11
530 0.14
531 0.40
532 0.42
533 0.44
534 -0.01
535 0.42
536 -0.28
537 -0.05
538 -0.10
539 0.00
540 0.42
541 0.12
542 0.12
543 0.44
544 0.44
545 0.42
546 0.14
547 0.44
548 0.15
549 0.40
550 0.12
551 0.44
552 0.44
553 0.40
554 0.42
555 0.12
556 0.09
557 0.40
558 0.40
559 0.44
560 0.42
561 0.01
562 0.40
563 0.29
564 -0.00
565 -0.02
566 0.12
567 0.40
568 0.44
569 0.05
570 0.38
571 0.44
572 0.42
573 0.38
574 0.44
575 0.44
576 0.42
577 0.44
578 0.14
579 0.17
580 0.13
581 0.14
582 0.12
583 0.13
584 0.34
585 0.44
586 0.08
587 0.09
588 0.44
589 0.42
590 0.36
591 0.44
592 0.13
593 0.38
594 0.38
595 0.09
596 0.44
597 0.40
598 0.12
599 0.40
600 0.14
601 0.44
602 0.44
603 -0.00
604 0.38
605 0.09
606 0.08
607 0.44
608 0.40
609 0.38
610 0.36
611 0.11
612 0.14
613 -0.03
614 -0.02
615 -0.38
616 -0.16
617 -0.19
618 -0.32
619 -0.34
620 -0.00
621 0.40
622 0.46
623 -0.31
624 -0.38
625 0.44
626 0.42
627 -0.32
628 0.42
629 0.46
630 -0.24
631 0.46
632 0.34
633 0.42
634 -0.38
635 -0.34
636 0.42
637 0.42
638 0.42
639 0.44
640 0.46
641 -0.26
642 -0.32
643 -0.29
644 -0.29
645 -0.38
646 -0.20
647 -0.17
648 0.46
649 -0.36
650 0.46
651 0.42
652 -0.23
653 0.46
654 0.46
655 -0.32
656 0.46
657 -0.08
658 0.42
659 0.46
660 0.44
661 0.46
662 -0.08
663 -0.03
664 -0.34
665 0.14
666 0.12
667 0.44
668 0.10
669 0.09
670 0.40
671 0.14
672 -0.23
673 0.13
674 0.40
675 0.09
676 -0.40
677 0.14
678 0.13
679 0.44
680 0.14
681 0.44
682 0.25
683 0.11
684 0.44
685 0.44
686 0.44
687 0.42
688 0.42
689 0.10
690 0.11
691 0.12
692 0.09
693 0.12
694 0.44
695 0.44
696 -0.40
697 0.44
698 0.17
699 0.38
700 0.14
701 0.12
702 0.38
703 0.44
704 0.14
705 0.44
706 0.44
707 -0.34
708 0.44
709 0.40
710 -0.10
711 0.40
712 0.40
713 0.40
714 0.36
715 0.11
716 -0.00
717 -0.00
718 -0.17
719 -0.00
720 0.23
721 0.28
722 0.15
723 0.11
724 0.42
725 0.44
726 0.44
727 0.44
728 0.11
729 0.12
730 0.12
731 0.40
732 0.38
733 -0.32
734 0.44
735 0.44
736 0.13
737 0.10
738 0.34
739 0.44
740 0.38
741 0.42
742 0.13
743 0.40
744 0.44
745 0.36
746 0.10
747 0.44
748 0.40
749 0.44
750 0.44
751 0.44
752 0.40
753 0.11
754 0.31
755 0.44
756 0.05
757 0.44
758 0.09
759 0.13
760 0.42
761 0.10
762 0.44
763 0.11
764 0.44
765 0.12
766 0.44
767 0.09
768 0.38
769 0.44
770 0.13
771 0.44
772 0.44
773 0.15
774 0.44
775 0.19
776 0.16
777 0.44
778 0.42
779 0.11
780 0.44
781 0.42
782 0.11
783 0.05
784 0.38
785 0.44
786 0.44
787 0.44
788 0.32
789 0.42
790 0.44
791 0.12
792 0.44
793 0.08
794 0.09
795 0.44
796 0.44
797 0.44
798 0.44
799 0.42
800 0.42
801 0.40
802 0.38
803 -0.18
804 0.31
805 0.44
806 0.40
807 0.40
808 0.13
809 0.42
810 0.11
811 -0.28
812 0.26
813 0.09
814 -0.24
815 0.32
816 0.08
817 0.05
818 0.38
819 -0.11
820 -0.36
821 0.26
822 -0.29
823 -0.05
824 0.02
825 0.09
826 0.23
827 0.42
828 -0.29
829 0.38
830 0.46
831 -0.18
832 0.38
833 0.28
834 0.42
835 0.46
836 -0.40
837 0.00
838 0.24
839 0.42
840 0.14
841 0.42
842 0.46
843 0.46
844 -0.21
845 -0.31
846 0.38
847 -0.03
848 0.24
849 0.12
850 0.46
851 -0.31
852 0.46
853 -0.28
854 0.46
855 0.44
856 -0.31
857 -0.32
858 0.10
859 0.46
860 0.46
861 0.42
862 0.46
863 -0.26
864 -0.17
865 0.44
866 0.46
867 0.46
868 -0.25
869 -0.16
870 0.13
871 0.44
872 0.46
873 0.46
874 0.31
875 0.12
876 0.44
877 0.40
878 0.42
879 0.12
880 0.42
881 0.44
882 -0.31
883 0.44
884 0.14
885 0.40
886 0.44
887 0.13
888 0.44
889 0.44
890 0.42
891 0.38
892 0.31
893 -0.29
894 0.32
895 0.40
896 0.42
897 0.12
898 0.44
899 0.42
900 0.42
901 0.44
902 0.40
903 0.42
904 0.44
905 -0.32
906 0.40
907 0.40
908 0.42
909 0.42
910 -0.34
911 0.32
912 -0.04
913 0.42
914 0.44
915 0.44
916 0.40
917 0.32
918 0.44
919 -0.17
920 0.38
921 0.44
922 0.34
923 -0.34
924 0.12
925 0.36
926 0.17
927 0.42
928 0.38
929 0.40
930 0.32
931 0.40
932 0.40
933 0.42
934 0.13
935 0.29
936 0.42
937 -0.23
938 -0.12
939 0.28
940 0.18
941 -0.19
942 0.09
943 0.23
944 -0.36
945 0.07
946 0.24
947 0.34
948 0.40
949 0.13
950 0.32
951 0.44
952 0.49
953 0.49
954 0.49
955 0.49
956 0.12
957 0.46
958 -0.15
959 -0.29
960 0.40
961 0.40
962 -0.09
963 -0.03
964 0.21
965 -0.09
966 0.17
967 0.23
968 0.23
969 0.31
970 0.23
971 0.31
972 0.46
973 0.46
974 0.46
975 -0.06
976 0.46
977 0.46
978 0.46
979 -0.23
980 0.42
981 0.46
982 0.46
983 0.46
984 0.44
985 0.44
986 -0.13
987 -0.04
988 -0.18
989 0.40
990 0.32
991 -0.03
992 0.28
993 0.26
994 -0.08
995 0.26
996 0.10
997 0.32
998 -0.24
999 0.08
1000 0.26
1001 0.25
1002 0.29
1003 0.42
1004 0.42
1005 0.44
1006 0.44
1007 0.12
1008 0.42
1009 0.44
1010 0.44
1011 0.44
1012 0.13
1013 0.04
1014 0.05
1015 0.10
1016 -0.18
1017 0.38
1018 0.36
1019 0.23
1020 0.26
1021 -0.23
1022 0.44
1023 0.46
1024 0.44
1025 0.34
1026 0.42
1027 0.25
1028 0.24
1029 -0.18
1030 0.31
1031 0.46
1032 0.46
1033 0.46
1034 0.46
1035 0.46
1036 0.40
1037 0.46
1038 0.46
1039 0.31
1040 0.34
1041 0.42
1042 -0.19
1043 0.32
1044 0.38
1045 0.46
1046 0.46
1047 -0.17
1048 0.40
1049 0.36
1050 -0.08
1051 0.11
1052 -0.02
1053 0.20
1054 0.17
1055 0.32
1056 0.42
1057 0.44
1058 0.07
1059 0.34
1060 0.42
1061 0.25
1062 -0.06
1063 0.25
1064 0.42
1065 0.42
1066 -0.04
1067 0.14
1068 0.40
1069 0.05
1070 0.12
1071 0.40
1072 0.40
1073 0.42
1074 0.42
1075 0.42
1076 0.29
1077 0.31
1078 0.42
1079 0.23
1080 0.09
1081 0.34
1082 0.42
1083 -0.32
1084 0.44
1085 0.44
1086 0.44
1087 0.40
1088 0.44
1089 0.10
1090 0.44
1091 0.44
1092 0.42
1093 0.09
1094 0.26
1095 0.42
1096 0.44
1097 -0.18
1098 0.06
1099 -0.20
1100 0.09
1101 0.29
1102 0.44
1103 -0.28
1104 0.10
1105 0.11
1106 -0.29
1107 0.44
1108 0.40
1109 0.38
1110 -0.36
1111 0.07
1112 0.10
1113 -0.26
1114 0.09
1115 0.40
1116 -0.26
1117 0.40
1118 0.44
1119 0.42
1120 0.10
1121 0.14
1122 0.18
1123 -0.40
1124 0.07
1125 0.05
1126 0.23
1127 0.42
1128 0.42
1129 0.46
1130 0.12
1131 0.07
1132 -0.08
1133 0.25
1134 0.40
1135 0.36
1136 0.38
1137 0.15
1138 0.34
1139 0.38
1140 0.40
1141 0.38
1142 -0.32
1143 0.36
1144 0.42
1145 -0.07
1146 0.24
1147 0.42
1148 0.36
1149 0.25
1150 0.38
1151 0.36
1152 0.36
1153 0.40
1154 0.31
1155 0.38
1156 0.32
1157 -0.24
1158 0.34
1159 0.44
1160 0.46
1161 0.29
1162 0.38
1163 0.34
1164 0.42
1165 0.44
1166 0.46
1167 0.40
1168 -0.20
1169 0.38
1170 0.34
1171 0.29
1172 0.25
1173 0.19
1174 0.42
1175 0.36
1176 0.09
1177 0.23
1178 -0.20
1179 0.17
1180 -0.29
1181 -0.26
1182 0.23
1183 0.24
1184 0.29
1185 0.10
1186 0.44
1187 0.46
1188 0.44
1189 0.10
1190 0.44
1191 0.44
1192 0.42
1193 -0.19
1194 -0.17
1195 0.19
1196 0.24
1197 0.26
1198 0.14
1199 0.09
1200 0.28
1201 0.42
1202 0.38
1203 0.25
1204 0.12
1205 -0.02
1206 0.38
1207 0.40
1208 0.38
1209 0.29
1210 -0.11
1211 0.14
1212 0.19
1213 0.11
1214 -0.24
1215 0.10
1216 -0.16
1217 -0.14
1218 0.18
1219 0.18
1220 0.18
1221 0.31
1222 0.46
1223 0.46
1224 -0.36
1225 0.28
1226 0.25
1227 -0.32
1228 0.31
1229 0.46
1230 -0.34
1231 0.40
1232 0.46
1233 0.40
1234 0.44
1235 0.32
1236 0.44
1237 0.40
1238 -0.06
1239 0.34
1240 0.17
1241 0.21
1242 0.46
1243 0.12
1244 0.46
1245 0.44
1246 0.26
1247 0.46
1248 0.40
1249 0.36
1250 0.42
1251 0.46
1252 0.44
1253 0.34
1254 0.32
1255 -0.20
1256 0.40
1257 0.44
1258 0.42
1259 0.32
1260 -0.31
1261 -0.04
1262 -0.07
1263 0.10
1264 -0.04
1265 0.14
1266 -0.13
1267 -0.18
1268 0.14
1269 0.01
1270 -0.12
1271 -0.07
1272 0.09
1273 0.26
1274 0.46
1275 0.46
1276 -0.03
1277 0.46
1278 0.42
1279 0.46
1280 0.46
1281 0.46
1282 -0.38
1283 -0.09
1284 0.42
1285 0.44
1286 0.40
1287 0.42
1288 0.38
1289 0.23
1290 -0.16
1291 0.31
1292 0.46
1293 0.46
1294 0.46
1295 0.34
1296 0.34
1297 0.46
1298 0.23
1299 0.46
1300 0.34
1301 0.46
1302 0.38
1303 0.34
1304 0.09
1305 -0.36
1306 0.38
1307 -0.17
1308 0.46
1309 0.42
1310 0.46
1311 -0.20
1312 0.46
1313 0.44
1314 0.34
1315 0.42
1316 0.21
1317 0.36
1318 0.44
1319 0.44
1320 0.46
1321 0.36
1322 0.46
1323 0.40
1324 0.44
1325 0.42
1326 0.40
1327 0.40
1328 0.44
1329 0.44
1330 0.40
1331 0.46
1332 0.38
1333 0.40
1334 0.34
1335 0.42
1336 0.09
1337 0.46
1338 0.42
1339 -0.36
1340 0.44
1341 0.44
1342 0.44
1343 0.40
1344 0.42
1345 0.46
1346 -0.17
1347 0.38
1348 0.44
1349 0.44
1350 0.44
1351 -0.34
1352 0.42
1353 -0.29
1354 0.34
1355 0.40
1356 0.46
1357 0.44
1358 0.42
1359 0.42
1360 0.40
1361 0.36
1362 -0.14
1363 0.34
1364 -0.20
1365 -0.09
1366 0.07
1367 0.34
1368 0.36
1369 0.44
1370 0.44
1371 0.42
1372 0.36
1373 0.42
1374 0.44
1375 0.38
1376 0.44
1377 0.46
1378 0.42
1379 0.42
1380 0.42
1381 0.46
1382 0.44
1383 0.44
1384 0.44
1385 0.42
1386 0.46
1387 -0.03
1388 0.40
1389 0.15
1390 0.46
1391 0.42
1392 0.46
1393 0.46
1394 0.46
1395 0.42
1396 0.44
1397 0.46
1398 0.40
1399 0.44
1400 0.44
1401 0.44
1402 0.44
1403 0.42
1404 0.40
1405 0.44
1406 0.42
1407 0.46
1408 0.44
1409 0.29
1410 0.46
1411 0.42
1412 0.44
1413 0.46
1414 0.44
1415 0.44
1416 0.44
1417 0.40
1418 0.42
1419 0.38
1420 0.44
1421 0.40
1422 0.38
1423 0.42
1424 0.44
1425 -0.01
1426 0.42
1427 0.38
1428 0.46
1429 0.07
1430 0.26
1431 0.36
1432 0.40
1433 0.06
1434 0.20
1435 0.32
1436 0.25
1437 0.42
1438 0.38
1439 0.38
1440 0.42
1441 0.38
1442 0.02
1443 0.36
1444 0.36
1445 0.25
1446 0.31
1447 0.38
1448 0.38
1449 0.42
1450 0.34
1451 0.42
1452 0.32
1453 0.38
1454 -0.32
1455 0.46
1456 0.44
1457 0.42
1458 0.44
1459 0.44
1460 0.42
1461 0.42
1462 0.46
1463 0.40
1464 0.46
1465 0.38
1466 0.44
1467 0.44
1468 0.40
1469 0.13
1470 0.14
1471 0.34
1472 0.44
1473 0.38
1474 0.40
1475 0.46
1476 0.36
1477 0.42
1478 0.44
1479 0.44
1480 0.44
1481 -0.24
1482 0.44
1483 0.44
1484 0.14
1485 0.44
1486 0.42
1487 0.44
1488 0.20
1489 0.44
1490 0.44
1491 0.26
1492 0.42
1493 0.42
1494 0.46
1495 0.42
1496 0.44
1497 -0.07
1498 0.04
1499 0.32
1500 0.32
1501 -0.06
1502 -0.04
1503 -0.01
1504 0.26
1505 0.42
1506 0.40
1507 0.40
1508 0.44
1509 0.44
1510 0.46
1511 0.12
1512 0.38
1513 0.46
1514 0.44
1515 0.42
1516 0.36
1517 0.46
1518 0.42
1519 0.38
1520 0.44
1521 0.44
1522 0.46
1523 0.42
1524 0.42
1525 0.44
1526 0.44
1527 0.44
1528 0.38
1529 0.10
1530 0.46
1531 0.12
1532 0.46
1533 0.42
1534 0.36
1535 0.38
1536 0.46
1537 0.46
1538 0.44
1539 0.40
1540 0.44
1541 0.40
1542 -0.14
1543 0.46
1544 0.44
1545 0.44
1546 0.07
1547 0.42
1548 0.09
1549 0.25
1550 -0.16
1551 0.46
1552 0.44
1553 0.14
1554 0.42
1555 0.44
1556 0.44
1557 0.44
1558 0.38
1559 0.44
1560 0.36
1561 0.42
1562 0.40
1563 0.42
1564 0.12
1565 0.44
1566 0.46
1567 0.44
1568 0.40
1569 0.44
1570 0.44
1571 0.09
1572 0.17
1573 0.38
1574 0.42
1575 0.44
1576 0.40
1577 0.42
1578 0.40
1579 0.14
1580 0.40
1581 0.28
1582 0.40
1583 0.28
1584 0.38
1585 -0.07
1586 0.18
1587 0.40
1588 -0.36
1589 0.31
1590 0.42
1591 0.42
1592 0.20
1593 0.42
1594 0.40
1595 0.40
1596 0.01
1597 0.31
1598 0.38
1599 -0.09
1600 0.23
1601 -0.38
1602 0.40
1603 0.24
1604 0.25
1605 -0.01
1606 0.20
1607 0.38
1608 0.42
1609 0.36
1610 0.42
1611 0.36
1612 0.34
1613 0.36
1614 0.09
1615 0.38
1616 0.38
1617 0.40
1618 0.40
1619 0.42
1620 0.42
1621 0.26
1622 0.42
1623 0.38
1624 0.42
1625 0.42
1626 0.42
1627 0.40
1628 0.40
1629 0.40
1630 0.40
1631 0.12
1632 -0.25
1633 0.34
1634 0.26
1635 0.42
1636 0.32
1637 0.38
1638 0.32
1639 0.34
1640 0.31
1641 0.38
1642 0.42
1643 0.28
1644 0.31
1645 0.38
1646 0.38
1647 0.40
1648 0.25
1649 0.36
1650 -0.23
1651 0.34
1652 0.38
1653 0.32
1654 0.31
1655 0.44
1656 0.31
1657 0.44
1658 0.40
1659 -0.14
1660 -0.14
1661 0.40
1662 -0.03
1663 -0.31
1664 0.38
1665 0.44
1666 0.46
1667 0.49
1668 0.49
1669 0.49
1670 0.05
1671 0.18
1672 0.46
1673 0.38
1674 0.46
1675 0.46
1676 0.42
1677 -0.34
1678 0.09
1679 0.10
1680 0.36
1681 0.32
1682 0.36
1683 0.03
1684 0.36
1685 0.26
1686 0.40
1687 0.42
1688 0.49
1689 0.21
1690 0.42
1691 0.46
1692 0.36
1693 0.46
1694 0.44
1695 0.44
1696 -0.34
1697 0.08
1698 0.40
1699 0.34
1700 0.10
1701 0.23
1702 0.44
1703 0.44
1704 -0.10
1705 0.19
1706 -0.32
1707 0.14
1708 0.42
1709 0.21
1710 0.40
1711 0.44
1712 0.46
1713 0.40
1714 0.08
1715 0.21
1716 0.40
1717 -0.17
1718 0.40
1719 0.28
1720 0.38
1721 0.36
1722 0.42
1723 0.46
1724 0.38
1725 0.46
1726 0.10
1727 -0.26
1728 0.44
1729 0.44
1730 0.11
1731 0.44
1732 0.44
1733 0.44
1734 0.46
1735 0.42
1736 0.44
1737 -0.24
1738 0.38
1739 0.10
1740 0.40
1741 0.40
1742 0.40
1743 0.40
1744 0.38
1745 0.40
1746 0.17
1747 0.44
1748 -0.16
1749 0.42
1750 0.42
1751 0.38
1752 0.23
1753 0.42
1754 0.36
1755 0.44
1756 0.46
1757 0.44
1758 0.42
1759 0.40
1760 0.46
1761 0.44
1762 0.44
1763 0.44
1764 0.46
1765 0.44
1766 0.40
1767 0.12
1768 0.46
1769 0.44
1770 0.46
1771 0.38
1772 0.40
1773 0.46
1774 0.42
1775 0.40
1776 0.46
1777 0.42
1778 0.46
1779 0.44
1780 0.25
1781 0.44
1782 0.34
1783 0.36
1784 0.42
1785 0.42
1786 0.42
1787 0.38
1788 0.36
1789 0.38
1790 0.42
1791 0.42
1792 0.44
1793 0.44
1794 0.44
1795 0.40
1796 0.44
1797 0.36
1798 0.44
1799 0.42
1800 0.38
1801 -0.04
1802 0.42
1803 0.38
1804 0.36
1805 0.32
1806 0.40
1807 0.42
1808 0.44
1809 0.34
1810 0.42
1811 0.38
1812 0.32
1813 0.42
1814 0.10
1815 0.17
1816 0.36
1817 -0.32
1818 0.40
1819 0.36
1820 0.24
1821 0.42
1822 0.44
1823 0.34
1824 0.42
1825 0.46
1826 0.40
1827 0.34
1828 0.44
1829 0.46
1830 0.44
1831 0.44
1832 0.40
1833 0.46
1834 0.44
1835 0.46
1836 0.46
1837 0.44
1838 0.44
1839 0.42
1840 0.44
1841 0.38
1842 0.42
1843 -0.34
1844 0.44
1845 0.42
1846 0.44
1847 0.09
1848 0.36
1849 0.44
1850 0.42
1851 0.42
1852 0.40
1853 0.40
1854 -0.14
1855 0.10
1856 0.18
1857 0.38
1858 0.40
1859 0.18
1860 0.29
1861 0.29
1862 0.34
1863 0.02
1864 0.01
1865 0.40
1866 0.42
1867 -0.40
1868 0.36
1869 0.44
1870 0.42
1871 0.42
1872 0.40
1873 0.42
1874 0.29
1875 0.24
1876 0.08
1877 -0.29
1878 0.40
1879 0.40
1880 0.40
1881 0.15
1882 0.40
1883 0.23
1884 0.44
1885 0.42
1886 0.46
1887 -0.31
1888 0.44
1889 0.38
1890 0.44
1891 0.44
1892 0.38
1893 0.44
1894 0.46
1895 0.44
1896 0.40
1897 0.44
1898 0.42
1899 0.40
1900 0.44
1901 0.46
1902 0.42
1903 0.44
1904 0.46
1905 -0.38
1906 0.44
1907 0.42
1908 0.40
1909 -0.36
1910 0.42
1911 0.42
1912 0.09
1913 0.44
1914 0.44
1915 0.40
1916 0.46
1917 0.38
1918 0.46
1919 0.38
1920 0.44
1921 0.46
1922 0.46
1923 0.42
1924 0.34
1925 0.44
1926 0.44
1927 0.44
1928 0.46
1929 0.44
1930 0.29
1931 0.42
1932 0.42
1933 0.44
1934 0.42
1935 0.38
1936 0.40
1937 0.32
1938 0.38
1939 0.44
1940 0.42
1941 0.42
1942 0.38
1943 0.44
1944 0.42
1945 0.38
1946 0.36
1947 0.42
1948 0.31
1949 0.44
1950 0.34
1951 0.40
1952 -0.34
1953 0.40
1954 0.44
1955 0.34
1956 0.44
1957 0.42
1958 0.40
1959 0.44
1960 0.46
1961 0.42
1962 0.46
1963 0.40
1964 0.42
1965 0.44
1966 0.42
1967 -0.25
1968 0.44
1969 0.46
1970 0.42
1971 0.42
1972 0.32
1973 0.42
1974 0.36
1975 0.40
1976 -0.15
1977 0.26
1978 0.38
1979 0.42
1980 0.26
1981 0.40
1982 0.44
1983 0.44
1984 0.38
1985 -0.16
1986 0.44
1987 0.42
1988 0.44
1989 0.42
1990 0.36
1991 -0.20
1992 0.40
1993 0.40
1994 0.46
1995 0.42
1996 0.46
1997 0.46
1998 0.44
1999 0.46
2000 0.46
2001 0.42
2002 0.40
2003 0.44
2004 0.42
2005 0.32
2006 -0.40
2007 0.46
2008 0.40
2009 0.40
2010 0.42
2011 0.44
2012 0.44
2013 0.40
2014 0.32
2015 0.46
2016 0.42
2017 0.44
2018 0.38
2019 -0.24
2020 0.46
2021 0.42
2022 0.44
2023 0.46
2024 -0.31
2025 0.07
2026 0.24
2027 0.44
2028 0.44
2029 0.40
2030 0.44
2031 0.42
2032 0.46
2033 0.46
2034 0.40
2035 0.12
2036 0.42
2037 0.32
2038 0.36
2039 0.38
2040 0.46
2041 0.44
2042 0.21
2043 0.44
2044 0.44
2045 0.44
2046 0.46
2047 0.44
2048 0.46
2049 0.44
2050 0.44
2051 -0.25
2052 0.44
2053 0.44
2054 0.46
2055 0.46
2056 -0.20
2057 0.44
2058 0.44
2059 -0.16
2060 0.46
2061 0.44
2062 0.46
2063 0.44
2064 0.46
2065 0.42
2066 0.46
2067 0.29
2068 0.44
2069 0.42
2070 0.44
2071 0.42
2072 0.44
2073 0.44
2074 0.44
2075 0.36
2076 0.46
2077 0.42
2078 0.40
2079 0.42
2080 0.12
2081 0.46
2082 0.40
2083 0.44
2084 0.40
2085 0.42
2086 0.46
2087 0.42
2088 0.44
2089 -0.14
2090 0.44
2091 0.44
2092 0.42
2093 0.40
2094 0.42
2095 0.46
2096 0.09
2097 0.38
2098 0.09
2099 0.40
2100 0.42
2101 0.44
2102 0.40
2103 0.36
2104 -0.29
2105 0.38
2106 0.36
2107 0.40
2108 0.40
2109 -0.17
2110 0.38
2111 0.44
2112 0.44
2113 0.42
2114 0.42
2115 0.42
2116 0.40
2117 0.44
2118 0.42
2119 0.44
2120 0.31
2121 0.44
2122 0.42
2123 0.07
2124 0.16
2125 0.29
2126 0.42
2127 0.40
2128 0.42
2129 0.42
2130 0.42
2131 0.42
2132 0.42
2133 0.44
2134 0.40
2135 0.44
2136 0.46
2137 0.44
2138 0.44
2139 0.12
2140 0.46
2141 0.40
2142 0.46
2143 0.42
2144 0.44
2145 0.34
2146 0.40
2147 0.44
2148 -0.28
2149 0.44
2150 0.34
2151 0.44
2152 0.40
2153 0.42
2154 0.20
2155 0.42
2156 0.32
2157 0.38
2158 0.36
2159 0.46
2160 0.44
2161 0.44
2162 0.40
2163 0.46
2164 0.46
2165 0.46
2166 0.46
2167 0.44
2168 0.46
2169 0.40
2170 0.46
2171 0.44
2172 0.40
2173 0.46
2174 0.44
2175 -0.23
2176 0.44
2177 0.38
2178 0.44
2179 -0.32
2180 0.46
2181 -0.20
2182 0.46
2183 0.46
2184 0.46
2185 0.46
2186 0.44
2187 0.44
2188 -0.36
2189 0.26
2190 0.44
2191 0.44
2192 0.36
2193 0.40
2194 0.09
2195 0.32
2196 0.29
2197 0.40
2198 0.46
2199 0.46
2200 0.42
2201 0.49
2202 0.42
2203 -0.34
2204 0.42
2205 0.38
2206 0.42
2207 0.38
2208 0.44
2209 0.42
2210 0.40
2211 -0.31
2212 0.36
2213 0.26
2214 0.38
2215 0.38
2216 0.42
2217 0.42
2218 0.40
2219 0.40
2220 0.46
2221 -0.32
2222 -0.31
2223 0.42
2224 0.42
2225 0.38
2226 0.44
2227 0.44
2228 0.38
2229 0.46
2230 0.25
2231 0.44
2232 0.42
2233 0.40
2234 0.44
2235 0.38
2236 0.42
2237 0.36
2238 0.44
2239 0.44
2240 0.42
2241 0.40
2242 0.25
2243 0.09
2244 0.46
2245 0.42
2246 0.44
2247 0.38
2248 0.12
2249 0.36
2250 0.44
2251 0.40
2252 0.31
2253 0.38
2254 0.42
2255 0.38
2256 0.09
2257 0.44
2258 0.44
2259 0.42
2260 0.44
2261 0.44
2262 0.34
2263 0.40
2264 0.06
2265 0.34
2266 0.15
2267 0.42
2268 -0.26
2269 0.42
2270 0.44
2271 0.38
2272 0.34
2273 0.34
2274 0.44
2275 0.46
2276 0.42
2277 0.32
2278 0.42
2279 0.40
2280 0.42
2281 0.44
2282 0.05
2283 0.29
2284 0.42
2285 0.36
2286 0.10
2287 0.32
2288 0.38
2289 0.36
2290 0.46
2291 0.12
2292 0.44
2293 0.12
2294 0.09
2295 0.32
2296 0.40
2297 0.44
2298 0.34
2299 -0.26
2300 0.44
2301 0.42
2302 0.38
2303 0.40
2304 0.31
2305 0.46
2306 0.40
2307 0.46
2308 0.42
2309 0.46
2310 0.42
2311 0.46
2312 -0.34
2313 0.38
2314 0.40
2315 0.44
2316 0.42
2317 0.44
2318 0.10
2319 0.42
2320 0.40
2321 0.44
2322 0.42
2323 0.14
2324 0.44
2325 0.46
2326 0.44
2327 0.49
2328 0.36
2329 0.40
2330 0.38
2331 0.44
2332 0.42
2333 0.46
2334 0.46
2335 0.42
2336 0.32
2337 0.44
2338 0.44
2339 0.44
2340 0.44
2341 0.46
2342 0.09
2343 0.40
2344 0.46
2345 0.40
2346 0.42
2347 0.42
2348 0.46
2349 0.44
2350 0.44
2351 0.44
2352 0.46
2353 0.46
2354 0.44
2355 0.44
2356 0.12
2357 0.40
2358 0.44
2359 0.44
2360 0.40
2361 0.46
2362 0.42
2363 0.44
2364 0.44
2365 0.40
2366 0.36
2367 0.44
2368 0.13
2369 0.40
2370 0.44
2371 0.42
2372 0.34
2373 0.44
2374 0.40
2375 0.42
2376 -0.29
2377 0.01
2378 0.19
2379 0.38
2380 0.40
2381 0.32
2382 0.42
2383 0.11
2384 0.07
2385 0.44
2386 0.42
2387 0.44
2388 0.42
2389 0.42
2390 0.38
2391 0.44
2392 0.03
2393 -0.31
2394 0.38
2395 0.44
2396 0.42
2397 0.46
2398 0.40
2399 0.42
2400 -0.02
2401 -0.32
2402 0.46
2403 0.40
2404 0.44
2405 0.40
2406 0.40
2407 -0.20
2408 0.34
2409 0.25
2410 0.40
2411 0.42
2412 0.44
2413 0.44
2414 0.44
2415 0.40
2416 -0.28
2417 0.44
2418 0.46
2419 0.46
2420 0.42
2421 0.44
2422 0.46
2423 0.42
2424 0.44
2425 0.42
2426 -0.17
2427 0.40
2428 0.46
2429 -0.26
2430 -0.23
2431 0.31
2432 0.18
2433 0.31
2434 0.46
2435 0.40
2436 0.46
2437 0.42
2438 0.44
2439 0.46
2440 0.44
2441 0.38
2442 0.42
2443 0.42
2444 0.36
2445 0.36
2446 0.40
2447 0.32
2448 0.40
2449 0.46
2450 0.38
2451 0.42
2452 0.44
2453 0.44
2454 0.46
2455 0.42
2456 0.07
2457 0.38
2458 -0.21
2459 0.40
2460 0.42
2461 0.46
2462 0.40
2463 0.42
2464 0.42
2465 0.40
2466 0.46
2467 -0.10
2468 0.24
2469 0.38
2470 0.42
2471 0.40
2472 0.44
2473 0.46
2474 0.42
2475 0.36
2476 0.31
2477 0.36
2478 0.42
2479 0.46
2480 0.46
2481 0.46
2482 0.46
2483 0.38
2484 0.42
2485 0.36
2486 0.32
2487 0.40
2488 0.40
2489 0.44
2490 0.40
2491 0.46
2492 0.42
2493 0.40
2494 0.46
2495 0.44
2496 0.46
2497 0.40
2498 0.34
2499 0.38
2500 0.44
2501 0.36
2502 0.46
2503 0.40
2504 0.42
2505 0.42
2506 0.46
2507 0.46
2508 -0.18
2509 0.36
2510 0.42
2511 0.40
2512 0.38
2513 0.36
2514 0.14
2515 0.44
2516 0.38
2517 0.42
2518 0.34
2519 0.32
2520 0.42
2521 0.32
2522 0.44
2523 0.23
2524 0.13
2525 0.44
2526 0.36
2527 0.28
2528 0.38
2529 0.38
2530 0.42
2531 0.38
2532 0.42
2533 0.46
2534 -0.26
2535 0.40
2536 0.46
2537 0.32
2538 0.44
2539 0.31
2540 0.36
2541 0.38
2542 0.40
2543 0.40
2544 0.36
2545 0.38
2546 0.44
2547 0.32
2548 0.46
2549 0.44
2550 0.46
2551 0.42
2552 0.44
2553 0.34
2554 0.44
2555 0.44
2556 0.42
2557 0.32
2558 0.38
2559 0.40
2560 0.36
2561 0.44
2562 0.38
2563 0.42
2564 0.42
2565 0.42
2566 0.44
2567 0.32
2568 -0.34
2569 0.23
2570 0.44
2571 0.42
2572 0.42
2573 0.46
2574 0.42
2575 0.46
2576 0.42
2577 0.46
2578 0.40
2579 -0.18
2580 0.44
2581 0.44
2582 0.40
2583 0.36
2584 0.34
2585 0.44
2586 0.36
2587 0.40
2588 0.40
2589 0.34
2590 0.42
2591 0.42
2592 0.38
2593 0.42
2594 0.44
2595 0.42
2596 0.38
2597 0.31
2598 0.36
2599 0.32
2600 0.44
2601 0.32
2602 0.44
2603 0.42
2604 0.38
2605 0.40
2606 0.34
2607 0.42
2608 0.26
2609 0.46
2610 0.46
2611 0.42
2612 0.42
2613 0.44
2614 0.44
2615 0.26
2616 0.42
2617 0.46
2618 0.46
2619 0.40
2620 0.44
2621 0.46
2622 0.44
2623 0.32
2624 0.40
2625 0.44
2626 0.29
2627 0.42
2628 0.34
2629 0.44
2630 0.44
2631 0.42
2632 0.36
2633 0.46
2634 0.40
2635 0.40
2636 0.40
2637 0.31
2638 0.26
2639 0.42
2640 0.44
2641 0.46
2642 0.42
2643 0.34
2644 0.46
2645 0.42
2646 0.40
2647 0.42
2648 0.40
2649 0.44
2650 0.36
2651 0.44
2652 0.40
2653 0.46
2654 0.46
2655 0.42
2656 0.46
2657 0.40
2658 0.32
2659 0.10
2660 0.44
2661 0.44
2662 0.40
2663 0.44
2664 0.42
2665 0.42
2666 0.46
2667 0.38
2668 0.28
2669 -0.26
2670 0.14
2671 0.15
2672 0.32
2673 0.38
2674 0.34
2675 0.11
2676 0.10
2677 0.03
2678 0.03
2679 0.44
2680 0.44
2681 0.42
2682 0.40
2683 0.38
2684 0.38
2685 0.32
2686 0.38
2687 0.36
2688 0.42
2689 0.42
2690 0.36
2691 0.36
2692 0.44
2693 0.42
2694 -0.19
2695 0.42
2696 0.40
2697 0.36
2698 0.34
2699 0.38
2700 0.42
2701 0.40
2702 0.42
2703 0.44
2704 0.42
2705 0.44
2706 0.44
2707 0.40
2708 0.44
2709 0.38
2710 0.40
2711 0.42
2712 0.40
2713 0.44
2714 -0.29
2715 0.34
2716 0.44
2717 0.42
2718 0.42
2719 0.44
2720 0.46
2721 0.36
2722 0.46
2723 0.42
2724 0.40
2725 0.44
2726 0.44
2727 0.46
2728 0.44
2729 0.12
2730 0.42
2731 0.42
2732 0.42
2733 0.42
2734 -0.26
2735 0.49
2736 0.46
2737 0.46
2738 0.26
2739 0.44
2740 0.46
2741 0.44
2742 0.38
2743 0.42
2744 0.44
2745 0.46
2746 0.42
2747 0.32
2748 0.46
2749 0.46
2750 0.40
2751 0.42
2752 0.44
2753 0.44
2754 0.44
2755 0.46
2756 0.42
2757 0.44
2758 0.40
2759 0.42
2760 0.18
2761 0.40
2762 0.34
2763 0.42
2764 0.08
2765 0.38
2766 0.31
2767 0.31
2768 0.32
2769 0.40
2770 0.40
2771 0.31
2772 0.42
2773 0.42
2774 0.40
2775 0.42
2776 0.40
2777 0.32
2778 0.26
2779 0.26
2780 0.44
2781 0.42
2782 0.25
2783 0.32
2784 0.21
2785 0.34
2786 0.26
2787 0.42
2788 0.29
2789 0.38
2790 0.44
2791 0.31
2792 0.42
2793 0.38
2794 0.44
2795 0.46
2796 0.36
2797 0.05
2798 0.40
2799 -0.28
2800 0.32
2801 0.19
2802 0.42
2803 0.40
2804 0.06
2805 0.36
2806 0.31
2807 0.36
2808 0.21
2809 0.44
2810 0.40
2811 0.20
2812 0.31
2813 0.40
2814 0.05
2815 0.29
2816 0.44
2817 0.20
2818 0.34
2819 0.40
2820 0.40
2821 0.42
2822 0.40
2823 0.40
2824 0.09
2825 0.24
2826 0.44
2827 0.42
2828 0.40
2829 0.42
2830 0.42
2831 0.36
2832 0.36
2833 0.44
2834 0.40
2835 0.38
2836 0.42
2837 0.31
2838 0.44
2839 0.38
2840 -0.24
2841 0.31
2842 0.42
2843 0.31
2844 0.46
2845 0.42
2846 0.46
2847 0.42
2848 0.42
2849 0.46
2850 0.36
2851 0.34
2852 0.44
2853 0.44
2854 0.38
2855 0.44
2856 0.44
2857 0.36
2858 0.44
2859 0.46
2860 0.32
2861 0.44
2862 -0.23
2863 0.32
2864 0.38
2865 0.40
2866 0.44
2867 0.36
2868 0.31
2869 0.36
2870 0.44
2871 0.40
2872 0.44
2873 0.42
2874 0.42
2875 0.42
2876 0.25
2877 0.44
2878 0.40
2879 0.46
2880 0.18
2881 0.38
2882 0.36
2883 0.38
2884 0.44
2885 0.44
2886 0.44
2887 0.38
2888 0.46
2889 0.44
2890 0.38
2891 0.36
2892 0.44
2893 -0.12
2894 0.32
2895 0.40
2896 0.38
2897 0.40
2898 0.36
2899 0.29
2900 0.42
2901 0.42
2902 0.32
2903 0.42
2904 -0.19
2905 0.34
2906 0.46
2907 0.40
2908 0.46
2909 0.42
2910 0.46
2911 0.44
2912 0.34
2913 0.42
2914 0.46
2915 0.34
2916 0.46
2917 0.38
2918 0.26
2919 0.44
2920 0.42
2921 0.38
2922 0.46
2923 0.44
2924 0.44
2925 0.44
2926 0.29
2927 0.25
2928 0.32
2929 0.34
2930 0.42
2931 0.44
2932 0.46
2933 0.31
2934 -0.31
2935 0.44
2936 0.44
2937 0.40
2938 0.46
2939 0.44
2940 0.29
2941 0.46
2942 0.44
2943 0.44
2944 0.40
2945 0.46
2946 0.40
2947 0.44
2948 0.40
2949 0.44
2950 0.46
2951 0.44
2952 0.36
2953 0.40
2954 0.46
2955 0.42
2956 0.40
2957 0.32
2958 0.40
2959 0.42
2960 0.40
2961 0.40
2962 0.38
2963 0.40
2964 0.44
2965 0.34
2966 0.36
2967 0.42
2968 0.40
2969 0.36
2970 0.36
2971 0.34
2972 0.28
2973 0.38
2974 0.40
2975 0.42
2976 0.40
2977 0.32
2978 0.38
2979 0.08
2980 0.15
2981 0.40
2982 0.29
2983 0.26
2984 0.38
2985 0.32
2986 0.42
2987 0.38
2988 0.34
2989 -0.31
2990 0.38
2991 0.40
2992 0.38
2993 0.38
2994 0.44
2995 0.44
2996 0.42
2997 0.46
2998 0.46
2999 0.18
