0 303.00
30 303.00
60 303.00
90 303.00
120 303.00
150 303.00
180 292.97
210 272.90
240 272.90
270 272.90
300 272.90
330 272.90
360 272.90
390 307.23
420 324.40
450 324.40
480 324.40
510 324.40
540 324.40
570 324.40
600 353.40
630 353.40
660 353.40
690 353.40
720 353.40
750 353.40
780 353.43
810 353.50
840 353.50
870 353.50
900 353.50
930 353.50
960 353.50
990 348.57
1020 346.10
1050 346.10
1080 346.10
1110 346.10
1140 346.10
1170 346.10
1200 348.60
1230 348.60
1260 348.60
1290 348.60
1320 348.60
1350 348.60
1380 354.43
1410 366.10
1440 366.10
1470 366.10
1500 366.10
1530 366.10
1560 366.10
1590 355.23
1620 349.80
1650 349.80
1680 349.80
1710 349.80
1740 349.80
1770 349.80
1800 348.00
1830 348.00
1860 348.00
1890 348.00
1920 348.00
1950 348.00
1980 353.70
2010 365.10
2040 365.10
2070 365.10
2100 365.10
2130 365.10
2160 365.10
2190 365.50
2220 365.70
2250 365.70
2280 365.70
2310 365.70
2340 365.70
2370 365.70
2400 343.00
2430 343.00
2460 343.00
2490 343.00
2520 343.00
2550 343.00
2580 353.13
2610 373.40
2640 373.40
2670 373.40
2700 373.40
2730 373.40
2760 373.40
2790 371.13
2820 370.00
2850 370.00
2880 370.00
2910 370.00
2940 370.00
2970 370.00
