0 20.00
1 440.00
2 220.00
3 240.00
4 420.00
5 240.00
6 220.00
7 220.00
8 500.00
9 220.00
10 240.00
11 240.00
12 260.00
13 240.00
14 260.00
15 460.00
16 480.00
17 320.00
18 200.00
19 220.00
20 240.00
21 240.00
22 480.00
23 220.00
24 220.00
25 240.00
26 280.00
27 480.00
28 240.00
29 480.00
30 240.00
31 280.00
32 240.00
33 240.00
34 500.00
35 240.00
36 220.00
37 440.00
38 500.00
39 220.00
40 500.00
41 220.00
42 480.00
43 200.00
44 220.00
45 240.00
46 260.00
47 240.00
48 220.00
49 240.00
50 240.00
51 220.00
52 240.00
53 240.00
54 240.00
55 300.00
56 200.00
57 500.00
58 240.00
59 240.00
60 500.00
61 240.00
62 240.00
63 240.00
64 480.00
65 500.00
66 220.00
67 240.00
68 300.00
69 220.00
70 240.00
71 220.00
72 480.00
73 240.00
74 240.00
75 220.00
76 240.00
77 240.00
78 240.00
79 300.00
80 240.00
81 500.00
82 240.00
83 220.00
84 220.00
85 240.00
86 240.00
87 240.00
88 240.00
89 220.00
90 500.00
91 220.00
92 240.00
93 300.00
94 220.00
95 460.00
96 240.00
97 240.00
98 240.00
99 240.00
100 240.00
101 240.00
102 480.00
103 220.00
104 220.00
105 500.00
106 220.00
107 240.00
108 460.00
109 300.00
110 240.00
111 240.00
112 480.00
113 240.00
114 220.00
115 480.00
116 500.00
117 240.00
118 240.00
119 400.00
120 240.00
121 240.00
122 460.00
123 240.00
124 240.00
125 240.00
126 500.00
127 480.00
128 240.00
129 240.00
130 240.00
131 500.00
132 460.00
133 240.00
134 200.00
135 240.00
136 240.00
137 240.00
138 500.00
139 240.00
140 220.00
141 260.00
142 220.00
143 220.00
144 240.00
145 360.00
146 460.00
147 240.00
148 240.00
149 220.00
150 240.00
151 240.00
152 240.00
153 240.00
154 240.00
155 200.00
156 220.00
157 480.00
158 240.00
159 240.00
160 240.00
161 280.00
162 500.00
163 240.00
164 240.00
165 240.00
166 240.00
167 220.00
168 240.00
169 480.00
170 240.00
171 240.00
172 240.00
173 240.00
174 220.00
175 240.00
176 240.00
177 240.00
178 220.00
179 240.00
180 240.00
181 200.00
182 240.00
183 220.00
184 240.00
185 240.00
186 240.00
187 280.00
188 240.00
189 240.00
190 240.00
191 240.00
192 500.00
193 220.00
194 200.00
195 240.00
196 240.00
197 240.00
198 500.00
199 340.00
200 240.00
201 500.00
202 240.00
203 220.00
204 500.00
205 220.00
206 240.00
207 240.00
208 220.00
209 500.00
210 500.00
211 240.00
212 240.00
213 240.00
214 240.00
215 240.00
216 480.00
217 240.00
218 240.00
219 260.00
220 240.00
221 220.00
222 420.00
223 220.00
224 240.00
225 220.00
226 240.00
227 220.00
228 240.00
229 500.00
230 320.00
231 500.00
232 240.00
233 240.00
234 460.00
235 240.00
236 240.00
237 240.00
238 240.00
239 500.00
240 480.00
241 240.00
242 480.00
243 220.00
244 240.00
245 440.00
246 220.00
247 240.00
248 500.00
249 480.00
250 240.00
251 240.00
252 480.00
253 240.00
254 240.00
255 380.00
256 240.00
257 480.00
258 220.00
259 200.00
260 220.00
261 240.00
262 240.00
263 500.00
264 240.00
265 240.00
266 420.00
267 220.00
268 280.00
269 240.00
270 240.00
271 240.00
272 240.00
273 240.00
274 500.00
275 480.00
276 240.00
277 240.00
278 240.00
279 240.00
280 480.00
281 240.00
282 220.00
283 240.00
284 240.00
285 400.00
286 240.00
287 180.00
288 220.00
289 200.00
290 240.00
291 240.00
292 220.00
293 500.00
294 500.00
295 420.00
296 460.00
297 220.00
298 240.00
299 360.00
300 220.00
301 220.00
302 240.00
303 320.00
304 480.00
305 240.00
306 220.00
307 260.00
308 240.00
309 240.00
310 400.00
311 420.00
312 220.00
313 440.00
314 240.00
315 180.00
316 380.00
317 480.00
318 260.00
319 220.00
320 180.00
321 120.00
322 240.00
323 500.00
324 240.00
325 240.00
326 500.00
327 500.00
328 220.00
329 420.00
330 240.00
331 240.00
332 160.00
333 240.00
334 260.00
335 240.00
336 140.00
337 180.00
338 220.00
339 480.00
340 240.00
341 200.00
342 220.00
343 500.00
344 400.00
345 240.00
346 180.00
347 360.00
348 440.00
349 460.00
350 460.00
351 280.00
352 240.00
353 220.00
354 480.00
355 240.00
356 260.00
357 100.00
358 500.00
359 460.00
360 460.00
361 220.00
362 380.00
363 220.00
364 220.00
365 400.00
366 260.00
367 480.00
368 200.00
369 420.00
370 200.00
371 440.00
372 240.00
373 240.00
374 240.00
375 260.00
376 460.00
377 440.00
378 240.00
379 320.00
380 300.00
381 240.00
382 240.00
383 260.00
384 480.00
385 400.00
386 120.00
387 220.00
388 220.00
389 240.00
390 240.00
391 240.00
392 220.00
393 160.00
394 200.00
395 140.00
396 320.00
397 120.00
398 240.00
399 360.00
400 220.00
401 220.00
402 200.00
403 300.00
404 220.00
405 240.00
406 40.00
407 140.00
408 220.00
409 240.00
410 280.00
411 320.00
412 360.00
413 200.00
414 200.00
415 260.00
416 280.00
417 60.00
418 400.00
419 220.00
420 200.00
421 120.00
422 240.00
423 240.00
424 240.00
425 280.00
426 140.00
427 160.00
428 260.00
429 180.00
430 280.00
431 240.00
432 260.00
433 240.00
434 240.00
435 320.00
436 240.00
437 420.00
438 240.00
439 240.00
440 200.00
441 380.00
442 240.00
443 340.00
444 140.00
445 400.00
446 220.00
447 220.00
448 240.00
449 240.00
450 260.00
451 280.00
452 220.00
453 380.00
454 200.00
455 200.00
456 280.00
457 240.00
458 240.00
459 160.00
460 140.00
461 220.00
462 280.00
463 220.00
464 240.00
465 240.00
466 400.00
467 240.00
468 200.00
469 300.00
470 320.00
471 220.00
472 440.00
473 320.00
474 180.00
475 240.00
476 240.00
477 220.00
478 220.00
479 240.00
480 220.00
481 320.00
482 300.00
483 300.00
484 240.00
485 220.00
486 240.00
487 320.00
488 260.00
489 220.00
490 240.00
491 240.00
492 240.00
493 280.00
494 460.00
495 360.00
496 220.00
497 220.00
498 240.00
499 240.00
500 240.00
501 160.00
502 220.00
503 260.00
504 240.00
505 320.00
506 260.00
507 240.00
508 240.00
509 300.00
510 340.00
511 220.00
512 360.00
513 340.00
514 380.00
515 420.00
516 360.00
517 440.00
518 280.00
519 320.00
520 240.00
521 340.00
522 240.00
523 340.00
524 400.00
525 340.00
526 320.00
527 380.00
528 240.00
529 340.00
530 240.00
531 320.00
532 380.00
533 380.00
534 320.00
535 240.00
536 300.00
537 220.00
538 360.00
539 240.00
540 340.00
541 420.00
542 200.00
543 220.00
544 380.00
545 460.00
546 220.00
547 340.00
548 240.00
549 200.00
550 220.00
551 220.00
552 220.00
553 240.00
554 280.00
555 200.00
556 220.00
557 280.00
558 240.00
559 220.00
560 280.00
561 380.00
562 220.00
563 240.00
564 240.00
565 200.00
566 300.00
567 440.00
568 360.00
569 200.00
570 240.00
571 320.00
572 240.00
573 220.00
574 340.00
575 180.00
576 360.00
577 400.00
578 260.00
579 360.00
580 220.00
581 460.00
582 240.00
583 360.00
584 240.00
585 480.00
586 260.00
587 240.00
588 360.00
589 500.00
590 240.00
591 360.00
592 240.00
593 380.00
594 240.00
595 240.00
596 240.00
597 220.00
598 240.00
599 460.00
600 300.00
601 340.00
602 460.00
603 440.00
604 220.00
605 480.00
606 220.00
607 500.00
608 240.00
609 240.00
610 200.00
611 240.00
612 220.00
613 220.00
614 220.00
615 240.00
616 500.00
617 320.00
618 440.00
619 340.00
620 180.00
621 300.00
622 500.00
623 240.00
624 240.00
625 220.00
626 480.00
627 400.00
628 240.00
629 200.00
630 320.00
631 260.00
632 220.00
633 180.00
634 220.00
635 400.00
636 300.00
637 480.00
638 240.00
639 240.00
640 200.00
641 240.00
642 240.00
643 440.00
644 340.00
645 220.00
646 240.00
647 240.00
648 260.00
649 500.00
650 360.00
651 500.00
652 200.00
653 220.00
654 260.00
655 460.00
656 240.00
657 320.00
658 220.00
659 340.00
660 320.00
661 220.00
662 440.00
663 420.00
664 240.00
665 240.00
666 240.00
667 220.00
668 220.00
669 340.00
670 240.00
671 200.00
672 240.00
673 400.00
674 380.00
675 280.00
676 500.00
677 220.00
678 260.00
679 400.00
680 480.00
681 180.00
682 260.00
683 240.00
684 480.00
685 380.00
686 240.00
687 400.00
688 280.00
689 240.00
690 240.00
691 320.00
692 240.00
693 240.00
694 180.00
695 480.00
696 220.00
697 240.00
698 260.00
699 240.00
700 420.00
701 240.00
702 240.00
703 260.00
704 500.00
705 240.00
706 380.00
707 240.00
708 500.00
709 420.00
710 380.00
711 240.00
712 200.00
713 500.00
714 280.00
715 260.00
716 400.00
717 220.00
718 500.00
719 260.00
720 220.00
721 220.00
722 200.00
723 400.00
724 200.00
725 400.00
726 280.00
727 160.00
728 400.00
729 300.00
730 220.00
731 420.00
732 400.00
733 260.00
734 240.00
735 440.00
736 200.00
737 280.00
738 360.00
739 460.00
740 460.00
741 480.00
742 200.00
743 220.00
744 380.00
745 240.00
746 240.00
747 240.00
748 320.00
749 300.00
750 440.00
751 220.00
752 360.00
753 180.00
754 400.00
755 300.00
756 500.00
757 220.00
758 220.00
759 460.00
760 480.00
761 220.00
762 240.00
763 260.00
764 440.00
765 400.00
766 400.00
767 460.00
768 240.00
769 220.00
770 240.00
771 480.00
772 440.00
773 360.00
774 460.00
775 500.00
776 320.00
777 300.00
778 300.00
779 500.00
780 440.00
781 460.00
782 480.00
783 500.00
784 320.00
785 220.00
786 240.00
787 500.00
788 200.00
789 260.00
790 220.00
791 480.00
792 220.00
793 400.00
794 220.00
795 440.00
796 440.00
797 440.00
798 460.00
799 440.00
800 360.00
801 240.00
802 220.00
803 240.00
804 420.00
805 220.00
806 340.00
807 180.00
808 280.00
809 420.00
810 260.00
811 180.00
812 440.00
813 220.00
814 280.00
815 420.00
816 380.00
817 400.00
818 200.00
819 260.00
820 300.00
821 160.00
822 360.00
823 200.00
824 340.00
825 440.00
826 300.00
827 140.00
828 180.00
829 260.00
830 460.00
831 400.00
832 380.00
833 240.00
834 420.00
835 340.00
836 160.00
837 240.00
838 100.00
839 420.00
840 420.00
841 340.00
842 200.00
843 480.00
844 320.00
845 200.00
846 500.00
847 200.00
848 460.00
849 260.00
850 400.00
851 200.00
852 320.00
853 480.00
854 460.00
855 220.00
856 360.00
857 340.00
858 440.00
859 260.00
860 280.00
861 220.00
862 360.00
863 460.00
864 360.00
865 500.00
866 360.00
867 400.00
868 500.00
869 340.00
870 240.00
871 360.00
872 440.00
873 240.00
874 240.00
875 220.00
876 440.00
877 500.00
878 500.00
879 340.00
880 220.00
881 240.00
882 500.00
883 240.00
884 260.00
885 400.00
886 440.00
887 480.00
888 360.00
889 240.00
890 500.00
891 220.00
892 480.00
893 480.00
894 240.00
895 380.00
896 240.00
897 460.00
898 380.00
899 320.00
900 500.00
901 220.00
902 220.00
903 500.00
904 240.00
905 280.00
906 380.00
907 460.00
908 200.00
909 380.00
910 420.00
911 360.00
912 440.00
913 180.00
914 460.00
915 400.00
916 460.00
917 440.00
918 240.00
919 240.00
920 480.00
921 460.00
922 220.00
923 340.00
924 300.00
925 300.00
926 340.00
927 460.00
928 500.00
929 480.00
930 420.00
931 220.00
932 480.00
933 260.00
934 260.00
935 320.00
936 200.00
937 380.00
938 500.00
939 280.00
940 300.00
941 440.00
942 480.00
943 300.00
944 240.00
945 420.00
946 280.00
947 420.00
948 340.00
949 380.00
950 420.00
951 420.00
952 420.00
953 160.00
954 220.00
955 460.00
956 340.00
957 300.00
958 420.00
959 180.00
960 340.00
961 240.00
962 240.00
963 140.00
964 360.00
965 380.00
966 220.00
967 340.00
968 280.00
969 380.00
970 180.00
971 220.00
972 480.00
973 480.00
974 500.00
975 280.00
976 420.00
977 180.00
978 400.00
979 280.00
980 400.00
981 220.00
982 180.00
983 300.00
984 460.00
985 200.00
986 180.00
987 320.00
988 320.00
989 180.00
990 300.00
991 320.00
992 140.00
993 440.00
994 420.00
995 360.00
996 260.00
997 400.00
998 420.00
999 440.00
1000 360.00
1001 400.00
1002 380.00
1003 260.00
1004 240.00
1005 320.00
1006 420.00
1007 440.00
1008 360.00
1009 160.00
1010 340.00
1011 360.00
1012 280.00
1013 460.00
1014 300.00
1015 200.00
1016 240.00
1017 180.00
1018 320.00
1019 200.00
1020 160.00
1021 280.00
1022 460.00
1023 320.00
1024 200.00
1025 180.00
1026 400.00
1027 360.00
1028 400.00
1029 440.00
1030 460.00
1031 240.00
1032 420.00
1033 220.00
1034 480.00
1035 220.00
1036 260.00
1037 420.00
1038 340.00
1039 420.00
1040 300.00
1041 500.00
1042 220.00
1043 420.00
1044 480.00
1045 420.00
1046 260.00
1047 320.00
1048 220.00
1049 480.00
1050 220.00
1051 460.00
1052 240.00
1053 420.00
1054 420.00
1055 500.00
1056 440.00
1057 340.00
1058 220.00
1059 340.00
1060 160.00
1061 320.00
1062 260.00
1063 460.00
1064 440.00
1065 460.00
1066 500.00
1067 200.00
1068 200.00
1069 380.00
1070 320.00
1071 420.00
1072 480.00
1073 300.00
1074 500.00
1075 500.00
1076 220.00
1077 400.00
1078 240.00
1079 440.00
1080 240.00
1081 440.00
1082 440.00
1083 340.00
1084 360.00
1085 220.00
1086 500.00
1087 400.00
1088 480.00
1089 320.00
1090 200.00
1091 440.00
1092 460.00
1093 220.00
1094 480.00
1095 260.00
1096 460.00
1097 360.00
1098 220.00
1099 360.00
1100 200.00
1101 260.00
1102 220.00
1103 460.00
1104 380.00
1105 340.00
1106 220.00
1107 460.00
1108 260.00
1109 400.00
1110 240.00
1111 380.00
1112 220.00
1113 220.00
1114 380.00
1115 320.00
1116 240.00
1117 200.00
1118 360.00
1119 120.00
1120 180.00
1121 180.00
1122 240.00
1123 440.00
1124 420.00
1125 320.00
1126 320.00
1127 260.00
1128 300.00
1129 420.00
1130 360.00
1131 360.00
1132 180.00
1133 300.00
1134 320.00
1135 440.00
1136 200.00
1137 300.00
1138 300.00
1139 220.00
1140 240.00
1141 180.00
1142 380.00
1143 280.00
1144 200.00
1145 340.00
1146 320.00
1147 360.00
1148 380.00
1149 500.00
1150 440.00
1151 400.00
1152 400.00
1153 400.00
1154 380.00
1155 240.00
1156 320.00
1157 400.00
1158 440.00
1159 400.00
1160 200.00
1161 240.00
1162 420.00
1163 380.00
1164 420.00
1165 340.00
1166 260.00
1167 240.00
1168 320.00
1169 300.00
1170 380.00
1171 260.00
1172 280.00
1173 400.00
1174 300.00
1175 460.00
1176 260.00
1177 240.00
1178 420.00
1179 180.00
1180 360.00
1181 380.00
1182 500.00
1183 200.00
1184 320.00
1185 340.00
1186 140.00
1187 360.00
1188 320.00
1189 360.00
1190 420.00
1191 480.00
1192 400.00
1193 360.00
1194 440.00
1195 380.00
1196 240.00
1197 260.00
1198 380.00
1199 420.00
1200 360.00
1201 440.00
1202 260.00
1203 280.00
1204 340.00
1205 360.00
1206 360.00
1207 360.00
1208 460.00
1209 420.00
1210 160.00
1211 220.00
1212 380.00
1213 380.00
1214 320.00
1215 400.00
1216 200.00
1217 360.00
1218 420.00
1219 500.00
1220 400.00
1221 460.00
1222 440.00
1223 400.00
1224 440.00
1225 320.00
1226 460.00
1227 400.00
1228 420.00
1229 400.00
1230 460.00
1231 340.00
1232 420.00
1233 280.00
1234 360.00
1235 400.00
1236 340.00
1237 240.00
1238 400.00
1239 240.00
1240 340.00
1241 460.00
1242 340.00
1243 240.00
1244 380.00
1245 300.00
1246 380.00
1247 420.00
1248 320.00
1249 300.00
1250 340.00
1251 420.00
1252 480.00
1253 280.00
1254 440.00
1255 400.00
1256 300.00
1257 460.00
1258 400.00
1259 500.00
1260 360.00
1261 280.00
1262 440.00
1263 400.00
1264 220.00
1265 220.00
1266 360.00
1267 220.00
1268 160.00
1269 160.00
1270 240.00
1271 440.00
1272 220.00
1273 420.00
1274 440.00
1275 360.00
1276 440.00
1277 200.00
1278 460.00
1279 200.00
1280 220.00
1281 260.00
1282 380.00
1283 500.00
1284 420.00
1285 200.00
1286 340.00
1287 320.00
1288 200.00
1289 420.00
1290 480.00
1291 460.00
1292 400.00
1293 220.00
1294 380.00
1295 400.00
1296 420.00
1297 320.00
1298 260.00
1299 440.00
1300 200.00
1301 260.00
1302 460.00
1303 200.00
1304 380.00
1305 140.00
1306 180.00
1307 240.00
1308 340.00
1309 420.00
1310 400.00
1311 340.00
1312 440.00
1313 420.00
1314 200.00
1315 480.00
1316 200.00
1317 200.00
1318 480.00
1319 380.00
1320 160.00
1321 280.00
1322 200.00
1323 280.00
1324 480.00
1325 460.00
1326 420.00
1327 140.00
1328 380.00
1329 200.00
1330 400.00
1331 360.00
1332 220.00
1333 300.00
1334 300.00
1335 360.00
1336 200.00
1337 380.00
1338 160.00
1339 440.00
1340 400.00
1341 340.00
1342 220.00
1343 340.00
1344 180.00
1345 360.00
1346 200.00
1347 220.00
1348 420.00
1349 280.00
1350 400.00
1351 240.00
1352 340.00
1353 340.00
1354 460.00
1355 420.00
1356 200.00
1357 340.00
1358 280.00
1359 200.00
1360 380.00
1361 300.00
1362 340.00
1363 400.00
1364 420.00
1365 380.00
1366 440.00
1367 180.00
1368 200.00
1369 480.00
1370 260.00
1371 340.00
1372 440.00
1373 220.00
1374 240.00
1375 480.00
1376 480.00
1377 320.00
1378 380.00
1379 360.00
1380 500.00
1381 360.00
1382 220.00
1383 160.00
1384 240.00
1385 220.00
1386 360.00
1387 140.00
1388 360.00
1389 140.00
1390 420.00
1391 300.00
1392 380.00
1393 360.00
1394 500.00
1395 400.00
1396 260.00
1397 240.00
1398 300.00
1399 200.00
1400 320.00
1401 220.00
1402 260.00
1403 460.00
1404 260.00
1405 220.00
1406 200.00
1407 480.00
1408 320.00
1409 260.00
1410 360.00
1411 360.00
1412 380.00
1413 380.00
1414 260.00
1415 420.00
1416 460.00
1417 300.00
1418 380.00
1419 360.00
1420 240.00
1421 460.00
1422 360.00
1423 100.00
1424 200.00
1425 480.00
1426 220.00
1427 200.00
1428 380.00
1429 220.00
1430 320.00
1431 380.00
1432 400.00
1433 300.00
1434 460.00
1435 180.00
1436 400.00
1437 460.00
1438 380.00
1439 400.00
1440 500.00
1441 340.00
1442 420.00
1443 240.00
1444 160.00
1445 320.00
1446 360.00
1447 440.00
1448 180.00
1449 340.00
1450 180.00
1451 360.00
1452 240.00
1453 360.00
1454 480.00
1455 380.00
1456 400.00
1457 380.00
1458 500.00
1459 400.00
1460 400.00
1461 480.00
1462 220.00
1463 280.00
1464 460.00
1465 320.00
1466 460.00
1467 380.00
1468 220.00
1469 280.00
1470 420.00
1471 440.00
1472 180.00
1473 500.00
1474 180.00
1475 420.00
1476 460.00
1477 200.00
1478 300.00
1479 400.00
1480 400.00
1481 300.00
1482 440.00
1483 420.00
1484 500.00
1485 240.00
1486 180.00
1487 160.00
1488 480.00
1489 400.00
1490 140.00
1491 380.00
1492 480.00
1493 300.00
1494 400.00
1495 200.00
1496 220.00
1497 400.00
1498 480.00
1499 160.00
1500 180.00
1501 340.00
1502 260.00
1503 360.00
1504 300.00
1505 280.00
1506 340.00
1507 400.00
1508 440.00
1509 380.00
1510 460.00
1511 460.00
1512 380.00
1513 320.00
1514 400.00
1515 280.00
1516 420.00
1517 480.00
1518 220.00
1519 420.00
1520 220.00
1521 440.00
1522 320.00
1523 380.00
1524 460.00
1525 480.00
1526 400.00
1527 500.00
1528 180.00
1529 440.00
1530 200.00
1531 360.00
1532 480.00
1533 380.00
1534 200.00
1535 380.00
1536 420.00
1537 380.00
1538 380.00
1539 400.00
1540 260.00
1541 440.00
1542 440.00
1543 460.00
1544 380.00
1545 200.00
1546 380.00
1547 440.00
1548 500.00
1549 400.00
1550 220.00
1551 400.00
1552 420.00
1553 260.00
1554 420.00
1555 360.00
1556 380.00
1557 380.00
1558 400.00
1559 360.00
1560 160.00
1561 480.00
1562 440.00
1563 240.00
1564 360.00
1565 240.00
1566 380.00
1567 200.00
1568 460.00
1569 420.00
1570 260.00
1571 400.00
1572 420.00
1573 240.00
1574 220.00
1575 280.00
1576 380.00
1577 380.00
1578 420.00
1579 500.00
1580 400.00
1581 260.00
1582 380.00
1583 400.00
1584 500.00
1585 340.00
1586 200.00
1587 200.00
1588 480.00
1589 360.00
1590 120.00
1591 360.00
1592 440.00
1593 240.00
1594 160.00
1595 320.00
1596 440.00
1597 400.00
1598 400.00
1599 460.00
1600 500.00
1601 300.00
1602 380.00
1603 260.00
1604 360.00
1605 340.00
1606 320.00
1607 480.00
1608 200.00
1609 440.00
1610 280.00
1611 340.00
1612 180.00
1613 240.00
1614 420.00
1615 300.00
1616 480.00
1617 300.00
1618 280.00
1619 120.00
1620 360.00
1621 260.00
1622 380.00
1623 160.00
1624 120.00
1625 280.00
1626 460.00
1627 380.00
1628 180.00
1629 460.00
1630 480.00
1631 240.00
1632 220.00
1633 440.00
1634 400.00
1635 280.00
1636 400.00
1637 380.00
1638 400.00
1639 200.00
1640 400.00
1641 380.00
1642 440.00
1643 140.00
1644 220.00
1645 240.00
1646 180.00
1647 480.00
1648 160.00
1649 400.00
1650 200.00
1651 480.00
1652 160.00
1653 420.00
1654 220.00
1655 360.00
1656 240.00
1657 340.00
1658 180.00
1659 200.00
1660 380.00
1661 420.00
1662 200.00
1663 260.00
1664 480.00
1665 440.00
1666 380.00
1667 400.00
1668 480.00
1669 440.00
1670 420.00
1671 400.00
1672 380.00
1673 400.00
1674 360.00
1675 400.00
1676 440.00
1677 400.00
1678 340.00
1679 360.00
1680 360.00
1681 340.00
1682 360.00
1683 260.00
1684 440.00
1685 380.00
1686 400.00
1687 440.00
1688 200.00
1689 320.00
1690 360.00
1691 360.00
1692 420.00
1693 320.00
1694 220.00
1695 240.00
1696 360.00
1697 340.00
1698 380.00
1699 320.00
1700 360.00
1701 160.00
1702 480.00
1703 180.00
1704 400.00
1705 240.00
1706 280.00
1707 260.00
1708 200.00
1709 340.00
1710 340.00
1711 360.00
1712 380.00
1713 440.00
1714 360.00
1715 200.00
1716 260.00
1717 180.00
1718 360.00
1719 400.00
1720 420.00
1721 420.00
1722 420.00
1723 380.00
1724 180.00
1725 420.00
1726 320.00
1727 340.00
1728 240.00
1729 180.00
1730 360.00
1731 400.00
1732 400.00
1733 380.00
1734 420.00
1735 420.00
1736 460.00
1737 320.00
1738 180.00
1739 400.00
1740 180.00
1741 420.00
1742 340.00
1743 340.00
1744 400.00
1745 280.00
1746 220.00
1747 340.00
1748 400.00
1749 400.00
1750 200.00
1751 480.00
1752 440.00
1753 460.00
1754 300.00
1755 380.00
1756 220.00
1757 340.00
1758 380.00
1759 420.00
1760 360.00
1761 220.00
1762 300.00
1763 340.00
1764 420.00
1765 320.00
1766 200.00
1767 360.00
1768 380.00
1769 280.00
1770 480.00
1771 340.00
1772 420.00
1773 280.00
1774 440.00
1775 340.00
1776 440.00
1777 340.00
1778 420.00
1779 340.00
1780 440.00
1781 400.00
1782 380.00
1783 380.00
1784 380.00
1785 240.00
1786 300.00
1787 400.00
1788 240.00
1789 320.00
1790 180.00
1791 360.00
1792 440.00
1793 500.00
1794 360.00
1795 420.00
1796 220.00
1797 420.00
1798 300.00
1799 400.00
1800 240.00
1801 220.00
1802 300.00
1803 220.00
1804 360.00
1805 380.00
1806 320.00
1807 320.00
1808 180.00
1809 140.00
1810 260.00
1811 400.00
1812 500.00
1813 380.00
1814 320.00
1815 480.00
1816 360.00
1817 340.00
1818 340.00
1819 220.00
1820 200.00
1821 480.00
1822 240.00
1823 360.00
1824 160.00
1825 300.00
1826 260.00
1827 440.00
1828 160.00
1829 440.00
1830 200.00
1831 280.00
1832 500.00
1833 160.00
1834 420.00
1835 240.00
1836 420.00
1837 260.00
1838 260.00
1839 180.00
1840 220.00
1841 460.00
1842 300.00
1843 320.00
1844 160.00
1845 260.00
1846 220.00
1847 340.00
1848 480.00
1849 400.00
1850 320.00
1851 200.00
1852 240.00
1853 400.00
1854 380.00
1855 200.00
1856 280.00
1857 480.00
1858 440.00
1859 500.00
1860 220.00
1861 220.00
1862 480.00
1863 460.00
1864 420.00
1865 360.00
1866 220.00
1867 500.00
1868 180.00
1869 340.00
1870 420.00
1871 320.00
1872 460.00
1873 160.00
1874 380.00
1875 300.00
1876 420.00
1877 320.00
1878 160.00
1879 200.00
1880 200.00
1881 500.00
1882 420.00
1883 260.00
1884 400.00
1885 380.00
1886 220.00
1887 280.00
1888 240.00
1889 380.00
1890 140.00
1891 300.00
1892 320.00
1893 340.00
1894 360.00
1895 320.00
1896 480.00
1897 220.00
1898 200.00
1899 360.00
1900 340.00
1901 400.00
1902 400.00
1903 480.00
1904 380.00
1905 380.00
1906 200.00
1907 440.00
1908 260.00
1909 400.00
1910 340.00
1911 380.00
1912 300.00
1913 400.00
1914 400.00
1915 460.00
1916 260.00
1917 400.00
1918 280.00
1919 400.00
1920 340.00
1921 240.00
1922 200.00
1923 140.00
1924 180.00
1925 420.00
1926 260.00
1927 460.00
1928 340.00
1929 340.00
1930 140.00
1931 380.00
1932 300.00
1933 400.00
1934 440.00
1935 240.00
1936 340.00
1937 240.00
1938 180.00
1939 340.00
1940 300.00
1941 500.00
1942 200.00
1943 200.00
1944 360.00
1945 400.00
1946 460.00
1947 480.00
1948 320.00
1949 480.00
1950 320.00
1951 400.00
1952 220.00
1953 260.00
1954 360.00
1955 240.00
1956 400.00
1957 160.00
1958 420.00
1959 320.00
1960 200.00
1961 340.00
1962 380.00
1963 380.00
1964 460.00
1965 480.00
1966 380.00
1967 340.00
1968 380.00
1969 340.00
1970 420.00
1971 380.00
1972 220.00
1973 220.00
1974 480.00
1975 380.00
1976 460.00
1977 460.00
1978 340.00
1979 400.00
1980 240.00
1981 220.00
1982 320.00
1983 340.00
1984 340.00
1985 200.00
1986 460.00
1987 380.00
1988 380.00
1989 400.00
1990 220.00
1991 200.00
1992 260.00
1993 300.00
1994 200.00
1995 400.00
1996 420.00
1997 280.00
1998 420.00
1999 380.00
2000 460.00
2001 340.00
2002 360.00
2003 420.00
2004 340.00
2005 180.00
2006 360.00
2007 380.00
2008 280.00
2009 200.00
2010 300.00
2011 400.00
2012 400.00
2013 200.00
2014 320.00
2015 360.00
2016 400.00
2017 320.00
2018 380.00
2019 380.00
2020 380.00
2021 440.00
2022 420.00
2023 460.00
2024 260.00
2025 240.00
2026 180.00
2027 280.00
2028 460.00
2029 440.00
2030 220.00
2031 480.00
2032 360.00
2033 240.00
2034 360.00
2035 400.00
2036 340.00
2037 240.00
2038 340.00
2039 340.00
2040 460.00
2041 180.00
2042 420.00
2043 360.00
2044 420.00
2045 400.00
2046 300.00
2047 420.00
2048 340.00
2049 380.00
2050 320.00
2051 460.00
2052 360.00
2053 360.00
2054 400.00
2055 500.00
2056 220.00
2057 440.00
2058 320.00
2059 340.00
2060 500.00
2061 400.00
2062 180.00
2063 460.00
2064 440.00
2065 180.00
2066 420.00
2067 300.00
2068 320.00
2069 500.00
2070 440.00
2071 440.00
2072 420.00
2073 200.00
2074 260.00
2075 420.00
2076 400.00
2077 480.00
2078 480.00
2079 240.00
2080 400.00
2081 180.00
2082 220.00
2083 440.00
2084 420.00
2085 380.00
2086 240.00
2087 420.00
2088 240.00
2089 420.00
2090 380.00
2091 340.00
2092 220.00
2093 480.00
2094 400.00
2095 380.00
2096 360.00
2097 200.00
2098 360.00
2099 380.00
2100 300.00
2101 240.00
2102 200.00
2103 380.00
2104 340.00
2105 180.00
2106 200.00
2107 500.00
2108 260.00
2109 360.00
2110 400.00
2111 380.00
2112 360.00
2113 440.00
2114 500.00
2115 360.00
2116 280.00
2117 360.00
2118 320.00
2119 340.00
2120 260.00
2121 460.00
2122 220.00
2123 260.00
2124 420.00
2125 400.00
2126 300.00
2127 260.00
2128 280.00
2129 360.00
2130 380.00
2131 360.00
2132 360.00
2133 340.00
2134 320.00
2135 380.00
2136 500.00
2137 320.00
2138 380.00
2139 240.00
2140 240.00
2141 500.00
2142 180.00
2143 240.00
2144 220.00
2145 500.00
2146 360.00
2147 380.00
2148 80.00
2149 480.00
2150 360.00
2151 440.00
2152 440.00
2153 420.00
2154 400.00
2155 300.00
2156 380.00
2157 360.00
2158 380.00
2159 400.00
2160 340.00
2161 480.00
2162 440.00
2163 440.00
2164 420.00
2165 420.00
2166 360.00
2167 340.00
2168 220.00
2169 420.00
2170 420.00
2171 380.00
2172 460.00
2173 360.00
2174 300.00
2175 380.00
2176 160.00
2177 460.00
2178 440.00
2179 400.00
2180 220.00
2181 260.00
2182 400.00
2183 300.00
2184 320.00
2185 200.00
2186 360.00
2187 340.00
2188 400.00
2189 420.00
2190 420.00
2191 220.00
2192 340.00
2193 320.00
2194 400.00
2195 420.00
2196 460.00
2197 100.00
2198 400.00
2199 380.00
2200 300.00
2201 220.00
2202 460.00
2203 400.00
2204 380.00
2205 480.00
2206 380.00
2207 380.00
2208 380.00
2209 220.00
2210 240.00
2211 300.00
2212 380.00
2213 160.00
2214 380.00
2215 420.00
2216 360.00
2217 360.00
2218 340.00
2219 240.00
2220 320.00
2221 420.00
2222 460.00
2223 360.00
2224 500.00
2225 460.00
2226 460.00
2227 380.00
2228 280.00
2229 360.00
2230 460.00
2231 360.00
2232 240.00
2233 360.00
2234 460.00
2235 220.00
2236 460.00
2237 200.00
2238 380.00
2239 360.00
2240 280.00
2241 480.00
2242 360.00
2243 280.00
2244 400.00
2245 400.00
2246 380.00
2247 140.00
2248 400.00
2249 440.00
2250 300.00
2251 400.00
2252 200.00
2253 380.00
2254 360.00
2255 380.00
2256 440.00
2257 140.00
2258 200.00
2259 240.00
2260 260.00
2261 460.00
2262 440.00
2263 240.00
2264 460.00
2265 300.00
2266 360.00
2267 480.00
2268 360.00
2269 340.00
2270 260.00
2271 460.00
2272 380.00
2273 420.00
2274 400.00
2275 200.00
2276 360.00
2277 460.00
2278 400.00
2279 220.00
2280 400.00
2281 440.00
2282 180.00
2283 360.00
2284 400.00
2285 280.00
2286 460.00
2287 400.00
2288 220.00
2289 380.00
2290 260.00
2291 260.00
2292 260.00
2293 360.00
2294 320.00
2295 460.00
2296 380.00
2297 200.00
2298 360.00
2299 360.00
2300 320.00
2301 280.00
2302 260.00
2303 160.00
2304 380.00
2305 240.00
2306 380.00
2307 200.00
2308 120.00
2309 160.00
2310 280.00
2311 220.00
2312 380.00
2313 320.00
2314 400.00
2315 460.00
2316 400.00
2317 460.00
2318 220.00
2319 300.00
2320 280.00
2321 360.00
2322 500.00
2323 440.00
2324 380.00
2325 400.00
2326 220.00
2327 480.00
2328 440.00
2329 340.00
2330 380.00
2331 400.00
2332 460.00
2333 280.00
2334 400.00
2335 440.00
2336 480.00
2337 360.00
2338 320.00
2339 260.00
2340 200.00
2341 440.00
2342 360.00
2343 480.00
2344 360.00
2345 320.00
2346 380.00
2347 300.00
2348 360.00
2349 460.00
2350 220.00
2351 500.00
2352 320.00
2353 440.00
2354 260.00
2355 460.00
2356 240.00
2357 360.00
2358 160.00
2359 440.00
2360 320.00
2361 400.00
2362 260.00
2363 220.00
2364 160.00
2365 260.00
2366 320.00
2367 400.00
2368 360.00
2369 300.00
2370 320.00
2371 260.00
2372 180.00
2373 400.00
2374 360.00
2375 360.00
2376 300.00
2377 160.00
2378 340.00
2379 240.00
2380 340.00
2381 240.00
2382 280.00
2383 380.00
2384 360.00
2385 380.00
2386 400.00
2387 320.00
2388 380.00
2389 240.00
2390 440.00
2391 400.00
2392 420.00
2393 380.00
2394 220.00
2395 420.00
2396 360.00
2397 320.00
2398 420.00
2399 320.00
2400 300.00
2401 360.00
2402 420.00
2403 420.00
2404 400.00
2405 420.00
2406 440.00
2407 200.00
2408 200.00
2409 260.00
2410 420.00
2411 240.00
2412 180.00
2413 300.00
2414 300.00
2415 300.00
2416 440.00
2417 320.00
2418 400.00
2419 200.00
2420 180.00
2421 380.00
2422 400.00
2423 120.00
2424 300.00
2425 320.00
2426 240.00
2427 280.00
2428 340.00
2429 280.00
2430 340.00
2431 460.00
2432 300.00
2433 380.00
2434 220.00
2435 220.00
2436 280.00
2437 460.00
2438 440.00
2439 200.00
2440 360.00
2441 500.00
2442 340.00
2443 460.00
2444 380.00
2445 240.00
2446 200.00
2447 500.00
2448 300.00
2449 300.00
2450 340.00
2451 280.00
2452 360.00
2453 340.00
2454 300.00
2455 240.00
2456 280.00
2457 340.00
2458 360.00
2459 220.00
2460 320.00
2461 420.00
2462 360.00
2463 400.00
2464 400.00
2465 400.00
2466 440.00
2467 380.00
2468 360.00
2469 360.00
2470 480.00
2471 440.00
2472 320.00
2473 460.00
2474 480.00
2475 320.00
2476 440.00
2477 420.00
2478 260.00
2479 480.00
2480 440.00
2481 460.00
2482 500.00
2483 420.00
2484 420.00
2485 220.00
2486 160.00
2487 420.00
2488 380.00
2489 500.00
2490 220.00
2491 240.00
2492 380.00
2493 320.00
2494 460.00
2495 320.00
2496 240.00
2497 240.00
2498 260.00
2499 360.00
2500 320.00
2501 380.00
2502 200.00
2503 340.00
2504 460.00
2505 380.00
2506 320.00
2507 400.00
2508 400.00
2509 280.00
2510 360.00
2511 380.00
2512 320.00
2513 320.00
2514 440.00
2515 320.00
2516 240.00
2517 400.00
2518 380.00
2519 260.00
2520 380.00
2521 340.00
2522 380.00
2523 340.00
2524 360.00
2525 260.00
2526 260.00
2527 240.00
2528 400.00
2529 400.00
2530 260.00
2531 360.00
2532 360.00
2533 440.00
2534 200.00
2535 260.00
2536 340.00
2537 360.00
2538 440.00
2539 360.00
2540 320.00
2541 420.00
2542 360.00
2543 400.00
2544 220.00
2545 380.00
2546 220.00
2547 400.00
2548 340.00
2549 340.00
2550 280.00
2551 460.00
2552 380.00
2553 440.00
2554 440.00
2555 160.00
2556 340.00
2557 460.00
2558 220.00
2559 360.00
2560 340.00
2561 280.00
2562 460.00
2563 320.00
2564 320.00
2565 360.00
2566 240.00
2567 380.00
2568 300.00
2569 340.00
2570 360.00
2571 440.00
2572 260.00
2573 360.00
2574 480.00
2575 460.00
2576 340.00
2577 420.00
2578 220.00
2579 380.00
2580 220.00
2581 220.00
2582 280.00
2583 280.00
2584 200.00
2585 260.00
2586 220.00
2587 480.00
2588 220.00
2589 460.00
2590 360.00
2591 380.00
2592 380.00
2593 120.00
2594 340.00
2595 460.00
2596 260.00
2597 400.00
2598 220.00
2599 240.00
2600 280.00
2601 380.00
2602 220.00
2603 160.00
2604 380.00
2605 340.00
2606 420.00
2607 400.00
2608 260.00
2609 200.00
2610 180.00
2611 380.00
2612 440.00
2613 200.00
2614 340.00
2615 180.00
2616 360.00
2617 400.00
2618 280.00
2619 380.00
2620 300.00
2621 400.00
2622 380.00
2623 380.00
2624 380.00
2625 120.00
2626 360.00
2627 380.00
2628 380.00
2629 340.00
2630 220.00
2631 300.00
2632 300.00
2633 360.00
2634 260.00
2635 320.00
2636 360.00
2637 240.00
2638 380.00
2639 180.00
2640 380.00
2641 400.00
2642 400.00
2643 380.00
2644 420.00
2645 440.00
2646 440.00
2647 420.00
2648 500.00
2649 380.00
2650 220.00
2651 140.00
2652 400.00
2653 380.00
2654 380.00
2655 260.00
2656 380.00
2657 400.00
2658 240.00
2659 480.00
2660 240.00
2661 340.00
2662 180.00
2663 400.00
2664 360.00
2665 400.00
2666 400.00
2667 380.00
2668 400.00
2669 380.00
2670 260.00
2671 320.00
2672 340.00
2673 200.00
2674 220.00
2675 240.00
2676 120.00
2677 140.00
2678 120.00
2679 220.00
2680 360.00
2681 380.00
2682 280.00
2683 200.00
2684 320.00
2685 280.00
2686 360.00
2687 400.00
2688 480.00
2689 240.00
2690 400.00
2691 200.00
2692 420.00
2693 220.00
2694 320.00
2695 400.00
2696 260.00
2697 380.00
2698 460.00
2699 420.00
2700 360.00
2701 160.00
2702 380.00
2703 380.00
2704 340.00
2705 400.00
2706 280.00
2707 380.00
2708 320.00
2709 280.00
2710 360.00
2711 260.00
2712 400.00
2713 300.00
2714 380.00
2715 120.00
2716 240.00
2717 220.00
2718 460.00
2719 420.00
2720 380.00
2721 420.00
2722 200.00
2723 340.00
2724 360.00
2725 440.00
2726 220.00
2727 340.00
2728 400.00
2729 220.00
2730 160.00
2731 420.00
2732 380.00
2733 500.00
2734 420.00
2735 280.00
2736 340.00
2737 480.00
2738 300.00
2739 400.00
2740 200.00
2741 380.00
2742 280.00
2743 420.00
2744 400.00
2745 440.00
2746 200.00
2747 180.00
2748 180.00
2749 200.00
2750 160.00
2751 480.00
2752 400.00
2753 240.00
2754 360.00
2755 400.00
2756 280.00
2757 420.00
2758 420.00
2759 420.00
2760 340.00
2761 240.00
2762 240.00
2763 360.00
2764 340.00
2765 260.00
2766 220.00
2767 240.00
2768 320.00
2769 320.00
2770 340.00
2771 440.00
2772 220.00
2773 260.00
2774 400.00
2775 460.00
2776 400.00
2777 500.00
2778 240.00
2779 380.00
2780 380.00
2781 340.00
2782 240.00
2783 300.00
2784 180.00
2785 240.00
2786 480.00
2787 180.00
2788 320.00
2789 360.00
2790 340.00
2791 420.00
2792 460.00
2793 420.00
2794 460.00
2795 280.00
2796 180.00
2797 320.00
2798 220.00
2799 300.00
2800 460.00
2801 400.00
2802 180.00
2803 380.00
2804 240.00
2805 460.00
2806 460.00
2807 380.00
2808 440.00
2809 240.00
2810 340.00
2811 440.00
2812 400.00
2813 420.00
2814 440.00
2815 220.00
2816 380.00
2817 420.00
2818 440.00
2819 460.00
2820 400.00
2821 240.00
2822 500.00
2823 480.00
2824 460.00
2825 360.00
2826 360.00
2827 420.00
2828 360.00
2829 320.00
2830 360.00
2831 260.00
2832 400.00
2833 460.00
2834 360.00
2835 360.00
2836 400.00
2837 400.00
2838 220.00
2839 460.00
2840 360.00
2841 480.00
2842 380.00
2843 440.00
2844 480.00
2845 440.00
2846 420.00
2847 280.00
2848 400.00
2849 500.00
2850 240.00
2851 460.00
2852 220.00
2853 320.00
2854 440.00
2855 380.00
2856 500.00
2857 360.00
2858 320.00
2859 300.00
2860 500.00
2861 380.00
2862 360.00
2863 400.00
2864 420.00
2865 200.00
2866 340.00
2867 320.00
2868 380.00
2869 380.00
2870 260.00
2871 280.00
2872 280.00
2873 400.00
2874 460.00
2875 320.00
2876 440.00
2877 380.00
2878 460.00
2879 320.00
2880 300.00
2881 360.00
2882 380.00
2883 260.00
2884 440.00
2885 400.00
2886 300.00
2887 280.00
2888 480.00
2889 260.00
2890 380.00
2891 380.00
2892 440.00
2893 380.00
2894 420.00
2895 440.00
2896 360.00
2897 420.00
2898 360.00
2899 500.00
2900 400.00
2901 320.00
2902 320.00
2903 440.00
2904 360.00
2905 380.00
2906 180.00
2907 440.00
2908 420.00
2909 200.00
2910 400.00
2911 440.00
2912 440.00
2913 420.00
2914 240.00
2915 200.00
2916 180.00
2917 340.00
2918 180.00
2919 380.00
2920 340.00
2921 420.00
2922 420.00
2923 440.00
2924 380.00
2925 440.00
2926 180.00
2927 360.00
2928 220.00
2929 360.00
2930 180.00
2931 280.00
2932 420.00
2933 420.00
2934 420.00
2935 400.00
2936 320.00
2937 160.00
2938 220.00
2939 160.00
2940 480.00
2941 300.00
2942 380.00
2943 240.00
2944 180.00
2945 180.00
2946 440.00
2947 300.00
2948 320.00
2949 340.00
2950 160.00
2951 380.00
2952 400.00
2953 320.00
2954 280.00
2955 500.00
2956 420.00
2957 380.00
2958 200.00
2959 420.00
2960 240.00
2961 460.00
2962 280.00
2963 440.00
2964 420.00
2965 280.00
2966 340.00
2967 400.00
2968 400.00
2969 320.00
2970 440.00
2971 240.00
2972 500.00
2973 480.00
2974 440.00
2975 280.00
2976 400.00
2977 380.00
2978 360.00
2979 360.00
2980 320.00
2981 200.00
2982 140.00
2983 440.00
2984 420.00
2985 480.00
2986 420.00
2987 380.00
2988 420.00
2989 440.00
2990 460.00
2991 320.00
2992 420.00
2993 420.00
2994 380.00
2995 500.00
2996 260.00
2997 500.00
2998 240.00
2999 420.00
