0 146.00
1 146.00
2 146.00
3 140.00
4 155.00
5 163.00
6 147.00
7 140.00
8 176.00
9 168.00
10 168.00
11 166.00
12 167.00
13 149.00
14 154.00
15 199.00
16 156.00
17 161.00
18 165.00
19 148.00
20 149.00
21 189.00
22 157.00
23 149.00
24 160.00
25 156.00
26 174.00
27 144.00
28 145.00
29 166.00
30 143.00
31 139.00
32 139.00
33 144.00
34 168.00
35 169.00
36 152.00
37 152.00
38 183.00
39 178.00
40 147.00
41 151.00
42 172.00
43 187.00
44 175.00
45 148.00
46 159.00
47 166.00
48 210.00
49 186.00
50 166.00
51 183.00
52 191.00
53 157.00
54 159.00
55 196.00
56 203.00
57 154.00
58 165.00
59 161.00
60 153.00
61 158.00
62 154.00
63 160.00
64 167.00
65 173.00
66 161.00
67 143.00
68 151.00
69 136.00
70 145.00
71 171.00
72 208.00
73 159.00
74 163.00
75 164.00
76 156.00
77 152.00
78 156.00
79 177.00
80 185.00
81 148.00
82 220.00
83 202.00
84 155.00
85 167.00
86 174.00
87 174.00
88 149.00
89 162.00
90 173.00
91 160.00
92 184.00
93 158.00
94 159.00
95 155.00
96 161.00
97 149.00
98 174.00
99 147.00
100 159.00
101 142.00
102 141.00
103 128.00
104 128.00
105 133.00
106 140.00
107 138.00
108 130.00
109 142.00
110 147.00
111 143.00
112 142.00
113 129.00
114 155.00
115 143.00
116 151.00
117 149.00
118 134.00
119 141.00
120 138.00
121 148.00
122 166.00
123 156.00
124 155.00
125 179.00
126 160.00
127 153.00
128 176.00
129 148.00
130 157.00
131 146.00
132 171.00
133 162.00
134 177.00
135 186.00
136 164.00
137 182.00
138 197.00
139 163.00
140 185.00
141 162.00
142 155.00
143 165.00
144 184.00
145 171.00
146 180.00
147 180.00
148 166.00
149 211.00
150 214.00
151 167.00
152 158.00
153 152.00
154 210.00
155 187.00
156 174.00
157 182.00
158 182.00
159 198.00
160 209.00
161 215.00
162 226.00
163 183.00
164 219.00
165 178.00
166 250.00
167 189.00
168 196.00
169 218.00
170 207.00
171 203.00
172 233.00
173 223.00
174 230.00
175 181.00
176 197.00
177 217.00
178 199.00
179 197.00
180 201.00
181 172.00
182 172.00
183 161.00
184 177.00
185 194.00
186 203.00
187 186.00
188 162.00
189 175.00
190 192.00
191 179.00
192 160.00
193 207.00
194 151.00
195 158.00
196 170.00
197 139.00
198 149.00
199 151.00
200 350.00
201 335.00
202 315.00
203 323.00
204 314.00
205 361.00
206 344.00
207 357.00
208 343.00
209 351.00
210 367.00
211 343.00
212 343.00
213 318.00
214 309.00
215 383.00
216 321.00
217 320.00
218 352.00
219 321.00
220 322.00
221 368.00
222 374.00
223 339.00
224 378.00
225 346.00
226 385.00
227 345.00
228 321.00
229 356.00
230 339.00
231 369.00
232 380.00
233 327.00
234 354.00
235 370.00
236 399.00
237 360.00
238 339.00
239 326.00
240 347.00
241 320.00
242 352.00
243 375.00
244 377.00
245 347.00
246 324.00
247 343.00
248 367.00
249 360.00
250 352.00
251 323.00
252 327.00
253 327.00
254 340.00
255 412.00
256 376.00
257 336.00
258 370.00
259 358.00
260 345.00
261 333.00
262 349.00
263 345.00
264 367.00
265 354.00
266 362.00
267 381.00
268 365.00
269 346.00
270 364.00
271 375.00
272 391.00
273 345.00
274 365.00
275 344.00
276 338.00
277 305.00
278 338.00
279 363.00
280 384.00
281 341.00
282 412.00
283 378.00
284 314.00
285 354.00
286 380.00
287 349.00
288 332.00
289 324.00
290 359.00
291 314.00
292 351.00
293 320.00
294 333.00
295 342.00
296 308.00
297 294.00
298 300.00
299 338.00
300 323.00
301 306.00
302 327.00
303 301.00
304 328.00
305 327.00
306 291.00
307 329.00
308 298.00
309 331.00
310 343.00
311 315.00
312 336.00
313 326.00
314 359.00
315 335.00
316 325.00
317 362.00
318 358.00
319 366.00
320 355.00
321 337.00
322 337.00
323 371.00
324 338.00
325 336.00
326 299.00
327 345.00
328 355.00
329 317.00
330 314.00
331 309.00
332 325.00
333 281.00
334 310.00
335 338.00
336 333.00
337 319.00
338 341.00
339 347.00
340 344.00
341 387.00
342 338.00
343 355.00
344 362.00
345 353.00
346 386.00
347 374.00
348 392.00
349 389.00
350 356.00
351 375.00
352 295.00
353 323.00
354 340.00
355 345.00
356 308.00
357 357.00
358 360.00
359 372.00
360 371.00
361 357.00
362 355.00
363 341.00
364 374.00
365 350.00
366 394.00
367 379.00
368 377.00
369 376.00
370 350.00
371 356.00
372 396.00
373 395.00
374 366.00
375 391.00
376 383.00
377 403.00
378 400.00
379 350.00
380 351.00
381 378.00
382 348.00
383 379.00
384 356.00
385 340.00
386 389.00
387 344.00
388 335.00
389 343.00
390 344.00
391 385.00
392 360.00
393 371.00
394 362.00
395 334.00
396 333.00
397 312.00
398 341.00
399 355.00
400 311.00
401 313.00
402 302.00
403 303.00
404 314.00
405 351.00
406 324.00
407 317.00
408 348.00
409 332.00
410 350.00
411 332.00
412 326.00
413 313.00
414 311.00
415 371.00
416 324.00
417 347.00
418 351.00
419 317.00
420 320.00
421 386.00
422 361.00
423 348.00
424 366.00
425 340.00
426 382.00
427 337.00
428 322.00
429 347.00
430 324.00
431 344.00
432 349.00
433 337.00
434 360.00
435 361.00
436 354.00
437 351.00
438 342.00
439 315.00
440 314.00
441 294.00
442 334.00
443 344.00
444 359.00
445 330.00
446 311.00
447 301.00
448 347.00
449 332.00
450 338.00
451 314.00
452 338.00
453 341.00
454 325.00
455 386.00
456 367.00
457 324.00
458 344.00
459 326.00
460 329.00
461 323.00
462 349.00
463 345.00
464 345.00
465 333.00
466 344.00
467 357.00
468 356.00
469 346.00
470 364.00
471 373.00
472 376.00
473 340.00
474 379.00
475 362.00
476 341.00
477 334.00
478 351.00
479 380.00
480 394.00
481 380.00
482 410.00
483 412.00
484 345.00
485 388.00
486 381.00
487 372.00
488 359.00
489 347.00
490 355.00
491 333.00
492 361.00
493 333.00
494 336.00
495 332.00
496 323.00
497 307.00
498 310.00
499 334.00
500 329.00
501 307.00
502 307.00
503 300.00
504 313.00
505 328.00
506 302.00
507 324.00
508 317.00
509 328.00
510 340.00
511 305.00
512 325.00
513 310.00
514 320.00
515 318.00
516 321.00
517 328.00
518 328.00
519 350.00
520 331.00
521 324.00
522 319.00
523 324.00
524 324.00
525 374.00
526 291.00
527 318.00
528 314.00
529 307.00
530 298.00
531 304.00
532 312.00
533 298.00
534 304.00
535 338.00
536 308.00
537 305.00
538 327.00
539 316.00
540 331.00
541 348.00
542 311.00
543 347.00
544 343.00
545 323.00
546 331.00
547 333.00
548 337.00
549 349.00
550 345.00
551 310.00
552 293.00
553 311.00
554 344.00
555 314.00
556 296.00
557 312.00
558 339.00
559 328.00
560 338.00
561 341.00
562 326.00
563 327.00
564 355.00
565 328.00
566 372.00
567 346.00
568 356.00
569 364.00
570 347.00
571 346.00
572 372.00
573 369.00
574 355.00
575 349.00
576 362.00
577 358.00
578 345.00
579 350.00
580 344.00
581 338.00
582 344.00
583 356.00
584 334.00
585 346.00
586 346.00
587 351.00
588 330.00
589 333.00
590 348.00
591 331.00
592 328.00
593 348.00
594 325.00
595 327.00
596 320.00
597 301.00
598 311.00
599 330.00
600 250.00
601 207.00
602 211.00
603 226.00
604 228.00
605 260.00
606 212.00
607 235.00
608 294.00
609 308.00
610 253.00
611 263.00
612 273.00
613 251.00
614 240.00
615 347.00
616 274.00
617 315.00
618 316.00
619 265.00
620 263.00
621 319.00
622 321.00
623 307.00
624 334.00
625 286.00
626 338.00
627 273.00
628 255.00
629 303.00
630 262.00
631 308.00
632 314.00
633 239.00
634 317.00
635 306.00
636 304.00
637 282.00
638 280.00
639 301.00
640 272.00
641 248.00
642 317.00
643 324.00
644 305.00
645 282.00
646 249.00
647 286.00
648 346.00
649 303.00
650 284.00
651 266.00
652 280.00
653 267.00
654 252.00
655 269.00
656 304.00
657 250.00
658 288.00
659 260.00
660 251.00
661 213.00
662 226.00
663 254.00
664 275.00
665 279.00
666 282.00
667 290.00
668 286.00
669 293.00
670 296.00
671 320.00
672 324.00
673 300.00
674 327.00
675 309.00
676 275.00
677 288.00
678 278.00
679 337.00
680 344.00
681 320.00
682 344.00
683 356.00
684 291.00
685 337.00
686 307.00
687 307.00
688 308.00
689 293.00
690 291.00
691 261.00
692 301.00
693 290.00
694 328.00
695 302.00
696 265.00
697 258.00
698 293.00
699 328.00
700 259.00
701 251.00
702 284.00
703 274.00
704 298.00
705 293.00
706 266.00
707 305.00
708 276.00
709 324.00
710 295.00
711 295.00
712 286.00
713 266.00
714 305.00
715 296.00
716 294.00
717 259.00
718 315.00
719 344.00
720 298.00
721 306.00
722 271.00
723 321.00
724 297.00
725 341.00
726 289.00
727 262.00
728 307.00
729 299.00
730 301.00
731 256.00
732 290.00
733 232.00
734 237.00
735 274.00
736 307.00
737 271.00
738 298.00
739 279.00
740 293.00
741 309.00
742 259.00
743 277.00
744 284.00
745 266.00
746 288.00
747 293.00
748 321.00
749 268.00
750 284.00
751 289.00
752 233.00
753 268.00
754 301.00
755 268.00
756 233.00
757 262.00
758 279.00
759 297.00
760 280.00
761 280.00
762 274.00
763 233.00
764 290.00
765 275.00
766 308.00
767 292.00
768 300.00
769 294.00
770 263.00
771 273.00
772 298.00
773 281.00
774 315.00
775 230.00
776 289.00
777 318.00
778 251.00
779 314.00
780 243.00
781 234.00
782 259.00
783 269.00
784 237.00
785 264.00
786 283.00
787 273.00
788 242.00
789 267.00
790 266.00
791 266.00
792 254.00
793 308.00
794 254.00
795 292.00
796 277.00
797 217.00
798 214.00
799 244.00
800 357.00
801 313.00
802 285.00
803 287.00
804 302.00
805 364.00
806 309.00
807 324.00
808 351.00
809 372.00
810 333.00
811 335.00
812 349.00
813 292.00
814 303.00
815 424.00
816 355.00
817 370.00
818 362.00
819 307.00
820 330.00
821 389.00
822 383.00
823 331.00
824 366.00
825 332.00
826 405.00
827 348.00
828 316.00
829 369.00
830 328.00
831 375.00
832 388.00
833 315.00
834 351.00
835 372.00
836 361.00
837 353.00
838 328.00
839 318.00
840 340.00
841 278.00
842 337.00
843 383.00
844 376.00
845 365.00
846 298.00
847 292.00
848 388.00
849 329.00
850 355.00
851 329.00
852 310.00
853 336.00
854 317.00
855 400.00
856 370.00
857 358.00
858 398.00
859 369.00
860 313.00
861 289.00
862 312.00
863 357.00
864 364.00
865 318.00
866 353.00
867 381.00
868 379.00
869 359.00
870 361.00
871 418.00
872 391.00
873 366.00
874 382.00
875 364.00
876 326.00
877 303.00
878 337.00
879 395.00
880 417.00
881 342.00
882 420.00
883 421.00
884 319.00
885 357.00
886 401.00
887 396.00
888 359.00
889 324.00
890 404.00
891 328.00
892 391.00
893 330.00
894 397.00
895 331.00
896 316.00
897 275.00
898 336.00
899 358.00
900 364.00
901 300.00
902 354.00
903 315.00
904 329.00
905 334.00
906 318.00
907 340.00
908 319.00
909 376.00
910 337.00
911 294.00
912 313.00
913 320.00
914 343.00
915 333.00
916 373.00
917 359.00
918 355.00
919 383.00
920 351.00
921 349.00
922 383.00
923 357.00
924 377.00
925 400.00
926 371.00
927 370.00
928 371.00
929 355.00
930 362.00
931 324.00
932 367.00
933 281.00
934 299.00
935 379.00
936 327.00
937 299.00
938 331.00
939 354.00
940 309.00
941 382.00
942 317.00
943 380.00
944 341.00
945 334.00
946 389.00
947 372.00
948 359.00
949 404.00
950 388.00
951 333.00
952 251.00
953 277.00
954 396.00
955 348.00
956 311.00
957 345.00
958 314.00
959 396.00
960 348.00
961 363.00
962 355.00
963 332.00
964 395.00
965 333.00
966 411.00
967 341.00
968 371.00
969 373.00
970 334.00
971 363.00
972 388.00
973 403.00
974 379.00
975 292.00
976 374.00
977 380.00
978 370.00
979 343.00
980 346.00
981 309.00
982 314.00
983 371.00
984 311.00
985 341.00
986 354.00
987 324.00
988 280.00
989 368.00
990 344.00
991 334.00
992 360.00
993 395.00
994 326.00
995 369.00
996 317.00
997 289.00
998 306.00
999 341.00
1000 288.00
1001 248.00
1002 226.00
1003 249.00
1004 298.00
1005 328.00
1006 284.00
1007 251.00
1008 351.00
1009 340.00
1010 279.00
1011 285.00
1012 329.00
1013 270.00
1014 275.00
1015 403.00
1016 322.00
1017 339.00
1018 328.00
1019 318.00
1020 305.00
1021 382.00
1022 330.00
1023 292.00
1024 351.00
1025 315.00
1026 418.00
1027 268.00
1028 294.00
1029 312.00
1030 310.00
1031 316.00
1032 298.00
1033 282.00
1034 345.00
1035 337.00
1036 323.00
1037 302.00
1038 291.00
1039 312.00
1040 262.00
1041 242.00
1042 297.00
1043 345.00
1044 321.00
1045 349.00
1046 284.00
1047 290.00
1048 349.00
1049 318.00
1050 304.00
1051 283.00
1052 281.00
1053 296.00
1054 274.00
1055 378.00
1056 332.00
1057 311.00
1058 308.00
1059 291.00
1060 271.00
1061 255.00
1062 278.00
1063 325.00
1064 308.00
1065 327.00
1066 315.00
1067 337.00
1068 336.00
1069 307.00
1070 297.00
1071 340.00
1072 335.00
1073 314.00
1074 357.00
1075 322.00
1076 314.00
1077 298.00
1078 340.00
1079 364.00
1080 377.00
1081 295.00
1082 371.00
1083 352.00
1084 299.00
1085 325.00
1086 373.00
1087 337.00
1088 326.00
1089 332.00
1090 382.00
1091 322.00
1092 373.00
1093 311.00
1094 353.00
1095 309.00
1096 305.00
1097 266.00
1098 306.00
1099 332.00
1100 328.00
1101 269.00
1102 325.00
1103 243.00
1104 251.00
1105 290.00
1106 256.00
1107 294.00
1108 275.00
1109 318.00
1110 283.00
1111 243.00
1112 277.00
1113 267.00
1114 318.00
1115 301.00
1116 303.00
1117 293.00
1118 312.00
1119 278.00
1120 303.00
1121 337.00
1122 355.00
1123 329.00
1124 333.00
1125 310.00
1126 324.00
1127 289.00
1128 308.00
1129 300.00
1130 307.00
1131 281.00
1132 320.00
1133 266.00
1134 265.00
1135 295.00
1136 296.00
1137 294.00
1138 341.00
1139 308.00
1140 280.00
1141 331.00
1142 317.00
1143 325.00
1144 291.00
1145 325.00
1146 325.00
1147 332.00
1148 328.00
1149 382.00
1150 357.00
1151 332.00
1152 249.00
1153 282.00
1154 349.00
1155 313.00
1156 266.00
1157 352.00
1158 310.00
1159 352.00
1160 338.00
1161 351.00
1162 345.00
1163 325.00
1164 354.00
1165 337.00
1166 385.00
1167 338.00
1168 344.00
1169 360.00
1170 322.00
1171 352.00
1172 358.00
1173 383.00
1174 358.00
1175 276.00
1176 343.00
1177 369.00
1178 304.00
1179 336.00
1180 285.00
1181 309.00
1182 279.00
1183 313.00
1184 311.00
1185 319.00
1186 301.00
1187 296.00
1188 250.00
1189 312.00
1190 307.00
1191 282.00
1192 301.00
1193 335.00
1194 268.00
1195 291.00
1196 288.00
1197 278.00
1198 283.00
1199 312.00
1200 368.00
1201 283.00
1202 253.00
1203 298.00
1204 306.00
1205 347.00
1206 286.00
1207 263.00
1208 346.00
1209 346.00
1210 288.00
1211 299.00
1212 363.00
1213 329.00
1214 294.00
1215 424.00
1216 327.00
1217 375.00
1218 379.00
1219 286.00
1220 292.00
1221 411.00
1222 339.00
1223 361.00
1224 330.00
1225 333.00
1226 418.00
1227 345.00
1228 289.00
1229 349.00
1230 324.00
1231 339.00
1232 376.00
1233 324.00
1234 378.00
1235 366.00
1236 399.00
1237 350.00
1238 317.00
1239 283.00
1240 306.00
1241 282.00
1242 347.00
1243 397.00
1244 365.00
1245 352.00
1246 302.00
1247 304.00
1248 398.00
1249 374.00
1250 349.00
1251 310.00
1252 351.00
1253 320.00
1254 301.00
1255 374.00
1256 369.00
1257 324.00
1258 338.00
1259 331.00
1260 287.00
1261 246.00
1262 275.00
1263 363.00
1264 320.00
1265 349.00
1266 356.00
1267 375.00
1268 352.00
1269 325.00
1270 375.00
1271 405.00
1272 348.00
1273 342.00
1274 395.00
1275 363.00
1276 315.00
1277 302.00
1278 325.00
1279 396.00
1280 404.00
1281 368.00
1282 402.00
1283 399.00
1284 298.00
1285 329.00
1286 401.00
1287 395.00
1288 348.00
1289 377.00
1290 374.00
1291 294.00
1292 392.00
1293 345.00
1294 407.00
1295 350.00
1296 322.00
1297 284.00
1298 314.00
1299 403.00
1300 393.00
1301 305.00
1302 357.00
1303 267.00
1304 341.00
1305 357.00
1306 323.00
1307 376.00
1308 312.00
1309 357.00
1310 384.00
1311 282.00
1312 302.00
1313 311.00
1314 348.00
1315 339.00
1316 305.00
1317 314.00
1318 369.00
1319 334.00
1320 365.00
1321 352.00
1322 412.00
1323 373.00
1324 374.00
1325 392.00
1326 348.00
1327 338.00
1328 380.00
1329 360.00
1330 345.00
1331 310.00
1332 349.00
1333 267.00
1334 258.00
1335 343.00
1336 324.00
1337 288.00
1338 374.00
1339 351.00
1340 294.00
1341 341.00
1342 316.00
1343 339.00
1344 315.00
1345 316.00
1346 376.00
1347 350.00
1348 380.00
1349 393.00
1350 391.00
1351 382.00
1352 258.00
1353 307.00
1354 413.00
1355 357.00
1356 275.00
1357 384.00
1358 348.00
1359 383.00
1360 394.00
1361 403.00
1362 378.00
1363 313.00
1364 382.00
1365 317.00
1366 418.00
1367 391.00
1368 408.00
1369 411.00
1370 370.00
1371 387.00
1372 383.00
1373 406.00
1374 377.00
1375 323.00
1376 393.00
1377 415.00
1378 387.00
1379 360.00
1380 316.00
1381 351.00
1382 291.00
1383 376.00
1384 340.00
1385 346.00
1386 374.00
1387 337.00
1388 272.00
1389 376.00
1390 338.00
1391 368.00
1392 343.00
1393 394.00
1394 337.00
1395 335.00
1396 344.00
1397 280.00
1398 297.00
1399 349.00
1400 371.00
1401 320.00
1402 291.00
1403 289.00
1404 289.00
1405 354.00
1406 268.00
1407 319.00
1408 367.00
1409 383.00
1410 335.00
1411 319.00
1412 326.00
1413 340.00
1414 302.00
1415 405.00
1416 332.00
1417 364.00
1418 366.00
1419 317.00
1420 330.00
1421 412.00
1422 361.00
1423 357.00
1424 342.00
1425 357.00
1426 431.00
1427 335.00
1428 340.00
1429 355.00
1430 341.00
1431 378.00
1432 382.00
1433 315.00
1434 405.00
1435 391.00
1436 392.00
1437 360.00
1438 340.00
1439 351.00
1440 317.00
1441 289.00
1442 363.00
1443 385.00
1444 395.00
1445 354.00
1446 313.00
1447 333.00
1448 401.00
1449 378.00
1450 362.00
1451 330.00
1452 372.00
1453 346.00
1454 335.00
1455 415.00
1456 391.00
1457 354.00
1458 369.00
1459 368.00
1460 331.00
1461 299.00
1462 323.00
1463 350.00
1464 342.00
1465 352.00
1466 363.00
1467 374.00
1468 380.00
1469 363.00
1470 407.00
1471 417.00
1472 383.00
1473 379.00
1474 398.00
1475 393.00
1476 354.00
1477 367.00
1478 348.00
1479 406.00
1480 410.00
1481 410.00
1482 414.00
1483 430.00
1484 328.00
1485 389.00
1486 414.00
1487 395.00
1488 364.00
1489 337.00
1490 387.00
1491 299.00
1492 410.00
1493 372.00
1494 396.00
1495 361.00
1496 339.00
1497 316.00
1498 339.00
1499 414.00
1500 399.00
1501 321.00
1502 353.00
1503 319.00
1504 357.00
1505 375.00
1506 339.00
1507 393.00
1508 353.00
1509 363.00
1510 368.00
1511 328.00
1512 344.00
1513 300.00
1514 373.00
1515 340.00
1516 327.00
1517 338.00
1518 361.00
1519 359.00
1520 363.00
1521 328.00
1522 339.00
1523 347.00
1524 352.00
1525 382.00
1526 302.00
1527 355.00
1528 361.00
1529 339.00
1530 322.00
1531 296.00
1532 332.00
1533 293.00
1534 317.00
1535 315.00
1536 293.00
1537 322.00
1538 343.00
1539 336.00
1540 339.00
1541 384.00
1542 332.00
1543 370.00
1544 353.00
1545 368.00
1546 373.00
1547 385.00
1548 392.00
1549 399.00
1550 404.00
1551 364.00
1552 286.00
1553 366.00
1554 420.00
1555 356.00
1556 333.00
1557 380.00
1558 389.00
1559 372.00
1560 369.00
1561 374.00
1562 372.00
1563 341.00
1564 399.00
1565 355.00
1566 414.00
1567 377.00
1568 399.00
1569 401.00
1570 392.00
1571 356.00
1572 377.00
1573 388.00
1574 387.00
1575 319.00
1576 377.00
1577 390.00
1578 395.00
1579 392.00
1580 374.00
1581 395.00
1582 324.00
1583 381.00
1584 340.00
1585 372.00
1586 341.00
1587 347.00
1588 283.00
1589 384.00
1590 335.00
1591 334.00
1592 373.00
1593 379.00
1594 366.00
1595 362.00
1596 351.00
1597 266.00
1598 348.00
1599 335.00
1600 360.00
1601 330.00
1602 313.00
1603 265.00
1604 303.00
1605 353.00
1606 296.00
1607 343.00
1608 357.00
1609 403.00
1610 361.00
1611 327.00
1612 356.00
1613 306.00
1614 329.00
1615 400.00
1616 369.00
1617 381.00
1618 385.00
1619 334.00
1620 361.00
1621 398.00
1622 380.00
1623 345.00
1624 360.00
1625 364.00
1626 419.00
1627 350.00
1628 331.00
1629 366.00
1630 346.00
1631 388.00
1632 351.00
1633 330.00
1634 378.00
1635 381.00
1636 365.00
1637 360.00
1638 339.00
1639 331.00
1640 332.00
1641 291.00
1642 367.00
1643 389.00
1644 393.00
1645 338.00
1646 315.00
1647 333.00
1648 413.00
1649 349.00
1650 385.00
1651 345.00
1652 328.00
1653 329.00
1654 377.00
1655 410.00
1656 401.00
1657 318.00
1658 345.00
1659 369.00
1660 304.00
1661 345.00
1662 369.00
1663 338.00
1664 344.00
1665 343.00
1666 368.00
1667 344.00
1668 383.00
1669 410.00
1670 392.00
1671 425.00
1672 414.00
1673 385.00
1674 399.00
1675 366.00
1676 367.00
1677 327.00
1678 354.00
1679 400.00
1680 395.00
1681 343.00
1682 426.00
1683 434.00
1684 305.00
1685 367.00
1686 406.00
1687 381.00
1688 329.00
1689 326.00
1690 407.00
1691 314.00
1692 381.00
1693 378.00
1694 407.00
1695 329.00
1696 310.00
1697 286.00
1698 324.00
1699 355.00
1700 359.00
1701 281.00
1702 358.00
1703 296.00
1704 331.00
1705 328.00
1706 310.00
1707 354.00
1708 325.00
1709 360.00
1710 343.00
1711 313.00
1712 355.00
1713 326.00
1714 356.00
1715 339.00
1716 362.00
1717 366.00
1718 373.00
1719 404.00
1720 357.00
1721 345.00
1722 353.00
1723 369.00
1724 412.00
1725 390.00
1726 343.00
1727 377.00
1728 384.00
1729 347.00
1730 353.00
1731 332.00
1732 362.00
1733 304.00
1734 340.00
1735 335.00
1736 334.00
1737 328.00
1738 318.00
1739 348.00
1740 357.00
1741 373.00
1742 328.00
1743 371.00
1744 386.00
1745 337.00
1746 376.00
1747 390.00
1748 366.00
1749 399.00
1750 382.00
1751 344.00
1752 290.00
1753 315.00
1754 408.00
1755 356.00
1756 337.00
1757 350.00
1758 337.00
1759 404.00
1760 376.00
1761 370.00
1762 364.00
1763 332.00
1764 401.00
1765 374.00
1766 414.00
1767 375.00
1768 385.00
1769 409.00
1770 371.00
1771 368.00
1772 420.00
1773 401.00
1774 340.00
1775 345.00
1776 411.00
1777 379.00
1778 372.00
1779 357.00
1780 321.00
1781 324.00
1782 335.00
1783 383.00
1784 366.00
1785 339.00
1786 399.00
1787 341.00
1788 312.00
1789 338.00
1790 327.00
1791 341.00
1792 354.00
1793 370.00
1794 313.00
1795 343.00
1796 366.00
1797 283.00
1798 327.00
1799 367.00
1800 328.00
1801 308.00
1802 271.00
1803 279.00
1804 303.00
1805 352.00
1806 280.00
1807 301.00
1808 342.00
1809 348.00
1810 319.00
1811 320.00
1812 322.00
1813 299.00
1814 295.00
1815 375.00
1816 311.00
1817 367.00
1818 316.00
1819 330.00
1820 295.00
1821 371.00
1822 377.00
1823 311.00
1824 355.00
1825 351.00
1826 375.00
1827 320.00
1828 274.00
1829 351.00
1830 323.00
1831 332.00
1832 388.00
1833 306.00
1834 376.00
1835 373.00
1836 374.00
1837 332.00
1838 347.00
1839 316.00
1840 304.00
1841 283.00
1842 349.00
1843 387.00
1844 373.00
1845 376.00
1846 301.00
1847 336.00
1848 397.00
1849 358.00
1850 357.00
1851 320.00
1852 313.00
1853 315.00
1854 326.00
1855 381.00
1856 351.00
1857 318.00
1858 341.00
1859 333.00
1860 311.00
1861 300.00
1862 323.00
1863 329.00
1864 335.00
1865 347.00
1866 339.00
1867 357.00
1868 358.00
1869 329.00
1870 328.00
1871 380.00
1872 371.00
1873 344.00
1874 376.00
1875 342.00
1876 330.00
1877 307.00
1878 334.00
1879 380.00
1880 379.00
1881 333.00
1882 387.00
1883 395.00
1884 292.00
1885 333.00
1886 340.00
1887 353.00
1888 343.00
1889 333.00
1890 371.00
1891 298.00
1892 387.00
1893 322.00
1894 366.00
1895 332.00
1896 310.00
1897 265.00
1898 341.00
1899 388.00
1900 340.00
1901 291.00
1902 336.00
1903 308.00
1904 296.00
1905 339.00
1906 315.00
1907 336.00
1908 318.00
1909 317.00
1910 331.00
1911 283.00
1912 321.00
1913 302.00
1914 377.00
1915 321.00
1916 329.00
1917 327.00
1918 333.00
1919 352.00
1920 326.00
1921 357.00
1922 375.00
1923 347.00
1924 346.00
1925 384.00
1926 340.00
1927 335.00
1928 328.00
1929 326.00
1930 339.00
1931 274.00
1932 350.00
1933 290.00
1934 288.00
1935 336.00
1936 323.00
1937 320.00
1938 348.00
1939 340.00
1940 326.00
1941 351.00
1942 327.00
1943 361.00
1944 338.00
1945 340.00
1946 339.00
1947 349.00
1948 351.00
1949 367.00
1950 365.00
1951 340.00
1952 279.00
1953 321.00
1954 379.00
1955 369.00
1956 305.00
1957 346.00
1958 329.00
1959 351.00
1960 343.00
1961 350.00
1962 342.00
1963 318.00
1964 376.00
1965 326.00
1966 397.00
1967 360.00
1968 385.00
1969 378.00
1970 355.00
1971 357.00
1972 369.00
1973 387.00
1974 380.00
1975 341.00
1976 381.00
1977 392.00
1978 359.00
1979 348.00
1980 345.00
1981 358.00
1982 326.00
1983 363.00
1984 329.00
1985 374.00
1986 362.00
1987 350.00
1988 295.00
1989 380.00
1990 347.00
1991 351.00
1992 340.00
1993 378.00
1994 341.00
1995 343.00
1996 341.00
1997 287.00
1998 313.00
1999 354.00
2000 359.00
2001 295.00
2002 298.00
2003 302.00
2004 332.00
2005 383.00
2006 333.00
2007 310.00
2008 339.00
2009 364.00
2010 317.00
2011 332.00
2012 336.00
2013 325.00
2014 330.00
2015 411.00
2016 345.00
2017 373.00
2018 345.00
2019 342.00
2020 334.00
2021 412.00
2022 404.00
2023 385.00
2024 349.00
2025 359.00
2026 405.00
2027 346.00
2028 326.00
2029 350.00
2030 333.00
2031 362.00
2032 384.00
2033 333.00
2034 388.00
2035 373.00
2036 390.00
2037 342.00
2038 329.00
2039 327.00
2040 319.00
2041 266.00
2042 359.00
2043 391.00
2044 378.00
2045 377.00
2046 309.00
2047 299.00
2048 400.00
2049 365.00
2050 376.00
2051 329.00
2052 326.00
2053 345.00
2054 324.00
2055 398.00
2056 350.00
2057 322.00
2058 370.00
2059 326.00
2060 320.00
2061 300.00
2062 319.00
2063 366.00
2064 370.00
2065 348.00
2066 361.00
2067 394.00
2068 376.00
2069 358.00
2070 384.00
2071 411.00
2072 388.00
2073 355.00
2074 401.00
2075 380.00
2076 336.00
2077 330.00
2078 366.00
2079 406.00
2080 408.00
2081 391.00
2082 394.00
2083 419.00
2084 351.00
2085 354.00
2086 403.00
2087 389.00
2088 374.00
2089 362.00
2090 404.00
2091 325.00
2092 400.00
2093 376.00
2094 380.00
2095 359.00
2096 331.00
2097 304.00
2098 354.00
2099 394.00
2100 396.00
2101 355.00
2102 353.00
2103 322.00
2104 366.00
2105 374.00
2106 340.00
2107 374.00
2108 330.00
2109 359.00
2110 350.00
2111 323.00
2112 355.00
2113 357.00
2114 383.00
2115 381.00
2116 343.00
2117 342.00
2118 375.00
2119 388.00
2120 347.00
2121 364.00
2122 397.00
2123 379.00
2124 396.00
2125 396.00
2126 369.00
2127 373.00
2128 385.00
2129 390.00
2130 379.00
2131 311.00
2132 363.00
2133 308.00
2134 318.00
2135 340.00
2136 347.00
2137 335.00
2138 367.00
2139 366.00
2140 355.00
2141 372.00
2142 336.00
2143 360.00
2144 353.00
2145 370.00
2146 372.00
2147 359.00
2148 361.00
2149 383.00
2150 399.00
2151 354.00
2152 287.00
2153 316.00
2154 399.00
2155 359.00
2156 286.00
2157 366.00
2158 344.00
2159 340.00
2160 372.00
2161 358.00
2162 352.00
2163 327.00
2164 376.00
2165 330.00
2166 401.00
2167 354.00
2168 347.00
2169 398.00
2170 348.00
2171 363.00
2172 379.00
2173 406.00
2174 376.00
2175 331.00
2176 390.00
2177 397.00
2178 365.00
2179 366.00
2180 362.00
2181 347.00
2182 352.00
2183 366.00
2184 330.00
2185 360.00
2186 377.00
2187 343.00
2188 312.00
2189 392.00
2190 365.00
2191 372.00
2192 353.00
2193 389.00
2194 341.00
2195 390.00
2196 368.00
2197 306.00
2198 324.00
2199 365.00
2200 343.00
2201 305.00
2202 302.00
2203 287.00
2204 318.00
2205 363.00
2206 277.00
2207 349.00
2208 372.00
2209 369.00
2210 315.00
2211 321.00
2212 372.00
2213 313.00
2214 274.00
2215 409.00
2216 311.00
2217 378.00
2218 329.00
2219 301.00
2220 315.00
2221 418.00
2222 379.00
2223 371.00
2224 369.00
2225 358.00
2226 444.00
2227 353.00
2228 339.00
2229 341.00
2230 351.00
2231 379.00
2232 398.00
2233 345.00
2234 402.00
2235 386.00
2236 407.00
2237 360.00
2238 370.00
2239 318.00
2240 347.00
2241 309.00
2242 372.00
2243 405.00
2244 393.00
2245 387.00
2246 325.00
2247 331.00
2248 420.00
2249 342.00
2250 399.00
2251 334.00
2252 333.00
2253 353.00
2254 316.00
2255 440.00
2256 388.00
2257 322.00
2258 378.00
2259 344.00
2260 312.00
2261 270.00
2262 307.00
2263 366.00
2264 354.00
2265 338.00
2266 359.00
2267 387.00
2268 381.00
2269 372.00
2270 392.00
2271 427.00
2272 391.00
2273 369.00
2274 414.00
2275 371.00
2276 347.00
2277 322.00
2278 354.00
2279 419.00
2280 407.00
2281 369.00
2282 448.00
2283 424.00
2284 315.00
2285 372.00
2286 420.00
2287 403.00
2288 336.00
2289 373.00
2290 371.00
2291 307.00
2292 421.00
2293 394.00
2294 414.00
2295 379.00
2296 338.00
2297 288.00
2298 348.00
2299 417.00
2300 408.00
2301 285.00
2302 353.00
2303 349.00
2304 356.00
2305 362.00
2306 352.00
2307 403.00
2308 346.00
2309 353.00
2310 356.00
2311 289.00
2312 346.00
2313 302.00
2314 388.00
2315 385.00
2316 342.00
2317 389.00
2318 394.00
2319 429.00
2320 381.00
2321 408.00
2322 407.00
2323 414.00
2324 392.00
2325 433.00
2326 383.00
2327 369.00
2328 411.00
2329 393.00
2330 388.00
2331 348.00
2332 414.00
2333 295.00
2334 346.00
2335 375.00
2336 331.00
2337 318.00
2338 409.00
2339 413.00
2340 333.00
2341 371.00
2342 377.00
2343 411.00
2344 338.00
2345 352.00
2346 409.00
2347 345.00
2348 398.00
2349 418.00
2350 425.00
2351 366.00
2352 283.00
2353 289.00
2354 437.00
2355 382.00
2356 304.00
2357 361.00
2358 313.00
2359 393.00
2360 395.00
2361 346.00
2362 387.00
2363 327.00
2364 397.00
2365 334.00
2366 414.00
2367 365.00
2368 371.00
2369 419.00
2370 372.00
2371 369.00
2372 418.00
2373 386.00
2374 354.00
2375 321.00
2376 381.00
2377 415.00
2378 396.00
2379 411.00
2380 345.00
2381 341.00
2382 326.00
2383 365.00
2384 333.00
2385 339.00
2386 374.00
2387 340.00
2388 294.00
2389 402.00
2390 317.00
2391 377.00
2392 365.00
2393 400.00
2394 373.00
2395 340.00
2396 364.00
2397 264.00
2398 315.00
2399 380.00
2400 360.00
2401 322.00
2402 275.00
2403 303.00
2404 324.00
2405 373.00
2406 292.00
2407 346.00
2408 374.00
2409 370.00
2410 340.00
2411 340.00
2412 363.00
2413 324.00
2414 288.00
2415 404.00
2416 359.00
2417 360.00
2418 358.00
2419 329.00
2420 347.00
2421 418.00
2422 351.00
2423 347.00
2424 373.00
2425 366.00
2426 415.00
2427 348.00
2428 325.00
2429 370.00
2430 374.00
2431 390.00
2432 361.00
2433 341.00
2434 359.00
2435 387.00
2436 386.00
2437 365.00
2438 327.00
2439 323.00
2440 342.00
2441 318.00
2442 359.00
2443 374.00
2444 384.00
2445 335.00
2446 326.00
2447 303.00
2448 374.00
2449 391.00
2450 401.00
2451 317.00
2452 347.00
2453 343.00
2454 332.00
2455 387.00
2456 417.00
2457 366.00
2458 343.00
2459 352.00
2460 329.00
2461 282.00
2462 312.00
2463 386.00
2464 357.00
2465 343.00
2466 363.00
2467 364.00
2468 392.00
2469 359.00
2470 361.00
2471 405.00
2472 370.00
2473 325.00
2474 407.00
2475 352.00
2476 335.00
2477 339.00
2478 359.00
2479 404.00
2480 413.00
2481 362.00
2482 410.00
2483 422.00
2484 311.00
2485 345.00
2486 394.00
2487 398.00
2488 359.00
2489 366.00
2490 404.00
2491 308.00
2492 408.00
2493 379.00
2494 392.00
2495 388.00
2496 339.00
2497 315.00
2498 355.00
2499 374.00
2500 375.00
2501 299.00
2502 370.00
2503 305.00
2504 334.00
2505 340.00
2506 311.00
2507 348.00
2508 330.00
2509 342.00
2510 328.00
2511 307.00
2512 343.00
2513 301.00
2514 401.00
2515 335.00
2516 364.00
2517 387.00
2518 333.00
2519 376.00
2520 363.00
2521 329.00
2522 356.00
2523 376.00
2524 370.00
2525 403.00
2526 349.00
2527 336.00
2528 381.00
2529 342.00
2530 368.00
2531 324.00
2532 362.00
2533 321.00
2534 314.00
2535 382.00
2536 342.00
2537 341.00
2538 381.00
2539 375.00
2540 343.00
2541 388.00
2542 365.00
2543 370.00
2544 365.00
2545 370.00
2546 390.00
2547 383.00
2548 399.00
2549 390.00
2550 393.00
2551 384.00
2552 290.00
2553 335.00
2554 392.00
2555 381.00
2556 327.00
2557 356.00
2558 363.00
2559 370.00
2560 357.00
2561 366.00
2562 374.00
2563 348.00
2564 369.00
2565 331.00
2566 414.00
2567 338.00
2568 365.00
2569 378.00
2570 349.00
2571 363.00
2572 396.00
2573 394.00
2574 372.00
2575 321.00
2576 390.00
2577 389.00
2578 373.00
2579 357.00
2580 354.00
2581 376.00
2582 324.00
2583 369.00
2584 335.00
2585 357.00
2586 365.00
2587 343.00
2588 295.00
2589 343.00
2590 325.00
2591 348.00
2592 345.00
2593 367.00
2594 345.00
2595 340.00
2596 353.00
2597 291.00
2598 332.00
2599 342.00
2600 367.00
2601 274.00
2602 275.00
2603 271.00
2604 339.00
2605 364.00
2606 316.00
2607 332.00
2608 359.00
2609 361.00
2610 329.00
2611 332.00
2612 363.00
2613 325.00
2614 300.00
2615 399.00
2616 351.00
2617 404.00
2618 374.00
2619 313.00
2620 326.00
2621 431.00
2622 411.00
2623 379.00
2624 395.00
2625 374.00
2626 434.00
2627 326.00
2628 333.00
2629 375.00
2630 364.00
2631 392.00
2632 406.00
2633 326.00
2634 382.00
2635 402.00
2636 407.00
2637 369.00
2638 352.00
2639 347.00
2640 337.00
2641 304.00
2642 352.00
2643 415.00
2644 375.00
2645 373.00
2646 302.00
2647 334.00
2648 418.00
2649 385.00
2650 372.00
2651 329.00
2652 320.00
2653 310.00
2654 320.00
2655 401.00
2656 355.00
2657 330.00
2658 360.00
2659 349.00
2660 296.00
2661 297.00
2662 319.00
2663 363.00
2664 344.00
2665 368.00
2666 368.00
2667 392.00
2668 368.00
2669 333.00
2670 378.00
2671 409.00
2672 400.00
2673 376.00
2674 383.00
2675 394.00
2676 349.00
2677 327.00
2678 366.00
2679 401.00
2680 421.00
2681 388.00
2682 407.00
2683 435.00
2684 347.00
2685 353.00
2686 426.00
2687 412.00
2688 363.00
2689 380.00
2690 384.00
2691 314.00
2692 397.00
2693 397.00
2694 386.00
2695 395.00
2696 325.00
2697 309.00
2698 376.00
2699 412.00
2700 409.00
2701 330.00
2702 388.00
2703 329.00
2704 367.00
2705 401.00
2706 379.00
2707 394.00
2708 373.00
2709 383.00
2710 403.00
2711 301.00
2712 349.00
2713 367.00
2714 401.00
2715 379.00
2716 365.00
2717 385.00
2718 372.00
2719 407.00
2720 377.00
2721 372.00
2722 400.00
2723 406.00
2724 389.00
2725 400.00
2726 361.00
2727 361.00
2728 387.00
2729 369.00
2730 395.00
2731 288.00
2732 369.00
2733 288.00
2734 320.00
2735 329.00
2736 302.00
2737 336.00
2738 384.00
2739 334.00
2740 357.00
2741 366.00
2742 295.00
2743 326.00
2744 373.00
2745 358.00
2746 379.00
2747 384.00
2748 383.00
2749 374.00
2750 394.00
2751 345.00
2752 271.00
2753 322.00
2754 398.00
2755 368.00
2756 312.00
2757 355.00
2758 342.00
2759 377.00
2760 391.00
2761 381.00
2762 371.00
2763 339.00
2764 387.00
2765 343.00
2766 397.00
2767 348.00
2768 379.00
2769 393.00
2770 362.00
2771 348.00
2772 389.00
2773 359.00
2774 367.00
2775 321.00
2776 375.00
2777 402.00
2778 379.00
2779 353.00
2780 326.00
2781 337.00
2782 318.00
2783 337.00
2784 316.00
2785 368.00
2786 328.00
2787 343.00
2788 273.00
2789 380.00
2790 365.00
2791 385.00
2792 351.00
2793 385.00
2794 325.00
2795 337.00
2796 348.00
2797 246.00
2798 320.00
2799 366.00
2800 396.00
2801 332.00
2802 311.00
2803 309.00
2804 329.00
2805 371.00
2806 355.00
2807 356.00
2808 375.00
2809 388.00
2810 373.00
2811 332.00
2812 406.00
2813 357.00
2814 332.00
2815 427.00
2816 353.00
2817 405.00
2818 396.00
2819 331.00
2820 345.00
2821 437.00
2822 414.00
2823 385.00
2824 381.00
2825 384.00
2826 439.00
2827 364.00
2828 344.00
2829 398.00
2830 380.00
2831 387.00
2832 390.00
2833 345.00
2834 381.00
2835 393.00
2836 413.00
2837 380.00
2838 391.00
2839 363.00
2840 355.00
2841 334.00
2842 357.00
2843 414.00
2844 379.00
2845 376.00
2846 337.00
2847 333.00
2848 410.00
2849 389.00
2850 387.00
2851 359.00
2852 334.00
2853 364.00
2854 377.00
2855 393.00
2856 424.00
2857 369.00
2858 388.00
2859 373.00
2860 346.00
2861 332.00
2862 338.00
2863 411.00
2864 366.00
2865 364.00
2866 353.00
2867 404.00
2868 359.00
2869 355.00
2870 392.00
2871 401.00
2872 379.00
2873 398.00
2874 402.00
2875 382.00
2876 381.00
2877 348.00
2878 373.00
2879 409.00
2880 414.00
2881 373.00
2882 414.00
2883 404.00
2884 328.00
2885 384.00
2886 397.00
2887 395.00
2888 371.00
2889 367.00
2890 392.00
2891 333.00
2892 383.00
2893 373.00
2894 410.00
2895 372.00
2896 357.00
2897 329.00
2898 333.00
2899 410.00
2900 405.00
2901 332.00
2902 387.00
2903 336.00
2904 384.00
2905 390.00
2906 396.00
2907 416.00
2908 390.00
2909 392.00
2910 388.00
2911 328.00
2912 350.00
2913 362.00
2914 402.00
2915 372.00
2916 386.00
2917 424.00
2918 398.00
2919 385.00
2920 398.00
2921 374.00
2922 386.00
2923 409.00
2924 425.00
2925 416.00
2926 400.00
2927 381.00
2928 397.00
2929 367.00
2930 387.00
2931 367.00
2932 383.00
2933 337.00
2934 332.00
2935 367.00
2936 324.00
2937 330.00
2938 391.00
2939 379.00
2940 374.00
2941 382.00
2942 344.00
2943 378.00
2944 363.00
2945 368.00
2946 369.00
2947 386.00
2948 379.00
2949 372.00
2950 394.00
2951 353.00
2952 299.00
2953 352.00
2954 421.00
2955 361.00
2956 340.00
2957 381.00
2958 363.00
2959 385.00
2960 361.00
2961 392.00
2962 393.00
2963 368.00
2964 383.00
2965 375.00
2966 411.00
2967 392.00
2968 401.00
2969 406.00
2970 385.00
2971 387.00
2972 406.00
2973 419.00
2974 389.00
2975 336.00
2976 404.00
2977 413.00
2978 409.00
2979 387.00
2980 377.00
2981 379.00
2982 329.00
2983 379.00
2984 339.00
2985 374.00
2986 364.00
2987 359.00
2988 306.00
2989 397.00
2990 386.00
2991 369.00
2992 394.00
2993 375.00
2994 355.00
2995 370.00
2996 373.00
2997 301.00
2998 327.00
2999 377.00
