0 193.36
30 209.40
60 198.47
90 191.80
120 208.09
150 217.20
180 246.60
210 297.40
240 274.27
270 291.31
300 258.82
330 279.09
360 282.76
390 283.38
420 289.58
450 294.49
480 296.02
510 290.13
540 275.93
570 287.20
600 288.62
630 331.31
660 321.42
690 311.64
720 315.49
750 343.56
780 349.36
810 339.67
840 314.38
870 310.91
900 317.44
930 316.33
960 325.44
990 333.36
1020 353.64
1050 340.56
1080 320.02
1110 341.33
1140 321.33
1170 318.93
1200 311.31
1230 306.16
1260 325.51
1290 295.80
1320 322.96
1350 306.78
1380 322.47
1410 346.11
1440 334.56
1470 334.53
1500 343.73
1530 349.22
1560 342.98
1590 347.49
1620 337.42
1650 337.07
1680 353.38
1710 341.40
1740 317.56
1770 311.71
1800 332.69
1830 335.64
1860 349.76
1890 328.53
1920 359.69
1950 345.44
1980 318.33
2010 353.31
2040 328.11
2070 349.00
2100 344.00
2130 350.89
2160 329.22
2190 337.60
2220 332.31
2250 332.13
2280 333.93
2310 322.36
2340 324.24
2370 337.16
2400 332.00
2430 301.98
2460 317.27
2490 351.09
2520 336.98
2550 352.20
2580 335.13
2610 353.69
2640 334.96
2670 342.09
2700 325.20
2730 320.42
2760 315.00
2790 359.67
2820 326.44
2850 333.80
2880 360.60
2910 351.76
2940 325.80
2970 347.09
