0 257.33
30 330.00
60 299.33
90 274.67
120 305.33
150 287.33
180 326.00
210 306.00
240 270.67
270 263.33
300 314.67
330 289.33
360 322.67
390 346.67
420 308.00
450 299.33
480 294.00
510 335.33
540 272.00
570 287.33
600 346.00
630 342.67
660 318.00
690 342.00
720 348.00
750 278.00
780 306.00
810 317.33
840 350.00
870 334.67
900 317.33
930 344.00
960 352.67
990 342.00
1020 314.67
1050 302.00
1080 361.33
1110 367.33
1140 389.33
1170 355.33
1200 346.00
1230 364.67
1260 342.67
1290 297.33
1320 376.00
1350 379.33
1380 374.67
1410 338.67
1440 310.67
1470 382.67
1500 370.00
1530 357.33
1560 374.67
1590 355.33
1620 374.00
1650 384.00
1680 361.33
1710 318.00
1740 361.33
1770 398.00
1800 380.67
1830 407.33
1860 376.00
1890 333.33
1920 358.67
1950 388.67
1980 370.67
2010 351.33
2040 344.67
2070 361.33
2100 382.67
2130 393.33
2160 374.00
2190 340.00
2220 342.67
2250 322.67
2280 354.00
2310 361.33
2340 342.67
2370 340.67
2400 362.00
2430 390.00
2460 328.67
2490 349.33
2520 363.33
2550 358.00
2580 354.00
2610 396.67
2640 346.67
2670 342.67
2700 365.33
2730 350.00
2760 373.33
2790 354.00
2820 361.33
2850 340.00
2880 377.33
2910 370.00
2940 343.33
2970 364.67
