0 181.02
30 203.07
60 213.22
90 227.78
120 256.51
150 246.29
180 260.33
210 219.09
240 238.80
270 286.33
300 283.60
330 293.42
360 300.09
390 276.89
420 262.42
450 298.24
480 313.87
510 338.09
540 285.47
570 308.49
600 308.31
630 291.51
660 296.73
690 312.38
720 331.82
750 335.36
780 336.33
810 372.02
840 340.09
870 347.31
900 343.84
930 344.29
960 339.60
990 363.91
1020 327.82
1050 336.09
1080 356.56
1110 364.82
1140 357.78
1170 340.87
1200 367.22
1230 329.80
1260 358.13
1290 355.07
1320 347.82
1350 352.36
1380 347.36
1410 387.31
1440 367.33
1470 360.56
1500 336.87
1530 336.51
1560 373.36
1590 380.71
1620 368.42
1650 337.47
1680 320.53
1710 366.64
1740 341.96
1770 331.16
1800 356.42
1830 320.11
1860 329.80
1890 339.00
1920 363.44
1950 340.22
1980 368.53
2010 333.00
2040 354.04
2070 321.87
2100 343.76
2130 342.04
2160 371.38
2190 355.33
2220 326.80
2250 338.64
2280 349.56
2310 327.71
2340 340.82
2370 314.64
2400 348.24
2430 375.36
2460 365.84
2490 336.69
2520 345.93
2550 369.38
2580 360.58
2610 322.73
2640 307.82
2670 345.18
2700 353.82
2730 349.96
2760 353.31
2790 336.69
2820 339.13
2850 336.18
2880 357.18
2910 353.84
2940 353.93
2970 341.51
