0 333.60
30 333.60
60 333.60
90 333.60
120 333.60
150 333.60
180 324.13
210 305.20
240 305.20
270 305.20
300 305.20
330 305.20
360 305.20
390 332.67
420 346.40
450 346.40
480 346.40
510 346.40
540 346.40
570 346.40
600 360.50
630 360.50
660 360.50
690 360.50
720 360.50
750 360.50
780 374.23
810 401.70
840 401.70
870 401.70
900 401.70
930 401.70
960 401.70
990 394.83
1020 391.40
1050 391.40
1080 391.40
1110 391.40
1140 391.40
1170 391.40
1200 379.20
1230 379.20
1260 379.20
1290 379.20
1320 379.20
1350 379.20
1380 382.37
1410 388.70
1440 388.70
1470 388.70
1500 388.70
1530 388.70
1560 388.70
1590 400.43
1620 406.30
1650 406.30
1680 406.30
1710 406.30
1740 406.30
1770 406.30
1800 393.80
1830 393.80
1860 393.80
1890 393.80
1920 393.80
1950 393.80
1980 394.10
2010 394.70
2040 394.70
2070 394.70
2100 394.70
2130 394.70
2160 394.70
2190 377.30
2220 368.60
2250 368.60
2280 368.60
2310 368.60
2340 368.60
2370 368.60
2400 373.20
2430 373.20
2460 373.20
2490 373.20
2520 373.20
2550 373.20
2580 372.70
2610 371.70
2640 371.70
2670 371.70
2700 371.70
2730 371.70
2760 371.70
2790 369.43
2820 368.30
2850 368.30
2880 368.30
2910 368.30
2940 368.30
2970 368.30
