0 298.23
30 298.70
60 299.78
90 293.45
120 292.37
150 289.08
180 306.02
210 325.21
240 331.05
270 327.25
300 334.30
330 331.25
360 331.27
390 326.62
420 319.74
450 326.61
480 332.31
510 338.33
540 332.97
570 328.14
600 365.45
630 368.83
660 370.89
690 369.73
720 366.20
750 362.91
780 357.55
810 352.58
840 354.81
870 361.29
900 358.95
930 355.05
960 349.72
990 359.83
1020 361.15
1050 363.59
1080 365.99
1110 371.76
1140 371.23
1170 367.16
1200 394.17
1230 395.81
1260 397.03
1290 398.88
1320 401.58
1350 397.75
1380 393.29
1410 376.92
1440 380.71
1470 384.09
1500 385.74
1530 385.41
1560 381.08
1590 358.73
1620 347.05
1650 350.39
1680 352.06
1710 355.21
1740 352.41
1770 349.68
1800 394.80
1830 399.03
1860 403.40
1890 402.09
1920 401.41
1950 393.70
1980 399.99
2010 403.55
2040 410.31
2070 410.97
2100 412.05
2130 409.76
2160 405.51
2190 388.72
2220 372.13
2250 370.06
2280 355.95
2310 359.97
2340 363.48
2370 375.80
2400 356.99
2430 358.56
2460 361.31
2490 360.34
2520 359.37
2550 356.29
2580 359.95
2610 359.94
2640 360.55
2670 351.53
2700 352.89
2730 356.50
2760 361.70
2790 385.63
2820 396.87
2850 404.77
2880 401.33
2910 402.05
2940 393.70
2970 393.05
