0 148.67
30 150.67
60 178.00
90 226.67
120 237.33
150 275.33
180 304.00
210 244.00
240 176.67
270 193.33
300 286.00
330 332.00
360 276.00
390 286.00
420 279.33
450 320.00
480 312.00
510 341.33
540 322.67
570 302.00
600 328.67
630 317.33
660 298.00
690 316.00
720 270.67
750 346.00
780 328.67
810 348.67
840 253.33
870 295.33
900 355.33
930 276.67
960 321.33
990 349.33
1020 278.00
1050 348.67
1080 270.00
1110 352.00
1140 360.67
1170 384.00
1200 335.33
1230 380.67
1260 372.67
1290 400.00
1320 348.67
1350 382.67
1380 338.67
1410 323.33
1440 331.33
1470 346.67
1500 360.00
1530 371.33
1560 335.33
1590 335.33
1620 347.33
1650 316.00
1680 349.33
1710 339.33
1740 383.33
1770 336.00
1800 370.67
1830 366.00
1860 344.00
1890 349.33
1920 372.00
1950 355.33
1980 312.67
2010 318.00
2040 346.67
2070 324.00
2100 376.00
2130 378.67
2160 355.33
2190 348.67
2220 328.00
2250 337.33
2280 344.67
2310 384.67
2340 341.33
2370 348.00
2400 361.33
2430 340.00
2460 336.67
2490 360.67
2520 384.67
2550 334.00
2580 353.33
2610 342.00
2640 363.33
2670 355.33
2700 381.33
2730 326.00
2760 377.33
2790 392.00
2820 352.00
2850 306.67
2880 304.00
2910 346.67
2940 352.00
2970 341.33
