0 200.00
1 340.00
2 360.00
3 240.00
4 240.00
5 220.00
6 180.00
7 240.00
8 220.00
9 360.00
10 460.00
11 360.00
12 240.00
13 420.00
14 220.00
15 300.00
16 240.00
17 240.00
18 300.00
19 220.00
20 220.00
21 240.00
22 240.00
23 240.00
24 460.00
25 300.00
26 240.00
27 240.00
28 400.00
29 220.00
30 400.00
31 180.00
32 300.00
33 240.00
34 340.00
35 240.00
36 180.00
37 340.00
38 480.00
39 380.00
40 400.00
41 500.00
42 220.00
43 240.00
44 240.00
45 240.00
46 240.00
47 240.00
48 340.00
49 220.00
50 260.00
51 260.00
52 240.00
53 400.00
54 220.00
55 240.00
56 240.00
57 360.00
58 480.00
59 240.00
60 240.00
61 460.00
62 400.00
63 240.00
64 380.00
65 240.00
66 220.00
67 360.00
68 240.00
69 220.00
70 240.00
71 460.00
72 160.00
73 500.00
74 260.00
75 240.00
76 280.00
77 240.00
78 220.00
79 240.00
80 260.00
81 240.00
82 300.00
83 440.00
84 240.00
85 340.00
86 500.00
87 240.00
88 380.00
89 360.00
90 220.00
91 200.00
92 500.00
93 480.00
94 500.00
95 220.00
96 440.00
97 300.00
98 220.00
99 400.00
100 240.00
101 240.00
102 240.00
103 420.00
104 320.00
105 480.00
106 320.00
107 240.00
108 500.00
109 240.00
110 460.00
111 240.00
112 240.00
113 420.00
114 240.00
115 460.00
116 200.00
117 400.00
118 240.00
119 420.00
120 300.00
121 160.00
122 240.00
123 300.00
124 280.00
125 360.00
126 240.00
127 240.00
128 340.00
129 240.00
130 420.00
131 340.00
132 300.00
133 340.00
134 460.00
135 240.00
136 260.00
137 420.00
138 240.00
139 240.00
140 220.00
141 200.00
142 180.00
143 380.00
144 240.00
145 300.00
146 500.00
147 340.00
148 220.00
149 340.00
150 240.00
151 240.00
152 220.00
153 220.00
154 500.00
155 240.00
156 400.00
157 460.00
158 420.00
159 280.00
160 220.00
161 420.00
162 380.00
163 420.00
164 360.00
165 240.00
166 240.00
167 240.00
168 380.00
169 440.00
170 240.00
171 240.00
172 240.00
173 240.00
174 160.00
175 200.00
176 300.00
177 200.00
178 200.00
179 460.00
180 280.00
181 220.00
182 460.00
183 400.00
184 240.00
185 220.00
186 400.00
187 260.00
188 220.00
189 240.00
190 480.00
191 320.00
192 200.00
193 280.00
194 120.00
195 300.00
196 240.00
197 220.00
198 200.00
199 220.00
200 300.00
201 340.00
202 100.00
203 320.00
204 400.00
205 240.00
206 220.00
207 420.00
208 220.00
209 340.00
210 200.00
211 360.00
212 300.00
213 460.00
214 320.00
215 220.00
216 400.00
217 400.00
218 320.00
219 240.00
220 220.00
221 400.00
222 160.00
223 180.00
224 280.00
225 160.00
226 320.00
227 180.00
228 300.00
229 300.00
230 360.00
231 200.00
232 320.00
233 380.00
234 340.00
235 300.00
236 220.00
237 240.00
238 240.00
239 180.00
240 180.00
241 360.00
242 340.00
243 260.00
244 480.00
245 300.00
246 200.00
247 240.00
248 300.00
249 240.00
250 260.00
251 400.00
252 160.00
253 440.00
254 260.00
255 300.00
256 200.00
257 260.00
258 380.00
259 240.00
260 340.00
261 340.00
262 240.00
263 280.00
264 280.00
265 260.00
266 240.00
267 200.00
268 260.00
269 400.00
270 220.00
271 240.00
272 260.00
273 280.00
274 260.00
275 220.00
276 320.00
277 160.00
278 260.00
279 460.00
280 200.00
281 300.00
282 500.00
283 320.00
284 240.00
285 360.00
286 240.00
287 220.00
288 240.00
289 280.00
290 260.00
291 220.00
292 220.00
293 240.00
294 360.00
295 220.00
296 480.00
297 380.00
298 360.00
299 340.00
300 340.00
301 320.00
302 220.00
303 220.00
304 220.00
305 420.00
306 200.00
307 240.00
308 380.00
309 440.00
310 260.00
311 340.00
312 220.00
313 220.00
314 400.00
315 200.00
316 160.00
317 200.00
318 340.00
319 260.00
320 340.00
321 320.00
322 280.00
323 440.00
324 200.00
325 320.00
326 200.00
327 440.00
328 220.00
329 320.00
330 360.00
331 180.00
332 200.00
333 200.00
334 360.00
335 160.00
336 180.00
337 300.00
338 160.00
339 220.00
340 320.00
341 200.00
342 260.00
343 360.00
344 180.00
345 160.00
346 180.00
347 320.00
348 280.00
349 180.00
350 440.00
351 340.00
352 220.00
353 220.00
354 240.00
355 320.00
356 440.00
357 200.00
358 340.00
359 240.00
360 220.00
361 340.00
362 360.00
363 400.00
364 340.00
365 240.00
366 160.00
367 480.00
368 380.00
369 400.00
370 240.00
371 240.00
372 240.00
373 240.00
374 380.00
375 440.00
376 420.00
377 340.00
378 220.00
379 240.00
380 360.00
381 240.00
382 180.00
383 340.00
384 240.00
385 220.00
386 340.00
387 360.00
388 320.00
389 360.00
390 200.00
391 420.00
392 380.00
393 440.00
394 380.00
395 420.00
396 240.00
397 280.00
398 360.00
399 400.00
400 420.00
401 240.00
402 380.00
403 400.00
404 380.00
405 420.00
406 360.00
407 440.00
408 280.00
409 480.00
410 240.00
411 240.00
412 240.00
413 240.00
414 220.00
415 180.00
416 360.00
417 400.00
418 380.00
419 360.00
420 360.00
421 420.00
422 240.00
423 440.00
424 280.00
425 380.00
426 220.00
427 400.00
428 460.00
429 440.00
430 220.00
431 420.00
432 460.00
433 400.00
434 220.00
435 220.00
436 220.00
437 200.00
438 380.00
439 380.00
440 240.00
441 200.00
442 180.00
443 280.00
444 360.00
445 200.00
446 220.00
447 340.00
448 380.00
449 300.00
450 360.00
451 360.00
452 420.00
453 240.00
454 280.00
455 240.00
456 320.00
457 360.00
458 220.00
459 260.00
460 200.00
461 160.00
462 220.00
463 240.00
464 200.00
465 200.00
466 180.00
467 180.00
468 280.00
469 240.00
470 320.00
471 260.00
472 200.00
473 220.00
474 180.00
475 260.00
476 360.00
477 200.00
478 200.00
479 200.00
480 420.00
481 200.00
482 380.00
483 240.00
484 320.00
485 440.00
486 220.00
487 220.00
488 380.00
489 380.00
490 420.00
491 220.00
492 300.00
493 260.00
494 340.00
495 300.00
496 240.00
497 200.00
498 320.00
499 240.00
500 340.00
501 340.00
502 380.00
503 200.00
504 240.00
505 220.00
506 220.00
507 260.00
508 440.00
509 400.00
510 380.00
511 460.00
512 200.00
513 500.00
514 240.00
515 360.00
516 440.00
517 500.00
518 200.00
519 360.00
520 380.00
521 440.00
522 240.00
523 420.00
524 220.00
525 300.00
526 280.00
527 320.00
528 460.00
529 400.00
530 240.00
531 340.00
532 240.00
533 240.00
534 380.00
535 460.00
536 460.00
537 420.00
538 220.00
539 240.00
540 320.00
541 240.00
542 240.00
543 300.00
544 340.00
545 340.00
546 420.00
547 420.00
548 360.00
549 240.00
550 400.00
551 200.00
552 300.00
553 220.00
554 420.00
555 240.00
556 200.00
557 280.00
558 360.00
559 240.00
560 240.00
561 240.00
562 360.00
563 340.00
564 380.00
565 340.00
566 200.00
567 320.00
568 340.00
569 380.00
570 300.00
571 260.00
572 200.00
573 280.00
574 400.00
575 140.00
576 140.00
577 160.00
578 380.00
579 220.00
580 260.00
581 420.00
582 360.00
583 320.00
584 380.00
585 240.00
586 280.00
587 320.00
588 360.00
589 240.00
590 460.00
591 420.00
592 400.00
593 320.00
594 200.00
595 220.00
596 220.00
597 400.00
598 360.00
599 360.00
600 380.00
601 240.00
602 240.00
603 400.00
604 240.00
605 320.00
606 300.00
607 320.00
608 420.00
609 320.00
610 340.00
611 260.00
612 400.00
613 200.00
614 400.00
615 400.00
616 300.00
617 360.00
618 420.00
619 320.00
620 320.00
621 280.00
622 160.00
623 240.00
624 340.00
625 280.00
626 380.00
627 420.00
628 320.00
629 420.00
630 240.00
631 420.00
632 220.00
633 260.00
634 200.00
635 220.00
636 300.00
637 360.00
638 320.00
639 300.00
640 200.00
641 240.00
642 320.00
643 300.00
644 320.00
645 180.00
646 200.00
647 280.00
648 320.00
649 260.00
650 280.00
651 360.00
652 380.00
653 420.00
654 460.00
655 420.00
656 240.00
657 220.00
658 380.00
659 420.00
660 200.00
661 180.00
662 240.00
663 460.00
664 500.00
665 240.00
666 380.00
667 240.00
668 220.00
669 220.00
670 380.00
671 240.00
672 180.00
673 200.00
674 220.00
675 420.00
676 420.00
677 340.00
678 160.00
679 200.00
680 180.00
681 360.00
682 340.00
683 240.00
684 240.00
685 420.00
686 500.00
687 240.00
688 200.00
689 200.00
690 300.00
691 440.00
692 180.00
693 200.00
694 400.00
695 180.00
696 320.00
697 200.00
698 220.00
699 220.00
700 460.00
701 460.00
702 340.00
703 240.00
704 240.00
705 420.00
706 440.00
707 240.00
708 300.00
709 480.00
710 200.00
711 380.00
712 500.00
713 220.00
714 220.00
715 400.00
716 500.00
717 240.00
718 260.00
719 240.00
720 400.00
721 420.00
722 440.00
723 240.00
724 240.00
725 240.00
726 480.00
727 200.00
728 500.00
729 240.00
730 240.00
731 200.00
732 220.00
733 200.00
734 380.00
735 460.00
736 240.00
737 380.00
738 380.00
739 320.00
740 440.00
741 500.00
742 500.00
743 220.00
744 280.00
745 440.00
746 220.00
747 160.00
748 320.00
749 480.00
750 240.00
751 280.00
752 480.00
753 320.00
754 420.00
755 240.00
756 380.00
757 320.00
758 460.00
759 460.00
760 240.00
761 240.00
762 480.00
763 280.00
764 340.00
765 160.00
766 440.00
767 240.00
768 220.00
769 400.00
770 440.00
771 420.00
772 240.00
773 240.00
774 240.00
775 140.00
776 440.00
777 240.00
778 380.00
779 220.00
780 240.00
781 220.00
782 420.00
783 320.00
784 360.00
785 160.00
786 200.00
787 260.00
788 380.00
789 400.00
790 440.00
791 360.00
792 340.00
793 240.00
794 300.00
795 380.00
796 220.00
797 480.00
798 460.00
799 200.00
800 240.00
801 200.00
802 360.00
803 300.00
804 360.00
805 220.00
806 320.00
807 400.00
808 420.00
809 400.00
810 260.00
811 460.00
812 240.00
813 380.00
814 360.00
815 400.00
816 440.00
817 420.00
818 420.00
819 260.00
820 380.00
821 420.00
822 400.00
823 340.00
824 460.00
825 440.00
826 220.00
827 440.00
828 380.00
829 240.00
830 340.00
831 340.00
832 420.00
833 300.00
834 320.00
835 400.00
836 380.00
837 300.00
838 240.00
839 380.00
840 420.00
841 220.00
842 320.00
843 360.00
844 320.00
845 340.00
846 280.00
847 300.00
848 200.00
849 300.00
850 300.00
851 320.00
852 460.00
853 360.00
854 340.00
855 340.00
856 220.00
857 240.00
858 220.00
859 180.00
860 420.00
861 300.00
862 200.00
863 380.00
864 360.00
865 280.00
866 340.00
867 360.00
868 180.00
869 300.00
870 440.00
871 380.00
872 240.00
873 440.00
874 380.00
875 440.00
876 440.00
877 380.00
878 500.00
879 460.00
880 400.00
881 240.00
882 400.00
883 380.00
884 440.00
885 320.00
886 400.00
887 260.00
888 380.00
889 340.00
890 500.00
891 460.00
892 360.00
893 400.00
894 380.00
895 360.00
896 500.00
897 220.00
898 280.00
899 340.00
900 300.00
901 380.00
902 340.00
903 380.00
904 320.00
905 280.00
906 420.00
907 260.00
908 340.00
909 240.00
910 300.00
911 480.00
912 140.00
913 240.00
914 240.00
915 340.00
916 360.00
917 300.00
918 360.00
919 360.00
920 340.00
921 300.00
922 300.00
923 300.00
924 360.00
925 160.00
926 280.00
927 400.00
928 280.00
929 480.00
930 400.00
931 240.00
932 400.00
933 460.00
934 280.00
935 180.00
936 360.00
937 500.00
938 380.00
939 420.00
940 460.00
941 340.00
942 380.00
943 260.00
944 220.00
945 220.00
946 320.00
947 440.00
948 200.00
949 380.00
950 340.00
951 340.00
952 220.00
953 260.00
954 220.00
955 360.00
956 320.00
957 280.00
958 420.00
959 320.00
960 260.00
961 420.00
962 320.00
963 300.00
964 300.00
965 280.00
966 380.00
967 180.00
968 300.00
969 400.00
970 400.00
971 240.00
972 300.00
973 260.00
974 220.00
975 260.00
976 300.00
977 260.00
978 320.00
979 260.00
980 240.00
981 240.00
982 220.00
983 260.00
984 140.00
985 200.00
986 300.00
987 320.00
988 240.00
989 420.00
990 280.00
991 200.00
992 360.00
993 360.00
994 320.00
995 300.00
996 320.00
997 340.00
998 380.00
999 220.00
1000 340.00
1001 360.00
1002 460.00
1003 180.00
1004 440.00
1005 380.00
1006 300.00
1007 440.00
1008 400.00
1009 440.00
1010 360.00
1011 380.00
1012 380.00
1013 340.00
1014 380.00
1015 340.00
1016 340.00
1017 240.00
1018 160.00
1019 360.00
1020 420.00
1021 340.00
1022 380.00
1023 200.00
1024 140.00
1025 200.00
1026 320.00
1027 320.00
1028 320.00
1029 280.00
1030 220.00
1031 200.00
1032 200.00
1033 280.00
1034 280.00
1035 360.00
1036 100.00
1037 180.00
1038 360.00
1039 400.00
1040 420.00
1041 460.00
1042 400.00
1043 420.00
1044 440.00
1045 240.00
1046 240.00
1047 460.00
1048 440.00
1049 240.00
1050 220.00
1051 360.00
1052 400.00
1053 400.00
1054 280.00
1055 400.00
1056 360.00
1057 400.00
1058 200.00
1059 340.00
1060 240.00
1061 240.00
1062 240.00
1063 240.00
1064 220.00
1065 380.00
1066 400.00
1067 360.00
1068 260.00
1069 260.00
1070 320.00
1071 220.00
1072 440.00
1073 240.00
1074 440.00
1075 440.00
1076 500.00
1077 400.00
1078 260.00
1079 360.00
1080 420.00
1081 280.00
1082 400.00
1083 380.00
1084 380.00
1085 460.00
1086 400.00
1087 240.00
1088 380.00
1089 240.00
1090 400.00
1091 400.00
1092 220.00
1093 240.00
1094 200.00
1095 240.00
1096 320.00
1097 200.00
1098 420.00
1099 320.00
1100 380.00
1101 200.00
1102 340.00
1103 280.00
1104 400.00
1105 320.00
1106 380.00
1107 160.00
1108 260.00
1109 340.00
1110 300.00
1111 360.00
1112 240.00
1113 400.00
1114 360.00
1115 300.00
1116 320.00
1117 300.00
1118 320.00
1119 240.00
1120 340.00
1121 320.00
1122 380.00
1123 220.00
1124 220.00
1125 340.00
1126 160.00
1127 180.00
1128 420.00
1129 440.00
1130 340.00
1131 420.00
1132 480.00
1133 500.00
1134 440.00
1135 200.00
1136 420.00
1137 220.00
1138 420.00
1139 440.00
1140 440.00
1141 400.00
1142 240.00
1143 440.00
1144 440.00
1145 220.00
1146 440.00
1147 500.00
1148 460.00
1149 220.00
1150 220.00
1151 220.00
1152 440.00
1153 220.00
1154 400.00
1155 400.00
1156 500.00
1157 260.00
1158 160.00
1159 400.00
1160 240.00
1161 260.00
1162 440.00
1163 420.00
1164 400.00
1165 340.00
1166 440.00
1167 400.00
1168 440.00
1169 280.00
1170 380.00
1171 380.00
1172 340.00
1173 320.00
1174 460.00
1175 320.00
1176 380.00
1177 380.00
1178 160.00
1179 380.00
1180 440.00
1181 380.00
1182 180.00
1183 500.00
1184 360.00
1185 460.00
1186 400.00
1187 420.00
1188 440.00
1189 160.00
1190 200.00
1191 220.00
1192 380.00
1193 400.00
1194 280.00
1195 320.00
1196 380.00
1197 220.00
1198 380.00
1199 460.00
1200 440.00
1201 420.00
1202 240.00
1203 240.00
1204 380.00
1205 280.00
1206 140.00
1207 200.00
1208 60.00
1209 300.00
1210 420.00
1211 400.00
1212 340.00
1213 300.00
1214 280.00
1215 360.00
1216 400.00
1217 440.00
1218 180.00
1219 200.00
1220 200.00
1221 200.00
1222 340.00
1223 260.00
1224 300.00
1225 400.00
1226 340.00
1227 220.00
1228 360.00
1229 320.00
1230 360.00
1231 280.00
1232 320.00
1233 380.00
1234 380.00
1235 420.00
1236 240.00
1237 400.00
1238 360.00
1239 440.00
1240 480.00
1241 440.00
1242 420.00
1243 420.00
1244 260.00
1245 420.00
1246 400.00
1247 480.00
1248 460.00
1249 180.00
1250 240.00
1251 240.00
1252 400.00
1253 240.00
1254 460.00
1255 320.00
1256 340.00
1257 440.00
1258 420.00
1259 460.00
1260 220.00
1261 400.00
1262 460.00
1263 260.00
1264 440.00
1265 420.00
1266 480.00
1267 240.00
1268 400.00
1269 380.00
1270 440.00
1271 500.00
1272 220.00
1273 440.00
1274 480.00
1275 220.00
1276 200.00
1277 240.00
1278 360.00
1279 340.00
1280 280.00
1281 260.00
1282 420.00
1283 180.00
1284 380.00
1285 220.00
1286 440.00
1287 440.00
1288 220.00
1289 360.00
1290 360.00
1291 340.00
1292 280.00
1293 340.00
1294 260.00
1295 260.00
1296 320.00
1297 300.00
1298 380.00
1299 420.00
1300 320.00
1301 420.00
1302 400.00
1303 220.00
1304 380.00
1305 400.00
1306 380.00
1307 200.00
1308 60.00
1309 240.00
1310 260.00
1311 280.00
1312 320.00
1313 420.00
1314 360.00
1315 400.00
1316 160.00
1317 440.00
1318 280.00
1319 420.00
1320 420.00
1321 280.00
1322 240.00
1323 420.00
1324 240.00
1325 480.00
1326 220.00
1327 380.00
1328 380.00
1329 280.00
1330 260.00
1331 260.00
1332 320.00
1333 400.00
1334 360.00
1335 380.00
1336 220.00
1337 360.00
1338 400.00
1339 420.00
1340 440.00
1341 240.00
1342 400.00
1343 280.00
1344 440.00
1345 220.00
1346 460.00
1347 340.00
1348 380.00
1349 220.00
1350 220.00
1351 420.00
1352 280.00
1353 380.00
1354 460.00
1355 180.00
1356 360.00
1357 380.00
1358 240.00
1359 420.00
1360 360.00
1361 380.00
1362 400.00
1363 400.00
1364 440.00
1365 460.00
1366 160.00
1367 460.00
1368 260.00
1369 220.00
1370 480.00
1371 220.00
1372 500.00
1373 340.00
1374 380.00
1375 180.00
1376 440.00
1377 460.00
1378 440.00
1379 280.00
1380 260.00
1381 240.00
1382 480.00
1383 380.00
1384 220.00
1385 420.00
1386 400.00
1387 220.00
1388 400.00
1389 500.00
1390 460.00
1391 400.00
1392 240.00
1393 420.00
1394 240.00
1395 420.00
1396 380.00
1397 440.00
1398 460.00
1399 460.00
1400 320.00
1401 360.00
1402 400.00
1403 240.00
1404 280.00
1405 460.00
1406 380.00
1407 400.00
1408 420.00
1409 380.00
1410 400.00
1411 240.00
1412 480.00
1413 460.00
1414 380.00
1415 400.00
1416 380.00
1417 260.00
1418 380.00
1419 260.00
1420 380.00
1421 420.00
1422 480.00
1423 420.00
1424 380.00
1425 480.00
1426 260.00
1427 240.00
1428 400.00
1429 260.00
1430 420.00
1431 440.00
1432 480.00
1433 480.00
1434 360.00
1435 300.00
1436 360.00
1437 480.00
1438 360.00
1439 460.00
1440 240.00
1441 220.00
1442 360.00
1443 200.00
1444 220.00
1445 340.00
1446 360.00
1447 380.00
1448 260.00
1449 440.00
1450 420.00
1451 300.00
1452 360.00
1453 180.00
1454 340.00
1455 380.00
1456 360.00
1457 380.00
1458 320.00
1459 360.00
1460 220.00
1461 160.00
1462 260.00
1463 380.00
1464 180.00
1465 420.00
1466 340.00
1467 340.00
1468 300.00
1469 220.00
1470 280.00
1471 160.00
1472 220.00
1473 500.00
1474 480.00
1475 280.00
1476 360.00
1477 280.00
1478 260.00
1479 360.00
1480 280.00
1481 360.00
1482 340.00
1483 240.00
1484 220.00
1485 240.00
1486 480.00
1487 400.00
1488 400.00
1489 180.00
1490 360.00
1491 360.00
1492 300.00
1493 460.00
1494 360.00
1495 420.00
1496 440.00
1497 420.00
1498 220.00
1499 440.00
1500 300.00
1501 180.00
1502 440.00
1503 400.00
1504 380.00
1505 420.00
1506 500.00
1507 500.00
1508 240.00
1509 400.00
1510 360.00
1511 440.00
1512 460.00
1513 420.00
1514 500.00
1515 240.00
1516 240.00
1517 440.00
1518 420.00
1519 460.00
1520 220.00
1521 380.00
1522 500.00
1523 420.00
1524 380.00
1525 440.00
1526 360.00
1527 400.00
1528 400.00
1529 440.00
1530 480.00
1531 400.00
1532 220.00
1533 240.00
1534 380.00
1535 260.00
1536 400.00
1537 500.00
1538 360.00
1539 360.00
1540 240.00
1541 260.00
1542 400.00
1543 320.00
1544 380.00
1545 400.00
1546 440.00
1547 380.00
1548 300.00
1549 420.00
1550 460.00
1551 260.00
1552 380.00
1553 320.00
1554 300.00
1555 260.00
1556 340.00
1557 360.00
1558 400.00
1559 360.00
1560 160.00
1561 240.00
1562 340.00
1563 360.00
1564 140.00
1565 420.00
1566 300.00
1567 420.00
1568 260.00
1569 400.00
1570 420.00
1571 340.00
1572 400.00
1573 400.00
1574 340.00
1575 420.00
1576 400.00
1577 360.00
1578 400.00
1579 440.00
1580 380.00
1581 400.00
1582 360.00
1583 320.00
1584 420.00
1585 380.00
1586 440.00
1587 260.00
1588 240.00
1589 400.00
1590 380.00
1591 240.00
1592 480.00
1593 280.00
1594 400.00
1595 360.00
1596 180.00
1597 360.00
1598 400.00
1599 460.00
1600 400.00
1601 360.00
1602 360.00
1603 360.00
1604 340.00
1605 260.00
1606 240.00
1607 380.00
1608 460.00
1609 340.00
1610 260.00
1611 360.00
1612 280.00
1613 420.00
1614 300.00
1615 400.00
1616 480.00
1617 200.00
1618 400.00
1619 260.00
1620 240.00
1621 340.00
1622 380.00
1623 380.00
1624 340.00
1625 220.00
1626 340.00
1627 260.00
1628 300.00
1629 140.00
1630 380.00
1631 460.00
1632 320.00
1633 340.00
1634 300.00
1635 360.00
1636 440.00
1637 360.00
1638 480.00
1639 400.00
1640 420.00
1641 420.00
1642 360.00
1643 180.00
1644 380.00
1645 360.00
1646 360.00
1647 340.00
1648 340.00
1649 360.00
1650 360.00
1651 360.00
1652 460.00
1653 180.00
1654 240.00
1655 280.00
1656 300.00
1657 440.00
1658 320.00
1659 140.00
1660 400.00
1661 400.00
1662 200.00
1663 440.00
1664 220.00
1665 420.00
1666 460.00
1667 220.00
1668 340.00
1669 400.00
1670 360.00
1671 220.00
1672 280.00
1673 460.00
1674 340.00
1675 420.00
1676 340.00
1677 380.00
1678 400.00
1679 360.00
1680 360.00
1681 340.00
1682 380.00
1683 220.00
1684 380.00
1685 380.00
1686 380.00
1687 360.00
1688 420.00
1689 420.00
1690 180.00
1691 260.00
1692 460.00
1693 240.00
1694 320.00
1695 280.00
1696 300.00
1697 340.00
1698 260.00
1699 180.00
1700 340.00
1701 380.00
1702 220.00
1703 420.00
1704 320.00
1705 400.00
1706 420.00
1707 420.00
1708 300.00
1709 260.00
1710 240.00
1711 380.00
1712 240.00
1713 360.00
1714 380.00
1715 400.00
1716 380.00
1717 400.00
1718 420.00
1719 240.00
1720 380.00
1721 440.00
1722 360.00
1723 460.00
1724 400.00
1725 480.00
1726 240.00
1727 420.00
1728 440.00
1729 240.00
1730 480.00
1731 480.00
1732 200.00
1733 460.00
1734 380.00
1735 500.00
1736 280.00
1737 460.00
1738 500.00
1739 280.00
1740 240.00
1741 460.00
1742 240.00
1743 440.00
1744 240.00
1745 240.00
1746 240.00
1747 420.00
1748 360.00
1749 420.00
1750 440.00
1751 420.00
1752 200.00
1753 400.00
1754 460.00
1755 200.00
1756 440.00
1757 320.00
1758 500.00
1759 400.00
1760 180.00
1761 420.00
1762 500.00
1763 460.00
1764 220.00
1765 420.00
1766 220.00
1767 360.00
1768 380.00
1769 240.00
1770 200.00
1771 240.00
1772 460.00
1773 280.00
1774 340.00
1775 500.00
1776 420.00
1777 400.00
1778 460.00
1779 440.00
1780 240.00
1781 240.00
1782 420.00
1783 420.00
1784 400.00
1785 340.00
1786 380.00
1787 400.00
1788 380.00
1789 380.00
1790 440.00
1791 440.00
1792 420.00
1793 440.00
1794 420.00
1795 360.00
1796 460.00
1797 420.00
1798 280.00
1799 360.00
1800 340.00
1801 380.00
1802 400.00
1803 380.00
1804 400.00
1805 420.00
1806 340.00
1807 420.00
1808 500.00
1809 400.00
1810 460.00
1811 280.00
1812 200.00
1813 360.00
1814 460.00
1815 380.00
1816 440.00
1817 320.00
1818 320.00
1819 500.00
1820 460.00
1821 380.00
1822 420.00
1823 360.00
1824 500.00
1825 340.00
1826 360.00
1827 360.00
1828 260.00
1829 300.00
1830 420.00
1831 240.00
1832 280.00
1833 280.00
1834 280.00
1835 280.00
1836 240.00
1837 180.00
1838 320.00
1839 300.00
1840 300.00
1841 320.00
1842 460.00
1843 280.00
1844 340.00
1845 440.00
1846 420.00
1847 380.00
1848 240.00
1849 460.00
1850 360.00
1851 320.00
1852 320.00
1853 360.00
1854 420.00
1855 300.00
1856 500.00
1857 240.00
1858 380.00
1859 380.00
1860 360.00
1861 500.00
1862 460.00
1863 300.00
1864 220.00
1865 260.00
1866 220.00
1867 220.00
1868 280.00
1869 200.00
1870 400.00
1871 440.00
1872 240.00
1873 280.00
1874 220.00
1875 360.00
1876 300.00
1877 200.00
1878 360.00
1879 300.00
1880 240.00
1881 320.00
1882 180.00
1883 140.00
1884 320.00
1885 180.00
1886 460.00
1887 460.00
1888 400.00
1889 380.00
1890 460.00
1891 220.00
1892 400.00
1893 380.00
1894 360.00
1895 480.00
1896 400.00
1897 460.00
1898 180.00
1899 420.00
1900 260.00
1901 340.00
1902 220.00
1903 500.00
1904 340.00
1905 440.00
1906 220.00
1907 480.00
1908 200.00
1909 360.00
1910 240.00
1911 420.00
1912 380.00
1913 480.00
1914 300.00
1915 360.00
1916 480.00
1917 260.00
1918 500.00
1919 240.00
1920 500.00
1921 440.00
1922 240.00
1923 240.00
1924 240.00
1925 300.00
1926 500.00
1927 300.00
1928 420.00
1929 280.00
1930 360.00
1931 480.00
1932 340.00
1933 400.00
1934 460.00
1935 380.00
1936 460.00
1937 240.00
1938 420.00
1939 240.00
1940 380.00
1941 280.00
1942 360.00
1943 420.00
1944 180.00
1945 360.00
1946 380.00
1947 180.00
1948 440.00
1949 420.00
1950 320.00
1951 280.00
1952 440.00
1953 300.00
1954 360.00
1955 200.00
1956 240.00
1957 260.00
1958 340.00
1959 440.00
1960 240.00
1961 460.00
1962 420.00
1963 140.00
1964 160.00
1965 400.00
1966 360.00
1967 360.00
1968 380.00
1969 160.00
1970 200.00
1971 180.00
1972 440.00
1973 240.00
1974 400.00
1975 220.00
1976 340.00
1977 120.00
1978 280.00
1979 380.00
1980 160.00
1981 460.00
1982 300.00
1983 260.00
1984 200.00
1985 340.00
1986 360.00
1987 240.00
1988 220.00
1989 440.00
1990 400.00
1991 120.00
1992 380.00
1993 440.00
1994 340.00
1995 500.00
1996 420.00
1997 500.00
1998 240.00
1999 400.00
2000 420.00
2001 360.00
2002 240.00
2003 340.00
2004 480.00
2005 400.00
2006 400.00
2007 360.00
2008 200.00
2009 220.00
2010 360.00
2011 240.00
2012 360.00
2013 500.00
2014 320.00
2015 440.00
2016 360.00
2017 220.00
2018 160.00
2019 240.00
2020 500.00
2021 400.00
2022 160.00
2023 480.00
2024 440.00
2025 380.00
2026 460.00
2027 440.00
2028 240.00
2029 500.00
2030 500.00
2031 400.00
2032 340.00
2033 460.00
2034 480.00
2035 420.00
2036 260.00
2037 420.00
2038 480.00
2039 420.00
2040 460.00
2041 220.00
2042 380.00
2043 280.00
2044 420.00
2045 200.00
2046 480.00
2047 320.00
2048 260.00
2049 260.00
2050 380.00
2051 220.00
2052 440.00
2053 180.00
2054 260.00
2055 160.00
2056 220.00
2057 400.00
2058 280.00
2059 420.00
2060 360.00
2061 400.00
2062 300.00
2063 340.00
2064 400.00
2065 260.00
2066 380.00
2067 280.00
2068 260.00
2069 380.00
2070 440.00
2071 420.00
2072 240.00
2073 380.00
2074 400.00
2075 420.00
2076 480.00
2077 400.00
2078 260.00
2079 240.00
2080 360.00
2081 240.00
2082 480.00
2083 340.00
2084 400.00
2085 420.00
2086 240.00
2087 420.00
2088 240.00
2089 400.00
2090 180.00
2091 460.00
2092 380.00
2093 260.00
2094 220.00
2095 400.00
2096 420.00
2097 500.00
2098 340.00
2099 420.00
2100 300.00
2101 420.00
2102 400.00
2103 240.00
2104 440.00
2105 320.00
2106 260.00
2107 320.00
2108 380.00
2109 160.00
2110 500.00
2111 240.00
2112 380.00
2113 440.00
2114 360.00
2115 220.00
2116 360.00
2117 400.00
2118 420.00
2119 260.00
2120 380.00
2121 300.00
2122 480.00
2123 460.00
2124 240.00
2125 440.00
2126 280.00
2127 360.00
2128 240.00
2129 380.00
2130 220.00
2131 400.00
2132 240.00
2133 320.00
2134 320.00
2135 140.00
2136 480.00
2137 280.00
2138 220.00
2139 400.00
2140 480.00
2141 240.00
2142 480.00
2143 300.00
2144 360.00
2145 340.00
2146 380.00
2147 220.00
2148 380.00
2149 280.00
2150 360.00
2151 460.00
2152 460.00
2153 340.00
2154 280.00
2155 420.00
2156 380.00
2157 380.00
2158 440.00
2159 300.00
2160 300.00
2161 400.00
2162 400.00
2163 400.00
2164 440.00
2165 360.00
2166 320.00
2167 480.00
2168 380.00
2169 360.00
2170 380.00
2171 500.00
2172 320.00
2173 420.00
2174 240.00
2175 440.00
2176 380.00
2177 320.00
2178 420.00
2179 380.00
2180 500.00
2181 420.00
2182 500.00
2183 300.00
2184 460.00
2185 220.00
2186 360.00
2187 400.00
2188 320.00
2189 320.00
2190 220.00
2191 360.00
2192 420.00
2193 320.00
2194 460.00
2195 300.00
2196 440.00
2197 240.00
2198 380.00
2199 380.00
2200 400.00
2201 400.00
2202 360.00
2203 480.00
2204 440.00
2205 420.00
2206 480.00
2207 240.00
2208 200.00
2209 420.00
2210 240.00
2211 380.00
2212 240.00
2213 500.00
2214 460.00
2215 380.00
2216 400.00
2217 360.00
2218 420.00
2219 460.00
2220 380.00
2221 280.00
2222 240.00
2223 380.00
2224 360.00
2225 400.00
2226 360.00
2227 300.00
2228 380.00
2229 280.00
2230 300.00
2231 480.00
2232 260.00
2233 300.00
2234 500.00
2235 320.00
2236 320.00
2237 300.00
2238 460.00
2239 460.00
2240 260.00
2241 500.00
2242 260.00
2243 460.00
2244 300.00
2245 380.00
2246 440.00
2247 420.00
2248 480.00
2249 240.00
2250 400.00
2251 460.00
2252 480.00
2253 420.00
2254 360.00
2255 380.00
2256 460.00
2257 260.00
2258 360.00
2259 420.00
2260 220.00
2261 280.00
2262 380.00
2263 220.00
2264 480.00
2265 240.00
2266 360.00
2267 220.00
2268 500.00
2269 400.00
2270 460.00
2271 180.00
2272 480.00
2273 400.00
2274 360.00
2275 400.00
2276 440.00
2277 380.00
2278 400.00
2279 400.00
2280 400.00
2281 460.00
2282 340.00
2283 440.00
2284 200.00
2285 460.00
2286 240.00
2287 220.00
2288 220.00
2289 500.00
2290 280.00
2291 240.00
2292 440.00
2293 460.00
2294 360.00
2295 320.00
2296 160.00
2297 420.00
2298 440.00
2299 340.00
2300 440.00
2301 380.00
2302 500.00
2303 480.00
2304 440.00
2305 320.00
2306 440.00
2307 380.00
2308 460.00
2309 240.00
2310 220.00
2311 180.00
2312 460.00
2313 380.00
2314 360.00
2315 500.00
2316 240.00
2317 440.00
2318 480.00
2319 460.00
2320 380.00
2321 460.00
2322 220.00
2323 220.00
2324 440.00
2325 380.00
2326 480.00
2327 400.00
2328 500.00
2329 240.00
2330 400.00
2331 440.00
2332 400.00
2333 280.00
2334 340.00
2335 380.00
2336 400.00
2337 340.00
2338 380.00
2339 400.00
2340 320.00
2341 320.00
2342 260.00
2343 180.00
2344 320.00
2345 220.00
2346 340.00
2347 380.00
2348 400.00
2349 240.00
2350 400.00
2351 480.00
2352 220.00
2353 460.00
2354 360.00
2355 400.00
2356 120.00
2357 240.00
2358 340.00
2359 200.00
2360 240.00
2361 400.00
2362 480.00
2363 420.00
2364 340.00
2365 220.00
2366 260.00
2367 340.00
2368 380.00
2369 380.00
2370 380.00
2371 240.00
2372 240.00
2373 380.00
2374 420.00
2375 500.00
2376 400.00
2377 220.00
2378 340.00
2379 360.00
2380 240.00
2381 420.00
2382 500.00
2383 460.00
2384 380.00
2385 280.00
2386 240.00
2387 320.00
2388 420.00
2389 440.00
2390 480.00
2391 340.00
2392 220.00
2393 460.00
2394 400.00
2395 380.00
2396 400.00
2397 220.00
2398 420.00
2399 320.00
2400 440.00
2401 340.00
2402 360.00
2403 460.00
2404 380.00
2405 240.00
2406 400.00
2407 500.00
2408 460.00
2409 300.00
2410 320.00
2411 460.00
2412 360.00
2413 240.00
2414 340.00
2415 440.00
2416 360.00
2417 200.00
2418 300.00
2419 240.00
2420 400.00
2421 440.00
2422 340.00
2423 360.00
2424 420.00
2425 340.00
2426 360.00
2427 240.00
2428 320.00
2429 180.00
2430 460.00
2431 400.00
2432 480.00
2433 180.00
2434 360.00
2435 380.00
2436 380.00
2437 420.00
2438 440.00
2439 220.00
2440 240.00
2441 480.00
2442 300.00
2443 340.00
2444 420.00
2445 420.00
2446 220.00
2447 240.00
2448 220.00
2449 400.00
2450 300.00
2451 320.00
2452 460.00
2453 440.00
2454 220.00
2455 500.00
2456 220.00
2457 280.00
2458 280.00
2459 200.00
2460 440.00
2461 220.00
2462 280.00
2463 280.00
2464 100.00
2465 360.00
2466 500.00
2467 440.00
2468 220.00
2469 500.00
2470 220.00
2471 260.00
2472 360.00
2473 320.00
2474 500.00
2475 400.00
2476 360.00
2477 240.00
2478 220.00
2479 420.00
2480 320.00
2481 420.00
2482 400.00
2483 340.00
2484 380.00
2485 460.00
2486 260.00
2487 500.00
2488 340.00
2489 280.00
2490 200.00
2491 400.00
2492 320.00
2493 440.00
2494 360.00
2495 420.00
2496 420.00
2497 420.00
2498 380.00
2499 440.00
2500 420.00
2501 220.00
2502 380.00
2503 480.00
2504 280.00
2505 320.00
2506 200.00
2507 240.00
2508 400.00
2509 180.00
2510 500.00
2511 240.00
2512 400.00
2513 460.00
2514 240.00
2515 300.00
2516 380.00
2517 420.00
2518 300.00
2519 460.00
2520 260.00
2521 300.00
2522 340.00
2523 240.00
2524 500.00
2525 380.00
2526 440.00
2527 240.00
2528 400.00
2529 280.00
2530 440.00
2531 400.00
2532 480.00
2533 360.00
2534 360.00
2535 220.00
2536 320.00
2537 440.00
2538 340.00
2539 240.00
2540 380.00
2541 500.00
2542 220.00
2543 260.00
2544 380.00
2545 320.00
2546 480.00
2547 360.00
2548 220.00
2549 380.00
2550 360.00
2551 240.00
2552 500.00
2553 340.00
2554 340.00
2555 400.00
2556 240.00
2557 420.00
2558 380.00
2559 160.00
2560 500.00
2561 440.00
2562 200.00
2563 500.00
2564 380.00
2565 240.00
2566 260.00
2567 340.00
2568 180.00
2569 360.00
2570 400.00
2571 360.00
2572 220.00
2573 300.00
2574 400.00
2575 440.00
2576 220.00
2577 340.00
2578 160.00
2579 280.00
2580 260.00
2581 380.00
2582 400.00
2583 420.00
2584 180.00
2585 280.00
2586 300.00
2587 400.00
2588 220.00
2589 420.00
2590 380.00
2591 400.00
2592 400.00
2593 440.00
2594 380.00
2595 220.00
2596 340.00
2597 360.00
2598 360.00
2599 240.00
2600 320.00
2601 320.00
2602 400.00
2603 500.00
2604 420.00
2605 380.00
2606 400.00
2607 320.00
2608 240.00
2609 240.00
2610 360.00
2611 260.00
2612 380.00
2613 420.00
2614 460.00
2615 460.00
2616 400.00
2617 300.00
2618 380.00
2619 220.00
2620 420.00
2621 400.00
2622 260.00
2623 160.00
2624 220.00
2625 420.00
2626 500.00
2627 380.00
2628 380.00
2629 440.00
2630 240.00
2631 380.00
2632 340.00
2633 400.00
2634 320.00
2635 420.00
2636 440.00
2637 240.00
2638 240.00
2639 380.00
2640 200.00
2641 260.00
2642 320.00
2643 480.00
2644 300.00
2645 400.00
2646 340.00
2647 200.00
2648 480.00
2649 360.00
2650 440.00
2651 440.00
2652 440.00
2653 400.00
2654 140.00
2655 260.00
2656 220.00
2657 400.00
2658 380.00
2659 380.00
2660 500.00
2661 440.00
2662 400.00
2663 420.00
2664 240.00
2665 240.00
2666 200.00
2667 500.00
2668 480.00
2669 480.00
2670 440.00
2671 220.00
2672 200.00
2673 440.00
2674 460.00
2675 440.00
2676 420.00
2677 240.00
2678 480.00
2679 220.00
2680 400.00
2681 340.00
2682 180.00
2683 480.00
2684 480.00
2685 460.00
2686 260.00
2687 240.00
2688 240.00
2689 260.00
2690 420.00
2691 440.00
2692 300.00
2693 340.00
2694 220.00
2695 340.00
2696 240.00
2697 80.00
2698 500.00
2699 480.00
2700 400.00
2701 400.00
2702 320.00
2703 460.00
2704 480.00
2705 440.00
2706 440.00
2707 340.00
2708 400.00
2709 260.00
2710 360.00
2711 460.00
2712 240.00
2713 340.00
2714 240.00
2715 440.00
2716 380.00
2717 280.00
2718 260.00
2719 380.00
2720 260.00
2721 360.00
2722 440.00
2723 500.00
2724 180.00
2725 400.00
2726 240.00
2727 400.00
2728 500.00
2729 420.00
2730 340.00
2731 280.00
2732 440.00
2733 260.00
2734 300.00
2735 400.00
2736 400.00
2737 500.00
2738 260.00
2739 320.00
2740 460.00
2741 420.00
2742 420.00
2743 260.00
2744 320.00
2745 220.00
2746 340.00
2747 360.00
2748 420.00
2749 380.00
2750 420.00
2751 280.00
2752 320.00
2753 320.00
2754 360.00
2755 180.00
2756 240.00
2757 440.00
2758 360.00
2759 180.00
2760 360.00
2761 240.00
2762 460.00
2763 280.00
2764 260.00
2765 220.00
2766 240.00
2767 280.00
2768 340.00
2769 280.00
2770 360.00
2771 340.00
2772 340.00
2773 320.00
2774 300.00
2775 200.00
2776 480.00
2777 460.00
2778 400.00
2779 260.00
2780 220.00
2781 420.00
2782 380.00
2783 420.00
2784 360.00
2785 480.00
2786 440.00
2787 240.00
2788 480.00
2789 300.00
2790 500.00
2791 340.00
2792 360.00
2793 460.00
2794 400.00
2795 460.00
2796 220.00
2797 480.00
2798 500.00
2799 220.00
2800 460.00
2801 500.00
2802 300.00
2803 400.00
2804 420.00
2805 460.00
2806 400.00
2807 360.00
2808 360.00
2809 440.00
2810 360.00
2811 200.00
2812 420.00
2813 420.00
2814 380.00
2815 400.00
2816 440.00
2817 420.00
2818 240.00
2819 440.00
2820 380.00
2821 400.00
2822 480.00
2823 440.00
2824 400.00
2825 500.00
2826 460.00
2827 260.00
2828 240.00
2829 460.00
2830 280.00
2831 500.00
2832 220.00
2833 280.00
2834 320.00
2835 240.00
2836 380.00
2837 360.00
2838 220.00
2839 240.00
2840 320.00
2841 200.00
2842 280.00
2843 220.00
2844 160.00
2845 420.00
2846 400.00
2847 420.00
2848 260.00
2849 300.00
2850 380.00
2851 380.00
2852 360.00
2853 220.00
2854 280.00
2855 480.00
2856 380.00
2857 300.00
2858 400.00
2859 240.00
2860 240.00
2861 340.00
2862 160.00
2863 300.00
2864 340.00
2865 400.00
2866 340.00
2867 500.00
2868 220.00
2869 400.00
2870 440.00
2871 480.00
2872 360.00
2873 420.00
2874 400.00
2875 260.00
2876 360.00
2877 420.00
2878 480.00
2879 320.00
2880 300.00
2881 240.00
2882 280.00
2883 500.00
2884 420.00
2885 400.00
2886 420.00
2887 380.00
2888 240.00
2889 480.00
2890 360.00
2891 320.00
2892 400.00
2893 240.00
2894 400.00
2895 420.00
2896 440.00
2897 380.00
2898 400.00
2899 360.00
2900 500.00
2901 400.00
2902 400.00
2903 460.00
2904 300.00
2905 380.00
2906 380.00
2907 320.00
2908 360.00
2909 240.00
2910 320.00
2911 340.00
2912 180.00
2913 220.00
2914 260.00
2915 380.00
2916 300.00
2917 220.00
2918 300.00
2919 300.00
2920 320.00
2921 280.00
2922 380.00
2923 500.00
2924 380.00
2925 340.00
2926 340.00
2927 340.00
2928 400.00
2929 200.00
2930 360.00
2931 380.00
2932 440.00
2933 300.00
2934 440.00
2935 280.00
2936 440.00
2937 420.00
2938 400.00
2939 360.00
2940 240.00
2941 320.00
2942 480.00
2943 280.00
2944 340.00
2945 360.00
2946 280.00
2947 420.00
2948 260.00
2949 460.00
2950 440.00
2951 420.00
2952 460.00
2953 440.00
2954 260.00
2955 480.00
2956 500.00
2957 480.00
2958 360.00
2959 320.00
2960 300.00
2961 220.00
2962 360.00
2963 280.00
2964 300.00
2965 440.00
2966 340.00
2967 280.00
2968 300.00
2969 400.00
2970 500.00
2971 460.00
2972 360.00
2973 240.00
2974 420.00
2975 280.00
2976 280.00
2977 300.00
2978 440.00
2979 440.00
2980 300.00
2981 320.00
2982 320.00
2983 260.00
2984 320.00
2985 480.00
2986 360.00
2987 480.00
2988 320.00
2989 260.00
2990 400.00
2991 440.00
2992 500.00
2993 340.00
2994 340.00
2995 380.00
2996 400.00
2997 480.00
2998 300.00
2999 300.00
