0 280.00
30 296.67
60 304.67
90 334.67
120 296.00
150 301.33
180 280.67
210 283.33
240 288.00
270 288.67
300 289.33
330 258.67
360 309.33
390 339.33
420 315.33
450 252.00
480 302.67
510 344.67
540 307.33
570 300.67
600 324.67
630 301.33
660 285.33
690 314.67
720 332.67
750 321.33
780 320.00
810 359.33
840 305.33
870 382.00
900 319.33
930 330.67
960 284.67
990 336.67
1020 308.67
1050 327.33
1080 320.00
1110 334.67
1140 356.00
1170 349.33
1200 298.67
1230 370.00
1260 344.67
1290 320.67
1320 338.00
1350 353.33
1380 369.33
1410 383.33
1440 308.00
1470 336.67
1500 389.33
1530 352.67
1560 352.00
1590 346.67
1620 343.33
1650 338.00
1680 331.33
1710 377.33
1740 349.33
1770 379.33
1800 381.33
1830 334.67
1860 306.67
1890 359.33
1920 354.67
1950 302.00
1980 338.00
2010 379.33
2040 320.00
2070 360.00
2100 346.00
2130 343.33
2160 381.33
2190 373.33
2220 360.00
2250 373.33
2280 367.33
2310 373.33
2340 322.00
2370 360.67
2400 351.33
2430 340.67
2460 344.67
2490 354.00
2520 349.33
2550 330.00
2580 344.00
2610 354.00
2640 358.00
2670 342.00
2700 367.33
2730 340.00
2760 338.67
2790 392.00
2820 334.67
2850 353.33
2880 370.67
2910 337.33
2940 360.67
2970 367.33
