0 260.80
1 263.20
2 259.20
3 255.60
4 254.40
5 255.60
6 258.00
7 257.20
8 256.40
9 251.20
10 252.00
11 249.20
12 251.20
13 252.40
14 246.40
15 251.20
16 252.00
17 248.80
18 248.80
19 241.60
20 245.20
21 243.20
22 240.00
23 238.80
24 239.20
25 241.60
26 232.40
27 234.40
28 238.40
29 239.60
30 240.40
31 237.60
32 235.60
33 233.20
34 234.00
35 234.00
36 232.80
37 226.80
38 222.80
39 216.40
40 216.40
41 213.60
42 215.20
43 220.00
44 219.20
45 219.60
46 217.60
47 220.00
48 218.00
49 219.60
50 228.00
51 232.00
52 230.40
53 238.00
54 237.60
55 244.00
56 236.80
57 231.20
58 232.80
59 236.40
60 236.40
61 235.20
62 234.40
63 232.80
64 240.00
65 237.60
66 242.80
67 244.00
68 246.80
69 249.60
70 249.60
71 245.60
72 244.00
73 246.40
74 250.40
75 248.00
76 254.00
77 252.00
78 245.20
79 244.00
80 245.20
81 249.20
82 253.20
83 259.60
84 259.60
85 261.60
86 258.80
87 259.20
88 259.20
89 264.80
90 263.60
91 263.20
92 263.20
93 263.20
94 260.80
95 260.00
96 261.20
97 259.60
98 260.00
99 266.00
100 259.60
101 260.40
102 266.00
103 260.40
104 252.80
105 247.60
106 254.40
107 260.40
108 259.60
109 255.60
110 254.40
111 255.20
112 254.00
113 251.60
114 250.80
115 250.00
116 249.60
117 249.20
118 250.00
119 250.80
120 246.80
121 248.80
122 254.40
123 253.20
124 254.40
125 257.20
126 256.00
127 252.00
128 258.40
129 257.60
130 254.80
131 251.60
132 248.00
133 242.00
134 240.00
135 236.80
136 237.20
137 238.00
138 242.80
139 242.80
140 246.40
141 246.80
142 245.20
143 245.60
144 246.00
145 248.40
146 248.80
147 249.20
148 248.40
149 244.40
150 242.40
151 235.20
152 235.20
153 236.80
154 246.00
155 243.60
156 241.60
157 242.00
158 242.00
159 247.60
160 248.00
161 251.20
162 251.20
163 254.00
164 253.60
165 252.00
166 246.40
167 248.80
168 245.20
169 248.80
170 249.20
171 253.20
172 252.40
173 252.40
174 246.80
175 244.00
176 248.40
177 252.40
178 248.80
179 249.60
180 250.40
181 252.40
182 254.00
183 256.00
184 257.20
185 258.40
186 262.00
187 266.80
188 266.00
189 266.80
190 264.40
191 267.20
192 267.20
193 262.00
194 264.80
195 262.80
196 263.20
197 262.00
198 264.40
199 260.80
200 349.20
201 349.20
202 348.00
203 346.40
204 345.60
205 345.60
206 348.80
207 350.00
208 353.60
209 355.20
210 354.40
211 352.80
212 356.40
213 355.20
214 354.00
215 352.00
216 348.80
217 350.00
218 347.60
219 345.20
220 344.00
221 342.80
222 346.00
223 347.20
224 349.60
225 352.40
226 351.20
227 350.40
228 354.80
229 354.00
230 351.60
231 352.40
232 355.60
233 357.60
234 357.60
235 355.60
236 357.20
237 357.20
238 359.60
239 355.60
240 355.60
241 355.60
242 352.00
243 353.20
244 352.00
245 352.80
246 351.60
247 351.60
248 355.60
249 350.40
250 355.20
251 356.40
252 357.20
253 358.40
254 359.20
255 361.20
256 360.80
257 357.60
258 354.00
259 355.20
260 359.20
261 356.40
262 352.80
263 356.80
264 358.80
265 356.80
266 356.80
267 353.20
268 356.40
269 355.20
270 355.60
271 358.40
272 356.40
273 357.60
274 355.20
275 354.40
276 354.80
277 354.80
278 355.60
279 358.80
280 364.00
281 364.80
282 364.40
283 363.60
284 364.00
285 367.20
286 364.00
287 364.80
288 365.20
289 366.40
290 368.00
291 367.60
292 367.60
293 366.40
294 364.40
295 364.80
296 366.40
297 367.60
298 363.60
299 367.60
300 368.40
301 367.20
302 370.00
303 372.40
304 367.20
305 362.80
306 363.20
307 364.00
308 364.40
309 362.40
310 358.40
311 362.00
312 362.00
313 362.40
314 360.00
315 359.60
316 362.80
317 363.60
318 362.40
319 365.60
320 365.20
321 363.20
322 360.80
323 358.00
324 358.80
325 360.00
326 358.00
327 357.60
328 356.40
329 356.80
330 353.20
331 350.00
332 350.00
333 350.80
334 347.20
335 344.40
336 345.20
337 342.40
338 340.80
339 340.00
340 341.20
341 341.60
342 345.20
343 345.20
344 345.20
345 347.60
346 347.60
347 346.40
348 349.20
349 345.20
350 340.00
351 340.00
352 337.60
353 335.60
354 340.80
355 343.20
356 340.00
357 341.20
358 340.80
359 340.00
360 340.80
361 341.60
362 341.60
363 338.40
364 340.00
365 344.40
366 344.40
367 346.00
368 346.40
369 346.80
370 348.00
371 348.40
372 349.60
373 350.00
374 349.20
375 346.00
376 348.80
377 350.00
378 346.00
379 343.20
380 344.00
381 345.60
382 342.80
383 340.80
384 344.00
385 345.60
386 346.40
387 348.40
388 347.20
389 350.80
390 348.00
391 348.00
392 348.00
393 348.00
394 351.20
395 347.60
396 347.20
397 347.20
398 344.40
399 349.60
400 370.00
401 369.20
402 366.40
403 368.00
404 366.80
405 366.80
406 370.40
407 371.60
408 374.80
409 376.80
410 376.00
411 374.00
412 377.60
413 376.40
414 378.80
415 376.40
416 373.20
417 373.60
418 370.80
419 368.40
420 368.40
421 368.80
422 369.20
423 368.40
424 370.80
425 374.00
426 374.80
427 374.00
428 378.80
429 378.00
430 373.20
431 375.60
432 378.80
433 380.80
434 380.80
435 380.00
436 382.00
437 380.40
438 384.00
439 380.00
440 380.00
441 378.40
442 374.40
443 375.60
444 374.00
445 378.00
446 376.40
447 377.20
448 381.20
449 376.00
450 381.20
451 382.40
452 382.80
453 381.20
454 382.00
455 384.00
456 384.40
457 385.20
458 381.60
459 382.80
460 386.80
461 384.00
462 380.40
463 384.40
464 382.80
465 381.60
466 381.60
467 378.00
468 381.20
469 380.00
470 380.00
471 381.20
472 381.20
473 380.80
474 378.40
475 380.00
476 378.40
477 379.20
478 379.60
479 382.80
480 388.00
481 388.00
482 388.00
483 389.60
484 390.00
485 390.00
486 386.40
487 387.20
488 387.20
489 388.40
490 392.00
491 391.60
492 391.60
493 390.40
494 391.60
495 391.60
496 393.20
497 393.60
498 389.60
499 394.80
500 395.60
501 394.40
502 397.20
503 398.80
504 393.20
505 392.00
506 391.20
507 388.00
508 392.00
509 390.00
510 386.00
511 389.60
512 389.60
513 390.00
514 387.60
515 386.80
516 389.60
517 390.40
518 389.20
519 392.40
520 390.40
521 388.40
522 384.00
523 384.40
524 385.20
525 384.00
526 385.60
527 385.20
528 384.40
529 384.80
530 381.60
531 377.60
532 377.20
533 376.00
534 372.00
535 371.60
536 372.40
537 372.40
538 372.80
539 372.00
540 372.00
541 372.40
542 376.40
543 376.40
544 373.20
545 372.80
546 372.80
547 371.60
548 374.40
549 369.20
550 364.00
551 364.80
552 364.40
553 362.80
554 368.80
555 368.00
556 364.80
557 366.00
558 362.40
559 361.20
560 362.00
561 363.20
562 363.20
563 360.00
564 361.60
565 366.00
566 366.40
567 368.80
568 369.60
569 370.00
570 372.00
571 372.40
572 376.40
573 377.20
574 376.40
575 372.80
576 372.00
577 372.40
578 368.00
579 365.20
580 368.00
581 369.60
582 366.80
583 364.40
584 368.00
585 369.20
586 370.00
587 370.80
588 366.80
589 370.40
590 366.80
591 368.40
592 368.40
593 368.40
594 372.00
595 368.40
596 368.40
597 368.40
598 365.60
599 370.80
600 357.60
601 356.80
602 353.60
603 350.40
604 348.80
605 348.40
606 352.00
607 353.60
608 357.60
609 358.80
610 357.60
611 355.60
612 359.20
613 360.00
614 357.60
615 356.00
616 353.20
617 353.60
618 351.20
619 348.00
620 348.00
621 348.00
622 352.80
623 356.40
624 358.80
625 362.40
626 362.80
627 362.00
628 366.40
629 364.80
630 364.40
631 365.20
632 368.80
633 371.60
634 371.20
635 370.80
636 370.80
637 369.60
638 372.80
639 368.80
640 368.80
641 366.80
642 363.20
643 364.80
644 364.00
645 368.00
646 366.00
647 366.40
648 371.60
649 366.40
650 371.60
651 372.80
652 374.00
653 377.20
654 378.80
655 381.20
656 382.00
657 378.40
658 377.60
659 378.80
660 382.80
661 380.00
662 376.80
663 378.00
664 380.80
665 378.40
666 378.40
667 374.80
668 378.00
669 377.60
670 378.00
671 379.60
672 379.60
673 379.20
674 376.40
675 373.20
676 371.20
677 371.60
678 372.40
679 375.60
680 378.00
681 378.00
682 377.60
683 378.80
684 379.20
685 379.20
686 375.60
687 376.00
688 376.00
689 379.60
690 379.60
691 379.20
692 382.00
693 380.00
694 380.40
695 380.00
696 382.00
697 382.80
698 380.80
699 386.00
700 386.80
701 386.80
702 389.60
703 391.60
704 386.00
705 381.20
706 380.00
707 381.60
708 382.80
709 380.80
710 376.40
711 380.40
712 380.00
713 380.40
714 378.80
715 378.40
716 382.00
717 384.80
718 384.00
719 387.20
720 386.80
721 384.80
722 380.40
723 376.80
724 377.60
725 380.80
726 378.80
727 378.80
728 377.60
729 378.40
730 375.20
731 371.60
732 371.20
733 370.00
734 366.40
735 364.80
736 365.20
737 364.40
738 363.60
739 360.40
740 361.20
741 361.60
742 361.60
743 364.40
744 361.20
745 361.20
746 361.20
747 359.60
748 360.40
749 357.60
750 352.00
751 351.60
752 350.80
753 348.80
754 354.40
755 357.20
756 354.00
757 354.40
758 350.00
759 349.60
760 351.20
761 352.00
762 352.00
763 349.60
764 350.80
765 355.20
766 354.40
767 354.80
768 354.80
769 355.20
770 355.20
771 355.60
772 355.20
773 355.60
774 355.20
775 351.60
776 355.20
777 355.60
778 351.60
779 349.20
780 350.40
781 353.20
782 350.40
783 347.60
784 351.20
785 353.20
786 356.40
787 358.00
788 355.60
789 359.20
790 358.40
791 360.40
792 361.20
793 358.80
794 362.40
795 358.80
796 358.80
797 359.20
798 355.20
799 358.00
800 360.00
801 360.00
802 359.60
803 360.40
804 359.60
805 355.20
806 358.80
807 359.60
808 360.00
809 363.20
810 364.00
811 362.80
812 366.40
813 369.60
814 372.00
815 368.80
816 363.60
817 363.60
818 361.60
819 359.20
820 355.60
821 355.60
822 360.80
823 364.80
824 366.40
825 370.80
826 372.40
827 372.00
828 377.20
829 376.40
830 380.40
831 383.20
832 386.80
833 392.00
834 390.80
835 390.80
836 394.00
837 392.80
838 394.00
839 390.00
840 390.00
841 389.20
842 384.80
843 385.60
844 383.20
845 383.20
846 381.20
847 380.40
848 384.40
849 379.20
850 384.00
851 384.40
852 389.60
853 386.00
854 386.40
855 390.80
856 392.40
857 392.40
858 396.40
859 396.80
860 400.00
861 396.40
862 398.00
863 398.40
864 397.20
865 395.60
866 395.60
867 392.00
868 395.20
869 394.40
870 394.80
871 395.60
872 395.60
873 396.00
874 394.80
875 390.40
876 388.80
877 389.20
878 389.20
879 393.20
880 394.40
881 394.40
882 394.00
883 388.80
884 388.80
885 393.20
886 388.80
887 389.20
888 392.00
889 392.80
890 393.20
891 391.60
892 395.60
893 394.80
894 392.80
895 397.20
896 399.20
897 399.20
898 394.80
899 400.00
900 400.40
901 399.20
902 398.80
903 402.40
904 397.60
905 392.40
906 391.20
907 388.00
908 383.60
909 382.40
910 378.40
911 382.40
912 377.20
913 378.00
914 374.80
915 374.80
916 376.40
917 376.80
918 374.80
919 378.40
920 378.80
921 378.80
922 375.20
923 370.80
924 370.80
925 375.20
926 371.60
927 370.80
928 370.40
929 367.60
930 362.80
931 358.40
932 358.40
933 362.00
934 358.00
935 357.60
936 358.40
937 354.40
938 350.80
939 351.20
940 354.80
941 355.60
942 356.00
943 356.00
944 356.40
945 356.40
946 356.40
947 355.60
948 359.20
949 358.40
950 353.20
951 354.00
952 349.60
953 348.80
954 354.00
955 359.20
956 355.20
957 357.60
958 357.60
959 355.20
960 355.20
961 356.00
962 356.00
963 351.60
964 353.60
965 358.40
966 362.00
967 365.20
968 366.00
969 365.60
970 368.40
971 367.60
972 366.00
973 366.00
974 365.60
975 361.20
976 364.80
977 365.60
978 360.80
979 360.40
980 360.00
981 361.60
982 358.40
983 354.80
984 360.00
985 356.00
986 356.40
987 361.20
988 360.80
989 363.60
990 359.60
991 361.20
992 361.20
993 361.20
994 365.20
995 360.80
996 360.80
997 362.40
998 359.20
999 360.00
1000 363.60
1001 363.60
1002 360.80
1003 357.60
1004 357.20
1005 358.40
1006 361.60
1007 362.00
1008 365.60
1009 368.40
1010 367.20
1011 364.80
1012 368.40
1013 370.80
1014 373.20
1015 370.40
1016 370.80
1017 371.20
1018 368.00
1019 364.40
1020 364.80
1021 364.40
1022 364.80
1023 364.00
1024 366.40
1025 369.60
1026 370.80
1027 370.00
1028 374.80
1029 374.00
1030 372.80
1031 375.20
1032 378.80
1033 383.20
1034 382.00
1035 381.20
1036 383.60
1037 382.00
1038 385.60
1039 381.60
1040 381.60
1041 380.80
1042 376.80
1043 378.00
1044 376.80
1045 380.80
1046 378.00
1047 382.80
1048 388.40
1049 383.20
1050 388.40
1051 388.80
1052 392.00
1053 395.20
1054 394.80
1055 395.20
1056 397.20
1057 398.00
1058 398.40
1059 398.80
1060 403.20
1061 400.80
1062 396.80
1063 397.60
1064 396.00
1065 394.80
1066 394.80
1067 391.20
1068 395.20
1069 395.20
1070 395.20
1071 396.40
1072 396.40
1073 397.20
1074 395.20
1075 396.80
1076 394.40
1077 394.80
1078 395.20
1079 398.40
1080 400.00
1081 400.00
1082 399.60
1083 398.80
1084 398.80
1085 398.80
1086 394.80
1087 395.60
1088 395.60
1089 396.80
1090 400.40
1091 399.20
1092 402.40
1093 401.20
1094 399.20
1095 399.20
1096 401.60
1097 402.00
1098 398.00
1099 402.00
1100 402.40
1101 401.20
1102 401.20
1103 402.80
1104 398.80
1105 398.00
1106 396.40
1107 393.20
1108 393.20
1109 392.00
1110 388.00
1111 391.60
1112 392.00
1113 392.80
1114 390.40
1115 389.60
1116 392.40
1117 393.20
1118 391.60
1119 394.80
1120 392.80
1121 392.40
1122 386.80
1123 382.80
1124 383.20
1125 382.00
1126 383.60
1127 384.80
1128 384.00
1129 384.80
1130 381.60
1131 377.60
1132 376.80
1133 375.60
1134 371.20
1135 370.80
1136 370.40
1137 370.40
1138 370.80
1139 369.60
1140 369.60
1141 370.00
1142 370.80
1143 370.80
1144 372.80
1145 372.40
1146 372.80
1147 371.60
1148 373.60
1149 373.60
1150 368.40
1151 369.20
1152 368.80
1153 367.20
1154 372.00
1155 371.20
1156 367.60
1157 369.60
1158 365.60
1159 363.60
1160 364.40
1161 365.60
1162 365.60
1163 361.60
1164 363.20
1165 368.00
1166 364.80
1167 367.20
1168 368.00
1169 368.40
1170 370.00
1171 369.60
1172 374.80
1173 378.80
1174 378.00
1175 374.40
1176 374.00
1177 373.20
1178 368.80
1179 365.60
1180 368.40
1181 370.00
1182 367.60
1183 365.20
1184 370.80
1185 372.00
1186 374.00
1187 374.80
1188 370.80
1189 374.80
1190 371.20
1191 372.80
1192 372.80
1193 372.80
1194 374.00
1195 370.40
1196 370.40
1197 366.40
1198 362.80
1199 364.00
1200 351.60
1201 359.60
1202 360.00
1203 356.40
1204 355.60
1205 351.60
1206 354.40
1207 356.00
1208 359.20
1209 360.80
1210 358.40
1211 364.40
1212 366.80
1213 364.80
1214 361.20
1215 358.40
1216 354.80
1217 354.80
1218 354.00
1219 349.20
1220 348.00
1221 346.80
1222 348.80
1223 351.60
1224 353.20
1225 355.20
1226 348.00
1227 346.00
1228 349.60
1229 350.00
1230 348.80
1231 349.60
1232 349.20
1233 352.00
1234 351.20
1235 351.60
1236 357.20
1237 362.80
1238 362.00
1239 358.40
1240 357.60
1241 355.60
1242 351.60
1243 355.60
1244 355.60
1245 352.80
1246 351.20
1247 349.60
1248 353.60
1249 348.80
1250 349.60
1251 348.00
1252 348.00
1253 351.60
1254 350.80
1255 354.40
1256 348.00
1257 341.20
1258 339.60
1259 340.80
1260 342.00
1261 338.80
1262 341.60
1263 342.80
1264 348.00
1265 346.80
1266 350.40
1267 351.20
1268 351.60
1269 354.00
1270 354.00
1271 350.40
1272 342.00
1273 341.20
1274 338.40
1275 338.00
1276 343.60
1277 345.20
1278 346.40
1279 345.60
1280 347.60
1281 347.20
1282 347.60
1283 347.60
1284 346.80
1285 346.00
1286 347.20
1287 347.60
1288 348.00
1289 352.80
1290 353.60
1291 354.40
1292 356.80
1293 353.60
1294 354.80
1295 356.40
1296 358.00
1297 357.20
1298 356.00
1299 355.60
1300 357.20
1301 357.20
1302 355.60
1303 358.40
1304 354.80
1305 354.00
1306 360.00
1307 365.60
1308 367.20
1309 366.00
1310 364.00
1311 366.80
1312 361.60
1313 363.20
1314 361.60
1315 361.20
1316 361.20
1317 360.40
1318 362.00
1319 364.80
1320 364.00
1321 368.00
1322 372.80
1323 370.80
1324 371.60
1325 372.00
1326 372.80
1327 366.80
1328 365.60
1329 364.00
1330 363.20
1331 360.00
1332 359.20
1333 359.20
1334 356.00
1335 354.80
1336 352.00
1337 351.60
1338 349.60
1339 346.80
1340 348.40
1341 348.40
1342 349.20
1343 351.20
1344 348.40
1345 348.40
1346 347.20
1347 348.40
1348 347.60
1349 350.00
1350 344.80
1351 338.40
1352 339.60
1353 336.80
1354 342.00
1355 343.20
1356 340.80
1357 340.40
1358 337.20
1359 335.60
1360 338.80
1361 333.20
1362 333.20
1363 332.40
1364 332.40
1365 336.80
1366 336.80
1367 336.80
1368 335.60
1369 335.20
1370 337.20
1371 338.00
1372 339.60
1373 339.60
1374 340.00
1375 338.00
1376 338.80
1377 345.20
1378 341.60
1379 343.60
1380 343.60
1381 346.40
1382 347.20
1383 344.40
1384 349.20
1385 350.80
1386 346.80
1387 341.20
1388 343.60
1389 345.20
1390 343.60
1391 344.80
1392 345.60
1393 342.80
1394 344.40
1395 345.60
1396 346.80
1397 348.00
1398 346.00
1399 348.80
1400 357.20
1401 363.60
1402 364.80
1403 359.60
1404 359.60
1405 359.60
1406 362.80
1407 365.20
1408 368.40
1409 367.20
1410 366.00
1411 364.40
1412 367.20
1413 364.40
1414 361.60
1415 358.40
1416 354.00
1417 354.40
1418 352.80
1419 348.80
1420 348.00
1421 348.00
1422 350.00
1423 353.60
1424 354.80
1425 356.00
1426 349.20
1427 346.40
1428 351.20
1429 346.40
1430 342.40
1431 344.00
1432 342.00
1433 345.60
1434 345.60
1435 345.20
1436 343.20
1437 350.80
1438 353.20
1439 349.60
1440 350.00
1441 348.00
1442 346.00
1443 344.80
1444 345.20
1445 347.60
1446 342.80
1447 341.20
1448 344.00
1449 339.20
1450 339.20
1451 338.00
1452 336.80
1453 340.80
1454 339.60
1455 340.00
1456 334.00
1457 326.80
1458 325.20
1459 328.00
1460 327.60
1461 325.20
1462 323.20
1463 324.80
1464 330.00
1465 328.80
1466 332.40
1467 328.40
1468 330.40
1469 332.40
1470 331.20
1471 332.80
1472 324.00
1473 321.60
1474 319.60
1475 321.60
1476 326.80
1477 326.40
1478 327.20
1479 330.40
1480 333.60
1481 333.20
1482 333.60
1483 334.00
1484 333.20
1485 331.60
1486 330.80
1487 328.00
1488 327.60
1489 324.80
1490 324.80
1491 323.60
1492 322.80
1493 321.20
1494 322.80
1495 325.20
1496 329.20
1497 329.60
1498 326.00
1499 329.60
1500 330.80
1501 332.00
1502 332.80
1503 333.60
1504 330.00
1505 324.40
1506 329.20
1507 333.60
1508 334.80
1509 334.00
1510 332.80
1511 334.80
1512 334.80
1513 334.80
1514 332.80
1515 332.40
1516 332.00
1517 334.40
1518 334.40
1519 336.80
1520 336.80
1521 332.40
1522 334.80
1523 333.60
1524 334.00
1525 334.40
1526 337.20
1527 334.00
1528 332.00
1529 334.80
1530 335.60
1531 332.40
1532 331.60
1533 330.00
1534 332.00
1535 332.40
1536 334.40
1537 336.40
1538 335.60
1539 340.40
1540 340.40
1541 340.00
1542 342.00
1543 342.40
1544 340.00
1545 341.60
1546 341.20
1547 341.20
1548 342.80
1549 340.80
1550 336.00
1551 329.60
1552 328.80
1553 329.20
1554 334.00
1555 339.20
1556 337.20
1557 337.60
1558 334.80
1559 334.00
1560 336.80
1561 338.80
1562 338.00
1563 339.20
1564 338.80
1565 343.60
1566 344.80
1567 346.00
1568 345.60
1569 345.20
1570 347.20
1571 350.00
1572 354.40
1573 354.40
1574 354.80
1575 351.20
1576 350.00
1577 356.40
1578 352.80
1579 351.60
1580 351.60
1581 353.60
1582 356.00
1583 353.60
1584 352.40
1585 354.00
1586 354.80
1587 348.00
1588 346.80
1589 348.40
1590 348.00
1591 351.60
1592 352.40
1593 354.80
1594 355.20
1595 348.80
1596 350.00
1597 351.20
1598 350.40
1599 353.60
1600 338.40
1601 339.20
1602 336.40
1603 328.00
1604 328.80
1605 324.80
1606 328.80
1607 330.80
1608 331.20
1609 330.80
1610 328.00
1611 326.00
1612 330.00
1613 329.60
1614 323.60
1615 321.60
1616 317.20
1617 318.40
1618 317.20
1619 312.00
1620 308.80
1621 305.60
1622 311.60
1623 313.60
1624 314.80
1625 318.00
1626 311.20
1627 310.40
1628 316.00
1629 312.80
1630 310.80
1631 308.80
1632 312.80
1633 316.40
1634 316.40
1635 320.80
1636 322.00
1637 320.40
1638 322.80
1639 318.80
1640 318.40
1641 317.20
1642 317.60
1643 320.00
1644 320.40
1645 320.40
1646 316.40
1647 320.00
1648 323.60
1649 319.20
1650 320.80
1651 320.40
1652 324.00
1653 331.20
1654 330.00
1655 334.00
1656 334.00
1657 326.80
1658 328.40
1659 329.20
1660 330.40
1661 326.40
1662 323.60
1663 324.80
1664 333.20
1665 330.00
1666 334.40
1667 330.40
1668 331.20
1669 333.20
1670 335.20
1671 340.00
1672 331.20
1673 330.40
1674 329.60
1675 325.60
1676 331.60
1677 331.20
1678 332.00
1679 337.60
1680 340.80
1681 343.60
1682 342.40
1683 342.80
1684 342.80
1685 343.20
1686 337.60
1687 339.20
1688 339.60
1689 344.40
1690 343.60
1691 343.60
1692 345.60
1693 344.00
1694 341.20
1695 344.00
1696 347.20
1697 346.40
1698 342.80
1699 346.80
1700 347.60
1701 348.00
1702 348.00
1703 348.80
1704 348.40
1705 347.60
1706 347.60
1707 352.00
1708 350.00
1709 350.00
1710 348.00
1711 352.40
1712 352.40
1713 352.00
1714 349.60
1715 350.00
1716 348.80
1717 349.60
1718 349.60
1719 351.20
1720 352.00
1721 351.20
1722 354.40
1723 353.20
1724 352.80
1725 357.60
1726 358.40
1727 354.80
1728 353.60
1729 350.80
1730 346.00
1731 342.80
1732 343.20
1733 342.40
1734 338.40
1735 337.60
1736 338.40
1737 337.60
1738 337.60
1739 332.40
1740 335.60
1741 336.80
1742 338.40
1743 339.60
1744 341.20
1745 341.60
1746 342.80
1747 343.20
1748 344.80
1749 343.60
1750 342.80
1751 342.00
1752 341.20
1753 341.60
1754 342.40
1755 343.20
1756 339.20
1757 340.00
1758 340.00
1759 339.60
1760 343.20
1761 344.80
1762 343.60
1763 343.20
1764 343.20
1765 348.00
1766 349.20
1767 351.20
1768 351.60
1769 353.20
1770 353.60
1771 352.80
1772 352.40
1773 352.40
1774 352.40
1775 348.40
1776 348.40
1777 353.20
1778 348.00
1779 348.40
1780 352.00
1781 354.40
1782 351.20
1783 348.00
1784 352.00
1785 348.00
1786 351.60
1787 352.40
1788 349.60
1789 354.00
1790 352.00
1791 352.00
1792 348.00
1793 346.00
1794 346.80
1795 343.60
1796 343.20
1797 340.00
1798 338.40
1799 340.00
1800 323.60
1801 319.20
1802 320.40
1803 320.40
1804 317.60
1805 319.20
1806 322.00
1807 318.40
1808 316.00
1809 316.80
1810 314.40
1811 312.00
1812 316.00
1813 316.80
1814 314.00
1815 310.80
1816 307.60
1817 304.40
1818 305.20
1819 306.80
1820 306.80
1821 308.00
1822 311.60
1823 315.60
1824 311.60
1825 313.20
1826 314.40
1827 312.80
1828 313.20
1829 318.00
1830 320.00
1831 324.80
1832 320.40
1833 318.80
1834 319.20
1835 323.20
1836 321.60
1837 319.60
1838 317.20
1839 312.80
1840 312.40
1841 310.80
1842 310.40
1843 315.60
1844 314.40
1845 310.00
1846 312.40
1847 318.40
1848 316.80
1849 313.20
1850 316.00
1851 319.60
1852 318.40
1853 318.80
1854 320.80
1855 325.20
1856 327.60
1857 336.00
1858 339.20
1859 332.40
1860 334.80
1861 332.00
1862 328.40
1863 326.00
1864 330.40
1865 330.00
1866 334.80
1867 336.00
1868 337.60
1869 338.80
1870 334.40
1871 336.40
1872 338.00
1873 334.80
1874 339.60
1875 341.20
1876 337.60
1877 338.80
1878 330.40
1879 330.40
1880 331.60
1881 331.60
1882 336.00
1883 340.80
1884 341.20
1885 341.60
1886 340.40
1887 337.20
1888 341.60
1889 344.00
1890 343.60
1891 342.40
1892 341.60
1893 338.00
1894 335.60
1895 338.80
1896 336.00
1897 332.80
1898 336.00
1899 341.20
1900 338.80
1901 338.80
1902 340.80
1903 343.60
1904 336.80
1905 334.80
1906 332.80
1907 329.20
1908 328.00
1909 332.40
1910 332.80
1911 334.40
1912 334.40
1913 333.20
1914 330.80
1915 329.60
1916 328.80
1917 327.20
1918 329.60
1919 329.60
1920 328.80
1921 322.80
1922 320.40
1923 322.80
1924 324.80
1925 324.00
1926 321.60
1927 323.60
1928 331.20
1929 329.20
1930 330.00
1931 326.40
1932 324.80
1933 321.20
1934 315.60
1935 311.60
1936 315.20
1937 314.40
1938 313.20
1939 310.40
1940 313.60
1941 314.80
1942 316.00
1943 318.40
1944 319.60
1945 320.00
1946 324.00
1947 324.80
1948 322.00
1949 319.60
1950 318.40
1951 319.20
1952 317.20
1953 314.00
1954 321.60
1955 317.60
1956 314.40
1957 313.20
1958 313.60
1959 315.20
1960 314.80
1961 318.40
1962 318.00
1963 320.80
1964 321.60
1965 326.40
1966 325.60
1967 329.20
1968 324.40
1969 321.60
1970 326.80
1971 329.60
1972 326.80
1973 323.60
1974 320.80
1975 318.40
1976 323.20
1977 321.60
1978 322.00
1979 319.20
1980 315.20
1981 314.00
1982 315.60
1983 316.00
1984 320.80
1985 320.40
1986 319.60
1987 325.60
1988 324.80
1989 329.60
1990 327.20
1991 328.80
1992 328.80
1993 324.80
1994 327.20
1995 328.00
1996 324.40
1997 320.80
1998 322.00
1999 322.80
2000 356.80
2001 356.80
2002 356.80
2003 351.20
2004 350.80
2005 346.40
2006 350.00
2007 354.80
2008 354.40
2009 358.80
2010 355.60
2011 350.40
2012 350.40
2013 349.60
2014 355.20
2015 350.40
2016 345.20
2017 345.20
2018 346.40
2019 346.80
2020 346.80
2021 342.40
2022 343.20
2023 347.60
2024 348.80
2025 353.60
2026 354.80
2027 353.60
2028 358.80
2029 357.20
2030 356.00
2031 356.40
2032 353.20
2033 358.00
2034 357.60
2035 357.20
2036 361.60
2037 356.80
2038 356.80
2039 356.00
2040 356.80
2041 352.00
2042 346.80
2043 347.60
2044 343.60
2045 340.40
2046 341.20
2047 341.60
2048 344.00
2049 338.80
2050 344.00
2051 345.20
2052 346.40
2053 347.20
2054 346.40
2055 350.80
2056 352.40
2057 353.20
2058 356.40
2059 357.20
2060 360.00
2061 364.40
2062 368.40
2063 370.00
2064 364.80
2065 365.20
2066 370.00
2067 374.80
2068 377.20
2069 376.40
2070 380.00
2071 385.20
2072 385.20
2073 384.40
2074 383.60
2075 383.20
2076 377.60
2077 374.00
2078 374.40
2079 376.00
2080 378.00
2081 378.80
2082 383.20
2083 382.40
2084 378.00
2085 378.40
2086 376.80
2087 381.60
2088 381.60
2089 386.80
2090 384.00
2091 387.60
2092 391.60
2093 396.40
2094 400.40
2095 403.20
2096 405.20
2097 401.20
2098 395.60
2099 401.20
2100 401.60
2101 398.80
2102 398.80
2103 403.60
2104 398.80
2105 397.60
2106 392.80
2107 387.20
2108 388.00
2109 386.80
2110 386.80
2111 382.80
2112 378.80
2113 378.80
2114 380.00
2115 379.60
2116 378.40
2117 377.60
2118 378.40
2119 382.40
2120 378.80
2121 378.80
2122 375.20
2123 371.60
2124 368.00
2125 368.40
2126 373.20
2127 376.80
2128 372.80
2129 374.00
2130 368.80
2131 366.40
2132 362.00
2133 358.00
2134 361.60
2135 356.80
2136 352.80
2137 352.00
2138 352.40
2139 347.20
2140 347.20
2141 347.60
2142 344.00
2143 338.40
2144 336.40
2145 337.20
2146 334.80
2147 339.20
2148 344.40
2149 342.40
2150 340.00
2151 341.60
2152 340.40
2153 340.40
2154 346.40
2155 347.60
2156 347.20
2157 347.20
2158 343.60
2159 339.60
2160 340.00
2161 344.80
2162 344.80
2163 344.00
2164 342.40
2165 347.20
2166 348.80
2167 344.80
2168 340.40
2169 336.80
2170 336.80
2171 336.00
2172 338.80
2173 338.80
2174 342.00
2175 337.20
2176 336.80
2177 338.00
2178 336.40
2179 335.20
2180 339.60
2181 340.80
2182 344.00
2183 344.00
2184 345.20
2185 350.00
2186 351.20
2187 352.00
2188 351.60
2189 352.40
2190 354.40
2191 355.20
2192 360.00
2193 360.00
2194 362.00
2195 361.60
2196 361.20
2197 360.40
2198 358.40
2199 360.00
2200 388.80
2201 388.40
2202 387.60
2203 381.60
2204 381.60
2205 378.00
2206 377.20
2207 377.20
2208 379.20
2209 381.20
2210 378.00
2211 376.00
2212 376.40
2213 375.60
2214 374.80
2215 374.40
2216 374.40
2217 375.20
2218 373.20
2219 366.80
2220 367.20
2221 367.60
2222 371.20
2223 370.40
2224 370.80
2225 367.60
2226 360.40
2227 356.80
2228 362.40
2229 362.40
2230 360.40
2231 362.00
2232 362.00
2233 362.80
2234 360.80
2235 360.80
2236 360.40
2237 358.40
2238 361.20
2239 360.40
2240 360.00
2241 357.60
2242 356.40
2243 355.60
2244 354.80
2245 354.80
2246 354.80
2247 356.40
2248 360.80
2249 356.00
2250 357.60
2251 356.80
2252 358.40
2253 363.20
2254 362.80
2255 366.80
2256 369.20
2257 371.20
2258 369.20
2259 370.00
2260 370.00
2261 370.80
2262 368.00
2263 369.20
2264 369.60
2265 368.40
2266 372.80
2267 373.60
2268 375.20
2269 379.20
2270 378.80
2271 380.40
2272 371.60
2273 369.60
2274 367.20
2275 369.60
2276 375.20
2277 378.00
2278 378.80
2279 381.60
2280 385.60
2281 384.80
2282 384.80
2283 384.00
2284 384.40
2285 384.00
2286 384.00
2287 385.60
2288 386.00
2289 388.40
2290 389.60
2291 390.00
2292 389.20
2293 391.60
2294 391.60
2295 391.20
2296 390.80
2297 389.20
2298 386.40
2299 390.40
2300 390.40
2301 391.60
2302 391.60
2303 393.20
2304 391.20
2305 390.40
2306 387.60
2307 384.80
2308 386.40
2309 384.80
2310 386.00
2311 384.00
2312 381.20
2313 383.20
2314 381.60
2315 379.60
2316 378.80
2317 378.40
2318 380.00
2319 378.80
2320 378.80
2321 376.00
2322 378.80
2323 380.40
2324 380.80
2325 381.60
2326 382.40
2327 375.20
2328 374.40
2329 371.60
2330 370.00
2331 364.40
2332 362.80
2333 362.80
2334 364.00
2335 364.00
2336 364.40
2337 363.60
2338 363.60
2339 362.40
2340 364.00
2341 364.40
2342 365.60
2343 362.80
2344 362.00
2345 361.60
2346 360.80
2347 360.80
2348 358.80
2349 355.60
2350 353.20
2351 353.20
2352 352.40
2353 352.00
2354 354.40
2355 354.80
2356 356.00
2357 356.80
2358 355.20
2359 354.00
2360 356.00
2361 359.20
2362 364.40
2363 362.00
2364 364.00
2365 367.60
2366 364.00
2367 362.80
2368 361.60
2369 365.20
2370 365.20
2371 366.00
2372 368.40
2373 369.60
2374 371.20
2375 371.20
2376 372.00
2377 380.00
2378 374.40
2379 374.40
2380 374.00
2381 378.80
2382 380.40
2383 380.40
2384 380.80
2385 381.20
2386 381.20
2387 382.40
2388 379.20
2389 378.80
2390 376.40
2391 378.00
2392 378.80
2393 380.00
2394 381.60
2395 382.40
2396 383.60
2397 383.60
2398 384.00
2399 388.00
2400 368.00
2401 368.80
2402 368.80
2403 367.60
2404 368.00
2405 363.60
2406 366.00
2407 365.60
2408 365.60
2409 370.40
2410 366.00
2411 364.80
2412 368.40
2413 367.60
2414 370.40
2415 365.60
2416 360.40
2417 360.00
2418 361.20
2419 358.40
2420 358.40
2421 354.40
2422 359.60
2423 356.00
2424 357.20
2425 362.40
2426 363.60
2427 366.00
2428 372.40
2429 372.00
2430 370.00
2431 370.00
2432 370.00
2433 371.20
2434 370.40
2435 369.60
2436 365.60
2437 365.60
2438 360.80
2439 360.80
2440 364.40
2441 360.40
2442 360.00
2443 356.40
2444 353.60
2445 349.60
2446 352.00
2447 351.60
2448 354.00
2449 349.20
2450 350.00
2451 350.80
2452 352.40
2453 348.80
2454 348.00
2455 352.00
2456 352.40
2457 346.80
2458 350.00
2459 350.00
2460 352.00
2461 352.40
2462 353.20
2463 354.80
2464 356.00
2465 355.60
2466 359.60
2467 358.80
2468 360.80
2469 364.00
2470 367.60
2471 372.40
2472 372.40
2473 375.60
2474 374.40
2475 373.60
2476 368.00
2477 364.80
2478 364.80
2479 365.20
2480 368.80
2481 372.00
2482 375.60
2483 370.40
2484 370.80
2485 371.60
2486 371.60
2487 372.00
2488 372.00
2489 372.80
2490 370.00
2491 373.20
2492 372.80
2493 372.00
2494 371.20
2495 374.80
2496 376.00
2497 372.40
2498 367.20
2499 372.00
2500 372.40
2501 371.60
2502 370.80
2503 375.20
2504 374.80
2505 370.00
2506 370.00
2507 375.20
2508 375.20
2509 374.40
2510 374.00
2511 374.40
2512 374.40
2513 374.80
2514 371.60
2515 372.00
2516 371.20
2517 372.40
2518 372.80
2519 372.40
2520 368.80
2521 368.80
2522 366.40
2523 362.80
2524 363.60
2525 360.00
2526 360.40
2527 363.60
2528 362.40
2529 366.80
2530 361.60
2531 357.60
2532 357.20
2533 358.00
2534 353.20
2535 349.20
2536 352.00
2537 350.80
2538 354.40
2539 353.20
2540 356.80
2541 356.40
2542 357.20
2543 357.20
2544 360.00
2545 360.40
2546 358.40
2547 362.40
2548 366.80
2549 362.80
2550 361.60
2551 360.80
2552 360.00
2553 360.40
2554 361.20
2555 366.40
2556 363.60
2557 364.40
2558 361.20
2559 357.20
2560 360.00
2561 360.40
2562 356.00
2563 354.80
2564 354.00
2565 358.80
2566 360.80
2567 360.80
2568 357.20
2569 357.20
2570 357.20
2571 356.40
2572 353.60
2573 357.60
2574 356.80
2575 356.00
2576 360.00
2577 357.60
2578 352.40
2579 348.00
2580 351.60
2581 352.40
2582 349.20
2583 352.40
2584 357.60
2585 361.60
2586 362.80
2587 363.60
2588 364.80
2589 365.20
2590 360.80
2591 362.00
2592 362.00
2593 366.40
2594 367.20
2595 367.20
2596 365.60
2597 365.60
2598 364.00
2599 368.00
2600 412.40
2601 412.40
2602 409.20
2603 408.40
2604 407.60
2605 403.20
2606 401.60
2607 401.60
2608 401.20
2609 403.60
2610 400.40
2611 398.40
2612 397.20
2613 397.20
2614 394.40
2615 392.00
2616 386.80
2617 386.40
2618 385.20
2619 380.40
2620 376.80
2621 376.40
2622 377.20
2623 376.40
2624 378.00
2625 381.20
2626 382.00
2627 378.40
2628 378.40
2629 381.60
2630 378.40
2631 380.00
2632 379.20
2633 384.00
2634 382.00
2635 381.60
2636 382.80
2637 382.00
2638 385.20
2639 384.80
2640 384.80
2641 383.60
2642 379.20
2643 376.80
2644 375.60
2645 375.20
2646 373.20
2647 372.40
2648 376.40
2649 371.60
2650 374.80
2651 374.00
2652 378.80
2653 378.00
2654 377.60
2655 382.00
2656 384.80
2657 385.20
2658 387.20
2659 387.60
2660 388.00
2661 389.60
2662 392.00
2663 394.80
2664 400.40
2665 398.80
2666 403.20
2667 404.00
2668 405.60
2669 407.60
2670 411.20
2671 412.40
2672 412.40
2673 410.00
2674 407.60
2675 407.60
2676 405.20
2677 404.00
2678 404.40
2679 404.00
2680 408.00
2681 407.60
2682 408.80
2683 408.40
2684 409.60
2685 409.60
2686 409.20
2687 409.60
2688 410.00
2689 412.00
2690 410.00
2691 409.20
2692 412.40
2693 415.20
2694 413.20
2695 413.20
2696 411.60
2697 411.20
2698 408.80
2699 414.00
2700 414.80
2701 415.60
2702 415.20
2703 417.60
2704 414.80
2705 413.60
2706 410.80
2707 408.80
2708 410.80
2709 409.60
2710 412.40
2711 411.60
2712 410.00
2713 410.80
2714 408.00
2715 407.20
2716 406.00
2717 403.60
2718 404.80
2719 407.60
2720 406.80
2721 406.80
2722 403.20
2723 402.00
2724 403.20
2725 403.20
2726 405.60
2727 408.80
2728 407.60
2729 404.80
2730 399.60
2731 396.40
2732 395.60
2733 394.40
2734 394.00
2735 394.00
2736 390.80
2737 390.00
2738 390.00
2739 386.80
2740 390.80
2741 390.00
2742 390.80
2743 387.60
2744 387.20
2745 387.60
2746 389.60
2747 390.00
2748 391.60
2749 388.80
2750 384.40
2751 384.40
2752 383.20
2753 382.40
2754 386.40
2755 387.60
2756 389.20
2757 390.80
2758 387.20
2759 385.60
2760 385.60
2761 386.80
2762 387.20
2763 383.60
2764 383.60
2765 388.40
2766 390.40
2767 392.40
2768 390.80
2769 390.80
2770 391.60
2771 390.80
2772 393.60
2773 398.00
2774 397.60
2775 394.40
2776 393.60
2777 395.20
2778 396.00
2779 396.00
2780 400.40
2781 402.40
2782 402.80
2783 399.60
2784 400.80
2785 401.20
2786 403.60
2787 404.80
2788 401.20
2789 402.80
2790 400.80
2791 403.60
2792 404.00
2793 406.80
2794 410.40
2795 410.40
2796 412.00
2797 412.80
2798 409.60
2799 412.00
2800 381.20
2801 381.20
2802 378.40
2803 377.60
2804 372.40
2805 368.40
2806 367.20
2807 360.00
2808 362.80
2809 366.80
2810 367.20
2811 364.80
2812 364.00
2813 360.80
2814 358.00
2815 353.60
2816 349.20
2817 352.40
2818 352.80
2819 350.80
2820 347.60
2821 347.20
2822 352.80
2823 357.60
2824 358.80
2825 359.20
2826 360.00
2827 357.20
2828 357.20
2829 357.20
2830 354.40
2831 358.00
2832 354.40
2833 359.60
2834 360.00
2835 360.40
2836 361.20
2837 361.20
2838 360.80
2839 360.80
2840 360.80
2841 360.00
2842 363.60
2843 360.80
2844 358.00
2845 357.60
2846 358.00
2847 359.20
2848 362.40
2849 357.20
2850 358.00
2851 356.80
2852 360.00
2853 356.00
2854 360.40
2855 364.40
2856 366.80
2857 375.20
2858 373.60
2859 366.40
2860 363.60
2861 366.00
2862 366.00
2863 369.60
2864 375.60
2865 375.60
2866 379.60
2867 379.20
2868 380.80
2869 387.20
2870 390.40
2871 392.00
2872 392.00
2873 388.80
2874 387.20
2875 382.80
2876 380.00
2877 383.20
2878 382.40
2879 382.40
2880 385.20
2881 384.40
2882 388.00
2883 386.80
2884 387.20
2885 386.80
2886 385.20
2887 385.20
2888 389.60
2889 391.20
2890 394.40
2891 393.20
2892 388.40
2893 392.40
2894 392.40
2895 392.00
2896 391.20
2897 391.20
2898 386.00
2899 390.40
2900 390.40
2901 391.60
2902 391.60
2903 395.60
2904 394.80
2905 392.80
2906 390.80
2907 388.00
2908 390.40
2909 397.20
2910 399.60
2911 399.20
2912 400.00
2913 400.40
2914 397.60
2915 397.20
2916 396.40
2917 392.40
2918 394.00
2919 391.60
2920 388.80
2921 388.00
2922 385.60
2923 384.00
2924 385.20
2925 388.40
2926 390.80
2927 390.00
2928 389.60
2929 389.60
2930 385.20
2931 380.80
2932 380.40
2933 377.20
2934 375.60
2935 371.20
2936 371.20
2937 369.20
2938 366.40
2939 365.20
2940 364.80
2941 364.80
2942 370.40
2943 368.00
2944 369.20
2945 370.00
2946 372.00
2947 372.40
2948 376.80
2949 373.60
2950 372.80
2951 372.80
2952 372.40
2953 373.20
2954 374.80
2955 376.80
2956 377.60
2957 379.20
2958 375.60
2959 372.00
2960 372.00
2961 372.40
2962 372.40
2963 371.60
2964 371.20
2965 376.00
2966 377.20
2967 378.40
2968 374.80
2969 372.80
2970 375.60
2971 375.20
2972 372.00
2973 372.00
2974 371.20
2975 372.00
2976 371.60
2977 372.00
2978 373.20
2979 373.20
2980 377.60
2981 379.20
2982 379.60
2983 378.80
2984 379.60
2985 384.00
2986 384.80
2987 386.80
2988 385.60
2989 385.20
2990 382.40
2991 384.40
2992 380.00
2993 381.20
2994 382.80
2995 382.80
2996 381.20
2997 379.60
2998 377.20
2999 381.20
