0 -0.23
1 -0.22
2 -0.21
3 -0.24
4 -0.19
5 -0.23
6 -0.23
7 -0.23
8 -0.23
9 -0.20
10 -0.19
11 -0.21
12 -0.20
13 -0.20
14 -0.17
15 -0.21
16 -0.16
17 -0.17
18 -0.19
19 -0.19
20 -0.19
21 -0.20
22 -0.19
23 -0.20
24 -0.21
25 -0.18
26 -0.19
27 -0.17
28 -0.21
29 -0.20
30 -0.19
31 -0.17
32 -0.19
33 -0.19
34 -0.19
35 -0.18
36 -0.20
37 -0.19
38 -0.19
39 -0.15
40 -0.17
41 -0.16
42 -0.17
43 -0.17
44 -0.17
45 -0.18
46 -0.16
47 -0.21
48 -0.14
49 -0.15
50 -0.18
51 -0.15
52 -0.12
53 -0.15
54 -0.20
55 -0.16
56 -0.17
57 -0.17
58 -0.17
59 -0.20
60 -0.18
61 -0.15
62 -0.14
63 -0.14
64 -0.17
65 -0.17
66 -0.19
67 -0.14
68 -0.13
69 -0.13
70 -0.15
71 -0.14
72 -0.11
73 -0.15
74 -0.13
75 -0.13
76 -0.15
77 -0.13
78 -0.18
79 -0.15
80 -0.14
81 -0.14
82 -0.15
83 -0.11
84 -0.12
85 -0.16
86 -0.13
87 -0.13
88 -0.15
89 -0.13
90 -0.18
91 -0.14
92 -0.14
93 -0.13
94 -0.17
95 -0.12
96 -0.12
97 -0.16
98 -0.13
99 -0.15
100 -0.16
101 -0.14
102 -0.15
103 -0.11
104 -0.10
105 -0.13
106 -0.10
107 -0.11
108 -0.14
109 -0.12
110 -0.12
111 -0.17
112 -0.13
113 -0.14
114 -0.12
115 -0.14
116 -0.13
117 -0.14
118 -0.10
119 -0.11
120 -0.13
121 -0.13
122 -0.14
123 -0.13
124 -0.18
125 -0.15
126 -0.16
127 -0.14
128 -0.12
129 -0.14
130 -0.12
131 -0.14
132 -0.14
133 -0.15
134 -0.13
135 -0.12
136 -0.13
137 -0.14
138 -0.16
139 -0.10
140 -0.12
141 -0.10
142 -0.13
143 -0.09
144 -0.13
145 -0.13
146 -0.10
147 -0.17
148 -0.10
149 -0.08
150 -0.16
151 -0.12
152 -0.08
153 -0.06
154 -0.15
155 -0.13
156 -0.13
157 -0.07
158 -0.12
159 -0.08
160 -0.08
161 -0.06
162 -0.11
163 -0.09
164 -0.07
165 -0.07
166 -0.05
167 -0.09
168 -0.09
169 -0.08
170 -0.09
171 -0.04
172 -0.04
173 -0.05
174 -0.07
175 -0.10
176 -0.14
177 -0.09
178 -0.09
179 -0.09
180 -0.09
181 -0.10
182 -0.06
183 -0.13
184 -0.06
185 -0.09
186 -0.08
187 -0.11
188 -0.08
189 -0.04
190 -0.08
191 -0.08
192 -0.12
193 -0.07
194 -0.12
195 -0.11
196 -0.14
197 -0.11
198 -0.12
199 -0.13
200 -0.04
201 -0.01
202 -0.09
203 -0.20
204 -0.15
205 -0.19
206 -0.13
207 -0.15
208 -0.18
209 -0.14
210 -0.14
211 -0.14
212 -0.14
213 -0.16
214 -0.13
215 -0.19
216 -0.18
217 -0.17
218 -0.15
219 -0.15
220 -0.16
221 -0.15
222 -0.13
223 -0.12
224 -0.19
225 -0.09
226 -0.14
227 -0.10
228 -0.05
229 -0.13
230 -0.10
231 -0.10
232 -0.11
233 -0.14
234 -0.13
235 -0.14
236 -0.08
237 -0.08
238 -0.15
239 -0.10
240 -0.10
241 -0.08
242 -0.08
243 -0.11
244 -0.08
245 -0.06
246 -0.05
247 -0.06
248 -0.06
249 -0.01
250 -0.04
251 -0.06
252 0.03
253 -0.08
254 -0.02
255 0.04
256 -0.04
257 -0.00
258 -0.00
259 0.04
260 -0.03
261 -0.01
262 -0.06
263 -0.00
264 -0.09
265 -0.03
266 -0.06
267 -0.03
268 -0.01
269 -0.04
270 -0.01
271 -0.06
272 -0.03
273 0.00
274 0.00
275 0.03
276 -0.01
277 -0.06
278 -0.07
279 -0.02
280 -0.06
281 -0.02
282 -0.02
283 -0.02
284 -0.00
285 0.03
286 -0.04
287 -0.03
288 -0.01
289 0.02
290 0.01
291 0.01
292 0.03
293 0.01
294 0.03
295 0.03
296 0.02
297 -0.00
298 -0.03
299 -0.05
300 -0.07
301 -0.02
302 0.07
303 0.05
304 -0.01
305 0.08
306 0.01
307 0.01
308 0.01
309 -0.01
310 -0.00
311 -0.01
312 -0.07
313 -0.01
314 -0.04
315 0.03
316 0.00
317 -0.02
318 0.02
319 -0.03
320 -0.05
321 -0.02
322 -0.05
323 -0.07
324 -0.02
325 -0.06
326 -0.09
327 -0.07
328 -0.06
329 -0.04
330 -0.08
331 -0.04
332 -0.04
333 -0.03
334 -0.02
335 0.00
336 0.02
337 -0.03
338 -0.05
339 0.02
340 -0.00
341 -0.01
342 -0.01
343 0.04
344 -0.06
345 -0.01
346 -0.05
347 0.02
348 0.06
349 -0.01
350 -0.07
351 -0.05
352 -0.01
353 -0.04
354 0.01
355 0.02
356 0.02
357 -0.00
358 -0.02
359 0.02
360 0.05
361 0.02
362 -0.02
363 -0.05
364 -0.04
365 -0.04
366 -0.02
367 -0.03
368 0.05
369 0.07
370 0.05
371 0.06
372 -0.02
373 0.07
374 -0.04
375 -0.01
376 0.04
377 -0.04
378 0.06
379 0.02
380 -0.02
381 -0.00
382 0.01
383 -0.04
384 -0.03
385 0.03
386 0.08
387 0.01
388 0.01
389 0.03
390 0.08
391 0.03
392 0.02
393 0.03
394 0.07
395 -0.02
396 -0.06
397 0.08
398 0.02
399 0.02
400 0.20
401 0.04
402 0.05
403 -0.02
404 -0.11
405 -0.16
406 -0.12
407 -0.17
408 -0.15
409 -0.15
410 -0.16
411 -0.12
412 -0.15
413 -0.16
414 -0.12
415 -0.14
416 -0.14
417 -0.15
418 -0.16
419 -0.13
420 -0.11
421 -0.11
422 -0.10
423 -0.09
424 -0.10
425 -0.18
426 -0.09
427 -0.10
428 -0.07
429 -0.09
430 -0.05
431 -0.10
432 -0.09
433 -0.02
434 -0.07
435 -0.07
436 -0.13
437 -0.07
438 -0.08
439 -0.12
440 -0.02
441 -0.02
442 -0.04
443 -0.04
444 -0.10
445 -0.07
446 -0.05
447 -0.05
448 0.01
449 -0.00
450 -0.06
451 -0.09
452 -0.12
453 -0.13
454 -0.03
455 0.05
456 0.01
457 -0.03
458 -0.02
459 -0.06
460 0.01
461 0.02
462 -0.09
463 -0.02
464 0.07
465 -0.01
466 -0.04
467 0.05
468 0.04
469 0.03
470 0.01
471 0.05
472 0.05
473 0.04
474 0.03
475 -0.02
476 0.01
477 -0.03
478 0.00
479 -0.05
480 0.02
481 -0.06
482 -0.03
483 -0.05
484 0.01
485 0.04
486 0.02
487 -0.02
488 -0.03
489 -0.01
490 -0.05
491 -0.07
492 -0.02
493 -0.05
494 0.03
495 -0.08
496 -0.06
497 -0.07
498 -0.09
499 -0.05
500 -0.08
501 -0.01
502 -0.06
503 -0.03
504 0.01
505 -0.03
506 -0.06
507 0.02
508 -0.03
509 -0.02
510 -0.09
511 0.11
512 0.04
513 -0.00
514 -0.04
515 0.02
516 -0.01
517 0.02
518 0.08
519 0.03
520 0.01
521 0.03
522 0.07
523 0.01
524 0.08
525 -0.01
526 -0.02
527 0.01
528 -0.01
529 -0.02
530 0.01
531 -0.04
532 0.01
533 -0.02
534 0.00
535 -0.05
536 -0.04
537 0.01
538 0.08
539 0.04
540 0.05
541 0.02
542 -0.00
543 0.06
544 0.03
545 0.01
546 0.07
547 0.02
548 0.11
549 -0.04
550 0.04
551 0.00
552 0.00
553 -0.03
554 -0.01
555 0.04
556 -0.04
557 0.05
558 0.04
559 0.03
560 0.03
561 0.05
562 0.04
563 0.09
564 0.04
565 0.02
566 -0.01
567 0.01
568 0.06
569 0.05
570 -0.00
571 -0.01
572 0.11
573 -0.06
574 -0.04
575 -0.05
576 0.05
577 -0.03
578 0.00
579 0.08
580 -0.06
581 0.07
582 -0.01
583 0.05
584 0.06
585 -0.00
586 0.01
587 -0.01
588 0.06
589 0.08
590 0.05
591 0.03
592 0.15
593 0.08
594 -0.03
595 0.01
596 -0.02
597 0.00
598 -0.03
599 0.04
600 -0.07
601 0.01
602 -0.05
603 -0.07
604 -0.04
605 -0.01
606 -0.01
607 -0.01
608 0.01
609 0.01
610 0.01
611 0.00
612 0.01
613 0.02
614 0.02
615 0.11
616 0.06
617 -0.00
618 0.03
619 0.01
620 -0.02
621 0.04
622 0.10
623 -0.01
624 0.02
625 0.02
626 0.08
627 0.08
628 0.02
629 0.07
630 0.07
631 -0.02
632 0.03
633 0.09
634 0.03
635 0.11
636 0.04
637 0.08
638 0.02
639 0.15
640 -0.01
641 0.02
642 0.00
643 0.03
644 0.03
645 0.06
646 0.11
647 0.08
648 -0.01
649 0.05
650 -0.04
651 0.10
652 -0.01
653 0.05
654 0.05
655 0.11
656 0.09
657 0.05
658 0.03
659 0.04
660 0.04
661 0.10
662 0.03
663 0.06
664 0.13
665 0.04
666 0.06
667 0.16
668 0.08
669 0.11
670 0.12
671 -0.02
672 0.03
673 0.08
674 0.04
675 0.11
676 0.02
677 0.03
678 0.04
679 0.08
680 0.04
681 0.10
682 0.00
683 0.05
684 0.02
685 0.01
686 -0.03
687 0.06
688 0.05
689 -0.01
690 -0.01
691 -0.01
692 0.01
693 0.04
694 0.09
695 0.00
696 0.08
697 0.01
698 0.00
699 0.07
700 0.10
701 0.12
702 0.17
703 0.14
704 0.06
705 0.09
706 0.17
707 0.17
708 0.12
709 0.09
710 0.20
711 -0.00
712 0.09
713 0.08
714 0.12
715 0.06
716 0.05
717 0.04
718 0.11
719 0.05
720 0.15
721 0.09
722 0.10
723 0.13
724 0.11
725 0.02
726 0.03
727 0.05
728 0.05
729 0.05
730 0.07
731 0.05
732 0.11
733 0.06
734 0.08
735 0.08
736 0.03
737 0.05
738 0.05
739 0.12
740 0.02
741 0.06
742 0.07
743 0.04
744 0.08
745 0.10
746 0.04
747 0.04
748 0.02
749 0.07
750 0.14
751 0.07
752 -0.00
753 0.12
754 0.13
755 0.10
756 0.09
757 0.06
758 0.13
759 0.10
760 0.11
761 0.06
762 0.09
763 0.10
764 0.03
765 0.11
766 0.13
767 0.05
768 0.06
769 0.07
770 0.01
771 0.13
772 0.10
773 0.05
774 0.13
775 0.08
776 0.02
777 0.01
778 0.03
779 0.07
780 0.01
781 0.06
782 0.07
783 -0.02
784 0.08
785 0.13
786 0.10
787 0.15
788 0.12
789 0.03
790 0.14
791 0.13
792 0.06
793 0.05
794 0.09
795 0.03
796 0.05
797 0.09
798 -0.02
799 0.01
800 0.12
801 0.01
802 -0.04
803 -0.05
804 -0.04
805 0.04
806 0.04
807 0.05
808 0.02
809 0.06
810 0.02
811 0.01
812 0.01
813 -0.02
814 0.01
815 0.03
816 0.01
817 0.02
818 -0.00
819 0.03
820 0.02
821 0.04
822 0.05
823 0.05
824 0.01
825 0.12
826 0.03
827 0.10
828 0.09
829 0.10
830 0.12
831 0.03
832 0.08
833 0.04
834 0.04
835 0.09
836 0.06
837 0.09
838 0.08
839 0.10
840 0.02
841 0.07
842 0.07
843 0.04
844 0.05
845 0.12
846 0.06
847 0.06
848 0.13
849 0.04
850 0.06
851 0.09
852 0.08
853 0.01
854 0.12
855 0.06
856 0.06
857 0.13
858 0.01
859 0.12
860 0.11
861 0.08
862 0.10
863 0.15
864 0.18
865 0.15
866 0.14
867 0.06
868 0.09
869 0.16
870 0.15
871 0.15
872 0.14
873 0.11
874 0.08
875 0.16
876 0.17
877 0.14
878 0.12
879 0.07
880 0.07
881 0.13
882 0.17
883 0.11
884 0.19
885 0.22
886 0.19
887 0.24
888 0.17
889 0.19
890 0.13
891 0.13
892 0.18
893 0.14
894 0.21
895 0.19
896 0.17
897 0.11
898 0.11
899 0.14
900 0.16
901 0.22
902 0.16
903 0.18
904 0.16
905 0.20
906 0.15
907 0.20
908 0.22
909 0.13
910 0.21
911 0.08
912 0.11
913 0.10
914 0.13
915 0.09
916 0.10
917 0.14
918 0.17
919 0.11
920 0.15
921 0.16
922 0.15
923 0.13
924 0.17
925 0.20
926 0.15
927 0.11
928 0.20
929 0.18
930 0.20
931 0.17
932 0.20
933 0.16
934 0.14
935 0.17
936 0.12
937 0.18
938 0.21
939 0.16
940 0.12
941 0.17
942 0.18
943 0.15
944 0.17
945 0.17
946 0.15
947 0.11
948 0.18
949 0.19
950 0.20
951 0.16
952 0.14
953 0.17
954 0.08
955 0.17
956 0.11
957 0.17
958 0.15
959 0.11
960 0.15
961 0.14
962 0.16
963 0.13
964 0.14
965 0.16
966 0.08
967 0.14
968 0.16
969 0.13
970 0.13
971 0.13
972 0.16
973 0.08
974 0.14
975 0.15
976 0.13
977 0.15
978 0.16
979 0.16
980 0.18
981 0.17
982 0.15
983 0.14
984 0.18
985 0.18
986 0.17
987 0.18
988 0.18
989 0.15
990 0.11
991 0.18
992 0.16
993 0.11
994 0.19
995 0.16
996 0.16
997 0.15
998 0.17
999 0.18
1000 0.20
1001 0.17
1002 0.17
1003 0.16
1004 0.21
1005 0.18
1006 0.19
1007 0.17
1008 0.23
1009 0.25
1010 0.19
1011 0.22
1012 0.19
1013 0.20
1014 0.17
1015 0.19
1016 0.16
1017 0.18
1018 0.18
1019 0.13
1020 0.09
1021 0.19
1022 0.17
1023 0.16
1024 0.17
1025 0.16
1026 0.14
1027 0.15
1028 0.16
1029 0.09
1030 0.17
1031 0.08
1032 0.16
1033 0.17
1034 0.15
1035 0.16
1036 0.09
1037 0.16
1038 0.16
1039 0.21
1040 0.14
1041 0.13
1042 0.17
1043 0.13
1044 0.19
1045 0.18
1046 0.14
1047 0.19
1048 0.11
1049 0.18
1050 0.15
1051 0.07
1052 0.21
1053 0.13
1054 0.16
1055 0.18
1056 0.20
1057 0.18
1058 0.21
1059 0.18
1060 0.22
1061 0.24
1062 0.21
1063 0.20
1064 0.24
1065 0.16
1066 0.16
1067 0.17
1068 0.20
1069 0.26
1070 0.26
1071 0.19
1072 0.21
1073 0.27
1074 0.26
1075 0.20
1076 0.23
1077 0.19
1078 0.23
1079 0.28
1080 0.17
1081 0.25
1082 0.28
1083 0.25
1084 0.26
1085 0.24
1086 0.15
1087 0.25
1088 0.19
1089 0.22
1090 0.20
1091 0.18
1092 0.25
1093 0.23
1094 0.26
1095 0.24
1096 0.20
1097 0.28
1098 0.24
1099 0.22
1100 0.25
1101 0.23
1102 0.20
1103 0.28
1104 0.22
1105 0.19
1106 0.25
1107 0.23
1108 0.24
1109 0.21
1110 0.25
1111 0.22
1112 0.20
1113 0.23
1114 0.27
1115 0.19
1116 0.21
1117 0.22
1118 0.23
1119 0.24
1120 0.21
1121 0.22
1122 0.25
1123 0.20
1124 0.27
1125 0.23
1126 0.22
1127 0.23
1128 0.24
1129 0.16
1130 0.24
1131 0.17
1132 0.20
1133 0.23
1134 0.22
1135 0.24
1136 0.26
1137 0.22
1138 0.19
1139 0.20
1140 0.20
1141 0.19
1142 0.20
1143 0.20
1144 0.29
1145 0.23
1146 0.18
1147 0.16
1148 0.19
1149 0.19
1150 0.28
1151 0.26
1152 0.19
1153 0.15
1154 0.20
1155 0.15
1156 0.18
1157 0.25
1158 0.25
1159 0.23
1160 0.17
1161 0.21
1162 0.15
1163 0.25
1164 0.19
1165 0.21
1166 0.20
1167 0.19
1168 0.15
1169 0.17
1170 0.20
1171 0.22
1172 0.21
1173 0.20
1174 0.22
1175 0.19
1176 0.16
1177 0.19
1178 0.22
1179 0.19
1180 0.15
1181 0.20
1182 0.20
1183 0.20
1184 0.15
1185 0.21
1186 0.20
1187 0.16
1188 0.20
1189 0.23
1190 0.19
1191 0.23
1192 0.20
1193 0.26
1194 0.23
1195 0.23
1196 0.23
1197 0.16
1198 0.17
1199 0.23
1200 0.30
1201 0.40
1202 0.35
1203 0.34
1204 0.32
1205 0.25
1206 0.18
1207 0.16
1208 0.22
1209 0.17
1210 0.19
1211 0.16
1212 0.13
1213 0.18
1214 0.09
1215 0.11
1216 0.13
1217 0.09
1218 0.17
1219 0.20
1220 0.19
1221 0.14
1222 0.15
1223 0.17
1224 0.20
1225 0.12
1226 0.15
1227 0.13
1228 0.21
1229 0.19
1230 0.17
1231 0.15
1232 0.13
1233 0.18
1234 0.16
1235 0.18
1236 0.17
1237 0.13
1238 0.19
1239 0.19
1240 0.23
1241 0.23
1242 0.20
1243 0.23
1244 0.22
1245 0.15
1246 0.18
1247 0.21
1248 0.21
1249 0.19
1250 0.26
1251 0.20
1252 0.28
1253 0.22
1254 0.16
1255 0.14
1256 0.20
1257 0.16
1258 0.22
1259 0.26
1260 0.22
1261 0.25
1262 0.23
1263 0.27
1264 0.30
1265 0.11
1266 0.28
1267 0.21
1268 0.18
1269 0.21
1270 0.21
1271 0.17
1272 0.26
1273 0.22
1274 0.20
1275 0.24
1276 0.25
1277 0.25
1278 0.23
1279 0.22
1280 0.26
1281 0.27
1282 0.27
1283 0.27
1284 0.28
1285 0.29
1286 0.19
1287 0.34
1288 0.21
1289 0.28
1290 0.25
1291 0.30
1292 0.28
1293 0.23
1294 0.27
1295 0.25
1296 0.30
1297 0.30
1298 0.26
1299 0.26
1300 0.30
1301 0.25
1302 0.28
1303 0.29
1304 0.28
1305 0.29
1306 0.33
1307 0.31
1308 0.32
1309 0.30
1310 0.31
1311 0.27
1312 0.25
1313 0.29
1314 0.36
1315 0.27
1316 0.28
1317 0.25
1318 0.27
1319 0.29
1320 0.26
1321 0.33
1322 0.23
1323 0.27
1324 0.27
1325 0.30
1326 0.30
1327 0.32
1328 0.24
1329 0.38
1330 0.31
1331 0.24
1332 0.29
1333 0.29
1334 0.23
1335 0.23
1336 0.30
1337 0.24
1338 0.28
1339 0.28
1340 0.26
1341 0.25
1342 0.32
1343 0.21
1344 0.26
1345 0.27
1346 0.29
1347 0.28
1348 0.32
1349 0.26
1350 0.25
1351 0.23
1352 0.27
1353 0.26
1354 0.25
1355 0.28
1356 0.24
1357 0.31
1358 0.27
1359 0.27
1360 0.30
1361 0.31
1362 0.32
1363 0.32
1364 0.25
1365 0.31
1366 0.32
1367 0.27
1368 0.26
1369 0.29
1370 0.25
1371 0.24
1372 0.24
1373 0.31
1374 0.32
1375 0.29
1376 0.29
1377 0.28
1378 0.23
1379 0.23
1380 0.27
1381 0.27
1382 0.21
1383 0.24
1384 0.30
1385 0.29
1386 0.28
1387 0.18
1388 0.25
1389 0.19
1390 0.29
1391 0.27
1392 0.26
1393 0.30
1394 0.27
1395 0.26
1396 0.28
1397 0.26
1398 0.29
1399 0.26
1400 0.39
1401 0.36
1402 0.35
1403 0.35
1404 0.32
1405 0.38
1406 0.26
1407 0.18
1408 0.27
1409 0.26
1410 0.20
1411 0.23
1412 0.24
1413 0.24
1414 0.23
1415 0.21
1416 0.21
1417 0.19
1418 0.28
1419 0.26
1420 0.21
1421 0.19
1422 0.24
1423 0.24
1424 0.18
1425 0.22
1426 0.25
1427 0.19
1428 0.24
1429 0.26
1430 0.27
1431 0.25
1432 0.23
1433 0.24
1434 0.19
1435 0.29
1436 0.29
1437 0.33
1438 0.31
1439 0.20
1440 0.18
1441 0.20
1442 0.21
1443 0.27
1444 0.28
1445 0.30
1446 0.28
1447 0.24
1448 0.29
1449 0.23
1450 0.26
1451 0.29
1452 0.25
1453 0.31
1454 0.29
1455 0.24
1456 0.29
1457 0.24
1458 0.30
1459 0.29
1460 0.35
1461 0.31
1462 0.27
1463 0.36
1464 0.32
1465 0.34
1466 0.39
1467 0.35
1468 0.34
1469 0.32
1470 0.31
1471 0.37
1472 0.31
1473 0.32
1474 0.30
1475 0.33
1476 0.32
1477 0.33
1478 0.24
1479 0.33
1480 0.32
1481 0.27
1482 0.37
1483 0.32
1484 0.33
1485 0.34
1486 0.37
1487 0.40
1488 0.30
1489 0.34
1490 0.37
1491 0.31
1492 0.36
1493 0.28
1494 0.28
1495 0.31
1496 0.31
1497 0.37
1498 0.33
1499 0.29
1500 0.29
1501 0.35
1502 0.36
1503 0.32
1504 0.37
1505 0.31
1506 0.32
1507 0.34
1508 0.27
1509 0.32
1510 0.31
1511 0.39
1512 0.35
1513 0.31
1514 0.33
1515 0.29
1516 0.35
1517 0.35
1518 0.34
1519 0.32
1520 0.31
1521 0.38
1522 0.23
1523 0.31
1524 0.36
1525 0.36
1526 0.33
1527 0.30
1528 0.35
1529 0.21
1530 0.36
1531 0.37
1532 0.37
1533 0.31
1534 0.32
1535 0.29
1536 0.38
1537 0.34
1538 0.28
1539 0.29
1540 0.36
1541 0.39
1542 0.36
1543 0.36
1544 0.32
1545 0.25
1546 0.31
1547 0.38
1548 0.38
1549 0.39
1550 0.37
1551 0.36
1552 0.24
1553 0.33
1554 0.32
1555 0.35
1556 0.32
1557 0.33
1558 0.30
1559 0.32
1560 0.38
1561 0.36
1562 0.36
1563 0.31
1564 0.32
1565 0.36
1566 0.26
1567 0.34
1568 0.37
1569 0.36
1570 0.30
1571 0.31
1572 0.37
1573 0.34
1574 0.28
1575 0.39
1576 0.38
1577 0.37
1578 0.39
1579 0.36
1580 0.33
1581 0.32
1582 0.37
1583 0.33
1584 0.38
1585 0.34
1586 0.30
1587 0.38
1588 0.38
1589 0.33
1590 0.35
1591 0.39
1592 0.35
1593 0.37
1594 0.38
1595 0.33
1596 0.34
1597 0.36
1598 0.37
1599 0.39
1600 0.38
1601 0.30
1602 0.34
1603 0.25
1604 0.32
1605 0.36
1606 0.34
1607 0.37
1608 0.36
1609 0.36
1610 0.32
1611 0.31
1612 0.35
1613 0.35
1614 0.33
1615 0.31
1616 0.26
1617 0.34
1618 0.31
1619 0.29
1620 0.28
1621 0.31
1622 0.30
1623 0.30
1624 0.33
1625 0.31
1626 0.32
1627 0.32
1628 0.29
1629 0.31
1630 0.32
1631 0.36
1632 0.29
1633 0.29
1634 0.30
1635 0.25
1636 0.27
1637 0.32
1638 0.35
1639 0.26
1640 0.34
1641 0.29
1642 0.33
1643 0.33
1644 0.35
1645 0.34
1646 0.34
1647 0.30
1648 0.32
1649 0.36
1650 0.39
1651 0.29
1652 0.37
1653 0.33
1654 0.32
1655 0.23
1656 0.30
1657 0.32
1658 0.34
1659 0.27
1660 0.31
1661 0.30
1662 0.34
1663 0.33
1664 0.32
1665 0.34
1666 0.34
1667 0.31
1668 0.36
1669 0.33
1670 0.32
1671 0.30
1672 0.27
1673 0.33
1674 0.33
1675 0.36
1676 0.30
1677 0.35
1678 0.38
1679 0.34
1680 0.31
1681 0.34
1682 0.36
1683 0.35
1684 0.36
1685 0.34
1686 0.29
1687 0.35
1688 0.34
1689 0.32
1690 0.34
1691 0.33
1692 0.37
1693 0.30
1694 0.32
1695 0.34
1696 0.29
1697 0.33
1698 0.31
1699 0.33
1700 0.32
1701 0.32
1702 0.38
1703 0.29
1704 0.35
1705 0.32
1706 0.31
1707 0.33
1708 0.32
1709 0.35
1710 0.35
1711 0.29
1712 0.32
1713 0.27
1714 0.30
1715 0.32
1716 0.29
1717 0.37
1718 0.38
1719 0.31
1720 0.38
1721 0.36
1722 0.40
1723 0.32
1724 0.32
1725 0.40
1726 0.33
1727 0.37
1728 0.39
1729 0.35
1730 0.35
1731 0.36
1732 0.36
1733 0.29
1734 0.31
1735 0.37
1736 0.29
1737 0.34
1738 0.35
1739 0.37
1740 0.36
1741 0.35
1742 0.39
1743 0.36
1744 0.33
1745 0.34
1746 0.40
1747 0.38
1748 0.39
1749 0.29
1750 0.33
1751 0.35
1752 0.37
1753 0.33
1754 0.39
1755 0.36
1756 0.26
1757 0.40
1758 0.34
1759 0.36
1760 0.32
1761 0.38
1762 0.36
1763 0.31
1764 0.32
1765 0.34
1766 0.31
1767 0.37
1768 0.33
1769 0.39
1770 0.35
1771 0.34
1772 0.37
1773 0.41
1774 0.42
1775 0.39
1776 0.41
1777 0.39
1778 0.40
1779 0.41
1780 0.32
1781 0.37
1782 0.35
1783 0.32
1784 0.31
1785 0.42
1786 0.36
1787 0.39
1788 0.35
1789 0.38
1790 0.41
1791 0.37
1792 0.37
1793 0.35
1794 0.34
1795 0.33
1796 0.36
1797 0.37
1798 0.34
1799 0.38
1800 0.38
1801 0.37
1802 0.41
1803 0.36
1804 0.39
1805 0.30
1806 0.40
1807 0.35
1808 0.29
1809 0.30
1810 0.29
1811 0.31
1812 0.31
1813 0.35
1814 0.33
1815 0.34
1816 0.38
1817 0.32
1818 0.35
1819 0.40
1820 0.37
1821 0.32
1822 0.37
1823 0.37
1824 0.36
1825 0.33
1826 0.35
1827 0.34
1828 0.34
1829 0.34
1830 0.31
1831 0.29
1832 0.33
1833 0.31
1834 0.31
1835 0.34
1836 0.37
1837 0.35
1838 0.33
1839 0.34
1840 0.39
1841 0.41
1842 0.37
1843 0.33
1844 0.27
1845 0.33
1846 0.39
1847 0.40
1848 0.30
1849 0.33
1850 0.34
1851 0.33
1852 0.39
1853 0.35
1854 0.30
1855 0.29
1856 0.31
1857 0.40
1858 0.39
1859 0.31
1860 0.31
1861 0.39
1862 0.41
1863 0.37
1864 0.34
1865 0.35
1866 0.38
1867 0.37
1868 0.32
1869 0.38
1870 0.35
1871 0.33
1872 0.32
1873 0.36
1874 0.33
1875 0.32
1876 0.35
1877 0.34
1878 0.35
1879 0.35
1880 0.30
1881 0.32
1882 0.28
1883 0.30
1884 0.28
1885 0.30
1886 0.36
1887 0.31
1888 0.33
1889 0.26
1890 0.33
1891 0.34
1892 0.25
1893 0.36
1894 0.32
1895 0.28
1896 0.38
1897 0.39
1898 0.36
1899 0.33
1900 0.34
1901 0.32
1902 0.30
1903 0.35
1904 0.36
1905 0.39
1906 0.29
1907 0.30
1908 0.28
1909 0.31
1910 0.39
1911 0.32
1912 0.36
1913 0.27
1914 0.29
1915 0.33
1916 0.37
1917 0.36
1918 0.40
1919 0.39
1920 0.36
1921 0.40
1922 0.40
1923 0.36
1924 0.37
1925 0.30
1926 0.40
1927 0.32
1928 0.40
1929 0.38
1930 0.35
1931 0.35
1932 0.39
1933 0.33
1934 0.34
1935 0.35
1936 0.39
1937 0.43
1938 0.36
1939 0.37
1940 0.40
1941 0.38
1942 0.39
1943 0.41
1944 0.37
1945 0.40
1946 0.35
1947 0.40
1948 0.28
1949 0.39
1950 0.39
1951 0.29
1952 0.41
1953 0.41
1954 0.35
1955 0.21
1956 0.36
1957 0.40
1958 0.24
1959 0.36
1960 0.43
1961 0.35
1962 0.31
1963 0.34
1964 0.33
1965 0.31
1966 0.37
1967 0.27
1968 0.33
1969 0.31
1970 0.41
1971 0.38
1972 0.30
1973 0.40
1974 0.32
1975 0.35
1976 0.38
1977 0.39
1978 0.37
1979 0.30
1980 0.42
1981 0.38
1982 0.37
1983 0.37
1984 0.38
1985 0.43
1986 0.38
1987 0.39
1988 0.36
1989 0.38
1990 0.28
1991 0.41
1992 0.37
1993 0.39
1994 0.37
1995 0.32
1996 0.43
1997 0.31
1998 0.35
1999 0.32
