0 279.24
30 282.37
60 280.05
90 280.13
120 286.28
150 280.12
180 294.65
210 297.87
240 298.82
270 292.20
300 304.65
330 307.13
360 311.76
390 308.31
420 306.63
450 307.85
480 303.91
510 307.41
540 304.78
570 309.16
600 336.75
630 343.87
660 342.64
690 348.20
720 346.47
750 342.85
780 345.67
810 348.65
840 345.41
870 341.37
900 348.41
930 349.15
960 355.41
990 357.64
1020 366.81
1050 356.40
1080 352.31
1110 346.49
1140 352.88
1170 362.63
1200 373.86
1230 374.00
1260 374.57
1290 372.46
1320 369.28
1350 369.52
1380 364.46
1410 362.25
1440 367.86
1470 368.93
1500 369.73
1530 361.82
1560 358.45
1590 355.51
1620 363.41
1650 368.95
1680 362.42
1710 356.45
1740 348.77
1770 353.31
1800 359.38
1830 364.05
1860 361.17
1890 360.70
1920 357.54
1950 356.25
1980 357.25
2010 344.33
2040 350.83
2070 346.07
2100 350.25
2130 341.73
2160 344.49
2190 357.29
2220 366.94
2250 369.05
2280 365.31
2310 363.77
2340 359.96
2370 363.63
2400 360.23
2430 365.71
2460 367.07
2490 366.92
2520 362.66
2550 359.19
2580 347.97
2610 332.29
2640 337.02
2670 335.58
2700 331.05
2730 325.17
2760 323.13
2790 350.20
2820 363.43
2850 367.45
2880 363.75
2910 360.75
2940 356.57
2970 359.18
