0 188.89
30 199.67
60 196.07
90 210.00
120 204.58
150 207.29
180 219.82
210 238.18
240 259.49
270 237.96
300 237.31
330 248.36
360 273.36
390 288.49
420 251.38
450 217.96
480 293.93
510 289.87
540 279.78
570 268.31
600 300.42
630 312.56
660 284.13
690 268.38
720 313.38
750 334.13
780 301.13
810 322.82
840 261.27
870 314.60
900 301.20
930 284.40
960 330.91
990 294.31
1020 351.53
1050 326.78
1080 319.16
1110 333.98
1140 321.04
1170 304.84
1200 335.60
1230 357.89
1260 316.64
1290 345.40
1320 330.09
1350 335.44
1380 352.27
1410 339.24
1440 325.80
1470 329.87
1500 311.18
1530 325.98
1560 347.24
1590 306.80
1620 315.67
1650 326.82
1680 349.51
1710 341.07
1740 340.24
1770 324.47
1800 317.87
1830 351.93
1860 326.13
1890 326.62
1920 336.16
1950 338.98
1980 330.58
2010 364.93
2040 327.42
2070 329.44
2100 325.27
2130 332.29
2160 329.82
2190 318.47
2220 330.31
2250 336.53
2280 314.02
2310 309.29
2340 337.16
2370 342.42
2400 320.58
2430 311.82
2460 302.87
2490 331.27
2520 332.80
2550 316.04
2580 353.80
2610 330.51
2640 331.69
2670 335.33
2700 333.58
2730 323.38
2760 327.42
2790 319.87
2820 351.24
2850 320.07
2880 300.33
2910 314.29
2940 329.07
2970 324.13
