0 14.80
30 13.50
60 16.40
90 16.30
120 15.70
150 15.70
180 16.60
210 13.50
240 17.77
270 14.83
300 18.03
330 19.40
360 22.10
390 22.97
420 18.97
450 21.33
480 19.47
510 20.33
540 26.40
570 18.47
600 23.83
630 18.27
660 26.10
690 28.07
720 19.57
750 20.33
780 25.53
810 26.27
840 22.13
870 21.57
900 22.97
930 22.80
960 17.83
990 24.53
1020 25.97
1050 27.83
1080 17.07
1110 20.43
1140 19.87
1170 24.03
1200 25.20
1230 19.90
1260 23.90
1290 23.53
1320 29.00
1350 22.70
1380 22.67
1410 24.87
1440 23.40
1470 26.60
1500 27.30
1530 27.97
1560 21.10
1590 19.27
1620 22.03
1650 20.40
1680 20.20
1710 22.43
1740 30.63
1770 31.93
1800 20.40
1830 24.60
1860 24.23
1890 26.63
1920 20.57
1950 17.53
1980 26.17
2010 22.13
2040 23.57
2070 24.67
2100 23.40
2130 23.43
2160 20.17
2190 20.03
2220 22.27
2250 29.03
2280 25.90
2310 16.70
2340 31.00
2370 18.27
2400 17.20
2430 20.87
2460 22.87
2490 28.67
2520 23.63
2550 17.30
2580 26.90
2610 20.80
2640 27.27
2670 17.47
2700 24.33
2730 26.40
2760 24.63
2790 22.93
2820 21.97
2850 17.07
2880 19.07
2910 17.80
2940 29.47
2970 29.70
