0 -0.20
1 -0.21
2 -0.18
3 -0.25
4 -0.06
5 -0.34
6 -0.17
7 -0.17
8 -0.15
9 0.44
10 -0.31
11 0.42
12 -0.09
13 0.49
14 0.49
15 -0.31
16 0.49
17 -0.07
18 -0.28
19 0.49
20 -0.32
21 0.49
22 0.49
23 0.49
24 -0.00
25 0.46
26 -0.31
27 -0.09
28 -0.32
29 -0.17
30 0.42
31 0.40
32 -0.31
33 -0.14
34 0.49
35 0.49
36 0.49
37 0.44
38 0.36
39 0.49
40 0.29
41 0.49
42 0.46
43 -0.25
44 -0.10
45 0.42
46 -0.17
47 0.44
48 0.49
49 0.49
50 -0.18
51 0.49
52 0.44
53 0.40
54 0.44
55 0.49
56 0.46
57 -0.24
58 0.49
59 -0.31
60 -0.34
61 -0.32
62 0.49
63 -0.32
64 0.44
65 -0.14
66 0.49
67 -0.31
68 0.49
69 0.49
70 0.49
71 -0.29
72 0.44
73 0.44
74 0.49
75 0.49
76 0.49
77 0.31
78 0.46
79 -0.34
80 0.44
81 -0.25
82 0.44
83 0.38
84 0.46
85 0.42
86 0.49
87 -0.28
88 0.49
89 0.49
90 -0.28
91 0.49
92 0.49
93 -0.29
94 0.49
95 -0.29
96 -0.31
97 0.44
98 -0.17
99 -0.38
100 -0.14
101 -0.26
102 -0.29
103 -0.31
104 -0.20
105 -0.19
106 -0.23
107 -0.20
108 -0.17
109 -0.21
110 -0.17
111 -0.31
112 0.31
113 0.49
114 -0.34
115 -0.32
116 0.49
117 -0.36
118 0.42
119 -0.09
120 -0.31
121 0.46
122 0.46
123 -0.23
124 -0.26
125 0.46
126 0.49
127 0.49
128 0.49
129 0.49
130 -0.28
131 0.42
132 0.49
133 0.49
134 0.49
135 -0.25
136 -0.28
137 -0.18
138 0.40
139 0.44
140 -0.24
141 0.46
142 0.49
143 0.46
144 0.46
145 -0.32
146 -0.28
147 0.49
148 0.49
149 0.49
150 -0.26
151 -0.28
152 0.49
153 0.49
154 -0.34
155 0.46
156 0.49
157 0.49
158 0.49
159 0.46
160 -0.34
161 -0.26
162 -0.29
163 0.04
164 0.49
165 -0.26
166 0.06
167 -0.26
168 -0.01
169 -0.05
170 -0.17
171 -0.19
172 -0.31
173 -0.18
174 -0.11
175 -0.28
176 -0.16
177 0.07
178 -0.32
179 -0.32
180 -0.28
181 0.49
182 -0.29
183 0.42
184 -0.32
185 -0.34
186 0.46
187 -0.34
188 0.44
189 0.01
190 0.49
191 -0.28
192 0.49
193 0.49
194 0.46
195 0.44
196 0.46
197 -0.28
198 -0.32
199 -0.00
200 -0.28
201 -0.17
202 -0.28
203 0.46
204 -0.32
205 -0.12
206 -0.26
207 0.49
208 -0.31
209 0.49
210 0.49
211 0.46
212 -0.34
213 -0.26
214 0.11
215 0.13
216 -0.29
217 0.24
218 0.49
219 0.44
220 0.13
221 0.49
222 0.46
223 0.49
224 0.10
225 0.49
226 0.00
227 0.49
228 -0.26
229 0.09
230 0.44
231 0.25
232 0.44
233 0.38
234 0.07
235 0.44
236 -0.36
237 0.40
238 0.14
239 0.15
240 0.34
241 -0.00
242 -0.09
243 0.12
244 0.24
245 -0.32
246 0.18
247 0.12
248 0.23
249 0.20
250 0.19
251 -0.02
252 -0.21
253 -0.14
254 -0.19
255 0.25
256 0.15
257 0.49
258 0.49
259 0.44
260 0.49
261 0.49
262 0.13
263 0.49
264 0.46
265 -0.00
266 0.09
267 0.09
268 -0.24
269 0.49
270 -0.29
271 0.46
272 0.49
273 0.44
274 0.49
275 -0.26
276 -0.29
277 0.42
278 0.10
279 0.49
280 -0.36
281 0.36
282 0.46
283 0.46
284 0.09
285 0.29
286 -0.29
287 0.42
288 0.40
289 0.42
290 -0.06
291 0.44
292 -0.31
293 0.36
294 0.36
295 0.38
296 0.28
297 0.44
298 -0.31
299 -0.31
300 0.25
301 0.44
302 0.44
303 0.44
304 -0.32
305 -0.31
306 0.42
307 0.34
308 -0.32
309 0.34
310 -0.38
311 0.40
312 -0.29
313 0.25
314 0.31
315 0.49
316 0.31
317 -0.32
318 0.23
319 0.40
320 -0.36
321 0.42
322 0.26
323 -0.20
324 0.15
325 0.23
326 0.34
327 0.26
328 0.23
329 0.38
330 0.15
331 -0.05
332 0.18
333 0.20
334 0.38
335 0.28
336 0.36
337 0.40
338 -0.34
339 0.29
340 0.21
341 0.24
342 0.32
343 -0.23
344 0.20
345 -0.28
346 0.24
347 0.34
348 0.29
349 0.25
350 0.15
351 0.31
352 0.18
353 0.05
354 0.25
355 0.17
356 0.20
357 0.20
358 0.23
359 0.32
360 0.34
361 0.12
362 -0.21
363 -0.26
364 0.08
365 -0.29
366 -0.16
367 -0.12
368 -0.05
369 -0.24
370 -0.02
371 0.21
372 -0.34
373 -0.16
374 0.18
375 -0.28
376 -0.00
377 -0.24
378 0.15
379 0.38
380 0.40
381 -0.36
382 0.38
383 0.36
384 0.38
385 0.06
386 0.28
387 0.42
388 0.32
389 0.44
390 0.42
391 0.49
392 0.49
393 0.44
394 -0.13
395 0.46
396 0.49
397 -0.34
398 0.49
399 0.40
400 0.46
401 0.21
402 0.40
403 -0.25
404 0.40
405 0.44
406 0.42
407 0.44
408 0.44
409 0.44
410 -0.40
411 0.07
412 0.44
413 0.42
414 0.42
415 0.42
416 0.21
417 0.09
418 0.38
419 0.42
420 0.44
421 0.13
422 0.44
423 0.34
424 0.42
425 0.44
426 0.40
427 0.44
428 -0.36
429 0.42
430 0.44
431 0.42
432 0.13
433 0.10
434 -0.05
435 -0.20
436 0.32
437 0.40
438 0.12
439 0.18
440 0.21
441 0.08
442 0.21
443 0.18
444 0.12
445 0.31
446 0.40
447 0.36
448 0.40
449 0.36
450 0.42
451 0.40
452 0.17
453 0.34
454 0.42
455 0.44
456 0.10
457 0.42
458 0.40
459 0.14
460 0.32
461 0.40
462 0.44
463 0.04
464 0.38
465 0.42
466 0.44
467 0.12
468 0.44
469 0.44
470 0.40
471 0.42
472 0.42
473 0.25
474 0.40
475 0.44
476 0.12
477 0.38
478 0.42
479 0.40
480 0.40
481 0.42
482 0.44
483 0.42
484 0.44
485 0.42
486 0.42
487 0.42
488 0.38
489 0.42
490 -0.17
491 0.42
492 0.44
493 -0.26
494 0.38
495 0.44
496 0.40
497 0.40
498 0.42
499 0.40
500 0.44
501 0.36
502 -0.29
503 0.46
504 0.49
505 0.42
506 0.46
507 0.46
508 0.49
509 0.46
510 0.49
511 0.10
512 0.36
513 0.46
514 0.44
515 0.42
516 -0.38
517 -0.32
518 0.12
519 0.31
520 -0.29
521 0.38
522 0.40
523 0.40
524 0.24
525 0.29
526 0.40
527 0.31
528 0.44
529 0.38
530 0.44
531 0.40
532 0.40
533 0.44
534 -0.34
535 0.40
536 0.42
537 0.11
538 0.36
539 -0.31
540 0.44
541 0.29
542 0.44
543 0.44
544 0.32
545 0.38
546 0.42
547 0.21
548 0.42
549 0.44
550 0.34
551 0.44
552 0.38
553 0.44
554 0.38
555 0.44
556 0.44
557 0.44
558 0.44
559 0.20
560 0.38
561 0.44
562 0.44
563 0.44
564 0.44
565 0.36
566 0.08
567 0.44
568 0.31
569 0.32
570 0.29
571 0.42
572 -0.26
573 0.31
574 0.32
575 0.36
576 0.42
577 -0.29
578 0.42
579 0.36
580 0.44
581 0.44
582 0.40
583 0.40
584 0.38
585 0.36
586 0.12
587 0.21
588 0.08
589 0.38
590 -0.21
591 -0.29
592 0.40
593 0.44
594 0.40
595 0.44
596 0.42
597 0.14
598 0.40
599 0.40
600 0.44
601 0.40
602 0.40
603 0.44
604 -0.13
605 0.40
606 0.40
607 0.40
608 0.40
609 0.32
610 0.44
611 0.44
612 0.38
613 0.44
614 0.44
615 0.44
616 0.44
617 0.40
618 0.42
619 0.44
620 -0.31
621 0.38
622 0.44
623 0.44
624 0.40
625 -0.03
626 0.44
627 0.42
628 -0.32
629 0.44
630 0.42
631 0.44
632 0.44
633 0.14
634 0.40
635 0.42
636 -0.34
637 0.32
638 0.40
639 0.42
640 0.16
641 0.38
642 -0.19
643 -0.25
644 -0.40
645 0.24
646 -0.09
647 -0.38
648 -0.28
649 -0.01
650 0.28
651 0.24
652 0.29
653 -0.24
654 -0.12
655 -0.31
656 0.23
657 -0.08
658 -0.14
659 -0.28
660 0.21
661 0.25
662 0.25
663 0.44
664 0.49
665 0.49
666 0.46
667 0.09
668 0.42
669 0.46
670 0.46
671 0.44
672 0.44
673 0.46
674 -0.11
675 0.49
676 0.12
677 0.46
678 0.49
679 -0.15
680 0.49
681 0.44
682 -0.32
683 0.46
684 -0.34
685 0.46
686 0.44
687 0.21
688 -0.28
689 0.44
690 0.44
691 0.49
692 0.42
693 0.44
694 0.44
695 0.05
696 0.38
697 0.44
698 -0.23
699 0.40
700 0.04
701 0.17
702 0.26
703 0.34
704 0.04
705 0.44
706 0.40
707 0.42
708 0.49
709 0.49
710 0.49
711 -0.34
712 0.49
713 0.42
714 0.46
715 0.42
716 0.49
717 0.44
718 0.49
719 0.42
720 0.38
721 -0.38
722 0.46
723 0.49
724 0.49
725 0.44
726 0.12
727 0.49
728 -0.36
729 0.46
730 0.38
731 0.49
732 0.49
733 -0.28
734 0.49
735 0.46
736 0.49
737 0.42
738 0.40
739 -0.29
740 0.49
741 0.46
742 0.46
743 0.49
744 0.49
745 0.46
746 0.49
747 0.49
748 0.32
749 0.46
750 0.49
751 -0.31
752 0.49
753 0.44
754 -0.32
755 0.49
756 0.46
757 0.49
758 -0.19
759 -0.18
760 0.46
761 0.46
762 0.49
763 0.46
764 0.49
765 0.46
766 0.44
767 0.46
768 0.49
769 0.46
770 0.44
771 0.40
772 0.38
773 0.42
774 0.49
775 0.09
776 0.44
777 0.44
778 0.46
779 0.40
780 0.44
781 0.44
782 0.46
783 0.07
784 0.44
785 0.38
786 0.42
787 0.44
788 0.44
789 -0.38
790 0.42
791 0.44
792 0.46
793 0.44
794 0.01
795 -0.32
796 0.38
797 0.40
798 0.38
799 0.40
800 0.49
801 0.49
802 0.44
803 0.42
804 0.42
805 0.38
806 0.42
807 0.46
808 0.40
809 0.44
810 0.42
811 0.49
812 0.49
813 0.12
814 -0.31
815 0.34
816 0.38
817 0.34
818 0.34
819 0.14
820 0.28
821 0.17
822 -0.06
823 0.40
824 0.20
825 -0.29
826 -0.32
827 0.14
828 -0.18
829 0.19
830 0.23
831 0.26
832 0.16
833 0.13
834 0.19
835 0.24
836 0.12
837 0.21
838 -0.02
839 0.03
840 0.10
841 0.10
842 0.10
843 -0.07
844 -0.09
845 0.10
846 -0.10
847 -0.23
848 0.14
849 -0.32
850 -0.03
851 -0.31
852 -0.08
853 0.20
854 0.16
855 0.28
856 -0.32
857 0.42
858 0.44
859 0.49
860 0.46
861 0.49
862 0.49
863 0.49
864 -0.28
865 0.49
866 -0.26
867 0.49
868 0.49
869 -0.32
870 -0.25
871 -0.19
872 0.46
873 0.46
874 0.46
875 0.49
876 0.44
877 0.46
878 0.49
879 0.49
880 -0.32
881 0.32
882 0.49
883 -0.40
884 0.49
885 0.49
886 -0.31
887 0.40
888 0.02
889 0.44
890 0.44
891 0.44
892 0.44
893 0.49
894 0.38
895 0.46
896 0.44
897 -0.18
898 -0.00
899 0.46
900 0.40
901 0.42
902 0.44
903 0.17
904 0.46
905 0.44
906 0.46
907 0.38
908 0.49
909 0.38
910 0.49
911 0.46
912 0.40
913 0.49
914 0.46
915 0.42
916 0.49
917 0.49
918 0.40
919 0.44
920 0.44
921 0.34
922 0.49
923 0.36
924 -0.32
925 0.49
926 0.46
927 0.36
928 0.49
929 0.49
930 0.46
931 0.42
932 0.46
933 0.44
934 0.40
935 0.46
936 0.38
937 0.46
938 0.46
939 0.44
940 0.46
941 0.49
942 0.42
943 0.49
944 0.36
945 0.46
946 0.49
947 0.46
948 -0.16
949 0.46
950 0.29
951 0.36
952 0.42
953 0.46
954 -0.12
955 -0.28
956 0.42
957 0.42
958 0.40
959 0.46
960 0.46
961 0.44
962 0.40
963 0.46
964 -0.00
965 0.49
966 0.46
967 -0.28
968 0.40
969 0.40
970 0.38
971 0.42
972 0.42
973 0.42
974 0.46
975 0.49
976 0.36
977 0.44
978 0.49
979 0.46
980 0.49
981 0.46
982 0.44
983 0.46
984 0.46
985 0.46
986 -0.29
987 0.49
988 0.49
989 0.46
990 0.40
991 0.38
992 -0.23
993 0.42
994 -0.19
995 -0.24
996 0.44
997 0.44
998 0.44
999 0.46
1000 0.49
1001 0.09
1002 0.46
1003 0.21
1004 0.49
1005 0.34
1006 0.44
1007 0.46
1008 0.49
1009 0.42
1010 0.44
1011 0.40
1012 -0.21
1013 0.42
1014 0.42
1015 0.49
1016 0.49
1017 0.44
1018 0.49
1019 0.42
1020 0.09
1021 0.38
1022 0.46
1023 0.40
1024 0.34
1025 0.40
1026 0.42
1027 0.09
1028 -0.21
1029 0.42
1030 0.26
1031 0.36
1032 0.42
1033 0.49
1034 0.44
1035 0.38
1036 0.46
1037 0.26
1038 0.20
1039 0.44
1040 0.44
1041 -0.23
1042 0.49
1043 0.38
1044 0.42
1045 0.46
1046 0.44
1047 0.46
1048 0.49
1049 0.49
1050 0.46
1051 0.42
1052 0.49
1053 -0.28
1054 0.46
1055 0.06
1056 -0.36
1057 0.28
1058 0.42
1059 0.18
1060 0.44
1061 0.42
1062 0.28
1063 0.49
1064 0.42
1065 0.49
1066 0.46
1067 0.46
1068 0.46
1069 0.42
1070 0.44
1071 0.42
1072 0.44
1073 0.49
1074 0.38
1075 0.49
1076 0.44
1077 -0.13
1078 0.46
1079 0.40
1080 0.49
1081 0.46
1082 0.46
1083 -0.23
1084 0.44
1085 0.44
1086 0.42
1087 0.44
1088 0.42
1089 0.44
1090 0.49
1091 0.40
1092 0.49
1093 0.46
1094 0.44
1095 0.49
1096 0.46
1097 0.49
1098 0.42
1099 0.44
1100 0.44
1101 0.49
1102 -0.23
1103 0.40
1104 -0.18
1105 0.42
1106 0.49
1107 0.44
1108 0.44
1109 0.49
1110 0.44
1111 0.44
1112 0.49
1113 0.05
1114 0.49
1115 0.49
1116 0.49
1117 0.12
1118 0.26
1119 0.40
1120 0.46
1121 0.44
1122 0.42
1123 0.46
1124 0.49
1125 0.34
1126 0.46
1127 0.40
1128 0.49
1129 0.49
1130 0.46
1131 -0.04
1132 -0.32
1133 -0.02
1134 0.49
1135 0.46
1136 0.38
1137 0.42
1138 0.46
1139 0.44
1140 0.46
1141 0.46
1142 0.46
1143 0.40
1144 0.46
1145 0.49
1146 0.10
1147 0.42
1148 0.49
1149 0.36
1150 0.10
1151 0.46
1152 -0.19
1153 -0.20
1154 0.10
1155 0.13
1156 -0.20
1157 0.28
1158 -0.00
1159 0.46
1160 0.21
1161 0.46
1162 -0.32
1163 0.49
1164 0.05
1165 0.49
1166 0.44
1167 0.46
1168 0.44
1169 0.44
1170 0.32
1171 0.38
1172 0.49
1173 0.46
1174 0.46
1175 0.49
1176 0.44
1177 0.12
1178 -0.19
1179 0.46
1180 -0.31
1181 -0.32
1182 0.46
1183 0.46
1184 -0.16
1185 0.42
1186 0.49
1187 0.28
1188 0.49
1189 0.38
1190 0.49
1191 0.49
1192 0.40
1193 0.44
1194 -0.36
1195 0.13
1196 0.42
1197 0.44
1198 0.46
1199 0.25
1200 0.46
1201 0.42
1202 0.44
1203 0.49
1204 0.49
1205 0.46
1206 0.49
1207 0.49
1208 0.49
1209 -0.08
1210 0.46
1211 0.49
1212 -0.31
1213 0.42
1214 -0.34
1215 0.31
1216 0.24
1217 0.28
1218 0.36
1219 0.26
1220 0.25
1221 -0.32
1222 -0.18
1223 -0.08
1224 0.20
1225 -0.00
1226 0.02
1227 0.46
1228 0.42
1229 0.42
1230 0.09
1231 0.46
1232 0.49
1233 0.42
1234 0.49
1235 -0.23
1236 -0.38
1237 0.42
1238 0.34
1239 0.40
1240 0.44
1241 -0.18
1242 0.46
1243 0.44
1244 0.42
1245 0.46
1246 0.46
1247 0.10
1248 0.34
1249 -0.32
1250 0.44
1251 0.44
1252 0.38
1253 -0.31
1254 0.28
1255 0.46
1256 0.44
1257 0.44
1258 0.49
1259 0.38
1260 0.49
1261 0.44
1262 0.46
1263 0.44
1264 0.44
1265 0.42
1266 0.44
1267 0.49
1268 0.44
1269 0.46
1270 0.44
1271 0.49
1272 0.49
1273 0.49
1274 0.25
1275 0.40
1276 -0.28
1277 0.44
1278 0.46
1279 -0.29
1280 0.09
1281 0.32
1282 0.12
1283 -0.25
1284 0.21
1285 0.28
1286 0.42
1287 0.42
1288 0.46
1289 0.42
1290 -0.15
1291 -0.28
1292 0.46
1293 0.49
1294 0.46
1295 0.44
1296 0.44
1297 -0.28
1298 0.44
1299 0.44
1300 0.46
1301 0.46
1302 0.44
1303 0.44
1304 0.44
1305 0.42
1306 0.40
1307 0.49
1308 -0.12
1309 0.14
1310 0.49
1311 0.46
1312 0.02
1313 0.42
1314 0.44
1315 -0.28
1316 0.49
1317 0.44
1318 0.44
1319 0.44
1320 0.36
1321 0.40
1322 0.49
1323 0.49
1324 0.44
1325 0.42
1326 0.42
1327 0.44
1328 0.32
1329 0.46
1330 0.38
1331 0.46
1332 0.40
1333 0.36
1334 0.40
1335 0.44
1336 0.49
1337 0.44
1338 0.36
1339 0.25
1340 0.49
1341 0.46
1342 0.46
1343 0.46
1344 0.46
1345 0.49
1346 0.46
1347 0.49
1348 0.49
1349 0.40
1350 0.49
1351 0.46
1352 0.49
1353 0.49
1354 0.46
1355 0.34
1356 0.49
1357 0.44
1358 0.46
1359 0.32
1360 0.49
1361 0.46
1362 0.42
1363 0.46
1364 0.49
1365 0.44
1366 0.49
1367 0.44
1368 0.42
1369 0.46
1370 0.49
1371 -0.16
1372 0.46
1373 0.38
1374 0.49
1375 0.38
1376 0.36
1377 0.46
1378 0.49
1379 0.44
1380 0.36
1381 0.46
1382 0.38
1383 0.49
1384 0.44
1385 0.46
1386 0.49
1387 0.46
1388 0.40
1389 0.46
1390 0.44
1391 -0.21
1392 0.44
1393 0.40
1394 0.42
1395 0.31
1396 0.44
1397 0.49
1398 0.25
1399 0.42
1400 0.34
1401 0.40
1402 0.42
1403 0.49
1404 0.29
1405 0.42
1406 0.40
1407 0.32
1408 0.29
1409 0.36
1410 -0.26
1411 0.49
1412 0.46
1413 0.49
1414 -0.19
1415 0.49
1416 0.46
1417 0.44
1418 0.49
1419 -0.20
1420 0.49
1421 0.31
1422 -0.18
1423 -0.18
1424 0.42
1425 0.46
1426 0.49
1427 -0.36
1428 0.34
1429 0.32
1430 0.42
1431 0.40
1432 0.46
1433 0.42
1434 0.42
1435 0.40
1436 0.46
1437 0.49
1438 0.42
1439 0.19
1440 0.46
1441 0.49
1442 0.42
1443 0.42
1444 0.49
1445 0.49
1446 0.36
1447 0.46
1448 0.42
1449 0.36
1450 0.49
1451 0.42
1452 0.46
1453 0.49
1454 0.38
1455 0.46
1456 0.44
1457 0.38
1458 0.46
1459 0.42
1460 0.42
1461 0.46
1462 0.46
1463 0.44
1464 0.46
1465 0.49
1466 0.42
1467 0.42
1468 0.31
1469 0.49
1470 0.38
1471 0.46
1472 0.46
1473 0.49
1474 -0.26
1475 0.42
1476 0.24
1477 0.42
1478 0.46
1479 0.49
1480 0.46
1481 0.40
1482 0.46
1483 0.40
1484 0.46
1485 0.49
1486 0.44
1487 0.38
1488 0.24
1489 0.42
1490 0.46
1491 0.40
1492 0.49
1493 0.42
1494 0.38
1495 0.49
1496 0.38
1497 0.42
1498 0.49
1499 0.42
1500 0.42
1501 0.38
1502 0.44
1503 0.46
1504 0.38
1505 0.42
1506 0.40
1507 0.49
1508 0.44
1509 0.46
1510 -0.17
1511 0.44
1512 0.31
1513 0.49
1514 0.49
1515 0.34
1516 0.44
1517 0.46
1518 0.40
1519 0.40
1520 0.36
1521 0.34
1522 0.40
1523 0.29
1524 0.49
1525 0.42
1526 0.46
1527 0.40
1528 0.14
1529 -0.17
1530 0.36
1531 0.36
1532 -0.13
1533 -0.19
1534 -0.06
1535 0.44
1536 0.44
1537 0.18
1538 0.40
1539 0.40
1540 0.36
1541 0.49
1542 0.42
1543 -0.32
1544 0.49
1545 0.46
1546 0.38
1547 0.44
1548 0.49
1549 0.49
1550 0.49
1551 0.44
1552 0.42
1553 0.44
1554 -0.25
1555 0.20
1556 0.31
1557 0.42
1558 0.49
1559 0.38
1560 0.42
1561 0.49
1562 0.44
1563 0.46
1564 0.34
1565 0.49
1566 0.42
1567 0.46
1568 0.36
1569 0.49
1570 0.46
1571 0.46
1572 0.44
1573 -0.16
1574 0.38
1575 0.31
1576 0.49
1577 0.46
1578 0.40
1579 0.49
1580 0.46
1581 0.24
1582 0.46
1583 0.42
1584 0.44
1585 0.49
1586 0.44
1587 0.44
1588 0.40
1589 0.42
1590 0.40
1591 0.49
1592 0.49
1593 0.44
1594 0.44
1595 0.44
1596 0.46
1597 0.42
1598 0.46
1599 0.38
1600 0.40
1601 0.49
1602 0.40
1603 0.46
1604 0.49
1605 0.40
1606 0.46
1607 0.49
1608 0.46
1609 0.44
1610 0.49
1611 0.40
1612 0.44
1613 0.44
1614 0.49
1615 0.44
1616 0.42
1617 0.38
1618 0.42
1619 0.49
1620 0.42
1621 0.49
1622 -0.28
1623 0.44
1624 0.49
1625 0.44
1626 0.46
1627 0.42
1628 0.42
1629 0.36
1630 0.46
1631 0.40
1632 0.40
1633 -0.19
1634 0.40
1635 0.46
1636 0.44
1637 0.17
1638 0.00
1639 0.20
1640 0.18
1641 0.19
1642 0.44
1643 0.17
1644 0.14
1645 0.46
1646 0.46
1647 0.46
1648 0.44
1649 0.38
1650 0.42
1651 0.46
1652 0.49
1653 0.49
1654 0.44
1655 0.46
1656 0.42
1657 0.46
1658 0.49
1659 0.42
1660 0.46
1661 0.46
1662 0.46
1663 0.32
1664 0.44
1665 0.42
1666 0.40
1667 0.40
1668 0.40
1669 0.34
1670 0.44
1671 0.42
1672 0.46
1673 0.31
1674 0.40
1675 0.40
1676 0.49
1677 0.46
1678 0.42
1679 -0.32
1680 0.07
1681 0.49
1682 0.44
1683 0.29
1684 0.44
1685 0.34
1686 0.46
1687 0.44
1688 0.46
1689 0.46
1690 0.44
1691 0.46
1692 0.44
1693 -0.34
1694 0.36
1695 0.46
1696 0.49
1697 0.49
1698 0.49
1699 0.49
1700 0.44
1701 0.44
1702 0.46
1703 0.49
1704 0.46
1705 0.49
1706 0.44
1707 0.46
1708 0.46
1709 0.34
1710 0.42
1711 -0.31
1712 0.19
1713 0.49
1714 0.46
1715 0.32
1716 0.31
1717 0.26
1718 0.44
1719 -0.14
1720 0.44
1721 0.28
1722 0.40
1723 0.40
1724 0.46
1725 0.40
1726 0.44
1727 0.49
1728 0.44
1729 -0.28
1730 0.44
1731 0.42
1732 0.28
1733 0.46
1734 0.44
1735 0.46
1736 -0.36
1737 0.36
1738 0.31
1739 -0.21
1740 0.46
1741 0.49
1742 0.44
1743 0.49
1744 0.06
1745 -0.00
1746 0.42
1747 0.46
1748 0.02
1749 0.46
1750 0.44
1751 0.46
1752 0.49
1753 0.38
1754 0.49
1755 0.32
1756 0.49
1757 0.42
1758 0.36
1759 0.28
1760 0.49
1761 0.46
1762 0.49
1763 0.49
1764 0.49
1765 0.44
1766 0.49
1767 0.42
1768 0.49
1769 0.44
1770 0.46
1771 0.36
1772 0.38
1773 0.49
1774 -0.28
1775 0.49
1776 0.44
1777 0.49
1778 0.42
1779 0.36
1780 0.40
1781 0.49
1782 0.49
1783 0.49
1784 -0.16
1785 0.36
1786 0.49
1787 0.44
1788 0.49
1789 0.24
1790 0.46
1791 0.49
1792 0.49
1793 0.44
1794 0.46
1795 -0.28
1796 0.46
1797 0.49
1798 0.44
1799 0.49
1800 0.34
1801 0.40
1802 0.44
1803 0.46
1804 0.38
1805 0.49
1806 0.49
1807 0.38
1808 0.44
1809 0.49
1810 0.49
1811 -0.01
1812 0.36
1813 0.42
1814 0.31
1815 0.42
1816 0.44
1817 0.40
1818 0.49
1819 0.40
1820 0.38
1821 0.49
1822 0.44
1823 0.46
1824 0.44
1825 0.29
1826 0.32
1827 0.42
1828 0.44
1829 0.36
1830 0.49
1831 0.46
1832 0.44
1833 0.31
1834 0.49
1835 0.46
1836 0.42
1837 0.44
1838 0.46
1839 0.49
1840 0.38
1841 0.49
1842 0.40
1843 0.36
1844 0.34
1845 0.49
1846 0.44
1847 0.40
1848 0.42
1849 0.15
1850 0.13
1851 0.49
1852 0.44
1853 0.46
1854 0.49
1855 0.49
1856 0.49
1857 0.46
1858 0.38
1859 0.44
1860 0.49
1861 -0.34
1862 0.46
1863 0.46
1864 0.46
1865 0.46
1866 0.46
1867 0.49
1868 0.36
1869 0.46
1870 0.36
1871 0.42
1872 0.31
1873 0.49
1874 0.46
1875 0.46
1876 0.42
1877 0.42
1878 -0.36
1879 0.49
1880 0.49
1881 0.44
1882 0.40
1883 0.00
1884 0.17
1885 -0.23
1886 0.46
1887 0.44
1888 0.44
1889 0.46
1890 0.46
1891 0.40
1892 0.01
1893 0.46
1894 0.40
1895 -0.24
1896 0.34
1897 0.44
1898 0.49
1899 0.46
1900 0.20
1901 0.36
1902 0.44
1903 0.34
1904 0.40
1905 0.46
1906 0.38
1907 0.28
1908 0.36
1909 0.40
1910 0.38
1911 0.46
1912 0.46
1913 0.49
1914 0.44
1915 0.42
1916 0.42
1917 0.25
1918 0.49
1919 0.38
1920 0.46
1921 0.40
1922 0.46
1923 0.49
1924 0.40
1925 0.49
1926 0.49
1927 0.49
1928 0.44
1929 0.44
1930 0.38
1931 0.19
1932 0.49
1933 -0.32
1934 0.46
1935 0.49
1936 0.46
1937 0.49
1938 0.42
1939 0.44
1940 0.46
1941 0.46
1942 0.44
1943 0.28
1944 0.46
1945 0.40
1946 0.44
1947 0.40
1948 0.46
1949 0.08
1950 0.38
1951 0.46
1952 0.44
1953 0.42
1954 -0.01
1955 0.46
1956 0.42
1957 0.32
1958 0.24
1959 0.38
1960 0.17
1961 0.49
1962 0.40
1963 0.40
1964 0.44
1965 0.42
1966 0.44
1967 0.46
1968 0.44
1969 0.44
1970 0.40
1971 0.46
1972 -0.03
1973 0.49
1974 0.44
1975 0.46
1976 0.46
1977 0.44
1978 0.40
1979 0.11
1980 0.42
1981 0.49
1982 0.44
1983 0.42
1984 0.44
1985 0.44
1986 0.40
1987 0.49
1988 0.44
1989 0.49
1990 0.40
1991 0.40
1992 -0.01
1993 0.38
1994 0.49
1995 0.28
1996 0.46
1997 0.49
1998 0.46
1999 0.49
2000 0.49
2001 0.44
2002 0.49
2003 0.49
2004 0.49
2005 0.44
2006 0.46
2007 0.38
2008 0.46
2009 0.13
2010 -0.17
2011 0.34
2012 0.46
2013 0.32
2014 0.40
2015 0.44
2016 0.42
2017 0.49
2018 0.40
2019 0.38
2020 0.49
2021 0.49
2022 0.49
2023 0.40
2024 0.40
2025 0.46
2026 0.42
2027 0.44
2028 -0.01
2029 0.44
2030 0.31
2031 0.42
2032 0.49
2033 0.44
2034 0.40
2035 0.23
2036 0.20
2037 0.40
2038 0.44
2039 0.46
2040 0.49
2041 0.46
2042 0.46
2043 0.34
2044 0.40
2045 0.49
2046 0.44
2047 0.44
2048 0.34
2049 0.18
2050 0.46
2051 0.49
2052 0.49
2053 -0.21
2054 0.44
2055 0.42
2056 0.49
2057 0.49
2058 0.49
2059 0.11
2060 0.44
2061 0.49
2062 0.49
2063 0.49
2064 0.42
2065 0.49
2066 0.44
2067 0.44
2068 0.46
2069 0.49
2070 0.49
2071 0.38
2072 0.36
2073 0.46
2074 0.34
2075 0.46
2076 0.23
2077 0.42
2078 0.36
2079 0.49
2080 0.49
2081 0.44
2082 0.49
2083 0.38
2084 0.49
2085 0.49
2086 0.42
2087 -0.34
2088 0.19
2089 0.42
2090 0.49
2091 0.44
2092 0.49
2093 0.38
2094 0.44
2095 0.34
2096 0.21
2097 0.46
2098 -0.26
2099 0.44
2100 0.49
2101 0.31
2102 0.46
2103 -0.17
2104 0.17
2105 0.49
2106 0.36
2107 0.38
2108 0.44
2109 0.29
2110 0.49
2111 0.15
2112 0.49
2113 0.46
2114 0.49
2115 0.49
2116 0.49
2117 0.49
2118 0.49
2119 0.03
2120 0.38
2121 0.42
2122 0.42
2123 0.49
2124 0.44
2125 0.49
2126 0.49
2127 0.49
2128 0.42
2129 0.49
2130 0.44
2131 0.44
2132 0.44
2133 0.44
2134 0.44
2135 0.44
2136 0.49
2137 0.44
2138 0.29
2139 0.34
2140 0.49
2141 0.49
2142 0.31
2143 0.42
2144 0.02
2145 0.32
2146 0.40
2147 0.49
2148 0.38
2149 0.46
2150 0.49
2151 0.42
2152 0.44
2153 0.49
2154 0.32
2155 0.46
2156 0.44
2157 0.38
2158 0.49
2159 0.31
2160 0.49
2161 0.38
2162 0.49
2163 0.32
2164 0.40
2165 0.36
2166 0.49
2167 0.29
2168 0.49
2169 0.44
2170 0.42
2171 0.44
2172 0.38
2173 0.44
2174 0.49
2175 0.40
2176 0.34
2177 0.44
2178 0.49
2179 0.42
2180 0.40
2181 0.38
2182 0.44
2183 0.46
2184 0.44
2185 0.36
2186 0.32
2187 0.34
2188 0.31
2189 0.44
2190 0.38
2191 0.32
2192 0.49
2193 0.40
2194 0.44
2195 0.40
2196 0.21
2197 0.49
2198 0.49
2199 0.49
2200 0.49
2201 0.49
2202 0.44
2203 0.36
2204 0.38
2205 0.44
2206 0.49
2207 0.49
2208 0.40
2209 0.49
2210 0.49
2211 0.40
2212 0.28
2213 0.44
2214 0.49
2215 0.49
2216 0.49
2217 0.44
2218 0.46
2219 0.31
2220 0.34
2221 0.40
2222 0.49
2223 0.36
2224 0.42
2225 0.40
2226 0.42
2227 0.49
2228 0.38
2229 0.49
2230 0.49
2231 0.34
2232 0.49
2233 0.31
2234 0.15
2235 0.42
2236 0.46
2237 0.49
2238 0.36
2239 0.49
2240 0.20
2241 0.20
2242 0.44
2243 0.44
2244 0.42
2245 0.49
2246 -0.13
2247 0.40
2248 -0.05
2249 0.38
2250 0.44
2251 0.49
2252 0.49
2253 0.46
2254 0.29
2255 0.44
2256 0.49
2257 0.49
2258 0.49
2259 0.36
2260 0.49
2261 0.49
2262 0.49
2263 0.44
2264 0.49
2265 0.49
2266 -0.29
2267 0.49
2268 -0.12
2269 0.44
2270 0.49
2271 0.44
2272 0.44
2273 0.21
2274 0.40
2275 0.46
2276 0.44
2277 0.44
2278 0.42
2279 0.42
2280 0.44
2281 0.44
2282 0.40
2283 0.49
2284 0.44
2285 0.25
2286 0.49
2287 0.38
2288 0.44
2289 0.42
2290 0.44
2291 0.49
2292 0.34
2293 0.49
2294 0.38
2295 0.36
2296 0.42
2297 0.49
2298 0.49
2299 0.44
2300 0.24
2301 0.21
2302 0.49
2303 0.49
2304 0.40
2305 0.49
2306 0.49
2307 0.46
2308 0.44
2309 0.40
2310 0.49
2311 0.49
2312 0.44
2313 0.42
2314 0.40
2315 0.44
2316 0.49
2317 0.42
2318 0.46
2319 0.44
2320 0.34
2321 0.49
2322 0.44
2323 0.40
2324 0.44
2325 0.40
2326 0.42
2327 0.49
2328 0.44
2329 0.38
2330 0.49
2331 0.44
2332 0.49
2333 0.44
2334 0.49
2335 0.44
2336 0.49
2337 0.44
2338 0.49
2339 0.38
2340 0.44
2341 0.44
2342 0.46
2343 0.49
2344 0.44
2345 0.38
2346 0.29
2347 0.46
2348 0.34
2349 0.42
2350 0.42
2351 0.49
2352 0.40
2353 0.40
2354 0.49
2355 0.49
2356 0.49
2357 0.40
2358 0.44
2359 0.36
2360 0.46
2361 0.46
2362 0.49
2363 0.44
2364 0.44
2365 0.49
2366 0.49
2367 0.49
2368 0.44
2369 0.49
2370 0.42
2371 0.46
2372 0.38
2373 0.38
2374 0.49
2375 0.44
2376 0.44
2377 0.49
2378 0.42
2379 0.46
2380 0.40
2381 0.36
2382 0.49
2383 0.44
2384 0.42
2385 0.46
2386 0.28
2387 0.38
2388 0.49
2389 0.49
2390 0.49
2391 0.49
2392 0.29
2393 0.31
2394 0.38
2395 0.46
2396 0.44
2397 0.44
2398 0.44
2399 0.44
2400 0.24
2401 0.44
2402 0.38
2403 0.44
2404 -0.03
2405 0.44
2406 0.44
2407 0.49
2408 0.49
2409 0.38
2410 0.49
2411 0.49
2412 0.44
2413 0.44
2414 0.44
2415 0.44
2416 0.49
2417 0.49
2418 0.49
2419 0.42
2420 0.08
2421 -0.29
2422 0.49
2423 0.49
2424 0.49
2425 0.36
2426 0.44
2427 0.44
2428 0.42
2429 0.44
2430 0.46
2431 0.36
2432 0.49
2433 0.44
2434 0.44
2435 0.49
2436 0.49
2437 0.49
2438 0.46
2439 0.49
2440 0.49
2441 0.49
2442 0.44
2443 0.42
2444 0.49
2445 0.20
2446 0.44
2447 0.49
2448 0.40
2449 0.26
2450 0.40
2451 0.42
2452 0.46
2453 0.38
2454 0.44
2455 0.36
2456 0.42
2457 0.44
2458 0.49
2459 0.44
2460 0.36
2461 0.49
2462 0.38
2463 0.19
2464 0.42
2465 0.01
2466 -0.06
2467 0.46
2468 0.49
2469 0.49
2470 0.36
2471 0.42
2472 0.42
2473 0.32
2474 0.26
2475 0.17
2476 0.49
2477 0.26
2478 0.44
2479 0.31
2480 0.40
2481 0.15
2482 0.20
2483 -0.01
2484 0.20
2485 0.40
2486 0.49
2487 0.44
2488 0.49
2489 0.31
2490 0.40
2491 0.49
2492 0.38
2493 0.49
2494 0.34
2495 0.44
2496 0.42
2497 0.49
2498 0.49
2499 0.42
2500 0.40
2501 0.42
2502 0.49
2503 0.44
2504 0.49
2505 0.09
2506 0.46
2507 0.38
2508 0.38
2509 0.46
2510 0.44
2511 0.46
2512 0.34
2513 0.44
2514 0.42
2515 0.49
2516 0.46
2517 0.44
2518 0.26
2519 0.49
2520 0.49
2521 0.44
2522 0.42
2523 0.44
2524 0.32
2525 0.44
2526 0.49
2527 0.44
2528 0.44
2529 0.01
2530 0.44
2531 0.40
2532 0.49
2533 0.46
2534 0.44
2535 0.44
2536 0.46
2537 0.40
2538 0.40
2539 0.42
2540 0.49
2541 0.44
2542 0.36
2543 0.38
2544 0.44
2545 0.42
2546 0.09
2547 0.17
2548 0.44
2549 0.38
2550 0.42
2551 0.40
2552 0.38
2553 0.36
2554 0.40
2555 0.38
2556 0.31
2557 0.49
2558 0.49
2559 0.42
2560 0.49
2561 0.36
2562 0.49
2563 0.38
2564 0.09
2565 0.49
2566 0.40
2567 0.46
2568 0.46
2569 0.46
2570 0.28
2571 0.42
2572 0.46
2573 0.28
2574 0.44
2575 0.44
2576 0.44
2577 0.44
2578 0.31
2579 0.40
2580 0.49
2581 0.42
2582 0.01
2583 0.40
2584 0.38
2585 0.44
2586 -0.17
2587 0.42
2588 0.31
2589 0.49
2590 0.38
2591 0.40
2592 0.40
2593 0.29
2594 0.29
2595 0.42
2596 0.46
2597 0.40
2598 0.38
2599 0.49
2600 0.42
2601 0.38
2602 0.08
2603 0.49
2604 0.44
2605 0.49
2606 0.42
2607 -0.17
2608 0.36
2609 0.32
2610 0.44
2611 0.49
2612 0.49
2613 0.44
2614 0.49
2615 0.44
2616 0.49
2617 0.44
2618 0.44
2619 -0.17
2620 0.32
2621 0.44
2622 0.49
2623 0.38
2624 0.44
2625 0.40
2626 0.38
2627 0.49
2628 0.49
2629 0.42
2630 0.49
2631 0.49
2632 0.49
2633 0.49
2634 0.49
2635 0.44
2636 0.38
2637 0.49
2638 0.28
2639 0.49
2640 0.49
2641 0.44
2642 0.49
2643 0.49
2644 0.40
2645 -0.32
2646 0.49
2647 0.42
2648 0.42
2649 0.46
2650 0.21
2651 0.42
2652 0.49
2653 -0.17
2654 0.49
2655 0.49
2656 0.42
2657 0.42
2658 0.44
2659 0.44
2660 0.44
2661 0.44
2662 0.38
2663 0.42
2664 0.31
2665 0.46
2666 0.42
2667 0.44
2668 0.46
2669 0.44
2670 0.25
2671 0.42
2672 0.42
2673 0.46
2674 0.42
2675 0.44
2676 0.32
2677 0.31
2678 0.36
2679 0.44
2680 0.46
2681 0.44
2682 0.49
2683 0.49
2684 0.40
2685 0.46
2686 0.36
2687 0.44
2688 0.23
2689 0.49
2690 0.49
2691 0.49
2692 0.49
2693 0.49
2694 0.42
2695 -0.12
2696 0.46
2697 0.49
2698 0.40
2699 0.42
2700 0.38
2701 0.42
2702 0.46
2703 0.44
2704 0.49
2705 0.42
2706 0.46
2707 0.28
2708 0.44
2709 0.46
2710 0.46
2711 0.44
2712 0.42
2713 0.46
2714 0.46
2715 0.44
2716 0.49
2717 0.46
2718 0.46
2719 0.49
2720 0.49
2721 0.44
2722 0.36
2723 0.42
2724 0.46
2725 0.46
2726 0.29
2727 0.42
2728 0.40
2729 0.46
2730 0.42
2731 0.42
2732 0.42
2733 0.49
2734 0.49
2735 0.49
2736 0.38
2737 0.49
2738 0.44
2739 0.42
2740 0.42
2741 0.49
2742 0.49
2743 0.49
2744 0.49
2745 0.49
2746 0.49
2747 0.42
2748 0.49
2749 0.38
2750 0.49
2751 0.32
2752 0.42
2753 0.42
2754 0.49
2755 0.38
2756 0.44
2757 0.42
2758 0.44
2759 0.46
2760 -0.20
2761 0.40
2762 0.44
2763 0.46
2764 0.46
2765 0.44
2766 0.38
2767 0.36
2768 0.44
2769 0.40
2770 0.44
2771 0.21
2772 0.40
2773 0.46
2774 0.44
2775 0.49
2776 0.34
2777 0.40
2778 0.44
2779 0.42
2780 0.44
2781 0.42
2782 0.38
2783 0.49
2784 0.46
2785 0.07
2786 0.44
2787 0.24
2788 0.49
2789 0.49
2790 0.49
2791 0.44
2792 0.40
2793 0.44
2794 0.34
2795 0.44
2796 0.44
2797 0.44
2798 0.40
2799 0.49
2800 0.49
2801 -0.25
2802 0.31
2803 0.31
2804 -0.02
2805 0.46
2806 0.42
2807 0.49
2808 0.44
2809 0.07
2810 0.42
2811 0.44
2812 0.15
2813 0.38
2814 0.42
2815 0.38
2816 0.49
2817 -0.16
2818 0.36
2819 0.36
2820 0.46
2821 -0.23
2822 0.49
2823 0.32
2824 0.44
2825 0.49
2826 -0.29
2827 0.46
2828 0.36
2829 0.46
2830 0.44
2831 -0.12
2832 0.20
2833 -0.16
2834 0.32
2835 0.40
2836 0.46
2837 0.34
2838 0.49
2839 0.44
2840 0.21
2841 -0.34
2842 0.44
2843 0.44
2844 0.49
2845 0.44
2846 0.38
2847 0.42
2848 0.44
2849 0.24
2850 0.36
2851 0.36
2852 0.44
2853 0.49
2854 0.44
2855 0.49
2856 0.44
2857 0.49
2858 0.40
2859 0.44
2860 0.24
2861 -0.24
2862 0.49
2863 -0.38
2864 0.44
2865 0.49
2866 0.44
2867 0.34
2868 0.40
2869 0.49
2870 0.36
2871 0.49
2872 0.46
2873 0.44
2874 0.10
2875 0.36
2876 0.14
2877 0.49
2878 0.44
2879 0.49
2880 0.14
2881 0.36
2882 0.49
2883 0.34
2884 0.49
2885 0.42
2886 0.49
2887 0.42
2888 0.31
2889 0.49
2890 0.49
2891 0.46
2892 0.49
2893 0.34
2894 -0.15
2895 0.49
2896 0.44
2897 0.44
2898 0.49
2899 0.12
2900 0.44
2901 0.49
2902 0.44
2903 0.49
2904 0.49
2905 0.49
2906 0.49
2907 0.49
2908 0.49
2909 0.07
2910 0.49
2911 0.42
2912 0.49
2913 0.46
2914 0.44
2915 0.34
2916 0.32
2917 0.14
2918 0.42
2919 -0.26
2920 -0.06
2921 0.23
2922 0.26
2923 0.20
2924 0.49
2925 0.28
2926 0.34
2927 0.49
2928 0.40
2929 0.06
2930 0.44
2931 0.25
2932 0.46
2933 0.44
2934 0.44
2935 0.42
2936 0.49
2937 0.44
2938 0.49
2939 0.44
2940 0.44
2941 0.49
2942 0.31
2943 0.44
2944 0.42
2945 0.46
2946 0.40
2947 0.40
2948 0.38
2949 0.40
2950 0.06
2951 0.44
2952 0.42
2953 0.44
2954 0.44
2955 0.46
2956 0.46
2957 0.44
2958 0.46
2959 0.49
2960 0.42
2961 0.46
2962 0.46
2963 0.40
2964 0.42
2965 0.49
2966 0.40
2967 0.44
2968 0.42
2969 0.42
2970 0.34
2971 0.44
2972 0.38
2973 0.44
2974 0.49
2975 0.40
2976 0.49
2977 0.46
2978 0.34
2979 0.38
2980 0.40
2981 0.31
2982 0.40
2983 0.32
2984 0.42
2985 0.26
2986 0.44
2987 0.38
2988 0.32
2989 0.46
2990 0.49
2991 0.44
2992 0.46
2993 0.42
2994 0.49
2995 0.36
2996 0.46
2997 0.49
2998 0.40
2999 0.44
