0 0.02
30 0.27
60 0.23
90 -0.06
120 0.23
150 -0.01
180 0.06
210 0.21
240 0.16
270 0.19
300 0.16
330 0.18
360 0.06
390 0.30
420 0.25
450 0.34
480 0.36
510 0.24
540 0.38
570 0.27
600 0.33
630 0.07
660 0.29
690 0.34
720 0.34
750 0.35
780 0.35
810 0.16
840 0.12
870 0.28
900 0.41
930 0.37
960 0.38
990 0.33
1020 0.34
1050 0.34
1080 0.38
1110 0.36
1140 0.27
1170 0.29
1200 0.25
1230 0.29
1260 0.33
1290 0.31
1320 0.43
1350 0.43
1380 0.38
1410 0.29
1440 0.44
1470 0.40
1500 0.37
1530 0.31
1560 0.41
1590 0.44
1620 0.32
1650 0.40
1680 0.41
1710 0.28
1740 0.40
1770 0.38
1800 0.40
1830 0.42
1860 0.34
1890 0.37
1920 0.40
1950 0.37
1980 0.42
2010 0.38
2040 0.41
2070 0.36
2100 0.39
2130 0.41
2160 0.41
2190 0.43
2220 0.37
2250 0.40
2280 0.42
2310 0.44
2340 0.44
2370 0.42
2400 0.39
2430 0.43
2460 0.32
2490 0.42
2520 0.40
2550 0.40
2580 0.34
2610 0.42
2640 0.39
2670 0.40
2700 0.43
2730 0.44
2760 0.38
2790 0.34
2820 0.30
2850 0.36
2880 0.40
2910 0.34
2940 0.42
2970 0.41
