0 174.00
1 203.33
2 225.33
3 211.33
4 244.67
5 239.33
6 198.67
7 254.00
8 248.67
9 160.67
10 234.00
11 222.67
12 209.33
13 240.00
14 228.67
15 193.33
16 198.00
17 234.67
18 220.00
19 197.33
20 220.67
21 221.33
22 262.67
23 284.00
24 185.33
25 217.33
26 207.33
27 217.33
28 231.33
29 218.00
30 300.00
31 237.33
32 196.67
33 316.00
34 216.00
35 195.33
36 308.67
37 290.00
38 190.67
39 243.33
40 229.33
41 235.33
42 169.33
43 253.33
44 196.67
45 219.33
46 210.67
47 188.67
48 219.33
49 289.33
50 220.00
51 232.67
52 313.33
53 304.67
54 218.00
55 257.33
56 342.67
57 207.33
58 187.33
59 225.33
60 233.33
61 234.67
62 272.00
63 235.33
64 256.67
65 186.67
66 312.00
67 292.67
68 228.00
69 184.67
70 182.00
71 175.33
72 192.67
73 184.00
74 212.67
75 229.33
76 305.33
77 275.33
78 315.33
79 174.67
80 216.00
81 212.00
82 228.00
83 211.33
84 204.67
85 182.00
86 355.33
87 218.00
88 266.67
89 220.00
90 244.67
91 232.67
92 206.00
93 225.33
94 232.67
95 222.00
96 197.33
97 214.67
98 253.33
99 246.67
100 212.00
101 188.67
102 229.33
103 255.33
104 224.67
105 208.67
106 262.00
107 242.67
108 203.33
109 288.00
110 250.00
111 281.33
112 190.00
113 230.00
114 217.33
115 291.33
116 218.67
117 195.33
118 253.33
119 288.67
120 178.67
121 189.33
122 214.00
123 188.67
124 206.67
125 203.33
126 284.67
127 206.00
128 224.67
129 188.67
130 179.33
131 184.67
132 244.67
133 287.33
134 218.67
135 317.33
136 262.67
137 201.33
138 312.00
139 250.00
140 272.67
141 214.00
142 216.67
143 193.33
144 232.67
145 219.33
146 212.67
147 200.67
148 181.33
149 228.00
150 314.00
151 184.00
152 190.67
153 258.67
154 225.33
155 335.33
156 216.67
157 181.33
158 212.67
159 200.67
160 274.00
161 238.67
162 263.33
163 196.00
164 192.00
165 249.33
166 188.67
167 193.33
168 224.67
169 250.00
170 321.33
171 340.00
172 199.33
173 273.33
174 196.00
175 208.00
176 198.67
177 277.33
178 272.00
179 216.00
180 270.00
181 198.00
182 285.33
183 288.00
184 324.00
185 208.67
186 222.00
187 184.00
188 218.00
189 222.67
190 297.33
191 230.67
192 198.00
193 290.67
194 280.00
195 182.67
196 270.00
197 225.33
198 204.67
199 211.33
200 240.00
201 240.00
202 240.00
203 493.33
204 236.67
205 240.00
206 240.00
207 240.00
208 240.00
209 180.00
210 486.00
211 220.00
212 193.33
213 470.00
214 432.00
215 223.33
216 220.00
217 240.00
218 240.00
219 240.00
220 475.33
221 240.00
222 218.67
223 480.00
224 238.67
225 221.33
226 248.00
227 242.00
228 342.00
229 252.00
230 380.67
231 490.00
232 261.33
233 423.33
234 248.00
235 482.00
236 268.67
237 404.67
238 251.33
239 223.33
240 208.67
241 213.33
242 228.00
243 474.67
244 245.33
245 238.00
246 166.67
247 232.00
248 243.33
249 258.67
250 329.33
251 242.67
252 248.00
253 192.67
254 218.67
255 239.33
256 416.67
257 250.67
258 243.33
259 239.33
260 376.67
261 286.00
262 415.33
263 243.33
264 265.33
265 261.33
266 252.67
267 280.00
268 253.33
269 238.67
270 258.00
271 230.67
272 275.33
273 246.00
274 392.00
275 433.33
276 397.33
277 223.33
278 260.00
279 250.00
280 225.33
281 270.67
282 212.67
283 365.33
284 222.00
285 396.00
286 240.00
287 250.67
288 234.67
289 279.33
290 230.67
291 234.67
292 243.33
293 305.33
294 244.00
295 180.00
296 455.33
297 239.33
298 225.33
299 281.33
300 236.00
301 234.67
302 191.33
303 296.67
304 376.00
305 242.67
306 360.67
307 240.00
308 244.00
309 235.33
310 351.33
311 234.00
312 292.00
313 236.67
314 405.33
315 340.67
316 230.00
317 328.67
318 214.67
319 253.33
320 440.67
321 252.00
322 258.00
323 241.33
324 261.33
325 233.33
326 248.00
327 225.33
328 249.33
329 249.33
330 276.00
331 354.00
332 256.67
333 420.00
334 403.33
335 233.33
336 235.33
337 252.67
338 392.00
339 328.00
340 255.33
341 262.00
342 300.00
343 220.67
344 257.33
345 230.67
346 432.00
347 267.33
348 296.67
349 364.67
350 240.00
351 330.00
352 192.67
353 254.00
354 257.33
355 235.33
356 216.00
357 246.00
358 220.67
359 211.33
360 344.67
361 227.33
362 268.00
363 388.67
364 238.67
365 237.33
366 226.00
367 257.33
368 297.33
369 320.00
370 425.33
371 252.67
372 420.00
373 202.00
374 242.67
375 225.33
376 394.00
377 223.33
378 222.67
379 242.00
380 243.33
381 236.00
382 291.33
383 266.00
384 230.67
385 236.67
386 265.33
387 232.00
388 284.67
389 249.33
390 263.33
391 375.33
392 275.33
393 265.33
394 203.33
395 367.33
396 200.00
397 330.00
398 245.33
399 221.33
400 200.00
401 220.00
402 184.67
403 357.33
404 249.33
405 160.00
406 207.33
407 276.67
408 220.67
409 354.00
410 308.67
411 170.67
412 252.67
413 326.00
414 190.67
415 373.33
416 242.67
417 364.67
418 427.33
419 497.33
420 224.00
421 244.67
422 305.33
423 356.00
424 270.67
425 368.00
426 310.67
427 251.33
428 326.67
429 332.00
430 344.00
431 342.67
432 323.33
433 215.33
434 330.00
435 313.33
436 258.67
437 273.33
438 314.67
439 298.00
440 216.67
441 343.33
442 247.33
443 267.33
444 281.33
445 370.67
446 398.00
447 339.33
448 303.33
449 314.00
450 234.67
451 395.33
452 198.00
453 353.33
454 328.00
455 254.67
456 242.67
457 248.67
458 380.00
459 198.00
460 388.00
461 255.33
462 266.67
463 264.67
464 281.33
465 442.67
466 318.00
467 201.33
468 352.00
469 336.67
470 416.67
471 459.33
472 330.67
473 334.00
474 248.67
475 412.00
476 264.67
477 208.00
478 383.33
479 310.00
480 331.33
481 222.67
482 236.00
483 377.33
484 242.00
485 238.67
486 328.00
487 316.00
488 325.33
489 220.67
490 363.33
491 264.00
492 423.33
493 469.33
494 240.00
495 356.67
496 349.33
497 357.33
498 349.33
499 202.67
500 183.33
501 365.33
502 242.00
503 284.67
504 340.67
505 306.67
506 182.00
507 328.67
508 472.67
509 338.67
510 200.00
511 208.00
512 272.67
513 498.00
514 364.67
515 372.67
516 499.33
517 310.00
518 328.00
519 194.67
520 202.00
521 363.33
522 325.33
523 319.33
524 411.33
525 222.00
526 482.00
527 291.33
528 334.67
529 500.00
530 204.67
531 419.33
532 190.00
533 298.00
534 286.00
535 292.00
536 342.67
537 317.33
538 229.33
539 230.67
540 320.00
541 339.33
542 472.00
543 312.00
544 208.00
545 316.00
546 273.33
547 330.00
548 371.33
549 274.67
550 254.00
551 230.00
552 328.00
553 312.00
554 406.67
555 264.00
556 216.67
557 291.33
558 303.33
559 420.00
560 332.00
561 252.67
562 260.67
563 279.33
564 291.33
565 315.33
566 242.00
567 286.67
568 390.67
569 248.67
570 332.67
571 350.67
572 352.00
573 251.33
574 363.33
575 394.67
576 290.00
577 194.00
578 327.33
579 321.33
580 262.67
581 388.00
582 221.33
583 298.67
584 222.67
585 288.67
586 409.33
587 323.33
588 313.33
589 227.33
590 340.00
591 320.67
592 459.33
593 303.33
594 338.67
595 272.67
596 228.00
597 385.33
598 279.33
599 293.33
600 381.33
601 228.00
602 359.33
603 224.00
604 374.00
605 257.33
606 386.67
607 319.33
608 342.67
609 348.67
610 286.00
611 280.67
612 388.67
613 318.67
614 244.67
615 331.33
616 368.67
617 451.33
618 362.67
619 275.33
620 315.33
621 347.33
622 212.00
623 339.33
624 276.67
625 320.67
626 432.00
627 431.33
628 378.67
629 294.00
630 274.00
631 285.33
632 278.67
633 458.00
634 272.67
635 320.00
636 424.67
637 283.33
638 332.00
639 394.67
640 316.67
641 342.67
642 296.00
643 319.33
644 326.67
645 426.67
646 431.33
647 471.33
648 284.67
649 466.00
650 306.67
651 214.00
652 429.33
653 340.00
654 352.67
655 408.00
656 342.00
657 352.67
658 260.00
659 290.00
660 284.67
661 327.33
662 262.00
663 350.67
664 298.00
665 290.00
666 216.67
667 252.67
668 267.33
669 418.00
670 282.67
671 311.33
672 279.33
673 277.33
674 218.67
675 320.00
676 361.33
677 290.00
678 218.00
679 400.67
680 243.33
681 436.67
682 286.67
683 308.67
684 385.33
685 450.67
686 272.67
687 296.00
688 266.67
689 328.00
690 311.33
691 313.33
692 269.33
693 310.00
694 326.67
695 459.33
696 352.67
697 260.67
698 326.00
699 420.67
700 331.33
701 220.00
702 315.33
703 295.33
704 454.00
705 358.00
706 288.67
707 390.67
708 246.00
709 300.67
710 330.67
711 317.33
712 213.33
713 301.33
714 332.00
715 325.33
716 428.00
717 388.00
718 275.33
719 218.67
720 296.67
721 352.00
722 355.33
723 270.67
724 370.67
725 371.33
726 286.00
727 239.33
728 299.33
729 314.67
730 259.33
731 306.67
732 328.67
733 254.00
734 294.67
735 343.33
736 216.67
737 302.67
738 314.00
739 300.67
740 339.33
741 275.33
742 282.00
743 365.33
744 409.33
745 300.67
746 307.33
747 414.00
748 306.67
749 338.00
750 454.00
751 284.67
752 284.00
753 445.33
754 420.67
755 290.67
756 378.67
757 254.67
758 318.00
759 317.33
760 274.67
761 352.00
762 360.67
763 334.00
764 277.33
765 290.00
766 332.00
767 242.00
768 311.33
769 348.00
770 252.00
771 286.00
772 251.33
773 305.33
774 327.33
775 390.00
776 253.33
777 386.00
778 220.00
779 240.67
780 368.67
781 425.33
782 410.67
783 269.33
784 414.67
785 312.67
786 290.00
787 278.67
788 353.33
789 252.67
790 366.00
791 309.33
792 336.67
793 326.67
794 261.33
795 340.00
796 284.00
797 294.67
798 306.00
799 310.67
800 407.33
801 230.00
802 405.33
803 329.33
804 258.67
805 337.33
806 411.33
807 411.33
808 315.33
809 228.00
810 429.33
811 257.33
812 386.67
813 406.00
814 287.33
815 304.67
816 368.67
817 374.67
818 324.67
819 480.00
820 272.00
821 428.00
822 412.67
823 270.00
824 302.00
825 444.67
826 304.00
827 264.00
828 384.00
829 379.33
830 211.33
831 297.33
832 258.00
833 480.00
834 338.00
835 282.00
836 305.33
837 446.00
838 216.67
839 246.00
840 302.00
841 266.67
842 284.00
843 425.33
844 336.67
845 264.00
846 297.33
847 351.33
848 370.00
849 261.33
850 296.00
851 236.00
852 319.33
853 223.33
854 269.33
855 332.00
856 318.00
857 303.33
858 292.67
859 218.00
860 291.33
861 285.33
862 429.33
863 305.33
864 272.67
865 262.00
866 344.00
867 280.00
868 328.00
869 292.00
870 192.00
871 221.33
872 364.00
873 342.00
874 414.67
875 240.67
876 500.00
877 354.67
878 323.33
879 258.67
880 390.00
881 478.67
882 326.00
883 331.33
884 272.67
885 403.33
886 430.67
887 454.67
888 312.67
889 277.33
890 350.00
891 298.00
892 323.33
893 341.33
894 424.67
895 334.00
896 364.67
897 375.33
898 376.00
899 322.00
900 445.33
901 322.00
902 306.00
903 304.67
904 308.67
905 254.67
906 363.33
907 328.00
908 237.33
909 336.00
910 327.33
911 303.33
912 360.00
913 332.00
914 416.00
915 386.00
916 339.33
917 328.00
918 479.33
919 310.00
920 321.33
921 198.67
922 462.67
923 303.33
924 311.33
925 407.33
926 284.00
927 426.00
928 414.67
929 278.67
930 226.00
931 350.00
932 254.67
933 347.33
934 304.00
935 384.00
936 332.00
937 433.33
938 252.67
939 400.00
940 371.33
941 330.00
942 400.00
943 304.00
944 444.67
945 319.33
946 240.00
947 385.33
948 352.67
949 339.33
950 302.00
951 381.33
952 288.00
953 468.00
954 336.00
955 278.00
956 308.00
957 298.00
958 308.00
959 324.67
960 252.67
961 424.67
962 306.00
963 307.33
964 242.67
965 141.33
966 445.33
967 329.33
968 319.33
969 410.00
970 436.67
971 434.67
972 311.33
973 335.33
974 454.00
975 207.33
976 252.67
977 266.67
978 290.67
979 326.67
980 301.33
981 256.67
982 269.33
983 308.67
984 288.67
985 264.00
986 338.00
987 306.00
988 422.67
989 268.00
990 293.33
991 307.33
992 320.67
993 289.33
994 314.67
995 288.00
996 380.67
997 238.67
998 363.33
999 320.00
1000 305.33
1001 334.67
1002 335.33
1003 358.67
1004 212.00
1005 420.00
1006 334.67
1007 295.33
1008 211.33
1009 303.33
1010 313.33
1011 145.33
1012 422.00
1013 376.00
1014 330.00
1015 379.33
1016 448.00
1017 392.67
1018 432.00
1019 368.67
1020 269.33
1021 329.33
1022 348.67
1023 329.33
1024 367.33
1025 454.00
1026 236.67
1027 335.33
1028 319.33
1029 386.00
1030 300.67
1031 332.00
1032 445.33
1033 272.00
1034 262.67
1035 309.33
1036 297.33
1037 393.33
1038 354.67
1039 376.67
1040 292.67
1041 386.00
1042 375.33
1043 325.33
1044 332.00
1045 189.33
1046 410.67
1047 391.33
1048 476.67
1049 348.67
1050 460.00
1051 384.67
1052 360.67
1053 207.33
1054 244.67
1055 332.67
1056 329.33
1057 248.67
1058 352.67
1059 279.33
1060 336.00
1061 372.67
1062 348.67
1063 332.67
1064 310.00
1065 380.00
1066 480.67
1067 290.67
1068 228.67
1069 378.67
1070 359.33
1071 310.67
1072 394.00
1073 372.00
1074 346.67
1075 376.67
1076 322.00
1077 320.00
1078 369.33
1079 244.67
1080 303.33
1081 340.67
1082 400.67
1083 273.33
1084 297.33
1085 366.67
1086 324.00
1087 298.67
1088 377.33
1089 346.67
1090 261.33
1091 343.33
1092 381.33
1093 216.00
1094 353.33
1095 326.00
1096 342.00
1097 402.67
1098 301.33
1099 260.67
1100 345.33
1101 366.67
1102 262.67
1103 322.67
1104 373.33
1105 369.33
1106 316.67
1107 358.67
1108 344.00
1109 355.33
1110 405.33
1111 422.00
1112 279.33
1113 256.00
1114 301.33
1115 296.67
1116 388.00
1117 314.00
1118 248.00
1119 400.00
1120 390.00
1121 402.67
1122 385.33
1123 304.67
1124 416.67
1125 348.67
1126 356.67
1127 396.67
1128 420.00
1129 394.00
1130 382.00
1131 362.67
1132 363.33
1133 384.67
1134 289.33
1135 436.67
1136 418.00
1137 252.00
1138 345.33
1139 374.00
1140 374.67
1141 348.67
1142 299.33
1143 472.67
1144 454.00
1145 325.33
1146 298.00
1147 340.67
1148 402.67
1149 425.33
1150 350.00
1151 399.33
1152 335.33
1153 255.33
1154 274.67
1155 412.00
1156 479.33
1157 358.00
1158 287.33
1159 369.33
1160 280.00
1161 382.67
1162 276.67
1163 270.00
1164 422.67
1165 381.33
1166 328.00
1167 373.33
1168 345.33
1169 355.33
1170 326.00
1171 324.67
1172 196.67
1173 328.00
1174 338.00
1175 280.00
1176 362.67
1177 260.67
1178 304.00
1179 370.00
1180 363.33
1181 476.67
1182 286.67
1183 448.67
1184 308.00
1185 331.33
1186 388.67
1187 410.00
1188 359.33
1189 235.33
1190 309.33
1191 302.67
1192 480.00
1193 388.67
1194 386.00
1195 297.33
1196 374.67
1197 251.33
1198 284.67
1199 286.00
1200 286.67
1201 284.00
1202 380.00
1203 346.00
1204 361.33
1205 288.67
1206 368.67
1207 308.67
1208 354.67
1209 238.67
1210 233.33
1211 270.00
1212 348.67
1213 306.67
1214 270.00
1215 282.67
1216 185.33
1217 209.33
1218 428.00
1219 302.00
1220 298.67
1221 303.33
1222 358.00
1223 305.33
1224 333.33
1225 334.00
1226 326.67
1227 378.00
1228 408.00
1229 202.67
1230 367.33
1231 260.67
1232 380.67
1233 322.67
1234 324.00
1235 332.67
1236 321.33
1237 248.00
1238 144.67
1239 315.33
1240 284.67
1241 378.00
1242 382.00
1243 356.00
1244 390.67
1245 360.67
1246 374.67
1247 410.00
1248 359.33
1249 302.67
1250 391.33
1251 345.33
1252 397.33
1253 321.33
1254 312.00
1255 241.33
1256 368.00
1257 374.67
1258 269.33
1259 500.00
1260 260.67
1261 431.33
1262 372.00
1263 335.33
1264 293.33
1265 300.67
1266 324.67
1267 316.67
1268 352.67
1269 336.00
1270 428.00
1271 377.33
1272 349.33
1273 467.33
1274 374.67
1275 382.67
1276 418.00
1277 345.33
1278 373.33
1279 386.67
1280 357.33
1281 386.00
1282 474.00
1283 356.00
1284 369.33
1285 464.67
1286 392.00
1287 458.00
1288 373.33
1289 389.33
1290 409.33
1291 480.00
1292 387.33
1293 383.33
1294 467.33
1295 288.67
1296 450.67
1297 230.00
1298 304.00
1299 368.67
1300 336.00
1301 408.00
1302 220.00
1303 426.67
1304 348.67
1305 368.67
1306 308.67
1307 378.67
1308 254.00
1309 236.67
1310 355.33
1311 446.67
1312 343.33
1313 424.00
1314 328.00
1315 384.00
1316 316.00
1317 407.33
1318 388.67
1319 356.67
1320 348.67
1321 300.67
1322 365.33
1323 347.33
1324 200.00
1325 354.67
1326 376.00
1327 320.00
1328 293.33
1329 429.33
1330 360.00
1331 337.33
1332 460.00
1333 440.67
1334 429.33
1335 404.00
1336 310.67
1337 330.00
1338 366.00
1339 364.00
1340 327.33
1341 437.33
1342 344.00
1343 320.67
1344 284.00
1345 260.00
1346 328.67
1347 330.00
1348 266.67
1349 261.33
1350 414.00
1351 371.33
1352 266.67
1353 421.33
1354 246.67
1355 378.00
1356 392.67
1357 412.67
1358 274.67
1359 283.33
1360 277.33
1361 290.00
1362 322.00
1363 368.00
1364 264.00
1365 347.33
1366 386.67
1367 320.00
1368 334.00
1369 277.33
1370 393.33
1371 326.00
1372 303.33
1373 335.33
1374 340.67
1375 378.67
1376 372.00
1377 397.33
1378 326.00
1379 326.67
1380 360.67
1381 364.67
1382 360.00
1383 337.33
1384 363.33
1385 378.67
1386 378.00
1387 230.00
1388 389.33
1389 262.00
1390 284.00
1391 319.33
1392 284.00
1393 330.67
1394 406.67
1395 426.00
1396 367.33
1397 242.67
1398 397.33
1399 359.33
1400 300.00
1401 288.67
1402 250.67
1403 352.00
1404 418.00
1405 161.33
1406 401.33
1407 400.00
1408 337.33
1409 313.33
1410 391.33
1411 430.00
1412 386.00
1413 412.00
1414 286.67
1415 336.67
1416 364.00
1417 332.67
1418 278.67
1419 367.33
1420 420.00
1421 355.33
1422 344.00
1423 283.33
1424 334.67
1425 342.67
1426 324.00
1427 454.67
1428 322.00
1429 357.33
1430 439.33
1431 481.33
1432 353.33
1433 226.67
1434 416.67
1435 480.00
1436 354.00
1437 260.00
1438 453.33
1439 325.33
1440 229.33
1441 396.00
1442 252.00
1443 459.33
1444 351.33
1445 382.00
1446 402.67
1447 336.00
1448 420.67
1449 394.00
1450 317.33
1451 390.00
1452 326.67
1453 352.00
1454 400.00
1455 336.67
1456 340.00
1457 198.00
1458 424.00
1459 346.00
1460 362.00
1461 480.00
1462 439.33
1463 290.67
1464 360.00
1465 470.67
1466 348.00
1467 460.00
1468 358.67
1469 288.00
1470 359.33
1471 467.33
1472 448.67
1473 415.33
1474 232.00
1475 414.00
1476 309.33
1477 310.67
1478 414.00
1479 307.33
1480 320.67
1481 424.67
1482 264.00
1483 317.33
1484 306.00
1485 279.33
1486 440.00
1487 364.67
1488 375.33
1489 344.00
1490 343.33
1491 381.33
1492 241.33
1493 281.33
1494 364.00
1495 352.67
1496 290.67
1497 264.00
1498 373.33
1499 388.67
1500 418.67
1501 346.00
1502 418.00
1503 295.33
1504 264.67
1505 331.33
1506 420.67
1507 352.67
1508 383.33
1509 414.67
1510 404.67
1511 364.00
1512 379.33
1513 354.67
1514 430.67
1515 393.33
1516 387.33
1517 278.67
1518 242.67
1519 266.67
1520 438.67
1521 312.00
1522 351.33
1523 334.67
1524 308.67
1525 340.67
1526 360.67
1527 218.00
1528 270.00
1529 482.00
1530 328.00
1531 368.00
1532 391.33
1533 328.00
1534 380.00
1535 353.33
1536 398.00
1537 427.33
1538 349.33
1539 397.33
1540 366.00
1541 407.33
1542 452.67
1543 403.33
1544 322.00
1545 472.00
1546 381.33
1547 485.33
1548 293.33
1549 277.33
1550 390.00
1551 405.33
1552 430.67
1553 357.33
1554 487.33
1555 434.67
1556 240.00
1557 328.67
1558 398.67
1559 436.00
1560 384.00
1561 353.33
1562 263.33
1563 274.00
1564 410.67
1565 383.33
1566 348.00
1567 468.00
1568 376.00
1569 356.00
1570 392.00
1571 394.00
1572 353.33
1573 337.33
1574 366.00
1575 364.00
1576 421.33
1577 274.00
1578 325.33
1579 312.00
1580 352.67
1581 282.67
1582 352.67
1583 355.33
1584 395.33
1585 292.00
1586 318.00
1587 252.67
1588 326.67
1589 460.00
1590 344.00
1591 392.67
1592 336.00
1593 404.00
1594 322.00
1595 329.33
1596 270.67
1597 436.67
1598 332.00
1599 326.00
1600 325.33
1601 344.00
1602 231.33
1603 396.67
1604 367.33
1605 390.67
1606 336.00
1607 284.67
1608 197.33
1609 357.33
1610 417.33
1611 394.00
1612 310.00
1613 313.33
1614 349.33
1615 323.33
1616 322.67
1617 432.00
1618 258.00
1619 372.67
1620 371.33
1621 420.67
1622 240.67
1623 348.67
1624 470.00
1625 435.33
1626 400.67
1627 293.33
1628 332.00
1629 347.33
1630 368.67
1631 358.00
1632 448.00
1633 352.00
1634 363.33
1635 304.00
1636 405.33
1637 368.00
1638 374.67
1639 307.33
1640 428.67
1641 326.67
1642 324.00
1643 314.67
1644 301.33
1645 280.00
1646 355.33
1647 424.00
1648 386.67
1649 302.67
1650 377.33
1651 447.33
1652 346.00
1653 200.00
1654 323.33
1655 286.00
1656 443.33
1657 342.00
1658 434.67
1659 382.67
1660 348.67
1661 305.33
1662 391.33
1663 430.00
1664 359.33
1665 220.00
1666 360.00
1667 368.67
1668 320.00
1669 265.33
1670 445.33
1671 328.00
1672 324.00
1673 354.00
1674 370.67
1675 444.00
1676 315.33
1677 318.67
1678 306.67
1679 337.33
1680 430.00
1681 341.33
1682 478.67
1683 354.67
1684 326.00
1685 341.33
1686 424.67
1687 434.00
1688 448.67
1689 488.00
1690 368.00
1691 372.67
1692 460.00
1693 258.67
1694 428.67
1695 493.33
1696 428.00
1697 307.33
1698 414.67
1699 479.33
1700 320.00
1701 367.33
1702 388.67
1703 416.00
1704 288.67
1705 296.67
1706 357.33
1707 374.00
1708 356.67
1709 378.67
1710 346.67
1711 265.33
1712 468.00
1713 419.33
1714 328.67
1715 336.67
1716 390.67
1717 369.33
1718 359.33
1719 362.67
1720 375.33
1721 463.33
1722 382.00
1723 372.67
1724 340.67
1725 442.00
1726 444.00
1727 344.00
1728 366.67
1729 343.33
1730 359.33
1731 286.67
1732 411.33
1733 368.00
1734 363.33
1735 382.00
1736 288.67
1737 281.33
1738 348.67
1739 323.33
1740 438.00
1741 365.33
1742 284.67
1743 462.67
1744 228.67
1745 307.33
1746 320.00
1747 271.33
1748 306.67
1749 422.00
1750 362.00
1751 423.33
1752 246.67
1753 348.00
1754 301.33
1755 318.00
1756 401.33
1757 308.00
1758 322.67
1759 383.33
1760 265.33
1761 242.00
1762 366.67
1763 330.00
1764 341.33
1765 285.33
1766 332.00
1767 286.00
1768 285.33
1769 342.00
1770 330.00
1771 438.00
1772 400.67
1773 404.00
1774 318.67
1775 425.33
1776 270.00
1777 439.33
1778 310.00
1779 354.00
1780 270.00
1781 492.00
1782 283.33
1783 432.67
1784 310.00
1785 200.00
1786 340.00
1787 412.00
1788 311.33
1789 346.00
1790 264.00
1791 355.33
1792 370.67
1793 339.33
1794 377.33
1795 396.00
1796 380.67
1797 309.33
1798 394.00
1799 494.67
1800 341.33
1801 232.67
1802 480.00
1803 336.00
1804 327.33
1805 329.33
1806 311.33
1807 364.67
1808 440.00
1809 386.00
1810 341.33
1811 435.33
1812 378.00
1813 480.00
1814 264.67
1815 340.67
1816 466.67
1817 411.33
1818 293.33
1819 480.00
1820 473.33
1821 418.00
1822 300.00
1823 386.67
1824 440.67
1825 238.00
1826 326.00
1827 328.67
1828 342.67
1829 341.33
1830 364.67
1831 352.00
1832 368.67
1833 258.00
1834 422.67
1835 352.67
1836 349.33
1837 416.67
1838 324.00
1839 386.00
1840 444.00
1841 342.67
1842 316.00
1843 380.67
1844 296.00
1845 324.00
1846 466.67
1847 402.67
1848 266.00
1849 420.00
1850 383.33
1851 438.67
1852 355.33
1853 391.33
1854 384.00
1855 286.00
1856 355.33
1857 394.67
1858 314.67
1859 490.67
1860 476.67
1861 372.67
1862 316.00
1863 358.67
1864 406.00
1865 385.33
1866 283.33
1867 228.67
1868 334.67
1869 484.00
1870 460.67
1871 386.67
1872 346.67
1873 321.33
1874 362.00
1875 410.00
1876 237.33
1877 306.67
1878 374.00
1879 298.67
1880 279.33
1881 324.00
1882 268.67
1883 352.67
1884 372.67
1885 318.00
1886 317.33
1887 293.33
1888 354.00
1889 242.67
1890 364.67
1891 264.00
1892 289.33
1893 318.67
1894 276.67
1895 333.33
1896 347.33
1897 347.33
1898 380.00
1899 314.67
1900 366.00
1901 460.67
1902 448.00
1903 328.67
1904 380.00
1905 408.00
1906 354.00
1907 272.00
1908 330.00
1909 348.67
1910 321.33
1911 286.00
1912 322.67
1913 318.67
1914 333.33
1915 333.33
1916 316.00
1917 359.33
1918 368.00
1919 298.00
1920 315.33
1921 304.67
1922 294.67
1923 273.33
1924 408.67
1925 304.67
1926 363.33
1927 290.67
1928 385.33
1929 255.33
1930 442.00
1931 306.00
1932 346.00
1933 325.33
1934 330.00
1935 293.33
1936 292.00
1937 322.67
1938 461.33
1939 374.67
1940 371.33
1941 390.00
1942 333.33
1943 310.67
1944 256.00
1945 331.33
1946 366.67
1947 354.67
1948 217.33
1949 273.33
1950 351.33
1951 338.67
1952 337.33
1953 394.00
1954 266.67
1955 388.67
1956 358.00
1957 360.67
1958 402.67
1959 338.00
1960 280.67
1961 352.67
1962 412.00
1963 294.00
1964 352.00
1965 388.00
1966 414.00
1967 404.67
1968 286.00
1969 356.67
1970 304.67
1971 241.33
1972 428.67
1973 388.67
1974 258.67
1975 315.33
1976 414.67
1977 335.33
1978 388.67
1979 341.33
1980 458.67
1981 464.00
1982 340.00
1983 498.67
1984 228.67
1985 379.33
1986 376.67
1987 334.00
1988 304.00
1989 357.33
1990 444.67
1991 433.33
1992 197.33
1993 352.00
1994 379.33
1995 395.33
1996 313.33
1997 412.67
1998 482.00
1999 267.33
2000 268.00
2001 126.67
2002 293.33
2003 360.67
2004 358.00
2005 346.67
2006 249.33
2007 408.00
2008 416.00
2009 414.67
2010 208.00
2011 257.33
2012 215.33
2013 194.00
2014 351.33
2015 382.00
2016 365.33
2017 371.33
2018 292.67
2019 454.67
2020 436.00
2021 346.00
2022 382.67
2023 372.00
2024 370.00
2025 270.00
2026 365.33
2027 288.67
2028 330.67
2029 302.67
2030 316.00
2031 204.67
2032 351.33
2033 274.00
2034 284.00
2035 291.33
2036 445.33
2037 440.00
2038 331.33
2039 341.33
2040 341.33
2041 243.33
2042 330.67
2043 412.67
2044 300.00
2045 279.33
2046 304.00
2047 317.33
2048 199.33
2049 320.00
2050 471.33
2051 320.67
2052 455.33
2053 357.33
2054 458.67
2055 344.67
2056 338.67
2057 317.33
2058 414.67
2059 354.67
2060 428.67
2061 257.33
2062 442.00
2063 448.00
2064 376.67
2065 474.00
2066 410.00
2067 268.00
2068 381.33
2069 386.67
2070 221.33
2071 289.33
2072 320.67
2073 247.33
2074 362.00
2075 309.33
2076 378.00
2077 413.33
2078 478.00
2079 314.00
2080 394.00
2081 447.33
2082 338.00
2083 304.00
2084 260.67
2085 320.67
2086 322.00
2087 303.33
2088 196.00
2089 323.33
2090 384.00
2091 394.00
2092 348.00
2093 229.33
2094 328.00
2095 330.67
2096 378.00
2097 378.67
2098 322.67
2099 344.00
2100 471.33
2101 361.33
2102 365.33
2103 374.00
2104 259.33
2105 435.33
2106 387.33
2107 253.33
2108 291.33
2109 288.67
2110 342.00
2111 340.67
2112 292.67
2113 281.33
2114 314.67
2115 286.00
2116 325.33
2117 280.67
2118 454.00
2119 298.00
2120 371.33
2121 450.67
2122 296.67
2123 464.00
2124 254.67
2125 323.33
2126 464.67
2127 302.00
2128 285.33
2129 449.33
2130 356.00
2131 285.33
2132 474.00
2133 314.00
2134 326.00
2135 362.00
2136 429.33
2137 323.33
2138 160.00
2139 265.33
2140 266.67
2141 333.33
2142 391.33
2143 498.00
2144 430.00
2145 328.00
2146 416.00
2147 394.67
2148 376.67
2149 368.00
2150 381.33
2151 420.67
2152 232.00
2153 349.33
2154 390.00
2155 421.33
2156 468.00
2157 346.67
2158 347.33
2159 397.33
2160 400.00
2161 358.67
2162 374.67
2163 460.00
2164 379.33
2165 460.00
2166 500.00
2167 420.67
2168 434.00
2169 370.67
2170 392.00
2171 378.67
2172 260.67
2173 373.33
2174 303.33
2175 362.00
2176 322.67
2177 312.67
2178 446.67
2179 498.67
2180 188.67
2181 426.00
2182 390.00
2183 280.67
2184 498.67
2185 434.67
2186 400.67
2187 366.67
2188 420.67
2189 376.00
2190 356.00
2191 367.33
2192 240.67
2193 383.33
2194 430.00
2195 378.00
2196 194.00
2197 392.67
2198 378.67
2199 372.67
2200 200.00
2201 414.00
2202 180.00
2203 400.00
2204 447.33
2205 278.00
2206 266.00
2207 366.67
2208 446.67
2209 233.33
2210 420.00
2211 317.33
2212 406.67
2213 322.67
2214 289.33
2215 468.00
2216 346.00
2217 242.00
2218 421.33
2219 482.67
2220 276.67
2221 452.67
2222 428.00
2223 429.33
2224 364.00
2225 440.00
2226 336.00
2227 246.67
2228 378.00
2229 226.00
2230 397.33
2231 489.33
2232 390.00
2233 386.67
2234 395.33
2235 271.33
2236 334.00
2237 251.33
2238 388.00
2239 456.67
2240 382.67
2241 392.00
2242 314.00
2243 469.33
2244 401.33
2245 262.67
2246 330.67
2247 286.67
2248 326.00
2249 392.00
2250 458.67
2251 348.00
2252 444.00
2253 392.00
2254 385.33
2255 319.33
2256 402.00
2257 390.67
2258 358.67
2259 385.33
2260 376.67
2261 195.33
2262 392.00
2263 360.67
2264 394.00
2265 480.00
2266 376.00
2267 464.67
2268 358.67
2269 408.00
2270 346.67
2271 396.67
2272 220.00
2273 342.00
2274 427.33
2275 390.00
2276 374.67
2277 321.33
2278 366.67
2279 312.67
2280 200.67
2281 292.00
2282 369.33
2283 288.00
2284 382.00
2285 360.67
2286 447.33
2287 335.33
2288 239.33
2289 252.67
2290 320.00
2291 319.33
2292 382.67
2293 386.00
2294 324.00
2295 394.67
2296 383.33
2297 442.67
2298 302.00
2299 422.00
2300 302.67
2301 343.33
2302 343.33
2303 309.33
2304 316.00
2305 377.33
2306 387.33
2307 449.33
2308 444.67
2309 438.67
2310 273.33
2311 336.67
2312 373.33
2313 368.00
2314 334.00
2315 348.00
2316 318.00
2317 356.67
2318 302.67
2319 299.33
2320 332.67
2321 337.33
2322 380.67
2323 264.00
2324 347.33
2325 289.33
2326 378.67
2327 460.00
2328 347.33
2329 453.33
2330 368.67
2331 437.33
2332 429.33
2333 242.67
2334 436.67
2335 416.67
2336 295.33
2337 476.67
2338 328.00
2339 234.00
2340 356.67
2341 352.00
2342 500.00
2343 295.33
2344 230.67
2345 462.67
2346 286.67
2347 389.33
2348 360.00
2349 218.67
2350 393.33
2351 379.33
2352 224.67
2353 420.67
2354 460.00
2355 343.33
2356 386.67
2357 397.33
2358 346.67
2359 304.00
2360 408.67
2361 336.67
2362 434.67
2363 378.67
2364 370.00
2365 300.00
2366 427.33
2367 489.33
2368 413.33
2369 250.00
2370 333.33
2371 298.00
2372 282.67
2373 382.00
2374 372.00
2375 276.00
2376 310.00
2377 266.00
2378 314.67
2379 374.00
2380 468.67
2381 449.33
2382 372.00
2383 362.67
2384 367.33
2385 439.33
2386 240.00
2387 354.00
2388 426.67
2389 371.33
2390 440.67
2391 340.67
2392 424.00
2393 262.00
2394 431.33
2395 394.00
2396 378.67
2397 292.00
2398 282.67
2399 334.00
2400 496.00
2401 372.00
2402 276.00
2403 432.67
2404 420.00
2405 241.33
2406 440.00
2407 394.00
2408 418.67
2409 472.00
2410 384.00
2411 372.00
2412 403.33
2413 256.00
2414 382.00
2415 373.33
2416 340.00
2417 241.33
2418 317.33
2419 322.67
2420 398.67
2421 286.67
2422 370.67
2423 296.00
2424 307.33
2425 312.00
2426 396.67
2427 285.33
2428 328.67
2429 288.67
2430 334.00
2431 318.00
2432 383.33
2433 472.67
2434 472.67
2435 466.67
2436 389.33
2437 487.33
2438 384.00
2439 243.33
2440 415.33
2441 413.33
2442 367.33
2443 393.33
2444 472.00
2445 205.33
2446 458.00
2447 343.33
2448 374.67
2449 366.67
2450 379.33
2451 359.33
2452 361.33
2453 478.00
2454 343.33
2455 358.67
2456 403.33
2457 270.67
2458 472.67
2459 347.33
2460 394.00
2461 231.33
2462 198.67
2463 310.67
2464 400.00
2465 500.00
2466 370.67
2467 447.33
2468 410.00
2469 219.33
2470 343.33
2471 356.67
2472 209.33
2473 394.00
2474 326.67
2475 352.67
2476 331.33
2477 306.67
2478 443.33
2479 235.33
2480 300.67
2481 328.67
2482 460.67
2483 337.33
2484 384.00
2485 443.33
2486 419.33
2487 343.33
2488 399.33
2489 339.33
2490 363.33
2491 351.33
2492 416.67
2493 414.67
2494 362.67
2495 380.00
2496 314.67
2497 365.33
2498 348.67
2499 159.33
2500 264.67
2501 256.00
2502 180.67
2503 367.33
2504 328.67
2505 235.33
2506 268.00
2507 188.67
2508 275.33
2509 217.33
2510 386.00
2511 284.67
2512 236.67
2513 464.67
2514 272.67
2515 324.67
2516 497.33
2517 312.00
2518 415.33
2519 212.00
2520 325.33
2521 432.67
2522 243.33
2523 306.00
2524 446.67
2525 480.00
2526 346.67
2527 294.67
2528 437.33
2529 276.00
2530 272.67
2531 338.00
2532 339.33
2533 334.00
2534 350.00
2535 291.33
2536 358.67
2537 422.00
2538 458.00
2539 396.00
2540 254.67
2541 393.33
2542 283.33
2543 361.33
2544 393.33
2545 456.00
2546 402.67
2547 358.00
2548 250.67
2549 408.00
2550 363.33
2551 308.67
2552 400.00
2553 316.00
2554 383.33
2555 393.33
2556 416.67
2557 399.33
2558 356.67
2559 404.67
2560 271.33
2561 389.33
2562 392.00
2563 282.00
2564 268.67
2565 372.67
2566 383.33
2567 268.67
2568 355.33
2569 326.00
2570 398.67
2571 355.33
2572 356.00
2573 373.33
2574 339.33
2575 475.33
2576 377.33
2577 360.67
2578 379.33
2579 401.33
2580 429.33
2581 334.67
2582 375.33
2583 408.00
2584 364.00
2585 363.33
2586 379.33
2587 409.33
2588 314.67
2589 218.00
2590 367.33
2591 356.00
2592 346.67
2593 397.33
2594 266.00
2595 375.33
2596 322.00
2597 466.67
2598 466.00
2599 377.33
2600 400.00
2601 386.67
2602 246.67
2603 320.00
2604 393.33
2605 418.67
2606 426.67
2607 393.33
2608 300.00
2609 246.67
2610 356.00
2611 335.33
2612 496.67
2613 420.00
2614 403.33
2615 436.67
2616 220.00
2617 389.33
2618 256.67
2619 336.67
2620 348.00
2621 400.00
2622 418.67
2623 298.67
2624 421.33
2625 458.00
2626 382.67
2627 304.67
2628 429.33
2629 309.33
2630 264.67
2631 428.67
2632 429.33
2633 378.00
2634 354.00
2635 298.67
2636 317.33
2637 302.00
2638 227.33
2639 367.33
2640 470.67
2641 338.67
2642 364.00
2643 354.00
2644 449.33
2645 287.33
2646 399.33
2647 353.33
2648 304.00
2649 470.00
2650 310.00
2651 248.00
2652 292.00
2653 336.67
2654 470.00
2655 412.00
2656 340.00
2657 362.00
2658 396.67
2659 327.33
2660 428.67
2661 238.00
2662 254.00
2663 376.67
2664 399.33
2665 482.00
2666 178.67
2667 480.00
2668 350.67
2669 381.33
2670 356.67
2671 490.00
2672 293.33
2673 363.33
2674 324.67
2675 375.33
2676 242.67
2677 276.00
2678 302.67
2679 262.67
2680 214.67
2681 300.00
2682 387.33
2683 447.33
2684 240.00
2685 306.67
2686 332.67
2687 330.67
2688 346.67
2689 274.67
2690 388.67
2691 259.33
2692 304.00
2693 276.00
2694 328.00
2695 295.33
2696 266.00
2697 380.00
2698 352.67
2699 360.00
2700 288.67
2701 464.00
2702 333.33
2703 373.33
2704 390.00
2705 370.00
2706 340.67
2707 426.00
2708 291.33
2709 282.00
2710 371.33
2711 408.00
2712 330.00
2713 367.33
2714 500.00
2715 410.00
2716 436.67
2717 311.33
2718 421.33
2719 382.67
2720 303.33
2721 495.33
2722 384.00
2723 480.00
2724 236.00
2725 383.33
2726 388.00
2727 366.00
2728 427.33
2729 415.33
2730 287.33
2731 478.00
2732 480.00
2733 326.67
2734 346.67
2735 289.33
2736 430.00
2737 274.67
2738 415.33
2739 306.67
2740 367.33
2741 356.00
2742 384.00
2743 382.00
2744 393.33
2745 456.00
2746 414.67
2747 429.33
2748 312.67
2749 334.67
2750 474.67
2751 342.67
2752 434.00
2753 359.33
2754 257.33
2755 216.00
2756 496.67
2757 340.67
2758 384.00
2759 445.33
2760 356.00
2761 405.33
2762 438.67
2763 384.00
2764 310.00
2765 388.67
2766 340.00
2767 493.33
2768 355.33
2769 373.33
2770 376.00
2771 470.67
2772 402.67
2773 407.33
2774 335.33
2775 431.33
2776 420.00
2777 326.00
2778 401.33
2779 264.67
2780 462.67
2781 451.33
2782 406.67
2783 278.67
2784 429.33
2785 466.67
2786 296.00
2787 375.33
2788 369.33
2789 250.00
2790 296.67
2791 471.33
2792 407.33
2793 304.67
2794 370.67
2795 268.67
2796 338.00
2797 288.00
2798 293.33
2799 350.67
2800 465.33
2801 389.33
2802 362.67
2803 400.00
2804 420.00
2805 500.00
2806 280.00
2807 400.00
2808 330.67
2809 444.00
2810 253.33
2811 336.00
2812 324.00
2813 360.00
2814 380.00
2815 380.00
2816 349.33
2817 170.00
2818 340.00
2819 338.00
2820 334.00
2821 340.00
2822 318.67
2823 317.33
2824 341.33
2825 316.67
2826 341.33
2827 500.00
2828 296.67
2829 372.00
2830 379.33
2831 308.00
2832 238.67
2833 308.67
2834 394.00
2835 326.67
2836 350.00
2837 392.67
2838 458.67
2839 374.00
2840 474.67
2841 258.00
2842 311.33
2843 392.67
2844 322.67
2845 395.33
2846 228.00
2847 282.00
2848 426.00
2849 323.33
2850 424.00
2851 373.33
2852 359.33
2853 320.00
2854 338.67
2855 284.00
2856 149.33
2857 344.67
2858 336.67
2859 327.33
2860 320.00
2861 344.00
2862 294.67
2863 327.33
2864 338.00
2865 366.00
2866 356.00
2867 353.33
2868 403.33
2869 343.33
2870 348.67
2871 378.67
2872 410.00
2873 356.67
2874 228.00
2875 322.67
2876 375.33
2877 356.67
2878 250.00
2879 382.00
2880 324.67
2881 337.33
2882 327.33
2883 325.33
2884 410.67
2885 462.00
2886 381.33
2887 322.67
2888 345.33
2889 453.33
2890 227.33
2891 398.67
2892 323.33
2893 244.00
2894 363.33
2895 385.33
2896 306.67
2897 281.33
2898 301.33
2899 315.33
2900 376.67
2901 448.00
2902 314.00
2903 449.33
2904 433.33
2905 324.00
2906 381.33
2907 500.00
2908 259.33
2909 282.67
2910 367.33
2911 378.00
2912 254.00
2913 189.33
2914 397.33
2915 352.67
2916 440.67
2917 376.00
2918 242.00
2919 269.33
2920 367.33
2921 426.00
2922 368.67
2923 425.33
2924 419.33
2925 416.00
2926 304.00
2927 388.00
2928 324.67
2929 321.33
2930 281.33
2931 442.00
2932 476.67
2933 401.33
2934 318.00
2935 341.33
2936 234.67
2937 345.33
2938 370.67
2939 365.33
2940 355.33
2941 410.00
2942 386.00
2943 276.67
2944 361.33
2945 386.00
2946 233.33
2947 381.33
2948 282.00
2949 418.67
2950 370.00
2951 466.00
2952 412.67
2953 228.67
2954 404.67
2955 312.00
2956 472.67
2957 177.33
2958 343.33
2959 310.00
2960 337.33
2961 340.67
2962 387.33
2963 360.00
2964 365.33
2965 372.00
2966 270.00
2967 336.00
2968 348.67
2969 224.67
2970 284.00
2971 346.00
2972 366.00
2973 246.00
2974 236.00
2975 290.67
2976 262.00
2977 340.67
2978 258.00
2979 327.33
2980 254.67
2981 272.00
2982 334.67
2983 248.00
2984 316.67
2985 452.00
2986 420.67
2987 355.33
2988 470.00
2989 211.33
2990 56.00
2991 398.00
2992 464.00
2993 274.67
2994 412.00
2995 262.67
2996 359.33
2997 396.67
2998 304.00
2999 336.00
