0 142.67
1 258.67
2 184.00
3 249.33
4 252.67
5 270.00
6 226.67
7 172.67
8 180.67
9 176.00
10 186.00
11 256.67
12 196.67
13 186.67
14 236.67
15 186.00
16 180.00
17 274.00
18 194.00
19 169.33
20 180.00
21 181.33
22 174.00
23 208.67
24 273.33
25 184.67
26 148.00
27 174.67
28 255.33
29 188.00
30 189.33
31 178.67
32 229.33
33 191.33
34 222.67
35 194.00
36 197.33
37 193.33
38 178.00
39 170.67
40 174.67
41 165.33
42 188.67
43 221.33
44 178.00
45 169.33
46 194.67
47 240.67
48 265.33
49 258.00
50 224.00
51 189.33
52 172.67
53 202.00
54 184.67
55 188.00
56 253.33
57 174.00
58 177.33
59 232.00
60 254.00
61 266.00
62 209.33
63 169.33
64 178.67
65 196.67
66 188.67
67 322.67
68 175.33
69 256.00
70 198.67
71 345.33
72 176.67
73 252.00
74 218.67
75 181.33
76 199.33
77 346.00
78 182.67
79 258.67
80 174.67
81 184.67
82 182.00
83 190.00
84 182.00
85 193.33
86 200.67
87 182.67
88 215.33
89 175.33
90 172.00
91 198.67
92 204.00
93 182.00
94 234.00
95 199.33
96 286.67
97 221.33
98 216.00
99 179.33
100 253.33
101 196.00
102 166.00
103 198.00
104 350.67
105 225.33
106 220.67
107 195.33
108 174.00
109 221.33
110 210.67
111 199.33
112 186.00
113 195.33
114 190.00
115 265.33
116 331.33
117 196.00
118 242.00
119 196.00
120 206.00
121 174.00
122 194.67
123 192.00
124 222.00
125 282.67
126 175.33
127 268.67
128 186.67
129 230.00
130 290.67
131 190.00
132 194.67
133 184.67
134 178.67
135 186.00
136 206.67
137 184.00
138 193.33
139 195.33
140 180.67
141 272.67
142 208.67
143 200.67
144 190.67
145 176.00
146 211.33
147 172.67
148 180.67
149 216.67
150 256.00
151 193.33
152 196.67
153 196.67
154 178.00
155 188.00
156 334.67
157 196.00
158 214.00
159 217.33
160 257.33
161 197.33
162 300.00
163 306.00
164 199.33
165 191.33
166 192.67
167 312.67
168 188.67
169 191.33
170 186.00
171 185.33
172 210.00
173 229.33
174 273.33
175 308.67
176 198.00
177 180.67
178 207.33
179 277.33
180 204.00
181 271.33
182 274.00
183 172.00
184 210.00
185 276.00
186 186.00
187 323.33
188 229.33
189 210.67
190 214.00
191 185.33
192 167.33
193 185.33
194 197.33
195 248.00
196 296.67
197 236.00
198 177.33
199 301.33
200 404.67
201 446.67
202 252.00
203 446.00
204 408.67
205 408.67
206 429.33
207 474.00
208 238.67
209 229.33
210 249.33
211 258.00
212 249.33
213 235.33
214 271.33
215 478.00
216 232.00
217 230.67
218 240.67
219 232.00
220 469.33
221 236.00
222 238.67
223 274.67
224 349.33
225 249.33
226 236.00
227 227.33
228 378.00
229 465.33
230 376.00
231 234.67
232 230.67
233 234.00
234 306.00
235 231.33
236 236.00
237 228.67
238 420.00
239 433.33
240 234.67
241 233.33
242 339.33
243 228.67
244 418.67
245 231.33
246 236.00
247 236.00
248 226.67
249 233.33
250 242.00
251 232.00
252 253.33
253 224.67
254 250.67
255 228.67
256 290.00
257 244.67
258 234.67
259 217.33
260 232.00
261 237.33
262 246.00
263 228.00
264 244.67
265 240.00
266 290.00
267 338.00
268 286.67
269 340.00
270 291.33
271 230.67
272 225.33
273 236.67
274 393.33
275 238.00
276 241.33
277 264.67
278 290.67
279 376.00
280 239.33
281 252.67
282 364.00
283 450.00
284 403.33
285 231.33
286 226.67
287 271.33
288 252.00
289 238.67
290 234.67
291 421.33
292 241.33
293 339.33
294 256.67
295 246.00
296 230.00
297 223.33
298 378.67
299 404.00
300 235.33
301 254.67
302 422.00
303 429.33
304 266.00
305 382.67
306 335.33
307 240.67
308 404.00
309 304.67
310 232.67
311 346.00
312 228.67
313 255.33
314 224.00
315 357.33
316 235.33
317 264.00
318 216.67
319 234.67
320 332.67
321 236.67
322 364.67
323 236.67
324 253.33
325 232.67
326 253.33
327 218.67
328 221.33
329 211.33
330 295.33
331 359.33
332 242.67
333 359.33
334 231.33
335 224.67
336 266.00
337 381.33
338 228.00
339 229.33
340 334.00
341 246.67
342 227.33
343 278.00
344 325.33
345 248.67
346 243.33
347 247.33
348 312.00
349 355.33
350 299.33
351 238.67
352 238.67
353 244.00
354 313.33
355 322.67
356 375.33
357 252.00
358 216.67
359 360.00
360 216.67
361 229.33
362 226.00
363 211.33
364 215.33
365 226.00
366 248.00
367 377.33
368 244.67
369 230.67
370 228.00
371 252.00
372 340.00
373 363.33
374 274.00
375 230.00
376 239.33
377 226.67
378 232.00
379 238.00
380 230.00
381 256.00
382 252.67
383 225.33
384 232.00
385 210.00
386 241.33
387 228.00
388 294.00
389 249.33
390 223.33
391 213.33
392 201.33
393 338.67
394 315.33
395 228.67
396 329.33
397 216.00
398 238.00
399 262.00
400 244.00
401 218.67
402 223.33
403 230.00
404 320.67
405 234.67
406 246.00
407 256.67
408 230.67
409 236.67
410 239.33
411 216.67
412 207.33
413 176.67
414 215.33
415 200.00
416 197.33
417 232.00
418 204.67
419 192.00
420 260.67
421 240.00
422 261.33
423 276.67
424 240.67
425 300.67
426 251.33
427 308.00
428 227.33
429 290.67
430 241.33
431 288.67
432 241.33
433 236.67
434 230.67
435 220.00
436 220.67
437 242.00
438 274.00
439 238.00
440 216.00
441 228.67
442 249.33
443 221.33
444 237.33
445 251.33
446 204.00
447 252.67
448 260.00
449 244.67
450 280.00
451 250.67
452 247.33
453 234.67
454 265.33
455 240.67
456 272.67
457 289.33
458 261.33
459 326.67
460 265.33
461 224.67
462 275.33
463 322.00
464 251.33
465 328.67
466 256.67
467 234.67
468 246.00
469 262.67
470 258.67
471 248.00
472 249.33
473 249.33
474 298.67
475 290.67
476 220.67
477 277.33
478 260.67
479 268.67
480 242.67
481 243.33
482 231.33
483 230.00
484 268.00
485 220.00
486 286.67
487 301.33
488 228.67
489 244.00
490 229.33
491 278.00
492 280.00
493 230.00
494 256.00
495 237.33
496 282.67
497 289.33
498 326.00
499 277.33
500 243.33
501 237.33
502 251.33
503 281.33
504 250.00
505 242.67
506 250.00
507 240.00
508 233.33
509 222.67
510 321.33
511 268.67
512 263.33
513 237.33
514 282.67
515 294.00
516 272.00
517 253.33
518 251.33
519 236.67
520 265.33
521 277.33
522 244.00
523 267.33
524 334.67
525 323.33
526 307.33
527 314.00
528 232.67
529 307.33
530 246.00
531 356.67
532 250.67
533 245.33
534 240.67
535 260.67
536 308.67
537 237.33
538 288.67
539 231.33
540 237.33
541 306.00
542 238.00
543 254.67
544 240.67
545 310.67
546 236.67
547 230.00
548 259.33
549 345.33
550 246.00
551 261.33
552 305.33
553 314.67
554 264.00
555 237.33
556 248.00
557 232.00
558 264.00
559 252.00
560 250.00
561 259.33
562 228.67
563 236.00
564 276.00
565 272.67
566 256.67
567 235.33
568 276.67
569 242.67
570 292.00
571 272.67
572 242.67
573 249.33
574 244.67
575 319.33
576 240.00
577 252.00
578 310.67
579 324.67
580 238.00
581 258.67
582 228.00
583 290.00
584 250.00
585 229.33
586 274.67
587 272.67
588 342.67
589 286.67
590 261.33
591 249.33
592 228.67
593 233.33
594 266.67
595 240.00
596 268.00
597 310.67
598 268.67
599 238.67
600 238.00
601 374.00
602 324.00
603 291.33
604 426.00
605 288.67
606 276.00
607 270.67
608 253.33
609 272.00
610 365.33
611 262.00
612 307.33
613 349.33
614 248.00
615 270.00
616 246.00
617 250.00
618 264.67
619 285.33
620 350.67
621 270.67
622 299.33
623 280.00
624 281.33
625 303.33
626 243.33
627 371.33
628 368.00
629 274.00
630 367.33
631 263.33
632 310.67
633 298.00
634 350.67
635 306.67
636 259.33
637 420.67
638 346.67
639 344.00
640 289.33
641 297.33
642 399.33
643 277.33
644 293.33
645 274.00
646 460.00
647 259.33
648 385.33
649 304.67
650 254.00
651 293.33
652 408.67
653 304.00
654 269.33
655 284.00
656 251.33
657 284.00
658 304.00
659 287.33
660 316.00
661 296.00
662 292.67
663 270.00
664 273.33
665 269.33
666 289.33
667 322.00
668 284.00
669 270.00
670 250.00
671 265.33
672 270.67
673 245.33
674 342.00
675 444.67
676 304.00
677 297.33
678 272.00
679 286.67
680 283.33
681 266.00
682 384.00
683 366.67
684 296.00
685 288.00
686 392.67
687 314.00
688 261.33
689 290.67
690 463.33
691 434.67
692 279.33
693 312.00
694 321.33
695 280.67
696 308.00
697 272.67
698 378.00
699 399.33
700 262.00
701 302.67
702 301.33
703 262.67
704 279.33
705 312.00
706 300.00
707 271.33
708 282.67
709 273.33
710 308.67
711 298.00
712 279.33
713 278.67
714 396.67
715 282.67
716 274.00
717 388.00
718 252.67
719 274.00
720 288.67
721 244.67
722 274.67
723 364.00
724 322.00
725 266.67
726 262.67
727 457.33
728 265.33
729 308.00
730 297.33
731 376.00
732 394.00
733 395.33
734 408.67
735 372.00
736 322.67
737 277.33
738 288.67
739 333.33
740 284.67
741 306.00
742 276.67
743 416.67
744 285.33
745 417.33
746 323.33
747 409.33
748 270.00
749 281.33
750 302.67
751 403.33
752 294.00
753 288.00
754 289.33
755 265.33
756 396.67
757 307.33
758 288.00
759 319.33
760 289.33
761 249.33
762 284.67
763 271.33
764 272.67
765 274.00
766 314.00
767 276.00
768 264.67
769 265.33
770 431.33
771 301.33
772 249.33
773 413.33
774 306.67
775 256.67
776 284.00
777 302.00
778 266.67
779 300.67
780 338.00
781 456.67
782 292.00
783 278.67
784 264.67
785 266.67
786 274.00
787 261.33
788 326.67
789 390.00
790 270.67
791 298.67
792 288.00
793 261.33
794 282.67
795 276.00
796 360.67
797 314.00
798 258.67
799 274.00
800 246.00
801 247.33
802 276.00
803 266.00
804 349.33
805 408.67
806 270.00
807 330.00
808 430.00
809 340.67
810 257.33
811 262.00
812 256.00
813 241.33
814 259.33
815 292.00
816 265.33
817 224.67
818 282.00
819 278.00
820 270.67
821 235.33
822 443.33
823 309.33
824 292.00
825 245.33
826 317.33
827 259.33
828 334.00
829 308.67
830 264.67
831 345.33
832 442.67
833 298.00
834 311.33
835 244.00
836 346.67
837 280.67
838 286.67
839 262.67
840 368.67
841 297.33
842 279.33
843 258.00
844 390.67
845 222.00
846 286.67
847 330.67
848 315.33
849 280.67
850 296.67
851 286.67
852 310.67
853 281.33
854 331.33
855 251.33
856 261.33
857 273.33
858 320.67
859 302.67
860 279.33
861 275.33
862 289.33
863 298.67
864 323.33
865 279.33
866 253.33
867 261.33
868 290.67
869 298.00
870 341.33
871 258.67
872 227.33
873 391.33
874 270.67
875 257.33
876 308.67
877 326.00
878 250.00
879 284.00
880 290.00
881 308.00
882 270.67
883 344.00
884 373.33
885 269.33
886 251.33
887 286.00
888 274.00
889 319.33
890 310.67
891 254.00
892 437.33
893 332.67
894 285.33
895 249.33
896 344.00
897 278.67
898 321.33
899 340.00
900 412.00
901 252.00
902 293.33
903 257.33
904 268.00
905 273.33
906 312.67
907 406.67
908 262.00
909 400.67
910 417.33
911 266.67
912 252.67
913 406.67
914 292.00
915 248.00
916 315.33
917 271.33
918 308.00
919 328.00
920 302.67
921 340.00
922 346.00
923 290.00
924 397.33
925 432.00
926 302.67
927 259.33
928 400.00
929 266.67
930 304.67
931 284.00
932 344.67
933 411.33
934 322.00
935 268.00
936 372.67
937 302.67
938 307.33
939 262.67
940 307.33
941 288.67
942 430.67
943 278.67
944 290.67
945 306.67
946 384.67
947 302.67
948 328.00
949 412.67
950 376.00
951 282.00
952 408.00
953 393.33
954 350.00
955 308.67
956 360.67
957 443.33
958 353.33
959 367.33
960 336.67
961 261.33
962 420.00
963 450.67
964 427.33
965 286.67
966 327.33
967 273.33
968 294.00
969 334.67
970 320.67
971 244.67
972 340.67
973 277.33
974 319.33
975 322.00
976 436.67
977 299.33
978 430.67
979 282.67
980 262.00
981 334.67
982 288.00
983 308.67
984 336.67
985 315.33
986 296.00
987 330.67
988 433.33
989 352.00
990 360.67
991 352.00
992 336.00
993 352.67
994 304.00
995 374.67
996 277.33
997 281.33
998 357.33
999 304.00
1000 336.67
1001 371.33
1002 355.33
1003 313.33
1004 332.00
1005 314.67
1006 463.33
1007 332.67
1008 337.33
1009 293.33
1010 326.00
1011 289.33
1012 342.67
1013 328.00
1014 278.00
1015 324.00
1016 318.67
1017 442.67
1018 319.33
1019 316.00
1020 312.67
1021 312.00
1022 308.00
1023 383.33
1024 328.00
1025 325.33
1026 344.00
1027 325.33
1028 295.33
1029 434.00
1030 305.33
1031 470.67
1032 459.33
1033 324.00
1034 340.67
1035 300.67
1036 316.67
1037 305.33
1038 306.00
1039 406.00
1040 318.00
1041 330.00
1042 308.67
1043 318.67
1044 311.33
1045 315.33
1046 289.33
1047 320.00
1048 300.67
1049 323.33
1050 306.67
1051 284.67
1052 270.00
1053 325.33
1054 338.67
1055 302.67
1056 414.00
1057 334.67
1058 289.33
1059 304.00
1060 261.33
1061 288.67
1062 392.67
1063 328.67
1064 456.67
1065 319.33
1066 381.33
1067 292.67
1068 289.33
1069 322.00
1070 382.67
1071 301.33
1072 392.67
1073 303.33
1074 345.33
1075 338.00
1076 344.67
1077 279.33
1078 328.67
1079 372.00
1080 300.67
1081 314.67
1082 317.33
1083 296.67
1084 452.00
1085 310.67
1086 356.67
1087 346.00
1088 347.33
1089 416.00
1090 322.67
1091 330.00
1092 321.33
1093 323.33
1094 470.00
1095 316.00
1096 345.33
1097 305.33
1098 309.33
1099 308.00
1100 302.00
1101 318.67
1102 310.67
1103 281.33
1104 356.67
1105 286.00
1106 429.33
1107 460.67
1108 318.67
1109 322.00
1110 320.00
1111 329.33
1112 374.67
1113 287.33
1114 367.33
1115 300.00
1116 478.00
1117 292.67
1118 338.00
1119 330.67
1120 312.00
1121 358.00
1122 361.33
1123 319.33
1124 319.33
1125 281.33
1126 365.33
1127 438.00
1128 314.00
1129 316.00
1130 336.67
1131 323.33
1132 307.33
1133 360.67
1134 334.00
1135 462.67
1136 314.00
1137 426.00
1138 328.00
1139 306.00
1140 372.00
1141 333.33
1142 323.33
1143 437.33
1144 312.67
1145 333.33
1146 283.33
1147 314.00
1148 336.67
1149 462.00
1150 328.00
1151 308.67
1152 275.33
1153 338.67
1154 339.33
1155 373.33
1156 357.33
1157 322.00
1158 381.33
1159 336.00
1160 452.67
1161 338.00
1162 394.67
1163 322.67
1164 314.00
1165 340.00
1166 328.00
1167 315.33
1168 393.33
1169 334.67
1170 333.33
1171 321.33
1172 348.00
1173 363.33
1174 338.67
1175 307.33
1176 324.67
1177 363.33
1178 298.00
1179 346.67
1180 316.67
1181 445.33
1182 325.33
1183 299.33
1184 306.00
1185 347.33
1186 332.00
1187 334.67
1188 339.33
1189 444.00
1190 394.00
1191 399.33
1192 348.67
1193 314.00
1194 299.33
1195 319.33
1196 284.67
1197 302.00
1198 319.33
1199 314.67
1200 300.00
1201 322.00
1202 305.33
1203 352.67
1204 404.67
1205 316.67
1206 410.00
1207 276.00
1208 390.00
1209 336.67
1210 367.33
1211 320.67
1212 280.67
1213 354.00
1214 326.67
1215 397.33
1216 374.67
1217 353.33
1218 300.67
1219 337.33
1220 351.33
1221 317.33
1222 311.33
1223 327.33
1224 317.33
1225 292.67
1226 310.67
1227 274.67
1228 304.00
1229 325.33
1230 296.67
1231 403.33
1232 312.00
1233 384.00
1234 384.67
1235 308.00
1236 447.33
1237 309.33
1238 410.67
1239 288.00
1240 316.67
1241 316.00
1242 330.00
1243 332.00
1244 355.33
1245 326.00
1246 360.67
1247 269.33
1248 325.33
1249 338.00
1250 287.33
1251 292.67
1252 370.00
1253 275.33
1254 389.33
1255 312.67
1256 320.67
1257 450.67
1258 293.33
1259 366.67
1260 311.33
1261 366.00
1262 310.00
1263 300.00
1264 326.00
1265 304.67
1266 340.67
1267 356.67
1268 288.00
1269 306.00
1270 331.33
1271 273.33
1272 268.00
1273 441.33
1274 316.00
1275 338.00
1276 294.00
1277 278.67
1278 326.67
1279 301.33
1280 376.00
1281 416.67
1282 341.33
1283 381.33
1284 399.33
1285 290.00
1286 267.33
1287 370.67
1288 324.67
1289 440.00
1290 326.00
1291 316.67
1292 318.00
1293 314.00
1294 362.00
1295 460.00
1296 269.33
1297 341.33
1298 300.00
1299 311.33
1300 313.33
1301 364.67
1302 378.00
1303 326.00
1304 394.00
1305 315.33
1306 320.67
1307 336.67
1308 434.67
1309 322.67
1310 318.00
1311 390.67
1312 284.67
1313 309.33
1314 333.33
1315 406.00
1316 354.67
1317 330.67
1318 356.67
1319 347.33
1320 322.00
1321 312.67
1322 330.67
1323 305.33
1324 370.00
1325 310.00
1326 376.00
1327 398.67
1328 455.33
1329 358.00
1330 372.67
1331 374.67
1332 344.67
1333 338.67
1334 371.33
1335 357.33
1336 307.33
1337 294.67
1338 424.67
1339 334.00
1340 292.00
1341 341.33
1342 326.67
1343 346.00
1344 310.00
1345 294.67
1346 359.33
1347 305.33
1348 310.00
1349 322.00
1350 314.00
1351 318.67
1352 354.67
1353 260.67
1354 297.33
1355 471.33
1356 291.33
1357 302.67
1358 386.67
1359 338.00
1360 312.67
1361 333.33
1362 340.67
1363 350.00
1364 294.00
1365 372.67
1366 382.00
1367 311.33
1368 357.33
1369 299.33
1370 388.67
1371 341.33
1372 337.33
1373 367.33
1374 306.00
1375 385.33
1376 336.67
1377 338.00
1378 466.00
1379 402.67
1380 320.67
1381 361.33
1382 348.00
1383 344.67
1384 302.00
1385 382.00
1386 335.33
1387 341.33
1388 434.67
1389 270.67
1390 370.00
1391 386.67
1392 338.67
1393 301.33
1394 284.67
1395 302.00
1396 341.33
1397 384.67
1398 390.67
1399 336.67
1400 402.67
1401 384.67
1402 360.00
1403 414.67
1404 400.00
1405 342.00
1406 341.33
1407 322.00
1408 347.33
1409 344.67
1410 362.67
1411 319.33
1412 332.67
1413 332.00
1414 324.00
1415 352.00
1416 321.33
1417 348.00
1418 364.00
1419 350.00
1420 430.67
1421 335.33
1422 312.67
1423 323.33
1424 335.33
1425 315.33
1426 392.00
1427 347.33
1428 357.33
1429 330.00
1430 375.33
1431 378.67
1432 312.67
1433 292.67
1434 295.33
1435 338.67
1436 412.00
1437 314.67
1438 323.33
1439 320.67
1440 290.67
1441 310.67
1442 350.67
1443 340.00
1444 393.33
1445 312.67
1446 424.00
1447 417.33
1448 297.33
1449 293.33
1450 368.67
1451 301.33
1452 326.67
1453 349.33
1454 293.33
1455 294.00
1456 286.00
1457 362.67
1458 318.00
1459 388.00
1460 322.67
1461 286.67
1462 290.00
1463 395.33
1464 386.67
1465 373.33
1466 334.67
1467 332.67
1468 371.33
1469 442.67
1470 456.00
1471 310.00
1472 335.33
1473 366.00
1474 308.67
1475 314.00
1476 351.33
1477 440.00
1478 314.67
1479 340.67
1480 348.00
1481 284.67
1482 337.33
1483 310.00
1484 342.67
1485 349.33
1486 442.00
1487 338.00
1488 485.33
1489 346.00
1490 377.33
1491 352.67
1492 326.67
1493 471.33
1494 430.00
1495 364.00
1496 480.00
1497 364.67
1498 303.33
1499 310.00
1500 454.00
1501 377.33
1502 330.67
1503 337.33
1504 352.67
1505 424.00
1506 281.33
1507 406.67
1508 367.33
1509 329.33
1510 409.33
1511 392.67
1512 320.67
1513 408.67
1514 300.00
1515 376.67
1516 414.00
1517 426.00
1518 312.67
1519 422.67
1520 374.00
1521 280.67
1522 309.33
1523 349.33
1524 422.00
1525 438.67
1526 308.67
1527 408.67
1528 317.33
1529 280.67
1530 278.00
1531 360.00
1532 325.33
1533 475.33
1534 314.67
1535 332.00
1536 348.00
1537 304.67
1538 400.00
1539 292.67
1540 342.00
1541 356.67
1542 327.33
1543 360.67
1544 338.67
1545 315.33
1546 328.00
1547 334.00
1548 435.33
1549 326.00
1550 424.67
1551 460.67
1552 294.67
1553 318.67
1554 346.00
1555 310.00
1556 302.00
1557 350.00
1558 310.00
1559 350.00
1560 320.00
1561 309.33
1562 384.00
1563 369.33
1564 289.33
1565 446.00
1566 348.67
1567 341.33
1568 242.67
1569 303.33
1570 398.67
1571 407.33
1572 360.67
1573 303.33
1574 351.33
1575 371.33
1576 303.33
1577 315.33
1578 320.00
1579 278.67
1580 354.67
1581 358.00
1582 342.67
1583 341.33
1584 378.00
1585 330.00
1586 308.00
1587 452.67
1588 316.67
1589 389.33
1590 291.33
1591 301.33
1592 356.67
1593 325.33
1594 349.33
1595 380.00
1596 409.33
1597 342.67
1598 346.00
1599 257.33
1600 374.00
1601 364.67
1602 380.67
1603 370.00
1604 448.67
1605 313.33
1606 304.67
1607 320.00
1608 295.33
1609 400.67
1610 359.33
1611 319.33
1612 350.67
1613 312.00
1614 330.67
1615 363.33
1616 257.33
1617 361.33
1618 378.00
1619 341.33
1620 342.67
1621 362.00
1622 317.33
1623 380.00
1624 304.00
1625 306.00
1626 325.33
1627 297.33
1628 417.33
1629 320.00
1630 358.00
1631 286.67
1632 317.33
1633 213.33
1634 352.00
1635 328.00
1636 362.67
1637 384.00
1638 302.67
1639 279.33
1640 318.00
1641 327.33
1642 314.00
1643 258.67
1644 330.67
1645 374.00
1646 322.00
1647 360.00
1648 319.33
1649 358.00
1650 370.00
1651 314.00
1652 303.33
1653 300.67
1654 342.67
1655 430.00
1656 330.00
1657 348.67
1658 348.00
1659 430.00
1660 306.00
1661 270.00
1662 316.00
1663 381.33
1664 362.67
1665 296.67
1666 308.67
1667 378.00
1668 316.00
1669 306.00
1670 370.00
1671 314.67
1672 284.67
1673 312.67
1674 292.00
1675 347.33
1676 344.00
1677 316.67
1678 323.33
1679 411.33
1680 330.00
1681 300.67
1682 332.00
1683 360.67
1684 304.00
1685 344.00
1686 322.00
1687 298.67
1688 318.00
1689 447.33
1690 433.33
1691 341.33
1692 306.67
1693 348.00
1694 333.33
1695 303.33
1696 388.00
1697 264.00
1698 364.00
1699 306.67
1700 352.00
1701 334.00
1702 303.33
1703 272.67
1704 436.00
1705 306.67
1706 297.33
1707 408.67
1708 423.33
1709 334.67
1710 271.33
1711 310.67
1712 346.67
1713 274.67
1714 368.00
1715 329.33
1716 318.00
1717 327.33
1718 354.00
1719 330.00
1720 278.00
1721 345.33
1722 331.33
1723 342.67
1724 290.00
1725 400.67
1726 404.00
1727 342.00
1728 298.67
1729 369.33
1730 335.33
1731 442.67
1732 308.67
1733 317.33
1734 314.00
1735 316.00
1736 374.00
1737 416.00
1738 293.33
1739 317.33
1740 405.33
1741 428.67
1742 458.00
1743 316.67
1744 300.67
1745 322.67
1746 445.33
1747 340.67
1748 320.67
1749 297.33
1750 352.67
1751 347.33
1752 411.33
1753 367.33
1754 320.67
1755 450.67
1756 340.00
1757 454.00
1758 314.67
1759 383.33
1760 390.67
1761 321.33
1762 325.33
1763 417.33
1764 368.00
1765 330.00
1766 355.33
1767 335.33
1768 416.67
1769 377.33
1770 363.33
1771 327.33
1772 380.00
1773 319.33
1774 363.33
1775 315.33
1776 314.67
1777 249.33
1778 379.33
1779 358.00
1780 350.00
1781 321.33
1782 303.33
1783 318.00
1784 327.33
1785 384.67
1786 305.33
1787 314.67
1788 346.67
1789 301.33
1790 282.67
1791 398.67
1792 311.33
1793 294.67
1794 336.00
1795 280.00
1796 289.33
1797 333.33
1798 402.00
1799 307.33
1800 469.33
1801 376.67
1802 306.00
1803 370.00
1804 333.33
1805 260.00
1806 293.33
1807 295.33
1808 371.33
1809 426.00
1810 309.33
1811 307.33
1812 299.33
1813 301.33
1814 450.00
1815 268.67
1816 317.33
1817 335.33
1818 314.00
1819 354.00
1820 261.33
1821 318.67
1822 327.33
1823 310.67
1824 266.67
1825 417.33
1826 312.00
1827 408.67
1828 272.00
1829 346.00
1830 316.00
1831 356.00
1832 280.67
1833 447.33
1834 270.67
1835 329.33
1836 422.00
1837 289.33
1838 444.67
1839 285.33
1840 329.33
1841 289.33
1842 450.00
1843 300.67
1844 364.00
1845 390.00
1846 440.00
1847 326.00
1848 292.00
1849 304.00
1850 296.00
1851 344.67
1852 278.67
1853 325.33
1854 334.00
1855 404.00
1856 250.67
1857 403.33
1858 314.00
1859 468.67
1860 306.00
1861 326.67
1862 323.33
1863 301.33
1864 380.67
1865 310.00
1866 441.33
1867 330.67
1868 274.00
1869 348.67
1870 335.33
1871 383.33
1872 387.33
1873 334.67
1874 473.33
1875 344.67
1876 472.00
1877 294.00
1878 303.33
1879 347.33
1880 357.33
1881 310.00
1882 422.67
1883 435.33
1884 340.67
1885 364.00
1886 364.00
1887 267.33
1888 358.00
1889 305.33
1890 308.00
1891 308.00
1892 292.00
1893 372.67
1894 344.67
1895 351.33
1896 337.33
1897 341.33
1898 352.00
1899 290.67
1900 453.33
1901 302.67
1902 294.00
1903 346.67
1904 332.00
1905 348.00
1906 450.00
1907 310.67
1908 401.33
1909 329.33
1910 456.00
1911 446.00
1912 311.33
1913 264.67
1914 306.00
1915 387.33
1916 451.33
1917 313.33
1918 350.00
1919 318.00
1920 352.00
1921 314.67
1922 319.33
1923 362.67
1924 274.67
1925 338.67
1926 310.00
1927 324.00
1928 376.00
1929 306.00
1930 421.33
1931 315.33
1932 423.33
1933 346.00
1934 398.00
1935 454.67
1936 294.00
1937 281.33
1938 375.33
1939 429.33
1940 425.33
1941 445.33
1942 412.00
1943 348.00
1944 379.33
1945 373.33
1946 294.67
1947 358.67
1948 328.67
1949 355.33
1950 301.33
1951 360.00
1952 316.67
1953 256.67
1954 291.33
1955 311.33
1956 308.67
1957 346.67
1958 385.33
1959 366.67
1960 257.33
1961 308.67
1962 337.33
1963 297.33
1964 294.67
1965 288.67
1966 307.33
1967 357.33
1968 356.67
1969 289.33
1970 270.00
1971 278.67
1972 362.00
1973 286.67
1974 358.00
1975 325.33
1976 356.00
1977 299.33
1978 371.33
1979 283.33
1980 317.33
1981 297.33
1982 384.00
1983 369.33
1984 322.67
1985 424.00
1986 289.33
1987 348.00
1988 317.33
1989 312.00
1990 324.67
1991 364.00
1992 359.33
1993 342.67
1994 300.67
1995 350.67
1996 406.67
1997 290.67
1998 434.67
1999 356.67
2000 345.33
2001 298.00
2002 379.33
2003 348.00
2004 406.00
2005 454.00
2006 374.00
2007 374.00
2008 306.00
2009 428.00
2010 312.00
2011 322.67
2012 359.33
2013 317.33
2014 381.33
2015 383.33
2016 306.00
2017 324.00
2018 312.67
2019 329.33
2020 404.00
2021 314.67
2022 302.00
2023 380.67
2024 316.00
2025 260.67
2026 322.67
2027 318.67
2028 283.33
2029 319.33
2030 299.33
2031 316.67
2032 444.67
2033 289.33
2034 289.33
2035 353.33
2036 336.00
2037 382.67
2038 315.33
2039 332.67
2040 302.67
2041 350.67
2042 337.33
2043 302.67
2044 323.33
2045 404.67
2046 450.67
2047 370.67
2048 328.67
2049 358.67
2050 388.67
2051 312.67
2052 409.33
2053 402.67
2054 312.67
2055 303.33
2056 389.33
2057 288.67
2058 400.00
2059 330.67
2060 332.00
2061 461.33
2062 314.67
2063 413.33
2064 340.67
2065 310.00
2066 344.00
2067 294.67
2068 353.33
2069 323.33
2070 284.67
2071 292.67
2072 358.00
2073 427.33
2074 344.00
2075 308.67
2076 360.00
2077 300.00
2078 337.33
2079 348.00
2080 328.67
2081 312.00
2082 308.00
2083 320.67
2084 320.00
2085 312.00
2086 315.33
2087 339.33
2088 280.00
2089 390.67
2090 317.33
2091 341.33
2092 312.00
2093 332.00
2094 450.00
2095 403.33
2096 339.33
2097 344.00
2098 294.00
2099 368.00
2100 333.33
2101 321.33
2102 423.33
2103 422.67
2104 333.33
2105 304.00
2106 370.67
2107 302.00
2108 326.67
2109 368.00
2110 338.00
2111 358.67
2112 290.00
2113 318.00
2114 287.33
2115 424.67
2116 316.00
2117 339.33
2118 359.33
2119 303.33
2120 320.00
2121 463.33
2122 313.33
2123 263.33
2124 388.67
2125 420.67
2126 425.33
2127 332.00
2128 405.33
2129 337.33
2130 341.33
2131 306.00
2132 301.33
2133 356.00
2134 318.67
2135 338.00
2136 352.00
2137 452.00
2138 307.33
2139 312.00
2140 325.33
2141 369.33
2142 387.33
2143 464.67
2144 286.00
2145 364.00
2146 296.00
2147 320.67
2148 316.00
2149 414.67
2150 468.00
2151 295.33
2152 339.33
2153 426.67
2154 375.33
2155 457.33
2156 327.33
2157 360.67
2158 292.00
2159 436.00
2160 380.00
2161 318.67
2162 308.67
2163 388.00
2164 316.00
2165 268.00
2166 300.00
2167 365.33
2168 312.67
2169 380.67
2170 294.00
2171 308.67
2172 450.00
2173 364.67
2174 302.67
2175 364.00
2176 376.00
2177 280.67
2178 314.67
2179 456.00
2180 458.67
2181 402.00
2182 364.00
2183 311.33
2184 398.00
2185 368.00
2186 359.33
2187 381.33
2188 320.00
2189 360.67
2190 356.67
2191 292.00
2192 332.67
2193 439.33
2194 376.00
2195 430.67
2196 297.33
2197 326.00
2198 296.67
2199 284.00
2200 194.67
2201 406.00
2202 379.33
2203 410.67
2204 308.67
2205 342.67
2206 232.67
2207 326.00
2208 288.00
2209 315.33
2210 340.67
2211 306.67
2212 307.33
2213 316.67
2214 445.33
2215 331.33
2216 322.00
2217 314.67
2218 313.33
2219 274.00
2220 304.00
2221 406.00
2222 301.33
2223 420.00
2224 315.33
2225 290.67
2226 427.33
2227 431.33
2228 366.67
2229 428.67
2230 324.67
2231 316.67
2232 290.00
2233 298.67
2234 306.00
2235 360.00
2236 368.67
2237 293.33
2238 390.67
2239 416.00
2240 424.67
2241 414.00
2242 446.00
2243 340.67
2244 344.00
2245 386.67
2246 352.00
2247 362.67
2248 456.00
2249 448.67
2250 317.33
2251 286.00
2252 326.67
2253 310.67
2254 302.00
2255 353.33
2256 358.00
2257 369.33
2258 312.67
2259 326.00
2260 306.00
2261 315.33
2262 433.33
2263 440.67
2264 345.33
2265 311.33
2266 271.33
2267 349.33
2268 319.33
2269 408.67
2270 268.67
2271 360.67
2272 295.33
2273 322.67
2274 286.00
2275 327.33
2276 310.67
2277 309.33
2278 311.33
2279 276.67
2280 308.00
2281 366.00
2282 365.33
2283 278.67
2284 316.00
2285 295.33
2286 362.00
2287 384.67
2288 314.67
2289 312.00
2290 292.00
2291 340.67
2292 328.67
2293 423.33
2294 307.33
2295 311.33
2296 358.00
2297 470.67
2298 287.33
2299 301.33
2300 298.67
2301 328.00
2302 289.33
2303 407.33
2304 411.33
2305 368.00
2306 294.00
2307 268.67
2308 290.00
2309 312.00
2310 383.33
2311 299.33
2312 294.00
2313 350.00
2314 319.33
2315 363.33
2316 282.67
2317 406.67
2318 446.67
2319 342.67
2320 376.67
2321 339.33
2322 320.67
2323 413.33
2324 290.67
2325 337.33
2326 402.67
2327 331.33
2328 366.00
2329 425.33
2330 440.00
2331 372.00
2332 390.00
2333 363.33
2334 278.67
2335 303.33
2336 400.00
2337 298.67
2338 366.00
2339 306.00
2340 299.33
2341 369.33
2342 300.00
2343 441.33
2344 320.00
2345 289.33
2346 290.00
2347 326.00
2348 286.00
2349 308.00
2350 436.67
2351 296.67
2352 430.67
2353 304.67
2354 304.00
2355 395.33
2356 314.67
2357 348.00
2358 360.00
2359 374.00
2360 294.00
2361 359.33
2362 332.00
2363 316.67
2364 310.67
2365 317.33
2366 328.00
2367 410.67
2368 330.00
2369 310.67
2370 306.67
2371 395.33
2372 341.33
2373 360.00
2374 398.00
2375 382.00
2376 332.67
2377 402.00
2378 340.00
2379 426.00
2380 315.33
2381 422.00
2382 331.33
2383 431.33
2384 292.67
2385 309.33
2386 296.00
2387 322.00
2388 330.67
2389 312.67
2390 345.33
2391 262.67
2392 296.00
2393 318.00
2394 395.33
2395 340.67
2396 377.33
2397 418.00
2398 316.67
2399 430.67
2400 355.33
2401 468.00
2402 376.00
2403 342.67
2404 314.00
2405 412.67
2406 442.00
2407 405.33
2408 303.33
2409 317.33
2410 304.00
2411 315.33
2412 335.33
2413 326.00
2414 434.00
2415 366.00
2416 383.33
2417 308.67
2418 312.00
2419 431.33
2420 306.67
2421 323.33
2422 469.33
2423 332.00
2424 302.00
2425 357.33
2426 356.67
2427 331.33
2428 430.67
2429 419.33
2430 402.00
2431 312.67
2432 314.00
2433 455.33
2434 340.00
2435 387.33
2436 303.33
2437 290.00
2438 321.33
2439 309.33
2440 316.67
2441 354.67
2442 296.00
2443 288.67
2444 403.33
2445 411.33
2446 331.33
2447 324.00
2448 310.00
2449 347.33
2450 349.33
2451 396.00
2452 310.67
2453 300.67
2454 316.67
2455 432.00
2456 362.00
2457 304.67
2458 362.67
2459 301.33
2460 391.33
2461 303.33
2462 351.33
2463 304.00
2464 326.67
2465 303.33
2466 314.67
2467 307.33
2468 318.67
2469 328.67
2470 442.00
2471 298.67
2472 326.00
2473 347.33
2474 378.67
2475 296.00
2476 336.00
2477 319.33
2478 273.33
2479 290.00
2480 344.67
2481 280.00
2482 328.00
2483 347.33
2484 331.33
2485 311.33
2486 385.33
2487 294.67
2488 326.67
2489 309.33
2490 284.67
2491 324.67
2492 300.00
2493 336.67
2494 324.00
2495 286.00
2496 292.67
2497 307.33
2498 346.00
2499 310.00
2500 279.33
2501 256.67
2502 284.00
2503 312.00
2504 423.33
2505 341.33
2506 298.00
2507 293.33
2508 282.67
2509 442.00
2510 262.67
2511 315.33
2512 315.33
2513 325.33
2514 359.33
2515 372.67
2516 410.00
2517 308.00
2518 427.33
2519 399.33
2520 350.67
2521 313.33
2522 284.67
2523 322.67
2524 304.00
2525 312.67
2526 441.33
2527 308.00
2528 299.33
2529 326.00
2530 308.67
2531 323.33
2532 348.00
2533 292.00
2534 438.00
2535 342.00
2536 360.67
2537 335.33
2538 269.33
2539 303.33
2540 273.33
2541 303.33
2542 441.33
2543 390.00
2544 370.67
2545 349.33
2546 352.67
2547 308.00
2548 308.67
2549 454.00
2550 311.33
2551 394.00
2552 357.33
2553 468.67
2554 353.33
2555 306.00
2556 310.67
2557 350.00
2558 315.33
2559 332.00
2560 281.33
2561 367.33
2562 290.00
2563 391.33
2564 429.33
2565 316.00
2566 336.00
2567 352.00
2568 364.67
2569 418.00
2570 417.33
2571 430.00
2572 432.67
2573 375.33
2574 328.67
2575 342.67
2576 351.33
2577 330.67
2578 342.67
2579 375.33
2580 336.67
2581 406.67
2582 358.67
2583 268.00
2584 364.67
2585 350.67
2586 356.67
2587 298.00
2588 332.67
2589 338.67
2590 301.33
2591 311.33
2592 288.67
2593 446.67
2594 418.67
2595 293.33
2596 345.33
2597 322.67
2598 273.33
2599 320.00
2600 330.00
2601 298.67
2602 336.67
2603 331.33
2604 454.00
2605 345.33
2606 437.33
2607 305.33
2608 361.33
2609 344.67
2610 315.33
2611 264.67
2612 316.00
2613 373.33
2614 264.00
2615 302.00
2616 283.33
2617 315.33
2618 430.67
2619 344.00
2620 339.33
2621 406.00
2622 302.67
2623 340.67
2624 426.00
2625 316.67
2626 388.67
2627 328.00
2628 411.33
2629 413.33
2630 372.67
2631 308.67
2632 408.00
2633 433.33
2634 318.67
2635 400.00
2636 331.33
2637 289.33
2638 278.00
2639 273.33
2640 307.33
2641 366.67
2642 329.33
2643 448.00
2644 352.00
2645 412.67
2646 326.67
2647 336.67
2648 286.00
2649 364.00
2650 287.33
2651 308.00
2652 418.67
2653 314.00
2654 407.33
2655 433.33
2656 342.67
2657 386.67
2658 423.33
2659 434.67
2660 338.00
2661 374.00
2662 436.00
2663 293.33
2664 298.00
2665 346.00
2666 297.33
2667 352.67
2668 366.67
2669 316.00
2670 338.67
2671 369.33
2672 310.00
2673 343.33
2674 294.00
2675 308.00
2676 330.00
2677 463.33
2678 285.33
2679 286.00
2680 267.33
2681 430.00
2682 319.33
2683 311.33
2684 320.00
2685 318.00
2686 449.33
2687 459.33
2688 310.00
2689 436.00
2690 306.67
2691 302.00
2692 346.67
2693 281.33
2694 324.67
2695 337.33
2696 352.00
2697 381.33
2698 380.00
2699 274.67
2700 412.00
2701 365.33
2702 290.00
2703 300.00
2704 333.33
2705 415.33
2706 388.67
2707 344.67
2708 351.33
2709 326.67
2710 437.33
2711 320.00
2712 316.00
2713 298.67
2714 310.67
2715 296.00
2716 286.00
2717 422.00
2718 314.67
2719 343.33
2720 414.00
2721 310.67
2722 353.33
2723 303.33
2724 339.33
2725 302.67
2726 356.67
2727 276.67
2728 408.67
2729 384.67
2730 430.00
2731 288.67
2732 328.67
2733 464.00
2734 307.33
2735 410.67
2736 416.00
2737 408.00
2738 437.33
2739 327.33
2740 328.67
2741 356.00
2742 412.00
2743 334.00
2744 302.00
2745 311.33
2746 306.00
2747 450.67
2748 303.33
2749 309.33
2750 282.00
2751 297.33
2752 290.00
2753 328.00
2754 397.33
2755 311.33
2756 300.00
2757 282.00
2758 418.67
2759 334.67
2760 341.33
2761 307.33
2762 368.00
2763 332.00
2764 310.00
2765 293.33
2766 328.67
2767 289.33
2768 346.00
2769 326.67
2770 308.00
2771 336.67
2772 347.33
2773 374.00
2774 325.33
2775 300.67
2776 326.00
2777 459.33
2778 351.33
2779 403.33
2780 422.00
2781 319.33
2782 308.00
2783 394.67
2784 300.67
2785 378.00
2786 292.00
2787 338.00
2788 317.33
2789 282.67
2790 342.00
2791 392.00
2792 331.33
2793 309.33
2794 317.33
2795 411.33
2796 316.00
2797 300.00
2798 287.33
2799 347.33
2800 266.67
2801 290.00
2802 356.00
2803 312.67
2804 377.33
2805 326.67
2806 412.00
2807 356.67
2808 430.67
2809 335.33
2810 382.00
2811 349.33
2812 358.00
2813 341.33
2814 456.00
2815 405.33
2816 274.67
2817 299.33
2818 323.33
2819 438.00
2820 359.33
2821 280.67
2822 438.67
2823 291.33
2824 454.00
2825 305.33
2826 368.67
2827 396.00
2828 378.00
2829 336.67
2830 308.00
2831 324.00
2832 344.00
2833 378.67
2834 342.00
2835 242.00
2836 210.00
2837 362.67
2838 407.33
2839 320.00
2840 285.33
2841 298.67
2842 320.67
2843 368.67
2844 317.33
2845 398.67
2846 285.33
2847 419.33
2848 291.33
2849 349.33
2850 257.33
2851 278.67
2852 338.67
2853 446.67
2854 358.00
2855 424.67
2856 326.67
2857 407.33
2858 303.33
2859 276.67
2860 422.67
2861 290.67
2862 292.00
2863 273.33
2864 312.00
2865 363.33
2866 451.33
2867 399.33
2868 285.33
2869 330.00
2870 396.00
2871 316.67
2872 324.00
2873 302.00
2874 303.33
2875 271.33
2876 370.00
2877 325.33
2878 443.33
2879 285.33
2880 460.00
2881 384.67
2882 364.67
2883 408.67
2884 331.33
2885 288.67
2886 252.67
2887 338.00
2888 298.67
2889 356.67
2890 282.00
2891 437.33
2892 260.67
2893 242.00
2894 339.33
2895 406.00
2896 281.33
2897 334.00
2898 360.00
2899 392.00
2900 430.67
2901 270.67
2902 270.67
2903 326.67
2904 276.00
2905 294.67
2906 324.67
2907 353.33
2908 344.67
2909 306.67
2910 301.33
2911 282.67
2912 350.67
2913 322.00
2914 404.00
2915 332.67
2916 239.33
2917 293.33
2918 324.67
2919 387.33
2920 320.00
2921 417.33
2922 340.67
2923 272.67
2924 291.33
2925 318.67
2926 334.67
2927 321.33
2928 289.33
2929 320.67
2930 330.67
2931 354.67
2932 284.67
2933 420.00
2934 306.67
2935 298.00
2936 365.33
2937 298.67
2938 302.00
2939 300.67
2940 415.33
2941 464.67
2942 350.00
2943 263.33
2944 288.67
2945 351.33
2946 391.33
2947 432.67
2948 370.00
2949 275.33
2950 357.33
2951 314.67
2952 292.00
2953 276.67
2954 349.33
2955 286.67
2956 328.00
2957 448.00
2958 334.67
2959 300.67
2960 418.67
2961 279.33
2962 371.33
2963 271.33
2964 307.33
2965 303.33
2966 408.67
2967 316.00
2968 374.67
2969 294.67
2970 316.00
2971 354.00
2972 311.33
2973 461.33
2974 303.33
2975 302.00
2976 276.67
2977 336.00
2978 310.00
2979 285.33
2980 322.67
2981 384.00
2982 415.33
2983 296.67
2984 302.00
2985 431.33
2986 399.33
2987 396.67
2988 334.67
2989 310.00
2990 351.33
2991 312.67
2992 320.67
2993 345.33
2994 286.67
2995 326.67
2996 291.33
2997 302.67
2998 403.33
2999 363.33
