0 240.00
1 260.00
2 440.00
3 220.00
4 240.00
5 220.00
6 500.00
7 440.00
8 240.00
9 220.00
10 180.00
11 160.00
12 240.00
13 240.00
14 200.00
15 400.00
16 240.00
17 220.00
18 240.00
19 240.00
20 220.00
21 180.00
22 220.00
23 200.00
24 220.00
25 240.00
26 240.00
27 220.00
28 240.00
29 500.00
30 340.00
31 240.00
32 220.00
33 240.00
34 160.00
35 240.00
36 240.00
37 240.00
38 160.00
39 440.00
40 380.00
41 240.00
42 240.00
43 240.00
44 480.00
45 240.00
46 420.00
47 220.00
48 220.00
49 240.00
50 480.00
51 220.00
52 240.00
53 220.00
54 480.00
55 220.00
56 460.00
57 460.00
58 480.00
59 420.00
60 480.00
61 220.00
62 220.00
63 260.00
64 240.00
65 240.00
66 260.00
67 440.00
68 180.00
69 440.00
70 240.00
71 300.00
72 480.00
73 160.00
74 240.00
75 220.00
76 240.00
77 240.00
78 220.00
79 240.00
80 220.00
81 260.00
82 220.00
83 240.00
84 220.00
85 180.00
86 240.00
87 240.00
88 440.00
89 220.00
90 180.00
91 240.00
92 480.00
93 220.00
94 480.00
95 220.00
96 200.00
97 220.00
98 240.00
99 240.00
100 180.00
101 500.00
102 500.00
103 240.00
104 400.00
105 500.00
106 220.00
107 400.00
108 220.00
109 420.00
110 220.00
111 220.00
112 240.00
113 200.00
114 260.00
115 220.00
116 240.00
117 200.00
118 240.00
119 420.00
120 180.00
121 460.00
122 220.00
123 220.00
124 220.00
125 240.00
126 480.00
127 480.00
128 400.00
129 480.00
130 220.00
131 260.00
132 240.00
133 480.00
134 200.00
135 480.00
136 180.00
137 480.00
138 220.00
139 320.00
140 220.00
141 480.00
142 480.00
143 400.00
144 460.00
145 240.00
146 220.00
147 280.00
148 420.00
149 240.00
150 220.00
151 300.00
152 220.00
153 240.00
154 220.00
155 180.00
156 220.00
157 220.00
158 240.00
159 240.00
160 240.00
161 320.00
162 240.00
163 420.00
164 200.00
165 240.00
166 500.00
167 220.00
168 200.00
169 240.00
170 420.00
171 240.00
172 220.00
173 300.00
174 180.00
175 220.00
176 80.00
177 280.00
178 260.00
179 500.00
180 220.00
181 480.00
182 160.00
183 160.00
184 400.00
185 480.00
186 420.00
187 280.00
188 180.00
189 200.00
190 240.00
191 220.00
192 260.00
193 480.00
194 420.00
195 220.00
196 220.00
197 240.00
198 160.00
199 440.00
200 220.00
201 320.00
202 200.00
203 240.00
204 460.00
205 320.00
206 220.00
207 240.00
208 220.00
209 200.00
210 240.00
211 220.00
212 240.00
213 220.00
214 220.00
215 220.00
216 140.00
217 300.00
218 320.00
219 320.00
220 220.00
221 140.00
222 200.00
223 380.00
224 280.00
225 80.00
226 380.00
227 260.00
228 200.00
229 380.00
230 480.00
231 480.00
232 240.00
233 380.00
234 240.00
235 220.00
236 220.00
237 280.00
238 240.00
239 380.00
240 220.00
241 440.00
242 220.00
243 240.00
244 500.00
245 240.00
246 240.00
247 240.00
248 400.00
249 480.00
250 240.00
251 240.00
252 500.00
253 240.00
254 220.00
255 240.00
256 220.00
257 200.00
258 300.00
259 300.00
260 240.00
261 480.00
262 240.00
263 240.00
264 240.00
265 280.00
266 420.00
267 400.00
268 420.00
269 240.00
270 160.00
271 180.00
272 240.00
273 240.00
274 400.00
275 200.00
276 300.00
277 360.00
278 300.00
279 220.00
280 360.00
281 340.00
282 180.00
283 200.00
284 260.00
285 220.00
286 260.00
287 260.00
288 420.00
289 460.00
290 240.00
291 100.00
292 260.00
293 240.00
294 240.00
295 240.00
296 220.00
297 220.00
298 400.00
299 340.00
300 200.00
301 360.00
302 180.00
303 300.00
304 420.00
305 240.00
306 240.00
307 440.00
308 220.00
309 120.00
310 200.00
311 240.00
312 220.00
313 200.00
314 140.00
315 240.00
316 220.00
317 400.00
318 380.00
319 240.00
320 320.00
321 200.00
322 240.00
323 340.00
324 120.00
325 440.00
326 240.00
327 240.00
328 220.00
329 360.00
330 300.00
331 220.00
332 100.00
333 100.00
334 220.00
335 420.00
336 240.00
337 240.00
338 320.00
339 240.00
340 400.00
341 200.00
342 200.00
343 220.00
344 220.00
345 120.00
346 420.00
347 460.00
348 400.00
349 240.00
350 220.00
351 240.00
352 460.00
353 160.00
354 200.00
355 260.00
356 180.00
357 220.00
358 440.00
359 260.00
360 220.00
361 260.00
362 380.00
363 460.00
364 440.00
365 460.00
366 220.00
367 240.00
368 440.00
369 260.00
370 180.00
371 220.00
372 440.00
373 420.00
374 240.00
375 220.00
376 220.00
377 220.00
378 420.00
379 380.00
380 280.00
381 440.00
382 220.00
383 220.00
384 380.00
385 380.00
386 200.00
387 340.00
388 220.00
389 200.00
390 200.00
391 420.00
392 280.00
393 180.00
394 140.00
395 420.00
396 340.00
397 480.00
398 500.00
399 360.00
400 260.00
401 240.00
402 380.00
403 140.00
404 480.00
405 240.00
406 480.00
407 240.00
408 200.00
409 220.00
410 260.00
411 160.00
412 380.00
413 420.00
414 400.00
415 460.00
416 500.00
417 220.00
418 480.00
419 220.00
420 480.00
421 280.00
422 460.00
423 480.00
424 240.00
425 200.00
426 260.00
427 420.00
428 480.00
429 240.00
430 260.00
431 440.00
432 340.00
433 440.00
434 380.00
435 240.00
436 220.00
437 360.00
438 360.00
439 320.00
440 360.00
441 360.00
442 380.00
443 360.00
444 360.00
445 420.00
446 200.00
447 380.00
448 380.00
449 380.00
450 360.00
451 460.00
452 220.00
453 220.00
454 320.00
455 200.00
456 480.00
457 340.00
458 420.00
459 320.00
460 360.00
461 240.00
462 240.00
463 280.00
464 380.00
465 340.00
466 220.00
467 320.00
468 220.00
469 100.00
470 440.00
471 440.00
472 180.00
473 460.00
474 220.00
475 280.00
476 200.00
477 380.00
478 440.00
479 260.00
480 260.00
481 260.00
482 240.00
483 380.00
484 240.00
485 480.00
486 260.00
487 200.00
488 140.00
489 340.00
490 400.00
491 200.00
492 400.00
493 380.00
494 500.00
495 300.00
496 400.00
497 420.00
498 260.00
499 220.00
500 200.00
501 180.00
502 320.00
503 200.00
504 300.00
505 240.00
506 300.00
507 360.00
508 280.00
509 300.00
510 240.00
511 220.00
512 320.00
513 340.00
514 500.00
515 360.00
516 340.00
517 260.00
518 200.00
519 200.00
520 440.00
521 420.00
522 240.00
523 240.00
524 440.00
525 240.00
526 260.00
527 260.00
528 380.00
529 260.00
530 500.00
531 300.00
532 360.00
533 260.00
534 320.00
535 480.00
536 460.00
537 260.00
538 220.00
539 400.00
540 260.00
541 480.00
542 280.00
543 500.00
544 480.00
545 360.00
546 340.00
547 180.00
548 440.00
549 500.00
550 200.00
551 240.00
552 340.00
553 400.00
554 320.00
555 420.00
556 360.00
557 140.00
558 360.00
559 340.00
560 460.00
561 140.00
562 300.00
563 220.00
564 440.00
565 400.00
566 240.00
567 300.00
568 500.00
569 420.00
570 460.00
571 340.00
572 380.00
573 200.00
574 200.00
575 300.00
576 200.00
577 280.00
578 460.00
579 360.00
580 340.00
581 220.00
582 220.00
583 200.00
584 240.00
585 140.00
586 300.00
587 340.00
588 240.00
589 220.00
590 300.00
591 300.00
592 300.00
593 440.00
594 340.00
595 280.00
596 280.00
597 260.00
598 160.00
599 340.00
600 340.00
601 220.00
602 300.00
603 440.00
604 260.00
605 240.00
606 320.00
607 480.00
608 420.00
609 240.00
610 240.00
611 240.00
612 140.00
613 240.00
614 420.00
615 340.00
616 340.00
617 280.00
618 300.00
619 260.00
620 360.00
621 360.00
622 360.00
623 320.00
624 220.00
625 260.00
626 320.00
627 300.00
628 340.00
629 200.00
630 300.00
631 320.00
632 420.00
633 440.00
634 120.00
635 380.00
636 260.00
637 320.00
638 400.00
639 220.00
640 300.00
641 160.00
642 340.00
643 240.00
644 280.00
645 260.00
646 280.00
647 280.00
648 240.00
649 380.00
650 340.00
651 200.00
652 180.00
653 380.00
654 440.00
655 460.00
656 340.00
657 240.00
658 220.00
659 380.00
660 440.00
661 380.00
662 220.00
663 240.00
664 240.00
665 440.00
666 440.00
667 280.00
668 360.00
669 420.00
670 320.00
671 320.00
672 320.00
673 440.00
674 320.00
675 420.00
676 400.00
677 140.00
678 400.00
679 340.00
680 420.00
681 420.00
682 420.00
683 180.00
684 400.00
685 380.00
686 440.00
687 220.00
688 400.00
689 220.00
690 220.00
691 440.00
692 200.00
693 400.00
694 360.00
695 220.00
696 260.00
697 480.00
698 260.00
699 380.00
700 460.00
701 400.00
702 280.00
703 300.00
704 380.00
705 420.00
706 420.00
707 240.00
708 420.00
709 300.00
710 420.00
711 380.00
712 180.00
713 420.00
714 420.00
715 240.00
716 420.00
717 340.00
718 440.00
719 380.00
720 420.00
721 220.00
722 400.00
723 400.00
724 440.00
725 420.00
726 460.00
727 420.00
728 200.00
729 260.00
730 380.00
731 440.00
732 420.00
733 420.00
734 300.00
735 140.00
736 340.00
737 420.00
738 440.00
739 180.00
740 220.00
741 260.00
742 420.00
743 380.00
744 280.00
745 300.00
746 260.00
747 320.00
748 120.00
749 400.00
750 440.00
751 200.00
752 360.00
753 200.00
754 380.00
755 400.00
756 260.00
757 380.00
758 380.00
759 320.00
760 340.00
761 400.00
762 340.00
763 420.00
764 200.00
765 420.00
766 280.00
767 300.00
768 400.00
769 420.00
770 420.00
771 280.00
772 380.00
773 300.00
774 160.00
775 400.00
776 140.00
777 340.00
778 260.00
779 260.00
780 160.00
781 120.00
782 460.00
783 420.00
784 420.00
785 340.00
786 320.00
787 420.00
788 260.00
789 240.00
790 300.00
791 300.00
792 300.00
793 360.00
794 300.00
795 440.00
796 340.00
797 440.00
798 460.00
799 400.00
800 420.00
801 420.00
802 280.00
803 420.00
804 180.00
805 420.00
806 220.00
807 160.00
808 360.00
809 300.00
810 140.00
811 500.00
812 320.00
813 460.00
814 380.00
815 440.00
816 440.00
817 460.00
818 400.00
819 420.00
820 240.00
821 440.00
822 280.00
823 460.00
824 440.00
825 220.00
826 260.00
827 320.00
828 380.00
829 380.00
830 460.00
831 380.00
832 380.00
833 220.00
834 360.00
835 220.00
836 460.00
837 420.00
838 240.00
839 180.00
840 360.00
841 400.00
842 340.00
843 260.00
844 440.00
845 440.00
846 400.00
847 280.00
848 360.00
849 380.00
850 280.00
851 340.00
852 240.00
853 500.00
854 320.00
855 340.00
856 340.00
857 360.00
858 440.00
859 220.00
860 420.00
861 340.00
862 420.00
863 420.00
864 420.00
865 340.00
866 440.00
867 420.00
868 420.00
869 360.00
870 240.00
871 400.00
872 320.00
873 240.00
874 160.00
875 360.00
876 380.00
877 420.00
878 340.00
879 320.00
880 360.00
881 220.00
882 400.00
883 180.00
884 400.00
885 240.00
886 360.00
887 440.00
888 140.00
889 280.00
890 400.00
891 320.00
892 420.00
893 480.00
894 380.00
895 340.00
896 380.00
897 380.00
898 400.00
899 300.00
900 240.00
901 260.00
902 400.00
903 360.00
904 360.00
905 400.00
906 380.00
907 140.00
908 280.00
909 260.00
910 340.00
911 440.00
912 420.00
913 420.00
914 200.00
915 340.00
916 400.00
917 400.00
918 460.00
919 280.00
920 200.00
921 460.00
922 380.00
923 340.00
924 100.00
925 360.00
926 180.00
927 360.00
928 180.00
929 420.00
930 420.00
931 180.00
932 220.00
933 200.00
934 320.00
935 420.00
936 360.00
937 360.00
938 400.00
939 440.00
940 340.00
941 240.00
942 180.00
943 380.00
944 420.00
945 160.00
946 460.00
947 480.00
948 380.00
949 240.00
950 240.00
951 440.00
952 440.00
953 380.00
954 460.00
955 460.00
956 420.00
957 360.00
958 460.00
959 340.00
960 320.00
961 420.00
962 380.00
963 260.00
964 400.00
965 140.00
966 280.00
967 220.00
968 440.00
969 160.00
970 380.00
971 240.00
972 240.00
973 320.00
974 360.00
975 160.00
976 240.00
977 360.00
978 260.00
979 400.00
980 300.00
981 460.00
982 100.00
983 420.00
984 400.00
985 240.00
986 440.00
987 400.00
988 360.00
989 220.00
990 420.00
991 440.00
992 500.00
993 400.00
994 240.00
995 160.00
996 440.00
997 280.00
998 500.00
999 400.00
1000 460.00
1001 240.00
1002 180.00
1003 460.00
1004 260.00
1005 340.00
1006 280.00
1007 360.00
1008 420.00
1009 360.00
1010 360.00
1011 440.00
1012 460.00
1013 340.00
1014 180.00
1015 420.00
1016 380.00
1017 440.00
1018 380.00
1019 420.00
1020 400.00
1021 340.00
1022 400.00
1023 480.00
1024 140.00
1025 440.00
1026 240.00
1027 340.00
1028 440.00
1029 500.00
1030 420.00
1031 220.00
1032 380.00
1033 440.00
1034 400.00
1035 400.00
1036 380.00
1037 220.00
1038 440.00
1039 180.00
1040 480.00
1041 400.00
1042 460.00
1043 280.00
1044 220.00
1045 360.00
1046 220.00
1047 160.00
1048 220.00
1049 200.00
1050 400.00
1051 440.00
1052 420.00
1053 120.00
1054 220.00
1055 200.00
1056 400.00
1057 240.00
1058 180.00
1059 400.00
1060 440.00
1061 480.00
1062 220.00
1063 460.00
1064 320.00
1065 500.00
1066 400.00
1067 240.00
1068 420.00
1069 140.00
1070 300.00
1071 440.00
1072 220.00
1073 200.00
1074 380.00
1075 460.00
1076 500.00
1077 440.00
1078 280.00
1079 420.00
1080 440.00
1081 260.00
1082 280.00
1083 280.00
1084 240.00
1085 280.00
1086 420.00
1087 340.00
1088 380.00
1089 500.00
1090 440.00
1091 220.00
1092 340.00
1093 400.00
1094 420.00
1095 280.00
1096 420.00
1097 400.00
1098 300.00
1099 180.00
1100 400.00
1101 300.00
1102 420.00
1103 360.00
1104 380.00
1105 220.00
1106 480.00
1107 420.00
1108 440.00
1109 220.00
1110 280.00
1111 380.00
1112 460.00
1113 460.00
1114 300.00
1115 360.00
1116 420.00
1117 480.00
1118 500.00
1119 180.00
1120 380.00
1121 440.00
1122 220.00
1123 420.00
1124 240.00
1125 260.00
1126 360.00
1127 340.00
1128 380.00
1129 200.00
1130 200.00
1131 460.00
1132 460.00
1133 360.00
1134 220.00
1135 120.00
1136 200.00
1137 180.00
1138 460.00
1139 440.00
1140 460.00
1141 400.00
1142 500.00
1143 460.00
1144 260.00
1145 240.00
1146 440.00
1147 420.00
1148 240.00
1149 440.00
1150 260.00
1151 440.00
1152 400.00
1153 400.00
1154 460.00
1155 440.00
1156 440.00
1157 260.00
1158 280.00
1159 420.00
1160 240.00
1161 420.00
1162 420.00
1163 420.00
1164 420.00
1165 420.00
1166 220.00
1167 220.00
1168 440.00
1169 480.00
1170 240.00
1171 220.00
1172 500.00
1173 500.00
1174 320.00
1175 300.00
1176 300.00
1177 360.00
1178 400.00
1179 480.00
1180 220.00
1181 180.00
1182 340.00
1183 360.00
1184 300.00
1185 420.00
1186 400.00
1187 140.00
1188 100.00
1189 360.00
1190 380.00
1191 360.00
1192 400.00
1193 220.00
1194 380.00
1195 360.00
1196 260.00
1197 420.00
1198 400.00
1199 220.00
1200 440.00
1201 260.00
1202 320.00
1203 460.00
1204 320.00
1205 400.00
1206 460.00
1207 360.00
1208 460.00
1209 240.00
1210 440.00
1211 420.00
1212 380.00
1213 440.00
1214 460.00
1215 220.00
1216 220.00
1217 320.00
1218 240.00
1219 440.00
1220 240.00
1221 460.00
1222 200.00
1223 220.00
1224 260.00
1225 460.00
1226 0.00
1227 420.00
1228 380.00
1229 440.00
1230 360.00
1231 320.00
1232 360.00
1233 340.00
1234 160.00
1235 400.00
1236 400.00
1237 340.00
1238 420.00
1239 380.00
1240 200.00
1241 320.00
1242 360.00
1243 400.00
1244 180.00
1245 420.00
1246 420.00
1247 140.00
1248 160.00
1249 460.00
1250 400.00
1251 340.00
1252 200.00
1253 180.00
1254 240.00
1255 380.00
1256 460.00
1257 400.00
1258 440.00
1259 300.00
1260 440.00
1261 480.00
1262 180.00
1263 440.00
1264 400.00
1265 380.00
1266 420.00
1267 300.00
1268 220.00
1269 180.00
1270 200.00
1271 180.00
1272 420.00
1273 460.00
1274 420.00
1275 200.00
1276 300.00
1277 340.00
1278 440.00
1279 420.00
1280 420.00
1281 320.00
1282 380.00
1283 460.00
1284 440.00
1285 380.00
1286 440.00
1287 260.00
1288 460.00
1289 440.00
1290 400.00
1291 480.00
1292 360.00
1293 340.00
1294 280.00
1295 380.00
1296 360.00
1297 360.00
1298 340.00
1299 380.00
1300 420.00
1301 160.00
1302 420.00
1303 380.00
1304 360.00
1305 380.00
1306 440.00
1307 360.00
1308 400.00
1309 460.00
1310 220.00
1311 340.00
1312 320.00
1313 260.00
1314 400.00
1315 400.00
1316 400.00
1317 360.00
1318 340.00
1319 400.00
1320 420.00
1321 420.00
1322 420.00
1323 400.00
1324 340.00
1325 420.00
1326 320.00
1327 380.00
1328 360.00
1329 420.00
1330 420.00
1331 280.00
1332 220.00
1333 380.00
1334 300.00
1335 360.00
1336 440.00
1337 260.00
1338 120.00
1339 400.00
1340 360.00
1341 200.00
1342 480.00
1343 380.00
1344 400.00
1345 300.00
1346 340.00
1347 400.00
1348 260.00
1349 440.00
1350 220.00
1351 400.00
1352 300.00
1353 400.00
1354 400.00
1355 420.00
1356 460.00
1357 400.00
1358 400.00
1359 280.00
1360 240.00
1361 400.00
1362 220.00
1363 360.00
1364 180.00
1365 180.00
1366 380.00
1367 420.00
1368 180.00
1369 340.00
1370 420.00
1371 320.00
1372 420.00
1373 440.00
1374 220.00
1375 340.00
1376 280.00
1377 400.00
1378 320.00
1379 400.00
1380 180.00
1381 500.00
1382 380.00
1383 480.00
1384 400.00
1385 460.00
1386 240.00
1387 440.00
1388 220.00
1389 260.00
1390 280.00
1391 420.00
1392 440.00
1393 200.00
1394 480.00
1395 460.00
1396 440.00
1397 260.00
1398 200.00
1399 340.00
1400 440.00
1401 320.00
1402 220.00
1403 380.00
1404 180.00
1405 100.00
1406 400.00
1407 300.00
1408 360.00
1409 360.00
1410 340.00
1411 400.00
1412 420.00
1413 420.00
1414 360.00
1415 340.00
1416 320.00
1417 380.00
1418 380.00
1419 340.00
1420 260.00
1421 300.00
1422 420.00
1423 440.00
1424 380.00
1425 300.00
1426 440.00
1427 480.00
1428 180.00
1429 380.00
1430 240.00
1431 500.00
1432 340.00
1433 420.00
1434 240.00
1435 300.00
1436 400.00
1437 300.00
1438 360.00
1439 340.00
1440 140.00
1441 320.00
1442 420.00
1443 120.00
1444 380.00
1445 240.00
1446 300.00
1447 400.00
1448 420.00
1449 220.00
1450 480.00
1451 280.00
1452 380.00
1453 440.00
1454 300.00
1455 320.00
1456 420.00
1457 400.00
1458 400.00
1459 240.00
1460 340.00
1461 320.00
1462 200.00
1463 360.00
1464 240.00
1465 320.00
1466 20.00
1467 300.00
1468 280.00
1469 320.00
1470 200.00
1471 320.00
1472 300.00
1473 300.00
1474 340.00
1475 380.00
1476 240.00
1477 420.00
1478 360.00
1479 340.00
1480 340.00
1481 300.00
1482 440.00
1483 120.00
1484 180.00
1485 420.00
1486 440.00
1487 260.00
1488 460.00
1489 200.00
1490 400.00
1491 160.00
1492 360.00
1493 220.00
1494 260.00
1495 160.00
1496 400.00
1497 140.00
1498 380.00
1499 240.00
1500 400.00
1501 220.00
1502 340.00
1503 220.00
1504 260.00
1505 440.00
1506 420.00
1507 280.00
1508 500.00
1509 240.00
1510 320.00
1511 440.00
1512 240.00
1513 360.00
1514 400.00
1515 260.00
1516 420.00
1517 420.00
1518 460.00
1519 380.00
1520 280.00
1521 340.00
1522 440.00
1523 380.00
1524 340.00
1525 200.00
1526 140.00
1527 420.00
1528 280.00
1529 300.00
1530 280.00
1531 400.00
1532 340.00
1533 360.00
1534 180.00
1535 460.00
1536 380.00
1537 420.00
1538 420.00
1539 220.00
1540 440.00
1541 340.00
1542 440.00
1543 440.00
1544 360.00
1545 220.00
1546 380.00
1547 420.00
1548 300.00
1549 360.00
1550 380.00
1551 440.00
1552 200.00
1553 320.00
1554 360.00
1555 380.00
1556 140.00
1557 380.00
1558 300.00
1559 380.00
1560 120.00
1561 380.00
1562 140.00
1563 320.00
1564 400.00
1565 420.00
1566 440.00
1567 180.00
1568 380.00
1569 400.00
1570 420.00
1571 380.00
1572 360.00
1573 400.00
1574 340.00
1575 160.00
1576 380.00
1577 460.00
1578 340.00
1579 400.00
1580 300.00
1581 240.00
1582 440.00
1583 380.00
1584 300.00
1585 380.00
1586 240.00
1587 380.00
1588 380.00
1589 300.00
1590 380.00
1591 440.00
1592 280.00
1593 400.00
1594 420.00
1595 400.00
1596 380.00
1597 240.00
1598 320.00
1599 180.00
1600 240.00
1601 180.00
1602 340.00
1603 380.00
1604 360.00
1605 200.00
1606 320.00
1607 360.00
1608 400.00
1609 260.00
1610 220.00
1611 480.00
1612 240.00
1613 260.00
1614 220.00
1615 300.00
1616 340.00
1617 220.00
1618 320.00
1619 180.00
1620 280.00
1621 180.00
1622 220.00
1623 160.00
1624 360.00
1625 320.00
1626 200.00
1627 320.00
1628 200.00
1629 380.00
1630 440.00
1631 200.00
1632 200.00
1633 140.00
1634 440.00
1635 380.00
1636 420.00
1637 220.00
1638 220.00
1639 480.00
1640 120.00
1641 200.00
1642 280.00
1643 360.00
1644 200.00
1645 500.00
1646 160.00
1647 220.00
1648 260.00
1649 240.00
1650 400.00
1651 300.00
1652 400.00
1653 300.00
1654 180.00
1655 160.00
1656 180.00
1657 120.00
1658 280.00
1659 300.00
1660 380.00
1661 140.00
1662 500.00
1663 240.00
1664 200.00
1665 260.00
1666 160.00
1667 400.00
1668 220.00
1669 420.00
1670 140.00
1671 220.00
1672 180.00
1673 360.00
1674 460.00
1675 180.00
1676 460.00
1677 220.00
1678 500.00
1679 480.00
1680 240.00
1681 460.00
1682 400.00
1683 500.00
1684 440.00
1685 200.00
1686 200.00
1687 480.00
1688 220.00
1689 440.00
1690 280.00
1691 260.00
1692 400.00
1693 360.00
1694 440.00
1695 400.00
1696 180.00
1697 180.00
1698 240.00
1699 380.00
1700 320.00
1701 160.00
1702 240.00
1703 420.00
1704 440.00
1705 460.00
1706 420.00
1707 440.00
1708 160.00
1709 240.00
1710 340.00
1711 460.00
1712 260.00
1713 460.00
1714 280.00
1715 400.00
1716 480.00
1717 460.00
1718 460.00
1719 460.00
1720 420.00
1721 360.00
1722 360.00
1723 360.00
1724 240.00
1725 420.00
1726 420.00
1727 420.00
1728 280.00
1729 220.00
1730 400.00
1731 440.00
1732 280.00
1733 420.00
1734 440.00
1735 420.00
1736 440.00
1737 200.00
1738 420.00
1739 400.00
1740 460.00
1741 200.00
1742 220.00
1743 400.00
1744 440.00
1745 460.00
1746 460.00
1747 160.00
1748 240.00
1749 440.00
1750 340.00
1751 340.00
1752 240.00
1753 360.00
1754 360.00
1755 380.00
1756 420.00
1757 240.00
1758 260.00
1759 400.00
1760 340.00
1761 400.00
1762 440.00
1763 460.00
1764 460.00
1765 240.00
1766 120.00
1767 220.00
1768 340.00
1769 440.00
1770 440.00
1771 360.00
1772 400.00
1773 440.00
1774 180.00
1775 200.00
1776 440.00
1777 260.00
1778 440.00
1779 360.00
1780 340.00
1781 140.00
1782 200.00
1783 260.00
1784 440.00
1785 280.00
1786 400.00
1787 440.00
1788 460.00
1789 360.00
1790 340.00
1791 420.00
1792 460.00
1793 300.00
1794 180.00
1795 400.00
1796 460.00
1797 420.00
1798 220.00
1799 320.00
1800 400.00
1801 280.00
1802 320.00
1803 440.00
1804 280.00
1805 200.00
1806 420.00
1807 160.00
1808 440.00
1809 420.00
1810 180.00
1811 260.00
1812 360.00
1813 380.00
1814 160.00
1815 400.00
1816 240.00
1817 460.00
1818 360.00
1819 380.00
1820 160.00
1821 220.00
1822 400.00
1823 220.00
1824 380.00
1825 380.00
1826 420.00
1827 420.00
1828 420.00
1829 440.00
1830 220.00
1831 260.00
1832 400.00
1833 420.00
1834 420.00
1835 480.00
1836 240.00
1837 340.00
1838 440.00
1839 420.00
1840 340.00
1841 360.00
1842 400.00
1843 200.00
1844 420.00
1845 340.00
1846 420.00
1847 280.00
1848 420.00
1849 320.00
1850 320.00
1851 400.00
1852 380.00
1853 340.00
1854 380.00
1855 160.00
1856 460.00
1857 400.00
1858 400.00
1859 380.00
1860 260.00
1861 340.00
1862 340.00
1863 300.00
1864 160.00
1865 260.00
1866 360.00
1867 320.00
1868 400.00
1869 360.00
1870 400.00
1871 360.00
1872 360.00
1873 320.00
1874 320.00
1875 320.00
1876 400.00
1877 260.00
1878 400.00
1879 200.00
1880 380.00
1881 320.00
1882 320.00
1883 420.00
1884 320.00
1885 260.00
1886 360.00
1887 360.00
1888 320.00
1889 80.00
1890 320.00
1891 420.00
1892 200.00
1893 440.00
1894 240.00
1895 360.00
1896 240.00
1897 280.00
1898 440.00
1899 320.00
1900 220.00
1901 340.00
1902 400.00
1903 360.00
1904 380.00
1905 360.00
1906 220.00
1907 180.00
1908 420.00
1909 400.00
1910 440.00
1911 220.00
1912 340.00
1913 420.00
1914 440.00
1915 260.00
1916 440.00
1917 160.00
1918 220.00
1919 400.00
1920 440.00
1921 400.00
1922 400.00
1923 240.00
1924 180.00
1925 340.00
1926 400.00
1927 380.00
1928 120.00
1929 400.00
1930 280.00
1931 320.00
1932 360.00
1933 460.00
1934 400.00
1935 440.00
1936 420.00
1937 400.00
1938 420.00
1939 300.00
1940 320.00
1941 340.00
1942 340.00
1943 360.00
1944 360.00
1945 420.00
1946 240.00
1947 180.00
1948 280.00
1949 380.00
1950 240.00
1951 460.00
1952 420.00
1953 380.00
1954 360.00
1955 440.00
1956 220.00
1957 220.00
1958 280.00
1959 380.00
1960 360.00
1961 420.00
1962 480.00
1963 460.00
1964 420.00
1965 440.00
1966 340.00
1967 300.00
1968 400.00
1969 220.00
1970 440.00
1971 340.00
1972 380.00
1973 420.00
1974 420.00
1975 360.00
1976 420.00
1977 420.00
1978 300.00
1979 180.00
1980 180.00
1981 280.00
1982 420.00
1983 320.00
1984 420.00
1985 300.00
1986 300.00
1987 400.00
1988 300.00
1989 400.00
1990 220.00
1991 200.00
1992 260.00
1993 380.00
1994 360.00
1995 400.00
1996 280.00
1997 340.00
1998 420.00
1999 140.00
2000 340.00
2001 340.00
2002 180.00
2003 140.00
2004 420.00
2005 380.00
2006 300.00
2007 400.00
2008 380.00
2009 460.00
2010 420.00
2011 240.00
2012 360.00
2013 420.00
2014 440.00
2015 400.00
2016 360.00
2017 200.00
2018 180.00
2019 400.00
2020 340.00
2021 400.00
2022 400.00
2023 420.00
2024 220.00
2025 440.00
2026 400.00
2027 400.00
2028 380.00
2029 480.00
2030 240.00
2031 400.00
2032 340.00
2033 280.00
2034 480.00
2035 180.00
2036 220.00
2037 380.00
2038 160.00
2039 400.00
2040 380.00
2041 460.00
2042 360.00
2043 400.00
2044 400.00
2045 180.00
2046 140.00
2047 340.00
2048 460.00
2049 400.00
2050 420.00
2051 420.00
2052 400.00
2053 260.00
2054 420.00
2055 460.00
2056 460.00
2057 420.00
2058 420.00
2059 480.00
2060 280.00
2061 340.00
2062 420.00
2063 340.00
2064 380.00
2065 440.00
2066 420.00
2067 200.00
2068 400.00
2069 300.00
2070 440.00
2071 200.00
2072 360.00
2073 200.00
2074 220.00
2075 420.00
2076 180.00
2077 460.00
2078 220.00
2079 440.00
2080 420.00
2081 320.00
2082 300.00
2083 200.00
2084 240.00
2085 220.00
2086 440.00
2087 420.00
2088 420.00
2089 440.00
2090 380.00
2091 360.00
2092 380.00
2093 320.00
2094 400.00
2095 320.00
2096 360.00
2097 180.00
2098 340.00
2099 300.00
2100 380.00
2101 440.00
2102 320.00
2103 440.00
2104 360.00
2105 320.00
2106 180.00
2107 440.00
2108 320.00
2109 220.00
2110 340.00
2111 240.00
2112 180.00
2113 260.00
2114 320.00
2115 440.00
2116 440.00
2117 300.00
2118 320.00
2119 260.00
2120 440.00
2121 220.00
2122 360.00
2123 440.00
2124 320.00
2125 300.00
2126 320.00
2127 400.00
2128 420.00
2129 380.00
2130 420.00
2131 280.00
2132 480.00
2133 440.00
2134 400.00
2135 480.00
2136 460.00
2137 140.00
2138 440.00
2139 320.00
2140 180.00
2141 420.00
2142 480.00
2143 420.00
2144 180.00
2145 340.00
2146 320.00
2147 220.00
2148 180.00
2149 400.00
2150 180.00
2151 440.00
2152 400.00
2153 440.00
2154 420.00
2155 320.00
2156 380.00
2157 440.00
2158 280.00
2159 480.00
2160 200.00
2161 400.00
2162 320.00
2163 200.00
2164 440.00
2165 160.00
2166 440.00
2167 420.00
2168 400.00
2169 160.00
2170 380.00
2171 220.00
2172 240.00
2173 360.00
2174 260.00
2175 420.00
2176 360.00
2177 120.00
2178 300.00
2179 380.00
2180 220.00
2181 240.00
2182 480.00
2183 440.00
2184 400.00
2185 360.00
2186 400.00
2187 160.00
2188 360.00
2189 320.00
2190 380.00
2191 420.00
2192 400.00
2193 380.00
2194 440.00
2195 400.00
2196 360.00
2197 420.00
2198 380.00
2199 460.00
2200 440.00
2201 380.00
2202 260.00
2203 400.00
2204 300.00
2205 400.00
2206 340.00
2207 180.00
2208 400.00
2209 180.00
2210 200.00
2211 380.00
2212 380.00
2213 220.00
2214 80.00
2215 420.00
2216 360.00
2217 380.00
2218 260.00
2219 200.00
2220 380.00
2221 400.00
2222 320.00
2223 180.00
2224 180.00
2225 220.00
2226 400.00
2227 460.00
2228 140.00
2229 480.00
2230 260.00
2231 460.00
2232 240.00
2233 280.00
2234 240.00
2235 440.00
2236 300.00
2237 400.00
2238 280.00
2239 400.00
2240 340.00
2241 300.00
2242 340.00
2243 360.00
2244 340.00
2245 120.00
2246 160.00
2247 420.00
2248 380.00
2249 400.00
2250 500.00
2251 240.00
2252 460.00
2253 380.00
2254 280.00
2255 420.00
2256 240.00
2257 320.00
2258 320.00
2259 300.00
2260 300.00
2261 440.00
2262 200.00
2263 400.00
2264 360.00
2265 180.00
2266 160.00
2267 480.00
2268 480.00
2269 340.00
2270 420.00
2271 300.00
2272 160.00
2273 240.00
2274 280.00
2275 240.00
2276 280.00
2277 400.00
2278 480.00
2279 320.00
2280 360.00
2281 240.00
2282 420.00
2283 280.00
2284 300.00
2285 380.00
2286 400.00
2287 420.00
2288 340.00
2289 440.00
2290 360.00
2291 340.00
2292 340.00
2293 360.00
2294 380.00
2295 380.00
2296 400.00
2297 220.00
2298 380.00
2299 300.00
2300 120.00
2301 440.00
2302 340.00
2303 360.00
2304 320.00
2305 460.00
2306 280.00
2307 380.00
2308 400.00
2309 480.00
2310 400.00
2311 500.00
2312 280.00
2313 160.00
2314 420.00
2315 420.00
2316 420.00
2317 420.00
2318 240.00
2319 420.00
2320 260.00
2321 440.00
2322 420.00
2323 440.00
2324 240.00
2325 400.00
2326 360.00
2327 380.00
2328 420.00
2329 380.00
2330 380.00
2331 440.00
2332 400.00
2333 320.00
2334 340.00
2335 140.00
2336 380.00
2337 340.00
2338 400.00
2339 480.00
2340 440.00
2341 200.00
2342 400.00
2343 400.00
2344 380.00
2345 320.00
2346 400.00
2347 240.00
2348 440.00
2349 380.00
2350 320.00
2351 380.00
2352 340.00
2353 180.00
2354 380.00
2355 300.00
2356 320.00
2357 320.00
2358 300.00
2359 320.00
2360 420.00
2361 340.00
2362 260.00
2363 420.00
2364 300.00
2365 280.00
2366 340.00
2367 420.00
2368 440.00
2369 280.00
2370 380.00
2371 400.00
2372 420.00
2373 260.00
2374 400.00
2375 320.00
2376 400.00
2377 500.00
2378 380.00
2379 320.00
2380 460.00
2381 500.00
2382 160.00
2383 480.00
2384 420.00
2385 440.00
2386 380.00
2387 400.00
2388 380.00
2389 340.00
2390 180.00
2391 400.00
2392 380.00
2393 360.00
2394 480.00
2395 380.00
2396 220.00
2397 200.00
2398 200.00
2399 320.00
2400 360.00
2401 320.00
2402 300.00
2403 340.00
2404 440.00
2405 120.00
2406 280.00
2407 380.00
2408 240.00
2409 400.00
2410 320.00
2411 160.00
2412 300.00
2413 220.00
2414 320.00
2415 440.00
2416 320.00
2417 400.00
2418 420.00
2419 440.00
2420 420.00
2421 400.00
2422 280.00
2423 140.00
2424 360.00
2425 200.00
2426 420.00
2427 140.00
2428 360.00
2429 300.00
2430 360.00
2431 240.00
2432 200.00
2433 320.00
2434 340.00
2435 400.00
2436 260.00
2437 340.00
2438 360.00
2439 360.00
2440 320.00
2441 260.00
2442 420.00
2443 420.00
2444 380.00
2445 440.00
2446 240.00
2447 360.00
2448 180.00
2449 160.00
2450 380.00
2451 380.00
2452 280.00
2453 380.00
2454 360.00
2455 160.00
2456 440.00
2457 120.00
2458 360.00
2459 260.00
2460 480.00
2461 200.00
2462 240.00
2463 180.00
2464 420.00
2465 240.00
2466 320.00
2467 120.00
2468 360.00
2469 260.00
2470 280.00
2471 120.00
2472 280.00
2473 340.00
2474 360.00
2475 460.00
2476 440.00
2477 280.00
2478 380.00
2479 380.00
2480 280.00
2481 180.00
2482 440.00
2483 120.00
2484 380.00
2485 380.00
2486 420.00
2487 460.00
2488 180.00
2489 260.00
2490 400.00
2491 380.00
2492 360.00
2493 260.00
2494 220.00
2495 380.00
2496 360.00
2497 400.00
2498 340.00
2499 420.00
2500 340.00
2501 340.00
2502 340.00
2503 420.00
2504 200.00
2505 400.00
2506 460.00
2507 400.00
2508 340.00
2509 440.00
2510 360.00
2511 380.00
2512 440.00
2513 260.00
2514 400.00
2515 320.00
2516 420.00
2517 340.00
2518 340.00
2519 420.00
2520 200.00
2521 340.00
2522 420.00
2523 260.00
2524 420.00
2525 320.00
2526 340.00
2527 260.00
2528 340.00
2529 240.00
2530 300.00
2531 360.00
2532 300.00
2533 300.00
2534 380.00
2535 420.00
2536 400.00
2537 440.00
2538 500.00
2539 380.00
2540 260.00
2541 280.00
2542 300.00
2543 400.00
2544 280.00
2545 380.00
2546 360.00
2547 200.00
2548 320.00
2549 220.00
2550 320.00
2551 380.00
2552 360.00
2553 400.00
2554 360.00
2555 360.00
2556 260.00
2557 460.00
2558 260.00
2559 380.00
2560 200.00
2561 460.00
2562 400.00
2563 360.00
2564 320.00
2565 460.00
2566 160.00
2567 360.00
2568 400.00
2569 340.00
2570 380.00
2571 460.00
2572 380.00
2573 460.00
2574 360.00
2575 420.00
2576 440.00
2577 220.00
2578 440.00
2579 460.00
2580 400.00
2581 220.00
2582 240.00
2583 340.00
2584 280.00
2585 260.00
2586 340.00
2587 320.00
2588 440.00
2589 340.00
2590 420.00
2591 460.00
2592 400.00
2593 440.00
2594 460.00
2595 420.00
2596 240.00
2597 160.00
2598 460.00
2599 320.00
2600 480.00
2601 360.00
2602 420.00
2603 300.00
2604 140.00
2605 340.00
2606 440.00
2607 400.00
2608 380.00
2609 440.00
2610 180.00
2611 260.00
2612 200.00
2613 380.00
2614 320.00
2615 200.00
2616 340.00
2617 360.00
2618 220.00
2619 360.00
2620 360.00
2621 340.00
2622 460.00
2623 420.00
2624 420.00
2625 420.00
2626 220.00
2627 440.00
2628 320.00
2629 240.00
2630 400.00
2631 320.00
2632 400.00
2633 240.00
2634 340.00
2635 360.00
2636 340.00
2637 380.00
2638 380.00
2639 480.00
2640 280.00
2641 400.00
2642 400.00
2643 380.00
2644 400.00
2645 280.00
2646 400.00
2647 320.00
2648 340.00
2649 300.00
2650 300.00
2651 380.00
2652 300.00
2653 400.00
2654 340.00
2655 280.00
2656 420.00
2657 320.00
2658 460.00
2659 300.00
2660 300.00
2661 340.00
2662 340.00
2663 420.00
2664 300.00
2665 360.00
2666 380.00
2667 420.00
2668 260.00
2669 380.00
2670 320.00
2671 420.00
2672 460.00
2673 300.00
2674 400.00
2675 380.00
2676 400.00
2677 400.00
2678 260.00
2679 380.00
2680 340.00
2681 400.00
2682 380.00
2683 320.00
2684 220.00
2685 340.00
2686 380.00
2687 360.00
2688 360.00
2689 380.00
2690 260.00
2691 300.00
2692 360.00
2693 340.00
2694 260.00
2695 300.00
2696 320.00
2697 440.00
2698 340.00
2699 320.00
2700 320.00
2701 240.00
2702 420.00
2703 320.00
2704 280.00
2705 280.00
2706 280.00
2707 320.00
2708 380.00
2709 300.00
2710 200.00
2711 320.00
2712 400.00
2713 360.00
2714 480.00
2715 320.00
2716 400.00
2717 320.00
2718 340.00
2719 360.00
2720 360.00
2721 200.00
2722 320.00
2723 380.00
2724 280.00
2725 460.00
2726 240.00
2727 360.00
2728 400.00
2729 380.00
2730 420.00
2731 380.00
2732 320.00
2733 280.00
2734 380.00
2735 420.00
2736 360.00
2737 460.00
2738 420.00
2739 480.00
2740 340.00
2741 420.00
2742 380.00
2743 260.00
2744 380.00
2745 180.00
2746 440.00
2747 440.00
2748 440.00
2749 320.00
2750 380.00
2751 200.00
2752 320.00
2753 300.00
2754 420.00
2755 340.00
2756 340.00
2757 440.00
2758 400.00
2759 420.00
2760 420.00
2761 220.00
2762 360.00
2763 420.00
2764 480.00
2765 220.00
2766 420.00
2767 380.00
2768 460.00
2769 420.00
2770 420.00
2771 480.00
2772 440.00
2773 260.00
2774 440.00
2775 280.00
2776 360.00
2777 180.00
2778 180.00
2779 400.00
2780 420.00
2781 380.00
2782 300.00
2783 380.00
2784 360.00
2785 420.00
2786 320.00
2787 340.00
2788 340.00
2789 400.00
2790 340.00
2791 280.00
2792 400.00
2793 320.00
2794 380.00
2795 360.00
2796 320.00
2797 320.00
2798 400.00
2799 360.00
2800 360.00
2801 420.00
2802 180.00
2803 420.00
2804 420.00
2805 420.00
2806 260.00
2807 260.00
2808 340.00
2809 400.00
2810 420.00
2811 340.00
2812 400.00
2813 360.00
2814 400.00
2815 200.00
2816 260.00
2817 360.00
2818 300.00
2819 180.00
2820 440.00
2821 400.00
2822 320.00
2823 340.00
2824 300.00
2825 300.00
2826 360.00
2827 340.00
2828 340.00
2829 380.00
2830 240.00
2831 40.00
2832 140.00
2833 340.00
2834 220.00
2835 320.00
2836 340.00
2837 360.00
2838 420.00
2839 240.00
2840 340.00
2841 300.00
2842 240.00
2843 280.00
2844 280.00
2845 360.00
2846 400.00
2847 380.00
2848 180.00
2849 360.00
2850 340.00
2851 360.00
2852 400.00
2853 380.00
2854 360.00
2855 400.00
2856 380.00
2857 400.00
2858 420.00
2859 420.00
2860 420.00
2861 440.00
2862 380.00
2863 400.00
2864 400.00
2865 340.00
2866 300.00
2867 200.00
2868 420.00
2869 380.00
2870 400.00
2871 380.00
2872 180.00
2873 400.00
2874 360.00
2875 360.00
2876 180.00
2877 300.00
2878 400.00
2879 400.00
2880 120.00
2881 380.00
2882 480.00
2883 420.00
2884 420.00
2885 200.00
2886 240.00
2887 380.00
2888 400.00
2889 160.00
2890 400.00
2891 220.00
2892 120.00
2893 300.00
2894 420.00
2895 140.00
2896 380.00
2897 180.00
2898 420.00
2899 420.00
2900 300.00
2901 400.00
2902 380.00
2903 400.00
2904 380.00
2905 420.00
2906 280.00
2907 440.00
2908 300.00
2909 440.00
2910 320.00
2911 340.00
2912 460.00
2913 460.00
2914 460.00
2915 440.00
2916 400.00
2917 220.00
2918 260.00
2919 380.00
2920 200.00
2921 440.00
2922 380.00
2923 420.00
2924 320.00
2925 380.00
2926 440.00
2927 400.00
2928 340.00
2929 440.00
2930 480.00
2931 220.00
2932 420.00
2933 240.00
2934 420.00
2935 380.00
2936 320.00
2937 360.00
2938 360.00
2939 340.00
2940 320.00
2941 440.00
2942 300.00
2943 440.00
2944 280.00
2945 420.00
2946 260.00
2947 360.00
2948 360.00
2949 340.00
2950 420.00
2951 280.00
2952 400.00
2953 360.00
2954 400.00
2955 320.00
2956 340.00
2957 300.00
2958 460.00
2959 340.00
2960 360.00
2961 380.00
2962 440.00
2963 400.00
2964 380.00
2965 380.00
2966 380.00
2967 440.00
2968 340.00
2969 320.00
2970 360.00
2971 340.00
2972 320.00
2973 360.00
2974 320.00
2975 280.00
2976 340.00
2977 440.00
2978 320.00
2979 340.00
2980 340.00
2981 180.00
2982 440.00
2983 280.00
2984 340.00
2985 380.00
2986 360.00
2987 440.00
2988 340.00
2989 360.00
2990 280.00
2991 380.00
2992 300.00
2993 180.00
2994 360.00
2995 240.00
2996 380.00
2997 360.00
2998 340.00
2999 320.00
