0 262.00
30 304.00
60 268.00
90 292.00
120 330.00
150 260.67
180 284.00
210 270.67
240 304.00
270 268.67
300 264.00
330 264.00
360 307.33
390 323.33
420 349.33
450 311.33
480 298.67
510 324.00
540 345.33
570 288.00
600 303.33
630 304.00
660 346.00
690 349.33
720 336.00
750 326.00
780 332.67
810 356.67
840 368.00
870 333.33
900 325.33
930 353.33
960 310.67
990 365.33
1020 340.00
1050 342.67
1080 348.67
1110 338.67
1140 378.67
1170 328.00
1200 346.00
1230 329.33
1260 360.67
1290 363.33
1320 354.67
1350 338.00
1380 338.00
1410 357.33
1440 310.67
1470 302.67
1500 338.00
1530 348.00
1560 338.67
1590 308.67
1620 276.67
1650 291.33
1680 333.33
1710 380.67
1740 342.67
1770 345.33
1800 333.33
1830 358.67
1860 319.33
1890 329.33
1920 344.00
1950 364.00
1980 322.00
2010 346.00
2040 373.33
2070 330.00
2100 337.33
2130 359.33
2160 318.67
2190 340.00
2220 320.67
2250 330.67
2280 354.00
2310 368.00
2340 342.00
2370 362.00
2400 318.00
2430 316.00
2460 308.00
2490 362.67
2520 330.67
2550 367.33
2580 355.33
2610 336.67
2640 350.00
2670 348.00
2700 334.00
2730 369.33
2760 363.33
2790 339.33
2820 310.00
2850 363.33
2880 331.33
2910 368.00
2940 365.33
2970 334.00
