0 297.20
1 297.60
2 298.00
3 297.60
4 297.20
5 294.60
6 296.80
7 298.20
8 300.80
9 300.40
10 300.60
11 300.60
12 300.60
13 301.00
14 300.80
15 303.40
16 303.40
17 303.80
18 301.80
19 301.60
20 303.60
21 301.20
22 301.20
23 301.60
24 301.60
25 301.60
26 300.80
27 301.00
28 299.00
29 296.60
30 296.80
31 297.00
32 298.60
33 295.80
34 296.00
35 293.80
36 291.20
37 289.60
38 288.00
39 287.60
40 287.00
41 287.00
42 289.40
43 290.20
44 290.20
45 289.60
46 287.20
47 289.20
48 290.80
49 288.80
50 289.20
51 289.80
52 291.60
53 293.20
54 293.20
55 293.20
56 291.40
57 291.40
58 289.00
59 286.60
60 286.80
61 289.40
62 289.00
63 291.80
64 291.80
65 292.00
66 291.40
67 292.00
68 292.00
69 292.80
70 292.80
71 293.00
72 293.00
73 290.60
74 288.60
75 288.80
76 288.20
77 288.20
78 288.00
79 288.00
80 286.20
81 286.20
82 283.80
83 283.80
84 284.00
85 286.40
86 286.20
87 286.00
88 286.00
89 283.20
90 284.20
91 284.80
92 282.20
93 282.00
94 281.40
95 279.00
96 278.20
97 280.40
98 280.40
99 280.40
100 281.20
101 280.80
102 280.40
103 280.80
104 281.20
105 283.80
106 281.60
107 280.20
108 277.60
109 278.00
110 277.80
111 277.80
112 277.80
113 277.40
114 277.60
115 275.00
116 275.00
117 274.60
118 276.60
119 276.80
120 274.80
121 277.20
122 277.20
123 276.80
124 276.80
125 276.80
126 277.60
127 277.40
128 279.40
129 281.80
130 281.60
131 281.40
132 279.80
133 282.60
134 282.40
135 284.60
136 287.20
137 288.80
138 290.40
139 290.80
140 291.40
141 291.40
142 289.00
143 288.20
144 288.20
145 288.80
146 291.20
147 289.20
148 287.60
149 289.60
150 289.20
151 288.60
152 286.80
153 285.20
154 285.20
155 285.20
156 287.00
157 287.00
158 289.40
159 291.80
160 291.60
161 289.00
162 289.40
163 286.60
164 286.60
165 286.40
166 287.00
167 286.40
168 286.40
169 285.60
170 285.60
171 285.40
172 285.40
173 287.80
174 289.80
175 289.60
176 290.20
177 290.20
178 290.40
179 290.40
180 292.20
181 292.20
182 294.60
183 294.60
184 294.40
185 292.00
186 292.20
187 292.40
188 292.40
189 295.20
190 294.20
191 293.60
192 296.20
193 296.40
194 297.00
195 299.40
196 300.20
197 298.00
198 298.00
199 298.00
200 286.80
201 286.80
202 287.20
203 288.20
204 289.00
205 286.80
206 286.80
207 289.60
208 292.00
209 292.00
210 294.40
211 294.20
212 294.20
213 293.00
214 294.40
215 293.80
216 294.40
217 295.00
218 293.40
219 294.00
220 294.40
221 292.40
222 290.00
223 288.00
224 288.00
225 288.00
226 289.80
227 290.00
228 290.00
229 290.80
230 291.00
231 291.20
232 292.20
233 292.00
234 291.80
235 292.00
236 291.00
237 291.20
238 288.40
239 288.40
240 289.60
241 289.80
242 290.60
243 290.20
244 290.00
245 290.60
246 292.20
247 288.80
248 289.60
249 288.40
250 289.20
251 289.40
252 290.60
253 289.40
254 287.60
255 287.60
256 287.00
257 286.80
258 284.40
259 283.60
260 284.00
261 287.00
262 288.60
263 290.60
264 291.00
265 289.40
266 289.60
267 291.60
268 291.80
269 294.00
270 293.60
271 292.00
272 289.60
273 290.60
274 288.40
275 286.80
276 287.60
277 287.40
278 287.00
279 287.00
280 286.00
281 286.20
282 285.40
283 287.20
284 285.60
285 287.40
286 286.00
287 283.80
288 282.20
289 281.60
290 282.00
291 281.00
292 279.00
293 278.20
294 278.20
295 275.80
296 274.80
297 275.40
298 275.40
299 275.20
300 275.00
301 275.00
302 274.60
303 273.60
304 272.80
305 275.00
306 275.00
307 272.20
308 269.80
309 269.80
310 267.40
311 267.60
312 267.60
313 268.80
314 267.40
315 268.00
316 267.40
317 266.80
318 268.40
319 267.80
320 267.40
321 269.40
322 271.80
323 273.80
324 273.80
325 273.80
326 272.00
327 271.80
328 271.80
329 271.00
330 270.80
331 270.60
332 269.60
333 269.80
334 270.00
335 269.80
336 270.80
337 270.60
338 273.40
339 273.40
340 272.20
341 272.00
342 271.20
343 271.60
344 271.80
345 271.20
346 269.60
347 273.00
348 272.20
349 273.40
350 272.60
351 272.40
352 271.20
353 272.40
354 274.20
355 274.20
356 274.80
357 275.00
358 277.40
359 278.20
360 277.80
361 274.80
362 273.20
363 271.20
364 270.80
365 272.40
366 272.20
367 270.20
368 270.00
369 267.80
370 268.20
371 269.80
372 272.20
373 271.20
374 273.40
375 275.00
376 274.20
377 274.40
378 274.80
379 274.80
380 275.80
381 275.60
382 276.40
383 274.60
384 276.20
385 274.40
386 275.80
387 278.00
388 279.60
389 280.20
390 279.80
391 280.80
392 282.80
393 283.60
394 283.60
395 286.00
396 287.00
397 286.40
398 286.40
399 286.60
400 313.40
401 314.60
402 316.20
403 315.60
404 315.80
405 314.80
406 316.80
407 317.80
408 318.80
409 317.00
410 317.60
411 318.00
412 316.20
413 315.40
414 315.40
415 317.80
416 317.00
417 317.00
418 315.80
419 316.60
420 318.40
421 317.00
422 317.00
423 316.40
424 318.00
425 317.00
426 316.00
427 316.40
428 315.00
429 314.00
430 313.00
431 314.00
432 312.80
433 309.60
434 309.80
435 308.20
436 305.40
437 304.60
438 303.20
439 302.60
440 302.00
441 302.00
442 303.80
443 303.40
444 302.40
445 302.60
446 303.20
447 302.60
448 303.80
449 302.20
450 302.40
451 302.00
452 304.20
453 304.80
454 305.20
455 305.20
456 304.40
457 304.40
458 303.00
459 300.60
460 302.20
461 302.80
462 303.20
463 305.20
464 305.40
465 306.40
466 306.20
467 306.00
468 306.40
469 307.20
470 306.80
471 306.80
472 307.60
473 308.20
474 307.60
475 307.80
476 306.80
477 308.00
478 309.40
479 309.60
480 307.80
481 307.80
482 305.20
483 305.60
484 304.40
485 307.00
486 305.60
487 304.80
488 303.60
489 301.80
490 300.20
491 299.60
492 298.00
493 297.40
494 296.80
495 296.60
496 294.40
497 294.80
498 295.00
499 295.80
500 295.40
501 294.20
502 292.60
503 293.20
504 293.00
505 294.00
506 292.00
507 291.00
508 290.00
509 291.80
510 291.20
511 290.80
512 292.60
513 293.40
514 293.40
515 291.00
516 291.80
517 291.80
518 293.00
519 292.20
520 290.40
521 291.80
522 291.80
523 292.40
524 290.80
525 291.80
526 292.80
527 292.40
528 293.80
529 294.80
530 295.80
531 294.80
532 296.00
533 299.20
534 299.00
535 300.60
536 303.40
537 304.20
538 305.60
539 306.20
540 306.80
541 306.80
542 305.00
543 305.40
544 306.40
545 306.20
546 305.60
547 306.20
548 305.00
549 306.60
550 306.40
551 306.80
552 304.60
553 304.00
554 303.60
555 303.60
556 304.40
557 304.40
558 305.80
559 308.20
560 306.60
561 306.00
562 305.60
563 303.60
564 303.40
565 302.40
566 302.60
567 302.80
568 302.40
569 301.60
570 302.00
571 302.00
572 301.20
573 300.60
574 301.20
575 301.00
576 302.00
577 300.80
578 299.40
579 299.20
580 301.00
581 301.00
582 303.60
583 303.20
584 304.40
585 301.80
586 303.20
587 304.00
588 305.20
589 307.00
590 308.60
591 309.20
592 310.80
593 311.40
594 312.00
595 312.20
596 314.40
597 314.00
598 313.80
599 313.00
600 350.60
601 349.80
602 349.80
603 349.80
604 349.40
605 347.40
606 349.20
607 349.80
608 351.20
609 350.00
610 351.00
611 352.20
612 349.60
613 350.40
614 348.60
615 348.80
616 346.80
617 347.60
618 345.00
619 344.80
620 344.60
621 344.00
622 344.60
623 345.40
624 345.20
625 343.40
626 343.20
627 343.20
628 343.40
629 341.00
630 339.80
631 339.40
632 339.80
633 337.80
634 337.40
635 337.40
636 334.40
637 334.40
638 334.00
639 332.60
640 332.40
641 332.20
642 332.80
643 332.80
644 331.80
645 331.20
646 330.20
647 331.60
648 331.20
649 328.00
650 326.60
651 325.80
652 327.20
653 326.40
654 329.00
655 330.20
656 328.40
657 328.80
658 326.60
659 326.20
660 326.40
661 326.40
662 323.40
663 326.20
664 325.00
665 327.00
666 322.80
667 321.80
668 322.40
669 321.60
670 321.20
671 321.80
672 322.00
673 321.00
674 320.60
675 320.60
676 322.00
677 323.60
678 323.00
679 324.40
680 323.40
681 323.20
682 320.00
683 322.60
684 320.00
685 323.60
686 325.60
687 325.40
688 325.20
689 324.20
690 325.80
691 329.40
692 327.80
693 328.60
694 329.20
695 328.60
696 328.00
697 331.00
698 331.00
699 331.20
700 333.00
701 333.80
702 333.80
703 333.80
704 334.20
705 336.20
706 334.40
707 333.80
708 332.40
709 333.60
710 332.60
711 331.40
712 334.00
713 333.20
714 335.00
715 334.80
716 336.80
717 336.00
718 338.60
719 338.80
720 339.00
721 339.60
722 339.00
723 338.20
724 338.40
725 340.20
726 340.40
727 340.40
728 340.20
729 342.60
730 343.80
731 344.20
732 343.80
733 345.80
734 346.20
735 346.20
736 349.20
737 349.20
738 349.60
739 351.00
740 351.20
741 351.40
742 350.80
743 350.80
744 351.80
745 352.40
746 353.40
747 352.00
748 352.40
749 355.60
750 357.00
751 357.80
752 356.40
753 357.20
754 354.60
755 353.40
756 355.20
757 354.80
758 357.00
759 357.40
760 357.20
761 357.20
762 360.20
763 357.40
764 358.60
765 356.60
766 360.80
767 361.80
768 361.20
769 362.00
770 362.40
771 361.80
772 361.60
773 362.60
774 363.00
775 363.00
776 361.60
777 360.00
778 360.60
779 359.20
780 360.20
781 360.40
782 363.60
783 361.00
784 363.60
785 360.00
786 358.00
787 358.20
788 358.40
789 359.40
790 357.80
791 354.20
792 355.80
793 355.00
794 354.40
795 355.00
796 355.60
797 352.60
798 352.60
799 352.40
800 361.40
801 360.60
802 361.60
803 361.20
804 359.60
805 357.40
806 357.20
807 358.20
808 359.80
809 358.00
810 357.60
811 359.00
812 357.20
813 357.40
814 355.20
815 357.80
816 358.60
817 359.60
818 357.40
819 357.80
820 357.60
821 357.00
822 358.20
823 358.80
824 359.40
825 357.80
826 358.00
827 358.40
828 358.60
829 356.20
830 354.60
831 356.20
832 356.60
833 353.80
834 354.00
835 354.00
836 351.40
837 351.00
838 349.60
839 348.00
840 346.20
841 345.80
842 346.20
843 346.20
844 347.20
845 346.80
846 346.60
847 348.60
848 348.00
849 345.80
850 343.60
851 343.60
852 345.00
853 344.60
854 346.80
855 347.60
856 346.00
857 344.80
858 344.60
859 342.20
860 342.20
861 341.80
862 339.60
863 341.60
864 340.20
865 341.80
866 341.00
867 340.20
868 340.60
869 339.60
870 339.20
871 340.40
872 341.00
873 340.40
874 340.40
875 340.60
876 340.00
877 341.40
878 340.80
879 342.80
880 341.60
881 341.80
882 339.00
883 341.20
884 342.60
885 345.20
886 347.20
887 349.00
888 349.20
889 348.80
890 349.80
891 352.60
892 351.20
893 352.40
894 351.60
895 351.40
896 349.60
897 352.00
898 351.00
899 351.20
900 353.20
901 354.00
902 353.00
903 353.40
904 355.00
905 357.20
906 357.40
907 356.40
908 354.80
909 356.60
910 357.00
911 355.60
912 357.40
913 357.20
914 359.40
915 356.80
916 356.00
917 355.00
918 357.20
919 356.80
920 357.00
921 357.60
922 356.40
923 355.80
924 355.20
925 356.80
926 356.60
927 356.20
928 356.00
929 358.40
930 360.00
931 358.40
932 358.00
933 360.80
934 360.60
935 360.60
936 363.20
937 363.60
938 365.00
939 366.60
940 368.40
941 368.80
942 368.40
943 368.40
944 367.40
945 367.80
946 368.00
947 366.00
948 366.60
949 368.80
950 371.00
951 371.00
952 369.60
953 370.00
954 367.80
955 367.00
956 368.60
957 369.80
958 370.00
959 372.40
960 372.40
961 372.80
962 375.00
963 373.00
964 374.40
965 372.80
966 373.60
967 374.40
968 374.00
969 375.00
970 375.40
971 374.20
972 373.60
973 374.20
974 374.20
975 374.00
976 374.60
977 373.20
978 373.80
979 371.80
980 373.00
981 372.80
982 375.60
983 373.40
984 372.00
985 369.40
986 367.40
987 365.60
988 365.40
989 365.80
990 364.80
991 362.00
992 363.40
993 362.20
994 363.00
995 363.20
996 365.00
997 362.60
998 363.60
999 363.40
1000 361.80
1001 361.00
1002 361.40
1003 361.60
1004 361.00
1005 359.80
1006 362.20
1007 363.20
1008 365.20
1009 362.80
1010 363.00
1011 362.60
1012 360.80
1013 363.20
1014 361.20
1015 361.40
1016 360.60
1017 361.60
1018 359.00
1019 359.40
1020 359.80
1021 359.20
1022 360.00
1023 362.80
1024 364.80
1025 366.00
1026 364.80
1027 362.20
1028 360.20
1029 357.60
1030 356.00
1031 357.80
1032 358.20
1033 357.20
1034 356.20
1035 356.20
1036 353.40
1037 353.60
1038 352.80
1039 351.80
1040 349.80
1041 349.60
1042 350.20
1043 350.20
1044 351.60
1045 351.20
1046 351.00
1047 352.60
1048 351.80
1049 350.60
1050 350.80
1051 351.00
1052 351.00
1053 351.00
1054 351.60
1055 352.60
1056 352.40
1057 352.80
1058 350.40
1059 349.60
1060 349.80
1061 350.60
1062 350.00
1063 353.60
1064 352.80
1065 355.00
1066 354.60
1067 354.00
1068 354.40
1069 353.40
1070 352.40
1071 351.40
1072 352.00
1073 349.40
1074 349.20
1075 347.40
1076 348.40
1077 350.00
1078 349.80
1079 351.80
1080 351.00
1081 350.80
1082 347.60
1083 349.40
1084 349.60
1085 350.80
1086 351.00
1087 350.60
1088 348.60
1089 348.60
1090 349.60
1091 348.20
1092 344.80
1093 345.80
1094 345.00
1095 342.80
1096 341.00
1097 343.60
1098 344.00
1099 345.00
1100 344.60
1101 345.40
1102 345.00
1103 344.80
1104 345.40
1105 346.60
1106 344.20
1107 343.20
1108 341.20
1109 343.60
1110 343.40
1111 343.80
1112 345.60
1113 343.20
1114 345.20
1115 345.00
1116 345.80
1117 344.80
1118 347.40
1119 347.00
1120 346.60
1121 347.20
1122 346.40
1123 343.60
1124 341.60
1125 340.40
1126 341.60
1127 344.20
1128 346.20
1129 348.80
1130 350.40
1131 348.60
1132 348.20
1133 349.20
1134 350.20
1135 350.20
1136 353.00
1137 352.80
1138 353.60
1139 354.60
1140 356.60
1141 356.80
1142 356.20
1143 356.20
1144 354.80
1145 355.20
1146 355.40
1147 353.80
1148 354.60
1149 355.80
1150 355.60
1151 355.40
1152 355.40
1153 355.40
1154 354.80
1155 353.80
1156 354.00
1157 353.60
1158 356.00
1159 356.80
1160 356.60
1161 355.80
1162 356.40
1163 352.80
1164 353.60
1165 351.40
1166 351.80
1167 352.40
1168 352.00
1169 353.00
1170 354.00
1171 355.00
1172 354.40
1173 357.00
1174 357.20
1175 359.00
1176 358.00
1177 356.40
1178 356.60
1179 354.60
1180 355.40
1181 355.60
1182 358.80
1183 357.00
1184 356.80
1185 355.60
1186 355.40
1187 355.80
1188 357.80
1189 357.80
1190 356.80
1191 358.20
1192 361.60
1193 360.60
1194 361.40
1195 363.60
1196 365.40
1197 362.80
1198 362.40
1199 361.40
1200 374.40
1201 375.40
1202 377.40
1203 377.00
1204 376.20
1205 375.00
1206 375.00
1207 376.20
1208 378.20
1209 376.20
1210 376.00
1211 377.60
1212 375.20
1213 373.40
1214 372.60
1215 372.40
1216 370.80
1217 371.80
1218 369.20
1219 369.80
1220 369.60
1221 369.20
1222 370.00
1223 368.60
1224 369.20
1225 368.00
1226 368.20
1227 368.80
1228 369.00
1229 366.60
1230 365.00
1231 366.80
1232 366.80
1233 366.20
1234 366.20
1235 366.20
1236 363.80
1237 363.40
1238 362.20
1239 360.80
1240 358.60
1241 358.40
1242 358.80
1243 359.40
1244 360.20
1245 359.40
1246 357.40
1247 359.40
1248 358.80
1249 357.80
1250 356.00
1251 355.80
1252 357.00
1253 356.60
1254 354.60
1255 353.00
1256 351.40
1257 351.80
1258 351.60
1259 349.20
1260 349.20
1261 351.00
1262 348.80
1263 348.80
1264 347.00
1265 348.20
1266 349.40
1267 348.40
1268 349.00
1269 347.80
1270 347.40
1271 348.80
1272 349.40
1273 348.60
1274 348.60
1275 350.00
1276 349.40
1277 350.80
1278 350.60
1279 350.60
1280 349.20
1281 349.00
1282 346.20
1283 348.40
1284 347.80
1285 348.00
1286 350.00
1287 347.20
1288 345.60
1289 345.00
1290 343.20
1291 346.00
1292 344.40
1293 345.60
1294 347.00
1295 346.80
1296 346.00
1297 348.60
1298 347.60
1299 347.80
1300 350.00
1301 349.00
1302 347.00
1303 347.40
1304 348.20
1305 349.40
1306 349.40
1307 348.20
1308 346.20
1309 348.20
1310 348.40
1311 346.80
1312 349.20
1313 351.00
1314 351.80
1315 352.00
1316 353.60
1317 352.60
1318 355.20
1319 354.60
1320 354.80
1321 355.20
1322 354.40
1323 355.80
1324 355.20
1325 356.40
1326 356.20
1327 355.60
1328 355.40
1329 357.80
1330 359.40
1331 357.60
1332 357.60
1333 358.20
1334 358.20
1335 358.20
1336 360.60
1337 361.00
1338 362.20
1339 363.60
1340 365.80
1341 366.00
1342 365.60
1343 365.00
1344 364.20
1345 365.00
1346 367.00
1347 365.00
1348 365.60
1349 366.60
1350 368.40
1351 368.60
1352 367.40
1353 367.80
1354 369.80
1355 371.40
1356 373.00
1357 372.60
1358 372.80
1359 375.20
1360 375.20
1361 373.40
1362 375.60
1363 375.60
1364 377.40
1365 376.20
1366 375.00
1367 376.00
1368 375.40
1369 376.60
1370 377.00
1371 375.60
1372 375.00
1373 375.80
1374 375.80
1375 374.40
1376 375.00
1377 373.60
1378 373.80
1379 373.80
1380 375.20
1381 375.40
1382 378.20
1383 376.00
1384 376.60
1385 376.40
1386 374.40
1387 377.20
1388 378.80
1389 379.40
1390 381.20
1391 378.40
1392 380.00
1393 378.80
1394 377.40
1395 377.60
1396 378.40
1397 375.80
1398 376.80
1399 376.60
1400 347.20
1401 348.80
1402 349.60
1403 349.60
1404 349.20
1405 348.60
1406 350.80
1407 352.40
1408 353.00
1409 350.40
1410 350.40
1411 351.60
1412 348.80
1413 349.40
1414 347.80
1415 348.00
1416 348.80
1417 349.40
1418 347.40
1419 346.20
1420 348.00
1421 347.60
1422 349.20
1423 350.20
1424 352.60
1425 350.80
1426 350.20
1427 350.60
1428 352.00
1429 350.60
1430 348.80
1431 350.40
1432 351.00
1433 350.40
1434 350.20
1435 350.00
1436 350.00
1437 350.20
1438 348.60
1439 347.00
1440 347.00
1441 346.20
1442 346.20
1443 346.80
1444 347.60
1445 347.60
1446 346.00
1447 347.00
1448 346.40
1449 345.80
1450 347.20
1451 344.20
1452 345.40
1453 345.00
1454 344.80
1455 345.60
1456 344.00
1457 344.00
1458 344.20
1459 342.20
1460 344.60
1461 344.80
1462 342.60
1463 343.40
1464 342.20
1465 343.40
1466 339.60
1467 338.80
1468 339.00
1469 337.40
1470 337.00
1471 337.60
1472 337.80
1473 338.00
1474 337.80
1475 338.00
1476 337.40
1477 339.40
1478 340.40
1479 340.40
1480 339.00
1481 339.20
1482 336.20
1483 337.00
1484 334.40
1485 337.20
1486 339.00
1487 338.20
1488 336.20
1489 336.40
1490 334.60
1491 335.80
1492 335.40
1493 336.40
1494 338.40
1495 336.80
1496 335.60
1497 337.00
1498 336.80
1499 336.80
1500 338.40
1501 336.80
1502 336.00
1503 336.00
1504 336.40
1505 337.00
1506 334.80
1507 333.20
1508 332.60
1509 335.20
1510 335.20
1511 334.00
1512 336.80
1513 336.20
1514 337.80
1515 337.60
1516 336.80
1517 336.20
1518 338.20
1519 339.40
1520 337.60
1521 338.00
1522 336.40
1523 335.40
1524 333.00
1525 334.80
1526 335.40
1527 335.00
1528 333.60
1529 335.00
1530 336.80
1531 335.20
1532 334.60
1533 335.20
1534 335.40
1535 335.60
1536 335.60
1537 335.40
1538 337.00
1539 338.60
1540 338.60
1541 339.40
1542 339.40
1543 338.80
1544 338.00
1545 338.00
1546 339.60
1547 338.60
1548 339.20
1549 339.80
1550 338.40
1551 341.40
1552 340.20
1553 340.60
1554 340.80
1555 340.00
1556 341.60
1557 341.60
1558 341.40
1559 343.40
1560 341.00
1561 340.80
1562 343.00
1563 342.20
1564 343.40
1565 342.20
1566 346.00
1567 346.80
1568 346.60
1569 348.20
1570 348.60
1571 348.00
1572 347.80
1573 347.60
1574 347.80
1575 347.60
1576 348.20
1577 346.20
1578 345.20
1579 345.20
1580 346.60
1581 346.40
1582 349.40
1583 348.60
1584 351.20
1585 348.40
1586 346.60
1587 347.40
1588 349.40
1589 349.20
1590 351.00
1591 349.80
1592 350.20
1593 349.20
1594 347.20
1595 348.80
1596 350.00
1597 348.60
1598 348.80
1599 348.80
1600 354.00
1601 353.00
1602 354.80
1603 354.80
1604 353.80
1605 353.00
1606 351.40
1607 352.40
1608 353.80
1609 352.20
1610 352.80
1611 354.60
1612 352.40
1613 350.20
1614 351.60
1615 352.60
1616 352.40
1617 353.20
1618 352.20
1619 352.20
1620 352.80
1621 352.60
1622 353.80
1623 353.00
1624 356.00
1625 356.60
1626 355.80
1627 355.80
1628 356.00
1629 354.00
1630 352.20
1631 351.80
1632 352.20
1633 352.80
1634 352.40
1635 352.40
1636 350.20
1637 350.00
1638 349.00
1639 347.60
1640 347.60
1641 347.00
1642 347.20
1643 347.40
1644 348.00
1645 347.60
1646 346.00
1647 347.40
1648 349.00
1649 345.20
1650 343.00
1651 342.20
1652 344.20
1653 345.60
1654 347.00
1655 347.40
1656 346.40
1657 346.40
1658 345.00
1659 344.40
1660 344.40
1661 344.60
1662 343.00
1663 343.40
1664 342.00
1665 343.00
1666 341.60
1667 340.80
1668 341.40
1669 339.00
1670 338.20
1671 337.80
1672 337.80
1673 337.60
1674 337.60
1675 338.00
1676 339.00
1677 341.20
1678 340.20
1679 341.60
1680 340.60
1681 340.40
1682 337.40
1683 339.60
1684 336.80
1685 335.20
1686 337.00
1687 336.40
1688 336.00
1689 335.60
1690 334.40
1691 337.00
1692 335.80
1693 336.60
1694 335.80
1695 335.40
1696 335.40
1697 338.60
1698 338.80
1699 340.00
1700 341.60
1701 342.60
1702 340.80
1703 340.80
1704 341.80
1705 342.60
1706 344.20
1707 343.20
1708 341.80
1709 343.40
1710 342.80
1711 341.00
1712 343.20
1713 345.40
1714 344.00
1715 343.00
1716 343.20
1717 342.40
1718 343.40
1719 343.40
1720 342.80
1721 343.00
1722 341.80
1723 342.60
1724 339.60
1725 339.00
1726 339.80
1727 339.80
1728 339.60
1729 341.60
1730 343.40
1731 343.80
1732 343.40
1733 342.80
1734 343.20
1735 343.20
1736 345.40
1737 345.60
1738 346.60
1739 348.00
1740 348.00
1741 348.60
1742 348.40
1743 348.20
1744 347.60
1745 348.00
1746 349.60
1747 348.20
1748 346.60
1749 350.40
1750 352.60
1751 353.40
1752 351.40
1753 350.00
1754 348.60
1755 348.20
1756 349.20
1757 349.20
1758 350.60
1759 351.20
1760 351.20
1761 351.00
1762 352.60
1763 352.20
1764 353.60
1765 352.60
1766 354.00
1767 354.80
1768 354.20
1769 356.60
1770 357.40
1771 357.80
1772 357.80
1773 358.00
1774 358.00
1775 357.60
1776 356.60
1777 354.40
1778 355.40
1779 354.00
1780 355.00
1781 355.20
1782 358.20
1783 356.00
1784 358.80
1785 360.40
1786 358.60
1787 359.20
1788 359.60
1789 360.00
1790 361.20
1791 358.60
1792 359.80
1793 359.00
1794 359.80
1795 360.20
1796 360.20
1797 357.00
1798 356.80
1799 355.60
1800 311.40
1801 309.80
1802 308.20
1803 308.20
1804 308.00
1805 310.00
1806 311.40
1807 314.80
1808 311.60
1809 312.40
1810 313.80
1811 314.60
1812 316.20
1813 314.20
1814 315.80
1815 316.20
1816 314.40
1817 315.20
1818 315.00
1819 315.80
1820 316.20
1821 312.80
1822 311.20
1823 311.20
1824 312.00
1825 313.00
1826 315.20
1827 316.00
1828 319.20
1829 321.60
1830 320.80
1831 319.40
1832 316.40
1833 314.60
1834 312.80
1835 312.80
1836 312.40
1837 311.20
1838 310.00
1839 310.60
1840 312.80
1841 313.40
1842 314.00
1843 316.80
1844 317.60
1845 316.60
1846 315.60
1847 316.60
1848 316.00
1849 316.20
1850 316.60
1851 317.60
1852 319.20
1853 320.60
1854 320.80
1855 322.00
1856 321.00
1857 321.20
1858 324.00
1859 323.80
1860 325.40
1861 324.60
1862 325.20
1863 322.40
1864 323.60
1865 322.60
1866 321.80
1867 322.80
1868 323.60
1869 321.40
1870 321.40
1871 320.40
1872 323.00
1873 324.00
1874 321.20
1875 320.20
1876 320.80
1877 322.00
1878 320.20
1879 322.00
1880 318.60
1881 319.40
1882 318.60
1883 320.60
1884 318.20
1885 318.40
1886 317.80
1887 317.20
1888 315.80
1889 314.60
1890 312.40
1891 311.20
1892 313.40
1893 313.20
1894 312.20
1895 312.40
1896 312.40
1897 312.80
1898 313.00
1899 311.80
1900 311.40
1901 313.00
1902 314.60
1903 314.60
1904 314.80
1905 312.80
1906 311.40
1907 308.00
1908 311.20
1909 310.40
1910 309.00
1911 308.20
1912 306.60
1913 308.60
1914 307.00
1915 306.60
1916 308.40
1917 307.60
1918 307.80
1919 307.00
1920 306.60
1921 310.00
1922 311.60
1923 311.60
1924 310.80
1925 309.80
1926 307.60
1927 306.80
1928 303.60
1929 301.20
1930 302.00
1931 303.40
1932 306.40
1933 308.20
1934 310.00
1935 310.00
1936 310.40
1937 311.60
1938 312.80
1939 312.20
1940 310.00
1941 309.40
1942 308.80
1943 306.00
1944 305.20
1945 306.20
1946 307.20
1947 306.20
1948 306.80
1949 306.60
1950 306.20
1951 305.20
1952 303.60
1953 302.20
1954 302.00
1955 300.80
1956 301.80
1957 301.60
1958 298.80
1959 299.00
1960 297.40
1961 298.20
1962 297.60
1963 300.40
1964 299.20
1965 300.20
1966 301.00
1967 300.00
1968 299.20
1969 301.40
1970 301.40
1971 302.40
1972 299.80
1973 298.80
1974 301.60
1975 302.60
1976 302.00
1977 300.80
1978 302.60
1979 300.80
1980 304.20
1981 303.40
1982 304.20
1983 302.20
1984 304.60
1985 304.40
1986 305.00
1987 305.60
1988 307.00
1989 308.20
1990 310.40
1991 311.60
1992 309.40
1993 309.60
1994 310.60
1995 310.40
1996 310.40
1997 310.00
1998 309.80
1999 311.00
2000 365.20
2001 366.20
2002 368.20
2003 368.20
2004 368.80
2005 367.20
2006 367.40
2007 367.60
2008 368.40
2009 368.60
2010 367.00
2011 368.80
2012 368.00
2013 366.20
2014 367.20
2015 366.60
2016 365.80
2017 366.60
2018 366.40
2019 367.00
2020 366.80
2021 366.20
2022 367.40
2023 366.00
2024 367.00
2025 367.40
2026 366.80
2027 368.00
2028 368.60
2029 366.20
2030 364.60
2031 364.40
2032 364.60
2033 362.80
2034 365.00
2035 365.60
2036 365.00
2037 365.00
2038 363.60
2039 362.40
2040 360.40
2041 360.20
2042 361.00
2043 361.20
2044 361.60
2045 361.60
2046 361.80
2047 363.00
2048 362.60
2049 361.80
2050 361.20
2051 358.40
2052 360.00
2053 360.40
2054 360.60
2055 361.00
2056 359.00
2057 359.00
2058 358.20
2059 356.20
2060 356.20
2061 356.00
2062 353.40
2063 355.80
2064 356.00
2065 357.60
2066 358.00
2067 357.00
2068 355.80
2069 353.80
2070 353.40
2071 353.20
2072 353.00
2073 353.00
2074 352.80
2075 353.60
2076 353.20
2077 353.40
2078 355.20
2079 355.20
2080 355.00
2081 355.00
2082 351.80
2083 354.00
2084 355.40
2085 357.80
2086 358.80
2087 358.00
2088 357.60
2089 357.20
2090 356.40
2091 359.40
2092 358.40
2093 359.20
2094 359.20
2095 357.40
2096 357.40
2097 357.80
2098 357.80
2099 358.60
2100 358.80
2101 357.80
2102 355.80
2103 355.80
2104 355.20
2105 356.80
2106 356.60
2107 356.40
2108 355.60
2109 355.40
2110 357.00
2111 355.20
2112 356.00
2113 357.80
2114 356.80
2115 357.40
2116 358.20
2117 357.40
2118 357.60
2119 357.00
2120 357.20
2121 357.80
2122 356.60
2123 358.00
2124 357.00
2125 356.60
2126 357.20
2127 356.00
2128 355.40
2129 357.80
2130 359.40
2131 359.60
2132 359.40
2133 361.20
2134 359.00
2135 358.40
2136 359.00
2137 359.00
2138 360.40
2139 361.60
2140 363.60
2141 363.80
2142 363.00
2143 362.80
2144 362.40
2145 362.40
2146 362.20
2147 361.00
2148 361.40
2149 362.20
2150 362.80
2151 365.60
2152 364.00
2153 363.60
2154 363.40
2155 363.00
2156 365.00
2157 365.00
2158 365.80
2159 367.80
2160 367.80
2161 368.00
2162 370.60
2163 368.20
2164 368.00
2165 366.40
2166 366.00
2167 367.00
2168 368.20
2169 370.20
2170 370.60
2171 370.80
2172 371.00
2173 371.00
2174 371.20
2175 370.40
2176 370.80
2177 370.60
2178 368.80
2179 368.80
2180 369.00
2181 369.00
2182 372.20
2183 370.00
2184 368.60
2185 366.20
2186 365.20
2187 366.00
2188 366.40
2189 366.80
2190 367.60
2191 364.60
2192 365.60
2193 364.80
2194 364.80
2195 366.60
2196 366.60
2197 366.20
2198 366.20
2199 365.40
2200 356.20
2201 356.60
2202 358.20
2203 358.60
2204 357.60
2205 356.20
2206 356.20
2207 356.20
2208 356.60
2209 354.80
2210 353.80
2211 353.00
2212 350.80
2213 349.60
2214 351.40
2215 351.60
2216 350.60
2217 351.60
2218 348.00
2219 347.80
2220 349.60
2221 348.80
2222 349.00
2223 349.00
2224 351.60
2225 349.40
2226 348.00
2227 349.00
2228 349.20
2229 348.20
2230 346.00
2231 345.40
2232 345.40
2233 346.00
2234 344.00
2235 344.20
2236 341.80
2237 341.20
2238 338.80
2239 339.60
2240 339.40
2241 338.80
2242 339.40
2243 339.80
2244 340.20
2245 340.00
2246 339.20
2247 340.60
2248 342.20
2249 341.60
2250 342.80
2251 342.60
2252 344.40
2253 346.40
2254 347.20
2255 348.60
2256 347.80
2257 347.80
2258 346.60
2259 346.60
2260 346.00
2261 346.00
2262 344.20
2263 344.40
2264 345.20
2265 345.80
2266 342.60
2267 342.20
2268 342.40
2269 340.60
2270 341.20
2271 340.60
2272 339.20
2273 336.80
2274 335.80
2275 336.00
2276 336.80
2277 338.20
2278 337.20
2279 335.40
2280 335.00
2281 336.00
2282 333.00
2283 334.80
2284 335.20
2285 335.80
2286 337.60
2287 337.00
2288 334.80
2289 334.40
2290 331.60
2291 332.40
2292 331.00
2293 329.80
2294 329.60
2295 327.80
2296 328.60
2297 331.60
2298 332.00
2299 332.40
2300 332.00
2301 331.60
2302 330.00
2303 329.60
2304 330.60
2305 332.00
2306 332.00
2307 332.00
2308 331.60
2309 333.40
2310 334.40
2311 335.20
2312 337.40
2313 338.60
2314 336.80
2315 336.60
2316 337.60
2317 336.60
2318 340.20
2319 340.40
2320 338.60
2321 339.40
2322 339.20
2323 339.20
2324 336.60
2325 338.80
2326 340.20
2327 339.20
2328 339.00
2329 340.00
2330 342.20
2331 342.80
2332 342.80
2333 342.20
2334 344.20
2335 344.00
2336 346.40
2337 347.00
2338 349.40
2339 348.60
2340 348.80
2341 349.40
2342 348.80
2343 348.40
2344 348.00
2345 348.20
2346 349.00
2347 347.60
2348 346.00
2349 346.60
2350 345.40
2351 345.60
2352 343.80
2353 341.80
2354 341.00
2355 339.60
2356 340.40
2357 340.40
2358 341.60
2359 341.60
2360 342.20
2361 342.20
2362 344.00
2363 343.80
2364 343.00
2365 342.40
2366 345.60
2367 346.00
2368 345.80
2369 347.60
2370 347.00
2371 347.60
2372 349.00
2373 351.40
2374 352.40
2375 352.20
2376 351.40
2377 350.00
2378 351.00
2379 352.80
2380 353.20
2381 352.20
2382 355.20
2383 353.40
2384 353.00
2385 352.40
2386 350.60
2387 351.20
2388 353.40
2389 353.80
2390 356.60
2391 355.80
2392 357.20
2393 358.40
2394 358.60
2395 360.40
2396 359.60
2397 356.60
2398 356.20
2399 355.80
2400 365.00
2401 363.80
2402 366.00
2403 365.80
2404 363.80
2405 362.40
2406 362.80
2407 363.60
2408 365.60
2409 363.80
2410 365.80
2411 365.60
2412 365.80
2413 366.00
2414 365.80
2415 366.00
2416 365.60
2417 366.60
2418 366.00
2419 365.80
2420 366.00
2421 365.40
2422 366.40
2423 364.80
2424 367.00
2425 366.00
2426 364.20
2427 362.60
2428 361.40
2429 360.00
2430 358.20
2431 357.80
2432 357.80
2433 355.20
2434 355.80
2435 353.80
2436 351.00
2437 351.00
2438 349.80
2439 351.00
2440 349.20
2441 347.60
2442 348.00
2443 348.40
2444 347.40
2445 347.60
2446 346.40
2447 347.60
2448 347.40
2449 344.80
2450 342.80
2451 345.00
2452 346.80
2453 348.40
2454 350.60
2455 352.40
2456 350.40
2457 350.20
2458 347.80
2459 345.80
2460 346.00
2461 348.20
2462 348.80
2463 351.60
2464 350.40
2465 351.80
2466 348.80
2467 347.60
2468 348.80
2469 346.40
2470 345.80
2471 345.20
2472 344.40
2473 344.00
2474 344.00
2475 345.60
2476 345.00
2477 346.20
2478 345.80
2479 347.60
2480 347.00
2481 346.40
2482 344.00
2483 344.40
2484 344.80
2485 342.60
2486 342.00
2487 339.20
2488 337.20
2489 335.00
2490 336.00
2491 337.20
2492 335.60
2493 336.20
2494 335.80
2495 335.80
2496 336.00
2497 336.40
2498 336.40
2499 338.00
2500 339.40
2501 340.60
2502 338.40
2503 338.60
2504 340.60
2505 342.00
2506 341.60
2507 340.80
2508 338.80
2509 340.60
2510 338.60
2511 338.80
2512 338.60
2513 338.40
2514 338.60
2515 338.40
2516 338.80
2517 337.80
2518 338.40
2519 338.60
2520 338.40
2521 339.00
2522 338.00
2523 339.60
2524 337.40
2525 338.40
2526 340.20
2527 341.80
2528 343.00
2529 344.40
2530 346.20
2531 346.60
2532 346.60
2533 349.20
2534 348.60
2535 350.60
2536 353.40
2537 353.40
2538 354.60
2539 353.40
2540 355.20
2541 356.80
2542 356.40
2543 356.00
2544 357.00
2545 356.80
2546 358.00
2547 356.80
2548 357.00
2549 359.60
2550 361.60
2551 359.40
2552 357.60
2553 356.00
2554 353.80
2555 352.00
2556 354.00
2557 354.20
2558 356.60
2559 358.60
2560 358.40
2561 356.20
2562 355.60
2563 352.80
2564 354.00
2565 352.60
2566 355.60
2567 356.80
2568 355.60
2569 358.00
2570 358.60
2571 359.20
2572 360.00
2573 360.40
2574 360.40
2575 358.80
2576 359.40
2577 358.20
2578 358.60
2579 356.80
2580 357.40
2581 358.00
2582 360.40
2583 360.00
2584 359.60
2585 361.80
2586 362.40
2587 365.20
2588 367.20
2589 369.40
2590 368.40
2591 367.20
2592 368.80
2593 368.20
2594 368.60
2595 368.60
2596 368.40
2597 368.00
2598 368.00
2599 366.40
2600 335.40
2601 335.00
2602 335.20
2603 335.40
2604 335.20
2605 333.60
2606 334.80
2607 334.20
2608 335.20
2609 335.40
2610 335.60
2611 336.60
2612 336.60
2613 337.80
2614 339.00
2615 336.60
2616 334.80
2617 335.80
2618 335.40
2619 335.60
2620 335.80
2621 334.40
2622 334.20
2623 334.20
2624 334.60
2625 334.80
2626 334.00
2627 332.80
2628 332.60
2629 331.20
2630 332.20
2631 332.60
2632 333.20
2633 332.00
2634 332.60
2635 332.80
2636 330.60
2637 330.60
2638 328.40
2639 328.60
2640 327.60
2641 326.60
2642 327.40
2643 327.80
2644 328.00
2645 327.00
2646 326.80
2647 327.80
2648 328.00
2649 327.00
2650 327.40
2651 327.00
2652 328.20
2653 329.00
2654 329.20
2655 329.40
2656 329.20
2657 329.00
2658 328.20
2659 327.80
2660 329.20
2661 330.00
2662 329.60
2663 331.00
2664 331.00
2665 331.60
2666 331.60
2667 332.60
2668 333.20
2669 331.20
2670 331.20
2671 330.40
2672 329.00
2673 331.60
2674 330.20
2675 330.00
2676 330.20
2677 329.20
2678 329.00
2679 328.20
2680 328.40
2681 328.40
2682 327.60
2683 328.00
2684 327.80
2685 328.00
2686 328.60
2687 327.60
2688 327.40
2689 326.40
2690 325.80
2691 326.80
2692 325.00
2693 324.60
2694 324.00
2695 323.60
2696 323.20
2697 321.40
2698 320.80
2699 321.80
2700 321.80
2701 322.20
2702 322.00
2703 321.80
2704 322.00
2705 323.60
2706 322.40
2707 323.00
2708 322.00
2709 321.80
2710 321.60
2711 320.60
2712 320.60
2713 319.40
2714 318.20
2715 320.60
2716 322.40
2717 321.40
2718 321.80
2719 321.60
2720 321.40
2721 322.80
2722 323.00
2723 323.00
2724 322.60
2725 322.40
2726 323.20
2727 324.40
2728 324.60
2729 326.00
2730 325.00
2731 324.60
2732 324.00
2733 325.20
2734 324.60
2735 324.40
2736 326.60
2737 326.60
2738 328.80
2739 328.60
2740 329.60
2741 330.60
2742 329.80
2743 329.40
2744 329.20
2745 330.20
2746 330.40
2747 329.40
2748 329.20
2749 330.20
2750 329.80
2751 330.20
2752 329.00
2753 328.20
2754 328.00
2755 327.80
2756 328.00
2757 328.20
2758 329.00
2759 329.40
2760 328.00
2761 327.20
2762 327.60
2763 326.20
2764 326.20
2765 325.60
2766 325.60
2767 324.60
2768 324.00
2769 326.00
2770 326.00
2771 326.80
2772 328.20
2773 325.60
2774 327.00
2775 327.20
2776 327.00
2777 328.00
2778 328.20
2779 329.00
2780 328.80
2781 328.80
2782 329.60
2783 329.20
2784 329.40
2785 329.20
2786 328.60
2787 329.60
2788 329.80
2789 330.80
2790 331.40
2791 330.40
2792 332.20
2793 332.60
2794 333.20
2795 333.60
2796 334.00
2797 335.80
2798 336.40
2799 335.40
2800 362.60
2801 362.80
2802 363.40
2803 363.20
2804 362.20
2805 360.40
2806 360.80
2807 361.80
2808 362.20
2809 363.00
2810 363.40
2811 364.60
2812 364.80
2813 364.60
2814 366.20
2815 366.80
2816 364.60
2817 366.00
2818 365.60
2819 366.00
2820 365.80
2821 365.00
2822 364.40
2823 364.40
2824 364.40
2825 364.40
2826 362.40
2827 362.60
2828 362.80
2829 360.40
2830 360.40
2831 361.40
2832 361.40
2833 361.60
2834 362.40
2835 362.40
2836 361.00
2837 361.00
2838 360.00
2839 360.60
2840 359.80
2841 359.00
2842 359.40
2843 359.80
2844 360.00
2845 359.20
2846 357.80
2847 358.80
2848 358.00
2849 357.20
2850 357.40
2851 357.60
2852 359.00
2853 360.20
2854 361.20
2855 362.00
2856 361.40
2857 362.20
2858 361.40
2859 361.60
2860 363.60
2861 365.80
2862 366.00
2863 367.00
2864 367.60
2865 367.00
2866 368.20
2867 369.40
2868 370.00
2869 368.60
2870 367.80
2871 367.60
2872 365.80
2873 365.20
2874 364.60
2875 364.20
2876 364.60
2877 364.00
2878 363.80
2879 363.40
2880 363.00
2881 362.80
2882 361.40
2883 362.20
2884 362.00
2885 362.60
2886 364.00
2887 363.60
2888 363.40
2889 361.60
2890 361.40
2891 362.00
2892 360.40
2893 358.80
2894 359.40
2895 358.80
2896 358.20
2897 356.80
2898 356.00
2899 356.80
2900 356.60
2901 356.40
2902 355.80
2903 356.00
2904 357.00
2905 358.80
2906 358.40
2907 357.40
2908 357.00
2909 356.20
2910 355.80
2911 354.60
2912 354.40
2913 354.60
2914 353.00
2915 352.40
2916 354.60
2917 353.20
2918 353.60
2919 353.20
2920 353.40
2921 354.20
2922 354.80
2923 354.80
2924 354.80
2925 354.80
2926 356.80
2927 356.60
2928 356.40
2929 358.80
2930 358.80
2931 357.80
2932 357.80
2933 357.60
2934 356.80
2935 356.80
2936 358.20
2937 358.20
2938 359.20
2939 358.60
2940 359.40
2941 360.20
2942 359.80
2943 359.40
2944 359.20
2945 360.00
2946 361.40
2947 360.40
2948 361.20
2949 362.00
2950 361.80
2951 361.60
2952 360.20
2953 359.00
2954 358.00
2955 357.20
2956 357.80
2957 357.00
2958 357.80
2959 357.60
2960 355.60
2961 353.40
2962 353.20
2963 352.20
2964 351.60
2965 352.20
2966 351.00
2967 349.80
2968 349.20
2969 350.60
2970 351.40
2971 351.60
2972 353.40
2973 354.00
2974 354.60
2975 355.00
2976 354.60
2977 355.20
2978 355.40
2979 355.80
2980 356.20
2981 356.40
2982 357.80
2983 357.00
2984 357.20
2985 356.60
2986 355.20
2987 355.60
2988 355.80
2989 357.60
2990 357.80
2991 357.20
2992 358.80
2993 360.40
2994 359.80
2995 360.40
2996 361.00
2997 362.40
2998 363.20
2999 362.40
