0 167.33
1 215.33
2 268.67
3 196.00
4 270.00
5 188.00
6 351.33
7 307.33
8 234.00
9 180.67
10 190.67
11 196.67
12 238.00
13 221.33
14 210.67
15 238.67
16 206.00
17 170.67
18 201.33
19 197.33
20 205.33
21 190.67
22 251.33
23 195.33
24 217.33
25 205.33
26 214.00
27 179.33
28 199.33
29 272.00
30 248.67
31 220.00
32 206.00
33 227.33
34 170.00
35 178.00
36 198.67
37 238.00
38 195.33
39 250.67
40 254.00
41 218.67
42 195.33
43 244.67
44 336.00
45 209.33
46 262.67
47 208.67
48 198.00
49 191.33
50 300.67
51 204.67
52 252.67
53 225.33
54 272.67
55 295.33
56 274.67
57 264.00
58 328.67
59 278.67
60 245.33
61 236.00
62 190.00
63 186.00
64 216.00
65 231.33
66 236.00
67 306.67
68 180.67
69 291.33
70 214.67
71 187.33
72 318.67
73 174.67
74 232.00
75 214.67
76 225.33
77 203.33
78 206.00
79 236.67
80 194.00
81 211.33
82 198.67
83 199.33
84 232.00
85 148.00
86 226.67
87 226.67
88 237.33
89 198.67
90 162.00
91 216.67
92 294.67
93 213.33
94 270.00
95 190.00
96 225.33
97 206.00
98 244.00
99 201.33
100 204.00
101 241.33
102 326.00
103 195.33
104 190.00
105 312.00
106 222.67
107 182.00
108 182.00
109 266.00
110 179.33
111 196.00
112 224.67
113 162.00
114 216.00
115 238.67
116 195.33
117 195.33
118 200.00
119 269.33
120 180.67
121 292.00
122 244.67
123 192.00
124 184.67
125 174.00
126 290.67
127 309.33
128 266.00
129 284.67
130 202.00
131 235.33
132 222.00
133 296.00
134 214.00
135 300.00
136 192.67
137 298.67
138 218.00
139 238.00
140 267.33
141 290.67
142 260.00
143 293.33
144 255.33
145 180.67
146 232.67
147 238.00
148 291.33
149 192.00
150 245.33
151 232.67
152 198.00
153 249.33
154 240.00
155 218.00
156 258.00
157 229.33
158 220.67
159 227.33
160 206.00
161 240.00
162 216.00
163 276.67
164 176.67
165 229.33
166 316.00
167 165.33
168 186.67
169 229.33
170 210.00
171 194.00
172 272.00
173 276.67
174 199.33
175 215.33
176 176.00
177 194.67
178 220.67
179 308.67
180 230.00
181 321.33
182 181.33
183 181.33
184 267.33
185 268.67
186 282.00
187 232.00
188 210.67
189 206.00
190 198.00
191 318.00
192 253.33
193 297.33
194 248.00
195 192.00
196 203.33
197 228.00
198 208.00
199 273.33
200 274.00
201 302.00
202 194.00
203 240.00
204 424.00
205 320.00
206 256.00
207 240.00
208 220.00
209 200.00
210 240.00
211 233.33
212 312.67
213 208.00
214 201.33
215 240.67
216 281.33
217 384.00
218 434.67
219 211.33
220 238.00
221 263.33
222 219.33
223 262.00
224 238.67
225 344.67
226 408.67
227 269.33
228 258.67
229 380.00
230 342.67
231 392.67
232 234.67
233 370.00
234 228.00
235 220.67
236 221.33
237 272.67
238 238.00
239 344.00
240 246.00
241 414.67
242 222.00
243 235.33
244 436.67
245 249.33
246 212.00
247 246.00
248 344.00
249 386.67
250 240.00
251 254.00
252 456.67
253 246.00
254 224.67
255 241.33
256 212.67
257 176.00
258 260.67
259 236.67
260 265.33
261 335.33
262 271.33
263 230.00
264 248.67
265 302.67
266 370.00
267 396.67
268 376.00
269 276.67
270 254.67
271 180.00
272 227.33
273 228.00
274 378.00
275 248.00
276 314.00
277 381.33
278 214.67
279 192.00
280 425.33
281 234.00
282 315.33
283 176.67
284 274.67
285 246.67
286 253.33
287 275.33
288 309.33
289 343.33
290 214.00
291 287.33
292 258.00
293 238.67
294 234.67
295 253.33
296 196.00
297 198.67
298 376.67
299 203.33
300 235.33
301 405.33
302 395.33
303 219.33
304 394.00
305 231.33
306 208.67
307 346.00
308 206.67
309 245.33
310 176.00
311 267.33
312 287.33
313 194.00
314 247.33
315 229.33
316 381.33
317 373.33
318 249.33
319 206.67
320 291.33
321 222.00
322 222.67
323 229.33
324 230.67
325 336.00
326 213.33
327 211.33
328 232.67
329 246.00
330 224.00
331 193.33
332 195.33
333 175.33
334 210.67
335 329.33
336 238.67
337 221.33
338 208.00
339 164.67
340 234.00
341 255.33
342 187.33
343 273.33
344 191.33
345 311.33
346 258.00
347 340.67
348 247.33
349 202.67
350 247.33
351 216.00
352 306.67
353 214.00
354 224.00
355 216.00
356 212.00
357 233.33
358 233.33
359 242.67
360 178.00
361 255.33
362 324.00
363 214.67
364 264.00
365 232.00
366 226.67
367 231.33
368 279.33
369 214.67
370 218.00
371 198.00
372 352.67
373 218.67
374 214.00
375 203.33
376 229.33
377 212.67
378 298.00
379 334.67
380 240.67
381 220.67
382 232.00
383 230.00
384 237.33
385 386.00
386 174.67
387 177.33
388 241.33
389 210.67
390 215.33
391 222.00
392 296.00
393 225.33
394 244.67
395 368.00
396 251.33
397 435.33
398 466.67
399 265.33
400 260.00
401 202.00
402 253.33
403 127.33
404 450.00
405 254.67
406 446.00
407 254.67
408 218.67
409 278.00
410 227.33
411 153.33
412 228.00
413 416.00
414 322.00
415 332.00
416 370.67
417 243.33
418 464.67
419 233.33
420 456.67
421 252.67
422 430.67
423 475.33
424 232.00
425 204.67
426 234.67
427 360.67
428 464.00
429 235.33
430 214.00
431 294.00
432 253.33
433 429.33
434 269.33
435 276.00
436 250.00
437 238.67
438 270.67
439 264.67
440 334.00
441 261.33
442 308.00
443 281.33
444 278.00
445 373.33
446 218.00
447 294.00
448 404.67
449 279.33
450 286.00
451 419.33
452 218.67
453 200.00
454 299.33
455 210.00
456 252.67
457 290.00
458 269.33
459 192.00
460 264.67
461 257.33
462 206.00
463 312.00
464 319.33
465 304.00
466 222.00
467 315.33
468 301.33
469 143.33
470 282.00
471 346.67
472 176.00
473 314.00
474 214.00
475 254.00
476 216.00
477 252.67
478 262.00
479 263.33
480 233.33
481 248.67
482 217.33
483 280.00
484 254.67
485 342.67
486 244.00
487 190.00
488 191.33
489 203.33
490 356.67
491 204.00
492 244.67
493 262.00
494 293.33
495 244.00
496 348.67
497 292.00
498 237.33
499 246.00
500 215.33
501 135.33
502 314.00
503 283.33
504 238.00
505 326.67
506 252.67
507 298.67
508 261.33
509 270.00
510 256.00
511 264.67
512 258.00
513 278.00
514 436.00
515 293.33
516 335.33
517 292.67
518 394.67
519 240.67
520 385.33
521 403.33
522 244.00
523 255.33
524 385.33
525 261.33
526 262.67
527 258.00
528 246.00
529 240.67
530 404.00
531 253.33
532 246.00
533 242.00
534 289.33
535 425.33
536 414.00
537 254.00
538 222.00
539 361.33
540 240.00
541 358.00
542 280.67
543 447.33
544 424.67
545 251.33
546 226.67
547 202.00
548 202.00
549 365.33
550 194.00
551 246.00
552 250.67
553 326.00
554 260.67
555 404.67
556 247.33
557 189.33
558 280.67
559 201.33
560 376.00
561 190.00
562 268.67
563 228.00
564 413.33
565 245.33
566 256.67
567 242.00
568 436.00
569 367.33
570 425.33
571 313.33
572 247.33
573 206.67
574 242.00
575 271.33
576 260.00
577 198.67
578 418.67
579 235.33
580 300.00
581 228.00
582 252.00
583 232.67
584 326.67
585 202.00
586 239.33
587 374.00
588 246.00
589 229.33
590 277.33
591 289.33
592 220.67
593 352.67
594 266.00
595 291.33
596 169.33
597 226.67
598 200.00
599 260.00
600 366.67
601 216.00
602 328.00
603 440.00
604 305.33
605 218.67
606 257.33
607 413.33
608 420.00
609 246.00
610 277.33
611 234.67
612 180.00
613 200.67
614 438.00
615 291.33
616 302.00
617 315.33
618 324.67
619 270.67
620 267.33
621 362.67
622 300.67
623 312.67
624 236.00
625 266.67
626 308.00
627 326.00
628 338.00
629 321.33
630 358.67
631 300.00
632 359.33
633 444.00
634 170.67
635 362.67
636 236.00
637 330.67
638 424.00
639 223.33
640 324.67
641 142.00
642 347.33
643 288.00
644 289.33
645 256.00
646 256.00
647 344.67
648 210.00
649 413.33
650 366.00
651 309.33
652 210.67
653 293.33
654 334.67
655 441.33
656 182.00
657 307.33
658 308.00
659 379.33
660 401.33
661 265.33
662 272.67
663 296.67
664 316.67
665 369.33
666 410.67
667 319.33
668 309.33
669 399.33
670 295.33
671 314.00
672 286.00
673 433.33
674 302.67
675 396.67
676 388.67
677 376.00
678 382.67
679 320.67
680 336.00
681 312.00
682 320.00
683 180.00
684 293.33
685 314.00
686 367.33
687 355.33
688 422.00
689 218.67
690 232.00
691 439.33
692 272.00
693 313.33
694 392.00
695 252.00
696 278.67
697 464.67
698 298.67
699 306.67
700 445.33
701 339.33
702 270.67
703 280.67
704 356.67
705 397.33
706 328.67
707 246.00
708 361.33
709 270.00
710 381.33
711 257.33
712 181.33
713 394.67
714 388.00
715 275.33
716 317.33
717 328.00
718 452.00
719 278.00
720 419.33
721 237.33
722 361.33
723 308.00
724 429.33
725 219.33
726 431.33
727 441.33
728 200.00
729 258.00
730 322.00
731 360.67
732 424.67
733 312.00
734 263.33
735 157.33
736 357.33
737 432.67
738 430.00
739 182.00
740 226.67
741 406.00
742 400.00
743 324.00
744 333.33
745 259.33
746 250.67
747 311.33
748 258.67
749 330.00
750 315.33
751 207.33
752 324.00
753 253.33
754 371.33
755 408.00
756 256.67
757 281.33
758 395.33
759 279.33
760 237.33
761 319.33
762 312.67
763 339.33
764 194.00
765 284.00
766 263.33
767 286.00
768 270.00
769 429.33
770 324.67
771 268.67
772 234.00
773 293.33
774 129.33
775 359.33
776 215.33
777 226.00
778 247.33
779 236.67
780 191.33
781 207.33
782 436.67
783 408.00
784 336.00
785 303.33
786 300.00
787 327.33
788 248.67
789 239.33
790 313.33
791 271.33
792 285.33
793 288.67
794 306.67
795 434.67
796 282.00
797 338.67
798 426.00
799 407.33
800 382.67
801 436.00
802 280.00
803 406.67
804 206.67
805 412.67
806 223.33
807 164.00
808 370.00
809 333.33
810 134.67
811 498.00
812 319.33
813 460.00
814 390.00
815 440.00
816 422.67
817 445.33
818 395.33
819 387.33
820 229.33
821 425.33
822 276.00
823 460.00
824 435.33
825 268.67
826 252.67
827 311.33
828 378.67
829 324.00
830 441.33
831 371.33
832 378.67
833 225.33
834 361.33
835 228.67
836 446.67
837 371.33
838 240.00
839 206.67
840 354.67
841 425.33
842 348.67
843 298.67
844 394.00
845 429.33
846 372.00
847 277.33
848 348.67
849 382.67
850 295.33
851 344.67
852 272.00
853 466.67
854 305.33
855 356.00
856 346.67
857 361.33
858 364.67
859 214.67
860 438.00
861 368.67
862 411.33
863 417.33
864 444.00
865 271.33
866 368.00
867 411.33
868 366.67
869 352.00
870 240.00
871 352.67
872 327.33
873 241.33
874 153.33
875 362.67
876 386.00
877 388.67
878 304.00
879 314.67
880 347.33
881 310.67
882 392.00
883 156.67
884 403.33
885 307.33
886 356.00
887 458.00
888 268.00
889 253.33
890 395.33
891 320.67
892 430.67
893 461.33
894 378.00
895 376.67
896 385.33
897 362.67
898 412.00
899 133.33
900 324.00
901 354.00
902 322.00
903 362.00
904 225.33
905 398.00
906 374.67
907 187.33
908 385.33
909 306.67
910 317.33
911 400.67
912 420.00
913 331.33
914 283.33
915 303.33
916 407.33
917 402.00
918 462.00
919 282.67
920 193.33
921 458.67
922 348.00
923 307.33
924 146.67
925 320.67
926 181.33
927 287.33
928 177.33
929 430.67
930 389.33
931 138.67
932 238.00
933 178.67
934 218.67
935 353.33
936 366.67
937 352.00
938 411.33
939 405.33
940 327.33
941 342.67
942 221.33
943 379.33
944 416.67
945 174.00
946 451.33
947 452.00
948 370.00
949 248.67
950 241.33
951 386.00
952 378.67
953 386.67
954 313.33
955 449.33
956 361.33
957 215.33
958 421.33
959 337.33
960 314.67
961 407.33
962 353.33
963 328.67
964 158.00
965 169.33
966 270.00
967 298.00
968 396.67
969 170.67
970 360.00
971 300.67
972 344.00
973 306.00
974 162.67
975 200.67
976 266.00
977 337.33
978 298.00
979 315.33
980 292.00
981 461.33
982 172.67
983 423.33
984 400.00
985 314.00
986 312.67
987 370.67
988 264.00
989 281.33
990 407.33
991 406.00
992 497.33
993 374.00
994 386.00
995 173.33
996 444.67
997 295.33
998 487.33
999 386.67
1000 460.00
1001 228.00
1002 312.00
1003 460.00
1004 260.00
1005 340.00
1006 284.00
1007 344.00
1008 420.00
1009 356.00
1010 368.00
1011 440.00
1012 472.67
1013 340.00
1014 163.33
1015 408.00
1016 380.00
1017 433.33
1018 304.00
1019 420.00
1020 368.00
1021 350.00
1022 394.67
1023 463.33
1024 348.00
1025 474.00
1026 236.67
1027 382.00
1028 440.00
1029 500.00
1030 276.67
1031 253.33
1032 363.33
1033 392.67
1034 414.67
1035 382.00
1036 380.00
1037 220.00
1038 454.00
1039 202.67
1040 449.33
1041 423.33
1042 442.00
1043 326.67
1044 233.33
1045 354.67
1046 344.00
1047 290.00
1048 222.67
1049 190.67
1050 280.00
1051 404.67
1052 402.00
1053 137.33
1054 276.00
1055 275.33
1056 382.67
1057 270.67
1058 175.33
1059 392.00
1060 440.00
1061 410.00
1062 204.67
1063 426.67
1064 335.33
1065 482.00
1066 372.00
1067 298.67
1068 420.00
1069 308.67
1070 328.67
1071 438.00
1072 227.33
1073 209.33
1074 284.67
1075 459.33
1076 472.00
1077 439.33
1078 321.33
1079 409.33
1080 421.33
1081 257.33
1082 280.67
1083 386.00
1084 237.33
1085 304.00
1086 412.67
1087 330.00
1088 364.67
1089 477.33
1090 414.00
1091 302.67
1092 325.33
1093 400.00
1094 400.00
1095 312.00
1096 406.67
1097 408.00
1098 300.00
1099 238.67
1100 397.33
1101 282.00
1102 410.67
1103 389.33
1104 356.67
1105 256.00
1106 432.00
1107 401.33
1108 433.33
1109 307.33
1110 324.00
1111 280.00
1112 442.00
1113 422.00
1114 337.33
1115 352.00
1116 417.33
1117 468.00
1118 486.67
1119 187.33
1120 376.00
1121 422.67
1122 214.00
1123 420.00
1124 320.00
1125 265.33
1126 374.67
1127 353.33
1128 388.67
1129 247.33
1130 209.33
1131 411.33
1132 418.00
1133 362.00
1134 228.00
1135 191.33
1136 218.67
1137 182.00
1138 442.00
1139 426.67
1140 456.67
1141 405.33
1142 476.00
1143 460.00
1144 234.00
1145 240.00
1146 426.00
1147 353.33
1148 209.33
1149 422.00
1150 268.00
1151 404.67
1152 396.67
1153 403.33
1154 448.00
1155 448.00
1156 412.00
1157 237.33
1158 266.67
1159 394.67
1160 288.67
1161 389.33
1162 400.67
1163 418.67
1164 412.67
1165 458.67
1166 223.33
1167 215.33
1168 292.67
1169 472.67
1170 410.67
1171 232.00
1172 417.33
1173 476.67
1174 316.67
1175 278.00
1176 304.00
1177 249.33
1178 353.33
1179 353.33
1180 190.00
1181 220.00
1182 326.00
1183 239.33
1184 239.33
1185 238.67
1186 362.00
1187 159.33
1188 269.33
1189 346.67
1190 336.67
1191 306.67
1192 342.67
1193 314.67
1194 310.67
1195 170.67
1196 354.00
1197 379.33
1198 343.33
1199 225.33
1200 414.00
1201 246.00
1202 262.00
1203 456.00
1204 291.33
1205 345.33
1206 440.67
1207 352.67
1208 452.67
1209 274.00
1210 422.67
1211 410.67
1212 346.67
1213 434.00
1214 440.67
1215 270.00
1216 220.00
1217 350.00
1218 292.67
1219 385.33
1220 284.67
1221 460.00
1222 215.33
1223 287.33
1224 304.67
1225 445.33
1226 121.33
1227 418.00
1228 328.67
1229 437.33
1230 385.33
1231 319.33
1232 375.33
1233 334.00
1234 292.00
1235 394.67
1236 394.67
1237 378.67
1238 415.33
1239 390.00
1240 198.00
1241 156.00
1242 365.33
1243 292.67
1244 240.67
1245 424.67
1246 387.33
1247 151.33
1248 246.67
1249 460.00
1250 394.00
1251 214.00
1252 215.33
1253 298.00
1254 232.00
1255 388.67
1256 452.00
1257 348.67
1258 424.00
1259 309.33
1260 432.00
1261 467.33
1262 292.67
1263 376.00
1264 291.33
1265 358.00
1266 395.33
1267 302.67
1268 206.00
1269 198.00
1270 269.33
1271 210.00
1272 422.00
1273 411.33
1274 326.67
1275 205.33
1276 372.67
1277 336.67
1278 428.67
1279 410.00
1280 415.33
1281 309.33
1282 354.67
1283 290.00
1284 431.33
1285 362.00
1286 419.33
1287 252.67
1288 452.00
1289 366.00
1290 382.67
1291 472.00
1292 316.67
1293 342.00
1294 272.00
1295 269.33
1296 359.33
1297 328.67
1298 304.67
1299 388.67
1300 247.33
1301 158.67
1302 294.00
1303 377.33
1304 343.33
1305 272.00
1306 429.33
1307 346.00
1308 382.00
1309 442.67
1310 269.33
1311 321.33
1312 335.33
1313 322.67
1314 370.67
1315 412.67
1316 398.00
1317 342.00
1318 320.67
1319 344.00
1320 367.33
1321 428.67
1322 429.33
1323 411.33
1324 355.33
1325 405.33
1326 372.00
1327 368.67
1328 329.33
1329 346.67
1330 265.33
1331 268.00
1332 262.00
1333 357.33
1334 277.33
1335 315.33
1336 350.67
1337 317.33
1338 364.00
1339 385.33
1340 368.67
1341 220.00
1342 456.00
1343 214.67
1344 250.67
1345 270.67
1346 328.67
1347 278.00
1348 295.33
1349 387.33
1350 210.67
1351 242.00
1352 330.00
1353 348.67
1354 371.33
1355 338.67
1356 460.67
1357 378.67
1358 356.67
1359 328.67
1360 296.67
1361 360.67
1362 209.33
1363 416.67
1364 190.67
1365 334.67
1366 366.67
1367 382.00
1368 160.67
1369 315.33
1370 320.67
1371 314.00
1372 372.67
1373 426.00
1374 209.33
1375 314.00
1376 310.00
1377 342.00
1378 320.67
1379 293.33
1380 178.00
1381 388.67
1382 304.67
1383 441.33
1384 391.33
1385 466.67
1386 247.33
1387 322.00
1388 286.67
1389 284.67
1390 330.67
1391 248.00
1392 381.33
1393 326.00
1394 409.33
1395 364.67
1396 401.33
1397 248.67
1398 270.67
1399 243.33
1400 466.67
1401 320.00
1402 216.00
1403 408.00
1404 233.33
1405 200.00
1406 442.00
1407 335.33
1408 392.67
1409 361.33
1410 356.00
1411 440.00
1412 420.00
1413 438.00
1414 344.67
1415 240.67
1416 334.00
1417 328.00
1418 436.00
1419 326.00
1420 332.67
1421 344.67
1422 420.00
1423 456.00
1424 395.33
1425 267.33
1426 355.33
1427 282.00
1428 260.00
1429 402.67
1430 240.00
1431 500.00
1432 356.00
1433 404.67
1434 274.67
1435 262.67
1436 395.33
1437 301.33
1438 375.33
1439 313.33
1440 225.33
1441 322.67
1442 406.00
1443 151.33
1444 393.33
1445 261.33
1446 332.00
1447 384.67
1448 420.00
1449 242.67
1450 480.00
1451 430.67
1452 384.00
1453 376.67
1454 434.00
1455 328.00
1456 420.00
1457 358.67
1458 426.67
1459 245.33
1460 369.33
1461 320.00
1462 263.33
1463 414.00
1464 246.67
1465 252.67
1466 100.67
1467 222.67
1468 163.33
1469 350.67
1470 226.67
1471 301.33
1472 334.00
1473 282.67
1474 325.33
1475 200.67
1476 292.67
1477 324.00
1478 352.00
1479 365.33
1480 390.67
1481 281.33
1482 438.67
1483 204.67
1484 218.67
1485 400.00
1486 440.00
1487 260.67
1488 311.33
1489 237.33
1490 317.33
1491 190.00
1492 310.00
1493 286.00
1494 260.67
1495 329.33
1496 427.33
1497 246.67
1498 426.67
1499 250.67
1500 343.33
1501 200.00
1502 287.33
1503 192.67
1504 368.67
1505 440.00
1506 407.33
1507 297.33
1508 341.33
1509 255.33
1510 272.67
1511 406.00
1512 260.67
1513 357.33
1514 347.33
1515 254.00
1516 374.67
1517 405.33
1518 451.33
1519 228.00
1520 282.67
1521 307.33
1522 443.33
1523 326.00
1524 376.67
1525 350.00
1526 205.33
1527 430.00
1528 284.67
1529 290.67
1530 276.00
1531 383.33
1532 311.33
1533 366.67
1534 298.00
1535 414.00
1536 366.00
1537 436.00
1538 352.00
1539 226.67
1540 470.00
1541 322.00
1542 442.00
1543 438.67
1544 376.67
1545 229.33
1546 354.00
1547 379.33
1548 301.33
1549 349.33
1550 270.67
1551 432.00
1552 200.00
1553 308.67
1554 308.67
1555 352.00
1556 166.67
1557 372.00
1558 307.33
1559 379.33
1560 250.67
1561 340.67
1562 166.00
1563 340.00
1564 352.00
1565 270.00
1566 402.00
1567 210.00
1568 364.00
1569 363.33
1570 376.67
1571 346.67
1572 344.67
1573 374.00
1574 244.67
1575 242.00
1576 330.00
1577 424.67
1578 342.00
1579 291.33
1580 298.67
1581 215.33
1582 344.67
1583 331.33
1584 182.00
1585 355.33
1586 285.33
1587 356.67
1588 372.67
1589 288.67
1590 319.33
1591 423.33
1592 284.67
1593 347.33
1594 380.00
1595 413.33
1596 358.67
1597 296.67
1598 323.33
1599 166.67
1600 240.00
1601 320.00
1602 359.33
1603 379.33
1604 380.00
1605 241.33
1606 280.00
1607 297.33
1608 396.67
1609 213.33
1610 220.67
1611 446.00
1612 238.00
1613 210.67
1614 205.33
1615 314.67
1616 354.00
1617 386.00
1618 340.67
1619 238.00
1620 321.33
1621 186.00
1622 288.67
1623 334.00
1624 368.67
1625 238.67
1626 346.67
1627 317.33
1628 184.67
1629 260.67
1630 258.67
1631 299.33
1632 204.67
1633 243.33
1634 438.00
1635 376.67
1636 420.00
1637 262.67
1638 308.00
1639 460.00
1640 190.67
1641 225.33
1642 305.33
1643 375.33
1644 214.67
1645 448.67
1646 339.33
1647 379.33
1648 346.00
1649 318.67
1650 364.67
1651 254.67
1652 399.33
1653 325.33
1654 348.67
1655 215.33
1656 193.33
1657 171.33
1658 270.00
1659 341.33
1660 352.00
1661 385.33
1662 476.00
1663 336.67
1664 200.67
1665 351.33
1666 402.67
1667 390.67
1668 233.33
1669 418.67
1670 228.67
1671 303.33
1672 240.67
1673 397.33
1674 424.67
1675 180.67
1676 454.00
1677 218.00
1678 485.33
1679 437.33
1680 216.00
1681 411.33
1682 396.67
1683 498.67
1684 440.00
1685 356.67
1686 193.33
1687 464.00
1688 216.67
1689 342.67
1690 280.00
1691 258.67
1692 351.33
1693 356.67
1694 424.00
1695 390.67
1696 310.00
1697 204.00
1698 232.67
1699 251.33
1700 327.33
1701 246.67
1702 253.33
1703 374.00
1704 436.67
1705 440.67
1706 277.33
1707 362.67
1708 262.67
1709 239.33
1710 334.67
1711 439.33
1712 218.67
1713 307.33
1714 367.33
1715 382.00
1716 367.33
1717 278.00
1718 427.33
1719 423.33
1720 322.67
1721 336.00
1722 370.00
1723 358.67
1724 271.33
1725 372.67
1726 385.33
1727 329.33
1728 342.00
1729 247.33
1730 403.33
1731 306.67
1732 349.33
1733 405.33
1734 406.67
1735 326.00
1736 424.00
1737 196.67
1738 370.67
1739 359.33
1740 282.00
1741 206.67
1742 333.33
1743 379.33
1744 432.00
1745 414.00
1746 437.33
1747 338.67
1748 276.00
1749 387.33
1750 358.67
1751 176.00
1752 279.33
1753 392.67
1754 356.00
1755 352.00
1756 416.00
1757 234.00
1758 300.00
1759 390.67
1760 314.67
1761 392.67
1762 440.67
1763 424.67
1764 396.67
1765 250.67
1766 184.00
1767 217.33
1768 313.33
1769 386.00
1770 300.67
1771 357.33
1772 390.00
1773 368.67
1774 140.00
1775 260.00
1776 421.33
1777 255.33
1778 412.00
1779 302.67
1780 285.33
1781 152.67
1782 188.00
1783 212.00
1784 415.33
1785 284.67
1786 379.33
1787 406.67
1788 413.33
1789 319.33
1790 330.00
1791 397.33
1792 439.33
1793 322.00
1794 207.33
1795 348.67
1796 436.67
1797 390.67
1798 228.00
1799 187.33
1800 400.00
1801 288.00
1802 320.00
1803 428.00
1804 244.00
1805 208.00
1806 397.33
1807 164.00
1808 434.00
1809 388.00
1810 184.67
1811 253.33
1812 376.00
1813 392.67
1814 229.33
1815 259.33
1816 252.00
1817 446.67
1818 350.00
1819 402.00
1820 196.00
1821 324.67
1822 386.67
1823 282.00
1824 384.00
1825 390.00
1826 386.00
1827 420.00
1828 388.00
1829 362.00
1830 258.67
1831 260.00
1832 375.33
1833 371.33
1834 402.00
1835 477.33
1836 274.67
1837 352.67
1838 440.00
1839 344.00
1840 334.67
1841 368.00
1842 401.33
1843 238.00
1844 427.33
1845 336.67
1846 429.33
1847 298.00
1848 420.00
1849 363.33
1850 334.00
1851 416.67
1852 391.33
1853 355.33
1854 392.67
1855 192.00
1856 450.67
1857 364.00
1858 320.67
1859 406.67
1860 264.67
1861 296.00
1862 353.33
1863 292.00
1864 264.67
1865 229.33
1866 384.67
1867 372.00
1868 409.33
1869 340.67
1870 410.67
1871 359.33
1872 315.33
1873 335.33
1874 352.67
1875 329.33
1876 250.67
1877 275.33
1878 374.67
1879 232.00
1880 390.67
1881 323.33
1882 316.00
1883 394.00
1884 250.00
1885 284.67
1886 390.67
1887 268.67
1888 318.00
1889 172.67
1890 228.00
1891 414.67
1892 340.67
1893 383.33
1894 308.00
1895 300.67
1896 350.00
1897 306.00
1898 427.33
1899 320.67
1900 264.67
1901 206.00
1902 331.33
1903 302.67
1904 374.00
1905 298.00
1906 246.67
1907 197.33
1908 348.67
1909 372.00
1910 414.67
1911 225.33
1912 352.00
1913 386.00
1914 386.67
1915 297.33
1916 378.67
1917 228.67
1918 226.67
1919 252.00
1920 440.00
1921 314.67
1922 224.67
1923 268.00
1924 304.00
1925 368.67
1926 411.33
1927 347.33
1928 208.00
1929 413.33
1930 272.67
1931 345.33
1932 356.00
1933 442.67
1934 401.33
1935 433.33
1936 400.00
1937 208.00
1938 380.67
1939 283.33
1940 327.33
1941 209.33
1942 328.67
1943 344.67
1944 336.00
1945 350.00
1946 284.67
1947 252.00
1948 342.67
1949 421.33
1950 296.00
1951 447.33
1952 404.00
1953 390.00
1954 328.67
1955 433.33
1956 216.00
1957 238.00
1958 262.67
1959 391.33
1960 192.67
1961 428.67
1962 433.33
1963 466.00
1964 308.00
1965 436.67
1966 367.33
1967 220.67
1968 349.33
1969 330.00
1970 420.00
1971 340.67
1972 373.33
1973 428.00
1974 434.67
1975 366.67
1976 325.33
1977 417.33
1978 323.33
1979 371.33
1980 214.00
1981 276.67
1982 410.67
1983 350.67
1984 392.00
1985 336.00
1986 326.67
1987 386.67
1988 298.00
1989 286.00
1990 234.00
1991 178.00
1992 235.33
1993 277.33
1994 342.00
1995 367.33
1996 284.67
1997 364.00
1998 392.00
1999 173.33
2000 308.00
2001 362.67
2002 185.33
2003 224.00
2004 432.67
2005 275.33
2006 322.67
2007 400.00
2008 218.00
2009 440.00
2010 330.67
2011 247.33
2012 352.00
2013 386.67
2014 400.00
2015 278.00
2016 356.00
2017 248.67
2018 232.67
2019 352.67
2020 329.33
2021 376.00
2022 389.33
2023 268.67
2024 180.67
2025 376.00
2026 396.67
2027 407.33
2028 373.33
2029 472.67
2030 274.67
2031 376.00
2032 308.67
2033 315.33
2034 434.67
2035 196.67
2036 206.67
2037 353.33
2038 222.67
2039 398.67
2040 370.00
2041 454.67
2042 344.67
2043 392.00
2044 386.00
2045 206.67
2046 177.33
2047 354.67
2048 457.33
2049 403.33
2050 420.00
2051 380.00
2052 400.67
2053 223.33
2054 420.00
2055 452.67
2056 460.00
2057 425.33
2058 354.67
2059 462.00
2060 324.67
2061 342.67
2062 412.00
2063 348.00
2064 379.33
2065 434.67
2066 425.33
2067 197.33
2068 388.00
2069 292.00
2070 440.00
2071 223.33
2072 376.00
2073 200.00
2074 238.67
2075 418.00
2076 180.00
2077 451.33
2078 220.00
2079 442.67
2080 420.00
2081 324.67
2082 305.33
2083 242.67
2084 234.67
2085 233.33
2086 440.00
2087 450.00
2088 367.33
2089 396.67
2090 332.00
2091 344.00
2092 336.00
2093 337.33
2094 372.67
2095 290.67
2096 348.67
2097 396.67
2098 333.33
2099 296.67
2100 344.67
2101 444.00
2102 341.33
2103 440.00
2104 350.67
2105 250.00
2106 198.00
2107 447.33
2108 291.33
2109 246.00
2110 211.33
2111 284.67
2112 182.00
2113 294.67
2114 304.67
2115 416.00
2116 414.67
2117 344.00
2118 314.67
2119 240.00
2120 350.67
2121 313.33
2122 340.67
2123 436.00
2124 270.67
2125 292.00
2126 296.00
2127 203.33
2128 362.67
2129 378.67
2130 424.00
2131 302.67
2132 439.33
2133 306.67
2134 351.33
2135 460.00
2136 330.67
2137 164.00
2138 426.67
2139 323.33
2140 274.67
2141 292.00
2142 478.67
2143 384.00
2144 247.33
2145 318.00
2146 363.33
2147 304.67
2148 313.33
2149 326.67
2150 212.00
2151 404.67
2152 356.00
2153 445.33
2154 410.67
2155 333.33
2156 360.00
2157 333.33
2158 330.00
2159 473.33
2160 206.67
2161 416.67
2162 319.33
2163 266.67
2164 444.00
2165 234.00
2166 345.33
2167 404.67
2168 387.33
2169 257.33
2170 375.33
2171 202.67
2172 158.67
2173 362.67
2174 311.33
2175 350.00
2176 320.00
2177 245.33
2178 348.00
2179 286.67
2180 282.67
2181 355.33
2182 441.33
2183 436.67
2184 404.67
2185 347.33
2186 403.33
2187 184.00
2188 208.67
2189 340.00
2190 402.00
2191 438.67
2192 380.00
2193 382.67
2194 419.33
2195 245.33
2196 350.00
2197 422.67
2198 421.33
2199 430.67
2200 421.33
2201 370.67
2202 288.00
2203 400.00
2204 300.00
2205 400.00
2206 339.33
2207 222.00
2208 409.33
2209 180.00
2210 237.33
2211 393.33
2212 378.67
2213 220.00
2214 80.00
2215 426.00
2216 374.00
2217 376.00
2218 234.67
2219 200.00
2220 344.00
2221 315.33
2222 307.33
2223 200.67
2224 213.33
2225 222.00
2226 367.33
2227 448.67
2228 205.33
2229 468.00
2230 329.33
2231 460.00
2232 216.00
2233 270.00
2234 290.00
2235 442.00
2236 328.00
2237 388.67
2238 280.00
2239 379.33
2240 331.33
2241 253.33
2242 334.67
2243 388.00
2244 329.33
2245 155.33
2246 183.33
2247 404.67
2248 320.00
2249 365.33
2250 500.00
2251 348.00
2252 460.00
2253 388.67
2254 267.33
2255 426.67
2256 236.00
2257 337.33
2258 316.67
2259 332.00
2260 323.33
2261 438.67
2262 198.67
2263 393.33
2264 355.33
2265 256.00
2266 242.67
2267 476.67
2268 456.67
2269 345.33
2270 388.00
2271 290.00
2272 238.00
2273 255.33
2274 294.67
2275 242.00
2276 282.67
2277 226.00
2278 480.00
2279 191.33
2280 357.33
2281 276.67
2282 420.00
2283 216.67
2284 317.33
2285 364.67
2286 388.00
2287 414.67
2288 336.67
2289 439.33
2290 352.67
2291 318.00
2292 320.67
2293 341.33
2294 290.00
2295 374.67
2296 404.00
2297 202.00
2298 406.67
2299 272.67
2300 138.00
2301 423.33
2302 330.67
2303 306.67
2304 292.00
2305 443.33
2306 291.33
2307 352.00
2308 375.33
2309 480.00
2310 400.67
2311 490.00
2312 309.33
2313 304.67
2314 276.00
2315 390.00
2316 330.00
2317 373.33
2318 312.00
2319 419.33
2320 364.67
2321 439.33
2322 387.33
2323 310.67
2324 269.33
2325 395.33
2326 376.00
2327 384.00
2328 417.33
2329 398.67
2330 336.67
2331 438.00
2332 385.33
2333 343.33
2334 376.00
2335 206.67
2336 373.33
2337 305.33
2338 374.00
2339 477.33
2340 440.00
2341 209.33
2342 401.33
2343 406.67
2344 384.67
2345 318.00
2346 395.33
2347 271.33
2348 454.00
2349 384.00
2350 308.67
2351 388.67
2352 366.00
2353 172.00
2354 403.33
2355 318.67
2356 216.00
2357 393.33
2358 302.67
2359 324.00
2360 375.33
2361 354.00
2362 295.33
2363 409.33
2364 306.67
2365 267.33
2366 350.00
2367 400.00
2368 416.00
2369 274.00
2370 350.00
2371 368.00
2372 408.67
2373 294.67
2374 324.00
2375 351.33
2376 396.67
2377 470.67
2378 412.00
2379 312.67
2380 430.00
2381 442.67
2382 164.00
2383 446.67
2384 235.33
2385 440.00
2386 358.00
2387 398.00
2388 350.67
2389 325.33
2390 190.67
2391 319.33
2392 378.67
2393 293.33
2394 363.33
2395 192.00
2396 222.67
2397 296.67
2398 207.33
2399 315.33
2400 360.00
2401 426.67
2402 313.33
2403 390.00
2404 440.00
2405 266.67
2406 253.33
2407 390.00
2408 240.00
2409 397.33
2410 304.00
2411 193.33
2412 300.00
2413 236.00
2414 247.33
2415 448.67
2416 346.67
2417 407.33
2418 331.33
2419 436.67
2420 418.00
2421 364.67
2422 278.67
2423 175.33
2424 381.33
2425 248.00
2426 398.67
2427 269.33
2428 264.00
2429 318.67
2430 393.33
2431 293.33
2432 362.67
2433 432.00
2434 248.67
2435 332.00
2436 247.33
2437 359.33
2438 413.33
2439 356.00
2440 308.00
2441 325.33
2442 412.00
2443 424.67
2444 344.67
2445 440.00
2446 249.33
2447 225.33
2448 200.00
2449 393.33
2450 380.00
2451 374.67
2452 358.00
2453 328.00
2454 347.33
2455 333.33
2456 453.33
2457 160.67
2458 365.33
2459 302.00
2460 480.00
2461 289.33
2462 242.00
2463 345.33
2464 386.00
2465 298.67
2466 307.33
2467 178.00
2468 348.67
2469 299.33
2470 276.67
2471 271.33
2472 278.00
2473 341.33
2474 297.33
2475 420.67
2476 440.00
2477 278.00
2478 330.67
2479 341.33
2480 287.33
2481 178.00
2482 433.33
2483 200.67
2484 361.33
2485 334.00
2486 362.67
2487 435.33
2488 174.00
2489 294.00
2490 377.33
2491 331.33
2492 377.33
2493 302.67
2494 356.00
2495 402.00
2496 334.00
2497 418.00
2498 301.33
2499 316.67
2500 302.67
2501 310.67
2502 228.00
2503 408.67
2504 286.67
2505 386.00
2506 456.00
2507 401.33
2508 312.00
2509 424.00
2510 143.33
2511 387.33
2512 429.33
2513 258.00
2514 398.67
2515 342.00
2516 434.67
2517 348.67
2518 314.00
2519 387.33
2520 307.33
2521 332.67
2522 404.67
2523 264.67
2524 389.33
2525 328.67
2526 271.33
2527 244.67
2528 315.33
2529 270.00
2530 282.67
2531 313.33
2532 256.00
2533 403.33
2534 392.00
2535 340.67
2536 308.00
2537 361.33
2538 458.67
2539 337.33
2540 313.33
2541 242.67
2542 280.67
2543 424.67
2544 334.00
2545 370.67
2546 266.00
2547 374.67
2548 366.67
2549 277.33
2550 194.00
2551 350.00
2552 386.67
2553 279.33
2554 342.67
2555 358.67
2556 268.00
2557 423.33
2558 275.33
2559 360.67
2560 268.00
2561 460.00
2562 332.67
2563 240.67
2564 313.33
2565 408.00
2566 306.00
2567 324.67
2568 452.00
2569 332.00
2570 379.33
2571 460.00
2572 308.67
2573 453.33
2574 353.33
2575 396.00
2576 429.33
2577 265.33
2578 395.33
2579 386.00
2580 388.00
2581 280.67
2582 301.33
2583 250.00
2584 274.67
2585 339.33
2586 316.00
2587 328.00
2588 406.00
2589 312.00
2590 402.00
2591 433.33
2592 442.00
2593 407.33
2594 454.00
2595 388.00
2596 288.00
2597 222.00
2598 433.33
2599 362.00
2600 480.00
2601 354.00
2602 432.00
2603 294.00
2604 206.00
2605 340.00
2606 367.33
2607 412.00
2608 380.00
2609 440.00
2610 192.00
2611 284.00
2612 236.00
2613 380.00
2614 368.00
2615 258.67
2616 323.33
2617 366.00
2618 266.00
2619 350.00
2620 364.00
2621 323.33
2622 448.67
2623 325.33
2624 413.33
2625 395.33
2626 212.67
2627 417.33
2628 311.33
2629 347.33
2630 395.33
2631 318.00
2632 415.33
2633 285.33
2634 345.33
2635 336.67
2636 346.00
2637 360.00
2638 349.33
2639 470.67
2640 278.67
2641 400.67
2642 414.00
2643 415.33
2644 360.00
2645 298.00
2646 365.33
2647 329.33
2648 342.00
2649 257.33
2650 250.67
2651 358.67
2652 300.00
2653 368.67
2654 340.00
2655 282.00
2656 419.33
2657 370.00
2658 458.67
2659 306.00
2660 327.33
2661 282.67
2662 332.67
2663 397.33
2664 318.00
2665 355.33
2666 384.00
2667 344.67
2668 247.33
2669 381.33
2670 305.33
2671 384.67
2672 404.00
2673 316.00
2674 365.33
2675 350.00
2676 386.67
2677 398.00
2678 283.33
2679 394.00
2680 336.67
2681 394.00
2682 341.33
2683 322.67
2684 216.67
2685 383.33
2686 410.00
2687 339.33
2688 379.33
2689 412.67
2690 282.67
2691 324.00
2692 350.00
2693 355.33
2694 276.67
2695 352.67
2696 384.67
2697 440.00
2698 366.67
2699 354.67
2700 362.00
2701 283.33
2702 346.67
2703 315.33
2704 292.67
2705 248.00
2706 293.33
2707 153.33
2708 383.33
2709 333.33
2710 218.67
2711 330.67
2712 416.67
2713 273.33
2714 476.00
2715 295.33
2716 352.00
2717 358.00
2718 287.33
2719 364.67
2720 373.33
2721 334.67
2722 358.00
2723 294.67
2724 328.00
2725 460.00
2726 264.00
2727 318.00
2728 382.00
2729 377.33
2730 371.33
2731 316.00
2732 354.67
2733 232.00
2734 322.00
2735 397.33
2736 362.67
2737 460.00
2738 405.33
2739 475.33
2740 330.00
2741 260.67
2742 356.00
2743 302.67
2744 390.67
2745 199.33
2746 366.00
2747 410.67
2748 428.00
2749 306.00
2750 313.33
2751 186.67
2752 312.00
2753 270.00
2754 319.33
2755 346.00
2756 338.00
2757 416.00
2758 408.00
2759 414.00
2760 378.67
2761 268.67
2762 427.33
2763 332.67
2764 474.00
2765 310.67
2766 334.00
2767 388.00
2768 460.00
2769 340.67
2770 369.33
2771 478.00
2772 406.00
2773 278.67
2774 434.67
2775 272.67
2776 293.33
2777 191.33
2778 266.67
2779 380.00
2780 320.00
2781 368.00
2782 286.67
2783 364.67
2784 302.67
2785 448.00
2786 292.00
2787 326.00
2788 322.67
2789 350.00
2790 342.00
2791 285.33
2792 341.33
2793 288.67
2794 380.00
2795 368.67
2796 332.67
2797 345.33
2798 415.33
2799 338.67
2800 360.00
2801 420.00
2802 180.00
2803 421.33
2804 418.67
2805 422.00
2806 264.67
2807 256.67
2808 354.00
2809 412.67
2810 412.00
2811 348.67
2812 409.33
2813 342.00
2814 398.67
2815 200.00
2816 296.67
2817 359.33
2818 297.33
2819 210.67
2820 436.00
2821 377.33
2822 298.67
2823 313.33
2824 329.33
2825 288.67
2826 406.00
2827 338.67
2828 340.67
2829 380.67
2830 223.33
2831 195.33
2832 218.00
2833 339.33
2834 300.67
2835 352.00
2836 414.67
2837 379.33
2838 429.33
2839 240.00
2840 333.33
2841 306.00
2842 350.67
2843 322.00
2844 303.33
2845 368.67
2846 402.67
2847 297.33
2848 180.00
2849 306.67
2850 333.33
2851 360.67
2852 386.67
2853 418.00
2854 370.67
2855 410.00
2856 358.00
2857 374.67
2858 358.67
2859 410.67
2860 422.00
2861 370.67
2862 350.67
2863 378.67
2864 352.67
2865 324.67
2866 288.67
2867 268.67
2868 412.67
2869 366.00
2870 403.33
2871 362.67
2872 301.33
2873 360.00
2874 341.33
2875 324.67
2876 218.00
2877 294.67
2878 384.00
2879 340.00
2880 211.33
2881 332.67
2882 441.33
2883 368.67
2884 382.67
2885 223.33
2886 286.00
2887 378.67
2888 395.33
2889 290.67
2890 391.33
2891 284.00
2892 284.00
2893 297.33
2894 400.67
2895 308.67
2896 379.33
2897 234.00
2898 407.33
2899 356.00
2900 293.33
2901 383.33
2902 369.33
2903 400.67
2904 368.67
2905 360.00
2906 280.00
2907 400.00
2908 292.67
2909 382.67
2910 298.67
2911 269.33
2912 459.33
2913 456.00
2914 458.67
2915 442.67
2916 282.00
2917 250.67
2918 302.00
2919 296.67
2920 200.00
2921 400.00
2922 377.33
2923 372.67
2924 315.33
2925 311.33
2926 409.33
2927 358.67
2928 294.67
2929 406.00
2930 467.33
2931 352.00
2932 389.33
2933 273.33
2934 328.00
2935 339.33
2936 372.00
2937 344.67
2938 351.33
2939 370.67
2940 320.00
2941 438.00
2942 292.67
2943 410.00
2944 233.33
2945 412.67
2946 279.33
2947 302.00
2948 368.00
2949 328.00
2950 397.33
2951 281.33
2952 396.67
2953 330.67
2954 370.00
2955 303.33
2956 328.00
2957 292.67
2958 436.00
2959 301.33
2960 371.33
2961 359.33
2962 426.67
2963 454.00
2964 381.33
2965 370.00
2966 374.67
2967 428.00
2968 362.67
2969 318.00
2970 373.33
2971 314.67
2972 287.33
2973 356.67
2974 318.67
2975 302.00
2976 316.67
2977 421.33
2978 303.33
2979 353.33
2980 318.00
2981 279.33
2982 421.33
2983 346.00
2984 326.00
2985 376.00
2986 369.33
2987 401.33
2988 339.33
2989 276.00
2990 287.33
2991 343.33
2992 285.33
2993 224.00
2994 355.33
2995 248.67
2996 336.00
2997 325.33
2998 308.67
2999 268.67
