0 -0.32
1 -0.29
2 -0.25
3 -0.23
4 -0.14
5 -0.21
6 -0.08
7 -0.07
8 0.02
9 -0.21
10 -0.20
11 -0.06
12 -0.21
13 -0.12
14 -0.05
15 -0.04
16 -0.03
17 -0.05
18 -0.08
19 -0.03
20 -0.09
21 0.00
22 0.02
23 -0.13
24 -0.02
25 -0.11
26 0.00
27 -0.17
28 -0.23
29 0.03
30 0.04
31 -0.16
32 -0.03
33 0.04
34 0.01
35 -0.02
36 -0.01
37 -0.17
38 0.01
39 -0.04
40 -0.19
41 0.03
42 0.01
43 -0.24
44 -0.19
45 -0.07
46 -0.08
47 -0.17
48 -0.04
49 -0.20
50 -0.16
51 -0.09
52 -0.02
53 -0.18
54 -0.15
55 -0.09
56 -0.22
57 -0.12
58 -0.14
59 -0.15
60 -0.16
61 -0.15
62 -0.07
63 -0.04
64 -0.14
65 -0.24
66 -0.13
67 -0.20
68 -0.12
69 -0.18
70 -0.18
71 -0.20
72 -0.12
73 -0.15
74 -0.05
75 -0.15
76 -0.11
77 -0.13
78 -0.21
79 -0.23
80 -0.05
81 -0.02
82 -0.19
83 -0.15
84 0.03
85 0.07
86 0.08
87 0.14
88 0.17
89 -0.11
90 0.14
91 -0.21
92 0.03
93 -0.08
94 -0.17
95 0.07
96 0.02
97 -0.14
98 0.11
99 0.13
100 0.07
101 -0.16
102 -0.15
103 0.06
104 -0.13
105 -0.11
106 -0.02
107 0.11
108 -0.19
109 -0.16
110 -0.07
111 -0.01
112 0.05
113 0.00
114 -0.16
115 -0.06
116 -0.10
117 -0.08
118 -0.08
119 -0.23
120 0.02
121 -0.04
122 -0.12
123 -0.09
124 -0.18
125 -0.13
126 -0.03
127 0.02
128 0.05
129 0.03
130 -0.01
131 0.05
132 -0.17
133 -0.00
134 -0.02
135 -0.11
136 -0.15
137 -0.02
138 0.02
139 -0.16
140 0.11
141 -0.10
142 -0.10
143 0.09
144 0.04
145 0.09
146 0.03
147 0.12
148 -0.06
149 0.08
150 0.02
151 0.07
152 -0.04
153 -0.13
154 -0.07
155 0.09
156 0.03
157 -0.14
158 0.04
159 0.10
160 0.10
161 -0.08
162 0.13
163 0.13
164 0.16
165 0.15
166 0.15
167 0.15
168 -0.22
169 -0.22
170 0.18
171 -0.16
172 0.16
173 0.23
174 -0.19
175 -0.03
176 0.21
177 0.17
178 0.13
179 -0.11
180 0.08
181 -0.08
182 -0.14
183 -0.16
184 -0.15
185 -0.15
186 0.08
187 -0.13
188 0.00
189 0.02
190 0.12
191 0.06
192 0.16
193 -0.15
194 -0.15
195 -0.14
196 -0.07
197 -0.18
198 -0.04
199 0.09
200 0.44
201 -0.30
202 -0.24
203 0.22
204 0.20
205 -0.12
206 -0.10
207 0.01
208 -0.10
209 -0.21
210 -0.14
211 -0.05
212 -0.03
213 -0.01
214 0.02
215 -0.06
216 -0.14
217 -0.06
218 -0.06
219 -0.17
220 -0.03
221 -0.18
222 -0.21
223 -0.07
224 -0.04
225 -0.18
226 0.08
227 0.09
228 -0.02
229 0.13
230 0.19
231 -0.02
232 -0.22
233 -0.10
234 -0.13
235 0.08
236 -0.11
237 -0.05
238 -0.04
239 0.09
240 0.02
241 -0.07
242 0.11
243 0.19
244 0.14
245 -0.00
246 -0.08
247 0.00
248 0.18
249 0.17
250 0.27
251 0.25
252 -0.12
253 -0.16
254 0.15
255 0.23
256 0.24
257 -0.04
258 0.29
259 0.19
260 -0.08
261 0.26
262 0.28
263 0.25
264 0.29
265 -0.04
266 0.30
267 -0.15
268 -0.20
269 0.25
270 0.02
271 0.28
272 -0.02
273 0.29
274 -0.04
275 0.24
276 -0.01
277 -0.04
278 0.20
279 0.28
280 -0.14
281 0.27
282 0.03
283 0.33
284 0.30
285 -0.13
286 -0.16
287 0.31
288 0.13
289 0.27
290 -0.16
291 -0.01
292 0.25
293 0.25
294 -0.10
295 0.16
296 -0.12
297 -0.08
298 -0.08
299 0.08
300 0.13
301 -0.06
302 -0.10
303 0.05
304 -0.09
305 -0.03
306 -0.08
307 0.04
308 0.13
309 0.16
310 0.12
311 -0.10
312 0.16
313 -0.12
314 -0.02
315 0.21
316 -0.12
317 0.18
318 -0.08
319 -0.12
320 -0.23
321 0.04
322 0.03
323 -0.12
324 0.09
325 -0.10
326 -0.03
327 -0.06
328 -0.12
329 0.06
330 -0.10
331 0.06
332 0.11
333 0.15
334 -0.04
335 0.16
336 -0.05
337 -0.13
338 0.04
339 -0.12
340 -0.02
341 -0.05
342 -0.18
343 -0.03
344 -0.05
345 0.08
346 -0.10
347 0.02
348 0.05
349 -0.09
350 0.09
351 -0.14
352 0.13
353 -0.18
354 -0.14
355 0.08
356 -0.06
357 -0.07
358 -0.21
359 0.03
360 0.10
361 -0.08
362 0.12
363 0.10
364 0.11
365 0.10
366 -0.13
367 -0.10
368 0.16
369 -0.07
370 -0.13
371 0.10
372 0.12
373 0.18
374 -0.07
375 -0.01
376 -0.18
377 -0.17
378 0.09
379 0.15
380 -0.11
381 -0.19
382 0.13
383 -0.14
384 -0.17
385 0.09
386 -0.07
387 -0.12
388 -0.13
389 -0.05
390 0.03
391 -0.04
392 0.08
393 0.07
394 0.07
395 0.07
396 -0.09
397 0.18
398 -0.21
399 -0.14
400 -0.07
401 -0.17
402 0.11
403 0.09
404 -0.18
405 0.11
406 -0.21
407 0.21
408 -0.08
409 -0.12
410 0.09
411 0.02
412 0.10
413 0.17
414 0.22
415 0.31
416 -0.29
417 -0.22
418 0.32
419 -0.23
420 -0.22
421 0.31
422 0.33
423 0.34
424 -0.22
425 -0.29
426 0.31
427 -0.13
428 0.35
429 -0.20
430 0.30
431 -0.21
432 -0.28
433 0.40
434 0.38
435 0.40
436 0.38
437 -0.25
438 -0.20
439 0.41
440 -0.26
441 0.36
442 0.31
443 0.44
444 0.38
445 0.44
446 -0.09
447 -0.15
448 0.42
449 -0.25
450 0.41
451 0.38
452 -0.16
453 0.43
454 0.39
455 -0.31
456 0.39
457 0.02
458 -0.28
459 -0.08
460 -0.04
461 0.24
462 0.34
463 0.37
464 -0.20
465 0.34
466 -0.22
467 -0.14
468 -0.12
469 0.09
470 0.15
471 -0.22
472 -0.21
473 0.13
474 -0.09
475 0.28
476 -0.08
477 -0.07
478 -0.17
479 -0.14
480 0.15
481 -0.17
482 0.18
483 -0.12
484 -0.10
485 0.12
486 -0.05
487 0.13
488 -0.19
489 0.10
490 -0.14
491 -0.15
492 0.20
493 -0.20
494 0.10
495 -0.06
496 0.11
497 -0.17
498 -0.20
499 -0.13
500 0.08
501 -0.08
502 -0.18
503 0.00
504 -0.07
505 -0.12
506 -0.10
507 -0.10
508 0.05
509 -0.20
510 0.01
511 -0.09
512 0.07
513 -0.09
514 -0.12
515 -0.10
516 -0.08
517 -0.05
518 -0.08
519 -0.15
520 -0.07
521 -0.05
522 -0.09
523 -0.10
524 -0.06
525 -0.17
526 0.03
527 0.06
528 0.08
529 0.20
530 -0.11
531 -0.05
532 0.14
533 -0.04
534 0.23
535 -0.11
536 0.17
537 0.20
538 0.25
539 0.13
540 0.23
541 -0.21
542 -0.18
543 -0.01
544 -0.13
545 -0.09
546 -0.11
547 0.22
548 0.21
549 -0.03
550 -0.08
551 -0.19
552 0.23
553 -0.13
554 -0.14
555 0.22
556 0.25
557 0.25
558 0.25
559 0.24
560 -0.26
561 0.28
562 -0.14
563 -0.06
564 0.19
565 0.28
566 -0.17
567 -0.15
568 0.32
569 0.31
570 -0.20
571 -0.20
572 -0.16
573 0.34
574 -0.15
575 -0.03
576 -0.16
577 0.21
578 0.33
579 0.36
580 0.24
581 0.35
582 -0.20
583 0.37
584 -0.23
585 0.28
586 0.35
587 -0.15
588 0.32
589 0.38
590 -0.06
591 -0.20
592 0.32
593 -0.05
594 -0.18
595 0.35
596 0.36
597 -0.07
598 -0.02
599 -0.14
600 -0.25
601 -0.01
602 0.15
603 0.13
604 0.13
605 0.20
606 0.15
607 -0.09
608 0.26
609 -0.10
610 0.26
611 -0.18
612 -0.15
613 0.19
614 0.15
615 0.27
616 -0.07
617 0.25
618 0.28
619 0.34
620 -0.03
621 -0.23
622 0.01
623 -0.14
624 0.09
625 -0.12
626 0.08
627 0.09
628 0.18
629 -0.07
630 0.16
631 0.09
632 -0.08
633 0.16
634 0.15
635 -0.17
636 0.17
637 0.02
638 -0.05
639 0.04
640 -0.09
641 -0.07
642 -0.02
643 -0.07
644 0.08
645 0.05
646 0.03
647 0.13
648 0.00
649 0.15
650 0.14
651 0.18
652 -0.06
653 -0.07
654 0.00
655 -0.04
656 0.05
657 0.13
658 0.00
659 0.10
660 -0.01
661 0.06
662 0.05
663 -0.05
664 0.06
665 -0.18
666 0.11
667 0.09
668 0.10
669 -0.19
670 0.06
671 0.13
672 -0.02
673 0.23
674 0.21
675 0.25
676 0.31
677 0.28
678 -0.10
679 -0.12
680 0.24
681 -0.10
682 -0.16
683 0.25
684 0.05
685 -0.04
686 -0.07
687 0.02
688 0.05
689 0.23
690 -0.00
691 0.27
692 0.26
693 0.15
694 0.10
695 -0.14
696 0.26
697 -0.18
698 0.20
699 0.24
700 -0.02
701 0.10
702 -0.16
703 0.11
704 0.04
705 0.02
706 0.16
707 -0.02
708 0.09
709 0.04
710 0.12
711 -0.13
712 -0.02
713 -0.06
714 0.09
715 -0.00
716 -0.09
717 -0.01
718 0.01
719 -0.08
720 0.09
721 0.04
722 -0.00
723 -0.10
724 0.04
725 -0.03
726 -0.02
727 -0.04
728 0.05
729 0.03
730 -0.04
731 -0.02
732 0.09
733 0.04
734 -0.03
735 0.02
736 0.11
737 0.16
738 0.10
739 -0.03
740 0.12
741 -0.07
742 -0.06
743 0.16
744 -0.13
745 0.08
746 0.03
747 0.17
748 0.22
749 0.24
750 -0.06
751 0.19
752 -0.01
753 0.24
754 0.26
755 0.00
756 0.02
757 0.20
758 -0.10
759 0.03
760 0.02
761 0.27
762 0.24
763 -0.13
764 0.11
765 -0.07
766 0.18
767 -0.08
768 0.15
769 0.02
770 0.00
771 -0.07
772 0.15
773 0.13
774 -0.00
775 0.01
776 0.07
777 0.22
778 0.24
779 0.24
780 0.22
781 0.20
782 0.25
783 0.11
784 0.34
785 0.18
786 0.02
787 -0.16
788 -0.13
789 0.14
790 -0.04
791 0.19
792 0.16
793 0.19
794 0.19
795 0.28
796 -0.11
797 0.16
798 -0.14
799 -0.06
800 -0.31
801 0.37
802 -0.14
803 0.22
804 -0.13
805 0.29
806 0.06
807 0.14
808 0.15
809 0.36
810 0.15
811 0.35
812 0.35
813 0.39
814 -0.15
815 0.34
816 -0.21
817 0.34
818 0.14
819 -0.01
820 -0.07
821 0.12
822 -0.02
823 0.22
824 0.09
825 0.20
826 0.08
827 0.19
828 -0.08
829 0.17
830 0.14
831 -0.02
832 0.19
833 -0.05
834 0.25
835 0.14
836 0.09
837 -0.02
838 0.17
839 0.16
840 0.31
841 -0.07
842 -0.02
843 0.21
844 0.06
845 -0.06
846 0.11
847 0.12
848 -0.01
849 -0.03
850 0.07
851 0.11
852 0.22
853 0.10
854 0.12
855 0.15
856 0.25
857 0.17
858 0.01
859 -0.03
860 0.19
861 -0.08
862 0.10
863 0.02
864 0.15
865 0.14
866 0.19
867 0.15
868 -0.03
869 -0.09
870 -0.07
871 0.06
872 0.16
873 0.12
874 0.11
875 0.01
876 0.06
877 0.05
878 0.18
879 0.16
880 0.25
881 -0.05
882 0.07
883 -0.01
884 0.20
885 -0.03
886 0.12
887 -0.11
888 0.01
889 0.25
890 -0.05
891 0.17
892 0.27
893 0.19
894 -0.11
895 0.32
896 -0.04
897 0.16
898 0.09
899 0.19
900 0.11
901 0.02
902 0.26
903 0.14
904 -0.01
905 0.13
906 0.08
907 0.14
908 0.23
909 -0.04
910 -0.11
911 0.11
912 0.12
913 0.13
914 0.15
915 0.16
916 0.15
917 -0.15
918 0.09
919 0.07
920 0.16
921 -0.00
922 0.18
923 0.13
924 0.12
925 0.21
926 0.19
927 0.08
928 -0.01
929 -0.03
930 -0.03
931 -0.04
932 0.17
933 0.23
934 0.21
935 0.16
936 0.24
937 0.25
938 0.31
939 0.23
940 0.05
941 0.20
942 0.24
943 0.37
944 0.28
945 0.11
946 0.26
947 -0.00
948 0.13
949 -0.07
950 0.04
951 0.17
952 0.25
953 0.06
954 0.32
955 0.11
956 0.14
957 0.10
958 0.22
959 0.22
960 0.04
961 0.06
962 0.04
963 0.06
964 0.12
965 0.27
966 0.10
967 -0.01
968 -0.06
969 -0.00
970 0.03
971 0.14
972 -0.04
973 0.07
974 0.13
975 0.22
976 0.07
977 0.19
978 0.22
979 0.22
980 0.14
981 0.07
982 -0.10
983 0.22
984 -0.04
985 -0.07
986 0.11
987 0.10
988 0.15
989 0.04
990 0.15
991 0.22
992 0.28
993 0.10
994 0.16
995 0.27
996 0.09
997 0.18
998 0.15
999 0.16
1000 0.41
1001 0.44
1002 0.39
1003 0.21
1004 0.28
1005 -0.04
1006 -0.15
1007 0.35
1008 0.13
1009 0.43
1010 0.06
1011 0.24
1012 0.35
1013 0.09
1014 0.33
1015 0.09
1016 0.05
1017 0.37
1018 0.42
1019 0.33
1020 0.29
1021 0.29
1022 -0.14
1023 0.40
1024 0.05
1025 0.30
1026 0.43
1027 0.44
1028 0.43
1029 0.38
1030 0.42
1031 0.45
1032 0.22
1033 0.29
1034 0.30
1035 0.29
1036 0.06
1037 0.31
1038 0.43
1039 -0.02
1040 0.10
1041 0.40
1042 -0.03
1043 0.26
1044 0.37
1045 0.42
1046 0.41
1047 0.28
1048 0.39
1049 0.42
1050 0.41
1051 0.48
1052 0.45
1053 0.18
1054 -0.13
1055 0.24
1056 0.10
1057 0.19
1058 0.43
1059 0.09
1060 0.18
1061 0.03
1062 0.20
1063 0.16
1064 0.28
1065 0.33
1066 0.19
1067 0.38
1068 0.15
1069 0.40
1070 -0.02
1071 0.36
1072 -0.18
1073 0.07
1074 0.21
1075 0.23
1076 0.24
1077 0.35
1078 0.21
1079 0.40
1080 0.30
1081 0.43
1082 0.46
1083 0.45
1084 0.29
1085 0.12
1086 0.33
1087 0.11
1088 0.11
1089 0.08
1090 0.39
1091 -0.03
1092 0.35
1093 0.35
1094 0.29
1095 0.22
1096 0.22
1097 0.35
1098 0.33
1099 0.31
1100 0.31
1101 0.37
1102 0.21
1103 0.29
1104 0.25
1105 0.29
1106 0.30
1107 -0.05
1108 0.08
1109 0.27
1110 0.18
1111 0.16
1112 0.02
1113 0.04
1114 0.26
1115 -0.08
1116 0.23
1117 0.24
1118 0.25
1119 0.28
1120 0.03
1121 0.16
1122 0.21
1123 -0.03
1124 0.20
1125 0.18
1126 0.28
1127 0.27
1128 0.28
1129 0.27
1130 0.25
1131 0.31
1132 0.29
1133 0.40
1134 0.10
1135 0.20
1136 0.26
1137 0.27
1138 0.41
1139 0.33
1140 0.41
1141 0.11
1142 0.43
1143 0.45
1144 -0.02
1145 0.36
1146 0.41
1147 0.28
1148 0.32
1149 0.40
1150 0.08
1151 0.43
1152 0.33
1153 -0.23
1154 0.23
1155 0.33
1156 0.21
1157 0.27
1158 0.18
1159 0.20
1160 0.20
1161 0.17
1162 0.03
1163 0.19
1164 0.09
1165 0.12
1166 0.22
1167 0.20
1168 0.28
1169 0.21
1170 -0.06
1171 0.26
1172 0.29
1173 0.21
1174 0.28
1175 0.19
1176 0.37
1177 0.24
1178 0.26
1179 0.14
1180 0.21
1181 0.24
1182 0.12
1183 0.35
1184 0.33
1185 0.28
1186 0.41
1187 0.31
1188 0.39
1189 0.22
1190 0.41
1191 0.33
1192 0.40
1193 0.35
1194 0.37
1195 0.19
1196 0.36
1197 0.29
1198 0.02
1199 0.35
1200 0.44
1201 0.17
1202 -0.04
1203 0.29
1204 0.43
1205 0.40
1206 0.49
1207 0.44
1208 0.46
1209 0.36
1210 -0.02
1211 0.13
1212 0.41
1213 0.17
1214 0.27
1215 0.41
1216 0.48
1217 0.02
1218 0.39
1219 0.25
1220 0.34
1221 0.37
1222 0.41
1223 0.23
1224 0.46
1225 -0.06
1226 0.32
1227 0.40
1228 0.31
1229 0.35
1230 0.47
1231 0.19
1232 0.33
1233 0.38
1234 0.42
1235 0.39
1236 0.03
1237 0.29
1238 0.37
1239 0.38
1240 0.28
1241 -0.11
1242 0.23
1243 0.32
1244 0.41
1245 -0.02
1246 0.33
1247 0.40
1248 0.24
1249 0.33
1250 -0.05
1251 0.34
1252 0.36
1253 -0.06
1254 -0.03
1255 0.13
1256 0.15
1257 0.28
1258 0.34
1259 0.24
1260 0.31
1261 0.26
1262 -0.17
1263 0.37
1264 0.21
1265 0.36
1266 0.16
1267 0.02
1268 0.19
1269 0.36
1270 0.32
1271 0.44
1272 0.45
1273 0.39
1274 0.47
1275 0.22
1276 -0.22
1277 0.32
1278 0.25
1279 -0.18
1280 0.37
1281 0.36
1282 0.33
1283 0.36
1284 0.41
1285 0.38
1286 -0.10
1287 0.26
1288 0.47
1289 0.11
1290 0.28
1291 0.15
1292 0.24
1293 0.27
1294 -0.22
1295 0.29
1296 0.31
1297 0.28
1298 0.29
1299 0.45
1300 0.18
1301 0.48
1302 0.14
1303 -0.13
1304 0.24
1305 0.40
1306 0.45
1307 0.24
1308 0.33
1309 0.42
1310 0.48
1311 0.31
1312 0.14
1313 0.34
1314 0.28
1315 0.25
1316 0.37
1317 0.47
1318 0.32
1319 0.34
1320 0.41
1321 0.49
1322 0.36
1323 0.49
1324 0.46
1325 0.17
1326 0.49
1327 0.49
1328 0.38
1329 0.46
1330 0.35
1331 0.37
1332 0.46
1333 0.44
1334 0.33
1335 0.25
1336 0.38
1337 0.48
1338 0.30
1339 0.33
1340 0.15
1341 0.48
1342 0.47
1343 0.48
1344 0.40
1345 0.39
1346 0.49
1347 0.34
1348 -0.25
1349 0.49
1350 -0.02
1351 0.44
1352 0.35
1353 0.27
1354 0.13
1355 0.43
1356 0.17
1357 0.31
1358 0.45
1359 0.39
1360 0.37
1361 0.48
1362 -0.25
1363 0.39
1364 0.07
1365 0.34
1366 0.26
1367 -0.07
1368 0.37
1369 0.26
1370 -0.12
1371 0.26
1372 0.39
1373 0.32
1374 0.15
1375 0.13
1376 0.31
1377 0.32
1378 0.36
1379 0.29
1380 0.30
1381 0.46
1382 0.13
1383 0.35
1384 0.19
1385 0.48
1386 0.23
1387 0.35
1388 0.49
1389 0.38
1390 0.41
1391 0.01
1392 0.48
1393 -0.06
1394 0.46
1395 0.02
1396 0.45
1397 0.32
1398 0.33
1399 0.44
1400 0.46
1401 0.49
1402 0.49
1403 0.49
1404 0.44
1405 0.49
1406 0.28
1407 0.41
1408 0.49
1409 0.35
1410 0.44
1411 0.36
1412 0.49
1413 0.41
1414 -0.36
1415 0.18
1416 0.26
1417 0.44
1418 0.19
1419 0.37
1420 0.32
1421 0.42
1422 0.42
1423 0.49
1424 -0.07
1425 0.24
1426 0.40
1427 0.40
1428 0.46
1429 0.43
1430 0.44
1431 0.42
1432 -0.11
1433 0.49
1434 0.39
1435 0.44
1436 0.46
1437 0.44
1438 0.33
1439 0.37
1440 0.49
1441 -0.15
1442 0.24
1443 0.43
1444 0.49
1445 0.46
1446 0.35
1447 0.38
1448 0.37
1449 0.43
1450 0.49
1451 0.42
1452 0.36
1453 0.29
1454 0.20
1455 0.44
1456 0.44
1457 0.08
1458 0.43
1459 -0.20
1460 0.37
1461 0.36
1462 0.44
1463 0.46
1464 0.45
1465 0.49
1466 0.44
1467 0.41
1468 0.36
1469 -0.21
1470 0.34
1471 0.35
1472 0.37
1473 -0.06
1474 0.49
1475 -0.25
1476 0.08
1477 0.43
1478 0.46
1479 0.43
1480 0.48
1481 0.44
1482 -0.16
1483 0.28
1484 0.48
1485 0.43
1486 0.32
1487 0.42
1488 0.40
1489 0.31
1490 -0.02
1491 0.11
1492 0.24
1493 0.28
1494 0.32
1495 0.29
1496 0.31
1497 0.28
1498 -0.22
1499 0.21
1500 0.27
1501 0.28
1502 -0.23
1503 0.27
1504 0.29
1505 0.16
1506 0.29
1507 0.30
1508 0.25
1509 0.45
1510 0.42
1511 0.44
1512 0.00
1513 -0.12
1514 0.17
1515 0.36
1516 0.47
1517 0.48
1518 0.49
1519 0.49
1520 0.28
1521 0.49
1522 0.44
1523 0.07
1524 -0.04
1525 0.22
1526 0.41
1527 0.46
1528 0.03
1529 0.14
1530 0.31
1531 0.13
1532 0.35
1533 0.05
1534 -0.08
1535 0.38
1536 0.32
1537 0.27
1538 0.18
1539 0.25
1540 0.24
1541 0.15
1542 0.28
1543 0.38
1544 0.42
1545 0.44
1546 -0.13
1547 0.38
1548 0.44
1549 0.42
1550 0.24
1551 0.33
1552 -0.06
1553 0.44
1554 0.26
1555 0.37
1556 0.49
1557 0.40
1558 0.40
1559 0.39
1560 0.33
1561 0.40
1562 0.02
1563 0.25
1564 0.41
1565 0.46
1566 0.34
1567 0.47
1568 0.38
1569 0.01
1570 -0.14
1571 0.35
1572 0.31
1573 0.23
1574 0.39
1575 0.39
1576 0.25
1577 0.30
1578 0.33
1579 0.42
1580 0.43
1581 -0.13
1582 0.37
1583 0.34
1584 0.36
1585 0.46
1586 0.09
1587 0.09
1588 0.44
1589 0.11
1590 -0.14
1591 0.00
1592 0.21
1593 0.17
1594 0.26
1595 0.33
1596 0.29
1597 0.31
1598 0.28
1599 0.31
1600 -0.11
1601 -0.04
1602 0.49
1603 0.24
1604 0.34
1605 0.40
1606 0.28
1607 0.23
1608 0.49
1609 0.38
1610 0.35
1611 0.32
1612 0.49
1613 -0.29
1614 0.35
1615 0.40
1616 0.02
1617 0.26
1618 0.35
1619 0.31
1620 0.33
1621 0.40
1622 0.17
1623 0.08
1624 0.43
1625 0.38
1626 0.17
1627 0.38
1628 0.41
1629 0.33
1630 0.03
1631 0.46
1632 0.34
1633 0.41
1634 0.48
1635 0.38
1636 0.12
1637 0.36
1638 0.18
1639 0.43
1640 0.17
1641 0.46
1642 0.46
1643 0.37
1644 0.36
1645 0.37
1646 0.32
1647 0.06
1648 0.40
1649 0.35
1650 0.25
1651 0.38
1652 0.38
1653 0.41
1654 0.47
1655 0.37
1656 0.46
1657 0.33
1658 0.36
1659 0.40
1660 0.37
1661 0.27
1662 0.29
1663 0.43
1664 0.41
1665 0.47
1666 0.32
1667 0.18
1668 0.21
1669 -0.30
1670 0.29
1671 0.05
1672 0.24
1673 0.26
1674 -0.01
1675 0.37
1676 0.41
1677 0.34
1678 0.29
1679 0.33
1680 0.48
1681 0.43
1682 0.44
1683 0.39
1684 0.44
1685 0.27
1686 0.37
1687 0.37
1688 0.45
1689 0.42
1690 0.40
1691 0.39
1692 0.39
1693 -0.40
1694 0.33
1695 0.32
1696 0.29
1697 0.33
1698 0.43
1699 0.28
1700 0.36
1701 0.41
1702 0.28
1703 0.29
1704 0.44
1705 0.26
1706 0.48
1707 0.49
1708 0.44
1709 0.25
1710 0.30
1711 0.49
1712 0.20
1713 0.21
1714 0.45
1715 0.48
1716 0.48
1717 0.38
1718 -0.25
1719 0.25
1720 0.04
1721 0.28
1722 0.30
1723 0.36
1724 0.37
1725 0.38
1726 0.32
1727 0.36
1728 0.38
1729 0.05
1730 0.47
1731 0.34
1732 0.27
1733 -0.14
1734 -0.18
1735 0.06
1736 0.20
1737 0.27
1738 0.29
1739 0.42
1740 0.25
1741 0.27
1742 0.37
1743 0.12
1744 0.39
1745 0.41
1746 0.37
1747 0.38
1748 0.37
1749 0.47
1750 0.37
1751 0.42
1752 0.48
1753 0.37
1754 0.12
1755 0.36
1756 0.49
1757 0.34
1758 0.39
1759 0.49
1760 0.49
1761 0.38
1762 -0.05
1763 -0.03
1764 0.30
1765 0.34
1766 0.40
1767 -0.18
1768 0.26
1769 -0.12
1770 0.20
1771 0.18
1772 0.29
1773 0.42
1774 0.36
1775 0.42
1776 0.35
1777 0.34
1778 0.20
1779 0.34
1780 -0.26
1781 0.40
1782 0.14
1783 0.42
1784 0.33
1785 0.37
1786 0.36
1787 0.33
1788 0.48
1789 -0.08
1790 0.40
1791 0.47
1792 0.29
1793 0.37
1794 0.49
1795 0.21
1796 0.41
1797 0.30
1798 0.39
1799 0.30
1800 0.49
1801 -0.14
1802 0.46
1803 0.49
1804 0.45
1805 0.44
1806 0.25
1807 0.30
1808 0.49
1809 -0.15
1810 0.46
1811 0.26
1812 0.49
1813 0.45
1814 0.43
1815 0.38
1816 -0.14
1817 0.49
1818 0.40
1819 0.49
1820 0.17
1821 0.43
1822 0.27
1823 0.43
1824 0.42
1825 0.49
1826 0.44
1827 0.42
1828 0.44
1829 0.32
1830 0.46
1831 0.49
1832 0.40
1833 0.46
1834 0.39
1835 0.49
1836 0.44
1837 -0.16
1838 0.42
1839 0.44
1840 0.37
1841 0.35
1842 0.33
1843 0.12
1844 0.43
1845 0.44
1846 0.39
1847 0.38
1848 0.49
1849 0.36
1850 -0.08
1851 0.40
1852 0.49
1853 0.31
1854 0.35
1855 0.39
1856 0.48
1857 0.35
1858 0.41
1859 0.29
1860 0.40
1861 0.46
1862 0.20
1863 0.32
1864 0.45
1865 0.44
1866 0.37
1867 0.45
1868 -0.06
1869 0.46
1870 0.49
1871 0.40
1872 0.37
1873 0.44
1874 -0.15
1875 0.48
1876 0.49
1877 0.41
1878 0.04
1879 0.34
1880 0.40
1881 0.40
1882 0.44
1883 0.03
1884 0.44
1885 0.40
1886 0.33
1887 0.30
1888 0.43
1889 0.38
1890 0.45
1891 0.45
1892 0.45
1893 0.42
1894 0.35
1895 0.46
1896 0.35
1897 0.37
1898 0.45
1899 0.37
1900 0.45
1901 0.45
1902 0.41
1903 0.29
1904 0.42
1905 0.36
1906 0.45
1907 0.48
1908 0.40
1909 0.39
1910 0.45
1911 -0.24
1912 0.49
1913 0.37
1914 0.42
1915 0.38
1916 0.49
1917 0.46
1918 0.49
1919 0.36
1920 0.38
1921 0.39
1922 0.42
1923 0.46
1924 0.32
1925 0.41
1926 0.34
1927 0.25
1928 0.45
1929 0.45
1930 0.46
1931 0.39
1932 0.42
1933 0.49
1934 0.39
1935 0.42
1936 0.42
1937 0.44
1938 0.40
1939 0.21
1940 0.49
1941 0.39
1942 0.49
1943 0.49
1944 0.33
1945 0.41
1946 0.41
1947 0.34
1948 -0.17
1949 0.32
1950 0.28
1951 0.12
1952 0.31
1953 0.29
1954 0.40
1955 0.31
1956 0.35
1957 0.41
1958 0.40
1959 0.43
1960 0.36
1961 0.46
1962 -0.09
1963 0.31
1964 0.34
1965 0.48
1966 0.39
1967 0.24
1968 0.29
1969 -0.08
1970 0.48
1971 0.49
1972 0.42
1973 -0.11
1974 0.42
1975 0.29
1976 0.33
1977 0.22
1978 0.26
1979 0.29
1980 0.39
1981 0.42
1982 0.47
1983 0.40
1984 -0.09
1985 0.33
1986 0.37
1987 0.36
1988 0.36
1989 0.49
1990 -0.24
1991 0.40
1992 0.49
1993 0.38
1994 -0.17
1995 0.38
1996 0.37
1997 0.44
1998 0.38
1999 0.42
2000 0.49
2001 0.29
2002 0.44
2003 0.35
2004 0.37
2005 0.46
2006 0.30
2007 0.49
2008 0.40
2009 0.49
2010 0.44
2011 0.37
2012 0.29
2013 0.49
2014 -0.17
2015 0.49
2016 -0.14
2017 0.43
2018 0.37
2019 -0.27
2020 0.42
2021 0.43
2022 0.32
2023 0.35
2024 0.44
2025 0.41
2026 0.48
2027 0.31
2028 0.34
2029 0.03
2030 0.31
2031 0.46
2032 0.47
2033 0.29
2034 0.34
2035 0.46
2036 0.30
2037 0.47
2038 0.33
2039 0.38
2040 0.42
2041 0.36
2042 0.44
2043 0.36
2044 0.25
2045 -0.03
2046 0.48
2047 0.10
2048 0.40
2049 0.45
2050 0.43
2051 0.48
2052 0.27
2053 0.47
2054 0.36
2055 0.45
2056 0.37
2057 0.15
2058 0.31
2059 0.44
2060 0.29
2061 0.35
2062 0.48
2063 0.32
2064 0.17
2065 0.42
2066 0.44
2067 0.40
2068 0.49
2069 0.36
2070 0.49
2071 0.40
2072 0.49
2073 0.49
2074 -0.25
2075 -0.14
2076 -0.15
2077 0.23
2078 0.28
2079 0.26
2080 0.35
2081 0.45
2082 0.37
2083 0.46
2084 0.41
2085 0.42
2086 0.46
2087 0.22
2088 0.33
2089 0.30
2090 0.34
2091 0.25
2092 0.28
2093 0.41
2094 0.34
2095 0.36
2096 0.41
2097 0.45
2098 0.41
2099 0.34
2100 0.39
2101 0.35
2102 0.39
2103 0.48
2104 0.48
2105 0.29
2106 0.44
2107 0.25
2108 0.43
2109 0.29
2110 0.42
2111 0.27
2112 0.41
2113 0.47
2114 0.41
2115 0.42
2116 0.10
2117 0.46
2118 0.49
2119 0.36
2120 0.36
2121 0.30
2122 0.40
2123 0.32
2124 0.36
2125 0.49
2126 0.49
2127 0.42
2128 0.20
2129 0.34
2130 0.49
2131 0.49
2132 0.46
2133 0.46
2134 0.31
2135 0.31
2136 0.33
2137 0.41
2138 0.40
2139 0.36
2140 0.31
2141 0.27
2142 0.39
2143 0.38
2144 0.40
2145 -0.21
2146 0.48
2147 0.25
2148 0.47
2149 0.37
2150 0.31
2151 -0.32
2152 0.18
2153 0.14
2154 0.32
2155 0.03
2156 0.24
2157 0.21
2158 0.37
2159 0.32
2160 0.46
2161 0.18
2162 0.45
2163 0.41
2164 0.46
2165 0.38
2166 0.46
2167 0.39
2168 0.32
2169 0.48
2170 0.24
2171 0.42
2172 -0.14
2173 0.36
2174 0.48
2175 0.48
2176 0.40
2177 0.30
2178 0.36
2179 0.42
2180 0.49
2181 0.37
2182 0.43
2183 0.44
2184 0.35
2185 0.40
2186 0.35
2187 0.43
2188 0.32
2189 0.38
2190 -0.12
2191 0.45
2192 0.40
2193 0.35
2194 0.49
2195 0.35
2196 0.40
2197 0.39
2198 0.49
2199 0.49
2200 0.44
2201 -0.19
2202 0.42
2203 0.38
2204 0.49
2205 0.35
2206 0.49
2207 0.44
2208 0.49
2209 0.40
2210 0.11
2211 0.42
2212 0.42
2213 0.46
2214 0.46
2215 0.24
2216 0.46
2217 0.49
2218 0.41
2219 -0.23
2220 0.34
2221 0.46
2222 0.49
2223 0.42
2224 -0.07
2225 0.30
2226 0.45
2227 0.37
2228 0.48
2229 0.49
2230 0.42
2231 0.44
2232 0.46
2233 0.49
2234 0.44
2235 -0.17
2236 0.12
2237 0.40
2238 0.44
2239 0.40
2240 -0.07
2241 0.44
2242 0.38
2243 0.38
2244 -0.01
2245 0.37
2246 0.34
2247 0.44
2248 0.47
2249 0.37
2250 0.44
2251 0.38
2252 0.48
2253 0.42
2254 0.37
2255 0.44
2256 -0.16
2257 0.33
2258 -0.09
2259 0.42
2260 0.43
2261 0.46
2262 0.44
2263 0.39
2264 0.41
2265 0.35
2266 0.40
2267 0.44
2268 0.41
2269 0.45
2270 0.40
2271 0.39
2272 0.39
2273 0.36
2274 0.38
2275 0.35
2276 0.41
2277 0.42
2278 0.36
2279 -0.11
2280 -0.06
2281 0.30
2282 0.24
2283 0.37
2284 0.31
2285 0.28
2286 0.31
2287 0.42
2288 0.44
2289 0.42
2290 0.39
2291 0.43
2292 0.40
2293 0.37
2294 0.39
2295 0.43
2296 0.40
2297 0.49
2298 0.33
2299 0.46
2300 0.40
2301 0.46
2302 0.42
2303 0.07
2304 0.31
2305 0.33
2306 0.45
2307 -0.20
2308 0.33
2309 -0.19
2310 0.32
2311 0.45
2312 0.26
2313 0.06
2314 -0.02
2315 0.36
2316 0.18
2317 0.22
2318 0.25
2319 0.22
2320 0.01
2321 0.32
2322 0.27
2323 0.31
2324 0.20
2325 0.28
2326 0.40
2327 0.42
2328 -0.24
2329 0.34
2330 0.39
2331 0.33
2332 0.45
2333 0.40
2334 0.39
2335 0.46
2336 0.38
2337 0.21
2338 0.47
2339 0.41
2340 0.34
2341 0.41
2342 0.43
2343 0.37
2344 0.47
2345 -0.22
2346 0.38
2347 -0.22
2348 0.35
2349 0.33
2350 0.41
2351 0.24
2352 0.39
2353 0.31
2354 0.40
2355 0.28
2356 0.34
2357 0.46
2358 0.41
2359 0.31
2360 0.40
2361 0.36
2362 0.46
2363 0.33
2364 0.27
2365 0.47
2366 0.27
2367 0.41
2368 0.37
2369 0.41
2370 0.40
2371 0.43
2372 0.44
2373 0.42
2374 0.44
2375 0.39
2376 0.49
2377 0.38
2378 0.39
2379 0.35
2380 0.44
2381 0.36
2382 0.46
2383 0.49
2384 0.38
2385 0.37
2386 0.32
2387 0.31
2388 0.43
2389 0.44
2390 0.49
2391 0.38
2392 0.40
2393 0.38
2394 0.41
2395 0.49
2396 0.44
2397 0.44
2398 0.45
2399 0.37
2400 0.49
2401 0.36
2402 0.20
2403 0.44
2404 0.40
2405 0.40
2406 0.42
2407 0.42
2408 0.42
2409 0.42
2410 0.44
2411 0.49
2412 0.46
2413 0.20
2414 0.43
2415 0.36
2416 0.32
2417 0.40
2418 0.42
2419 -0.12
2420 0.46
2421 0.36
2422 0.37
2423 0.35
2424 0.28
2425 0.40
2426 0.31
2427 0.40
2428 0.42
2429 0.46
2430 0.46
2431 0.40
2432 0.36
2433 0.28
2434 0.49
2435 0.40
2436 -0.15
2437 0.30
2438 0.34
2439 0.33
2440 0.16
2441 0.34
2442 0.06
2443 0.43
2444 0.44
2445 0.48
2446 0.43
2447 0.37
2448 0.34
2449 0.47
2450 0.38
2451 0.43
2452 -0.19
2453 0.47
2454 0.41
2455 0.45
2456 -0.25
2457 -0.02
2458 0.18
2459 0.25
2460 0.30
2461 -0.13
2462 0.16
2463 0.28
2464 0.14
2465 0.28
2466 -0.05
2467 0.25
2468 0.27
2469 0.12
2470 0.27
2471 0.27
2472 0.17
2473 0.27
2474 0.06
2475 0.23
2476 0.16
2477 0.26
2478 0.40
2479 0.14
2480 0.24
2481 -0.24
2482 0.30
2483 0.41
2484 0.37
2485 0.28
2486 0.33
2487 0.33
2488 0.38
2489 -0.12
2490 0.30
2491 0.19
2492 0.09
2493 0.38
2494 0.35
2495 0.37
2496 0.44
2497 0.39
2498 0.40
2499 0.12
2500 0.34
2501 0.42
2502 0.35
2503 -0.07
2504 0.38
2505 0.12
2506 0.35
2507 0.17
2508 0.41
2509 0.40
2510 0.46
2511 0.46
2512 0.35
2513 0.32
2514 0.29
2515 0.46
2516 0.32
2517 0.38
2518 0.38
2519 0.43
2520 0.35
2521 0.40
2522 0.42
2523 0.48
2524 0.27
2525 -0.14
2526 0.33
2527 0.24
2528 0.48
2529 0.34
2530 0.34
2531 0.30
2532 0.46
2533 0.48
2534 0.38
2535 -0.15
2536 0.30
2537 -0.25
2538 0.37
2539 0.36
2540 0.37
2541 0.45
2542 0.42
2543 0.28
2544 0.47
2545 0.12
2546 0.41
2547 0.37
2548 0.32
2549 0.35
2550 0.40
2551 0.44
2552 0.28
2553 0.45
2554 0.35
2555 0.49
2556 -0.21
2557 0.48
2558 0.48
2559 0.38
2560 0.48
2561 0.37
2562 0.42
2563 -0.10
2564 0.41
2565 0.43
2566 0.40
2567 0.44
2568 0.35
2569 0.41
2570 0.28
2571 0.46
2572 0.48
2573 0.36
2574 0.38
2575 0.49
2576 0.30
2577 0.46
2578 0.49
2579 0.49
2580 0.49
2581 0.38
2582 0.37
2583 -0.22
2584 -0.08
2585 0.08
2586 0.34
2587 0.46
2588 -0.13
2589 0.40
2590 0.39
2591 0.41
2592 0.37
2593 0.39
2594 -0.04
2595 0.01
2596 0.33
2597 0.14
2598 0.36
2599 0.24
2600 0.18
2601 0.36
2602 0.27
2603 0.31
2604 0.39
2605 0.40
2606 0.44
2607 0.49
2608 0.26
2609 0.39
2610 0.39
2611 0.49
2612 0.49
2613 0.40
2614 0.39
2615 0.46
2616 0.35
2617 0.40
2618 0.30
2619 0.36
2620 -0.16
2621 0.44
2622 0.46
2623 -0.26
2624 0.09
2625 0.32
2626 0.45
2627 0.46
2628 0.26
2629 0.40
2630 0.23
2631 0.39
2632 0.31
2633 0.34
2634 -0.00
2635 0.39
2636 0.38
2637 0.26
2638 0.38
2639 0.37
2640 0.39
2641 0.36
2642 0.46
2643 0.26
2644 0.46
2645 0.25
2646 0.44
2647 0.30
2648 0.38
2649 0.46
2650 0.18
2651 0.25
2652 0.30
2653 0.24
2654 0.21
2655 0.44
2656 -0.05
2657 0.43
2658 0.46
2659 0.26
2660 0.48
2661 0.24
2662 0.46
2663 0.13
2664 0.35
2665 0.40
2666 0.27
2667 0.41
2668 0.40
2669 0.37
2670 -0.20
2671 0.42
2672 0.40
2673 0.32
2674 0.37
2675 0.42
2676 0.31
2677 0.42
2678 0.42
2679 0.35
2680 0.42
2681 -0.06
2682 0.39
2683 0.41
2684 0.28
2685 0.39
2686 0.27
2687 0.39
2688 0.36
2689 0.43
2690 0.45
2691 0.29
2692 0.32
2693 0.31
2694 0.42
2695 0.33
2696 0.46
2697 0.40
2698 0.32
2699 0.43
2700 0.43
2701 0.34
2702 0.32
2703 0.32
2704 0.41
2705 0.44
2706 0.46
2707 0.49
2708 0.49
2709 0.19
2710 0.48
2711 0.44
2712 0.49
2713 0.37
2714 0.32
2715 0.38
2716 0.41
2717 0.40
2718 -0.22
2719 0.42
2720 0.39
2721 0.46
2722 0.34
2723 0.46
2724 0.49
2725 0.44
2726 0.37
2727 0.39
2728 0.28
2729 0.31
2730 0.42
2731 0.31
2732 0.49
2733 0.18
2734 0.44
2735 0.37
2736 -0.31
2737 -0.11
2738 0.24
2739 0.39
2740 0.31
2741 0.17
2742 -0.05
2743 0.23
2744 0.25
2745 0.25
2746 0.20
2747 0.31
2748 0.27
2749 0.39
2750 0.37
2751 0.37
2752 0.36
2753 0.46
2754 0.36
2755 0.43
2756 0.19
2757 0.44
2758 0.39
2759 0.37
2760 -0.20
2761 0.34
2762 0.39
2763 -0.05
2764 0.38
2765 0.21
2766 -0.22
2767 0.18
2768 0.28
2769 -0.07
2770 0.34
2771 0.31
2772 0.06
2773 0.04
2774 0.18
2775 0.32
2776 0.22
2777 0.05
2778 0.25
2779 0.29
2780 0.07
2781 0.26
2782 0.38
2783 -0.04
2784 0.32
2785 0.41
2786 0.22
2787 0.31
2788 0.43
2789 -0.15
2790 0.16
2791 0.20
2792 0.29
2793 0.22
2794 0.22
2795 0.36
2796 0.44
2797 0.26
2798 0.38
2799 -0.05
2800 0.33
2801 0.38
2802 0.30
2803 0.25
2804 0.44
2805 0.26
2806 0.33
2807 0.44
2808 -0.24
2809 0.49
2810 0.35
2811 0.24
2812 0.34
2813 0.37
2814 0.26
2815 0.36
2816 0.47
2817 0.41
2818 0.39
2819 0.26
2820 -0.28
2821 0.38
2822 0.24
2823 0.11
2824 0.32
2825 0.43
2826 -0.12
2827 0.44
2828 0.49
2829 0.42
2830 0.23
2831 0.33
2832 0.49
2833 0.08
2834 0.48
2835 0.22
2836 0.22
2837 0.48
2838 0.43
2839 0.48
2840 0.41
2841 0.28
2842 0.44
2843 0.32
2844 0.41
2845 0.47
2846 0.49
2847 0.32
2848 0.30
2849 0.39
2850 0.49
2851 0.48
2852 0.49
2853 0.46
2854 0.07
2855 0.46
2856 0.32
2857 0.42
2858 0.49
2859 0.49
2860 0.39
2861 0.36
2862 0.49
2863 0.49
2864 0.49
2865 0.49
2866 0.38
2867 -0.12
2868 0.42
2869 0.34
2870 0.36
2871 0.15
2872 0.29
2873 0.38
2874 0.27
2875 0.44
2876 0.36
2877 0.32
2878 0.42
2879 0.49
2880 0.26
2881 0.27
2882 0.29
2883 0.46
2884 0.40
2885 0.37
2886 0.43
2887 0.35
2888 0.43
2889 0.48
2890 0.38
2891 0.45
2892 0.28
2893 0.49
2894 0.33
2895 0.41
2896 0.49
2897 0.49
2898 0.46
2899 0.33
2900 -0.16
2901 0.30
2902 0.49
2903 0.41
2904 0.43
2905 0.43
2906 0.44
2907 0.49
2908 0.32
2909 0.36
2910 0.49
2911 0.49
2912 0.34
2913 0.49
2914 0.44
2915 0.41
2916 0.46
2917 0.46
2918 0.42
2919 0.35
2920 0.19
2921 0.39
2922 0.47
2923 0.43
2924 0.46
2925 0.49
2926 0.46
2927 0.38
2928 0.05
2929 0.46
2930 0.44
2931 0.39
2932 0.46
2933 0.34
2934 0.39
2935 0.22
2936 0.41
2937 0.49
2938 0.32
2939 0.43
2940 0.45
2941 0.49
2942 -0.34
2943 0.48
2944 0.36
2945 0.48
2946 0.41
2947 0.40
2948 0.45
2949 0.24
2950 0.35
2951 0.34
2952 0.49
2953 0.35
2954 0.49
2955 0.36
2956 0.40
2957 0.40
2958 0.40
2959 0.44
2960 0.42
2961 0.49
2962 0.20
2963 0.15
2964 0.43
2965 0.43
2966 0.41
2967 0.41
2968 -0.10
2969 0.43
2970 0.39
2971 0.39
2972 -0.03
2973 0.23
2974 0.33
2975 0.39
2976 0.47
2977 0.48
2978 0.41
2979 0.35
2980 0.42
2981 0.32
2982 0.46
2983 0.48
2984 0.32
2985 -0.21
2986 0.43
2987 0.46
2988 0.37
2989 -0.15
2990 0.49
2991 0.46
2992 0.46
2993 0.46
2994 0.49
2995 0.35
2996 -0.14
2997 0.39
2998 0.45
2999 -0.33
