0 276.00
30 292.67
60 298.67
90 316.67
120 272.00
150 262.67
180 280.00
210 310.67
240 307.33
270 308.00
300 263.33
330 268.00
360 306.67
390 280.67
420 295.33
450 280.00
480 314.67
510 302.00
540 309.33
570 344.00
600 346.00
630 310.67
660 305.33
690 326.00
720 286.00
750 356.00
780 356.00
810 331.33
840 358.67
870 307.33
900 324.67
930 328.00
960 327.33
990 347.33
1020 366.00
1050 308.00
1080 330.00
1110 339.33
1140 374.00
1170 315.33
1200 278.00
1230 366.67
1260 312.00
1290 359.33
1320 326.67
1350 351.33
1380 378.67
1410 345.33
1440 320.67
1470 319.33
1500 318.00
1530 335.33
1560 376.00
1590 337.33
1620 352.67
1650 338.00
1680 341.33
1710 359.33
1740 400.67
1770 352.67
1800 336.00
1830 354.00
1860 377.33
1890 338.67
1920 394.67
1950 322.67
1980 337.33
2010 352.67
2040 355.33
2070 322.67
2100 324.67
2130 370.00
2160 363.33
2190 361.33
2220 336.67
2250 328.00
2280 362.00
2310 340.67
2340 341.33
2370 368.67
2400 343.33
2430 318.67
2460 372.67
2490 374.67
2520 390.00
2550 347.33
2580 364.67
2610 362.67
2640 357.33
2670 361.33
2700 370.67
2730 342.00
2760 356.67
2790 370.00
2820 372.67
2850 364.67
2880 374.00
2910 343.33
2940 354.00
2970 350.00
