0 0.16
50 0.01
100 0.25
150 0.12
200 0.18
250 0.16
300 0.16
350 0.10
400 0.13
450 0.03
500 0.14
550 0.20
600 -0.00
650 0.17
700 0.07
750 0.23
800 0.07
850 0.11
900 -0.01
950 0.12
1000 0.14
1050 0.10
1100 0.09
1150 0.05
1200 0.05
1250 0.05
1300 0.12
1350 0.27
1400 0.03
1450 0.02
1500 0.06
1550 0.15
1600 0.08
1650 0.08
1700 0.11
1750 0.16
1800 0.19
1850 0.03
1900 0.25
1950 0.23
2000 0.06
2050 -0.01
2100 0.11
2150 0.20
2200 0.18
2250 0.12
2300 0.05
2350 0.02
2400 0.17
2450 0.02
2500 0.14
2550 0.26
2600 0.02
2650 0.11
2700 0.14
2750 0.13
2800 0.22
2850 0.16
2900 0.23
2950 -0.04
3000 0.17
3050 0.10
3100 0.14
3150 0.01
3200 -0.02
3250 0.18
3300 0.15
3350 0.10
3400 0.09
3450 0.01
3500 0.10
3550 0.04
3600 0.07
3650 0.03
3700 0.05
3750 0.07
3800 0.10
3850 0.08
3900 0.02
3950 0.04
4000 0.11
4050 0.09
4100 0.13
4150 0.14
4200 0.15
4250 0.04
4300 0.09
4350 0.13
4400 0.16
4450 0.18
4500 0.16
4550 0.24
4600 0.20
4650 0.18
4700 0.24
4750 0.12
4800 0.18
4850 0.12
4900 0.21
4950 0.22
