0 -0.28
1 -0.27
2 -0.19
3 -0.14
4 -0.22
5 -0.13
6 -0.14
7 -0.09
8 -0.17
9 -0.16
10 -0.13
11 -0.08
12 -0.13
13 -0.22
14 -0.14
15 -0.10
16 -0.17
17 -0.12
18 -0.17
19 -0.21
20 -0.19
21 -0.05
22 -0.16
23 -0.07
24 -0.15
25 0.02
26 -0.00
27 -0.22
28 -0.15
29 -0.01
30 0.03
31 -0.22
32 -0.02
33 -0.03
34 -0.02
35 -0.14
36 -0.04
37 -0.19
38 -0.03
39 -0.16
40 -0.04
41 -0.04
42 -0.16
43 0.05
44 -0.25
45 0.10
46 -0.22
47 -0.18
48 -0.21
49 -0.16
50 -0.11
51 -0.12
52 -0.09
53 -0.11
54 -0.08
55 -0.11
56 -0.24
57 -0.16
58 -0.09
59 -0.11
60 -0.09
61 0.02
62 -0.16
63 -0.20
64 0.09
65 0.09
66 -0.18
67 -0.16
68 0.03
69 -0.20
70 -0.18
71 0.07
72 -0.15
73 0.06
74 0.05
75 0.03
76 -0.20
77 0.03
78 -0.15
79 0.07
80 0.09
81 0.03
82 -0.19
83 0.08
84 0.07
85 0.01
86 0.06
87 -0.18
88 -0.11
89 0.03
90 0.06
91 -0.09
92 0.07
93 0.09
94 0.06
95 -0.16
96 0.06
97 0.09
98 0.08
99 -0.14
100 -0.19
101 0.08
102 -0.05
103 0.07
104 -0.05
105 -0.16
106 -0.17
107 -0.15
108 -0.18
109 -0.17
110 -0.06
111 -0.11
112 -0.11
113 -0.01
114 -0.01
115 -0.00
116 0.07
117 -0.15
118 0.07
119 0.09
120 -0.13
121 0.07
122 0.07
123 0.13
124 0.02
125 0.10
126 -0.18
127 0.03
128 0.06
129 0.03
130 0.08
131 -0.17
132 -0.22
133 -0.18
134 0.07
135 0.09
136 -0.06
137 0.07
138 -0.14
139 -0.08
140 -0.20
141 0.02
142 0.06
143 0.04
144 -0.03
145 -0.17
146 0.06
147 0.01
148 -0.05
149 -0.07
150 -0.19
151 0.05
152 0.11
153 -0.02
154 0.03
155 -0.06
156 0.06
157 0.05
158 0.11
159 0.03
160 0.08
161 0.06
162 -0.22
163 -0.09
164 0.10
165 -0.10
166 0.09
167 -0.03
168 0.08
169 -0.07
170 0.08
171 -0.15
172 -0.07
173 0.07
174 -0.12
175 -0.01
176 -0.11
177 -0.05
178 -0.08
179 -0.01
180 0.04
181 -0.05
182 -0.12
183 -0.13
184 -0.15
185 -0.18
186 -0.14
187 -0.15
188 -0.14
189 0.01
190 0.03
191 -0.01
192 0.00
193 -0.17
194 -0.05
195 -0.19
196 0.01
197 -0.00
198 -0.14
199 -0.12
200 0.46
201 -0.15
202 0.08
203 0.07
204 0.11
205 0.07
206 -0.20
207 0.09
208 0.12
209 -0.12
210 -0.27
211 0.10
212 -0.16
213 0.09
214 0.10
215 0.16
216 -0.15
217 0.16
218 -0.04
219 -0.14
220 0.16
221 -0.17
222 0.10
223 -0.17
224 -0.20
225 -0.18
226 -0.22
227 -0.07
228 -0.07
229 -0.03
230 0.03
231 -0.19
232 -0.20
233 -0.00
234 -0.23
235 -0.15
236 -0.07
237 0.05
238 -0.19
239 -0.21
240 -0.02
241 -0.19
242 0.05
243 -0.22
244 -0.19
245 0.06
246 0.14
247 -0.16
248 0.08
249 0.09
250 0.13
251 -0.14
252 0.14
253 0.14
254 -0.25
255 -0.12
256 0.16
257 0.18
258 -0.28
259 0.16
260 0.16
261 0.19
262 0.17
263 0.20
264 -0.11
265 -0.21
266 -0.21
267 -0.20
268 -0.20
269 -0.06
270 -0.01
271 -0.18
272 0.09
273 -0.21
274 0.08
275 0.19
276 -0.05
277 -0.06
278 -0.19
279 0.08
280 0.11
281 -0.15
282 -0.12
283 0.12
284 -0.14
285 -0.10
286 -0.13
287 -0.00
288 -0.18
289 -0.19
290 -0.10
291 -0.00
292 0.03
293 0.03
294 0.07
295 0.04
296 0.12
297 -0.23
298 0.11
299 0.15
300 -0.06
301 0.18
302 0.18
303 0.03
304 -0.15
305 -0.06
306 -0.10
307 -0.16
308 0.15
309 0.17
310 0.14
311 0.19
312 0.02
313 0.21
314 -0.20
315 0.19
316 0.18
317 0.21
318 0.19
319 -0.16
320 -0.15
321 0.11
322 0.18
323 0.11
324 0.16
325 0.10
326 0.18
327 0.14
328 0.14
329 0.20
330 -0.18
331 -0.18
332 -0.08
333 -0.19
334 -0.16
335 -0.19
336 -0.19
337 -0.17
338 -0.17
339 -0.06
340 0.06
341 0.04
342 -0.11
343 0.08
344 -0.09
345 -0.23
346 -0.16
347 -0.13
348 -0.15
349 -0.03
350 -0.03
351 -0.00
352 -0.17
353 -0.17
354 -0.24
355 -0.18
356 0.06
357 -0.13
358 -0.08
359 0.01
360 0.05
361 -0.18
362 -0.17
363 -0.19
364 -0.10
365 -0.04
366 -0.02
367 0.01
368 -0.18
369 0.01
370 0.04
371 -0.14
372 -0.18
373 0.10
374 -0.18
375 -0.16
376 0.09
377 -0.19
378 -0.13
379 0.07
380 0.11
381 -0.05
382 0.16
383 -0.15
384 -0.11
385 0.15
386 0.14
387 -0.12
388 0.18
389 -0.17
390 0.15
391 -0.05
392 -0.21
393 0.10
394 0.11
395 0.16
396 -0.17
397 -0.18
398 0.12
399 -0.22
400 0.49
401 0.49
402 0.49
403 0.17
404 0.46
405 0.19
406 0.49
407 0.10
408 -0.26
409 0.45
410 0.48
411 0.47
412 -0.34
413 0.49
414 0.46
415 0.44
416 0.49
417 0.49
418 -0.34
419 -0.01
420 -0.24
421 -0.17
422 0.11
423 -0.04
424 -0.25
425 0.07
426 -0.11
427 0.17
428 0.19
429 0.18
430 0.26
431 -0.24
432 0.20
433 0.21
434 0.25
435 0.27
436 0.29
437 -0.27
438 0.26
439 -0.13
440 0.27
441 -0.18
442 -0.17
443 -0.14
444 -0.12
445 0.06
446 0.12
447 0.26
448 -0.17
449 -0.19
450 -0.10
451 -0.18
452 -0.09
453 0.12
454 0.13
455 -0.24
456 0.16
457 0.17
458 0.20
459 0.22
460 0.21
461 0.27
462 -0.08
463 -0.10
464 0.22
465 0.24
466 -0.26
467 0.30
468 -0.27
469 0.32
470 0.33
471 -0.19
472 0.31
473 -0.23
474 0.28
475 0.29
476 0.33
477 0.34
478 0.33
479 0.36
480 0.08
481 0.35
482 0.02
483 0.36
484 0.35
485 -0.21
486 -0.21
487 -0.16
488 -0.20
489 0.18
490 0.17
491 -0.00
492 0.28
493 -0.18
494 0.14
495 -0.21
496 0.13
497 -0.14
498 0.01
499 0.22
500 0.26
501 -0.18
502 -0.15
503 -0.18
504 -0.11
505 0.15
506 -0.06
507 -0.14
508 -0.13
509 -0.13
510 -0.09
511 -0.16
512 0.19
513 -0.19
514 0.04
515 -0.18
516 0.16
517 0.10
518 0.21
519 0.27
520 -0.06
521 0.26
522 -0.11
523 0.01
524 -0.05
525 -0.12
526 -0.21
527 0.16
528 0.20
529 0.24
530 0.06
531 -0.14
532 0.24
533 0.29
534 -0.21
535 0.03
536 0.29
537 0.34
538 -0.14
539 -0.16
540 -0.17
541 -0.03
542 -0.08
543 0.26
544 0.01
545 0.22
546 0.31
547 -0.13
548 0.25
549 0.33
550 -0.06
551 -0.25
552 -0.02
553 -0.16
554 -0.22
555 0.04
556 0.16
557 -0.12
558 0.23
559 0.23
560 0.26
561 0.21
562 0.32
563 -0.20
564 -0.20
565 0.25
566 0.29
567 0.23
568 0.03
569 0.32
570 0.32
571 -0.22
572 0.32
573 -0.06
574 0.30
575 0.08
576 -0.16
577 -0.15
578 -0.13
579 -0.23
580 -0.05
581 0.09
582 0.04
583 0.07
584 -0.18
585 -0.14
586 0.19
587 0.16
588 0.22
589 0.22
590 -0.04
591 -0.16
592 0.10
593 0.12
594 -0.14
595 -0.16
596 -0.13
597 0.11
598 -0.05
599 -0.04
600 -0.06
601 -0.05
602 0.05
603 0.22
604 -0.19
605 0.43
606 0.42
607 -0.11
608 0.40
609 -0.24
610 0.30
611 -0.07
612 -0.29
613 -0.05
614 -0.16
615 -0.14
616 -0.22
617 0.17
618 0.03
619 0.32
620 -0.09
621 -0.27
622 0.35
623 -0.23
624 0.36
625 0.40
626 0.41
627 0.42
628 0.42
629 0.43
630 -0.22
631 0.43
632 0.43
633 0.43
634 0.43
635 -0.31
636 0.42
637 -0.22
638 -0.19
639 0.37
640 -0.31
641 0.42
642 -0.24
643 0.40
644 -0.21
645 -0.26
646 0.29
647 -0.23
648 -0.26
649 -0.20
650 -0.10
651 -0.27
652 -0.24
653 -0.18
654 -0.11
655 -0.04
656 0.07
657 -0.14
658 -0.10
659 0.12
660 0.15
661 0.17
662 0.21
663 0.21
664 -0.19
665 0.22
666 -0.27
667 0.25
668 -0.15
669 -0.04
670 -0.16
671 0.05
672 0.11
673 0.13
674 0.21
675 0.20
676 -0.26
677 -0.24
678 -0.09
679 0.09
680 0.10
681 -0.14
682 -0.21
683 -0.21
684 -0.19
685 -0.00
686 -0.19
687 -0.18
688 -0.19
689 0.01
690 0.12
691 0.21
692 -0.06
693 0.24
694 -0.11
695 -0.12
696 -0.13
697 0.23
698 0.23
699 -0.24
700 0.25
701 -0.11
702 -0.14
703 -0.18
704 -0.05
705 0.17
706 0.24
707 0.29
708 0.27
709 0.28
710 -0.11
711 -0.18
712 -0.20
713 -0.06
714 0.14
715 0.28
716 0.30
717 -0.25
718 0.32
719 0.29
720 0.28
721 0.20
722 0.30
723 -0.25
724 0.24
725 0.31
726 0.32
727 0.31
728 -0.09
729 0.22
730 0.26
731 0.26
732 0.26
733 -0.07
734 -0.11
735 0.28
736 0.28
737 -0.23
738 -0.22
739 0.26
740 -0.25
741 0.31
742 0.30
743 -0.08
744 -0.15
745 0.33
746 0.35
747 0.36
748 -0.15
749 -0.16
750 -0.17
751 0.20
752 -0.10
753 0.24
754 0.27
755 0.30
756 0.30
757 0.31
758 0.36
759 -0.23
760 0.34
761 0.36
762 0.34
763 -0.25
764 0.36
765 -0.22
766 -0.20
767 0.20
768 0.31
769 -0.27
770 -0.19
771 0.27
772 -0.22
773 -0.14
774 -0.23
775 -0.09
776 -0.24
777 0.08
778 0.22
779 -0.00
780 -0.05
781 0.12
782 0.21
783 0.21
784 0.20
785 -0.15
786 -0.25
787 -0.05
788 -0.23
789 0.12
790 0.22
791 0.24
792 -0.10
793 0.24
794 0.24
795 -0.04
796 0.26
797 0.28
798 -0.01
799 -0.15
800 -0.03
801 0.04
802 0.06
803 -0.25
804 0.06
805 0.41
806 0.41
807 0.41
808 0.42
809 0.34
810 0.45
811 0.39
812 -0.14
813 -0.23
814 0.45
815 0.39
816 0.45
817 0.46
818 -0.29
819 0.41
820 0.46
821 0.47
822 -0.31
823 0.46
824 -0.26
825 0.31
826 0.45
827 0.46
828 -0.33
829 -0.16
830 0.40
831 0.45
832 0.29
833 0.43
834 -0.25
835 0.08
836 0.26
837 -0.01
838 0.29
839 0.37
840 0.38
841 0.38
842 0.33
843 -0.12
844 0.39
845 0.34
846 0.09
847 0.35
848 0.28
849 0.40
850 -0.10
851 0.31
852 0.28
853 -0.29
854 0.02
855 -0.16
856 0.14
857 0.32
858 0.31
859 0.34
860 0.35
861 0.10
862 -0.16
863 -0.10
864 0.19
865 0.27
866 -0.12
867 -0.06
868 -0.03
869 0.07
870 0.19
871 0.28
872 0.26
873 -0.25
874 0.29
875 0.30
876 0.28
877 -0.13
878 -0.14
879 0.13
880 0.19
881 0.18
882 -0.15
883 -0.12
884 0.02
885 -0.15
886 -0.19
887 -0.12
888 -0.10
889 -0.13
890 -0.04
891 -0.18
892 -0.11
893 -0.13
894 -0.11
895 -0.17
896 -0.21
897 -0.15
898 -0.05
899 0.03
900 0.07
901 0.11
902 -0.01
903 0.18
904 -0.12
905 0.14
906 0.10
907 0.15
908 -0.13
909 -0.07
910 0.25
911 -0.06
912 0.11
913 -0.25
914 -0.16
915 -0.19
916 0.02
917 0.07
918 -0.06
919 0.07
920 -0.08
921 0.06
922 0.11
923 -0.11
924 0.03
925 0.05
926 0.11
927 0.18
928 -0.11
929 0.13
930 0.22
931 0.01
932 -0.06
933 0.24
934 -0.09
935 -0.21
936 0.17
937 -0.18
938 0.03
939 -0.05
940 -0.15
941 -0.23
942 -0.14
943 0.06
944 0.01
945 0.10
946 0.09
947 -0.16
948 -0.25
949 0.14
950 0.12
951 0.13
952 -0.00
953 0.22
954 0.03
955 0.16
956 0.21
957 -0.08
958 0.16
959 0.25
960 0.08
961 0.35
962 0.36
963 0.36
964 0.26
965 -0.23
966 0.32
967 -0.16
968 0.36
969 0.39
970 -0.14
971 0.36
972 -0.13
973 0.37
974 -0.21
975 -0.18
976 0.32
977 0.35
978 0.15
979 0.25
980 0.32
981 -0.19
982 -0.03
983 -0.09
984 0.07
985 0.26
986 0.26
987 0.27
988 0.33
989 0.25
990 -0.20
991 0.33
992 0.26
993 -0.08
994 0.17
995 -0.03
996 -0.02
997 0.12
998 0.24
999 -0.14
1000 -0.07
1001 -0.06
1002 0.17
1003 -0.05
1004 0.24
1005 0.43
1006 -0.23
1007 0.23
1008 0.31
1009 0.40
1010 -0.14
1011 0.44
1012 -0.20
1013 0.37
1014 0.37
1015 -0.18
1016 0.26
1017 0.32
1018 -0.30
1019 -0.14
1020 0.19
1021 0.22
1022 0.27
1023 -0.24
1024 -0.10
1025 -0.24
1026 -0.01
1027 -0.21
1028 0.00
1029 -0.21
1030 0.07
1031 0.12
1032 -0.06
1033 0.03
1034 0.13
1035 -0.16
1036 0.07
1037 -0.19
1038 -0.18
1039 -0.19
1040 -0.24
1041 -0.10
1042 -0.01
1043 -0.21
1044 0.11
1045 -0.25
1046 0.12
1047 -0.16
1048 -0.26
1049 -0.15
1050 -0.15
1051 -0.17
1052 0.09
1053 0.13
1054 0.11
1055 -0.12
1056 -0.25
1057 0.16
1058 0.04
1059 0.15
1060 -0.16
1061 0.09
1062 -0.24
1063 -0.17
1064 -0.16
1065 0.00
1066 -0.21
1067 0.07
1068 0.15
1069 -0.03
1070 0.11
1071 0.12
1072 -0.18
1073 0.16
1074 -0.11
1075 0.13
1076 -0.13
1077 0.16
1078 0.23
1079 -0.19
1080 -0.19
1081 0.19
1082 0.21
1083 0.23
1084 0.16
1085 0.00
1086 -0.03
1087 -0.19
1088 -0.31
1089 -0.19
1090 -0.10
1091 0.03
1092 0.03
1093 0.18
1094 0.22
1095 -0.23
1096 0.18
1097 0.24
1098 -0.25
1099 -0.05
1100 0.23
1101 0.30
1102 0.24
1103 0.30
1104 0.30
1105 0.32
1106 -0.24
1107 0.30
1108 0.33
1109 0.32
1110 0.32
1111 -0.23
1112 -0.15
1113 -0.16
1114 0.26
1115 -0.20
1116 0.27
1117 0.24
1118 -0.21
1119 -0.17
1120 -0.13
1121 0.08
1122 -0.07
1123 0.04
1124 -0.15
1125 -0.06
1126 0.04
1127 0.16
1128 0.19
1129 -0.08
1130 -0.17
1131 0.18
1132 -0.07
1133 -0.00
1134 0.20
1135 0.25
1136 0.30
1137 -0.16
1138 0.21
1139 -0.12
1140 0.24
1141 0.28
1142 0.30
1143 0.26
1144 -0.19
1145 -0.13
1146 0.33
1147 -0.00
1148 0.10
1149 0.27
1150 0.34
1151 0.09
1152 -0.15
1153 -0.12
1154 0.33
1155 0.32
1156 0.34
1157 -0.18
1158 0.34
1159 0.32
1160 -0.13
1161 0.07
1162 -0.14
1163 -0.11
1164 -0.24
1165 -0.13
1166 0.10
1167 -0.17
1168 0.20
1169 0.18
1170 -0.04
1171 0.20
1172 0.21
1173 0.13
1174 -0.16
1175 -0.12
1176 -0.10
1177 -0.16
1178 0.18
1179 -0.13
1180 -0.21
1181 -0.15
1182 -0.15
1183 -0.09
1184 -0.14
1185 -0.17
1186 -0.06
1187 0.02
1188 0.08
1189 0.07
1190 -0.18
1191 0.15
1192 -0.03
1193 0.05
1194 -0.19
1195 -0.04
1196 -0.13
1197 -0.01
1198 -0.15
1199 -0.14
1200 0.28
1201 -0.09
1202 0.09
1203 0.15
1204 0.00
1205 0.09
1206 0.09
1207 0.07
1208 0.21
1209 0.28
1210 0.34
1211 -0.03
1212 0.20
1213 0.32
1214 0.38
1215 0.15
1216 0.21
1217 0.40
1218 0.27
1219 0.40
1220 0.30
1221 0.26
1222 0.41
1223 0.46
1224 0.14
1225 0.45
1226 0.10
1227 0.35
1228 0.37
1229 0.18
1230 0.43
1231 0.37
1232 0.42
1233 0.44
1234 0.44
1235 -0.08
1236 -0.18
1237 0.46
1238 0.07
1239 0.32
1240 -0.12
1241 0.24
1242 0.40
1243 0.42
1244 0.08
1245 0.13
1246 0.09
1247 0.24
1248 0.18
1249 0.25
1250 0.27
1251 0.30
1252 -0.16
1253 0.28
1254 0.15
1255 0.16
1256 0.31
1257 0.35
1258 0.28
1259 -0.13
1260 0.29
1261 -0.12
1262 0.31
1263 0.29
1264 0.16
1265 -0.13
1266 0.19
1267 0.20
1268 -0.04
1269 0.14
1270 0.20
1271 0.13
1272 0.03
1273 -0.12
1274 0.17
1275 0.23
1276 0.02
1277 0.16
1278 0.12
1279 0.24
1280 0.20
1281 -0.06
1282 0.24
1283 -0.09
1284 0.21
1285 0.09
1286 0.10
1287 0.24
1288 0.20
1289 0.23
1290 0.31
1291 0.14
1292 0.04
1293 0.05
1294 0.23
1295 0.24
1296 0.30
1297 0.03
1298 0.06
1299 0.23
1300 0.21
1301 0.22
1302 0.09
1303 0.28
1304 -0.04
1305 0.14
1306 0.24
1307 0.32
1308 0.32
1309 0.11
1310 0.09
1311 0.08
1312 0.19
1313 0.16
1314 0.31
1315 0.28
1316 0.23
1317 0.04
1318 0.23
1319 0.28
1320 0.15
1321 0.12
1322 0.19
1323 0.15
1324 0.12
1325 0.25
1326 0.19
1327 0.25
1328 0.06
1329 0.10
1330 0.08
1331 0.15
1332 -0.07
1333 0.10
1334 0.19
1335 0.23
1336 0.12
1337 0.08
1338 0.16
1339 0.20
1340 0.03
1341 -0.11
1342 0.04
1343 0.10
1344 0.23
1345 0.22
1346 0.21
1347 0.07
1348 0.21
1349 0.24
1350 0.11
1351 0.29
1352 0.07
1353 0.11
1354 0.17
1355 0.19
1356 0.14
1357 0.24
1358 0.18
1359 0.24
1360 0.30
1361 0.33
1362 0.03
1363 0.26
1364 0.04
1365 0.34
1366 0.08
1367 -0.08
1368 0.11
1369 0.17
1370 0.13
1371 0.21
1372 0.22
1373 0.24
1374 0.29
1375 0.36
1376 0.16
1377 0.15
1378 0.27
1379 0.17
1380 0.29
1381 0.32
1382 0.22
1383 0.29
1384 0.28
1385 -0.16
1386 0.23
1387 0.28
1388 0.13
1389 0.17
1390 0.09
1391 0.25
1392 0.18
1393 -0.09
1394 0.30
1395 0.08
1396 0.28
1397 0.08
1398 0.27
1399 0.11
1400 0.49
1401 0.38
1402 0.46
1403 0.26
1404 0.06
1405 0.35
1406 0.29
1407 0.19
1408 0.15
1409 0.26
1410 0.45
1411 -0.04
1412 0.43
1413 0.22
1414 0.34
1415 0.20
1416 0.37
1417 0.45
1418 0.42
1419 0.43
1420 0.28
1421 0.47
1422 -0.12
1423 0.40
1424 0.46
1425 0.21
1426 -0.01
1427 0.40
1428 0.33
1429 0.24
1430 0.26
1431 0.48
1432 0.43
1433 -0.14
1434 0.41
1435 0.41
1436 0.35
1437 0.10
1438 0.39
1439 0.28
1440 0.37
1441 0.45
1442 0.22
1443 0.09
1444 0.18
1445 0.41
1446 0.44
1447 -0.18
1448 0.31
1449 0.36
1450 0.26
1451 0.30
1452 0.29
1453 0.36
1454 0.25
1455 0.27
1456 -0.09
1457 0.27
1458 0.25
1459 -0.14
1460 0.38
1461 0.35
1462 0.24
1463 0.16
1464 0.35
1465 0.45
1466 0.47
1467 -0.00
1468 0.26
1469 0.43
1470 0.37
1471 0.47
1472 0.01
1473 0.38
1474 0.23
1475 0.26
1476 0.35
1477 0.30
1478 0.47
1479 0.48
1480 0.21
1481 0.42
1482 0.06
1483 0.46
1484 0.31
1485 -0.09
1486 0.45
1487 0.34
1488 0.21
1489 0.04
1490 0.34
1491 0.26
1492 0.41
1493 0.34
1494 0.11
1495 0.19
1496 -0.14
1497 0.30
1498 0.37
1499 0.36
1500 0.07
1501 -0.03
1502 -0.10
1503 -0.09
1504 -0.11
1505 0.10
1506 0.12
1507 0.06
1508 0.03
1509 0.10
1510 0.10
1511 0.06
1512 0.15
1513 0.13
1514 0.15
1515 0.15
1516 0.09
1517 0.25
1518 0.16
1519 0.17
1520 -0.06
1521 0.14
1522 -0.19
1523 0.16
1524 0.16
1525 0.18
1526 0.17
1527 0.27
1528 0.31
1529 0.29
1530 0.23
1531 0.29
1532 0.32
1533 0.32
1534 0.32
1535 0.36
1536 0.18
1537 0.34
1538 -0.18
1539 -0.02
1540 0.24
1541 0.37
1542 0.31
1543 0.24
1544 0.00
1545 0.38
1546 0.42
1547 0.14
1548 0.04
1549 0.37
1550 0.36
1551 0.07
1552 0.35
1553 -0.09
1554 0.34
1555 0.17
1556 0.15
1557 0.27
1558 0.06
1559 0.29
1560 0.23
1561 0.33
1562 0.38
1563 0.43
1564 -0.04
1565 0.26
1566 0.35
1567 0.01
1568 0.21
1569 0.17
1570 0.42
1571 0.21
1572 0.23
1573 -0.26
1574 0.03
1575 0.28
1576 0.20
1577 0.25
1578 0.20
1579 0.19
1580 0.20
1581 0.27
1582 0.30
1583 0.30
1584 0.06
1585 0.26
1586 0.19
1587 0.30
1588 0.02
1589 0.26
1590 0.05
1591 0.14
1592 0.17
1593 0.03
1594 0.22
1595 0.22
1596 0.28
1597 0.15
1598 0.21
1599 0.10
1600 0.19
1601 0.27
1602 -0.01
1603 0.07
1604 0.11
1605 0.11
1606 0.01
1607 0.05
1608 0.04
1609 -0.09
1610 0.05
1611 0.02
1612 0.04
1613 -0.03
1614 0.08
1615 0.03
1616 0.08
1617 -0.09
1618 0.06
1619 0.00
1620 -0.03
1621 0.05
1622 0.08
1623 0.06
1624 0.03
1625 0.08
1626 -0.08
1627 -0.13
1628 0.00
1629 -0.01
1630 -0.01
1631 0.08
1632 0.12
1633 0.14
1634 0.02
1635 0.17
1636 -0.09
1637 -0.03
1638 0.12
1639 0.11
1640 0.08
1641 0.18
1642 -0.02
1643 0.24
1644 0.31
1645 0.33
1646 0.29
1647 0.33
1648 0.29
1649 0.28
1650 0.25
1651 -0.09
1652 0.27
1653 0.16
1654 0.16
1655 0.30
1656 0.18
1657 0.33
1658 0.20
1659 0.37
1660 0.39
1661 0.07
1662 0.25
1663 0.23
1664 -0.08
1665 0.30
1666 0.37
1667 0.29
1668 0.34
1669 -0.05
1670 0.33
1671 0.40
1672 0.18
1673 0.07
1674 -0.02
1675 0.27
1676 0.13
1677 0.26
1678 0.24
1679 0.23
1680 0.08
1681 0.15
1682 0.11
1683 0.26
1684 0.37
1685 0.36
1686 0.34
1687 0.08
1688 -0.01
1689 0.18
1690 0.33
1691 0.11
1692 0.16
1693 0.22
1694 0.30
1695 0.32
1696 0.40
1697 0.28
1698 0.11
1699 0.27
1700 0.39
1701 0.27
1702 -0.14
1703 0.36
1704 0.30
1705 0.40
1706 0.29
1707 -0.08
1708 0.17
1709 0.23
1710 0.29
1711 -0.05
1712 0.31
1713 0.41
1714 0.37
1715 0.19
1716 0.26
1717 0.12
1718 0.35
1719 0.42
1720 0.41
1721 0.08
1722 0.42
1723 -0.08
1724 0.21
1725 0.42
1726 0.21
1727 0.28
1728 0.34
1729 0.26
1730 -0.02
1731 0.33
1732 0.26
1733 0.39
1734 0.26
1735 0.21
1736 0.34
1737 0.37
1738 0.41
1739 -0.08
1740 0.40
1741 0.30
1742 0.37
1743 0.17
1744 0.36
1745 0.42
1746 0.15
1747 0.37
1748 0.21
1749 0.40
1750 0.41
1751 0.32
1752 0.37
1753 0.36
1754 0.40
1755 0.16
1756 0.17
1757 0.37
1758 0.16
1759 0.17
1760 0.07
1761 0.18
1762 0.29
1763 0.38
1764 0.01
1765 0.37
1766 0.25
1767 0.25
1768 0.31
1769 0.29
1770 0.30
1771 0.38
1772 0.36
1773 -0.04
1774 0.36
1775 0.17
1776 0.28
1777 0.20
1778 0.18
1779 0.31
1780 0.20
1781 0.27
1782 0.29
1783 0.31
1784 0.31
1785 0.37
1786 0.31
1787 0.27
1788 0.32
1789 0.31
1790 0.35
1791 0.35
1792 0.38
1793 0.24
1794 0.37
1795 0.30
1796 0.33
1797 0.36
1798 0.29
1799 0.39
1800 0.46
1801 0.46
1802 0.44
1803 0.46
1804 0.32
1805 -0.23
1806 0.27
1807 0.33
1808 0.36
1809 0.32
1810 0.35
1811 0.07
1812 -0.07
1813 0.28
1814 0.22
1815 0.06
1816 0.19
1817 0.22
1818 0.29
1819 -0.16
1820 0.17
1821 0.02
1822 0.09
1823 0.20
1824 0.17
1825 0.17
1826 0.02
1827 0.11
1828 0.18
1829 0.19
1830 0.18
1831 0.21
1832 0.24
1833 0.20
1834 0.23
1835 0.19
1836 0.20
1837 0.22
1838 0.02
1839 0.18
1840 0.10
1841 0.26
1842 0.05
1843 0.21
1844 0.27
1845 0.29
1846 0.29
1847 0.23
1848 0.33
1849 0.18
1850 0.18
1851 0.26
1852 0.32
1853 0.26
1854 0.24
1855 0.27
1856 0.26
1857 0.32
1858 0.33
1859 0.25
1860 0.06
1861 0.19
1862 0.21
1863 0.26
1864 0.23
1865 -0.15
1866 0.27
1867 0.31
1868 0.27
1869 0.13
1870 0.15
1871 0.27
1872 0.26
1873 0.28
1874 0.33
1875 0.21
1876 0.30
1877 0.30
1878 0.30
1879 0.27
1880 0.35
1881 0.13
1882 0.30
1883 0.31
1884 0.32
1885 0.35
1886 0.39
1887 0.35
1888 0.08
1889 0.27
1890 0.07
1891 0.39
1892 0.34
1893 0.35
1894 0.33
1895 0.30
1896 0.21
1897 0.03
1898 0.10
1899 0.24
1900 0.31
1901 0.29
1902 0.30
1903 -0.25
1904 0.27
1905 0.28
1906 0.18
1907 0.27
1908 0.31
1909 0.32
1910 0.31
1911 0.21
1912 0.30
1913 0.18
1914 0.27
1915 0.30
1916 0.33
1917 0.05
1918 0.33
1919 0.37
1920 0.29
1921 0.38
1922 0.39
1923 0.34
1924 0.39
1925 0.36
1926 0.24
1927 0.10
1928 0.38
1929 0.22
1930 0.05
1931 0.37
1932 0.36
1933 0.38
1934 0.41
1935 0.40
1936 0.43
1937 0.26
1938 0.33
1939 0.36
1940 0.43
1941 0.33
1942 0.35
1943 0.41
1944 0.41
1945 0.36
1946 0.32
1947 0.24
1948 0.31
1949 0.29
1950 0.33
1951 0.42
1952 -0.03
1953 0.31
1954 0.37
1955 0.37
1956 0.29
1957 0.29
1958 0.38
1959 0.21
1960 0.37
1961 0.34
1962 0.09
1963 0.31
1964 0.30
1965 0.38
1966 0.34
1967 0.42
1968 0.18
1969 0.37
1970 0.35
1971 0.32
1972 0.42
1973 0.41
1974 0.15
1975 0.36
1976 0.35
1977 0.29
1978 0.37
1979 0.21
1980 -0.10
1981 0.28
1982 0.27
1983 0.14
1984 -0.06
1985 0.27
1986 0.30
1987 0.36
1988 0.22
1989 0.35
1990 0.26
1991 0.29
1992 0.31
1993 0.35
1994 0.32
1995 0.31
1996 0.37
1997 0.37
1998 0.37
1999 0.42
2000 0.37
2001 0.21
2002 0.49
2003 0.49
2004 0.46
2005 0.10
2006 0.46
2007 0.15
2008 0.48
2009 0.48
2010 0.46
2011 0.44
2012 0.44
2013 0.46
2014 0.49
2015 0.49
2016 0.42
2017 0.42
2018 0.49
2019 0.46
2020 0.49
2021 0.46
2022 0.07
2023 0.46
2024 0.40
2025 0.46
2026 0.46
2027 0.38
2028 0.45
2029 0.08
2030 0.02
2031 0.11
2032 0.07
2033 0.03
2034 -0.06
2035 -0.10
2036 0.01
2037 -0.01
2038 -0.02
2039 0.10
2040 0.03
2041 0.10
2042 0.14
2043 0.27
2044 0.06
2045 0.28
2046 0.27
2047 0.22
2048 0.28
2049 0.06
2050 0.18
2051 0.12
2052 0.19
2053 0.31
2054 0.33
2055 0.22
2056 0.19
2057 0.24
2058 0.33
2059 0.19
2060 -0.13
2061 0.21
2062 0.18
2063 0.20
2064 0.25
2065 0.22
2066 0.34
2067 -0.01
2068 0.21
2069 0.24
2070 0.39
2071 0.17
2072 0.41
2073 0.46
2074 -0.01
2075 0.40
2076 0.14
2077 0.14
2078 0.33
2079 0.37
2080 0.11
2081 0.34
2082 0.43
2083 0.45
2084 0.39
2085 -0.17
2086 0.28
2087 0.25
2088 0.39
2089 0.45
2090 -0.29
2091 0.15
2092 0.41
2093 0.40
2094 0.39
2095 0.46
2096 0.39
2097 -0.28
2098 0.21
2099 0.31
2100 0.39
2101 0.42
2102 0.44
2103 0.46
2104 0.42
2105 0.42
2106 0.43
2107 0.48
2108 -0.36
2109 0.48
2110 0.40
2111 0.38
2112 0.48
2113 0.39
2114 -0.17
2115 0.29
2116 0.48
2117 0.14
2118 0.32
2119 0.29
2120 0.40
2121 0.41
2122 0.42
2123 0.34
2124 0.30
2125 0.42
2126 0.42
2127 0.34
2128 0.24
2129 0.35
2130 0.28
2131 0.44
2132 0.46
2133 0.37
2134 0.45
2135 0.47
2136 0.39
2137 0.35
2138 0.43
2139 0.44
2140 0.16
2141 0.16
2142 0.11
2143 0.43
2144 0.31
2145 0.42
2146 0.40
2147 0.38
2148 0.20
2149 0.36
2150 0.42
2151 0.34
2152 0.46
2153 0.35
2154 0.37
2155 0.35
2156 -0.11
2157 0.46
2158 -0.02
2159 0.48
2160 0.48
2161 0.40
2162 0.35
2163 0.24
2164 0.37
2165 0.41
2166 0.22
2167 0.38
2168 0.23
2169 0.38
2170 0.45
2171 0.32
2172 0.46
2173 0.44
2174 0.42
2175 0.40
2176 0.36
2177 0.47
2178 0.42
2179 0.39
2180 0.45
2181 0.47
2182 0.38
2183 0.29
2184 0.46
2185 0.45
2186 0.42
2187 0.35
2188 0.41
2189 0.42
2190 0.44
2191 0.36
2192 0.38
2193 0.39
2194 0.46
2195 0.48
2196 0.37
2197 0.29
2198 0.40
2199 0.45
2200 0.26
2201 0.44
2202 0.38
2203 0.40
2204 0.46
2205 0.41
2206 0.34
2207 0.46
2208 0.43
2209 0.46
2210 0.44
2211 0.46
2212 0.40
2213 0.41
2214 0.38
2215 0.42
2216 0.49
2217 0.43
2218 0.46
2219 0.43
2220 0.46
2221 0.49
2222 0.49
2223 0.44
2224 0.49
2225 0.49
2226 0.49
2227 0.42
2228 0.34
2229 0.35
2230 0.44
2231 0.42
2232 0.48
2233 0.45
2234 -0.01
2235 0.46
2236 0.45
2237 0.42
2238 0.25
2239 0.45
2240 0.46
2241 -0.23
2242 0.38
2243 0.32
2244 0.32
2245 0.33
2246 0.34
2247 0.26
2248 0.07
2249 0.32
2250 0.37
2251 0.40
2252 0.36
2253 0.32
2254 0.40
2255 0.44
2256 0.07
2257 0.24
2258 0.24
2259 0.32
2260 0.16
2261 0.34
2262 0.28
2263 0.37
2264 0.33
2265 0.28
2266 0.43
2267 0.32
2268 0.43
2269 0.46
2270 0.42
2271 0.44
2272 0.44
2273 0.35
2274 0.46
2275 0.39
2276 0.46
2277 0.32
2278 0.46
2279 0.41
2280 0.45
2281 0.44
2282 0.38
2283 0.42
2284 0.38
2285 -0.03
2286 0.32
2287 0.28
2288 0.25
2289 0.23
2290 0.33
2291 0.30
2292 0.26
2293 0.36
2294 0.37
2295 0.39
2296 0.38
2297 0.34
2298 0.43
2299 0.38
2300 0.32
2301 0.40
2302 0.19
2303 0.33
2304 0.36
2305 0.38
2306 0.41
2307 0.43
2308 0.42
2309 0.39
2310 0.23
2311 0.30
2312 0.28
2313 0.38
2314 0.36
2315 0.44
2316 0.37
2317 0.45
2318 0.33
2319 0.47
2320 0.40
2321 0.35
2322 0.38
2323 0.37
2324 0.36
2325 0.32
2326 0.36
2327 0.38
2328 0.32
2329 0.44
2330 0.38
2331 0.19
2332 0.34
2333 0.38
2334 0.40
2335 0.32
2336 0.39
2337 0.47
2338 0.45
2339 0.41
2340 0.46
2341 0.46
2342 0.40
2343 0.42
2344 0.40
2345 0.47
2346 0.48
2347 0.46
2348 0.44
2349 0.22
2350 0.48
2351 0.46
2352 0.49
2353 0.49
2354 0.46
2355 0.49
2356 0.44
2357 0.46
2358 0.49
2359 0.44
2360 0.44
2361 0.49
2362 0.44
2363 0.32
2364 0.45
2365 0.46
2366 0.44
2367 0.49
2368 -0.17
2369 0.44
2370 0.46
2371 0.49
2372 0.49
2373 0.49
2374 0.40
2375 0.49
2376 0.38
2377 0.18
2378 0.29
2379 0.47
2380 0.48
2381 0.38
2382 0.39
2383 0.37
2384 0.18
2385 0.32
2386 0.38
2387 0.44
2388 0.23
2389 0.36
2390 0.34
2391 0.43
2392 0.38
2393 0.40
2394 0.41
2395 0.35
2396 0.41
2397 0.34
2398 0.36
2399 0.37
2400 0.44
2401 0.08
2402 0.29
2403 0.14
2404 0.16
2405 0.31
2406 0.36
2407 0.40
2408 0.42
2409 0.32
2410 0.14
2411 0.47
2412 0.40
2413 0.41
2414 0.19
2415 0.46
2416 0.38
2417 0.43
2418 0.30
2419 0.40
2420 0.35
2421 0.49
2422 0.46
2423 0.44
2424 0.46
2425 0.46
2426 0.38
2427 0.42
2428 0.42
2429 0.44
2430 0.38
2431 0.48
2432 0.48
2433 0.16
2434 0.48
2435 -0.02
2436 0.42
2437 0.48
2438 0.46
2439 0.44
2440 0.41
2441 0.36
2442 0.00
2443 0.37
2444 0.39
2445 0.38
2446 0.28
2447 0.36
2448 -0.04
2449 0.21
2450 0.41
2451 0.31
2452 0.41
2453 0.44
2454 0.47
2455 0.41
2456 0.14
2457 0.42
2458 0.39
2459 0.31
2460 0.23
2461 0.41
2462 0.34
2463 0.39
2464 0.39
2465 0.45
2466 0.42
2467 0.28
2468 0.42
2469 0.42
2470 0.37
2471 0.34
2472 0.42
2473 0.43
2474 0.44
2475 0.44
2476 0.44
2477 0.42
2478 -0.18
2479 0.41
2480 0.47
2481 0.44
2482 0.46
2483 0.39
2484 0.40
2485 0.46
2486 0.46
2487 0.42
2488 0.44
2489 0.38
2490 0.46
2491 0.03
2492 0.39
2493 0.33
2494 0.41
2495 0.39
2496 0.45
2497 0.45
2498 0.44
2499 0.44
2500 0.49
2501 0.46
2502 0.44
2503 0.49
2504 0.46
2505 0.49
2506 0.49
2507 0.25
2508 0.02
2509 0.41
2510 0.26
2511 0.27
2512 0.45
2513 0.34
2514 0.29
2515 0.42
2516 0.30
2517 0.43
2518 0.16
2519 0.32
2520 0.41
2521 0.25
2522 0.25
2523 0.43
2524 0.33
2525 0.36
2526 0.40
2527 0.34
2528 0.38
2529 0.48
2530 0.40
2531 0.41
2532 0.43
2533 0.41
2534 0.48
2535 0.49
2536 0.21
2537 -0.08
2538 0.39
2539 0.33
2540 0.40
2541 0.42
2542 0.36
2543 0.46
2544 0.49
2545 0.24
2546 0.49
2547 0.49
2548 0.40
2549 0.46
2550 0.49
2551 0.49
2552 0.45
2553 0.38
2554 0.44
2555 0.44
2556 0.40
2557 0.34
2558 0.44
2559 0.37
2560 0.06
2561 0.37
2562 0.30
2563 0.44
2564 0.39
2565 0.47
2566 0.39
2567 0.40
2568 0.46
2569 0.39
2570 0.49
2571 0.48
2572 -0.24
2573 0.38
2574 0.09
2575 0.38
2576 0.42
2577 0.41
2578 0.40
2579 0.34
2580 0.44
2581 0.42
2582 0.46
2583 0.46
2584 0.49
2585 0.49
2586 0.34
2587 0.40
2588 0.38
2589 0.49
2590 0.37
2591 0.18
2592 0.35
2593 0.33
2594 0.32
2595 0.46
2596 0.42
2597 0.37
2598 0.44
2599 0.20
2600 0.46
2601 -0.00
2602 0.43
2603 0.23
2604 0.06
2605 0.36
2606 0.42
2607 0.42
2608 0.49
2609 0.43
2610 0.44
2611 0.49
2612 0.40
2613 0.39
2614 0.49
2615 0.44
2616 0.49
2617 0.40
2618 0.38
2619 0.36
2620 0.49
2621 0.46
2622 0.16
2623 0.41
2624 0.29
2625 0.39
2626 0.36
2627 0.44
2628 0.35
2629 0.48
2630 0.48
2631 0.46
2632 0.42
2633 0.46
2634 0.44
2635 0.46
2636 0.49
2637 0.28
2638 0.33
2639 0.46
2640 0.40
2641 0.49
2642 0.29
2643 0.46
2644 0.46
2645 0.49
2646 0.46
2647 0.41
2648 0.38
2649 0.36
2650 0.40
2651 0.49
2652 0.42
2653 0.42
2654 0.42
2655 0.46
2656 0.44
2657 0.41
2658 0.34
2659 0.42
2660 0.44
2661 0.44
2662 0.32
2663 0.40
2664 0.35
2665 0.31
2666 0.40
2667 0.44
2668 0.48
2669 0.46
2670 0.44
2671 0.46
2672 0.26
2673 0.37
2674 0.47
2675 0.38
2676 0.33
2677 0.46
2678 0.37
2679 0.48
2680 0.44
2681 0.49
2682 0.38
2683 0.44
2684 0.44
2685 0.41
2686 0.40
2687 0.43
2688 0.41
2689 0.38
2690 0.39
2691 0.29
2692 0.41
2693 0.42
2694 0.10
2695 0.42
2696 0.43
2697 0.44
2698 0.47
2699 0.42
2700 0.34
2701 0.24
2702 0.43
2703 0.49
2704 0.46
2705 0.46
2706 0.33
2707 0.47
2708 0.44
2709 0.44
2710 0.42
2711 0.41
2712 0.36
2713 0.44
2714 0.35
2715 0.48
2716 0.46
2717 0.38
2718 0.47
2719 0.40
2720 0.49
2721 0.37
2722 0.46
2723 0.29
2724 0.37
2725 0.37
2726 0.44
2727 0.46
2728 0.48
2729 0.42
2730 0.42
2731 0.44
2732 0.31
2733 0.46
2734 0.13
2735 0.44
2736 0.41
2737 0.39
2738 0.48
2739 0.44
2740 0.45
2741 0.38
2742 0.42
2743 0.46
2744 0.37
2745 0.38
2746 0.32
2747 0.37
2748 0.07
2749 0.35
2750 0.21
2751 0.35
2752 0.28
2753 0.23
2754 0.14
2755 0.24
2756 0.25
2757 0.28
2758 0.26
2759 0.03
2760 0.32
2761 0.34
2762 0.29
2763 0.30
2764 -0.27
2765 0.36
2766 0.42
2767 0.44
2768 0.45
2769 0.44
2770 0.49
2771 0.41
2772 0.08
2773 0.46
2774 0.40
2775 -0.25
2776 0.47
2777 0.37
2778 0.29
2779 0.46
2780 0.39
2781 0.36
2782 0.21
2783 0.00
2784 0.41
2785 0.43
2786 0.37
2787 0.43
2788 0.40
2789 0.17
2790 0.41
2791 0.31
2792 0.43
2793 0.08
2794 0.31
2795 0.39
2796 0.37
2797 0.34
2798 0.22
2799 0.34
2800 0.29
2801 0.38
2802 0.28
2803 0.37
2804 0.47
2805 0.44
2806 0.32
2807 0.38
2808 0.42
2809 0.40
2810 0.46
2811 -0.01
2812 0.31
2813 0.17
2814 0.05
2815 0.12
2816 0.19
2817 0.25
2818 0.28
2819 0.33
2820 0.34
2821 0.42
2822 0.35
2823 0.34
2824 0.33
2825 0.37
2826 0.40
2827 0.25
2828 0.38
2829 0.40
2830 0.43
2831 0.42
2832 0.45
2833 0.46
2834 0.12
2835 0.46
2836 0.49
2837 0.46
2838 0.42
2839 0.42
2840 0.42
2841 0.44
2842 0.46
2843 0.44
2844 0.42
2845 0.45
2846 0.46
2847 0.41
2848 0.46
2849 0.44
2850 0.49
2851 0.44
2852 0.16
2853 -0.00
2854 0.44
2855 0.49
2856 0.44
2857 0.40
2858 0.44
2859 0.49
2860 0.32
2861 0.36
2862 0.49
2863 0.49
2864 0.46
2865 -0.14
2866 0.41
2867 0.44
2868 0.39
2869 0.48
2870 0.44
2871 0.44
2872 0.49
2873 0.42
2874 0.44
2875 0.44
2876 0.49
2877 0.44
2878 0.49
2879 0.44
2880 0.46
2881 0.36
2882 0.46
2883 0.40
2884 0.46
2885 0.42
2886 0.35
2887 0.49
2888 0.17
2889 0.49
2890 0.46
2891 0.27
2892 0.46
2893 0.40
2894 0.44
2895 0.46
2896 0.46
2897 0.46
2898 0.49
2899 0.27
2900 0.37
2901 0.41
2902 0.46
2903 0.41
2904 0.39
2905 0.46
2906 0.47
2907 0.34
2908 0.44
2909 0.44
2910 0.43
2911 0.38
2912 0.42
2913 0.43
2914 0.37
2915 0.19
2916 0.45
2917 0.42
2918 0.44
2919 0.08
2920 0.11
2921 0.01
2922 0.32
2923 0.31
2924 0.35
2925 0.17
2926 0.35
2927 0.36
2928 0.20
2929 0.44
2930 0.40
2931 0.42
2932 0.41
2933 0.45
2934 0.41
2935 0.48
2936 0.34
2937 0.40
2938 0.38
2939 0.49
2940 0.49
2941 0.42
2942 0.32
2943 0.48
2944 0.01
2945 0.46
2946 0.13
2947 0.43
2948 0.35
2949 0.47
2950 0.13
2951 0.38
2952 0.48
2953 0.36
2954 0.48
2955 0.44
2956 0.49
2957 0.35
2958 0.38
2959 0.49
2960 0.44
2961 0.49
2962 0.44
2963 0.44
2964 0.42
2965 0.40
2966 0.37
2967 0.44
2968 0.46
2969 0.44
2970 -0.02
2971 0.43
2972 0.39
2973 0.42
2974 0.46
2975 0.46
2976 0.41
2977 0.46
2978 0.07
2979 0.39
2980 0.27
2981 0.46
2982 0.46
2983 0.33
2984 0.45
2985 0.27
2986 0.31
2987 0.36
2988 0.42
2989 0.23
2990 0.31
2991 0.21
2992 0.43
2993 0.25
2994 0.38
2995 0.42
2996 0.39
2997 0.48
2998 0.45
2999 0.12
