0 0.28
30 0.29
60 0.32
90 0.28
120 0.32
150 0.29
180 0.28
210 0.28
240 0.31
270 0.31
300 0.34
330 0.22
360 0.23
390 0.29
420 0.34
450 0.33
480 0.31
510 0.40
540 0.32
570 0.25
600 0.35
630 0.29
660 0.34
690 0.36
720 0.34
750 0.34
780 0.23
810 0.19
840 0.15
870 0.13
900 0.18
930 0.14
960 0.19
990 0.23
1020 0.30
1050 0.35
1080 0.29
1110 0.33
1140 0.24
1170 0.18
1200 0.42
1230 0.36
1260 0.39
1290 0.40
1320 0.40
1350 0.41
1380 0.37
1410 0.40
1440 0.36
1470 0.41
1500 0.41
1530 0.38
1560 0.40
1590 0.39
1620 0.42
1650 0.40
1680 0.40
1710 0.42
1740 0.40
1770 0.39
1800 0.42
1830 0.36
1860 0.39
1890 0.40
1920 0.40
1950 0.41
1980 0.36
2010 0.39
2040 0.34
2070 0.39
2100 0.40
2130 0.39
2160 0.39
2190 0.42
2220 0.40
2250 0.35
2280 0.40
2310 0.40
2340 0.40
2370 0.37
2400 0.42
2430 0.39
2460 0.40
2490 0.40
2520 0.41
2550 0.41
2580 0.39
2610 0.42
2640 0.39
2670 0.40
2700 0.41
2730 0.41
2760 0.42
2790 0.41
2820 0.42
2850 0.40
2880 0.40
2910 0.42
2940 0.42
2970 0.41
