0 -0.23
1 -0.32
2 -0.23
3 -0.18
4 -0.01
5 -0.28
6 -0.11
7 -0.06
8 -0.17
9 0.46
10 -0.34
11 0.49
12 0.32
13 -0.18
14 -0.31
15 0.46
16 0.49
17 -0.29
18 -0.28
19 -0.08
20 0.49
21 0.49
22 -0.25
23 0.49
24 -0.12
25 -0.38
26 0.49
27 -0.10
28 -0.26
29 -0.31
30 -0.15
31 -0.31
32 -0.21
33 -0.17
34 -0.17
35 0.49
36 -0.31
37 0.40
38 -0.08
39 -0.10
40 -0.04
41 -0.17
42 -0.24
43 -0.23
44 0.08
45 -0.32
46 0.44
47 -0.13
48 -0.31
49 0.44
50 0.49
51 0.44
52 0.12
53 0.49
54 -0.36
55 -0.29
56 -0.32
57 0.49
58 0.46
59 0.49
60 -0.34
61 0.49
62 -0.13
63 -0.31
64 0.49
65 -0.34
66 0.05
67 0.49
68 0.49
69 0.49
70 0.49
71 -0.31
72 0.42
73 -0.26
74 -0.24
75 -0.28
76 -0.38
77 -0.08
78 -0.23
79 -0.28
80 -0.26
81 -0.21
82 -0.28
83 -0.21
84 0.44
85 0.42
86 -0.32
87 0.46
88 0.49
89 -0.09
90 -0.10
91 -0.10
92 -0.06
93 -0.05
94 -0.17
95 0.46
96 -0.34
97 -0.11
98 0.49
99 -0.32
100 0.49
101 0.49
102 0.46
103 0.40
104 0.19
105 -0.20
106 0.46
107 0.46
108 0.40
109 -0.12
110 -0.31
111 0.49
112 -0.23
113 -0.26
114 -0.04
115 0.49
116 -0.34
117 -0.32
118 -0.02
119 -0.19
120 -0.05
121 -0.25
122 -0.05
123 -0.17
124 0.12
125 0.49
126 0.46
127 -0.28
128 0.44
129 0.49
130 0.49
131 0.49
132 0.49
133 -0.28
134 0.49
135 -0.31
136 -0.09
137 -0.36
138 -0.31
139 0.42
140 -0.24
141 -0.20
142 -0.21
143 -0.28
144 -0.23
145 -0.34
146 -0.25
147 -0.12
148 -0.16
149 -0.21
150 -0.21
151 0.49
152 0.49
153 -0.31
154 -0.09
155 0.32
156 -0.12
157 0.44
158 -0.24
159 -0.12
160 0.49
161 0.38
162 -0.10
163 -0.28
164 0.49
165 0.49
166 -0.32
167 0.49
168 0.49
169 -0.10
170 0.44
171 0.49
172 0.49
173 0.40
174 0.49
175 -0.31
176 0.42
177 0.49
178 0.49
179 0.49
180 -0.24
181 -0.12
182 -0.23
183 0.44
184 0.49
185 -0.28
186 0.46
187 0.49
188 -0.28
189 -0.29
190 -0.14
191 0.46
192 0.49
193 0.49
194 -0.36
195 0.44
196 -0.14
197 0.44
198 0.49
199 -0.20
200 -0.10
201 0.42
202 0.42
203 0.36
204 0.36
205 -0.38
206 0.34
207 -0.31
208 0.40
209 -0.09
210 -0.13
211 -0.32
212 0.36
213 0.40
214 -0.19
215 -0.09
216 -0.34
217 -0.28
218 -0.06
219 -0.06
220 0.46
221 0.49
222 0.49
223 0.42
224 0.44
225 -0.09
226 0.40
227 0.36
228 -0.10
229 0.44
230 0.42
231 -0.11
232 0.44
233 0.44
234 -0.10
235 0.34
236 -0.25
237 0.46
238 -0.08
239 0.40
240 0.44
241 0.44
242 -0.10
243 0.40
244 0.42
245 -0.31
246 -0.20
247 0.44
248 0.44
249 0.42
250 0.40
251 0.36
252 -0.32
253 0.44
254 0.40
255 0.36
256 -0.13
257 -0.09
258 -0.38
259 0.42
260 0.40
261 0.38
262 0.42
263 -0.09
264 0.38
265 0.36
266 0.42
267 -0.26
268 -0.34
269 -0.13
270 -0.29
271 -0.34
272 0.44
273 0.44
274 0.46
275 0.36
276 0.49
277 0.40
278 0.38
279 0.42
280 -0.09
281 0.40
282 -0.32
283 -0.13
284 -0.19
285 0.42
286 0.42
287 -0.08
288 -0.17
289 0.40
290 0.40
291 0.46
292 -0.09
293 0.38
294 0.44
295 0.36
296 0.31
297 0.38
298 0.38
299 -0.32
300 0.46
301 0.40
302 0.40
303 -0.26
304 -0.09
305 0.49
306 -0.11
307 0.46
308 0.44
309 0.46
310 -0.15
311 0.42
312 0.34
313 -0.31
314 0.44
315 0.44
316 -0.21
317 -0.29
318 0.42
319 0.36
320 0.36
321 0.40
322 -0.07
323 0.44
324 0.44
325 -0.36
326 0.36
327 0.44
328 0.42
329 0.42
330 0.38
331 0.40
332 0.38
333 -0.29
334 0.40
335 0.42
336 0.42
337 -0.38
338 -0.11
339 -0.31
340 0.44
341 0.46
342 0.38
343 -0.29
344 0.34
345 0.44
346 0.44
347 0.44
348 0.36
349 0.42
350 0.44
351 0.38
352 -0.36
353 0.40
354 0.40
355 0.42
356 0.38
357 0.42
358 0.32
359 0.42
360 0.38
361 0.34
362 -0.15
363 0.49
364 -0.28
365 0.46
366 0.42
367 0.46
368 0.36
369 0.38
370 0.40
371 -0.28
372 0.38
373 0.36
374 -0.10
375 -0.29
376 -0.25
377 0.44
378 -0.10
379 0.36
380 0.34
381 0.42
382 0.38
383 0.44
384 0.42
385 0.40
386 0.32
387 0.38
388 -0.29
389 0.46
390 0.46
391 0.42
392 0.40
393 0.36
394 0.34
395 0.44
396 0.40
397 0.44
398 0.38
399 0.36
400 -0.10
401 0.40
402 0.40
403 0.32
404 -0.07
405 0.42
406 0.34
407 0.31
408 0.38
409 -0.36
410 0.38
411 0.42
412 -0.21
413 -0.29
414 0.40
415 0.40
416 0.34
417 -0.24
418 0.40
419 0.42
420 -0.19
421 0.34
422 0.38
423 -0.10
424 0.38
425 -0.31
426 0.42
427 -0.34
428 0.42
429 0.42
430 0.40
431 -0.31
432 0.42
433 0.46
434 0.31
435 0.36
436 0.46
437 0.46
438 0.44
439 0.42
440 0.34
441 0.36
442 -0.36
443 0.42
444 0.44
445 0.40
446 0.38
447 -0.20
448 -0.29
449 -0.38
450 0.40
451 -0.31
452 -0.28
453 0.46
454 0.42
455 -0.12
456 0.42
457 0.40
458 -0.10
459 0.42
460 0.42
461 0.42
462 0.40
463 0.40
464 -0.09
465 -0.31
466 0.38
467 0.42
468 -0.28
469 -0.25
470 0.44
471 0.34
472 0.36
473 0.42
474 0.40
475 0.34
476 0.40
477 0.36
478 -0.28
479 -0.31
480 0.38
481 0.44
482 -0.32
483 0.36
484 0.34
485 0.38
486 0.46
487 0.28
488 0.38
489 0.40
490 0.46
491 0.29
492 0.38
493 0.42
494 -0.31
495 0.40
496 0.40
497 0.44
498 0.36
499 0.44
500 0.29
501 0.36
502 0.40
503 -0.32
504 0.38
505 -0.08
506 -0.32
507 -0.29
508 0.46
509 -0.26
510 0.44
511 0.32
512 0.44
513 -0.10
514 0.42
515 0.42
516 0.40
517 0.38
518 0.38
519 0.29
520 0.38
521 0.36
522 -0.26
523 0.40
524 0.29
525 -0.16
526 0.42
527 0.36
528 0.38
529 0.31
530 -0.34
531 0.44
532 0.36
533 -0.25
534 0.38
535 0.34
536 -0.28
537 -0.31
538 -0.36
539 0.36
540 -0.09
541 0.28
542 0.34
543 -0.17
544 0.38
545 0.49
546 -0.09
547 -0.31
548 0.38
549 -0.34
550 0.40
551 0.44
552 -0.20
553 0.34
554 0.44
555 0.46
556 0.42
557 0.40
558 0.44
559 -0.26
560 0.42
561 -0.29
562 -0.29
563 0.42
564 -0.10
565 0.44
566 0.40
567 0.42
568 -0.06
569 0.40
570 0.38
571 0.38
572 -0.13
573 0.44
574 0.40
575 0.38
576 0.40
577 -0.34
578 0.31
579 0.34
580 0.36
581 -0.28
582 0.34
583 0.44
584 -0.31
585 0.40
586 -0.29
587 0.46
588 0.49
589 0.42
590 -0.32
591 0.34
592 -0.29
593 0.46
594 -0.09
595 0.42
596 0.46
597 0.44
598 0.44
599 0.40
600 0.49
601 -0.32
602 0.44
603 0.49
604 0.40
605 0.44
606 0.46
607 -0.29
608 0.31
609 -0.32
610 0.46
611 0.42
612 0.44
613 -0.17
614 0.40
615 0.44
616 0.42
617 0.42
618 0.44
619 0.42
620 0.42
621 0.38
622 -0.29
623 0.44
624 0.36
625 0.44
626 0.42
627 -0.09
628 -0.28
629 0.38
630 -0.12
631 0.42
632 0.40
633 0.31
634 0.32
635 -0.23
636 0.34
637 -0.31
638 0.40
639 -0.16
640 0.42
641 0.44
642 -0.34
643 0.38
644 -0.26
645 0.42
646 0.42
647 0.42
648 -0.17
649 0.46
650 0.42
651 0.46
652 0.44
653 -0.09
654 0.40
655 0.42
656 0.38
657 0.40
658 -0.17
659 0.26
660 0.38
661 0.44
662 0.38
663 -0.12
664 -0.14
665 -0.15
666 0.34
667 0.42
668 0.40
669 0.44
670 0.40
671 -0.23
672 0.44
673 0.38
674 0.32
675 0.40
676 0.44
677 0.31
678 0.44
679 0.40
680 -0.20
681 0.42
682 0.40
683 -0.28
684 0.44
685 0.42
686 -0.29
687 -0.34
688 -0.14
689 0.31
690 0.36
691 0.29
692 0.34
693 0.36
694 0.40
695 0.42
696 -0.08
697 -0.34
698 0.32
699 0.29
700 -0.17
701 -0.19
702 0.44
703 0.44
704 0.38
705 0.36
706 -0.31
707 0.40
708 -0.19
709 0.42
710 0.40
711 0.42
712 -0.19
713 0.44
714 0.42
715 0.38
716 -0.23
717 0.44
718 -0.28
719 -0.32
720 -0.19
721 -0.36
722 -0.20
723 0.31
724 0.38
725 0.32
726 0.32
727 -0.24
728 0.38
729 0.42
730 0.38
731 0.44
732 0.44
733 -0.34
734 0.36
735 0.42
736 0.46
737 -0.31
738 -0.23
739 0.44
740 0.42
741 -0.29
742 0.36
743 0.36
744 0.32
745 0.42
746 -0.34
747 0.44
748 0.38
749 0.40
750 0.42
751 0.42
752 0.46
753 0.34
754 0.38
755 0.42
756 0.34
757 0.46
758 -0.25
759 0.31
760 0.42
761 0.40
762 0.44
763 0.38
764 0.42
765 -0.31
766 -0.31
767 0.36
768 -0.32
769 -0.10
770 0.40
771 0.36
772 0.46
773 -0.32
774 0.40
775 0.38
776 -0.31
777 -0.21
778 0.40
779 0.38
780 0.42
781 0.40
782 -0.20
783 0.38
784 0.46
785 0.46
786 0.36
787 -0.34
788 0.42
789 0.40
790 0.38
791 0.32
792 0.40
793 0.40
794 0.40
795 -0.32
796 0.44
797 0.46
798 -0.34
799 0.40
800 0.44
801 0.42
802 0.36
803 0.28
804 0.34
805 0.38
806 -0.29
807 0.38
808 0.36
809 0.28
810 0.42
811 0.44
812 0.36
813 0.32
814 0.32
815 -0.25
816 0.44
817 -0.26
818 -0.08
819 0.38
820 0.36
821 0.40
822 0.34
823 -0.29
824 0.34
825 0.31
826 -0.17
827 -0.34
828 0.34
829 0.36
830 0.36
831 0.40
832 -0.36
833 0.42
834 0.38
835 -0.31
836 0.42
837 0.36
838 0.40
839 0.32
840 0.40
841 0.40
842 0.46
843 0.44
844 0.40
845 0.42
846 0.38
847 0.36
848 0.46
849 0.46
850 -0.14
851 0.38
852 0.42
853 0.29
854 0.29
855 0.49
856 0.34
857 0.44
858 0.40
859 0.34
860 -0.32
861 0.46
862 0.40
863 0.26
864 0.46
865 0.46
866 -0.23
867 -0.17
868 0.44
869 0.42
870 0.32
871 0.40
872 0.34
873 0.38
874 0.34
875 0.15
876 0.36
877 0.40
878 0.36
879 -0.32
880 -0.31
881 0.40
882 -0.32
883 0.38
884 0.44
885 0.44
886 -0.31
887 0.38
888 0.42
889 0.34
890 0.40
891 -0.32
892 0.38
893 0.38
894 0.29
895 -0.28
896 0.38
897 -0.31
898 -0.29
899 0.40
900 0.29
901 0.40
902 0.32
903 0.44
904 0.40
905 0.38
906 0.32
907 0.42
908 0.40
909 0.36
910 0.40
911 0.38
912 -0.31
913 0.32
914 0.36
915 -0.31
916 0.36
917 0.34
918 -0.32
919 0.34
920 0.40
921 0.40
922 -0.34
923 -0.28
924 -0.13
925 -0.38
926 0.26
927 -0.18
928 0.31
929 0.40
930 0.42
931 0.44
932 0.38
933 0.46
934 0.38
935 0.36
936 -0.31
937 0.28
938 -0.32
939 0.46
940 0.40
941 0.44
942 -0.29
943 0.38
944 0.42
945 0.36
946 0.46
947 0.42
948 -0.34
949 0.36
950 0.29
951 0.40
952 -0.32
953 0.40
954 -0.21
955 0.44
956 0.38
957 0.40
958 0.36
959 0.40
960 0.42
961 0.46
962 -0.36
963 0.44
964 0.44
965 0.38
966 0.40
967 0.40
968 0.36
969 -0.24
970 0.40
971 0.42
972 0.36
973 -0.17
974 0.36
975 0.44
976 0.31
977 0.42
978 -0.32
979 0.42
980 -0.28
981 0.23
982 0.36
983 0.40
984 0.36
985 0.42
986 -0.25
987 0.36
988 0.38
989 -0.38
990 -0.31
991 0.36
992 0.44
993 0.42
994 0.44
995 -0.14
996 -0.19
997 0.42
998 0.28
999 -0.26
1000 0.26
1001 0.34
1002 0.36
1003 -0.19
1004 -0.32
1005 0.40
1006 0.25
1007 0.42
1008 0.32
1009 -0.34
1010 0.42
1011 -0.32
1012 0.46
1013 0.40
1014 0.38
1015 0.34
1016 0.40
1017 -0.24
1018 0.40
1019 0.38
1020 0.40
1021 0.34
1022 0.38
1023 0.42
1024 0.38
1025 -0.25
1026 0.34
1027 0.32
1028 0.44
1029 0.44
1030 -0.20
1031 -0.25
1032 -0.25
1033 0.32
1034 0.46
1035 0.44
1036 0.38
1037 0.38
1038 0.36
1039 0.42
1040 0.40
1041 0.44
1042 0.34
1043 -0.23
1044 0.40
1045 -0.16
1046 0.31
1047 0.34
1048 0.38
1049 0.40
1050 0.42
1051 0.36
1052 -0.15
1053 0.46
1054 0.42
1055 0.40
1056 0.40
1057 -0.28
1058 0.38
1059 0.38
1060 0.40
1061 0.38
1062 0.36
1063 -0.24
1064 0.36
1065 -0.16
1066 0.34
1067 0.40
1068 0.38
1069 0.15
1070 0.34
1071 0.34
1072 0.12
1073 0.36
1074 0.42
1075 0.34
1076 0.18
1077 0.32
1078 0.40
1079 0.40
1080 0.42
1081 0.36
1082 0.32
1083 -0.17
1084 0.40
1085 0.36
1086 0.42
1087 0.34
1088 0.31
1089 0.42
1090 0.42
1091 0.34
1092 0.40
1093 0.29
1094 0.40
1095 -0.15
1096 -0.24
1097 0.32
1098 0.40
1099 0.38
1100 0.38
1101 -0.29
1102 0.29
1103 -0.31
1104 -0.18
1105 0.40
1106 0.38
1107 -0.18
1108 0.26
1109 0.38
1110 0.31
1111 0.29
1112 0.36
1113 0.46
1114 0.44
1115 -0.09
1116 0.26
1117 0.32
1118 0.32
1119 0.34
1120 0.44
1121 0.32
1122 0.36
1123 0.44
1124 0.29
1125 0.32
1126 0.31
1127 0.40
1128 0.36
1129 0.38
1130 -0.23
1131 0.44
1132 0.42
1133 0.36
1134 0.44
1135 0.46
1136 -0.31
1137 -0.32
1138 0.42
1139 0.34
1140 0.38
1141 0.42
1142 -0.21
1143 0.36
1144 0.40
1145 0.25
1146 0.42
1147 0.36
1148 0.34
1149 0.40
1150 0.42
1151 0.40
1152 0.44
1153 -0.17
1154 -0.28
1155 0.40
1156 0.38
1157 0.44
1158 0.44
1159 0.44
1160 0.42
1161 0.28
1162 0.25
1163 0.28
1164 0.32
1165 0.42
1166 0.34
1167 0.34
1168 -0.21
1169 -0.32
1170 0.46
1171 0.46
1172 0.49
1173 0.38
1174 0.49
1175 0.44
1176 0.42
1177 0.42
1178 0.40
1179 0.44
1180 0.40
1181 0.46
1182 0.42
1183 0.42
1184 0.42
1185 -0.32
1186 0.38
1187 0.40
1188 0.38
1189 0.38
1190 0.32
1191 0.40
1192 0.38
1193 0.31
1194 0.44
1195 0.42
1196 0.31
1197 0.38
1198 0.36
1199 -0.24
1200 0.42
1201 0.42
1202 0.36
1203 0.44
1204 0.42
1205 -0.16
1206 0.49
1207 0.44
1208 0.42
1209 0.42
1210 0.32
1211 0.38
1212 0.36
1213 0.42
1214 0.31
1215 0.36
1216 -0.24
1217 0.40
1218 0.34
1219 0.42
1220 0.38
1221 0.40
1222 0.40
1223 0.42
1224 0.42
1225 0.42
1226 0.38
1227 0.40
1228 0.31
1229 -0.21
1230 0.42
1231 -0.21
1232 0.38
1233 0.38
1234 0.26
1235 0.28
1236 0.44
1237 0.44
1238 0.46
1239 0.36
1240 0.40
1241 0.29
1242 0.42
1243 0.40
1244 0.44
1245 0.44
1246 0.42
1247 0.34
1248 0.44
1249 0.46
1250 -0.19
1251 0.44
1252 0.16
1253 -0.10
1254 -0.12
1255 0.25
1256 0.09
1257 0.29
1258 -0.24
1259 -0.05
1260 0.20
1261 -0.16
1262 -0.17
1263 -0.26
1264 0.25
1265 0.36
1266 0.46
1267 0.21
1268 0.31
1269 0.32
1270 0.44
1271 0.40
1272 0.40
1273 0.36
1274 0.44
1275 0.32
1276 0.40
1277 0.44
1278 -0.34
1279 0.36
1280 0.38
1281 -0.32
1282 0.31
1283 0.49
1284 0.40
1285 0.29
1286 0.36
1287 0.38
1288 0.46
1289 0.42
1290 0.32
1291 0.38
1292 -0.31
1293 0.34
1294 0.44
1295 -0.24
1296 0.38
1297 -0.17
1298 -0.12
1299 0.42
1300 0.29
1301 0.26
1302 0.40
1303 0.32
1304 0.42
1305 0.46
1306 0.42
1307 0.38
1308 0.46
1309 0.36
1310 0.46
1311 -0.34
1312 0.42
1313 0.44
1314 0.31
1315 0.28
1316 0.36
1317 0.36
1318 0.38
1319 0.38
1320 0.46
1321 0.40
1322 0.38
1323 -0.23
1324 0.44
1325 0.44
1326 -0.13
1327 0.42
1328 0.42
1329 0.36
1330 -0.31
1331 0.40
1332 0.42
1333 0.44
1334 0.42
1335 -0.28
1336 -0.23
1337 0.40
1338 0.42
1339 0.44
1340 -0.25
1341 0.31
1342 0.34
1343 0.32
1344 0.44
1345 0.36
1346 0.34
1347 0.40
1348 0.38
1349 0.42
1350 0.42
1351 0.44
1352 0.40
1353 0.42
1354 0.42
1355 0.49
1356 0.36
1357 0.42
1358 0.40
1359 0.40
1360 0.40
1361 0.36
1362 -0.24
1363 0.40
1364 0.40
1365 0.40
1366 0.36
1367 0.40
1368 0.42
1369 0.40
1370 0.36
1371 -0.32
1372 0.40
1373 0.34
1374 0.40
1375 -0.09
1376 0.42
1377 0.46
1378 -0.23
1379 0.42
1380 0.36
1381 0.40
1382 0.31
1383 0.44
1384 0.34
1385 0.32
1386 0.29
1387 0.46
1388 0.42
1389 0.38
1390 0.38
1391 0.40
1392 0.36
1393 0.42
1394 0.44
1395 0.44
1396 0.44
1397 0.40
1398 0.42
1399 0.34
1400 0.29
1401 0.42
1402 0.44
1403 0.36
1404 0.44
1405 0.38
1406 0.32
1407 -0.14
1408 0.40
1409 0.38
1410 -0.18
1411 0.40
1412 -0.26
1413 -0.25
1414 0.38
1415 0.36
1416 0.29
1417 0.24
1418 0.28
1419 0.34
1420 0.36
1421 0.32
1422 -0.25
1423 0.42
1424 0.31
1425 0.26
1426 0.23
1427 0.34
1428 0.38
1429 -0.26
1430 0.34
1431 0.40
1432 0.25
1433 0.36
1434 0.34
1435 0.42
1436 0.25
1437 -0.08
1438 0.29
1439 0.42
1440 0.40
1441 0.44
1442 -0.34
1443 0.40
1444 0.36
1445 0.44
1446 -0.31
1447 0.31
1448 0.40
1449 -0.24
1450 0.38
1451 0.40
1452 0.29
1453 0.32
1454 0.38
1455 0.38
1456 0.36
1457 0.44
1458 0.36
1459 0.34
1460 0.36
1461 0.31
1462 -0.29
1463 0.40
1464 0.46
1465 0.44
1466 -0.17
1467 0.25
1468 0.40
1469 0.38
1470 0.31
1471 0.32
1472 0.42
1473 0.42
1474 0.36
1475 0.46
1476 0.40
1477 0.44
1478 0.29
1479 0.28
1480 0.34
1481 0.42
1482 0.34
1483 0.32
1484 0.38
1485 0.36
1486 -0.29
1487 0.44
1488 0.36
1489 0.38
1490 -0.02
1491 0.44
1492 -0.19
1493 0.40
1494 0.44
1495 0.36
1496 -0.23
1497 0.44
1498 0.31
1499 -0.28
1500 0.40
1501 0.29
1502 0.44
1503 0.46
1504 0.40
1505 0.40
1506 0.28
1507 -0.26
1508 0.44
1509 0.36
1510 0.49
1511 0.29
1512 0.44
1513 0.46
1514 0.42
1515 0.44
1516 0.42
1517 0.26
1518 0.42
1519 0.32
1520 0.40
1521 0.44
1522 0.31
1523 0.42
1524 0.42
1525 0.44
1526 0.32
1527 0.38
1528 0.49
1529 0.36
1530 0.25
1531 0.40
1532 0.29
1533 0.40
1534 0.34
1535 0.42
1536 0.42
1537 0.26
1538 0.44
1539 -0.23
1540 -0.21
1541 0.34
1542 0.36
1543 0.26
1544 0.28
1545 0.44
1546 0.29
1547 0.40
1548 -0.11
1549 0.44
1550 0.44
1551 0.44
1552 0.38
1553 0.44
1554 0.44
1555 0.36
1556 0.44
1557 0.26
1558 0.42
1559 0.42
1560 0.42
1561 0.42
1562 0.38
1563 0.44
1564 0.49
1565 0.46
1566 -0.17
1567 0.44
1568 0.44
1569 0.34
1570 -0.31
1571 0.46
1572 0.40
1573 0.42
1574 0.38
1575 0.42
1576 0.44
1577 0.34
1578 0.34
1579 0.42
1580 0.49
1581 -0.20
1582 -0.09
1583 -0.34
1584 0.38
1585 0.44
1586 0.29
1587 0.40
1588 0.36
1589 0.49
1590 0.34
1591 0.44
1592 0.44
1593 0.29
1594 -0.26
1595 -0.31
1596 0.42
1597 0.44
1598 0.42
1599 0.44
1600 0.42
1601 0.42
1602 0.46
1603 0.42
1604 0.42
1605 0.46
1606 0.36
1607 0.38
1608 0.44
1609 0.36
1610 0.42
1611 0.36
1612 -0.32
1613 0.42
1614 0.38
1615 0.34
1616 0.40
1617 0.38
1618 0.38
1619 0.42
1620 0.38
1621 0.42
1622 0.40
1623 0.38
1624 0.49
1625 0.42
1626 0.31
1627 0.44
1628 0.38
1629 0.40
1630 0.40
1631 0.44
1632 0.42
1633 0.46
1634 0.40
1635 0.36
1636 0.40
1637 0.46
1638 0.40
1639 0.42
1640 0.46
1641 -0.25
1642 0.44
1643 0.40
1644 0.42
1645 0.42
1646 0.40
1647 0.38
1648 0.32
1649 0.46
1650 0.40
1651 0.29
1652 0.40
1653 0.42
1654 0.38
1655 0.44
1656 0.44
1657 0.46
1658 0.40
1659 0.31
1660 0.40
1661 0.38
1662 -0.12
1663 0.40
1664 -0.29
1665 0.44
1666 0.42
1667 -0.18
1668 0.49
1669 -0.29
1670 0.29
1671 0.44
1672 0.36
1673 0.36
1674 0.32
1675 0.46
1676 0.40
1677 0.46
1678 -0.06
1679 -0.24
1680 0.36
1681 -0.24
1682 -0.03
1683 0.40
1684 0.44
1685 0.46
1686 0.38
1687 0.38
1688 0.36
1689 0.40
1690 -0.23
1691 0.40
1692 -0.32
1693 0.40
1694 -0.24
1695 0.28
1696 0.44
1697 0.16
1698 0.34
1699 0.36
1700 0.25
1701 0.38
1702 0.32
1703 -0.16
1704 0.31
1705 0.46
1706 0.40
1707 0.38
1708 -0.21
1709 0.38
1710 0.42
1711 0.40
1712 0.38
1713 0.49
1714 0.42
1715 0.40
1716 0.31
1717 0.20
1718 0.40
1719 -0.19
1720 0.36
1721 -0.10
1722 0.36
1723 0.49
1724 0.44
1725 0.38
1726 0.44
1727 0.28
1728 0.36
1729 0.44
1730 -0.26
1731 0.38
1732 0.40
1733 -0.32
1734 -0.03
1735 -0.12
1736 0.44
1737 0.23
1738 0.46
1739 -0.26
1740 0.42
1741 0.36
1742 0.44
1743 0.49
1744 0.38
1745 0.34
1746 0.29
1747 0.34
1748 0.46
1749 0.23
1750 0.44
1751 -0.21
1752 0.49
1753 0.44
1754 0.44
1755 0.44
1756 0.34
1757 0.38
1758 0.38
1759 0.42
1760 0.28
1761 0.49
1762 0.40
1763 -0.19
1764 0.38
1765 0.31
1766 -0.31
1767 0.44
1768 0.25
1769 0.38
1770 0.23
1771 0.44
1772 0.46
1773 0.46
1774 0.40
1775 0.26
1776 0.44
1777 0.42
1778 0.31
1779 0.42
1780 0.46
1781 -0.24
1782 0.34
1783 0.44
1784 0.40
1785 0.46
1786 0.42
1787 0.40
1788 0.42
1789 -0.19
1790 0.40
1791 -0.21
1792 0.36
1793 0.49
1794 0.38
1795 0.34
1796 0.40
1797 0.42
1798 0.40
1799 0.46
1800 0.40
1801 0.46
1802 0.44
1803 0.36
1804 0.42
1805 0.42
1806 0.42
1807 0.44
1808 0.40
1809 -0.25
1810 0.36
1811 0.44
1812 0.44
1813 0.42
1814 0.42
1815 0.46
1816 0.34
1817 0.42
1818 0.46
1819 0.40
1820 0.34
1821 0.36
1822 -0.18
1823 0.34
1824 0.44
1825 0.40
1826 0.38
1827 0.40
1828 0.42
1829 -0.25
1830 0.34
1831 0.42
1832 0.36
1833 0.40
1834 0.40
1835 0.36
1836 0.38
1837 0.34
1838 0.40
1839 0.46
1840 0.46
1841 0.44
1842 0.44
1843 0.46
1844 0.38
1845 -0.17
1846 0.38
1847 0.40
1848 0.44
1849 -0.23
1850 0.24
1851 -0.38
1852 0.31
1853 0.20
1854 -0.04
1855 0.42
1856 0.44
1857 0.40
1858 0.36
1859 0.26
1860 0.32
1861 0.38
1862 -0.17
1863 0.38
1864 0.44
1865 0.34
1866 0.34
1867 0.38
1868 0.36
1869 0.38
1870 0.23
1871 0.38
1872 0.40
1873 0.40
1874 0.38
1875 0.38
1876 -0.32
1877 0.38
1878 0.29
1879 0.38
1880 -0.28
1881 0.34
1882 0.49
1883 -0.19
1884 0.26
1885 0.46
1886 0.36
1887 -0.36
1888 0.40
1889 0.31
1890 0.46
1891 0.34
1892 0.28
1893 0.38
1894 0.44
1895 0.34
1896 0.28
1897 0.32
1898 0.25
1899 0.44
1900 0.44
1901 0.46
1902 -0.31
1903 0.44
1904 0.42
1905 0.40
1906 0.34
1907 0.42
1908 0.40
1909 0.40
1910 0.42
1911 0.38
1912 0.44
1913 0.42
1914 0.40
1915 0.42
1916 0.40
1917 0.42
1918 0.20
1919 -0.14
1920 0.40
1921 0.42
1922 0.44
1923 -0.21
1924 0.42
1925 0.42
1926 0.46
1927 0.38
1928 0.49
1929 0.40
1930 0.46
1931 0.44
1932 0.44
1933 0.42
1934 0.42
1935 0.42
1936 0.42
1937 0.46
1938 0.49
1939 0.42
1940 -0.15
1941 0.32
1942 0.38
1943 0.38
1944 0.44
1945 0.40
1946 0.29
1947 0.42
1948 -0.12
1949 0.36
1950 0.40
1951 0.38
1952 0.44
1953 0.38
1954 0.40
1955 0.46
1956 0.44
1957 0.44
1958 0.42
1959 0.34
1960 0.44
1961 0.38
1962 0.32
1963 0.40
1964 0.44
1965 0.38
1966 0.46
1967 0.38
1968 0.42
1969 0.40
1970 0.44
1971 0.38
1972 0.38
1973 0.40
1974 0.49
1975 -0.28
1976 -0.07
1977 0.34
1978 0.40
1979 0.34
1980 0.40
1981 0.36
1982 0.42
1983 -0.12
1984 0.38
1985 0.40
1986 0.49
1987 0.44
1988 0.38
1989 0.38
1990 0.42
1991 0.44
1992 0.19
1993 0.42
1994 0.40
1995 0.36
1996 0.42
1997 0.40
1998 0.40
1999 0.49
2000 0.38
2001 0.44
2002 0.32
2003 0.44
2004 0.26
2005 0.42
2006 0.46
2007 0.36
2008 0.42
2009 0.46
2010 0.40
2011 0.36
2012 0.38
2013 0.29
2014 0.36
2015 0.44
2016 -0.18
2017 0.32
2018 -0.16
2019 0.42
2020 0.34
2021 0.29
2022 -0.10
2023 0.38
2024 -0.08
2025 0.17
2026 0.46
2027 0.40
2028 0.31
2029 0.46
2030 0.46
2031 -0.25
2032 0.36
2033 0.34
2034 0.42
2035 0.36
2036 0.36
2037 -0.24
2038 0.38
2039 0.36
2040 0.38
2041 0.16
2042 0.40
2043 0.42
2044 0.38
2045 0.36
2046 0.42
2047 0.49
2048 0.38
2049 -0.11
2050 -0.25
2051 0.36
2052 -0.19
2053 0.42
2054 0.40
2055 0.38
2056 -0.23
2057 0.44
2058 0.38
2059 0.46
2060 -0.19
2061 0.32
2062 0.34
2063 0.44
2064 0.32
2065 0.38
2066 0.38
2067 -0.32
2068 0.32
2069 0.42
2070 0.36
2071 0.42
2072 0.40
2073 0.38
2074 0.40
2075 0.42
2076 0.46
2077 0.32
2078 -0.32
2079 -0.29
2080 0.44
2081 0.31
2082 0.42
2083 0.34
2084 0.42
2085 0.36
2086 0.49
2087 0.34
2088 0.46
2089 0.42
2090 -0.32
2091 0.44
2092 0.42
2093 0.49
2094 0.49
2095 -0.32
2096 0.38
2097 0.38
2098 0.38
2099 -0.20
2100 0.40
2101 0.44
2102 -0.29
2103 0.38
2104 0.28
2105 -0.18
2106 -0.31
2107 0.40
2108 0.36
2109 0.42
2110 0.44
2111 0.38
2112 -0.24
2113 0.36
2114 0.32
2115 0.28
2116 0.36
2117 -0.26
2118 -0.21
2119 -0.20
2120 -0.23
2121 -0.12
2122 -0.13
2123 0.44
2124 0.31
2125 0.24
2126 0.29
2127 0.40
2128 -0.16
2129 0.40
2130 0.40
2131 0.31
2132 0.46
2133 0.36
2134 0.40
2135 0.34
2136 0.34
2137 -0.19
2138 0.34
2139 0.46
2140 0.32
2141 0.44
2142 0.32
2143 0.40
2144 0.36
2145 0.34
2146 0.42
2147 0.38
2148 -0.17
2149 0.42
2150 0.40
2151 0.40
2152 0.42
2153 -0.15
2154 0.46
2155 -0.32
2156 0.46
2157 0.42
2158 -0.28
2159 0.36
2160 0.26
2161 0.46
2162 0.44
2163 0.38
2164 0.44
2165 0.44
2166 0.36
2167 0.31
2168 0.40
2169 0.36
2170 0.38
2171 0.38
2172 0.40
2173 0.40
2174 0.49
2175 0.46
2176 -0.14
2177 0.42
2178 0.31
2179 0.46
2180 -0.23
2181 -0.18
2182 0.26
2183 0.40
2184 0.31
2185 0.42
2186 0.32
2187 0.29
2188 0.40
2189 0.40
2190 0.32
2191 0.42
2192 0.38
2193 -0.19
2194 0.38
2195 0.46
2196 0.40
2197 0.44
2198 0.34
2199 0.44
2200 0.38
2201 0.42
2202 0.34
2203 0.44
2204 0.38
2205 0.34
2206 0.44
2207 0.38
2208 0.40
2209 0.40
2210 0.46
2211 0.23
2212 0.46
2213 0.42
2214 0.42
2215 0.42
2216 0.44
2217 0.49
2218 0.42
2219 0.32
2220 0.42
2221 0.49
2222 -0.14
2223 0.32
2224 0.40
2225 0.31
2226 0.34
2227 0.32
2228 0.42
2229 0.44
2230 0.40
2231 -0.25
2232 0.40
2233 0.36
2234 0.49
2235 0.32
2236 0.46
2237 0.46
2238 0.44
2239 0.32
2240 0.32
2241 -0.23
2242 0.42
2243 -0.25
2244 0.36
2245 0.32
2246 -0.28
2247 0.42
2248 -0.31
2249 -0.10
2250 0.28
2251 0.16
2252 0.36
2253 -0.13
2254 -0.26
2255 -0.12
2256 0.01
2257 0.36
2258 0.40
2259 0.42
2260 0.44
2261 0.42
2262 -0.20
2263 -0.36
2264 0.25
2265 0.42
2266 0.31
2267 0.36
2268 0.32
2269 0.36
2270 0.34
2271 0.21
2272 -0.21
2273 0.44
2274 0.46
2275 0.34
2276 0.31
2277 0.44
2278 0.25
2279 -0.38
2280 0.32
2281 0.20
2282 0.42
2283 -0.23
2284 0.36
2285 0.49
2286 0.38
2287 0.28
2288 -0.09
2289 -0.15
2290 0.32
2291 0.46
2292 0.46
2293 0.38
2294 0.34
2295 0.40
2296 0.42
2297 0.36
2298 0.40
2299 0.31
2300 0.44
2301 -0.25
2302 0.36
2303 0.40
2304 0.40
2305 0.44
2306 -0.28
2307 0.38
2308 0.46
2309 0.38
2310 0.42
2311 0.40
2312 0.36
2313 0.44
2314 0.36
2315 0.38
2316 0.17
2317 0.40
2318 -0.40
2319 0.40
2320 0.42
2321 0.34
2322 0.38
2323 0.09
2324 -0.25
2325 0.32
2326 0.44
2327 0.21
2328 0.44
2329 0.34
2330 0.19
2331 0.32
2332 0.42
2333 0.38
2334 0.42
2335 0.44
2336 0.42
2337 0.25
2338 0.36
2339 -0.29
2340 0.36
2341 0.36
2342 0.32
2343 0.40
2344 0.44
2345 0.42
2346 -0.29
2347 0.40
2348 0.44
2349 -0.23
2350 0.40
2351 0.38
2352 0.38
2353 0.32
2354 0.31
2355 -0.14
2356 0.38
2357 0.36
2358 0.46
2359 0.42
2360 -0.36
2361 0.40
2362 -0.29
2363 0.40
2364 0.34
2365 0.38
2366 0.28
2367 0.26
2368 0.25
2369 0.42
2370 0.42
2371 0.46
2372 0.42
2373 0.44
2374 0.38
2375 0.42
2376 0.31
2377 0.44
2378 0.44
2379 0.46
2380 0.38
2381 0.44
2382 0.40
2383 0.34
2384 0.36
2385 0.40
2386 0.42
2387 0.42
2388 0.44
2389 -0.23
2390 0.42
2391 -0.28
2392 0.42
2393 0.38
2394 0.29
2395 0.40
2396 0.36
2397 0.44
2398 0.44
2399 0.42
2400 -0.32
2401 -0.00
2402 0.42
2403 0.42
2404 0.28
2405 0.31
2406 0.46
2407 0.40
2408 0.42
2409 -0.18
2410 0.34
2411 0.31
2412 0.46
2413 0.38
2414 0.44
2415 0.42
2416 0.34
2417 0.44
2418 0.40
2419 0.34
2420 0.44
2421 0.46
2422 0.44
2423 -0.23
2424 0.26
2425 0.49
2426 0.44
2427 0.42
2428 0.42
2429 -0.21
2430 0.44
2431 0.29
2432 0.40
2433 0.32
2434 0.42
2435 0.49
2436 0.40
2437 0.44
2438 0.40
2439 -0.31
2440 0.40
2441 0.42
2442 0.38
2443 0.44
2444 0.44
2445 0.38
2446 0.42
2447 0.38
2448 0.36
2449 0.36
2450 0.40
2451 0.46
2452 0.42
2453 0.44
2454 0.44
2455 0.38
2456 0.38
2457 0.40
2458 0.42
2459 0.42
2460 0.44
2461 0.40
2462 -0.07
2463 -0.24
2464 0.31
2465 0.42
2466 0.42
2467 0.28
2468 0.44
2469 -0.24
2470 0.40
2471 0.36
2472 0.06
2473 0.20
2474 0.31
2475 0.38
2476 -0.24
2477 0.38
2478 0.31
2479 0.42
2480 0.44
2481 0.38
2482 0.46
2483 -0.07
2484 0.34
2485 -0.26
2486 0.42
2487 0.42
2488 0.44
2489 0.46
2490 0.46
2491 -0.28
2492 0.31
2493 0.32
2494 0.40
2495 0.08
2496 0.40
2497 0.44
2498 -0.13
2499 0.36
2500 0.44
2501 0.31
2502 -0.04
2503 0.44
2504 0.38
2505 0.42
2506 0.29
2507 0.07
2508 0.44
2509 -0.21
2510 0.42
2511 0.32
2512 0.42
2513 0.31
2514 0.46
2515 -0.26
2516 0.38
2517 0.42
2518 0.40
2519 0.40
2520 0.46
2521 0.44
2522 0.38
2523 0.44
2524 -0.23
2525 0.38
2526 0.31
2527 0.38
2528 0.42
2529 0.31
2530 0.46
2531 0.34
2532 0.38
2533 0.34
2534 -0.25
2535 0.38
2536 0.44
2537 0.06
2538 0.31
2539 0.36
2540 0.40
2541 0.49
2542 0.46
2543 0.36
2544 0.38
2545 -0.29
2546 0.38
2547 -0.01
2548 0.44
2549 0.49
2550 0.38
2551 0.44
2552 0.42
2553 0.42
2554 0.44
2555 0.38
2556 -0.21
2557 -0.28
2558 0.32
2559 0.44
2560 0.46
2561 0.42
2562 0.36
2563 0.46
2564 0.29
2565 0.44
2566 0.40
2567 -0.31
2568 0.42
2569 0.46
2570 0.38
2571 0.42
2572 0.40
2573 0.40
2574 0.40
2575 0.40
2576 0.46
2577 0.46
2578 0.40
2579 0.42
2580 0.40
2581 -0.18
2582 0.36
2583 0.46
2584 0.46
2585 0.38
2586 0.40
2587 0.44
2588 0.44
2589 -0.24
2590 0.32
2591 0.46
2592 0.46
2593 0.38
2594 0.36
2595 0.42
2596 0.36
2597 0.44
2598 0.36
2599 0.42
2600 -0.31
2601 0.46
2602 -0.26
2603 0.40
2604 0.44
2605 0.44
2606 0.36
2607 0.23
2608 0.42
2609 -0.13
2610 0.38
2611 0.34
2612 0.44
2613 0.38
2614 0.42
2615 0.38
2616 0.44
2617 0.38
2618 0.34
2619 0.10
2620 0.36
2621 0.36
2622 -0.29
2623 0.34
2624 0.38
2625 0.38
2626 -0.24
2627 0.38
2628 0.06
2629 0.34
2630 0.38
2631 -0.14
2632 -0.15
2633 0.32
2634 -0.34
2635 0.32
2636 0.29
2637 0.42
2638 -0.16
2639 0.36
2640 0.38
2641 0.28
2642 0.36
2643 0.08
2644 0.29
2645 0.34
2646 0.14
2647 0.29
2648 0.31
2649 0.15
2650 0.17
2651 0.42
2652 -0.11
2653 -0.20
2654 0.24
2655 0.44
2656 0.42
2657 0.34
2658 0.26
2659 0.42
2660 0.38
2661 0.34
2662 0.40
2663 -0.38
2664 0.40
2665 0.34
2666 0.40
2667 0.38
2668 0.44
2669 0.36
2670 0.40
2671 0.42
2672 0.44
2673 0.44
2674 0.42
2675 0.44
2676 0.44
2677 0.42
2678 0.36
2679 0.31
2680 0.46
2681 0.34
2682 0.46
2683 0.38
2684 0.40
2685 -0.21
2686 0.40
2687 -0.28
2688 0.38
2689 0.36
2690 0.38
2691 0.46
2692 0.38
2693 0.36
2694 0.42
2695 0.44
2696 0.42
2697 -0.28
2698 0.42
2699 0.46
2700 0.42
2701 -0.26
2702 0.46
2703 0.36
2704 0.12
2705 0.38
2706 0.44
2707 0.44
2708 -0.32
2709 0.42
2710 0.42
2711 0.44
2712 -0.05
2713 0.44
2714 0.34
2715 0.38
2716 0.42
2717 0.40
2718 0.36
2719 -0.26
2720 0.40
2721 0.46
2722 0.49
2723 0.40
2724 0.04
2725 0.36
2726 0.32
2727 0.42
2728 0.23
2729 0.44
2730 -0.34
2731 0.38
2732 0.44
2733 0.38
2734 0.10
2735 -0.29
2736 0.42
2737 0.42
2738 0.42
2739 0.40
2740 0.42
2741 0.42
2742 0.40
2743 0.38
2744 0.09
2745 0.44
2746 -0.21
2747 0.44
2748 0.31
2749 0.42
2750 0.40
2751 0.46
2752 0.40
2753 0.44
2754 0.38
2755 0.31
2756 0.46
2757 0.28
2758 0.44
2759 0.40
2760 0.34
2761 0.42
2762 0.44
2763 -0.17
2764 0.40
2765 0.42
2766 0.40
2767 0.42
2768 0.44
2769 0.46
2770 0.36
2771 0.38
2772 0.46
2773 0.38
2774 0.46
2775 0.36
2776 -0.15
2777 0.36
2778 -0.17
2779 0.32
2780 0.36
2781 0.29
2782 0.46
2783 0.36
2784 0.46
2785 0.29
2786 0.36
2787 -0.20
2788 0.42
2789 0.31
2790 0.40
2791 -0.34
2792 0.25
2793 0.36
2794 0.36
2795 0.28
2796 0.24
2797 0.36
2798 0.36
2799 0.31
2800 0.26
2801 0.44
2802 0.32
2803 0.44
2804 0.42
2805 0.38
2806 0.46
2807 0.49
2808 0.18
2809 -0.20
2810 0.42
2811 0.38
2812 0.40
2813 0.46
2814 0.40
2815 0.38
2816 0.38
2817 0.42
2818 -0.15
2819 0.29
2820 0.44
2821 0.40
2822 0.38
2823 0.44
2824 0.40
2825 0.44
2826 0.38
2827 0.44
2828 0.42
2829 0.38
2830 0.29
2831 0.31
2832 -0.12
2833 -0.23
2834 0.44
2835 0.38
2836 0.34
2837 0.44
2838 0.36
2839 -0.25
2840 0.08
2841 0.42
2842 -0.32
2843 0.42
2844 0.44
2845 0.49
2846 0.40
2847 0.31
2848 0.28
2849 0.38
2850 0.32
2851 0.38
2852 0.36
2853 0.34
2854 0.34
2855 0.38
2856 0.44
2857 0.36
2858 0.26
2859 0.44
2860 0.44
2861 0.23
2862 0.42
2863 0.42
2864 0.42
2865 0.42
2866 0.28
2867 0.38
2868 0.42
2869 0.46
2870 0.38
2871 0.40
2872 0.44
2873 0.44
2874 0.49
2875 0.05
2876 0.40
2877 0.34
2878 0.36
2879 0.46
2880 0.38
2881 0.46
2882 0.40
2883 0.46
2884 0.23
2885 0.40
2886 0.42
2887 0.46
2888 0.36
2889 0.40
2890 0.38
2891 -0.26
2892 0.23
2893 -0.23
2894 0.25
2895 0.25
2896 0.26
2897 0.34
2898 0.24
2899 0.38
2900 0.28
2901 0.36
2902 0.28
2903 0.38
2904 0.42
2905 0.36
2906 0.40
2907 0.04
2908 0.42
2909 0.31
2910 0.40
2911 0.34
2912 0.42
2913 0.44
2914 0.34
2915 0.40
2916 0.46
2917 0.32
2918 0.16
2919 0.36
2920 0.42
2921 0.46
2922 0.34
2923 0.29
2924 0.12
2925 0.44
2926 0.17
2927 0.19
2928 -0.16
2929 0.42
2930 0.44
2931 0.36
2932 0.14
2933 0.42
2934 0.18
2935 0.29
2936 0.25
2937 0.44
2938 0.44
2939 0.49
2940 0.36
2941 0.36
2942 0.24
2943 0.40
2944 0.31
2945 0.38
2946 0.38
2947 0.32
2948 0.36
2949 0.36
2950 0.44
2951 0.40
2952 -0.16
2953 0.38
2954 0.29
2955 0.42
2956 0.26
2957 0.36
2958 0.44
2959 0.44
2960 0.40
2961 0.38
2962 0.44
2963 0.36
2964 0.38
2965 0.32
2966 0.42
2967 0.32
2968 0.28
2969 0.24
2970 0.40
2971 0.36
2972 0.46
2973 0.40
2974 0.40
2975 0.44
2976 0.40
2977 0.42
2978 0.40
2979 0.46
2980 0.31
2981 0.18
2982 0.14
2983 0.29
2984 0.42
2985 0.40
2986 0.31
2987 0.29
2988 0.38
2989 0.36
2990 0.44
2991 0.36
2992 0.26
2993 0.31
2994 0.46
2995 0.17
2996 0.44
2997 0.29
2998 0.34
2999 0.38
