0 -0.08
30 0.04
60 0.10
90 0.09
120 0.03
150 0.10
180 0.22
210 0.24
240 -0.04
270 0.27
300 0.40
330 0.36
360 0.24
390 -0.05
420 0.11
450 0.04
480 0.16
510 0.17
540 0.37
570 0.26
600 0.11
630 0.08
660 0.11
690 0.24
720 0.24
750 0.30
780 0.21
810 0.21
840 0.25
870 0.28
900 0.26
930 0.28
960 0.20
990 0.30
1020 0.25
1050 0.29
1080 0.30
1110 0.33
1140 0.18
1170 0.24
1200 0.32
1230 0.23
1260 0.37
1290 0.32
1320 0.28
1350 0.28
1380 0.27
1410 0.20
1440 0.30
1470 0.30
1500 0.34
1530 0.37
1560 0.28
1590 0.25
1620 0.32
1650 0.36
1680 0.34
1710 0.18
1740 0.17
1770 0.06
1800 0.25
1830 0.29
1860 0.33
1890 0.36
1920 0.29
1950 0.31
1980 0.31
2010 0.35
2040 0.38
2070 0.32
2100 0.32
2130 0.34
2160 0.36
2190 0.39
2220 0.29
2250 0.29
2280 0.34
2310 0.37
2340 0.31
2370 0.30
2400 0.35
2430 0.37
2460 0.35
2490 0.32
2520 0.30
2550 0.35
2580 0.38
2610 0.37
2640 0.29
2670 0.29
2700 0.32
2730 0.31
2760 0.35
2790 0.37
2820 0.34
2850 0.36
2880 0.34
2910 0.36
2940 0.34
2970 0.37
