0 -0.08
50 -0.09
100 -0.07
150 -0.01
200 -0.05
250 -0.06
300 -0.03
350 -0.03
400 -0.01
450 -0.02
500 -0.06
550 -0.04
600 -0.01
650 0.05
700 0.03
750 -0.00
800 -0.02
850 0.00
900 0.01
950 0.05
1000 0.03
1050 0.06
1100 0.03
1150 0.05
1200 0.05
1250 0.04
1300 0.04
1350 0.11
1400 0.04
1450 0.02
1500 0.04
1550 0.04
1600 0.01
1650 0.06
1700 -0.06
1750 -0.02
1800 0.03
1850 -0.01
1900 -0.04
1950 -0.03
2000 0.16
2050 0.11
2100 0.16
2150 0.13
2200 0.05
2250 0.11
2300 0.06
2350 0.09
2400 0.09
2450 0.08
2500 0.26
2550 0.25
2600 0.24
2650 0.19
2700 0.20
2750 0.22
2800 0.24
2850 0.25
2900 0.24
2950 0.27
3000 0.28
3050 0.29
3100 0.24
3150 0.29
3200 0.31
3250 0.28
3300 0.25
3350 0.26
3400 0.31
3450 0.22
3500 0.29
3550 0.29
3600 0.32
3650 0.31
3700 0.27
3750 0.28
3800 0.27
3850 0.27
3900 0.26
3950 0.30
4000 0.35
4050 0.31
4100 0.30
4150 0.30
4200 0.36
4250 0.37
4300 0.33
4350 0.32
4400 0.32
4450 0.35
4500 0.36
4550 0.31
4600 0.25
4650 0.27
4700 0.32
4750 0.28
4800 0.35
4850 0.37
4900 0.34
4950 0.36
