0 138.67
1 240.00
2 280.00
3 161.33
4 212.67
5 300.67
6 204.67
7 180.67
8 192.00
9 154.00
10 211.33
11 180.00
12 318.67
13 192.67
14 179.33
15 184.67
16 206.00
17 170.67
18 269.33
19 219.33
20 308.67
21 169.33
22 224.67
23 179.33
24 258.00
25 198.67
26 312.00
27 168.00
28 220.00
29 186.00
30 188.00
31 190.00
32 185.33
33 262.00
34 205.33
35 164.67
36 246.67
37 256.67
38 176.67
39 201.33
40 159.33
41 210.00
42 164.67
43 176.67
44 159.33
45 176.00
46 212.00
47 171.33
48 180.67
49 186.00
50 204.00
51 177.33
52 310.67
53 219.33
54 238.00
55 238.67
56 260.67
57 224.67
58 298.00
59 267.33
60 202.67
61 200.67
62 232.00
63 172.67
64 177.33
65 289.33
66 185.33
67 264.00
68 286.00
69 154.67
70 168.00
71 287.33
72 167.33
73 199.33
74 190.00
75 165.33
76 166.00
77 183.33
78 172.67
79 156.67
80 200.67
81 176.00
82 250.67
83 202.00
84 168.67
85 185.33
86 159.33
87 236.67
88 217.33
89 207.33
90 173.33
91 171.33
92 191.33
93 223.33
94 189.33
95 157.33
96 204.00
97 208.00
98 224.67
99 168.67
100 173.33
101 190.00
102 220.00
103 272.00
104 204.67
105 168.67
106 223.33
107 272.00
108 244.67
109 182.67
110 179.33
111 252.00
112 223.33
113 248.67
114 176.67
115 202.67
116 194.00
117 231.33
118 198.00
119 168.00
120 217.33
121 197.33
122 259.33
123 222.67
124 315.33
125 180.00
126 190.67
127 190.67
128 211.33
129 171.33
130 168.00
131 162.00
132 173.33
133 229.33
134 188.67
135 194.00
136 201.33
137 202.00
138 188.67
139 176.67
140 256.00
141 184.67
142 183.33
143 155.33
144 179.33
145 344.00
146 176.67
147 259.33
148 256.67
149 180.67
150 194.67
151 256.00
152 260.67
153 210.00
154 204.67
155 293.33
156 245.33
157 168.00
158 182.67
159 315.33
160 200.00
161 194.67
162 188.67
163 222.00
164 202.00
165 209.33
166 179.33
167 224.00
168 251.33
169 234.00
170 244.67
171 206.67
172 212.00
173 211.33
174 197.33
175 187.33
176 166.67
177 225.33
178 270.67
179 186.00
180 194.67
181 171.33
182 208.00
183 164.00
184 192.67
185 204.00
186 280.00
187 195.33
188 337.33
189 254.00
190 194.00
191 276.67
192 194.67
193 182.00
194 287.33
195 164.67
196 197.33
197 178.00
198 206.00
199 279.33
200 180.00
201 240.00
202 500.00
203 244.00
204 236.00
205 309.33
206 208.00
207 164.00
208 484.00
209 180.00
210 390.00
211 220.00
212 364.00
213 167.33
214 268.00
215 275.33
216 354.00
217 280.00
218 240.00
219 240.00
220 216.00
221 228.00
222 349.33
223 226.67
224 186.67
225 384.00
226 266.00
227 242.00
228 390.67
229 255.33
230 174.67
231 190.67
232 216.00
233 195.33
234 293.33
235 240.00
236 322.00
237 257.33
238 452.00
239 338.67
240 229.33
241 224.00
242 244.00
243 224.67
244 239.33
245 353.33
246 386.00
247 264.00
248 226.67
249 484.67
250 335.33
251 224.00
252 220.00
253 240.00
254 231.33
255 373.33
256 226.00
257 226.00
258 218.00
259 249.33
260 254.67
261 203.33
262 278.00
263 236.67
264 270.00
265 275.33
266 372.67
267 278.67
268 245.33
269 243.33
270 260.67
271 238.00
272 226.00
273 280.67
274 274.67
275 259.33
276 246.67
277 311.33
278 272.00
279 291.33
280 351.33
281 238.00
282 316.67
283 254.67
284 215.33
285 234.00
286 393.33
287 229.33
288 222.67
289 284.00
290 247.33
291 288.67
292 462.67
293 353.33
294 403.33
295 340.00
296 481.33
297 282.00
298 212.00
299 276.67
300 339.33
301 260.67
302 277.33
303 296.67
304 362.67
305 255.33
306 232.67
307 312.00
308 230.67
309 233.33
310 252.00
311 276.00
312 316.67
313 298.67
314 216.67
315 222.00
316 298.67
317 207.33
318 232.00
319 273.33
320 311.33
321 313.33
322 208.67
323 238.00
324 226.67
325 239.33
326 246.00
327 404.67
328 234.67
329 230.00
330 212.00
331 296.00
332 232.00
333 206.00
334 220.67
335 214.67
336 329.33
337 240.00
338 258.00
339 177.33
340 258.00
341 384.67
342 231.33
343 214.00
344 215.33
345 229.33
346 310.00
347 272.00
348 260.00
349 270.67
350 189.33
351 200.67
352 252.00
353 248.00
354 226.67
355 248.00
356 234.00
357 304.67
358 223.33
359 290.00
360 292.00
361 229.33
362 418.67
363 246.00
364 215.33
365 278.67
366 222.00
367 322.00
368 253.33
369 277.33
370 224.67
371 278.00
372 254.67
373 220.67
374 190.67
375 230.00
376 242.67
377 268.67
378 224.00
379 258.00
380 284.67
381 321.33
382 239.33
383 408.67
384 298.67
385 308.00
386 246.00
387 384.00
388 244.67
389 222.67
390 272.00
391 223.33
392 404.67
393 288.67
394 210.67
395 218.00
396 207.33
397 241.33
398 232.67
399 234.67
400 194.67
401 240.00
402 454.67
403 240.00
404 182.00
405 404.00
406 174.67
407 228.67
408 216.00
409 226.00
410 182.67
411 300.67
412 365.33
413 318.67
414 220.00
415 243.33
416 329.33
417 258.00
418 284.00
419 276.67
420 186.00
421 231.33
422 189.33
423 228.67
424 231.33
425 219.33
426 232.00
427 255.33
428 200.67
429 374.00
430 223.33
431 314.67
432 208.67
433 322.67
434 274.67
435 249.33
436 209.33
437 344.67
438 250.00
439 255.33
440 255.33
441 238.00
442 426.00
443 356.67
444 292.00
445 268.00
446 241.33
447 240.67
448 219.33
449 217.33
450 227.33
451 278.67
452 405.33
453 208.67
454 218.00
455 259.33
456 271.33
457 218.67
458 256.00
459 216.67
460 228.00
461 363.33
462 218.00
463 343.33
464 229.33
465 207.33
466 212.00
467 240.67
468 221.33
469 204.67
470 225.33
471 376.00
472 196.67
473 229.33
474 318.67
475 212.67
476 365.33
477 247.33
478 239.33
479 292.00
480 222.67
481 241.33
482 336.67
483 374.00
484 268.00
485 255.33
486 210.67
487 217.33
488 199.33
489 365.33
490 272.67
491 227.33
492 270.00
493 190.00
494 232.67
495 234.67
496 312.67
497 372.67
498 284.00
499 236.67
500 263.33
501 262.00
502 238.00
503 225.33
504 309.33
505 372.67
506 289.33
507 186.00
508 204.67
509 290.67
510 291.33
511 251.33
512 228.00
513 246.00
514 230.00
515 247.33
516 357.33
517 255.33
518 304.00
519 245.33
520 261.33
521 220.67
522 240.00
523 266.00
524 240.67
525 304.67
526 204.67
527 254.67
528 221.33
529 220.67
530 230.67
531 218.67
532 279.33
533 296.67
534 260.67
535 199.33
536 216.00
537 215.33
538 256.00
539 316.67
540 208.67
541 318.00
542 181.33
543 248.67
544 232.00
545 200.00
546 309.33
547 237.33
548 226.67
549 251.33
550 241.33
551 259.33
552 232.00
553 210.00
554 234.00
555 236.00
556 304.67
557 244.00
558 347.33
559 236.67
560 281.33
561 218.67
562 252.00
563 342.67
564 338.67
565 288.67
566 338.67
567 255.33
568 234.67
569 260.67
570 270.00
571 308.67
572 227.33
573 295.33
574 321.33
575 226.67
576 326.00
577 188.00
578 208.67
579 200.67
580 232.00
581 215.33
582 255.33
583 255.33
584 187.33
585 285.33
586 298.67
587 214.67
588 243.33
589 242.00
590 294.67
591 227.33
592 216.00
593 273.33
594 256.00
595 206.67
596 334.00
597 239.33
598 230.67
599 250.00
600 182.67
601 220.00
602 212.00
603 425.33
604 210.67
605 232.67
606 240.67
607 257.33
608 253.33
609 255.33
610 266.67
611 224.00
612 215.33
613 234.67
614 215.33
615 214.00
616 256.67
617 175.33
618 236.00
619 243.33
620 246.67
621 253.33
622 196.67
623 240.00
624 185.33
625 256.00
626 205.33
627 232.67
628 207.33
629 210.67
630 270.67
631 240.00
632 226.00
633 220.67
634 217.33
635 239.33
636 298.00
637 228.67
638 232.67
639 227.33
640 196.67
641 218.00
642 220.67
643 206.00
644 243.33
645 302.67
646 224.67
647 238.00
648 209.33
649 224.67
650 218.00
651 220.00
652 246.00
653 222.00
654 236.67
655 235.33
656 331.33
657 238.00
658 241.33
659 221.33
660 306.67
661 244.67
662 344.67
663 228.67
664 244.00
665 238.00
666 241.33
667 240.00
668 220.00
669 244.00
670 194.67
671 286.67
672 270.67
673 229.33
674 246.00
675 227.33
676 250.67
677 294.67
678 228.67
679 232.00
680 255.33
681 230.00
682 237.33
683 264.67
684 262.00
685 237.33
686 230.67
687 266.67
688 235.33
689 265.33
690 286.00
691 280.67
692 237.33
693 244.67
694 279.33
695 216.00
696 230.67
697 251.33
698 294.00
699 264.67
700 307.33
701 205.33
702 258.00
703 242.00
704 378.00
705 308.67
706 288.67
707 251.33
708 211.33
709 366.67
710 268.00
711 206.67
712 255.33
713 202.00
714 242.67
715 328.67
716 272.00
717 276.00
718 345.33
719 233.33
720 284.67
721 214.00
722 206.67
723 214.67
724 242.67
725 314.67
726 391.33
727 371.33
728 240.00
729 230.67
730 277.33
731 288.67
732 222.67
733 255.33
734 253.33
735 265.33
736 270.67
737 281.33
738 254.00
739 217.33
740 262.00
741 220.00
742 378.67
743 204.67
744 231.33
745 294.67
746 285.33
747 233.33
748 210.00
749 256.67
750 228.00
751 248.00
752 302.00
753 378.67
754 228.00
755 254.67
756 254.00
757 267.33
758 232.67
759 286.67
760 262.00
761 222.67
762 285.33
763 264.67
764 254.67
765 220.00
766 241.33
767 318.00
768 324.67
769 201.33
770 224.00
771 253.33
772 246.00
773 220.00
774 323.33
775 230.67
776 240.67
777 201.33
778 235.33
779 249.33
780 248.67
781 276.00
782 263.33
783 331.33
784 263.33
785 244.67
786 213.33
787 251.33
788 238.00
789 267.33
790 300.67
791 240.67
792 262.67
793 240.67
794 243.33
795 248.00
796 266.67
797 254.67
798 188.00
799 256.67
800 162.67
801 220.00
802 384.00
803 258.67
804 402.00
805 368.00
806 208.00
807 385.33
808 297.33
809 216.67
810 355.33
811 321.33
812 264.67
813 234.67
814 219.33
815 228.00
816 343.33
817 280.67
818 275.33
819 274.67
820 310.00
821 273.33
822 212.67
823 232.00
824 281.33
825 234.67
826 346.67
827 220.00
828 252.67
829 288.67
830 274.67
831 232.00
832 221.33
833 232.67
834 276.67
835 230.00
836 261.33
837 275.33
838 246.67
839 254.00
840 374.67
841 242.67
842 282.00
843 283.33
844 277.33
845 326.67
846 242.00
847 218.67
848 262.00
849 262.00
850 267.33
851 214.67
852 278.67
853 248.67
854 300.00
855 251.33
856 230.00
857 244.67
858 244.00
859 303.33
860 302.00
861 226.00
862 249.33
863 250.67
864 281.33
865 219.33
866 270.00
867 285.33
868 270.67
869 264.00
870 224.00
871 242.67
872 281.33
873 222.67
874 260.00
875 250.67
876 243.33
877 295.33
878 223.33
879 284.00
880 304.67
881 304.00
882 200.00
883 234.67
884 244.00
885 304.00
886 242.00
887 257.33
888 280.67
889 260.00
890 292.00
891 292.67
892 306.00
893 212.00
894 266.67
895 242.00
896 288.67
897 220.00
898 279.33
899 296.00
900 236.00
901 283.33
902 245.33
903 337.33
904 232.67
905 308.67
906 230.67
907 300.67
908 324.00
909 271.33
910 268.00
911 249.33
912 229.33
913 277.33
914 270.67
915 242.67
916 280.00
917 269.33
918 259.33
919 264.00
920 247.33
921 240.00
922 261.33
923 274.00
924 349.33
925 334.67
926 296.00
927 260.67
928 334.00
929 250.00
930 254.00
931 248.67
932 238.67
933 280.00
934 223.33
935 282.00
936 258.00
937 218.00
938 235.33
939 229.33
940 226.00
941 230.67
942 234.67
943 246.67
944 266.67
945 282.00
946 242.67
947 261.33
948 221.33
949 223.33
950 274.67
951 234.00
952 248.67
953 217.33
954 256.00
955 252.67
956 304.67
957 299.33
958 250.67
959 254.67
960 257.33
961 236.00
962 298.00
963 251.33
964 248.67
965 242.67
966 226.67
967 286.00
968 254.67
969 258.67
970 210.67
971 224.67
972 232.67
973 193.33
974 296.67
975 263.33
976 288.67
977 270.67
978 244.00
979 226.00
980 249.33
981 210.00
982 198.00
983 246.67
984 260.67
985 213.33
986 215.33
987 262.00
988 237.33
989 229.33
990 250.67
991 247.33
992 245.33
993 273.33
994 257.33
995 274.00
996 266.67
997 214.67
998 220.67
999 234.00
1000 326.00
1001 243.33
1002 252.67
1003 223.33
1004 318.67
1005 164.67
1006 202.67
1007 317.33
1008 224.67
1009 278.00
1010 264.00
1011 348.67
1012 220.67
1013 204.67
1014 202.00
1015 226.67
1016 240.00
1017 293.33
1018 271.33
1019 240.00
1020 252.67
1021 232.00
1022 284.67
1023 310.00
1024 276.00
1025 293.33
1026 219.33
1027 265.33
1028 282.00
1029 266.00
1030 278.67
1031 255.33
1032 236.00
1033 310.00
1034 282.00
1035 228.00
1036 248.67
1037 233.33
1038 286.67
1039 234.00
1040 210.67
1041 242.67
1042 232.67
1043 294.00
1044 248.67
1045 239.33
1046 278.00
1047 286.67
1048 226.67
1049 238.67
1050 265.33
1051 204.67
1052 270.67
1053 246.00
1054 229.33
1055 232.00
1056 358.67
1057 274.67
1058 259.33
1059 261.33
1060 256.67
1061 264.00
1062 243.33
1063 262.00
1064 170.00
1065 253.33
1066 298.00
1067 214.67
1068 296.00
1069 250.67
1070 287.33
1071 208.67
1072 293.33
1073 254.67
1074 289.33
1075 264.00
1076 301.33
1077 269.33
1078 230.67
1079 221.33
1080 292.67
1081 296.00
1082 302.67
1083 260.67
1084 260.67
1085 284.00
1086 270.67
1087 446.67
1088 280.67
1089 417.33
1090 304.00
1091 266.67
1092 259.33
1093 274.67
1094 353.33
1095 299.33
1096 276.67
1097 276.00
1098 270.67
1099 260.00
1100 238.67
1101 282.00
1102 255.33
1103 296.67
1104 234.67
1105 277.33
1106 320.67
1107 343.33
1108 237.33
1109 356.67
1110 273.33
1111 240.00
1112 259.33
1113 270.00
1114 235.33
1115 238.67
1116 254.67
1117 256.00
1118 252.00
1119 317.33
1120 256.67
1121 250.00
1122 232.67
1123 307.33
1124 238.00
1125 254.67
1126 302.00
1127 238.00
1128 250.00
1129 300.00
1130 274.67
1131 240.00
1132 236.00
1133 221.33
1134 268.67
1135 220.00
1136 188.00
1137 230.00
1138 259.33
1139 246.67
1140 288.67
1141 236.67
1142 268.67
1143 321.33
1144 350.67
1145 211.33
1146 232.67
1147 290.00
1148 312.00
1149 239.33
1150 257.33
1151 287.33
1152 305.33
1153 298.67
1154 224.67
1155 255.33
1156 284.00
1157 280.67
1158 275.33
1159 282.67
1160 261.33
1161 214.00
1162 349.33
1163 248.67
1164 237.33
1165 207.33
1166 276.67
1167 246.67
1168 198.00
1169 242.00
1170 248.67
1171 212.67
1172 264.00
1173 296.67
1174 218.00
1175 242.00
1176 256.00
1177 268.67
1178 177.33
1179 330.00
1180 243.33
1181 292.67
1182 240.67
1183 280.00
1184 297.33
1185 277.33
1186 248.67
1187 264.67
1188 300.67
1189 267.33
1190 259.33
1191 296.67
1192 220.67
1193 220.67
1194 247.33
1195 258.00
1196 277.33
1197 259.33
1198 285.33
1199 146.67
1200 270.67
1201 208.00
1202 244.67
1203 220.00
1204 326.67
1205 344.67
1206 348.67
1207 280.67
1208 260.00
1209 221.33
1210 219.33
1211 223.33
1212 224.67
1213 343.33
1214 292.67
1215 204.67
1216 237.33
1217 318.67
1218 232.00
1219 316.67
1220 232.67
1221 328.67
1222 499.33
1223 220.00
1224 221.33
1225 235.33
1226 236.00
1227 351.33
1228 232.00
1229 201.33
1230 243.33
1231 240.00
1232 280.67
1233 238.00
1234 315.33
1235 204.67
1236 274.67
1237 219.33
1238 291.33
1239 434.00
1240 248.67
1241 260.67
1242 275.33
1243 446.67
1244 211.33
1245 213.33
1246 238.00
1247 246.67
1248 227.33
1249 372.67
1250 244.67
1251 239.33
1252 212.00
1253 223.33
1254 230.67
1255 197.33
1256 282.00
1257 348.67
1258 204.67
1259 224.00
1260 253.33
1261 209.33
1262 251.33
1263 257.33
1264 224.67
1265 284.67
1266 195.33
1267 222.67
1268 266.00
1269 261.33
1270 274.00
1271 228.67
1272 233.33
1273 224.00
1274 216.00
1275 244.00
1276 216.67
1277 341.33
1278 226.67
1279 244.00
1280 221.33
1281 214.00
1282 244.67
1283 238.67
1284 275.33
1285 269.33
1286 248.00
1287 202.00
1288 342.00
1289 244.67
1290 248.67
1291 206.67
1292 272.67
1293 222.67
1294 257.33
1295 208.00
1296 348.00
1297 240.67
1298 239.33
1299 250.67
1300 252.67
1301 218.00
1302 242.67
1303 261.33
1304 254.67
1305 240.67
1306 239.33
1307 241.33
1308 246.67
1309 257.33
1310 248.00
1311 365.33
1312 265.33
1313 237.33
1314 210.67
1315 248.00
1316 212.00
1317 240.00
1318 244.67
1319 216.00
1320 266.00
1321 251.33
1322 202.00
1323 238.00
1324 250.00
1325 249.33
1326 228.00
1327 274.67
1328 285.33
1329 229.33
1330 245.33
1331 229.33
1332 278.00
1333 242.67
1334 219.33
1335 254.00
1336 280.00
1337 203.33
1338 233.33
1339 227.33
1340 208.67
1341 258.67
1342 363.33
1343 250.67
1344 216.00
1345 243.33
1346 271.33
1347 248.00
1348 192.67
1349 214.00
1350 261.33
1351 217.33
1352 190.67
1353 240.00
1354 242.67
1355 255.33
1356 242.67
1357 290.67
1358 206.67
1359 241.33
1360 218.00
1361 246.67
1362 192.67
1363 255.33
1364 226.00
1365 231.33
1366 260.00
1367 247.33
1368 274.00
1369 225.33
1370 232.00
1371 176.67
1372 222.67
1373 267.33
1374 230.00
1375 201.33
1376 234.00
1377 239.33
1378 236.67
1379 220.67
1380 230.00
1381 422.67
1382 371.33
1383 240.67
1384 264.67
1385 292.00
1386 245.33
1387 322.00
1388 257.33
1389 236.67
1390 236.00
1391 411.33
1392 247.33
1393 218.00
1394 493.33
1395 237.33
1396 284.00
1397 246.00
1398 367.33
1399 276.00
1400 282.67
1401 405.33
1402 360.00
1403 240.00
1404 240.00
1405 322.67
1406 229.33
1407 292.00
1408 354.67
1409 232.67
1410 382.67
1411 221.33
1412 239.33
1413 296.00
1414 252.00
1415 262.67
1416 262.00
1417 284.00
1418 224.67
1419 332.67
1420 302.00
1421 241.33
1422 259.33
1423 217.33
1424 298.00
1425 220.67
1426 211.33
1427 224.67
1428 352.00
1429 288.00
1430 176.67
1431 266.00
1432 274.67
1433 257.33
1434 376.00
1435 253.33
1436 440.00
1437 338.67
1438 193.33
1439 216.00
1440 238.00
1441 390.67
1442 230.00
1443 247.33
1444 296.00
1445 280.00
1446 206.67
1447 284.67
1448 383.33
1449 308.00
1450 264.00
1451 256.67
1452 212.00
1453 260.00
1454 226.00
1455 243.33
1456 290.67
1457 293.33
1458 226.00
1459 370.67
1460 406.00
1461 170.67
1462 382.67
1463 278.67
1464 174.67
1465 223.33
1466 220.00
1467 262.00
1468 284.67
1469 238.67
1470 246.00
1471 250.00
1472 340.67
1473 180.00
1474 403.33
1475 242.67
1476 242.00
1477 278.67
1478 238.00
1479 314.00
1480 316.00
1481 242.00
1482 206.67
1483 294.67
1484 210.67
1485 259.33
1486 377.33
1487 327.33
1488 362.00
1489 317.33
1490 230.67
1491 306.67
1492 282.67
1493 386.67
1494 227.33
1495 356.00
1496 375.33
1497 268.67
1498 220.00
1499 250.67
1500 382.00
1501 354.00
1502 222.00
1503 233.33
1504 407.33
1505 254.00
1506 316.67
1507 314.00
1508 251.33
1509 264.67
1510 263.33
1511 387.33
1512 318.00
1513 242.00
1514 210.67
1515 415.33
1516 240.00
1517 362.67
1518 234.00
1519 322.00
1520 287.33
1521 234.00
1522 354.67
1523 277.33
1524 320.67
1525 356.67
1526 236.00
1527 304.67
1528 348.67
1529 258.67
1530 178.67
1531 265.33
1532 367.33
1533 194.67
1534 255.33
1535 294.00
1536 252.00
1537 208.67
1538 335.33
1539 286.00
1540 248.67
1541 286.67
1542 250.00
1543 337.33
1544 270.67
1545 307.33
1546 268.00
1547 196.67
1548 222.00
1549 246.00
1550 245.33
1551 363.33
1552 323.33
1553 321.33
1554 359.33
1555 218.67
1556 302.00
1557 340.00
1558 322.00
1559 186.67
1560 279.33
1561 231.33
1562 366.00
1563 296.00
1564 320.00
1565 292.00
1566 307.33
1567 424.67
1568 325.33
1569 291.33
1570 389.33
1571 259.33
1572 218.67
1573 279.33
1574 202.67
1575 253.33
1576 233.33
1577 250.67
1578 303.33
1579 150.67
1580 284.00
1581 296.67
1582 206.00
1583 350.00
1584 270.00
1585 264.00
1586 228.00
1587 214.00
1588 225.33
1589 260.67
1590 290.00
1591 240.00
1592 152.67
1593 245.33
1594 349.33
1595 307.33
1596 232.00
1597 272.00
1598 272.00
1599 308.00
1600 174.00
1601 197.33
1602 240.00
1603 170.00
1604 261.33
1605 231.33
1606 282.67
1607 221.33
1608 276.00
1609 222.67
1610 244.67
1611 270.00
1612 294.67
1613 322.67
1614 206.67
1615 225.33
1616 224.00
1617 374.00
1618 176.00
1619 246.00
1620 222.00
1621 253.33
1622 242.67
1623 211.33
1624 291.33
1625 206.00
1626 303.33
1627 348.67
1628 217.33
1629 242.67
1630 174.67
1631 308.67
1632 354.67
1633 279.33
1634 221.33
1635 320.00
1636 164.00
1637 256.00
1638 164.67
1639 316.00
1640 224.67
1641 362.00
1642 148.00
1643 307.33
1644 247.33
1645 272.00
1646 281.33
1647 418.67
1648 447.33
1649 404.00
1650 282.00
1651 214.00
1652 252.67
1653 244.67
1654 271.33
1655 392.67
1656 226.67
1657 235.33
1658 324.00
1659 380.67
1660 254.67
1661 294.67
1662 262.00
1663 366.67
1664 229.33
1665 247.33
1666 184.00
1667 216.00
1668 235.33
1669 253.33
1670 230.67
1671 272.00
1672 370.67
1673 264.67
1674 301.33
1675 424.67
1676 346.67
1677 238.67
1678 319.33
1679 422.67
1680 223.33
1681 201.33
1682 266.00
1683 334.67
1684 272.00
1685 321.33
1686 376.00
1687 272.00
1688 279.33
1689 416.00
1690 204.67
1691 353.33
1692 292.00
1693 388.00
1694 338.00
1695 308.00
1696 207.33
1697 346.67
1698 317.33
1699 359.33
1700 228.67
1701 360.00
1702 248.00
1703 248.00
1704 241.33
1705 220.00
1706 273.33
1707 281.33
1708 224.00
1709 302.67
1710 369.33
1711 350.67
1712 295.33
1713 333.33
1714 328.67
1715 242.67
1716 212.00
1717 338.67
1718 278.67
1719 262.00
1720 294.67
1721 268.00
1722 390.00
1723 240.67
1724 280.67
1725 407.33
1726 302.67
1727 226.67
1728 274.00
1729 204.67
1730 385.33
1731 298.00
1732 389.33
1733 295.33
1734 270.67
1735 251.33
1736 325.33
1737 196.67
1738 413.33
1739 237.33
1740 233.33
1741 262.67
1742 337.33
1743 334.67
1744 350.67
1745 296.67
1746 236.67
1747 298.00
1748 340.00
1749 239.33
1750 351.33
1751 347.33
1752 210.00
1753 300.00
1754 361.33
1755 228.00
1756 342.00
1757 382.00
1758 347.33
1759 304.67
1760 218.00
1761 384.00
1762 322.00
1763 220.67
1764 264.67
1765 304.00
1766 378.67
1767 368.00
1768 306.67
1769 248.00
1770 381.33
1771 263.33
1772 390.00
1773 330.00
1774 278.00
1775 251.33
1776 252.67
1777 284.67
1778 204.67
1779 352.67
1780 331.33
1781 230.00
1782 298.67
1783 372.00
1784 370.67
1785 283.33
1786 246.67
1787 342.00
1788 302.00
1789 298.67
1790 402.67
1791 269.33
1792 214.00
1793 217.33
1794 225.33
1795 224.67
1796 348.00
1797 387.33
1798 362.00
1799 308.00
1800 272.00
1801 358.00
1802 368.00
1803 380.00
1804 313.33
1805 218.00
1806 336.00
1807 324.67
1808 196.67
1809 403.33
1810 245.33
1811 216.00
1812 368.67
1813 174.67
1814 402.00
1815 258.00
1816 318.67
1817 356.00
1818 364.67
1819 297.33
1820 416.67
1821 284.00
1822 394.00
1823 324.00
1824 261.33
1825 320.00
1826 292.00
1827 436.00
1828 232.00
1829 277.33
1830 343.33
1831 214.00
1832 220.00
1833 408.00
1834 351.33
1835 384.67
1836 250.67
1837 302.00
1838 202.00
1839 376.67
1840 318.00
1841 210.00
1842 302.00
1843 319.33
1844 230.00
1845 232.67
1846 336.67
1847 286.00
1848 410.00
1849 322.00
1850 280.67
1851 261.33
1852 330.00
1853 318.67
1854 437.33
1855 309.33
1856 245.33
1857 402.00
1858 348.00
1859 204.00
1860 224.00
1861 438.67
1862 262.00
1863 234.67
1864 219.33
1865 262.67
1866 300.67
1867 220.00
1868 268.67
1869 238.00
1870 404.00
1871 232.00
1872 218.00
1873 424.67
1874 360.00
1875 459.33
1876 220.00
1877 278.67
1878 290.67
1879 245.33
1880 336.67
1881 304.00
1882 214.67
1883 311.33
1884 308.67
1885 265.33
1886 265.33
1887 201.33
1888 331.33
1889 388.00
1890 218.00
1891 272.67
1892 378.67
1893 253.33
1894 321.33
1895 273.33
1896 222.00
1897 308.67
1898 241.33
1899 412.00
1900 265.33
1901 382.00
1902 217.33
1903 364.00
1904 264.00
1905 304.00
1906 310.67
1907 291.33
1908 306.00
1909 264.00
1910 247.33
1911 278.00
1912 258.67
1913 297.33
1914 311.33
1915 326.00
1916 243.33
1917 342.67
1918 354.67
1919 419.33
1920 272.67
1921 351.33
1922 338.67
1923 402.67
1924 362.67
1925 289.33
1926 337.33
1927 228.67
1928 430.67
1929 427.33
1930 326.00
1931 284.00
1932 268.67
1933 348.00
1934 316.67
1935 311.33
1936 400.00
1937 244.67
1938 311.33
1939 201.33
1940 253.33
1941 349.33
1942 299.33
1943 211.33
1944 281.33
1945 304.67
1946 306.67
1947 302.00
1948 182.00
1949 318.00
1950 220.00
1951 424.00
1952 297.33
1953 371.33
1954 322.00
1955 268.00
1956 335.33
1957 356.67
1958 288.67
1959 287.33
1960 319.33
1961 337.33
1962 274.67
1963 173.33
1964 303.33
1965 266.00
1966 296.00
1967 316.67
1968 293.33
1969 306.67
1970 228.00
1971 356.67
1972 190.67
1973 336.67
1974 346.67
1975 258.67
1976 282.00
1977 327.33
1978 256.00
1979 223.33
1980 216.67
1981 282.00
1982 358.00
1983 346.00
1984 297.33
1985 324.67
1986 222.67
1987 340.67
1988 319.33
1989 326.00
1990 316.67
1991 297.33
1992 224.00
1993 274.67
1994 266.67
1995 437.33
1996 274.00
1997 426.67
1998 290.00
1999 288.00
2000 374.00
2001 227.33
2002 373.33
2003 231.33
2004 350.67
2005 230.00
2006 276.00
2007 432.00
2008 394.00
2009 218.00
2010 320.00
2011 277.33
2012 273.33
2013 280.00
2014 356.67
2015 257.33
2016 264.00
2017 220.00
2018 304.00
2019 248.67
2020 245.33
2021 203.33
2022 192.00
2023 250.67
2024 294.00
2025 332.67
2026 334.67
2027 328.00
2028 446.00
2029 339.33
2030 304.67
2031 409.33
2032 182.00
2033 308.00
2034 295.33
2035 451.33
2036 312.67
2037 232.00
2038 302.00
2039 313.33
2040 308.67
2041 206.00
2042 313.33
2043 354.67
2044 290.67
2045 230.67
2046 250.67
2047 350.67
2048 262.00
2049 289.33
2050 340.00
2051 347.33
2052 175.33
2053 227.33
2054 317.33
2055 225.33
2056 414.00
2057 242.67
2058 328.00
2059 297.33
2060 237.33
2061 459.33
2062 242.67
2063 229.33
2064 350.67
2065 296.00
2066 326.00
2067 224.00
2068 454.67
2069 204.00
2070 300.67
2071 342.67
2072 319.33
2073 346.00
2074 251.33
2075 296.00
2076 286.67
2077 378.67
2078 288.00
2079 259.33
2080 192.00
2081 328.00
2082 252.67
2083 351.33
2084 324.67
2085 237.33
2086 342.00
2087 217.33
2088 438.67
2089 226.00
2090 367.33
2091 442.67
2092 289.33
2093 175.33
2094 298.00
2095 268.00
2096 342.00
2097 198.67
2098 269.33
2099 196.67
2100 184.00
2101 352.67
2102 240.00
2103 280.00
2104 240.00
2105 218.67
2106 346.00
2107 297.33
2108 296.00
2109 164.67
2110 242.67
2111 383.33
2112 378.67
2113 283.33
2114 307.33
2115 346.67
2116 225.33
2117 341.33
2118 271.33
2119 222.67
2120 330.00
2121 358.00
2122 298.67
2123 298.00
2124 377.33
2125 346.00
2126 304.67
2127 328.00
2128 278.00
2129 372.67
2130 417.33
2131 143.33
2132 283.33
2133 134.67
2134 297.33
2135 216.67
2136 276.67
2137 376.67
2138 416.00
2139 228.67
2140 311.33
2141 330.00
2142 386.67
2143 338.00
2144 268.67
2145 236.00
2146 340.67
2147 366.67
2148 446.67
2149 309.33
2150 216.67
2151 261.33
2152 386.67
2153 346.67
2154 370.67
2155 310.67
2156 402.67
2157 378.67
2158 263.33
2159 218.67
2160 318.67
2161 298.67
2162 256.00
2163 228.00
2164 297.33
2165 218.67
2166 264.67
2167 304.00
2168 382.00
2169 346.67
2170 261.33
2171 330.67
2172 344.00
2173 343.33
2174 348.00
2175 313.33
2176 218.67
2177 300.00
2178 333.33
2179 285.33
2180 334.67
2181 271.33
2182 374.67
2183 232.00
2184 256.00
2185 344.67
2186 345.33
2187 350.00
2188 304.67
2189 307.33
2190 295.33
2191 234.67
2192 396.00
2193 312.67
2194 208.67
2195 337.33
2196 241.33
2197 225.33
2198 194.67
2199 330.00
2200 217.33
2201 344.00
2202 298.67
2203 347.33
2204 229.33
2205 349.33
2206 202.00
2207 402.00
2208 372.67
2209 340.00
2210 431.33
2211 332.67
2212 380.00
2213 256.67
2214 184.00
2215 335.33
2216 218.00
2217 214.00
2218 242.00
2219 396.00
2220 220.67
2221 204.00
2222 360.00
2223 250.67
2224 318.00
2225 235.33
2226 371.33
2227 290.67
2228 366.67
2229 364.00
2230 386.67
2231 329.33
2232 264.00
2233 380.00
2234 336.00
2235 311.33
2236 170.67
2237 268.00
2238 220.00
2239 200.67
2240 262.67
2241 308.67
2242 269.33
2243 338.00
2244 180.67
2245 220.67
2246 212.67
2247 299.33
2248 294.00
2249 295.33
2250 333.33
2251 300.00
2252 158.00
2253 183.33
2254 270.67
2255 165.33
2256 176.00
2257 234.00
2258 209.33
2259 302.00
2260 338.00
2261 195.33
2262 301.33
2263 229.33
2264 322.00
2265 270.67
2266 341.33
2267 412.67
2268 424.67
2269 284.00
2270 210.67
2271 221.33
2272 260.00
2273 399.33
2274 210.00
2275 306.00
2276 307.33
2277 262.67
2278 351.33
2279 426.67
2280 304.00
2281 336.67
2282 335.33
2283 224.00
2284 284.00
2285 257.33
2286 477.33
2287 370.00
2288 236.00
2289 258.67
2290 240.67
2291 352.67
2292 208.67
2293 316.00
2294 217.33
2295 247.33
2296 281.33
2297 322.00
2298 312.00
2299 397.33
2300 214.00
2301 266.00
2302 333.33
2303 370.67
2304 358.00
2305 333.33
2306 264.67
2307 296.67
2308 218.00
2309 417.33
2310 300.67
2311 204.67
2312 272.67
2313 320.00
2314 330.00
2315 239.33
2316 239.33
2317 366.67
2318 389.33
2319 316.67
2320 398.00
2321 321.33
2322 339.33
2323 215.33
2324 290.00
2325 234.00
2326 280.67
2327 343.33
2328 254.67
2329 338.00
2330 228.00
2331 389.33
2332 220.00
2333 448.67
2334 266.00
2335 354.00
2336 317.33
2337 228.00
2338 360.00
2339 172.67
2340 272.67
2341 185.33
2342 319.33
2343 269.33
2344 221.33
2345 308.00
2346 393.33
2347 360.67
2348 277.33
2349 312.67
2350 316.67
2351 328.67
2352 418.00
2353 368.67
2354 344.67
2355 241.33
2356 299.33
2357 220.00
2358 364.00
2359 320.67
2360 425.33
2361 398.00
2362 260.00
2363 330.00
2364 353.33
2365 246.00
2366 244.00
2367 341.33
2368 323.33
2369 296.67
2370 304.00
2371 345.33
2372 341.33
2373 291.33
2374 341.33
2375 300.67
2376 402.00
2377 322.00
2378 274.67
2379 254.67
2380 337.33
2381 234.67
2382 348.67
2383 292.67
2384 319.33
2385 354.00
2386 244.00
2387 197.33
2388 364.00
2389 316.67
2390 280.67
2391 250.67
2392 256.67
2393 320.67
2394 416.67
2395 336.67
2396 428.00
2397 341.33
2398 350.67
2399 254.00
2400 409.33
2401 234.00
2402 254.00
2403 440.00
2404 336.67
2405 316.00
2406 420.00
2407 354.67
2408 420.00
2409 374.67
2410 234.67
2411 220.00
2412 409.33
2413 402.67
2414 243.33
2415 399.33
2416 336.00
2417 214.67
2418 342.00
2419 339.33
2420 312.00
2421 196.67
2422 341.33
2423 278.67
2424 306.00
2425 210.67
2426 253.33
2427 372.67
2428 206.67
2429 274.00
2430 304.00
2431 206.67
2432 274.67
2433 423.33
2434 347.33
2435 335.33
2436 303.33
2437 298.00
2438 371.33
2439 292.67
2440 318.00
2441 312.67
2442 332.00
2443 393.33
2444 218.67
2445 240.67
2446 404.67
2447 308.67
2448 324.00
2449 255.33
2450 302.00
2451 400.00
2452 195.33
2453 212.67
2454 388.67
2455 381.33
2456 288.00
2457 407.33
2458 293.33
2459 451.33
2460 197.33
2461 458.67
2462 251.33
2463 345.33
2464 278.67
2465 278.00
2466 370.00
2467 353.33
2468 373.33
2469 402.00
2470 358.00
2471 264.67
2472 475.33
2473 249.33
2474 376.00
2475 374.67
2476 290.00
2477 199.33
2478 402.67
2479 407.33
2480 435.33
2481 318.00
2482 352.67
2483 229.33
2484 260.67
2485 224.67
2486 207.33
2487 336.67
2488 477.33
2489 178.67
2490 195.33
2491 336.67
2492 199.33
2493 228.67
2494 388.00
2495 308.00
2496 243.33
2497 377.33
2498 238.67
2499 378.00
2500 267.33
2501 330.00
2502 303.33
2503 459.33
2504 342.67
2505 205.33
2506 373.33
2507 364.00
2508 218.67
2509 372.67
2510 462.67
2511 368.00
2512 208.00
2513 282.00
2514 351.33
2515 236.00
2516 333.33
2517 346.00
2518 316.67
2519 452.00
2520 346.00
2521 362.67
2522 268.67
2523 386.00
2524 327.33
2525 415.33
2526 252.00
2527 237.33
2528 361.33
2529 388.00
2530 280.67
2531 377.33
2532 228.67
2533 231.33
2534 294.67
2535 408.67
2536 344.00
2537 354.67
2538 225.33
2539 369.33
2540 245.33
2541 270.00
2542 301.33
2543 252.00
2544 413.33
2545 345.33
2546 326.67
2547 198.67
2548 290.00
2549 347.33
2550 340.67
2551 352.67
2552 409.33
2553 335.33
2554 190.67
2555 232.00
2556 175.33
2557 474.67
2558 432.00
2559 284.00
2560 245.33
2561 294.67
2562 235.33
2563 196.67
2564 290.00
2565 316.00
2566 350.00
2567 284.67
2568 362.67
2569 470.67
2570 344.00
2571 212.00
2572 383.33
2573 241.33
2574 243.33
2575 297.33
2576 348.67
2577 292.67
2578 297.33
2579 321.33
2580 394.00
2581 299.33
2582 284.00
2583 297.33
2584 334.67
2585 252.00
2586 245.33
2587 408.67
2588 458.00
2589 198.67
2590 220.00
2591 300.00
2592 267.33
2593 238.00
2594 349.33
2595 293.33
2596 255.33
2597 318.00
2598 339.33
2599 406.67
2600 264.00
2601 448.00
2602 425.33
2603 252.00
2604 322.00
2605 226.00
2606 310.00
2607 376.67
2608 234.00
2609 204.00
2610 327.33
2611 272.00
2612 309.33
2613 333.33
2614 380.67
2615 303.33
2616 315.33
2617 373.33
2618 244.00
2619 333.33
2620 334.67
2621 307.33
2622 332.67
2623 324.00
2624 255.33
2625 244.67
2626 290.00
2627 274.67
2628 340.67
2629 366.67
2630 242.67
2631 200.67
2632 368.00
2633 370.67
2634 221.33
2635 276.67
2636 273.33
2637 400.00
2638 262.00
2639 262.00
2640 301.33
2641 319.33
2642 419.33
2643 284.67
2644 236.67
2645 261.33
2646 265.33
2647 398.67
2648 316.67
2649 273.33
2650 382.67
2651 493.33
2652 252.00
2653 360.67
2654 381.33
2655 206.00
2656 204.00
2657 248.00
2658 314.00
2659 396.67
2660 187.33
2661 338.00
2662 499.33
2663 391.33
2664 350.67
2665 409.33
2666 279.33
2667 396.00
2668 290.00
2669 458.67
2670 266.67
2671 439.33
2672 243.33
2673 475.33
2674 380.00
2675 243.33
2676 240.00
2677 243.33
2678 318.00
2679 242.00
2680 317.33
2681 234.00
2682 180.67
2683 304.67
2684 193.33
2685 334.67
2686 399.33
2687 430.00
2688 345.33
2689 256.67
2690 338.00
2691 430.67
2692 162.67
2693 376.67
2694 400.00
2695 197.33
2696 278.00
2697 480.67
2698 294.67
2699 222.67
2700 295.33
2701 295.33
2702 390.67
2703 375.33
2704 396.67
2705 224.67
2706 238.00
2707 256.00
2708 423.33
2709 451.33
2710 188.67
2711 210.67
2712 199.33
2713 307.33
2714 261.33
2715 431.33
2716 389.33
2717 345.33
2718 270.67
2719 238.67
2720 237.33
2721 245.33
2722 263.33
2723 336.67
2724 451.33
2725 224.67
2726 330.67
2727 386.00
2728 400.00
2729 376.00
2730 294.67
2731 226.00
2732 311.33
2733 401.33
2734 224.00
2735 194.00
2736 214.67
2737 382.67
2738 234.67
2739 260.67
2740 199.33
2741 433.33
2742 174.67
2743 347.33
2744 346.00
2745 276.67
2746 344.67
2747 316.67
2748 404.67
2749 248.00
2750 382.00
2751 298.67
2752 260.67
2753 350.00
2754 265.33
2755 168.67
2756 212.00
2757 397.33
2758 342.00
2759 358.00
2760 380.00
2761 228.67
2762 284.67
2763 227.33
2764 408.00
2765 334.67
2766 248.67
2767 265.33
2768 189.33
2769 452.00
2770 278.67
2771 328.67
2772 261.33
2773 203.33
2774 436.00
2775 226.67
2776 165.33
2777 224.67
2778 228.67
2779 383.33
2780 232.00
2781 314.67
2782 186.67
2783 214.00
2784 279.33
2785 303.33
2786 279.33
2787 243.33
2788 356.00
2789 216.67
2790 359.33
2791 277.33
2792 259.33
2793 294.67
2794 254.67
2795 170.00
2796 289.33
2797 218.67
2798 195.33
2799 212.67
2800 316.00
2801 360.00
2802 324.00
2803 416.00
2804 300.00
2805 284.00
2806 460.00
2807 360.00
2808 286.67
2809 218.00
2810 264.00
2811 215.33
2812 350.67
2813 319.33
2814 344.67
2815 284.00
2816 380.00
2817 227.33
2818 355.33
2819 373.33
2820 392.00
2821 340.00
2822 356.00
2823 320.67
2824 284.67
2825 259.33
2826 329.33
2827 350.67
2828 346.67
2829 382.67
2830 252.00
2831 310.00
2832 356.00
2833 405.33
2834 420.67
2835 360.67
2836 240.00
2837 396.00
2838 299.33
2839 350.67
2840 303.33
2841 239.33
2842 245.33
2843 406.67
2844 378.67
2845 336.67
2846 292.67
2847 333.33
2848 289.33
2849 219.33
2850 316.00
2851 338.00
2852 282.67
2853 329.33
2854 230.67
2855 362.00
2856 163.33
2857 252.00
2858 380.67
2859 288.00
2860 206.67
2861 416.67
2862 280.00
2863 282.67
2864 332.00
2865 294.00
2866 452.00
2867 451.33
2868 240.00
2869 246.67
2870 330.00
2871 360.67
2872 284.67
2873 235.33
2874 407.33
2875 239.33
2876 276.00
2877 270.67
2878 397.33
2879 461.33
2880 319.33
2881 265.33
2882 250.67
2883 277.33
2884 357.33
2885 499.33
2886 313.33
2887 255.33
2888 353.33
2889 256.00
2890 327.33
2891 280.00
2892 343.33
2893 392.00
2894 338.00
2895 330.67
2896 294.67
2897 325.33
2898 425.33
2899 431.33
2900 366.00
2901 331.33
2902 242.00
2903 302.00
2904 280.67
2905 275.33
2906 395.33
2907 461.33
2908 334.67
2909 245.33
2910 287.33
2911 295.33
2912 323.33
2913 338.00
2914 296.67
2915 372.67
2916 220.67
2917 356.67
2918 248.00
2919 260.67
2920 236.67
2921 402.00
2922 386.67
2923 355.33
2924 319.33
2925 277.33
2926 236.67
2927 203.33
2928 301.33
2929 194.67
2930 260.67
2931 332.00
2932 275.33
2933 351.33
2934 366.67
2935 286.67
2936 224.00
2937 193.33
2938 276.67
2939 330.67
2940 305.33
2941 419.33
2942 349.33
2943 391.33
2944 258.00
2945 260.67
2946 246.00
2947 257.33
2948 346.00
2949 402.67
2950 480.00
2951 324.67
2952 477.33
2953 351.33
2954 252.00
2955 240.67
2956 356.00
2957 474.67
2958 371.33
2959 255.33
2960 402.00
2961 311.33
2962 348.67
2963 276.00
2964 194.00
2965 258.67
2966 193.33
2967 260.00
2968 269.33
2969 318.67
2970 276.67
2971 340.00
2972 270.00
2973 266.00
2974 306.00
2975 366.00
2976 278.67
2977 226.67
2978 336.00
2979 345.33
2980 340.00
2981 350.00
2982 184.00
2983 398.00
2984 256.67
2985 243.33
2986 250.00
2987 301.33
2988 294.67
2989 433.33
2990 435.33
2991 302.00
2992 372.00
2993 274.00
2994 233.33
2995 232.00
2996 382.00
2997 322.00
2998 306.67
2999 438.00
