0 -0.24
1 -0.31
2 -0.24
3 -0.22
4 -0.19
5 0.02
6 -0.22
7 -0.18
8 -0.01
9 -0.19
10 -0.18
11 0.06
12 0.08
13 0.04
14 0.00
15 -0.24
16 0.07
17 0.09
18 0.08
19 -0.19
20 -0.20
21 0.03
22 0.03
23 -0.21
24 -0.17
25 -0.24
26 -0.14
27 -0.19
28 -0.16
29 -0.23
30 -0.10
31 0.04
32 -0.24
33 -0.21
34 0.02
35 0.05
36 -0.01
37 0.03
38 -0.18
39 -0.01
40 -0.08
41 -0.01
42 -0.15
43 0.08
44 0.07
45 0.07
46 0.05
47 0.04
48 0.10
49 0.11
50 0.11
51 -0.17
52 -0.22
53 0.08
54 -0.14
55 0.06
56 -0.18
57 -0.19
58 -0.25
59 -0.01
60 -0.15
61 -0.18
62 -0.21
63 -0.04
64 0.05
65 0.09
66 -0.14
67 -0.17
68 -0.21
69 0.03
70 0.09
71 -0.14
72 -0.25
73 0.07
74 -0.13
75 -0.09
76 0.04
77 -0.17
78 0.11
79 0.16
80 0.11
81 0.15
82 0.15
83 -0.25
84 -0.16
85 0.14
86 -0.26
87 -0.10
88 0.13
89 -0.26
90 -0.12
91 -0.16
92 -0.10
93 -0.09
94 -0.06
95 -0.16
96 0.10
97 -0.23
98 -0.19
99 0.06
100 0.05
101 0.15
102 -0.19
103 0.17
104 0.18
105 0.11
106 -0.16
107 -0.11
108 0.13
109 -0.19
110 -0.03
111 0.08
112 0.12
113 -0.28
114 -0.09
115 -0.16
116 -0.22
117 0.03
118 0.04
119 0.08
120 0.06
121 -0.08
122 0.07
123 -0.05
124 -0.21
125 -0.21
126 -0.08
127 -0.24
128 0.01
129 0.04
130 -0.22
131 -0.18
132 -0.19
133 -0.09
134 -0.06
135 -0.13
136 -0.06
137 0.07
138 0.09
139 -0.23
140 0.08
141 0.11
142 0.10
143 -0.17
144 0.10
145 0.12
146 0.08
147 0.06
148 0.07
149 -0.18
150 0.02
151 -0.20
152 -0.21
153 -0.19
154 -0.12
155 -0.14
156 -0.17
157 0.07
158 0.08
159 0.09
160 -0.18
161 0.14
162 -0.17
163 0.09
164 -0.05
165 -0.13
166 -0.20
167 -0.21
168 0.08
169 -0.15
170 -0.17
171 -0.15
172 -0.15
173 -0.15
174 -0.06
175 -0.18
176 0.12
177 0.10
178 -0.03
179 -0.16
180 -0.14
181 0.05
182 0.01
183 0.01
184 -0.20
185 0.06
186 0.04
187 0.07
188 -0.09
189 -0.21
190 -0.13
191 0.08
192 -0.20
193 0.05
194 0.08
195 -0.17
196 -0.16
197 0.11
198 0.10
199 0.14
200 -0.19
201 0.41
202 0.32
203 0.02
204 -0.12
205 -0.29
206 -0.24
207 -0.02
208 0.06
209 -0.22
210 -0.08
211 0.05
212 -0.31
213 0.09
214 -0.28
215 -0.17
216 -0.14
217 0.10
218 0.13
219 0.14
220 0.16
221 0.07
222 -0.24
223 -0.15
224 -0.24
225 -0.08
226 0.13
227 -0.16
228 -0.26
229 0.15
230 0.16
231 -0.21
232 -0.27
233 0.05
234 -0.22
235 -0.17
236 0.11
237 -0.15
238 0.14
239 0.15
240 0.13
241 0.19
242 -0.20
243 0.17
244 -0.25
245 0.19
246 -0.30
247 -0.25
248 0.11
249 0.18
250 0.23
251 -0.29
252 -0.22
253 -0.27
254 0.19
255 0.15
256 -0.10
257 0.17
258 -0.10
259 -0.18
260 0.17
261 0.10
262 0.17
263 0.19
264 0.24
265 0.16
266 -0.22
267 -0.19
268 -0.19
269 -0.24
270 -0.25
271 -0.13
272 -0.16
273 0.07
274 0.11
275 0.17
276 0.14
277 0.14
278 0.18
279 0.18
280 0.16
281 -0.08
282 0.17
283 -0.23
284 0.20
285 0.13
286 0.23
287 0.21
288 0.20
289 -0.29
290 0.17
291 -0.11
292 0.16
293 0.18
294 -0.23
295 -0.22
296 -0.17
297 -0.19
298 -0.08
299 0.01
300 -0.14
301 0.06
302 -0.15
303 0.14
304 -0.20
305 0.21
306 0.18
307 0.16
308 0.15
309 0.18
310 -0.19
311 0.18
312 -0.05
313 0.16
314 0.19
315 -0.04
316 -0.00
317 -0.04
318 -0.11
319 0.10
320 -0.11
321 -0.08
322 0.02
323 -0.19
324 0.10
325 0.21
326 -0.03
327 0.19
328 0.15
329 0.22
330 0.18
331 0.09
332 -0.16
333 0.14
334 0.18
335 0.23
336 0.13
337 -0.16
338 -0.21
339 0.20
340 0.18
341 -0.06
342 0.19
343 0.19
344 -0.22
345 -0.07
346 0.20
347 -0.19
348 0.16
349 -0.11
350 0.16
351 0.25
352 -0.19
353 0.21
354 0.26
355 0.23
356 0.28
357 0.23
358 -0.21
359 -0.10
360 -0.12
361 0.21
362 0.17
363 0.14
364 0.18
365 -0.19
366 0.17
367 0.21
368 -0.06
369 -0.05
370 0.15
371 -0.09
372 -0.13
373 0.07
374 -0.24
375 0.04
376 -0.21
377 -0.24
378 -0.16
379 -0.21
380 0.04
381 -0.11
382 0.08
383 0.06
384 0.07
385 0.11
386 0.08
387 -0.09
388 0.15
389 0.20
390 0.15
391 -0.25
392 -0.16
393 -0.09
394 -0.10
395 0.09
396 -0.13
397 0.09
398 0.18
399 -0.16
400 0.47
401 0.46
402 0.44
403 -0.12
404 0.47
405 0.37
406 -0.18
407 0.42
408 0.46
409 -0.11
410 0.26
411 0.44
412 -0.12
413 0.47
414 0.43
415 0.45
416 0.47
417 0.43
418 0.29
419 0.31
420 0.17
421 0.44
422 0.36
423 0.47
424 0.46
425 0.37
426 -0.15
427 0.47
428 0.39
429 0.44
430 0.42
431 -0.04
432 -0.10
433 -0.20
434 -0.07
435 -0.13
436 0.10
437 -0.09
438 -0.09
439 -0.02
440 -0.19
441 -0.05
442 0.05
443 -0.15
444 0.09
445 0.22
446 0.14
447 -0.08
448 0.07
449 0.03
450 0.05
451 -0.08
452 -0.19
453 -0.09
454 0.01
455 0.03
456 0.07
457 -0.02
458 -0.08
459 0.09
460 -0.11
461 0.13
462 -0.08
463 0.07
464 0.19
465 -0.12
466 0.19
467 -0.17
468 -0.17
469 0.20
470 0.26
471 0.27
472 0.27
473 0.31
474 -0.06
475 -0.21
476 0.32
477 0.06
478 0.34
479 0.36
480 0.33
481 0.02
482 0.30
483 0.34
484 0.39
485 -0.05
486 -0.20
487 0.29
488 0.32
489 -0.14
490 -0.14
491 0.30
492 -0.20
493 -0.01
494 0.14
495 0.26
496 0.31
497 -0.05
498 -0.08
499 -0.02
500 0.03
501 -0.01
502 0.15
503 0.01
504 0.09
505 0.02
506 0.06
507 0.21
508 -0.12
509 -0.13
510 0.09
511 -0.03
512 0.15
513 -0.01
514 0.14
515 -0.09
516 0.16
517 0.20
518 -0.14
519 -0.05
520 -0.12
521 0.11
522 -0.02
523 0.08
524 0.09
525 0.11
526 0.20
527 0.21
528 -0.19
529 0.13
530 0.19
531 0.23
532 -0.12
533 0.24
534 0.22
535 -0.20
536 -0.18
537 -0.05
538 -0.06
539 -0.06
540 0.07
541 0.01
542 0.14
543 0.16
544 0.23
545 0.18
546 -0.11
547 -0.06
548 0.18
549 0.24
550 0.26
551 0.26
552 -0.05
553 0.27
554 0.29
555 0.28
556 -0.13
557 -0.13
558 0.27
559 0.23
560 0.30
561 0.29
562 -0.21
563 0.17
564 -0.15
565 0.18
566 0.26
567 0.27
568 -0.03
569 0.29
570 0.23
571 -0.14
572 0.22
573 -0.05
574 0.27
575 -0.19
576 0.24
577 0.02
578 -0.09
579 0.25
580 -0.10
581 -0.09
582 -0.05
583 0.14
584 0.13
585 -0.07
586 -0.02
587 -0.00
588 -0.11
589 0.21
590 0.12
591 0.04
592 -0.07
593 0.13
594 0.10
595 0.15
596 -0.11
597 0.00
598 0.12
599 -0.06
600 0.36
601 0.40
602 0.43
603 0.43
604 0.31
605 0.46
606 0.35
607 0.35
608 0.26
609 0.39
610 0.06
611 0.38
612 0.27
613 0.37
614 -0.08
615 -0.07
616 0.01
617 0.25
618 0.23
619 0.28
620 0.21
621 0.03
622 0.19
623 0.21
624 0.26
625 -0.16
626 0.09
627 0.15
628 0.08
629 0.14
630 0.18
631 0.15
632 0.24
633 0.24
634 0.24
635 0.05
636 0.18
637 0.14
638 0.23
639 0.03
640 0.28
641 0.24
642 0.04
643 0.12
644 0.28
645 0.28
646 0.05
647 0.23
648 0.28
649 0.29
650 0.32
651 0.34
652 0.32
653 0.07
654 0.33
655 0.15
656 0.35
657 0.36
658 -0.09
659 0.18
660 -0.12
661 0.29
662 -0.07
663 0.17
664 0.16
665 0.31
666 0.01
667 0.27
668 0.25
669 0.13
670 -0.04
671 0.22
672 0.28
673 0.05
674 0.27
675 0.09
676 0.20
677 0.01
678 0.12
679 0.08
680 0.16
681 0.17
682 0.08
683 0.13
684 0.13
685 0.23
686 0.05
687 0.05
688 0.23
689 0.12
690 0.16
691 0.01
692 -0.01
693 0.14
694 0.06
695 0.10
696 0.27
697 0.26
698 0.01
699 0.14
700 0.28
701 0.14
702 0.17
703 0.30
704 0.17
705 -0.24
706 0.16
707 0.02
708 0.28
709 0.30
710 0.33
711 0.19
712 0.20
713 0.17
714 0.17
715 0.29
716 -0.06
717 0.15
718 0.15
719 -0.04
720 0.28
721 0.16
722 -0.05
723 -0.17
724 0.24
725 0.24
726 0.28
727 0.11
728 0.29
729 0.35
730 0.31
731 0.25
732 0.12
733 0.30
734 0.15
735 0.09
736 -0.03
737 0.22
738 0.11
739 0.27
740 0.31
741 0.33
742 0.25
743 0.35
744 0.07
745 0.09
746 0.19
747 0.19
748 -0.02
749 0.23
750 0.16
751 0.14
752 0.24
753 0.06
754 0.17
755 -0.01
756 0.01
757 0.29
758 0.25
759 0.13
760 0.25
761 0.24
762 0.15
763 0.28
764 0.21
765 -0.06
766 0.25
767 -0.01
768 0.19
769 0.28
770 0.21
771 0.25
772 0.12
773 0.25
774 0.31
775 0.22
776 0.32
777 0.10
778 0.02
779 0.10
780 0.15
781 0.28
782 0.18
783 0.24
784 0.19
785 0.30
786 0.08
787 0.11
788 0.22
789 0.01
790 -0.16
791 0.20
792 0.15
793 0.12
794 0.16
795 0.30
796 0.20
797 0.28
798 0.14
799 0.22
800 0.44
801 0.38
802 -0.29
803 0.40
804 0.39
805 0.44
806 0.32
807 0.30
808 0.10
809 0.31
810 0.38
811 -0.14
812 0.40
813 0.44
814 0.37
815 0.34
816 0.40
817 0.32
818 0.33
819 0.42
820 0.44
821 0.14
822 0.35
823 0.39
824 -0.28
825 0.44
826 0.38
827 0.35
828 0.25
829 0.41
830 0.35
831 0.30
832 0.04
833 0.39
834 0.29
835 0.18
836 0.10
837 0.29
838 0.33
839 0.38
840 0.37
841 0.41
842 0.34
843 0.26
844 0.20
845 0.26
846 0.35
847 0.37
848 0.40
849 0.38
850 0.36
851 0.37
852 0.41
853 0.24
854 0.41
855 0.34
856 0.38
857 -0.09
858 0.40
859 0.00
860 0.06
861 0.32
862 0.26
863 0.38
864 -0.06
865 0.44
866 0.26
867 0.42
868 0.34
869 0.41
870 0.21
871 0.34
872 0.31
873 0.35
874 -0.04
875 -0.00
876 0.39
877 0.25
878 0.39
879 0.31
880 0.31
881 0.41
882 0.37
883 0.29
884 0.11
885 0.26
886 0.22
887 0.09
888 -0.02
889 0.26
890 0.31
891 0.06
892 0.32
893 0.38
894 0.37
895 0.30
896 0.37
897 0.28
898 0.17
899 0.24
900 0.33
901 0.19
902 0.25
903 0.27
904 0.34
905 0.23
906 0.09
907 0.38
908 0.30
909 0.22
910 0.40
911 0.38
912 0.30
913 0.35
914 0.22
915 0.35
916 0.30
917 -0.07
918 -0.23
919 -0.14
920 0.33
921 0.36
922 0.23
923 0.40
924 0.42
925 0.42
926 0.02
927 -0.02
928 0.11
929 0.34
930 0.34
931 0.37
932 0.34
933 0.32
934 0.31
935 0.39
936 0.07
937 0.15
938 0.28
939 0.29
940 0.16
941 0.34
942 0.28
943 0.35
944 0.13
945 0.34
946 0.29
947 0.42
948 0.25
949 0.20
950 0.37
951 0.25
952 0.31
953 0.37
954 0.14
955 0.26
956 0.28
957 0.38
958 0.24
959 0.22
960 0.39
961 0.31
962 0.29
963 0.06
964 0.26
965 0.08
966 0.26
967 0.35
968 0.07
969 0.28
970 0.21
971 0.27
972 0.28
973 -0.06
974 0.23
975 0.24
976 0.25
977 0.30
978 0.27
979 -0.10
980 0.27
981 0.05
982 0.29
983 0.33
984 0.06
985 0.31
986 0.35
987 0.26
988 0.35
989 -0.12
990 0.31
991 0.24
992 0.30
993 0.16
994 0.19
995 0.33
996 0.33
997 0.33
998 -0.30
999 0.27
1000 0.36
1001 -0.09
1002 0.32
1003 0.33
1004 0.28
1005 0.25
1006 0.28
1007 0.40
1008 -0.14
1009 0.36
1010 0.26
1011 0.39
1012 0.12
1013 0.33
1014 0.30
1015 0.32
1016 0.25
1017 0.35
1018 0.34
1019 0.34
1020 0.42
1021 0.26
1022 0.39
1023 0.41
1024 0.23
1025 -0.01
1026 0.33
1027 0.30
1028 0.33
1029 0.07
1030 0.36
1031 0.28
1032 0.40
1033 0.39
1034 0.41
1035 0.42
1036 0.23
1037 0.36
1038 0.42
1039 0.34
1040 0.44
1041 0.33
1042 0.34
1043 -0.09
1044 0.19
1045 0.02
1046 0.22
1047 0.25
1048 0.41
1049 0.21
1050 0.40
1051 0.34
1052 -0.07
1053 0.27
1054 0.37
1055 0.17
1056 0.38
1057 0.13
1058 0.34
1059 0.32
1060 0.32
1061 0.03
1062 0.36
1063 0.16
1064 0.40
1065 0.35
1066 0.43
1067 -0.18
1068 0.32
1069 0.31
1070 0.25
1071 0.38
1072 0.40
1073 0.35
1074 0.17
1075 0.24
1076 0.38
1077 0.31
1078 0.33
1079 -0.21
1080 0.40
1081 0.31
1082 0.40
1083 0.42
1084 0.31
1085 0.22
1086 0.21
1087 0.14
1088 0.41
1089 0.34
1090 0.28
1091 -0.21
1092 0.30
1093 -0.16
1094 0.34
1095 0.27
1096 0.35
1097 0.03
1098 0.38
1099 0.29
1100 0.30
1101 0.35
1102 0.41
1103 0.33
1104 0.37
1105 0.27
1106 -0.11
1107 0.28
1108 0.33
1109 0.22
1110 -0.04
1111 0.30
1112 0.22
1113 0.28
1114 0.40
1115 0.37
1116 0.27
1117 0.37
1118 0.31
1119 0.31
1120 0.41
1121 0.07
1122 0.32
1123 0.42
1124 0.01
1125 0.39
1126 0.33
1127 -0.21
1128 0.18
1129 0.38
1130 0.42
1131 0.32
1132 0.37
1133 0.42
1134 0.33
1135 0.37
1136 0.30
1137 0.27
1138 0.04
1139 0.31
1140 0.28
1141 0.20
1142 0.37
1143 -0.18
1144 0.31
1145 0.02
1146 0.32
1147 0.26
1148 0.27
1149 0.30
1150 0.22
1151 0.17
1152 0.29
1153 0.19
1154 0.29
1155 0.39
1156 0.32
1157 0.31
1158 0.41
1159 0.43
1160 0.44
1161 0.36
1162 0.21
1163 0.31
1164 0.33
1165 0.31
1166 0.38
1167 0.28
1168 0.23
1169 0.34
1170 0.44
1171 0.34
1172 0.28
1173 0.23
1174 0.39
1175 0.41
1176 0.38
1177 0.20
1178 0.30
1179 0.33
1180 0.22
1181 0.37
1182 0.24
1183 0.43
1184 0.10
1185 0.20
1186 0.38
1187 0.29
1188 0.35
1189 0.35
1190 0.32
1191 0.34
1192 0.00
1193 0.35
1194 0.28
1195 0.24
1196 0.40
1197 0.34
1198 0.32
1199 0.09
1200 0.46
1201 0.49
1202 0.41
1203 0.44
1204 0.40
1205 0.18
1206 0.42
1207 0.30
1208 0.40
1209 -0.04
1210 0.42
1211 0.43
1212 0.32
1213 0.38
1214 0.44
1215 0.39
1216 0.38
1217 -0.08
1218 0.21
1219 0.29
1220 0.39
1221 -0.11
1222 0.38
1223 -0.07
1224 0.34
1225 0.36
1226 0.44
1227 0.32
1228 0.32
1229 0.43
1230 0.39
1231 0.25
1232 0.44
1233 0.22
1234 0.41
1235 0.02
1236 0.33
1237 0.38
1238 0.31
1239 -0.06
1240 0.11
1241 0.21
1242 0.30
1243 0.39
1244 0.30
1245 -0.09
1246 0.36
1247 0.40
1248 0.36
1249 0.31
1250 0.44
1251 -0.11
1252 0.44
1253 0.13
1254 0.04
1255 0.39
1256 0.36
1257 0.45
1258 0.11
1259 0.28
1260 0.39
1261 0.15
1262 0.26
1263 0.28
1264 0.43
1265 0.40
1266 0.43
1267 0.33
1268 0.04
1269 0.04
1270 0.20
1271 0.35
1272 0.42
1273 0.22
1274 0.29
1275 0.24
1276 0.23
1277 0.41
1278 0.23
1279 0.40
1280 0.18
1281 0.14
1282 0.34
1283 0.17
1284 0.39
1285 0.35
1286 0.41
1287 0.39
1288 0.41
1289 0.41
1290 -0.04
1291 0.24
1292 0.34
1293 0.40
1294 0.43
1295 0.25
1296 0.21
1297 0.37
1298 0.24
1299 0.36
1300 0.32
1301 0.12
1302 0.42
1303 0.39
1304 0.37
1305 0.32
1306 0.44
1307 0.21
1308 0.40
1309 0.09
1310 0.25
1311 0.40
1312 0.06
1313 0.37
1314 0.41
1315 0.42
1316 0.40
1317 0.30
1318 0.43
1319 0.33
1320 0.35
1321 0.40
1322 0.41
1323 0.38
1324 0.38
1325 0.27
1326 0.43
1327 0.07
1328 0.38
1329 0.29
1330 0.11
1331 0.20
1332 0.27
1333 0.25
1334 0.29
1335 0.34
1336 0.35
1337 0.40
1338 0.14
1339 -0.04
1340 0.40
1341 0.40
1342 0.36
1343 0.24
1344 0.21
1345 0.20
1346 0.39
1347 0.27
1348 0.07
1349 0.22
1350 0.40
1351 0.19
1352 0.40
1353 0.31
1354 0.36
1355 0.26
1356 0.40
1357 0.34
1358 0.37
1359 0.24
1360 0.36
1361 0.34
1362 0.40
1363 0.28
1364 0.40
1365 0.25
1366 0.42
1367 -0.07
1368 0.28
1369 0.41
1370 0.40
1371 0.36
1372 0.43
1373 0.44
1374 0.22
1375 0.07
1376 0.30
1377 0.35
1378 0.31
1379 0.21
1380 0.33
1381 -0.06
1382 0.33
1383 0.26
1384 0.29
1385 0.38
1386 0.42
1387 0.37
1388 0.31
1389 0.33
1390 0.31
1391 0.39
1392 0.37
1393 0.38
1394 0.43
1395 0.36
1396 0.45
1397 0.38
1398 0.40
1399 0.42
1400 -0.16
1401 0.36
1402 0.33
1403 0.40
1404 0.34
1405 0.40
1406 0.11
1407 0.15
1408 0.11
1409 0.28
1410 0.24
1411 0.13
1412 0.33
1413 0.20
1414 0.28
1415 0.37
1416 0.39
1417 0.28
1418 0.37
1419 0.42
1420 -0.21
1421 0.40
1422 0.20
1423 0.31
1424 0.27
1425 0.34
1426 0.14
1427 0.33
1428 0.37
1429 0.39
1430 0.44
1431 0.20
1432 0.41
1433 0.41
1434 0.29
1435 0.10
1436 0.41
1437 0.41
1438 0.34
1439 0.44
1440 0.45
1441 0.06
1442 0.38
1443 0.27
1444 0.36
1445 0.22
1446 0.35
1447 0.32
1448 0.39
1449 0.42
1450 0.44
1451 0.41
1452 0.42
1453 0.24
1454 0.40
1455 0.37
1456 0.41
1457 0.38
1458 0.27
1459 0.44
1460 0.35
1461 0.42
1462 0.36
1463 0.27
1464 0.43
1465 0.37
1466 0.42
1467 0.26
1468 0.42
1469 0.42
1470 0.33
1471 0.40
1472 0.39
1473 0.45
1474 0.24
1475 0.30
1476 0.17
1477 0.37
1478 0.42
1479 0.24
1480 0.30
1481 0.42
1482 0.44
1483 0.29
1484 0.45
1485 0.42
1486 0.45
1487 0.42
1488 0.18
1489 0.29
1490 0.22
1491 0.42
1492 0.30
1493 0.16
1494 0.40
1495 0.36
1496 0.21
1497 0.20
1498 0.28
1499 0.29
1500 0.31
1501 0.37
1502 0.42
1503 0.23
1504 0.39
1505 0.46
1506 0.41
1507 0.38
1508 0.23
1509 0.34
1510 0.35
1511 0.30
1512 0.37
1513 0.41
1514 0.35
1515 0.43
1516 0.44
1517 0.44
1518 0.45
1519 0.45
1520 0.01
1521 0.45
1522 0.40
1523 0.20
1524 0.48
1525 0.38
1526 0.27
1527 0.38
1528 0.35
1529 0.23
1530 0.38
1531 0.34
1532 0.44
1533 0.44
1534 0.36
1535 0.43
1536 0.44
1537 0.44
1538 0.45
1539 0.40
1540 0.47
1541 -0.00
1542 0.44
1543 0.28
1544 0.44
1545 0.36
1546 0.46
1547 0.38
1548 0.37
1549 0.43
1550 -0.16
1551 0.19
1552 0.35
1553 0.35
1554 0.35
1555 0.40
1556 0.43
1557 0.42
1558 0.36
1559 0.41
1560 0.41
1561 0.28
1562 0.41
1563 0.34
1564 0.40
1565 0.43
1566 0.40
1567 0.42
1568 0.44
1569 0.39
1570 0.40
1571 0.40
1572 0.47
1573 0.18
1574 0.35
1575 0.44
1576 0.30
1577 -0.03
1578 0.20
1579 0.41
1580 0.36
1581 0.13
1582 0.37
1583 0.36
1584 0.29
1585 0.41
1586 0.41
1587 0.27
1588 0.13
1589 0.37
1590 0.44
1591 0.32
1592 0.28
1593 0.17
1594 0.35
1595 0.42
1596 0.27
1597 0.35
1598 -0.04
1599 0.30
1600 0.38
1601 0.33
1602 0.30
1603 0.45
1604 0.31
1605 0.17
1606 0.37
1607 0.36
1608 0.45
1609 0.40
1610 0.39
1611 0.35
1612 0.26
1613 0.40
1614 0.40
1615 0.30
1616 0.42
1617 0.42
1618 0.44
1619 0.45
1620 0.43
1621 0.42
1622 0.43
1623 0.48
1624 0.41
1625 -0.05
1626 0.35
1627 0.39
1628 0.14
1629 0.34
1630 0.32
1631 0.44
1632 0.45
1633 0.37
1634 0.40
1635 0.43
1636 0.45
1637 0.42
1638 0.05
1639 0.39
1640 0.41
1641 0.44
1642 0.28
1643 0.46
1644 0.48
1645 0.07
1646 0.35
1647 0.44
1648 0.22
1649 0.42
1650 0.43
1651 0.39
1652 0.46
1653 0.45
1654 -0.26
1655 0.29
1656 0.38
1657 0.41
1658 0.33
1659 0.45
1660 0.48
1661 0.47
1662 0.49
1663 0.48
1664 0.38
1665 0.48
1666 0.43
1667 0.46
1668 0.42
1669 0.30
1670 0.46
1671 0.08
1672 0.01
1673 0.46
1674 0.43
1675 0.23
1676 0.45
1677 0.44
1678 0.45
1679 0.44
1680 0.45
1681 0.01
1682 0.44
1683 0.44
1684 0.45
1685 0.42
1686 0.37
1687 0.46
1688 0.44
1689 0.44
1690 0.46
1691 -0.08
1692 0.43
1693 0.40
1694 0.44
1695 0.44
1696 -0.01
1697 0.31
1698 0.35
1699 0.45
1700 0.45
1701 0.40
1702 0.44
1703 0.47
1704 0.47
1705 -0.21
1706 0.21
1707 0.42
1708 0.42
1709 0.45
1710 0.35
1711 0.47
1712 0.39
1713 0.46
1714 0.23
1715 0.29
1716 0.43
1717 0.47
1718 0.45
1719 0.45
1720 0.27
1721 0.39
1722 0.44
1723 0.33
1724 0.40
1725 0.43
1726 0.13
1727 -0.13
1728 0.43
1729 0.47
1730 0.48
1731 0.37
1732 0.31
1733 0.16
1734 0.40
1735 0.42
1736 0.44
1737 0.27
1738 0.43
1739 0.14
1740 0.40
1741 0.06
1742 0.39
1743 0.07
1744 0.33
1745 0.39
1746 0.42
1747 0.44
1748 0.33
1749 0.39
1750 0.34
1751 0.29
1752 0.39
1753 0.43
1754 0.45
1755 0.38
1756 0.25
1757 0.36
1758 0.43
1759 0.34
1760 0.45
1761 0.45
1762 0.48
1763 0.44
1764 0.30
1765 0.43
1766 0.41
1767 0.19
1768 0.44
1769 0.27
1770 0.29
1771 0.40
1772 0.32
1773 0.43
1774 -0.06
1775 0.34
1776 0.25
1777 0.33
1778 0.07
1779 0.19
1780 0.36
1781 0.39
1782 0.43
1783 0.44
1784 0.32
1785 0.44
1786 0.43
1787 0.25
1788 0.41
1789 0.23
1790 0.43
1791 0.42
1792 0.33
1793 0.43
1794 0.22
1795 0.42
1796 0.43
1797 0.26
1798 0.31
1799 0.23
1800 0.15
1801 0.42
1802 0.36
1803 0.12
1804 0.34
1805 0.06
1806 0.25
1807 0.44
1808 0.27
1809 0.24
1810 0.43
1811 0.41
1812 0.45
1813 0.41
1814 0.38
1815 0.40
1816 0.21
1817 0.15
1818 0.42
1819 0.30
1820 0.34
1821 0.37
1822 0.39
1823 -0.00
1824 0.30
1825 0.23
1826 0.25
1827 0.35
1828 0.41
1829 0.46
1830 0.40
1831 0.34
1832 0.43
1833 0.31
1834 0.49
1835 0.38
1836 0.01
1837 0.43
1838 0.27
1839 0.24
1840 0.40
1841 0.37
1842 0.43
1843 0.40
1844 0.48
1845 0.49
1846 0.40
1847 0.48
1848 0.38
1849 -0.01
1850 0.47
1851 0.46
1852 0.22
1853 0.44
1854 0.47
1855 0.46
1856 0.44
1857 0.49
1858 -0.07
1859 0.43
1860 0.48
1861 0.10
1862 0.32
1863 0.49
1864 0.46
1865 0.46
1866 0.21
1867 0.34
1868 0.22
1869 -0.31
1870 0.42
1871 0.26
1872 0.39
1873 0.44
1874 0.35
1875 0.47
1876 0.44
1877 0.48
1878 0.46
1879 0.41
1880 0.46
1881 0.49
1882 0.45
1883 0.04
1884 0.42
1885 0.48
1886 0.38
1887 0.45
1888 0.43
1889 0.48
1890 0.34
1891 0.29
1892 0.39
1893 0.33
1894 0.46
1895 0.46
1896 0.48
1897 0.43
1898 0.48
1899 0.21
1900 0.35
1901 0.25
1902 0.44
1903 0.46
1904 0.42
1905 0.37
1906 0.46
1907 0.44
1908 0.36
1909 0.49
1910 0.46
1911 0.49
1912 0.42
1913 0.44
1914 0.46
1915 0.46
1916 0.49
1917 0.49
1918 0.09
1919 0.42
1920 0.44
1921 0.49
1922 0.42
1923 0.42
1924 0.46
1925 0.49
1926 0.11
1927 0.49
1928 0.49
1929 0.49
1930 0.49
1931 0.44
1932 0.49
1933 0.46
1934 0.44
1935 0.49
1936 0.37
1937 0.49
1938 0.46
1939 0.46
1940 0.42
1941 0.49
1942 0.49
1943 0.18
1944 0.44
1945 0.33
1946 0.49
1947 0.40
1948 0.49
1949 0.46
1950 0.44
1951 0.49
1952 0.27
1953 0.40
1954 0.28
1955 0.46
1956 0.09
1957 0.48
1958 0.48
1959 0.46
1960 0.44
1961 0.44
1962 0.25
1963 0.44
1964 0.17
1965 0.44
1966 -0.03
1967 0.46
1968 0.38
1969 0.46
1970 0.34
1971 0.45
1972 0.46
1973 0.12
1974 0.42
1975 0.27
1976 0.36
1977 0.42
1978 0.40
1979 0.39
1980 0.31
1981 0.41
1982 0.45
1983 0.28
1984 -0.17
1985 0.46
1986 0.32
1987 0.48
1988 0.46
1989 0.02
1990 0.41
1991 0.45
1992 0.34
1993 0.46
1994 0.45
1995 0.42
1996 0.46
1997 0.46
1998 0.49
1999 0.49
2000 0.40
2001 0.44
2002 0.31
2003 0.49
2004 0.44
2005 0.36
2006 0.49
2007 0.04
2008 0.49
2009 -0.36
2010 -0.03
2011 0.34
2012 0.20
2013 0.36
2014 0.18
2015 0.33
2016 0.16
2017 0.36
2018 0.46
2019 0.49
2020 0.46
2021 0.44
2022 0.49
2023 0.46
2024 0.49
2025 -0.19
2026 0.17
2027 0.28
2028 0.42
2029 0.44
2030 0.36
2031 0.44
2032 0.22
2033 0.37
2034 -0.26
2035 0.28
2036 0.33
2037 0.40
2038 0.42
2039 0.45
2040 -0.07
2041 0.39
2042 0.18
2043 0.24
2044 0.38
2045 0.39
2046 0.45
2047 0.43
2048 0.45
2049 0.19
2050 0.21
2051 -0.06
2052 0.19
2053 0.36
2054 0.32
2055 0.43
2056 0.41
2057 0.45
2058 0.45
2059 0.44
2060 0.41
2061 -0.30
2062 0.22
2063 0.44
2064 0.46
2065 0.47
2066 0.34
2067 0.43
2068 0.48
2069 0.39
2070 0.20
2071 0.35
2072 0.44
2073 0.44
2074 0.47
2075 0.41
2076 0.46
2077 0.48
2078 0.11
2079 0.36
2080 0.43
2081 0.48
2082 0.40
2083 0.46
2084 0.42
2085 0.48
2086 0.40
2087 0.45
2088 0.36
2089 0.46
2090 0.47
2091 0.35
2092 0.39
2093 0.32
2094 0.46
2095 0.47
2096 0.38
2097 0.42
2098 0.43
2099 0.39
2100 0.43
2101 0.40
2102 0.42
2103 0.29
2104 0.40
2105 0.47
2106 0.36
2107 0.32
2108 0.40
2109 0.32
2110 0.34
2111 0.39
2112 0.44
2113 0.42
2114 0.46
2115 0.42
2116 0.46
2117 0.28
2118 0.46
2119 0.23
2120 0.46
2121 0.33
2122 0.46
2123 0.24
2124 0.48
2125 0.49
2126 0.31
2127 0.36
2128 0.42
2129 0.40
2130 0.33
2131 0.37
2132 0.39
2133 0.36
2134 0.44
2135 0.43
2136 0.39
2137 0.40
2138 0.41
2139 0.46
2140 0.24
2141 0.47
2142 0.35
2143 0.46
2144 0.39
2145 0.47
2146 0.37
2147 0.46
2148 0.46
2149 0.16
2150 0.45
2151 0.44
2152 0.11
2153 0.44
2154 0.46
2155 0.44
2156 0.46
2157 0.31
2158 0.25
2159 0.40
2160 0.32
2161 0.34
2162 0.29
2163 0.38
2164 0.42
2165 0.26
2166 0.37
2167 0.45
2168 0.39
2169 0.44
2170 0.38
2171 0.44
2172 0.44
2173 0.34
2174 0.26
2175 0.35
2176 0.46
2177 0.49
2178 0.27
2179 0.45
2180 0.43
2181 0.46
2182 0.49
2183 0.43
2184 0.44
2185 0.02
2186 0.42
2187 0.22
2188 0.41
2189 0.39
2190 0.38
2191 0.43
2192 0.43
2193 0.45
2194 0.40
2195 0.46
2196 0.37
2197 0.47
2198 0.45
2199 0.47
2200 0.49
2201 0.46
2202 0.44
2203 0.49
2204 0.46
2205 0.44
2206 0.49
2207 0.25
2208 0.44
2209 0.49
2210 0.40
2211 0.42
2212 0.44
2213 0.49
2214 0.49
2215 0.38
2216 0.37
2217 0.45
2218 -0.23
2219 0.38
2220 0.42
2221 0.48
2222 0.46
2223 0.48
2224 0.44
2225 0.49
2226 0.49
2227 0.35
2228 0.42
2229 0.40
2230 0.42
2231 0.25
2232 0.44
2233 0.49
2234 0.49
2235 0.42
2236 0.40
2237 0.42
2238 0.40
2239 0.49
2240 0.48
2241 0.12
2242 0.47
2243 0.47
2244 0.32
2245 0.48
2246 0.44
2247 0.20
2248 0.12
2249 0.08
2250 0.11
2251 0.41
2252 0.45
2253 0.43
2254 0.44
2255 0.46
2256 0.19
2257 0.46
2258 0.49
2259 0.46
2260 -0.31
2261 0.49
2262 0.37
2263 0.41
2264 0.40
2265 0.49
2266 0.06
2267 0.46
2268 0.34
2269 0.46
2270 0.44
2271 0.40
2272 0.42
2273 0.33
2274 0.44
2275 0.49
2276 0.46
2277 -0.28
2278 0.40
2279 0.49
2280 0.09
2281 0.49
2282 0.16
2283 0.46
2284 0.38
2285 0.24
2286 0.46
2287 0.45
2288 0.33
2289 0.46
2290 0.31
2291 0.46
2292 0.42
2293 0.49
2294 -0.37
2295 0.16
2296 0.44
2297 0.39
2298 0.41
2299 0.20
2300 0.45
2301 0.45
2302 0.45
2303 0.48
2304 0.48
2305 0.28
2306 0.36
2307 0.42
2308 0.44
2309 0.38
2310 0.37
2311 0.43
2312 0.48
2313 0.49
2314 0.40
2315 0.49
2316 0.49
2317 0.23
2318 0.16
2319 0.46
2320 0.46
2321 0.38
2322 0.46
2323 -0.10
2324 0.31
2325 0.49
2326 0.49
2327 0.37
2328 0.37
2329 0.46
2330 0.42
2331 0.22
2332 0.46
2333 0.39
2334 0.37
2335 0.49
2336 0.38
2337 0.46
2338 0.49
2339 0.40
2340 0.43
2341 0.49
2342 0.40
2343 0.40
2344 0.46
2345 0.48
2346 0.44
2347 0.46
2348 0.42
2349 0.05
2350 0.42
2351 0.46
2352 0.49
2353 0.40
2354 0.49
2355 0.42
2356 0.46
2357 0.21
2358 0.48
2359 0.34
2360 0.46
2361 0.46
2362 0.48
2363 0.49
2364 0.46
2365 0.48
2366 0.25
2367 0.38
2368 0.46
2369 0.36
2370 -0.05
2371 0.45
2372 0.38
2373 0.44
2374 0.48
2375 0.48
2376 0.42
2377 0.46
2378 0.46
2379 0.44
2380 0.49
2381 0.46
2382 0.36
2383 0.30
2384 0.49
2385 0.44
2386 0.14
2387 0.40
2388 0.25
2389 0.47
2390 0.43
2391 0.39
2392 0.47
2393 0.38
2394 0.47
2395 0.48
2396 -0.17
2397 0.42
2398 0.49
2399 0.49
2400 0.46
2401 0.46
2402 0.39
2403 0.49
2404 0.16
2405 0.49
2406 0.32
2407 0.46
2408 0.49
2409 0.46
2410 0.46
2411 0.42
2412 0.49
2413 0.46
2414 0.44
2415 0.29
2416 0.49
2417 0.35
2418 0.46
2419 0.44
2420 0.44
2421 0.46
2422 0.49
2423 0.46
2424 0.28
2425 0.45
2426 0.42
2427 -0.26
2428 0.47
2429 -0.04
2430 -0.31
2431 0.14
2432 0.31
2433 0.26
2434 0.30
2435 0.37
2436 0.42
2437 0.43
2438 0.35
2439 0.20
2440 0.45
2441 0.21
2442 0.44
2443 0.43
2444 0.45
2445 0.47
2446 0.47
2447 -0.28
2448 0.13
2449 0.43
2450 0.38
2451 0.31
2452 0.48
2453 0.40
2454 0.48
2455 0.46
2456 0.33
2457 0.49
2458 0.38
2459 0.42
2460 0.39
2461 0.38
2462 0.42
2463 0.45
2464 0.48
2465 0.34
2466 0.28
2467 0.10
2468 0.45
2469 0.42
2470 0.44
2471 0.41
2472 0.48
2473 0.46
2474 0.44
2475 0.42
2476 0.46
2477 0.46
2478 0.25
2479 0.43
2480 0.46
2481 0.46
2482 0.45
2483 0.46
2484 0.46
2485 0.42
2486 0.44
2487 0.49
2488 0.49
2489 0.22
2490 0.43
2491 0.45
2492 0.44
2493 0.49
2494 0.42
2495 0.15
2496 0.46
2497 0.46
2498 0.49
2499 0.46
2500 0.49
2501 0.38
2502 0.46
2503 0.38
2504 0.49
2505 0.44
2506 0.32
2507 0.46
2508 0.44
2509 0.34
2510 0.37
2511 0.38
2512 0.01
2513 0.44
2514 0.46
2515 0.45
2516 0.43
2517 0.40
2518 0.39
2519 0.46
2520 0.46
2521 0.46
2522 0.26
2523 0.42
2524 0.49
2525 0.46
2526 0.36
2527 0.44
2528 0.46
2529 0.40
2530 0.40
2531 0.44
2532 0.46
2533 0.44
2534 0.49
2535 0.49
2536 0.41
2537 0.42
2538 0.49
2539 0.38
2540 0.44
2541 0.44
2542 0.31
2543 0.40
2544 0.41
2545 0.33
2546 0.49
2547 0.48
2548 0.49
2549 0.39
2550 0.42
2551 0.49
2552 0.42
2553 0.49
2554 0.30
2555 0.49
2556 0.42
2557 0.46
2558 0.48
2559 0.46
2560 0.15
2561 0.32
2562 0.41
2563 0.46
2564 0.47
2565 0.44
2566 0.40
2567 0.45
2568 0.49
2569 0.46
2570 0.42
2571 0.40
2572 0.34
2573 0.30
2574 0.41
2575 0.19
2576 0.44
2577 0.30
2578 -0.01
2579 0.22
2580 0.34
2581 0.27
2582 0.34
2583 0.38
2584 0.20
2585 0.13
2586 0.42
2587 0.42
2588 0.44
2589 0.42
2590 0.27
2591 0.43
2592 0.29
2593 0.46
2594 0.44
2595 0.33
2596 0.47
2597 0.38
2598 0.43
2599 0.42
2600 0.49
2601 0.42
2602 0.40
2603 0.46
2604 0.46
2605 0.44
2606 0.07
2607 0.31
2608 0.42
2609 0.49
2610 0.34
2611 0.49
2612 0.46
2613 0.46
2614 0.46
2615 0.36
2616 0.11
2617 0.44
2618 0.08
2619 0.40
2620 0.42
2621 0.48
2622 0.42
2623 0.46
2624 0.42
2625 0.46
2626 0.38
2627 0.36
2628 0.49
2629 0.46
2630 -0.16
2631 0.44
2632 0.30
2633 0.41
2634 0.47
2635 -0.02
2636 0.45
2637 0.46
2638 0.46
2639 -0.09
2640 0.35
2641 0.37
2642 0.42
2643 0.32
2644 0.40
2645 0.46
2646 0.44
2647 0.42
2648 0.02
2649 -0.01
2650 0.29
2651 0.34
2652 0.41
2653 0.44
2654 0.47
2655 0.13
2656 0.24
2657 0.39
2658 0.25
2659 0.30
2660 0.29
2661 0.30
2662 0.29
2663 0.39
2664 0.27
2665 0.33
2666 0.37
2667 0.39
2668 0.37
2669 -0.24
2670 0.15
2671 0.39
2672 0.42
2673 0.20
2674 0.46
2675 0.41
2676 0.43
2677 0.39
2678 0.48
2679 0.23
2680 0.34
2681 0.46
2682 0.42
2683 0.41
2684 0.49
2685 0.46
2686 0.45
2687 -0.20
2688 0.46
2689 0.44
2690 0.47
2691 0.14
2692 0.45
2693 0.41
2694 0.46
2695 0.42
2696 0.46
2697 0.34
2698 0.45
2699 0.37
2700 0.46
2701 0.44
2702 0.47
2703 0.13
2704 0.44
2705 0.39
2706 0.39
2707 0.46
2708 0.13
2709 0.35
2710 0.46
2711 0.46
2712 0.46
2713 0.46
2714 0.21
2715 0.29
2716 0.45
2717 0.05
2718 0.44
2719 0.41
2720 0.29
2721 0.40
2722 0.46
2723 0.48
2724 0.42
2725 0.45
2726 0.48
2727 0.43
2728 0.06
2729 0.44
2730 0.46
2731 0.46
2732 0.45
2733 0.45
2734 0.46
2735 0.49
2736 0.32
2737 0.44
2738 0.46
2739 0.43
2740 0.49
2741 0.09
2742 0.42
2743 0.43
2744 0.27
2745 0.14
2746 0.45
2747 -0.07
2748 -0.31
2749 0.15
2750 0.40
2751 0.27
2752 0.35
2753 0.35
2754 0.27
2755 0.37
2756 0.11
2757 0.30
2758 0.21
2759 0.34
2760 0.44
2761 0.37
2762 0.33
2763 0.36
2764 0.23
2765 0.46
2766 0.45
2767 0.32
2768 0.39
2769 0.25
2770 0.40
2771 0.47
2772 0.41
2773 0.45
2774 0.43
2775 0.42
2776 0.46
2777 0.46
2778 0.44
2779 0.42
2780 0.45
2781 0.44
2782 0.48
2783 0.49
2784 0.43
2785 0.44
2786 0.46
2787 0.46
2788 0.33
2789 0.44
2790 0.46
2791 0.35
2792 0.44
2793 0.46
2794 0.46
2795 0.40
2796 0.44
2797 0.46
2798 0.46
2799 0.40
2800 0.37
2801 0.49
2802 0.38
2803 0.42
2804 0.42
2805 -0.09
2806 0.38
2807 0.46
2808 0.44
2809 0.42
2810 0.44
2811 0.18
2812 0.49
2813 0.40
2814 0.25
2815 0.42
2816 -0.18
2817 0.42
2818 -0.03
2819 0.44
2820 -0.03
2821 0.49
2822 0.46
2823 0.39
2824 0.49
2825 0.49
2826 0.44
2827 0.46
2828 0.46
2829 0.42
2830 0.07
2831 0.49
2832 0.30
2833 0.38
2834 0.46
2835 0.17
2836 0.47
2837 -0.13
2838 0.27
2839 0.28
2840 0.40
2841 -0.24
2842 0.40
2843 0.33
2844 0.23
2845 0.39
2846 0.38
2847 0.41
2848 0.41
2849 0.39
2850 0.45
2851 0.44
2852 0.48
2853 0.44
2854 0.40
2855 0.38
2856 0.48
2857 0.44
2858 0.34
2859 0.49
2860 0.49
2861 0.49
2862 0.49
2863 0.44
2864 0.46
2865 0.38
2866 0.31
2867 0.42
2868 0.44
2869 0.44
2870 0.49
2871 0.46
2872 0.46
2873 -0.32
2874 0.42
2875 0.46
2876 0.46
2877 0.49
2878 0.40
2879 0.47
2880 0.42
2881 0.46
2882 0.46
2883 0.46
2884 0.49
2885 0.44
2886 -0.11
2887 0.49
2888 0.46
2889 0.49
2890 0.38
2891 0.46
2892 0.49
2893 0.44
2894 0.42
2895 0.42
2896 -0.07
2897 0.44
2898 0.41
2899 0.29
2900 0.47
2901 0.48
2902 0.38
2903 0.44
2904 0.42
2905 0.38
2906 0.44
2907 0.41
2908 0.44
2909 0.33
2910 0.40
2911 0.39
2912 0.43
2913 0.40
2914 0.12
2915 0.45
2916 0.35
2917 0.49
2918 0.38
2919 0.42
2920 0.46
2921 0.44
2922 0.42
2923 0.38
2924 0.49
2925 0.46
2926 0.13
2927 0.42
2928 0.44
2929 0.42
2930 0.37
2931 0.48
2932 -0.15
2933 0.36
2934 0.45
2935 0.47
2936 0.37
2937 0.46
2938 0.31
2939 0.45
2940 0.48
2941 -0.22
2942 0.36
2943 0.01
2944 0.39
2945 0.42
2946 0.36
2947 0.29
2948 0.45
2949 0.39
2950 0.36
2951 0.30
2952 0.35
2953 0.43
2954 0.41
2955 0.45
2956 0.46
2957 0.46
2958 0.41
2959 0.41
2960 0.23
2961 0.04
2962 0.40
2963 0.44
2964 0.43
2965 0.45
2966 0.46
2967 0.46
2968 0.46
2969 0.46
2970 0.16
2971 0.46
2972 0.44
2973 0.40
2974 0.33
2975 0.44
2976 0.46
2977 0.40
2978 0.41
2979 0.41
2980 0.42
2981 0.45
2982 0.41
2983 0.34
2984 0.19
2985 0.19
2986 0.42
2987 0.42
2988 0.45
2989 0.31
2990 0.38
2991 0.34
2992 0.17
2993 0.12
2994 0.30
2995 0.38
2996 0.31
2997 0.25
2998 0.40
2999 0.38
