0 299.33
30 350.00
60 286.00
90 328.67
120 282.67
150 317.33
180 288.00
210 270.00
240 270.67
270 290.67
300 306.00
330 332.67
360 306.67
390 324.00
420 324.00
450 304.67
480 308.00
510 307.33
540 338.00
570 332.00
600 319.33
630 353.33
660 325.33
690 321.33
720 337.33
750 369.33
780 351.33
810 328.67
840 332.67
870 380.67
900 367.33
930 360.67
960 372.67
990 347.33
1020 362.67
1050 370.00
1080 354.67
1110 375.33
1140 340.67
1170 351.33
1200 337.33
1230 350.67
1260 304.67
1290 393.33
1320 334.00
1350 386.00
1380 371.33
1410 324.00
1440 356.67
1470 390.67
1500 333.33
1530 324.00
1560 354.67
1590 363.33
1620 370.00
1650 338.67
1680 350.00
1710 364.67
1740 370.00
1770 378.00
1800 355.33
1830 377.33
1860 280.67
1890 340.67
1920 346.67
1950 354.67
1980 354.00
2010 336.00
2040 353.33
2070 354.00
2100 361.33
2130 374.67
2160 333.33
2190 362.67
2220 372.00
2250 349.33
2280 362.00
2310 361.33
2340 357.33
2370 373.33
2400 349.33
2430 383.33
2460 408.00
2490 360.00
2520 342.00
2550 337.33
2580 339.33
2610 372.00
2640 368.67
2670 333.33
2700 342.67
2730 356.00
2760 358.67
2790 392.67
2820 377.33
2850 306.00
2880 344.67
2910 352.00
2940 310.67
2970 354.00
