0 0.10
50 0.21
100 0.05
150 0.13
200 0.18
250 0.08
300 0.19
350 0.22
400 0.14
450 0.13
500 0.04
550 0.06
600 0.07
650 0.13
700 0.17
750 0.08
800 0.13
850 0.22
900 0.15
950 0.14
1000 0.07
1050 0.06
1100 0.28
1150 0.17
1200 0.19
1250 0.18
1300 0.22
1350 0.22
1400 0.18
1450 0.26
1500 0.02
1550 0.29
1600 0.24
1650 0.26
1700 0.20
1750 0.26
1800 0.28
1850 0.24
1900 0.32
1950 0.27
2000 0.31
2050 0.31
2100 0.32
2150 0.24
2200 0.32
2250 0.36
2300 0.26
2350 0.33
2400 0.33
2450 0.27
2500 0.30
2550 0.28
2600 0.32
2650 0.33
2700 0.24
2750 0.31
2800 0.33
2850 0.33
2900 0.36
2950 0.32
3000 0.21
3050 0.33
3100 0.30
3150 0.37
3200 0.32
3250 0.33
3300 0.29
3350 0.34
3400 0.34
3450 0.34
3500 0.35
3550 0.33
3600 0.28
3650 0.31
3700 0.32
3750 0.37
3800 0.33
3850 0.22
3900 0.33
3950 0.31
4000 0.31
4050 0.32
4100 0.22
4150 0.37
4200 0.27
4250 0.32
4300 0.33
4350 0.30
4400 0.34
4450 0.27
4500 0.33
4550 0.35
4600 0.39
4650 0.35
4700 0.37
4750 0.38
4800 0.34
4850 0.30
4900 0.35
4950 0.28
