0 0.31
1 0.34
2 0.37
3 -0.29
4 -0.22
5 0.34
6 0.35
7 -0.15
8 0.42
9 0.39
10 -0.15
11 -0.26
12 0.45
13 0.43
14 0.47
15 0.48
16 0.48
17 -0.26
18 -0.09
19 -0.20
20 0.19
21 0.44
22 -0.10
23 -0.13
24 -0.14
25 -0.22
26 -0.17
27 -0.26
28 -0.03
29 0.14
30 0.26
31 0.32
32 -0.09
33 -0.14
34 -0.17
35 0.31
36 0.38
37 0.36
38 0.43
39 0.03
40 -0.00
41 -0.32
42 0.45
43 -0.12
44 0.05
45 -0.11
46 -0.29
47 0.38
48 0.39
49 -0.37
50 -0.31
51 -0.31
52 0.34
53 -0.33
54 0.37
55 -0.06
56 -0.30
57 0.42
58 0.43
59 0.42
60 -0.29
61 0.42
62 -0.27
63 0.44
64 -0.08
65 0.36
66 -0.27
67 -0.21
68 0.37
69 0.39
70 -0.11
71 0.43
72 0.45
73 0.45
74 -0.31
75 0.05
76 0.43
77 0.46
78 -0.07
79 0.45
80 0.03
81 -0.24
82 0.45
83 0.47
84 0.49
85 0.49
86 0.07
87 0.49
88 -0.28
89 0.46
90 -0.36
91 0.14
92 0.48
93 0.38
94 -0.26
95 0.44
96 0.22
97 -0.30
98 0.43
99 0.49
100 -0.28
101 0.49
102 -0.23
103 -0.17
104 -0.16
105 0.26
106 -0.00
107 0.40
108 0.42
109 -0.30
110 0.44
111 0.46
112 -0.08
113 0.47
114 -0.21
115 -0.26
116 0.24
117 -0.23
118 0.25
119 0.40
120 -0.08
121 -0.03
122 -0.04
123 0.02
124 0.12
125 -0.23
126 0.24
127 -0.27
128 -0.23
129 -0.19
130 -0.26
131 -0.15
132 -0.18
133 -0.20
134 -0.15
135 0.14
136 -0.23
137 -0.12
138 0.32
139 -0.18
140 -0.11
141 0.29
142 -0.17
143 -0.12
144 0.38
145 -0.01
146 -0.27
147 0.28
148 0.39
149 0.40
150 -0.32
151 0.43
152 0.44
153 0.45
154 0.48
155 0.43
156 0.46
157 0.46
158 0.44
159 -0.28
160 -0.03
161 -0.19
162 0.49
163 0.46
164 -0.27
165 0.49
166 0.10
167 0.49
168 0.49
169 0.49
170 0.18
171 0.46
172 -0.23
173 0.49
174 0.49
175 -0.34
176 0.44
177 0.30
178 0.49
179 -0.26
180 0.44
181 -0.13
182 0.49
183 0.44
184 -0.31
185 0.49
186 0.15
187 0.35
188 0.48
189 -0.18
190 0.48
191 0.48
192 -0.25
193 -0.27
194 -0.31
195 -0.15
196 0.09
197 0.22
198 -0.20
199 -0.25
200 -0.17
201 0.18
202 0.15
203 -0.02
204 0.20
205 0.10
206 0.20
207 0.26
208 0.01
209 0.06
210 0.27
211 0.28
212 -0.03
213 0.14
214 0.31
215 0.30
216 0.17
217 -0.18
218 0.28
219 -0.27
220 -0.07
221 0.08
222 0.25
223 0.17
224 -0.08
225 -0.10
226 0.24
227 0.22
228 0.23
229 -0.20
230 0.28
231 0.15
232 -0.14
233 -0.16
234 -0.16
235 0.23
236 -0.09
237 0.14
238 -0.10
239 -0.06
240 0.09
241 -0.13
242 0.15
243 0.02
244 0.21
245 0.15
246 0.21
247 0.16
248 0.26
249 -0.01
250 -0.14
251 0.26
252 0.26
253 -0.01
254 -0.13
255 -0.18
256 0.21
257 -0.10
258 0.07
259 0.25
260 0.15
261 0.23
262 -0.08
263 0.26
264 -0.02
265 -0.16
266 0.12
267 0.24
268 0.24
269 0.25
270 0.08
271 0.28
272 0.25
273 0.07
274 -0.21
275 0.02
276 0.20
277 0.24
278 0.27
279 0.07
280 0.04
281 0.07
282 0.06
283 0.07
284 0.07
285 0.02
286 -0.04
287 0.10
288 0.12
289 0.09
290 0.21
291 0.20
292 0.25
293 -0.11
294 0.29
295 0.21
296 -0.25
297 -0.02
298 0.02
299 0.25
300 -0.07
301 0.27
302 0.28
303 0.31
304 -0.24
305 -0.20
306 0.20
307 0.30
308 -0.12
309 -0.14
310 -0.03
311 0.24
312 0.30
313 0.33
314 -0.20
315 0.21
316 -0.05
317 0.33
318 0.30
319 0.36
320 -0.14
321 -0.17
322 0.28
323 0.17
324 -0.22
325 -0.18
326 0.11
327 -0.12
328 -0.11
329 0.09
330 -0.08
331 0.20
332 0.23
333 -0.18
334 0.24
335 0.22
336 0.04
337 -0.15
338 0.25
339 0.18
340 0.06
341 -0.22
342 0.30
343 -0.01
344 -0.18
345 0.04
346 -0.16
347 0.11
348 -0.05
349 0.08
350 -0.08
351 0.03
352 0.18
353 -0.13
354 0.25
355 -0.03
356 0.03
357 -0.16
358 -0.08
359 -0.13
360 -0.05
361 0.17
362 -0.10
363 -0.09
364 0.10
365 -0.07
366 -0.06
367 -0.21
368 -0.11
369 0.01
370 0.03
371 0.09
372 0.09
373 -0.12
374 -0.05
375 0.07
376 -0.07
377 0.08
378 0.18
379 0.04
380 0.06
381 0.13
382 -0.14
383 0.06
384 0.10
385 -0.10
386 -0.17
387 -0.20
388 -0.02
389 0.13
390 -0.04
391 -0.18
392 0.20
393 0.18
394 0.01
395 0.11
396 -0.16
397 0.15
398 -0.10
399 0.16
400 0.07
401 0.09
402 0.10
403 0.10
404 0.12
405 0.05
406 0.11
407 0.09
408 0.14
409 0.07
410 0.03
411 0.07
412 0.17
413 0.16
414 0.15
415 -0.05
416 0.02
417 -0.16
418 -0.05
419 -0.06
420 0.11
421 0.08
422 0.15
423 0.12
424 0.07
425 -0.00
426 -0.02
427 0.00
428 0.03
429 -0.02
430 -0.06
431 0.07
432 0.01
433 0.02
434 0.07
435 -0.05
436 -0.10
437 0.02
438 0.06
439 -0.03
440 0.10
441 0.05
442 0.08
443 -0.21
444 0.03
445 0.09
446 -0.17
447 0.01
448 0.04
449 0.05
450 -0.15
451 0.04
452 -0.05
453 -0.05
454 0.03
455 -0.17
456 -0.01
457 -0.03
458 -0.06
459 -0.07
460 0.01
461 0.07
462 -0.11
463 -0.03
464 -0.04
465 -0.17
466 -0.05
467 -0.03
468 -0.05
469 -0.05
470 -0.13
471 0.03
472 0.04
473 -0.01
474 0.03
475 0.06
476 -0.01
477 -0.13
478 -0.04
479 0.05
480 0.03
481 -0.07
482 0.01
483 0.05
484 -0.01
485 0.09
486 0.13
487 0.10
488 0.05
489 0.04
490 -0.19
491 0.05
492 0.01
493 -0.12
494 -0.11
495 0.01
496 -0.01
497 -0.06
498 0.11
499 0.06
500 0.03
501 0.05
502 0.02
503 0.09
504 0.01
505 0.12
506 0.02
507 0.05
508 -0.02
509 -0.12
510 -0.01
511 -0.02
512 0.07
513 -0.04
514 -0.07
515 0.04
516 -0.02
517 0.02
518 0.00
519 -0.10
520 -0.01
521 -0.04
522 0.09
523 -0.03
524 -0.04
525 -0.00
526 0.04
527 0.02
528 -0.02
529 0.02
530 -0.02
531 -0.08
532 0.05
533 -0.10
534 -0.01
535 -0.09
536 0.05
537 0.07
538 -0.04
539 0.06
540 -0.01
541 0.04
542 0.05
543 -0.03
544 0.01
545 -0.04
546 -0.01
547 0.00
548 0.01
549 0.05
550 -0.02
551 0.06
552 -0.01
553 0.02
554 -0.10
555 0.08
556 0.06
557 0.00
558 -0.01
559 0.09
560 -0.07
561 0.04
562 0.07
563 -0.14
564 0.04
565 -0.03
566 -0.04
567 0.11
568 0.16
569 0.07
570 0.14
571 0.03
572 -0.05
573 -0.07
574 -0.03
575 0.04
576 -0.11
577 0.05
578 0.03
579 -0.05
580 0.10
581 0.12
582 0.00
583 0.11
584 0.05
585 0.06
586 0.16
587 0.05
588 -0.01
589 0.12
590 -0.27
591 0.13
592 0.09
593 -0.02
594 -0.19
595 0.07
596 -0.01
597 0.01
598 0.02
599 0.00
600 0.02
601 0.08
602 0.05
603 0.04
604 0.07
605 0.18
606 0.15
607 -0.02
608 0.05
609 0.05
610 -0.02
611 0.08
612 0.15
613 0.08
614 0.12
615 0.13
616 0.10
617 0.07
618 0.13
619 0.03
620 -0.03
621 0.08
622 0.08
623 0.10
624 0.14
625 0.19
626 0.15
627 0.17
628 0.21
629 0.23
630 0.09
631 -0.04
632 -0.01
633 0.09
634 -0.05
635 0.13
636 0.12
637 0.00
638 0.06
639 -0.08
640 -0.04
641 0.14
642 0.07
643 -0.00
644 0.05
645 0.11
646 0.17
647 -0.03
648 -0.03
649 0.11
650 -0.18
651 0.09
652 0.07
653 0.09
654 0.16
655 0.06
656 0.05
657 -0.02
658 0.02
659 0.02
660 0.07
661 0.07
662 0.03
663 0.10
664 -0.05
665 0.11
666 -0.05
667 -0.00
668 0.01
669 0.05
670 0.10
671 0.10
672 0.17
673 0.01
674 0.18
675 0.22
676 0.08
677 0.07
678 0.16
679 -0.04
680 0.04
681 0.10
682 0.12
683 0.03
684 0.11
685 0.10
686 0.24
687 0.20
688 0.06
689 0.19
690 0.06
691 0.16
692 0.20
693 0.14
694 0.03
695 0.22
696 0.15
697 -0.02
698 0.06
699 0.10
700 0.14
701 0.25
702 -0.07
703 0.14
704 0.13
705 0.20
706 0.05
707 0.16
708 0.16
709 0.18
710 -0.04
711 0.13
712 0.11
713 0.19
714 -0.01
715 0.10
716 0.03
717 0.08
718 0.06
719 0.13
720 0.02
721 -0.08
722 0.11
723 -0.05
724 -0.02
725 0.10
726 0.08
727 0.13
728 -0.02
729 0.10
730 0.01
731 0.09
732 -0.01
733 0.05
734 0.08
735 0.13
736 0.01
737 0.01
738 0.13
739 0.02
740 0.06
741 0.04
742 0.05
743 0.15
744 0.09
745 0.15
746 0.05
747 0.11
748 0.11
749 0.01
750 0.11
751 0.11
752 0.08
753 0.06
754 0.04
755 0.13
756 0.15
757 0.03
758 0.05
759 0.10
760 -0.04
761 0.09
762 0.12
763 0.03
764 0.03
765 0.16
766 0.15
767 0.07
768 0.01
769 0.03
770 0.15
771 0.19
772 0.20
773 0.19
774 0.05
775 0.11
776 0.16
777 -0.06
778 0.16
779 0.19
780 0.18
781 0.09
782 0.20
783 0.08
784 0.02
785 0.01
786 0.05
787 -0.01
788 0.06
789 0.09
790 -0.17
791 -0.10
792 0.07
793 -0.01
794 0.05
795 0.07
796 -0.05
797 -0.04
798 -0.02
799 -0.06
800 -0.05
801 -0.17
802 -0.01
803 0.14
804 -0.08
805 0.11
806 0.13
807 0.23
808 0.15
809 -0.21
810 -0.09
811 0.18
812 -0.17
813 0.12
814 -0.21
815 0.04
816 0.03
817 0.08
818 -0.21
819 -0.14
820 0.05
821 -0.30
822 0.19
823 -0.17
824 0.26
825 -0.30
826 -0.25
827 -0.08
828 0.11
829 -0.17
830 -0.10
831 0.13
832 -0.12
833 -0.09
834 -0.17
835 -0.15
836 -0.15
837 -0.05
838 -0.14
839 -0.05
840 -0.11
841 -0.03
842 0.13
843 0.02
844 0.07
845 0.13
846 0.17
847 0.11
848 0.16
849 -0.21
850 -0.22
851 -0.25
852 -0.22
853 0.13
854 0.07
855 0.10
856 -0.19
857 0.13
858 -0.04
859 0.19
860 0.20
861 -0.12
862 -0.18
863 -0.03
864 -0.28
865 -0.16
866 -0.11
867 0.01
868 -0.22
869 0.01
870 0.09
871 -0.18
872 -0.10
873 -0.06
874 0.01
875 0.08
876 -0.15
877 -0.06
878 0.09
879 -0.18
880 0.19
881 0.16
882 0.22
883 -0.25
884 0.20
885 -0.15
886 0.15
887 0.09
888 0.16
889 0.15
890 -0.08
891 0.11
892 0.01
893 -0.01
894 0.02
895 -0.25
896 -0.00
897 -0.01
898 0.24
899 0.19
900 0.20
901 0.23
902 0.15
903 -0.13
904 -0.03
905 0.18
906 0.23
907 0.23
908 -0.12
909 -0.17
910 -0.11
911 -0.01
912 -0.10
913 -0.09
914 0.05
915 -0.14
916 -0.10
917 -0.18
918 0.11
919 0.20
920 0.01
921 0.18
922 -0.05
923 -0.02
924 -0.18
925 -0.13
926 0.15
927 -0.27
928 0.15
929 -0.08
930 0.19
931 0.25
932 0.24
933 0.25
934 -0.19
935 0.16
936 -0.27
937 -0.18
938 0.28
939 0.21
940 -0.03
941 -0.07
942 0.08
943 -0.09
944 0.09
945 -0.16
946 -0.20
947 0.19
948 0.07
949 -0.25
950 0.30
951 0.33
952 0.14
953 -0.29
954 -0.04
955 0.12
956 -0.07
957 0.10
958 0.06
959 0.12
960 0.20
961 0.25
962 -0.01
963 0.18
964 -0.00
965 -0.08
966 -0.20
967 0.03
968 0.21
969 0.16
970 -0.14
971 0.08
972 -0.05
973 0.09
974 0.11
975 0.02
976 0.13
977 -0.27
978 -0.27
979 -0.12
980 -0.19
981 -0.04
982 0.02
983 -0.05
984 -0.09
985 -0.24
986 0.00
987 0.13
988 0.14
989 0.10
990 0.12
991 0.03
992 0.16
993 -0.01
994 -0.13
995 -0.25
996 0.20
997 -0.24
998 0.11
999 -0.29
1000 0.01
1001 -0.17
1002 -0.04
1003 0.13
1004 0.01
1005 0.11
1006 0.09
1007 0.04
1008 0.09
1009 -0.18
1010 -0.07
1011 -0.11
1012 -0.10
1013 -0.10
1014 -0.18
1015 0.10
1016 -0.09
1017 0.06
1018 -0.30
1019 -0.13
1020 -0.18
1021 -0.15
1022 0.10
1023 -0.04
1024 0.02
1025 -0.10
1026 -0.12
1027 -0.10
1028 0.02
1029 0.05
1030 -0.00
1031 -0.21
1032 -0.03
1033 -0.09
1034 0.14
1035 -0.17
1036 -0.09
1037 0.07
1038 0.05
1039 0.07
1040 0.04
1041 0.06
1042 0.03
1043 0.07
1044 0.02
1045 0.09
1046 -0.16
1047 -0.14
1048 -0.11
1049 0.01
1050 -0.11
1051 -0.03
1052 -0.14
1053 0.11
1054 -0.03
1055 -0.00
1056 0.03
1057 0.12
1058 0.08
1059 -0.08
1060 0.05
1061 0.09
1062 0.02
1063 -0.03
1064 -0.09
1065 0.13
1066 -0.12
1067 0.00
1068 -0.09
1069 -0.01
1070 0.09
1071 -0.11
1072 0.04
1073 -0.18
1074 -0.08
1075 0.05
1076 0.05
1077 -0.11
1078 -0.06
1079 -0.02
1080 -0.24
1081 0.05
1082 -0.06
1083 0.07
1084 0.12
1085 0.06
1086 -0.06
1087 0.02
1088 0.07
1089 0.08
1090 0.01
1091 -0.02
1092 -0.14
1093 0.08
1094 -0.03
1095 -0.04
1096 -0.05
1097 -0.19
1098 -0.04
1099 -0.06
1100 0.02
1101 0.00
1102 0.03
1103 -0.03
1104 0.00
1105 -0.12
1106 -0.04
1107 -0.07
1108 -0.15
1109 -0.02
1110 0.06
1111 0.00
1112 0.07
1113 0.01
1114 -0.19
1115 0.03
1116 -0.11
1117 -0.16
1118 -0.03
1119 0.05
1120 0.03
1121 0.01
1122 0.09
1123 0.01
1124 -0.00
1125 -0.14
1126 0.08
1127 -0.03
1128 -0.14
1129 -0.06
1130 -0.00
1131 -0.01
1132 -0.10
1133 0.01
1134 -0.15
1135 -0.12
1136 -0.06
1137 0.08
1138 0.04
1139 0.01
1140 0.06
1141 0.10
1142 0.00
1143 -0.14
1144 0.02
1145 0.01
1146 -0.03
1147 -0.00
1148 0.05
1149 -0.13
1150 -0.00
1151 0.04
1152 -0.11
1153 -0.00
1154 0.02
1155 -0.18
1156 0.09
1157 -0.07
1158 -0.16
1159 -0.16
1160 0.07
1161 -0.08
1162 0.03
1163 -0.13
1164 -0.05
1165 0.10
1166 -0.08
1167 0.04
1168 0.02
1169 -0.07
1170 0.03
1171 -0.12
1172 0.02
1173 0.10
1174 -0.16
1175 0.12
1176 -0.13
1177 -0.07
1178 -0.00
1179 0.10
1180 -0.12
1181 0.02
1182 0.04
1183 -0.14
1184 0.00
1185 -0.09
1186 0.09
1187 -0.05
1188 0.14
1189 0.14
1190 -0.10
1191 0.03
1192 0.07
1193 -0.00
1194 0.13
1195 0.06
1196 0.12
1197 -0.09
1198 0.14
1199 -0.08
1200 0.07
1201 -0.12
1202 -0.02
1203 0.02
1204 0.05
1205 0.07
1206 -0.02
1207 0.01
1208 -0.07
1209 -0.17
1210 -0.10
1211 0.00
1212 -0.05
1213 -0.12
1214 -0.16
1215 -0.01
1216 0.07
1217 -0.08
1218 -0.23
1219 0.01
1220 -0.01
1221 -0.06
1222 0.01
1223 -0.10
1224 -0.02
1225 0.06
1226 0.01
1227 -0.04
1228 -0.01
1229 0.06
1230 -0.02
1231 -0.12
1232 -0.05
1233 0.03
1234 -0.07
1235 0.02
1236 -0.03
1237 -0.01
1238 0.11
1239 -0.10
1240 -0.09
1241 -0.03
1242 -0.00
1243 0.04
1244 0.05
1245 0.04
1246 0.03
1247 0.01
1248 -0.01
1249 0.14
1250 0.05
1251 -0.01
1252 0.04
1253 0.04
1254 -0.01
1255 0.06
1256 -0.01
1257 -0.03
1258 -0.14
1259 -0.05
1260 0.03
1261 0.02
1262 -0.04
1263 -0.02
1264 -0.01
1265 -0.07
1266 -0.01
1267 0.07
1268 -0.05
1269 0.06
1270 0.10
1271 -0.17
1272 -0.03
1273 0.10
1274 -0.01
1275 0.10
1276 -0.20
1277 0.02
1278 -0.05
1279 -0.05
1280 -0.08
1281 -0.09
1282 0.06
1283 -0.06
1284 -0.18
1285 -0.14
1286 0.04
1287 0.03
1288 0.02
1289 -0.04
1290 0.10
1291 -0.11
1292 0.03
1293 0.08
1294 -0.19
1295 0.05
1296 -0.15
1297 0.01
1298 0.10
1299 -0.08
1300 0.02
1301 -0.04
1302 -0.03
1303 -0.09
1304 -0.02
1305 -0.06
1306 -0.15
1307 -0.02
1308 -0.19
1309 -0.24
1310 -0.14
1311 0.01
1312 -0.14
1313 0.03
1314 -0.03
1315 -0.07
1316 -0.07
1317 0.01
1318 -0.03
1319 -0.04
1320 -0.01
1321 -0.04
1322 0.02
1323 0.04
1324 0.00
1325 0.02
1326 0.04
1327 -0.01
1328 -0.04
1329 -0.09
1330 0.02
1331 0.01
1332 -0.00
1333 -0.07
1334 0.06
1335 -0.15
1336 0.01
1337 0.00
1338 -0.24
1339 -0.07
1340 0.01
1341 -0.07
1342 0.07
1343 0.00
1344 -0.01
1345 0.07
1346 0.14
1347 0.08
1348 0.02
1349 0.12
1350 -0.01
1351 0.03
1352 -0.16
1353 -0.01
1354 0.02
1355 0.04
1356 -0.08
1357 0.07
1358 0.04
1359 0.04
1360 -0.03
1361 -0.01
1362 -0.08
1363 0.05
1364 -0.06
1365 -0.06
1366 -0.06
1367 -0.12
1368 0.05
1369 -0.00
1370 -0.04
1371 -0.10
1372 -0.11
1373 -0.04
1374 -0.15
1375 -0.07
1376 0.07
1377 0.06
1378 0.03
1379 -0.10
1380 -0.01
1381 0.02
1382 -0.03
1383 0.02
1384 -0.04
1385 0.07
1386 0.02
1387 -0.01
1388 0.03
1389 -0.14
1390 -0.04
1391 -0.15
1392 -0.01
1393 -0.28
1394 -0.10
1395 -0.04
1396 0.04
1397 -0.03
1398 -0.01
1399 -0.00
1400 0.30
1401 0.35
1402 0.16
1403 0.32
1404 0.36
1405 0.28
1406 0.26
1407 0.20
1408 0.14
1409 0.33
1410 -0.14
1411 0.29
1412 0.32
1413 0.05
1414 0.15
1415 0.18
1416 0.25
1417 0.24
1418 0.11
1419 0.33
1420 0.20
1421 0.34
1422 0.27
1423 0.23
1424 0.06
1425 0.32
1426 0.10
1427 0.29
1428 0.32
1429 0.17
1430 0.25
1431 0.34
1432 0.25
1433 0.24
1434 0.21
1435 0.33
1436 0.15
1437 0.39
1438 0.31
1439 0.26
1440 0.22
1441 -0.03
1442 0.37
1443 0.11
1444 0.28
1445 0.20
1446 0.27
1447 -0.08
1448 0.20
1449 -0.10
1450 0.15
1451 0.20
1452 0.21
1453 0.19
1454 0.34
1455 0.28
1456 0.20
1457 0.32
1458 0.18
1459 0.23
1460 0.20
1461 0.17
1462 0.25
1463 0.26
1464 0.25
1465 0.29
1466 0.33
1467 0.34
1468 0.10
1469 0.24
1470 -0.07
1471 0.26
1472 0.33
1473 0.35
1474 0.28
1475 0.09
1476 0.33
1477 0.20
1478 0.30
1479 0.33
1480 0.36
1481 0.33
1482 0.37
1483 0.25
1484 0.33
1485 0.24
1486 0.36
1487 0.22
1488 0.28
1489 0.14
1490 0.32
1491 0.33
1492 -0.05
1493 0.34
1494 0.21
1495 0.23
1496 0.05
1497 0.08
1498 0.32
1499 -0.09
1500 0.27
1501 0.31
1502 0.20
1503 0.33
1504 0.24
1505 0.19
1506 0.18
1507 0.18
1508 0.27
1509 -0.26
1510 0.24
1511 0.30
1512 0.12
1513 0.21
1514 0.07
1515 0.23
1516 0.23
1517 0.29
1518 0.31
1519 0.32
1520 0.22
1521 0.22
1522 0.11
1523 0.28
1524 0.31
1525 0.25
1526 0.20
1527 0.26
1528 0.13
1529 0.05
1530 0.17
1531 0.07
1532 0.29
1533 0.29
1534 0.17
1535 -0.19
1536 0.13
1537 0.24
1538 0.15
1539 0.29
1540 0.28
1541 0.11
1542 0.24
1543 0.05
1544 0.27
1545 0.27
1546 0.30
1547 0.25
1548 0.19
1549 0.28
1550 0.20
1551 0.29
1552 0.34
1553 0.32
1554 0.28
1555 0.28
1556 0.28
1557 0.15
1558 0.36
1559 0.07
1560 0.30
1561 0.33
1562 0.27
1563 0.21
1564 0.29
1565 -0.21
1566 0.23
1567 0.26
1568 0.12
1569 0.28
1570 0.15
1571 0.32
1572 0.29
1573 0.30
1574 0.36
1575 0.35
1576 0.30
1577 0.12
1578 0.21
1579 0.19
1580 0.28
1581 0.00
1582 0.22
1583 0.20
1584 0.24
1585 0.17
1586 0.26
1587 0.21
1588 0.28
1589 0.30
1590 0.22
1591 0.25
1592 0.32
1593 0.17
1594 0.26
1595 0.31
1596 0.31
1597 0.22
1598 0.18
1599 0.27
1600 0.20
1601 0.26
1602 0.29
1603 0.25
1604 0.32
1605 0.27
1606 0.18
1607 0.29
1608 0.19
1609 0.16
1610 0.27
1611 0.23
1612 0.16
1613 0.20
1614 0.23
1615 0.21
1616 0.28
1617 0.30
1618 0.16
1619 0.07
1620 0.22
1621 0.26
1622 0.36
1623 0.19
1624 0.25
1625 0.16
1626 0.30
1627 0.26
1628 0.05
1629 0.14
1630 0.28
1631 0.26
1632 0.15
1633 0.20
1634 0.22
1635 0.16
1636 0.22
1637 0.09
1638 0.29
1639 0.23
1640 0.21
1641 0.23
1642 0.25
1643 -0.12
1644 0.19
1645 0.27
1646 0.29
1647 0.23
1648 0.11
1649 0.29
1650 0.26
1651 0.26
1652 0.16
1653 0.21
1654 0.15
1655 0.25
1656 0.18
1657 0.16
1658 0.20
1659 0.27
1660 0.21
1661 0.29
1662 0.29
1663 0.24
1664 0.02
1665 0.26
1666 0.29
1667 0.11
1668 0.20
1669 0.25
1670 0.30
1671 0.18
1672 0.28
1673 0.29
1674 0.33
1675 0.23
1676 0.20
1677 0.34
1678 0.29
1679 0.17
1680 0.15
1681 0.21
1682 0.25
1683 0.18
1684 0.30
1685 0.18
1686 0.20
1687 0.22
1688 0.31
1689 -0.08
1690 0.30
1691 0.08
1692 -0.01
1693 0.24
1694 0.26
1695 0.15
1696 0.24
1697 0.34
1698 0.24
1699 -0.02
1700 0.21
1701 0.22
1702 0.16
1703 0.21
1704 0.26
1705 0.19
1706 0.23
1707 0.05
1708 0.20
1709 0.26
1710 -0.09
1711 0.14
1712 0.17
1713 -0.05
1714 0.19
1715 0.17
1716 0.25
1717 0.19
1718 0.32
1719 0.18
1720 0.18
1721 0.23
1722 0.28
1723 0.29
1724 0.29
1725 0.29
1726 0.17
1727 -0.01
1728 0.21
1729 0.22
1730 0.19
1731 0.20
1732 0.19
1733 0.12
1734 0.21
1735 0.20
1736 0.04
1737 0.21
1738 0.15
1739 0.23
1740 0.32
1741 0.12
1742 0.23
1743 0.24
1744 0.23
1745 0.30
1746 0.33
1747 0.18
1748 0.28
1749 0.25
1750 -0.04
1751 0.22
1752 0.14
1753 0.27
1754 0.29
1755 0.28
1756 0.18
1757 -0.01
1758 0.21
1759 0.28
1760 0.06
1761 0.19
1762 0.25
1763 0.21
1764 0.16
1765 0.13
1766 0.16
1767 0.33
1768 0.10
1769 0.21
1770 -0.01
1771 0.19
1772 0.30
1773 -0.03
1774 0.12
1775 0.25
1776 0.33
1777 0.25
1778 0.23
1779 0.17
1780 0.35
1781 0.27
1782 0.17
1783 0.35
1784 0.31
1785 -0.16
1786 0.11
1787 0.09
1788 0.25
1789 0.25
1790 0.27
1791 0.27
1792 0.21
1793 0.28
1794 0.31
1795 0.28
1796 0.27
1797 0.29
1798 0.27
1799 0.25
1800 0.34
1801 0.38
1802 0.30
1803 0.35
1804 0.37
1805 0.22
1806 0.25
1807 0.13
1808 0.24
1809 0.33
1810 0.06
1811 0.29
1812 0.34
1813 0.29
1814 0.07
1815 0.33
1816 0.31
1817 0.38
1818 0.20
1819 0.38
1820 0.30
1821 0.36
1822 0.27
1823 0.26
1824 0.02
1825 0.32
1826 0.02
1827 0.27
1828 0.31
1829 0.14
1830 0.17
1831 0.26
1832 0.18
1833 0.28
1834 0.24
1835 0.34
1836 0.24
1837 0.07
1838 0.23
1839 0.21
1840 0.30
1841 0.02
1842 0.32
1843 -0.04
1844 0.13
1845 0.24
1846 0.32
1847 -0.03
1848 0.31
1849 -0.13
1850 0.26
1851 0.26
1852 0.15
1853 0.17
1854 0.37
1855 0.31
1856 0.30
1857 0.33
1858 0.30
1859 0.29
1860 0.25
1861 0.27
1862 0.15
1863 0.26
1864 0.35
1865 0.24
1866 0.38
1867 0.33
1868 0.12
1869 0.23
1870 -0.08
1871 0.17
1872 0.37
1873 0.30
1874 0.31
1875 0.10
1876 0.37
1877 0.12
1878 0.35
1879 0.37
1880 0.39
1881 0.40
1882 0.41
1883 -0.04
1884 0.22
1885 0.11
1886 0.39
1887 0.27
1888 0.22
1889 0.35
1890 0.42
1891 0.27
1892 -0.10
1893 0.42
1894 0.34
1895 0.27
1896 0.05
1897 0.24
1898 0.38
1899 -0.14
1900 0.26
1901 0.23
1902 0.19
1903 0.29
1904 0.39
1905 0.33
1906 0.36
1907 0.40
1908 0.40
1909 -0.31
1910 0.23
1911 0.40
1912 0.15
1913 0.23
1914 0.12
1915 0.38
1916 0.06
1917 0.32
1918 0.30
1919 0.33
1920 0.25
1921 0.39
1922 0.22
1923 0.37
1924 0.24
1925 0.21
1926 0.03
1927 0.29
1928 0.15
1929 -0.09
1930 0.23
1931 0.10
1932 0.27
1933 0.28
1934 0.18
1935 -0.23
1936 0.10
1937 0.20
1938 0.23
1939 0.32
1940 0.33
1941 0.17
1942 0.24
1943 0.14
1944 0.27
1945 0.36
1946 0.30
1947 0.27
1948 0.17
1949 0.21
1950 0.33
1951 0.23
1952 0.35
1953 0.26
1954 0.31
1955 0.12
1956 0.30
1957 0.35
1958 0.41
1959 0.16
1960 0.31
1961 0.22
1962 0.20
1963 0.22
1964 0.30
1965 -0.26
1966 0.23
1967 0.29
1968 -0.00
1969 0.28
1970 0.19
1971 0.37
1972 0.17
1973 0.21
1974 0.34
1975 0.33
1976 0.36
1977 0.11
1978 0.28
1979 0.34
1980 0.29
1981 -0.01
1982 0.29
1983 0.28
1984 0.32
1985 0.12
1986 0.23
1987 0.17
1988 0.21
1989 0.35
1990 0.28
1991 0.30
1992 0.28
1993 0.16
1994 0.26
1995 0.22
1996 0.01
1997 0.28
1998 0.16
1999 0.34
2000 0.42
2001 0.47
2002 0.42
2003 0.30
2004 0.45
2005 -0.15
2006 0.35
2007 0.07
2008 0.41
2009 0.11
2010 0.14
2011 0.37
2012 0.36
2013 0.26
2014 0.30
2015 -0.27
2016 0.31
2017 0.34
2018 0.33
2019 0.45
2020 0.37
2021 0.40
2022 0.22
2023 0.38
2024 0.38
2025 0.42
2026 0.38
2027 0.37
2028 0.31
2029 0.39
2030 0.43
2031 0.40
2032 0.42
2033 0.30
2034 0.40
2035 0.21
2036 0.34
2037 0.19
2038 0.35
2039 0.43
2040 0.04
2041 0.47
2042 0.34
2043 -0.16
2044 -0.02
2045 0.32
2046 -0.09
2047 0.34
2048 0.34
2049 0.34
2050 0.43
2051 0.45
2052 0.34
2053 0.36
2054 0.39
2055 0.25
2056 0.46
2057 0.42
2058 0.33
2059 0.48
2060 0.06
2061 0.46
2062 0.39
2063 -0.26
2064 0.39
2065 0.44
2066 0.42
2067 0.27
2068 0.31
2069 0.39
2070 0.47
2071 0.37
2072 0.45
2073 0.42
2074 0.32
2075 0.38
2076 0.48
2077 0.11
2078 0.33
2079 0.42
2080 0.40
2081 0.35
2082 0.48
2083 -0.13
2084 0.47
2085 0.47
2086 0.45
2087 0.33
2088 0.48
2089 0.33
2090 0.30
2091 0.45
2092 0.41
2093 0.37
2094 0.15
2095 0.47
2096 0.10
2097 0.39
2098 0.43
2099 0.37
2100 0.11
2101 0.40
2102 0.31
2103 0.29
2104 0.37
2105 0.38
2106 0.31
2107 0.35
2108 0.38
2109 0.38
2110 0.43
2111 0.34
2112 0.43
2113 0.25
2114 0.48
2115 0.35
2116 0.27
2117 0.47
2118 0.38
2119 0.14
2120 0.37
2121 0.05
2122 0.29
2123 0.38
2124 0.45
2125 0.26
2126 0.42
2127 0.30
2128 0.39
2129 0.41
2130 0.46
2131 0.47
2132 0.22
2133 0.39
2134 0.39
2135 0.47
2136 0.42
2137 0.32
2138 -0.29
2139 0.29
2140 0.43
2141 0.43
2142 0.42
2143 0.25
2144 0.42
2145 0.42
2146 0.32
2147 0.23
2148 0.43
2149 0.43
2150 0.48
2151 0.42
2152 0.29
2153 0.39
2154 0.43
2155 0.31
2156 0.33
2157 0.43
2158 0.43
2159 0.39
2160 0.39
2161 0.45
2162 0.42
2163 0.43
2164 0.40
2165 0.36
2166 0.33
2167 0.43
2168 0.44
2169 0.35
2170 0.48
2171 0.28
2172 0.41
2173 0.29
2174 0.39
2175 0.42
2176 0.48
2177 0.43
2178 -0.11
2179 0.35
2180 0.48
2181 0.19
2182 0.43
2183 0.38
2184 0.39
2185 0.43
2186 0.37
2187 0.42
2188 0.44
2189 0.35
2190 0.34
2191 0.38
2192 0.38
2193 0.36
2194 0.39
2195 0.35
2196 0.30
2197 0.44
2198 0.44
2199 0.17
2200 0.34
2201 0.37
2202 0.36
2203 0.44
2204 0.45
2205 0.41
2206 0.26
2207 0.31
2208 0.46
2209 0.48
2210 0.35
2211 0.26
2212 0.31
2213 0.36
2214 0.39
2215 0.42
2216 0.44
2217 0.45
2218 -0.02
2219 0.38
2220 0.41
2221 0.48
2222 0.26
2223 0.37
2224 0.42
2225 0.41
2226 0.38
2227 0.41
2228 0.42
2229 0.42
2230 0.42
2231 0.36
2232 0.37
2233 0.37
2234 0.11
2235 0.45
2236 0.32
2237 0.41
2238 0.40
2239 0.35
2240 0.29
2241 0.36
2242 -0.26
2243 0.44
2244 0.44
2245 0.45
2246 0.46
2247 0.37
2248 0.44
2249 0.28
2250 0.43
2251 0.37
2252 0.37
2253 0.40
2254 0.48
2255 0.38
2256 0.37
2257 0.31
2258 0.41
2259 0.47
2260 0.47
2261 0.41
2262 0.43
2263 0.44
2264 0.47
2265 0.42
2266 0.29
2267 0.40
2268 0.44
2269 0.47
2270 0.03
2271 0.41
2272 0.41
2273 0.46
2274 0.40
2275 0.49
2276 0.49
2277 0.45
2278 0.28
2279 0.35
2280 0.08
2281 0.36
2282 0.37
2283 0.45
2284 0.35
2285 0.29
2286 0.42
2287 0.48
2288 -0.24
2289 0.34
2290 0.31
2291 -0.09
2292 0.29
2293 0.35
2294 0.39
2295 0.39
2296 0.46
2297 0.41
2298 0.40
2299 0.39
2300 0.39
2301 0.33
2302 0.48
2303 0.17
2304 0.35
2305 0.48
2306 0.24
2307 0.37
2308 0.36
2309 -0.25
2310 0.28
2311 0.39
2312 -0.10
2313 0.30
2314 0.24
2315 0.41
2316 0.32
2317 0.44
2318 0.21
2319 0.34
2320 0.26
2321 0.38
2322 0.41
2323 0.41
2324 0.35
2325 0.39
2326 0.23
2327 0.34
2328 0.40
2329 0.39
2330 0.39
2331 0.21
2332 0.31
2333 0.40
2334 0.44
2335 -0.21
2336 0.25
2337 0.29
2338 0.39
2339 0.43
2340 -0.08
2341 0.25
2342 0.00
2343 0.34
2344 0.28
2345 0.23
2346 -0.10
2347 0.29
2348 0.26
2349 0.32
2350 0.39
2351 0.19
2352 -0.18
2353 0.30
2354 0.26
2355 0.23
2356 0.31
2357 -0.09
2358 0.09
2359 0.20
2360 0.32
2361 0.27
2362 0.39
2363 0.34
2364 0.35
2365 0.19
2366 0.30
2367 0.38
2368 0.05
2369 0.34
2370 0.32
2371 0.20
2372 0.26
2373 0.43
2374 0.41
2375 -0.11
2376 0.31
2377 0.39
2378 0.37
2379 0.43
2380 -0.21
2381 0.10
2382 0.37
2383 -0.01
2384 0.30
2385 0.26
2386 0.31
2387 0.13
2388 0.21
2389 0.40
2390 0.23
2391 0.35
2392 0.32
2393 0.28
2394 0.28
2395 0.33
2396 0.33
2397 0.34
2398 0.46
2399 0.46
2400 0.49
2401 0.44
2402 0.44
2403 0.41
2404 0.44
2405 0.44
2406 0.41
2407 0.39
2408 0.27
2409 0.42
2410 0.44
2411 0.45
2412 0.48
2413 0.19
2414 0.38
2415 0.39
2416 0.48
2417 0.37
2418 0.45
2419 0.46
2420 0.49
2421 0.40
2422 0.44
2423 0.45
2424 0.40
2425 0.38
2426 0.28
2427 0.41
2428 0.31
2429 0.37
2430 0.37
2431 0.21
2432 0.46
2433 0.42
2434 0.46
2435 0.43
2436 0.42
2437 0.45
2438 0.48
2439 0.25
2440 0.33
2441 0.42
2442 0.38
2443 0.45
2444 0.40
2445 0.48
2446 0.46
2447 0.42
2448 0.38
2449 0.36
2450 0.40
2451 0.45
2452 0.46
2453 0.49
2454 0.49
2455 0.22
2456 0.41
2457 0.13
2458 0.30
2459 0.30
2460 0.38
2461 0.38
2462 -0.29
2463 0.31
2464 0.42
2465 0.39
2466 0.32
2467 0.31
2468 0.44
2469 0.21
2470 0.35
2471 0.42
2472 0.39
2473 0.20
2474 0.15
2475 0.25
2476 0.32
2477 0.41
2478 0.43
2479 0.39
2480 0.27
2481 0.40
2482 0.38
2483 0.44
2484 0.30
2485 0.18
2486 0.40
2487 -0.24
2488 0.32
2489 0.30
2490 0.30
2491 0.31
2492 0.28
2493 0.39
2494 0.40
2495 0.37
2496 0.36
2497 0.43
2498 0.33
2499 0.28
2500 0.38
2501 0.41
2502 0.37
2503 0.47
2504 0.48
2505 0.41
2506 0.33
2507 0.38
2508 0.40
2509 0.44
2510 0.39
2511 0.46
2512 -0.20
2513 0.43
2514 0.36
2515 0.44
2516 0.39
2517 0.49
2518 0.30
2519 0.48
2520 0.44
2521 0.49
2522 0.26
2523 0.36
2524 0.41
2525 0.24
2526 0.41
2527 0.29
2528 0.44
2529 0.42
2530 0.34
2531 0.26
2532 0.44
2533 0.45
2534 0.42
2535 0.35
2536 0.43
2537 0.37
2538 -0.15
2539 -0.25
2540 0.33
2541 0.41
2542 0.27
2543 0.40
2544 0.44
2545 0.37
2546 0.42
2547 0.37
2548 0.43
2549 0.48
2550 0.35
2551 0.44
2552 0.20
2553 0.48
2554 0.39
2555 0.37
2556 0.44
2557 0.47
2558 0.44
2559 0.36
2560 0.10
2561 0.22
2562 0.41
2563 0.39
2564 0.46
2565 0.42
2566 0.44
2567 0.43
2568 0.48
2569 0.13
2570 0.47
2571 0.47
2572 0.43
2573 0.48
2574 0.47
2575 0.39
2576 0.05
2577 0.40
2578 0.44
2579 0.43
2580 0.40
2581 0.34
2582 0.40
2583 0.43
2584 0.48
2585 0.45
2586 0.40
2587 0.37
2588 0.39
2589 0.43
2590 0.46
2591 0.48
2592 0.38
2593 0.45
2594 0.48
2595 0.28
2596 0.37
2597 0.44
2598 0.35
2599 0.44
2600 0.44
2601 0.44
2602 0.49
2603 0.38
2604 0.31
2605 0.35
2606 0.44
2607 0.38
2608 0.49
2609 0.41
2610 0.44
2611 0.26
2612 0.43
2613 0.42
2614 0.28
2615 -0.15
2616 0.35
2617 0.33
2618 0.27
2619 0.10
2620 0.33
2621 0.42
2622 0.42
2623 0.38
2624 0.36
2625 0.40
2626 0.25
2627 0.47
2628 0.44
2629 0.39
2630 0.39
2631 0.43
2632 0.48
2633 0.34
2634 0.39
2635 0.43
2636 0.43
2637 0.31
2638 0.08
2639 0.34
2640 0.25
2641 0.16
2642 0.28
2643 0.23
2644 0.37
2645 0.34
2646 0.35
2647 0.34
2648 0.41
2649 0.37
2650 0.33
2651 -0.01
2652 0.29
2653 0.38
2654 0.43
2655 0.37
2656 0.36
2657 0.34
2658 0.36
2659 0.33
2660 0.40
2661 0.44
2662 0.48
2663 0.43
2664 0.34
2665 0.33
2666 0.43
2667 0.43
2668 0.48
2669 0.48
2670 0.38
2671 0.23
2672 0.32
2673 0.35
2674 0.35
2675 0.44
2676 0.47
2677 0.48
2678 0.40
2679 0.37
2680 0.41
2681 0.36
2682 0.48
2683 0.46
2684 0.45
2685 0.48
2686 0.44
2687 0.45
2688 0.46
2689 0.41
2690 0.42
2691 0.35
2692 0.45
2693 0.22
2694 0.41
2695 0.38
2696 0.34
2697 0.42
2698 0.37
2699 0.40
2700 0.42
2701 0.48
2702 0.44
2703 0.49
2704 0.40
2705 0.44
2706 0.32
2707 0.44
2708 -0.24
2709 0.46
2710 0.46
2711 0.43
2712 0.38
2713 0.48
2714 0.45
2715 0.40
2716 0.47
2717 0.43
2718 0.45
2719 0.45
2720 0.45
2721 0.42
2722 0.45
2723 0.41
2724 0.41
2725 0.40
2726 0.44
2727 0.48
2728 -0.20
2729 0.33
2730 0.35
2731 0.33
2732 0.43
2733 0.16
2734 -0.20
2735 0.24
2736 0.31
2737 0.25
2738 0.35
2739 0.35
2740 0.38
2741 0.29
2742 0.35
2743 0.39
2744 0.38
2745 0.44
2746 0.38
2747 0.40
2748 0.31
2749 0.46
2750 0.44
2751 0.42
2752 0.37
2753 0.44
2754 0.43
2755 0.42
2756 0.44
2757 0.42
2758 0.06
2759 0.47
2760 0.41
2761 0.34
2762 0.43
2763 0.43
2764 0.09
2765 0.40
2766 0.33
2767 0.33
2768 0.34
2769 0.06
2770 0.41
2771 0.33
2772 0.25
2773 0.35
2774 0.42
2775 0.46
2776 0.32
2777 0.29
2778 0.37
2779 0.40
2780 0.20
2781 0.36
2782 0.40
2783 0.43
2784 0.28
2785 0.45
2786 0.28
2787 0.41
2788 0.47
2789 0.39
2790 0.44
2791 0.48
2792 0.32
2793 0.38
2794 0.40
2795 0.39
2796 0.40
2797 0.31
2798 0.44
2799 0.36
2800 0.44
2801 0.41
2802 0.48
2803 0.38
2804 0.35
2805 0.31
2806 0.43
2807 0.31
2808 0.47
2809 0.28
2810 0.43
2811 0.19
2812 0.41
2813 0.41
2814 0.29
2815 -0.13
2816 0.35
2817 0.35
2818 0.29
2819 0.14
2820 0.38
2821 0.44
2822 0.43
2823 0.39
2824 0.33
2825 0.41
2826 0.36
2827 0.48
2828 0.44
2829 0.39
2830 0.39
2831 0.44
2832 0.48
2833 0.34
2834 0.38
2835 0.44
2836 0.42
2837 0.29
2838 0.17
2839 0.37
2840 0.30
2841 0.22
2842 0.33
2843 0.26
2844 0.40
2845 0.37
2846 0.37
2847 0.35
2848 0.41
2849 0.37
2850 0.34
2851 0.04
2852 0.30
2853 0.40
2854 0.44
2855 0.35
2856 0.36
2857 0.32
2858 0.29
2859 0.32
2860 0.39
2861 0.44
2862 0.44
2863 0.41
2864 0.37
2865 0.41
2866 0.46
2867 0.42
2868 0.48
2869 0.48
2870 0.39
2871 0.04
2872 0.32
2873 0.32
2874 0.42
2875 0.45
2876 0.48
2877 0.48
2878 0.40
2879 0.38
2880 0.42
2881 0.40
2882 0.48
2883 0.46
2884 0.45
2885 0.48
2886 0.41
2887 0.42
2888 0.46
2889 0.42
2890 0.41
2891 0.29
2892 0.44
2893 0.27
2894 0.39
2895 0.41
2896 0.39
2897 0.43
2898 0.39
2899 0.40
2900 0.44
2901 0.48
2902 0.44
2903 0.49
2904 0.43
2905 0.45
2906 0.33
2907 0.45
2908 -0.24
2909 0.46
2910 0.46
2911 0.44
2912 0.40
2913 0.48
2914 0.46
2915 0.39
2916 0.47
2917 0.40
2918 0.45
2919 0.45
2920 0.45
2921 0.41
2922 0.45
2923 0.43
2924 0.40
2925 0.42
2926 0.46
2927 0.48
2928 -0.21
2929 0.38
2930 0.38
2931 0.36
2932 0.45
2933 0.23
2934 -0.19
2935 0.30
2936 0.28
2937 0.32
2938 0.35
2939 0.37
2940 0.37
2941 0.28
2942 0.26
2943 0.37
2944 0.36
2945 0.42
2946 0.37
2947 0.39
2948 0.34
2949 0.46
2950 0.45
2951 0.41
2952 0.36
2953 0.43
2954 0.44
2955 0.39
2956 0.44
2957 0.43
2958 0.09
2959 0.46
2960 0.40
2961 0.33
2962 0.43
2963 0.43
2964 0.07
2965 0.40
2966 0.26
2967 0.37
2968 0.35
2969 0.10
2970 0.44
2971 0.35
2972 0.28
2973 0.37
2974 0.41
2975 0.46
2976 0.22
2977 0.32
2978 0.34
2979 0.41
2980 0.18
2981 0.33
2982 0.38
2983 0.38
2984 0.28
2985 0.43
2986 0.25
2987 0.39
2988 0.44
2989 0.35
2990 0.41
2991 0.44
2992 0.33
2993 0.38
2994 0.40
2995 0.34
2996 0.37
2997 0.40
2998 0.44
2999 0.36
