0 126.00
30 264.67
60 190.00
90 259.33
120 284.67
150 288.00
180 300.00
210 238.00
240 272.67
270 290.00
300 294.67
330 314.00
360 291.33
390 267.33
420 224.67
450 238.00
480 306.67
510 322.00
540 337.33
570 330.00
600 296.67
630 258.00
660 349.33
690 300.67
720 334.00
750 343.33
780 328.67
810 361.33
840 331.33
870 337.33
900 335.33
930 323.33
960 334.00
990 324.67
1020 302.00
1050 276.00
1080 324.67
1110 350.00
1140 331.33
1170 385.33
1200 344.00
1230 279.33
1260 258.00
1290 343.33
1320 340.67
1350 374.00
1380 330.00
1410 319.33
1440 294.67
1470 284.67
1500 318.67
1530 357.33
1560 344.67
1590 379.33
1620 338.67
1650 346.00
1680 367.33
1710 357.33
1740 350.00
1770 352.67
1800 322.00
1830 345.33
1860 302.00
1890 348.67
1920 345.33
1950 372.00
1980 356.67
2010 349.33
2040 316.00
2070 356.00
2100 368.67
2130 329.33
2160 339.33
2190 306.67
2220 358.00
2250 364.67
2280 346.67
2310 358.67
2340 337.33
2370 366.67
2400 326.00
2430 366.67
2460 348.00
2490 323.33
2520 389.33
2550 360.67
2580 351.33
2610 328.00
2640 350.67
2670 358.67
2700 394.67
2730 372.67
2760 372.00
2790 331.33
2820 328.00
2850 342.67
2880 356.67
2910 348.00
2940 394.00
2970 363.33
