0 0.01
30 0.24
60 0.19
90 0.04
120 -0.01
150 0.19
180 0.26
210 0.16
240 0.06
270 0.08
300 0.25
330 0.09
360 0.16
390 -0.04
420 0.20
450 0.19
480 0.30
510 0.24
540 0.23
570 0.04
600 0.15
630 0.28
660 0.15
690 0.12
720 0.06
750 0.17
780 0.30
810 0.03
840 0.22
870 0.07
900 0.14
930 0.17
960 0.26
990 0.23
1020 0.05
1050 -0.04
1080 0.15
1110 0.16
1140 0.13
1170 0.19
1200 0.02
1230 0.09
1260 0.26
1290 0.18
1320 0.38
1350 0.24
1380 -0.06
1410 0.09
1440 0.27
1470 0.14
1500 0.08
1530 0.30
1560 0.16
1590 0.07
1620 0.12
1650 0.29
1680 0.09
1710 0.23
1740 0.02
1770 0.24
1800 0.09
1830 0.26
1860 0.32
1890 0.17
1920 0.19
1950 0.26
1980 0.29
2010 0.27
2040 0.32
2070 0.31
2100 0.33
2130 0.29
2160 0.33
2190 0.27
2220 0.33
2250 0.29
2280 0.27
2310 0.32
2340 0.33
2370 0.28
2400 0.33
2430 0.30
2460 0.28
2490 0.34
2520 0.28
2550 0.29
2580 0.30
2610 0.28
2640 0.32
2670 0.35
2700 0.28
2730 0.34
2760 0.31
2790 0.30
2820 0.27
2850 0.33
2880 0.36
2910 0.31
2940 0.33
2970 0.26
