0 160.00
1 220.00
2 340.00
3 220.00
4 260.00
5 240.00
6 240.00
7 220.00
8 220.00
9 220.00
10 420.00
11 220.00
12 500.00
13 220.00
14 240.00
15 240.00
16 240.00
17 240.00
18 220.00
19 220.00
20 240.00
21 240.00
22 420.00
23 240.00
24 240.00
25 480.00
26 320.00
27 240.00
28 240.00
29 240.00
30 240.00
31 240.00
32 240.00
33 240.00
34 240.00
35 240.00
36 240.00
37 220.00
38 280.00
39 240.00
40 220.00
41 240.00
42 220.00
43 240.00
44 240.00
45 500.00
46 200.00
47 240.00
48 500.00
49 440.00
50 460.00
51 460.00
52 500.00
53 240.00
54 240.00
55 240.00
56 500.00
57 240.00
58 480.00
59 480.00
60 480.00
61 240.00
62 240.00
63 240.00
64 240.00
65 240.00
66 260.00
67 240.00
68 240.00
69 240.00
70 220.00
71 240.00
72 240.00
73 460.00
74 240.00
75 240.00
76 220.00
77 500.00
78 240.00
79 240.00
80 260.00
81 240.00
82 240.00
83 240.00
84 220.00
85 480.00
86 200.00
87 240.00
88 240.00
89 480.00
90 460.00
91 240.00
92 220.00
93 220.00
94 220.00
95 240.00
96 240.00
97 500.00
98 220.00
99 240.00
100 240.00
101 200.00
102 240.00
103 500.00
104 240.00
105 240.00
106 240.00
107 220.00
108 200.00
109 240.00
110 260.00
111 220.00
112 460.00
113 240.00
114 480.00
115 440.00
116 240.00
117 480.00
118 240.00
119 460.00
120 220.00
121 220.00
122 240.00
123 240.00
124 240.00
125 200.00
126 240.00
127 240.00
128 460.00
129 220.00
130 440.00
131 440.00
132 340.00
133 460.00
134 240.00
135 220.00
136 240.00
137 240.00
138 260.00
139 340.00
140 240.00
141 240.00
142 240.00
143 280.00
144 220.00
145 500.00
146 240.00
147 500.00
148 240.00
149 240.00
150 240.00
151 200.00
152 240.00
153 240.00
154 240.00
155 220.00
156 240.00
157 460.00
158 240.00
159 480.00
160 240.00
161 240.00
162 220.00
163 220.00
164 240.00
165 240.00
166 200.00
167 240.00
168 480.00
169 500.00
170 220.00
171 220.00
172 240.00
173 220.00
174 220.00
175 300.00
176 320.00
177 220.00
178 220.00
179 220.00
180 240.00
181 340.00
182 260.00
183 500.00
184 380.00
185 460.00
186 460.00
187 480.00
188 220.00
189 480.00
190 240.00
191 300.00
192 240.00
193 220.00
194 480.00
195 240.00
196 240.00
197 220.00
198 240.00
199 240.00
200 220.00
201 460.00
202 260.00
203 240.00
204 240.00
205 240.00
206 220.00
207 220.00
208 320.00
209 220.00
210 240.00
211 420.00
212 200.00
213 360.00
214 260.00
215 240.00
216 220.00
217 440.00
218 400.00
219 400.00
220 220.00
221 300.00
222 360.00
223 440.00
224 260.00
225 380.00
226 380.00
227 240.00
228 240.00
229 400.00
230 240.00
231 200.00
232 300.00
233 380.00
234 320.00
235 380.00
236 300.00
237 240.00
238 420.00
239 400.00
240 320.00
241 320.00
242 260.00
243 220.00
244 220.00
245 420.00
246 460.00
247 440.00
248 240.00
249 480.00
250 320.00
251 380.00
252 420.00
253 240.00
254 400.00
255 220.00
256 300.00
257 440.00
258 240.00
259 440.00
260 400.00
261 480.00
262 420.00
263 240.00
264 360.00
265 240.00
266 240.00
267 180.00
268 380.00
269 460.00
270 360.00
271 240.00
272 400.00
273 300.00
274 240.00
275 180.00
276 180.00
277 480.00
278 400.00
279 400.00
280 400.00
281 220.00
282 260.00
283 440.00
284 340.00
285 420.00
286 420.00
287 360.00
288 220.00
289 340.00
290 260.00
291 300.00
292 220.00
293 240.00
294 320.00
295 220.00
296 280.00
297 340.00
298 280.00
299 480.00
300 240.00
301 440.00
302 500.00
303 460.00
304 240.00
305 240.00
306 300.00
307 340.00
308 220.00
309 240.00
310 360.00
311 200.00
312 300.00
313 460.00
314 300.00
315 240.00
316 180.00
317 200.00
318 200.00
319 320.00
320 340.00
321 240.00
322 220.00
323 180.00
324 180.00
325 160.00
326 180.00
327 160.00
328 240.00
329 180.00
330 360.00
331 160.00
332 240.00
333 380.00
334 220.00
335 320.00
336 340.00
337 460.00
338 140.00
339 380.00
340 180.00
341 240.00
342 360.00
343 160.00
344 160.00
345 140.00
346 380.00
347 120.00
348 320.00
349 200.00
350 440.00
351 360.00
352 500.00
353 500.00
354 260.00
355 400.00
356 220.00
357 220.00
358 440.00
359 500.00
360 280.00
361 240.00
362 380.00
363 380.00
364 240.00
365 220.00
366 220.00
367 460.00
368 240.00
369 340.00
370 480.00
371 440.00
372 180.00
373 220.00
374 220.00
375 280.00
376 200.00
377 200.00
378 200.00
379 240.00
380 200.00
381 480.00
382 220.00
383 440.00
384 240.00
385 200.00
386 240.00
387 220.00
388 220.00
389 200.00
390 240.00
391 320.00
392 200.00
393 200.00
394 220.00
395 140.00
396 380.00
397 200.00
398 260.00
399 240.00
400 420.00
401 240.00
402 260.00
403 420.00
404 240.00
405 200.00
406 220.00
407 420.00
408 200.00
409 300.00
410 240.00
411 400.00
412 420.00
413 240.00
414 220.00
415 460.00
416 220.00
417 340.00
418 460.00
419 340.00
420 280.00
421 280.00
422 340.00
423 200.00
424 400.00
425 460.00
426 220.00
427 320.00
428 260.00
429 420.00
430 280.00
431 280.00
432 400.00
433 240.00
434 360.00
435 320.00
436 360.00
437 320.00
438 340.00
439 280.00
440 200.00
441 440.00
442 380.00
443 400.00
444 220.00
445 220.00
446 440.00
447 220.00
448 320.00
449 440.00
450 460.00
451 480.00
452 400.00
453 400.00
454 340.00
455 300.00
456 400.00
457 360.00
458 240.00
459 420.00
460 380.00
461 220.00
462 320.00
463 480.00
464 360.00
465 440.00
466 340.00
467 400.00
468 200.00
469 420.00
470 260.00
471 460.00
472 240.00
473 360.00
474 200.00
475 340.00
476 420.00
477 200.00
478 440.00
479 240.00
480 460.00
481 240.00
482 440.00
483 420.00
484 420.00
485 240.00
486 240.00
487 340.00
488 320.00
489 500.00
490 340.00
491 420.00
492 220.00
493 400.00
494 320.00
495 460.00
496 340.00
497 360.00
498 220.00
499 220.00
500 220.00
501 360.00
502 500.00
503 440.00
504 340.00
505 200.00
506 220.00
507 320.00
508 180.00
509 360.00
510 420.00
511 420.00
512 400.00
513 420.00
514 260.00
515 400.00
516 440.00
517 440.00
518 300.00
519 400.00
520 220.00
521 480.00
522 420.00
523 440.00
524 360.00
525 380.00
526 480.00
527 260.00
528 380.00
529 260.00
530 440.00
531 420.00
532 420.00
533 340.00
534 460.00
535 400.00
536 500.00
537 400.00
538 400.00
539 300.00
540 420.00
541 400.00
542 220.00
543 200.00
544 240.00
545 260.00
546 220.00
547 440.00
548 380.00
549 240.00
550 240.00
551 420.00
552 400.00
553 240.00
554 360.00
555 360.00
556 460.00
557 360.00
558 340.00
559 420.00
560 340.00
561 220.00
562 480.00
563 320.00
564 360.00
565 200.00
566 380.00
567 440.00
568 380.00
569 420.00
570 320.00
571 340.00
572 360.00
573 280.00
574 300.00
575 400.00
576 240.00
577 460.00
578 160.00
579 440.00
580 420.00
581 500.00
582 420.00
583 380.00
584 240.00
585 480.00
586 440.00
587 420.00
588 440.00
589 240.00
590 220.00
591 320.00
592 180.00
593 280.00
594 200.00
595 200.00
596 200.00
597 280.00
598 280.00
599 180.00
600 220.00
601 340.00
602 180.00
603 300.00
604 320.00
605 320.00
606 360.00
607 240.00
608 380.00
609 200.00
610 340.00
611 220.00
612 340.00
613 400.00
614 360.00
615 380.00
616 380.00
617 460.00
618 180.00
619 460.00
620 220.00
621 440.00
622 220.00
623 220.00
624 480.00
625 320.00
626 460.00
627 440.00
628 380.00
629 240.00
630 360.00
631 240.00
632 480.00
633 400.00
634 480.00
635 400.00
636 440.00
637 200.00
638 440.00
639 460.00
640 440.00
641 440.00
642 440.00
643 460.00
644 440.00
645 480.00
646 220.00
647 440.00
648 160.00
649 440.00
650 440.00
651 180.00
652 280.00
653 400.00
654 240.00
655 460.00
656 240.00
657 220.00
658 460.00
659 220.00
660 440.00
661 420.00
662 440.00
663 420.00
664 400.00
665 200.00
666 420.00
667 440.00
668 460.00
669 220.00
670 440.00
671 420.00
672 420.00
673 360.00
674 440.00
675 460.00
676 400.00
677 260.00
678 300.00
679 400.00
680 440.00
681 440.00
682 200.00
683 440.00
684 200.00
685 320.00
686 400.00
687 400.00
688 440.00
689 440.00
690 400.00
691 420.00
692 440.00
693 240.00
694 360.00
695 420.00
696 360.00
697 200.00
698 380.00
699 440.00
700 280.00
701 480.00
702 460.00
703 420.00
704 420.00
705 360.00
706 460.00
707 300.00
708 440.00
709 240.00
710 420.00
711 360.00
712 460.00
713 200.00
714 180.00
715 180.00
716 440.00
717 380.00
718 440.00
719 400.00
720 320.00
721 440.00
722 400.00
723 420.00
724 340.00
725 400.00
726 420.00
727 260.00
728 420.00
729 420.00
730 420.00
731 420.00
732 180.00
733 240.00
734 440.00
735 200.00
736 420.00
737 380.00
738 240.00
739 460.00
740 380.00
741 340.00
742 200.00
743 400.00
744 360.00
745 200.00
746 480.00
747 240.00
748 440.00
749 440.00
750 260.00
751 480.00
752 380.00
753 400.00
754 200.00
755 200.00
756 440.00
757 180.00
758 400.00
759 400.00
760 220.00
761 200.00
762 460.00
763 420.00
764 400.00
765 420.00
766 240.00
767 380.00
768 380.00
769 440.00
770 340.00
771 320.00
772 420.00
773 280.00
774 180.00
775 400.00
776 440.00
777 480.00
778 460.00
779 380.00
780 260.00
781 420.00
782 300.00
783 220.00
784 320.00
785 360.00
786 460.00
787 420.00
788 280.00
789 320.00
790 420.00
791 280.00
792 380.00
793 220.00
794 400.00
795 280.00
796 180.00
797 380.00
798 240.00
799 460.00
800 240.00
801 340.00
802 460.00
803 200.00
804 160.00
805 180.00
806 220.00
807 400.00
808 420.00
809 220.00
810 140.00
811 260.00
812 200.00
813 400.00
814 360.00
815 380.00
816 160.00
817 180.00
818 220.00
819 300.00
820 380.00
821 460.00
822 440.00
823 140.00
824 380.00
825 320.00
826 380.00
827 360.00
828 480.00
829 380.00
830 300.00
831 420.00
832 380.00
833 360.00
834 360.00
835 400.00
836 200.00
837 280.00
838 500.00
839 420.00
840 440.00
841 400.00
842 420.00
843 220.00
844 380.00
845 420.00
846 480.00
847 400.00
848 240.00
849 200.00
850 460.00
851 400.00
852 300.00
853 240.00
854 400.00
855 280.00
856 340.00
857 440.00
858 420.00
859 440.00
860 200.00
861 400.00
862 440.00
863 200.00
864 280.00
865 180.00
866 360.00
867 480.00
868 280.00
869 320.00
870 440.00
871 420.00
872 380.00
873 440.00
874 420.00
875 400.00
876 400.00
877 380.00
878 440.00
879 400.00
880 420.00
881 260.00
882 380.00
883 500.00
884 200.00
885 480.00
886 220.00
887 380.00
888 360.00
889 420.00
890 380.00
891 380.00
892 460.00
893 400.00
894 420.00
895 280.00
896 400.00
897 200.00
898 320.00
899 220.00
900 400.00
901 440.00
902 220.00
903 500.00
904 240.00
905 380.00
906 420.00
907 400.00
908 420.00
909 200.00
910 340.00
911 220.00
912 500.00
913 220.00
914 460.00
915 240.00
916 500.00
917 400.00
918 420.00
919 280.00
920 220.00
921 380.00
922 220.00
923 380.00
924 300.00
925 200.00
926 400.00
927 380.00
928 160.00
929 360.00
930 360.00
931 280.00
932 380.00
933 200.00
934 180.00
935 320.00
936 240.00
937 460.00
938 140.00
939 460.00
940 420.00
941 380.00
942 240.00
943 420.00
944 480.00
945 240.00
946 260.00
947 220.00
948 280.00
949 400.00
950 180.00
951 380.00
952 480.00
953 160.00
954 320.00
955 320.00
956 360.00
957 480.00
958 480.00
959 220.00
960 420.00
961 460.00
962 300.00
963 400.00
964 460.00
965 220.00
966 440.00
967 440.00
968 420.00
969 360.00
970 340.00
971 240.00
972 440.00
973 340.00
974 260.00
975 280.00
976 340.00
977 360.00
978 360.00
979 380.00
980 340.00
981 260.00
982 360.00
983 200.00
984 300.00
985 220.00
986 320.00
987 220.00
988 160.00
989 180.00
990 320.00
991 180.00
992 440.00
993 340.00
994 420.00
995 360.00
996 380.00
997 400.00
998 460.00
999 440.00
1000 240.00
1001 380.00
1002 180.00
1003 420.00
1004 420.00
1005 360.00
1006 140.00
1007 360.00
1008 300.00
1009 440.00
1010 420.00
1011 420.00
1012 260.00
1013 340.00
1014 300.00
1015 300.00
1016 380.00
1017 460.00
1018 240.00
1019 400.00
1020 460.00
1021 420.00
1022 380.00
1023 360.00
1024 460.00
1025 180.00
1026 200.00
1027 360.00
1028 240.00
1029 420.00
1030 360.00
1031 460.00
1032 120.00
1033 160.00
1034 480.00
1035 420.00
1036 280.00
1037 380.00
1038 200.00
1039 100.00
1040 400.00
1041 360.00
1042 200.00
1043 460.00
1044 480.00
1045 440.00
1046 220.00
1047 360.00
1048 360.00
1049 340.00
1050 380.00
1051 460.00
1052 200.00
1053 320.00
1054 240.00
1055 440.00
1056 220.00
1057 120.00
1058 340.00
1059 400.00
1060 400.00
1061 260.00
1062 380.00
1063 400.00
1064 240.00
1065 280.00
1066 320.00
1067 380.00
1068 200.00
1069 400.00
1070 280.00
1071 500.00
1072 400.00
1073 300.00
1074 440.00
1075 420.00
1076 440.00
1077 400.00
1078 420.00
1079 420.00
1080 420.00
1081 420.00
1082 440.00
1083 380.00
1084 120.00
1085 420.00
1086 440.00
1087 460.00
1088 420.00
1089 420.00
1090 200.00
1091 480.00
1092 440.00
1093 440.00
1094 480.00
1095 440.00
1096 440.00
1097 180.00
1098 380.00
1099 260.00
1100 400.00
1101 220.00
1102 360.00
1103 400.00
1104 180.00
1105 420.00
1106 380.00
1107 400.00
1108 400.00
1109 420.00
1110 440.00
1111 420.00
1112 260.00
1113 460.00
1114 160.00
1115 400.00
1116 320.00
1117 420.00
1118 420.00
1119 380.00
1120 400.00
1121 380.00
1122 180.00
1123 380.00
1124 160.00
1125 240.00
1126 360.00
1127 460.00
1128 360.00
1129 380.00
1130 280.00
1131 420.00
1132 460.00
1133 300.00
1134 420.00
1135 420.00
1136 460.00
1137 380.00
1138 340.00
1139 220.00
1140 160.00
1141 240.00
1142 220.00
1143 380.00
1144 420.00
1145 400.00
1146 420.00
1147 440.00
1148 440.00
1149 220.00
1150 400.00
1151 180.00
1152 400.00
1153 320.00
1154 200.00
1155 460.00
1156 420.00
1157 440.00
1158 220.00
1159 320.00
1160 320.00
1161 140.00
1162 460.00
1163 440.00
1164 420.00
1165 360.00
1166 420.00
1167 420.00
1168 220.00
1169 400.00
1170 380.00
1171 440.00
1172 300.00
1173 380.00
1174 400.00
1175 360.00
1176 380.00
1177 400.00
1178 260.00
1179 380.00
1180 500.00
1181 200.00
1182 480.00
1183 400.00
1184 460.00
1185 380.00
1186 380.00
1187 380.00
1188 440.00
1189 420.00
1190 380.00
1191 220.00
1192 500.00
1193 460.00
1194 460.00
1195 400.00
1196 400.00
1197 440.00
1198 360.00
1199 500.00
1200 440.00
1201 180.00
1202 480.00
1203 460.00
1204 200.00
1205 360.00
1206 380.00
1207 400.00
1208 460.00
1209 380.00
1210 260.00
1211 400.00
1212 380.00
1213 140.00
1214 440.00
1215 220.00
1216 420.00
1217 460.00
1218 360.00
1219 280.00
1220 380.00
1221 260.00
1222 140.00
1223 220.00
1224 220.00
1225 400.00
1226 220.00
1227 440.00
1228 420.00
1229 440.00
1230 220.00
1231 180.00
1232 200.00
1233 360.00
1234 320.00
1235 420.00
1236 320.00
1237 420.00
1238 220.00
1239 100.00
1240 420.00
1241 420.00
1242 260.00
1243 160.00
1244 340.00
1245 380.00
1246 420.00
1247 240.00
1248 340.00
1249 400.00
1250 320.00
1251 440.00
1252 120.00
1253 420.00
1254 420.00
1255 420.00
1256 240.00
1257 340.00
1258 280.00
1259 420.00
1260 460.00
1261 200.00
1262 360.00
1263 460.00
1264 460.00
1265 420.00
1266 440.00
1267 260.00
1268 160.00
1269 420.00
1270 420.00
1271 380.00
1272 420.00
1273 280.00
1274 220.00
1275 400.00
1276 120.00
1277 360.00
1278 420.00
1279 380.00
1280 120.00
1281 200.00
1282 260.00
1283 220.00
1284 440.00
1285 380.00
1286 360.00
1287 360.00
1288 260.00
1289 460.00
1290 200.00
1291 380.00
1292 400.00
1293 400.00
1294 340.00
1295 440.00
1296 240.00
1297 260.00
1298 420.00
1299 340.00
1300 160.00
1301 460.00
1302 220.00
1303 320.00
1304 180.00
1305 440.00
1306 340.00
1307 320.00
1308 340.00
1309 340.00
1310 300.00
1311 420.00
1312 380.00
1313 420.00
1314 380.00
1315 240.00
1316 240.00
1317 180.00
1318 140.00
1319 380.00
1320 400.00
1321 160.00
1322 320.00
1323 400.00
1324 400.00
1325 380.00
1326 380.00
1327 380.00
1328 220.00
1329 340.00
1330 240.00
1331 420.00
1332 400.00
1333 400.00
1334 400.00
1335 420.00
1336 440.00
1337 240.00
1338 400.00
1339 260.00
1340 400.00
1341 220.00
1342 500.00
1343 460.00
1344 440.00
1345 420.00
1346 240.00
1347 360.00
1348 420.00
1349 360.00
1350 320.00
1351 360.00
1352 460.00
1353 420.00
1354 160.00
1355 400.00
1356 440.00
1357 220.00
1358 500.00
1359 500.00
1360 200.00
1361 260.00
1362 400.00
1363 220.00
1364 220.00
1365 460.00
1366 440.00
1367 320.00
1368 320.00
1369 380.00
1370 460.00
1371 180.00
1372 360.00
1373 400.00
1374 480.00
1375 380.00
1376 300.00
1377 420.00
1378 240.00
1379 380.00
1380 360.00
1381 340.00
1382 420.00
1383 320.00
1384 400.00
1385 340.00
1386 460.00
1387 180.00
1388 400.00
1389 380.00
1390 440.00
1391 400.00
1392 320.00
1393 240.00
1394 420.00
1395 300.00
1396 200.00
1397 420.00
1398 300.00
1399 400.00
1400 360.00
1401 360.00
1402 360.00
1403 380.00
1404 400.00
1405 360.00
1406 420.00
1407 360.00
1408 380.00
1409 460.00
1410 360.00
1411 460.00
1412 140.00
1413 400.00
1414 480.00
1415 420.00
1416 200.00
1417 420.00
1418 380.00
1419 340.00
1420 400.00
1421 460.00
1422 500.00
1423 440.00
1424 420.00
1425 200.00
1426 380.00
1427 200.00
1428 360.00
1429 380.00
1430 380.00
1431 220.00
1432 420.00
1433 380.00
1434 220.00
1435 420.00
1436 360.00
1437 420.00
1438 280.00
1439 420.00
1440 400.00
1441 340.00
1442 360.00
1443 220.00
1444 360.00
1445 440.00
1446 180.00
1447 240.00
1448 260.00
1449 380.00
1450 420.00
1451 340.00
1452 340.00
1453 320.00
1454 380.00
1455 460.00
1456 340.00
1457 240.00
1458 380.00
1459 220.00
1460 200.00
1461 360.00
1462 300.00
1463 380.00
1464 220.00
1465 460.00
1466 460.00
1467 360.00
1468 260.00
1469 360.00
1470 200.00
1471 180.00
1472 360.00
1473 340.00
1474 440.00
1475 480.00
1476 340.00
1477 400.00
1478 420.00
1479 400.00
1480 380.00
1481 420.00
1482 420.00
1483 420.00
1484 460.00
1485 420.00
1486 440.00
1487 280.00
1488 400.00
1489 420.00
1490 260.00
1491 280.00
1492 420.00
1493 400.00
1494 320.00
1495 400.00
1496 420.00
1497 360.00
1498 380.00
1499 360.00
1500 160.00
1501 420.00
1502 380.00
1503 420.00
1504 340.00
1505 380.00
1506 420.00
1507 380.00
1508 360.00
1509 120.00
1510 280.00
1511 240.00
1512 360.00
1513 420.00
1514 340.00
1515 400.00
1516 200.00
1517 360.00
1518 400.00
1519 360.00
1520 320.00
1521 460.00
1522 420.00
1523 340.00
1524 400.00
1525 300.00
1526 260.00
1527 380.00
1528 100.00
1529 140.00
1530 380.00
1531 420.00
1532 380.00
1533 200.00
1534 380.00
1535 220.00
1536 280.00
1537 360.00
1538 280.00
1539 460.00
1540 340.00
1541 300.00
1542 340.00
1543 420.00
1544 480.00
1545 440.00
1546 380.00
1547 120.00
1548 220.00
1549 440.00
1550 420.00
1551 360.00
1552 420.00
1553 480.00
1554 360.00
1555 420.00
1556 360.00
1557 400.00
1558 380.00
1559 420.00
1560 320.00
1561 280.00
1562 460.00
1563 200.00
1564 420.00
1565 180.00
1566 220.00
1567 400.00
1568 360.00
1569 140.00
1570 500.00
1571 340.00
1572 300.00
1573 420.00
1574 440.00
1575 400.00
1576 420.00
1577 200.00
1578 500.00
1579 420.00
1580 440.00
1581 260.00
1582 240.00
1583 380.00
1584 440.00
1585 220.00
1586 400.00
1587 240.00
1588 320.00
1589 80.00
1590 220.00
1591 400.00
1592 440.00
1593 460.00
1594 400.00
1595 380.00
1596 160.00
1597 420.00
1598 260.00
1599 200.00
1600 460.00
1601 380.00
1602 500.00
1603 240.00
1604 380.00
1605 380.00
1606 140.00
1607 460.00
1608 340.00
1609 180.00
1610 420.00
1611 380.00
1612 340.00
1613 340.00
1614 460.00
1615 360.00
1616 480.00
1617 440.00
1618 400.00
1619 420.00
1620 280.00
1621 300.00
1622 420.00
1623 380.00
1624 420.00
1625 440.00
1626 440.00
1627 360.00
1628 320.00
1629 320.00
1630 420.00
1631 360.00
1632 380.00
1633 440.00
1634 420.00
1635 220.00
1636 220.00
1637 400.00
1638 440.00
1639 380.00
1640 360.00
1641 220.00
1642 380.00
1643 400.00
1644 200.00
1645 460.00
1646 360.00
1647 440.00
1648 500.00
1649 440.00
1650 460.00
1651 380.00
1652 400.00
1653 400.00
1654 320.00
1655 280.00
1656 440.00
1657 400.00
1658 300.00
1659 400.00
1660 180.00
1661 500.00
1662 500.00
1663 400.00
1664 360.00
1665 80.00
1666 420.00
1667 420.00
1668 440.00
1669 380.00
1670 240.00
1671 480.00
1672 340.00
1673 400.00
1674 440.00
1675 340.00
1676 380.00
1677 320.00
1678 360.00
1679 280.00
1680 320.00
1681 200.00
1682 360.00
1683 440.00
1684 200.00
1685 260.00
1686 360.00
1687 360.00
1688 380.00
1689 340.00
1690 400.00
1691 380.00
1692 120.00
1693 380.00
1694 340.00
1695 380.00
1696 300.00
1697 440.00
1698 440.00
1699 240.00
1700 420.00
1701 280.00
1702 360.00
1703 440.00
1704 380.00
1705 340.00
1706 240.00
1707 260.00
1708 400.00
1709 240.00
1710 220.00
1711 340.00
1712 240.00
1713 480.00
1714 420.00
1715 400.00
1716 420.00
1717 240.00
1718 320.00
1719 400.00
1720 280.00
1721 360.00
1722 460.00
1723 360.00
1724 180.00
1725 300.00
1726 280.00
1727 320.00
1728 360.00
1729 280.00
1730 160.00
1731 320.00
1732 360.00
1733 300.00
1734 360.00
1735 420.00
1736 240.00
1737 480.00
1738 320.00
1739 440.00
1740 280.00
1741 260.00
1742 80.00
1743 440.00
1744 100.00
1745 400.00
1746 300.00
1747 380.00
1748 240.00
1749 360.00
1750 300.00
1751 360.00
1752 360.00
1753 180.00
1754 240.00
1755 380.00
1756 340.00
1757 460.00
1758 380.00
1759 140.00
1760 160.00
1761 260.00
1762 100.00
1763 480.00
1764 220.00
1765 320.00
1766 340.00
1767 200.00
1768 360.00
1769 280.00
1770 360.00
1771 360.00
1772 340.00
1773 380.00
1774 320.00
1775 400.00
1776 420.00
1777 340.00
1778 400.00
1779 500.00
1780 480.00
1781 440.00
1782 240.00
1783 420.00
1784 400.00
1785 360.00
1786 400.00
1787 440.00
1788 280.00
1789 180.00
1790 460.00
1791 380.00
1792 400.00
1793 420.00
1794 300.00
1795 340.00
1796 380.00
1797 320.00
1798 420.00
1799 420.00
1800 460.00
1801 240.00
1802 240.00
1803 360.00
1804 380.00
1805 240.00
1806 120.00
1807 420.00
1808 120.00
1809 240.00
1810 420.00
1811 280.00
1812 400.00
1813 400.00
1814 200.00
1815 180.00
1816 480.00
1817 280.00
1818 220.00
1819 120.00
1820 340.00
1821 280.00
1822 340.00
1823 240.00
1824 140.00
1825 400.00
1826 420.00
1827 340.00
1828 340.00
1829 420.00
1830 320.00
1831 160.00
1832 380.00
1833 400.00
1834 260.00
1835 480.00
1836 340.00
1837 400.00
1838 280.00
1839 440.00
1840 460.00
1841 460.00
1842 500.00
1843 340.00
1844 420.00
1845 380.00
1846 260.00
1847 420.00
1848 460.00
1849 380.00
1850 260.00
1851 300.00
1852 320.00
1853 380.00
1854 220.00
1855 400.00
1856 240.00
1857 400.00
1858 400.00
1859 300.00
1860 280.00
1861 460.00
1862 260.00
1863 400.00
1864 380.00
1865 400.00
1866 420.00
1867 480.00
1868 440.00
1869 300.00
1870 440.00
1871 440.00
1872 420.00
1873 180.00
1874 180.00
1875 420.00
1876 460.00
1877 280.00
1878 400.00
1879 260.00
1880 280.00
1881 300.00
1882 460.00
1883 460.00
1884 500.00
1885 260.00
1886 460.00
1887 420.00
1888 480.00
1889 240.00
1890 420.00
1891 200.00
1892 280.00
1893 440.00
1894 480.00
1895 320.00
1896 360.00
1897 460.00
1898 380.00
1899 340.00
1900 440.00
1901 340.00
1902 440.00
1903 220.00
1904 440.00
1905 500.00
1906 380.00
1907 420.00
1908 140.00
1909 360.00
1910 400.00
1911 420.00
1912 180.00
1913 440.00
1914 380.00
1915 400.00
1916 420.00
1917 440.00
1918 440.00
1919 340.00
1920 340.00
1921 440.00
1922 400.00
1923 440.00
1924 420.00
1925 380.00
1926 460.00
1927 340.00
1928 420.00
1929 480.00
1930 400.00
1931 260.00
1932 240.00
1933 240.00
1934 380.00
1935 360.00
1936 420.00
1937 240.00
1938 420.00
1939 460.00
1940 460.00
1941 500.00
1942 400.00
1943 280.00
1944 400.00
1945 200.00
1946 400.00
1947 300.00
1948 280.00
1949 480.00
1950 420.00
1951 400.00
1952 180.00
1953 480.00
1954 400.00
1955 460.00
1956 260.00
1957 480.00
1958 380.00
1959 420.00
1960 420.00
1961 180.00
1962 500.00
1963 420.00
1964 360.00
1965 360.00
1966 380.00
1967 460.00
1968 140.00
1969 420.00
1970 420.00
1971 200.00
1972 260.00
1973 360.00
1974 360.00
1975 400.00
1976 260.00
1977 300.00
1978 380.00
1979 220.00
1980 360.00
1981 340.00
1982 220.00
1983 360.00
1984 420.00
1985 440.00
1986 200.00
1987 420.00
1988 320.00
1989 400.00
1990 400.00
1991 400.00
1992 340.00
1993 380.00
1994 460.00
1995 420.00
1996 400.00
1997 320.00
1998 420.00
1999 220.00
2000 400.00
2001 420.00
2002 420.00
2003 420.00
2004 340.00
2005 440.00
2006 480.00
2007 380.00
2008 380.00
2009 500.00
2010 180.00
2011 200.00
2012 420.00
2013 220.00
2014 360.00
2015 340.00
2016 380.00
2017 300.00
2018 400.00
2019 380.00
2020 260.00
2021 380.00
2022 120.00
2023 300.00
2024 340.00
2025 360.00
2026 200.00
2027 460.00
2028 280.00
2029 280.00
2030 360.00
2031 380.00
2032 360.00
2033 280.00
2034 380.00
2035 380.00
2036 480.00
2037 500.00
2038 400.00
2039 300.00
2040 300.00
2041 140.00
2042 400.00
2043 480.00
2044 420.00
2045 420.00
2046 460.00
2047 400.00
2048 440.00
2049 200.00
2050 420.00
2051 240.00
2052 440.00
2053 200.00
2054 300.00
2055 480.00
2056 440.00
2057 240.00
2058 400.00
2059 220.00
2060 480.00
2061 280.00
2062 480.00
2063 320.00
2064 380.00
2065 420.00
2066 440.00
2067 500.00
2068 300.00
2069 380.00
2070 460.00
2071 340.00
2072 340.00
2073 360.00
2074 400.00
2075 360.00
2076 480.00
2077 340.00
2078 440.00
2079 360.00
2080 300.00
2081 420.00
2082 440.00
2083 500.00
2084 340.00
2085 400.00
2086 280.00
2087 360.00
2088 420.00
2089 420.00
2090 440.00
2091 260.00
2092 300.00
2093 480.00
2094 340.00
2095 180.00
2096 340.00
2097 360.00
2098 240.00
2099 100.00
2100 380.00
2101 280.00
2102 240.00
2103 360.00
2104 280.00
2105 380.00
2106 420.00
2107 400.00
2108 300.00
2109 380.00
2110 300.00
2111 280.00
2112 100.00
2113 200.00
2114 220.00
2115 320.00
2116 280.00
2117 340.00
2118 380.00
2119 340.00
2120 300.00
2121 420.00
2122 300.00
2123 320.00
2124 260.00
2125 400.00
2126 400.00
2127 400.00
2128 380.00
2129 420.00
2130 420.00
2131 380.00
2132 400.00
2133 280.00
2134 360.00
2135 380.00
2136 380.00
2137 380.00
2138 240.00
2139 420.00
2140 380.00
2141 340.00
2142 300.00
2143 360.00
2144 260.00
2145 360.00
2146 360.00
2147 480.00
2148 460.00
2149 420.00
2150 240.00
2151 400.00
2152 500.00
2153 420.00
2154 420.00
2155 400.00
2156 440.00
2157 440.00
2158 420.00
2159 340.00
2160 160.00
2161 380.00
2162 220.00
2163 360.00
2164 500.00
2165 300.00
2166 440.00
2167 260.00
2168 360.00
2169 280.00
2170 380.00
2171 400.00
2172 300.00
2173 420.00
2174 440.00
2175 140.00
2176 200.00
2177 440.00
2178 340.00
2179 340.00
2180 420.00
2181 500.00
2182 420.00
2183 180.00
2184 440.00
2185 200.00
2186 140.00
2187 380.00
2188 300.00
2189 320.00
2190 200.00
2191 240.00
2192 200.00
2193 340.00
2194 400.00
2195 200.00
2196 160.00
2197 380.00
2198 320.00
2199 400.00
2200 380.00
2201 260.00
2202 240.00
2203 400.00
2204 500.00
2205 200.00
2206 220.00
2207 420.00
2208 120.00
2209 280.00
2210 400.00
2211 360.00
2212 380.00
2213 400.00
2214 380.00
2215 380.00
2216 460.00
2217 300.00
2218 380.00
2219 400.00
2220 420.00
2221 180.00
2222 380.00
2223 380.00
2224 420.00
2225 240.00
2226 460.00
2227 460.00
2228 260.00
2229 400.00
2230 420.00
2231 460.00
2232 240.00
2233 300.00
2234 460.00
2235 400.00
2236 380.00
2237 240.00
2238 120.00
2239 480.00
2240 420.00
2241 380.00
2242 400.00
2243 360.00
2244 400.00
2245 240.00
2246 320.00
2247 220.00
2248 380.00
2249 400.00
2250 440.00
2251 440.00
2252 200.00
2253 380.00
2254 400.00
2255 440.00
2256 320.00
2257 460.00
2258 400.00
2259 200.00
2260 380.00
2261 220.00
2262 420.00
2263 240.00
2264 380.00
2265 360.00
2266 120.00
2267 420.00
2268 440.00
2269 360.00
2270 420.00
2271 440.00
2272 420.00
2273 380.00
2274 180.00
2275 120.00
2276 280.00
2277 440.00
2278 280.00
2279 380.00
2280 400.00
2281 360.00
2282 420.00
2283 260.00
2284 340.00
2285 320.00
2286 140.00
2287 320.00
2288 380.00
2289 400.00
2290 440.00
2291 380.00
2292 240.00
2293 420.00
2294 420.00
2295 400.00
2296 440.00
2297 360.00
2298 200.00
2299 300.00
2300 280.00
2301 400.00
2302 260.00
2303 460.00
2304 340.00
2305 500.00
2306 200.00
2307 340.00
2308 380.00
2309 280.00
2310 260.00
2311 340.00
2312 420.00
2313 360.00
2314 340.00
2315 360.00
2316 400.00
2317 420.00
2318 380.00
2319 480.00
2320 220.00
2321 220.00
2322 360.00
2323 500.00
2324 200.00
2325 400.00
2326 420.00
2327 400.00
2328 300.00
2329 180.00
2330 340.00
2331 400.00
2332 200.00
2333 240.00
2334 300.00
2335 300.00
2336 200.00
2337 320.00
2338 320.00
2339 340.00
2340 440.00
2341 280.00
2342 380.00
2343 380.00
2344 280.00
2345 460.00
2346 280.00
2347 280.00
2348 400.00
2349 300.00
2350 400.00
2351 460.00
2352 420.00
2353 380.00
2354 300.00
2355 260.00
2356 400.00
2357 500.00
2358 300.00
2359 360.00
2360 340.00
2361 200.00
2362 380.00
2363 400.00
2364 360.00
2365 260.00
2366 400.00
2367 380.00
2368 420.00
2369 340.00
2370 380.00
2371 360.00
2372 260.00
2373 300.00
2374 340.00
2375 400.00
2376 360.00
2377 200.00
2378 360.00
2379 400.00
2380 440.00
2381 420.00
2382 280.00
2383 300.00
2384 360.00
2385 340.00
2386 300.00
2387 220.00
2388 440.00
2389 220.00
2390 400.00
2391 240.00
2392 440.00
2393 400.00
2394 380.00
2395 460.00
2396 240.00
2397 280.00
2398 360.00
2399 300.00
2400 460.00
2401 400.00
2402 300.00
2403 180.00
2404 380.00
2405 360.00
2406 260.00
2407 280.00
2408 400.00
2409 220.00
2410 280.00
2411 400.00
2412 240.00
2413 500.00
2414 380.00
2415 220.00
2416 380.00
2417 280.00
2418 400.00
2419 360.00
2420 220.00
2421 360.00
2422 160.00
2423 380.00
2424 260.00
2425 380.00
2426 160.00
2427 260.00
2428 140.00
2429 200.00
2430 360.00
2431 480.00
2432 300.00
2433 260.00
2434 280.00
2435 360.00
2436 440.00
2437 420.00
2438 320.00
2439 380.00
2440 200.00
2441 220.00
2442 380.00
2443 300.00
2444 460.00
2445 260.00
2446 400.00
2447 320.00
2448 360.00
2449 400.00
2450 280.00
2451 400.00
2452 360.00
2453 420.00
2454 360.00
2455 340.00
2456 500.00
2457 420.00
2458 400.00
2459 340.00
2460 440.00
2461 300.00
2462 420.00
2463 280.00
2464 400.00
2465 400.00
2466 360.00
2467 240.00
2468 380.00
2469 420.00
2470 380.00
2471 440.00
2472 260.00
2473 380.00
2474 480.00
2475 320.00
2476 420.00
2477 260.00
2478 460.00
2479 360.00
2480 300.00
2481 440.00
2482 440.00
2483 260.00
2484 380.00
2485 440.00
2486 400.00
2487 380.00
2488 400.00
2489 200.00
2490 480.00
2491 400.00
2492 420.00
2493 420.00
2494 220.00
2495 380.00
2496 340.00
2497 200.00
2498 460.00
2499 380.00
2500 440.00
2501 420.00
2502 400.00
2503 460.00
2504 220.00
2505 220.00
2506 420.00
2507 380.00
2508 400.00
2509 400.00
2510 460.00
2511 280.00
2512 320.00
2513 240.00
2514 380.00
2515 420.00
2516 360.00
2517 360.00
2518 360.00
2519 240.00
2520 460.00
2521 360.00
2522 400.00
2523 400.00
2524 360.00
2525 200.00
2526 400.00
2527 360.00
2528 380.00
2529 200.00
2530 380.00
2531 340.00
2532 400.00
2533 320.00
2534 220.00
2535 420.00
2536 380.00
2537 360.00
2538 400.00
2539 360.00
2540 240.00
2541 240.00
2542 380.00
2543 380.00
2544 400.00
2545 400.00
2546 240.00
2547 460.00
2548 400.00
2549 400.00
2550 180.00
2551 420.00
2552 340.00
2553 260.00
2554 460.00
2555 440.00
2556 440.00
2557 400.00
2558 240.00
2559 200.00
2560 260.00
2561 380.00
2562 320.00
2563 420.00
2564 380.00
2565 460.00
2566 380.00
2567 280.00
2568 380.00
2569 380.00
2570 440.00
2571 380.00
2572 400.00
2573 400.00
2574 360.00
2575 380.00
2576 340.00
2577 400.00
2578 280.00
2579 400.00
2580 260.00
2581 240.00
2582 300.00
2583 320.00
2584 400.00
2585 460.00
2586 360.00
2587 440.00
2588 460.00
2589 380.00
2590 420.00
2591 460.00
2592 400.00
2593 420.00
2594 340.00
2595 400.00
2596 460.00
2597 400.00
2598 360.00
2599 280.00
2600 340.00
2601 420.00
2602 380.00
2603 380.00
2604 380.00
2605 440.00
2606 400.00
2607 420.00
2608 320.00
2609 400.00
2610 380.00
2611 320.00
2612 420.00
2613 240.00
2614 160.00
2615 400.00
2616 240.00
2617 340.00
2618 480.00
2619 420.00
2620 320.00
2621 400.00
2622 440.00
2623 360.00
2624 340.00
2625 260.00
2626 480.00
2627 280.00
2628 260.00
2629 420.00
2630 400.00
2631 280.00
2632 400.00
2633 380.00
2634 180.00
2635 300.00
2636 400.00
2637 140.00
2638 260.00
2639 420.00
2640 280.00
2641 300.00
2642 80.00
2643 380.00
2644 360.00
2645 240.00
2646 340.00
2647 360.00
2648 340.00
2649 380.00
2650 360.00
2651 400.00
2652 240.00
2653 480.00
2654 500.00
2655 360.00
2656 220.00
2657 460.00
2658 500.00
2659 400.00
2660 220.00
2661 400.00
2662 380.00
2663 380.00
2664 400.00
2665 340.00
2666 420.00
2667 340.00
2668 460.00
2669 260.00
2670 220.00
2671 480.00
2672 340.00
2673 380.00
2674 500.00
2675 440.00
2676 220.00
2677 380.00
2678 240.00
2679 500.00
2680 360.00
2681 380.00
2682 260.00
2683 200.00
2684 280.00
2685 200.00
2686 400.00
2687 320.00
2688 480.00
2689 460.00
2690 320.00
2691 380.00
2692 140.00
2693 240.00
2694 440.00
2695 440.00
2696 420.00
2697 260.00
2698 360.00
2699 360.00
2700 480.00
2701 300.00
2702 440.00
2703 120.00
2704 340.00
2705 360.00
2706 360.00
2707 140.00
2708 360.00
2709 400.00
2710 260.00
2711 320.00
2712 280.00
2713 180.00
2714 300.00
2715 380.00
2716 340.00
2717 280.00
2718 400.00
2719 380.00
2720 180.00
2721 500.00
2722 460.00
2723 420.00
2724 480.00
2725 420.00
2726 480.00
2727 440.00
2728 360.00
2729 440.00
2730 200.00
2731 200.00
2732 440.00
2733 280.00
2734 440.00
2735 440.00
2736 380.00
2737 380.00
2738 400.00
2739 380.00
2740 240.00
2741 420.00
2742 480.00
2743 380.00
2744 360.00
2745 240.00
2746 360.00
2747 420.00
2748 440.00
2749 240.00
2750 480.00
2751 160.00
2752 440.00
2753 240.00
2754 340.00
2755 460.00
2756 220.00
2757 400.00
2758 500.00
2759 420.00
2760 420.00
2761 240.00
2762 380.00
2763 440.00
2764 160.00
2765 400.00
2766 420.00
2767 460.00
2768 500.00
2769 460.00
2770 300.00
2771 220.00
2772 440.00
2773 420.00
2774 180.00
2775 440.00
2776 400.00
2777 220.00
2778 320.00
2779 400.00
2780 360.00
2781 480.00
2782 380.00
2783 420.00
2784 460.00
2785 440.00
2786 500.00
2787 400.00
2788 260.00
2789 380.00
2790 400.00
2791 380.00
2792 380.00
2793 280.00
2794 400.00
2795 400.00
2796 380.00
2797 360.00
2798 300.00
2799 480.00
2800 380.00
2801 380.00
2802 360.00
2803 200.00
2804 300.00
2805 240.00
2806 420.00
2807 200.00
2808 420.00
2809 360.00
2810 180.00
2811 200.00
2812 440.00
2813 380.00
2814 380.00
2815 340.00
2816 400.00
2817 360.00
2818 420.00
2819 380.00
2820 380.00
2821 400.00
2822 380.00
2823 460.00
2824 400.00
2825 140.00
2826 460.00
2827 300.00
2828 160.00
2829 360.00
2830 380.00
2831 360.00
2832 380.00
2833 320.00
2834 360.00
2835 460.00
2836 420.00
2837 240.00
2838 180.00
2839 360.00
2840 420.00
2841 400.00
2842 400.00
2843 340.00
2844 300.00
2845 380.00
2846 400.00
2847 380.00
2848 480.00
2849 400.00
2850 440.00
2851 380.00
2852 420.00
2853 220.00
2854 160.00
2855 200.00
2856 440.00
2857 360.00
2858 420.00
2859 380.00
2860 500.00
2861 400.00
2862 300.00
2863 380.00
2864 420.00
2865 440.00
2866 420.00
2867 440.00
2868 260.00
2869 360.00
2870 340.00
2871 380.00
2872 500.00
2873 400.00
2874 340.00
2875 480.00
2876 380.00
2877 300.00
2878 260.00
2879 340.00
2880 420.00
2881 400.00
2882 340.00
2883 420.00
2884 400.00
2885 360.00
2886 460.00
2887 460.00
2888 400.00
2889 320.00
2890 380.00
2891 500.00
2892 440.00
2893 340.00
2894 420.00
2895 320.00
2896 420.00
2897 180.00
2898 440.00
2899 400.00
2900 300.00
2901 380.00
2902 420.00
2903 400.00
2904 320.00
2905 360.00
2906 340.00
2907 320.00
2908 280.00
2909 360.00
2910 340.00
2911 400.00
2912 420.00
2913 460.00
2914 360.00
2915 420.00
2916 420.00
2917 240.00
2918 320.00
2919 420.00
2920 180.00
2921 460.00
2922 180.00
2923 400.00
2924 220.00
2925 400.00
2926 420.00
2927 400.00
2928 440.00
2929 200.00
2930 440.00
2931 380.00
2932 420.00
2933 260.00
2934 400.00
2935 380.00
2936 420.00
2937 480.00
2938 320.00
2939 380.00
2940 220.00
2941 400.00
2942 440.00
2943 420.00
2944 240.00
2945 420.00
2946 400.00
2947 280.00
2948 360.00
2949 200.00
2950 260.00
2951 460.00
2952 360.00
2953 400.00
2954 500.00
2955 380.00
2956 360.00
2957 200.00
2958 360.00
2959 420.00
2960 360.00
2961 320.00
2962 240.00
2963 200.00
2964 380.00
2965 440.00
2966 380.00
2967 360.00
2968 360.00
2969 400.00
2970 380.00
2971 340.00
2972 200.00
2973 380.00
2974 360.00
2975 400.00
2976 420.00
2977 400.00
2978 400.00
2979 380.00
2980 280.00
2981 400.00
2982 460.00
2983 440.00
2984 300.00
2985 380.00
2986 80.00
2987 400.00
2988 420.00
2989 380.00
2990 260.00
2991 400.00
2992 400.00
2993 480.00
2994 420.00
2995 420.00
2996 400.00
2997 380.00
2998 440.00
2999 440.00
