0 288.13
30 296.15
60 311.67
90 313.12
120 308.27
150 291.89
180 288.53
210 290.62
240 297.15
270 304.55
300 309.97
330 304.04
360 298.89
390 318.00
420 340.89
450 350.70
480 346.35
510 337.78
540 325.62
570 326.35
600 315.61
630 326.42
660 337.09
690 344.31
720 333.34
750 322.13
780 330.34
810 364.55
840 363.43
870 367.72
900 368.59
930 368.44
960 365.32
990 363.79
1020 370.36
1050 376.31
1080 378.09
1110 372.61
1140 365.55
1170 362.00
1200 387.66
1230 393.41
1260 395.76
1290 387.11
1320 380.51
1350 375.55
1380 367.78
1410 349.59
1440 357.61
1470 363.61
1500 363.89
1530 356.80
1560 349.65
1590 357.23
1620 364.86
1650 373.02
1680 374.21
1710 371.77
1740 366.74
1770 362.58
1800 383.72
1830 388.97
1860 393.88
1890 387.48
1920 381.40
1950 375.75
1980 365.56
2010 343.36
2040 347.28
2070 347.02
2100 344.95
2130 340.04
2160 338.03
2190 345.81
2220 358.23
2250 371.67
2280 369.89
2310 361.14
2340 347.63
2370 343.53
2400 367.61
2430 375.35
2460 382.51
2490 372.01
2520 362.43
2550 353.94
2580 358.44
2610 370.26
2640 376.51
2670 373.00
2700 361.31
2730 352.57
2760 350.07
2790 380.69
2820 395.27
2850 398.43
2880 391.61
2910 385.72
2940 383.57
2970 386.71
