0 217.27
30 256.11
60 237.00
90 249.22
120 256.04
150 240.89
180 269.96
210 303.84
240 312.00
270 273.89
300 249.62
330 266.69
360 234.09
390 287.20
420 290.24
450 333.71
480 304.87
510 311.22
540 287.67
570 297.24
600 343.40
630 338.20
660 354.47
690 344.04
720 317.33
750 330.40
780 331.04
810 335.33
840 350.87
870 354.02
900 318.49
930 312.44
960 322.13
990 347.64
1020 332.82
1050 331.44
1080 327.31
1110 329.18
1140 330.36
1170 363.96
1200 339.84
1230 309.47
1260 324.20
1290 319.51
1320 334.93
1350 361.47
1380 349.47
1410 339.82
1440 322.60
1470 348.78
1500 327.18
1530 339.13
1560 325.38
1590 338.20
1620 351.07
1650 336.00
1680 314.47
1710 341.80
1740 319.89
1770 358.91
1800 316.60
1830 335.33
1860 341.78
1890 341.56
1920 347.00
1950 355.07
1980 379.33
2010 335.40
2040 334.87
2070 322.20
2100 327.44
2130 352.00
2160 343.16
2190 322.07
2220 336.13
2250 322.38
2280 342.36
2310 325.56
2340 342.22
2370 325.49
2400 300.73
2430 340.93
2460 351.18
2490 351.16
2520 340.64
2550 355.71
2580 370.73
2610 325.29
2640 345.76
2670 354.58
2700 351.76
2730 362.69
2760 363.87
2790 340.27
2820 340.71
2850 358.62
2880 362.18
2910 354.00
2940 345.29
2970 355.49
