0 284.20
1 284.20
2 284.20
3 286.80
4 286.80
5 286.80
6 286.80
7 286.80
8 286.80
9 286.80
10 289.00
11 291.60
12 289.00
13 286.40
14 286.80
15 288.60
16 288.60
17 288.60
18 288.60
19 288.60
20 291.20
21 291.20
22 288.60
23 288.20
24 288.20
25 288.20
26 288.20
27 290.80
28 290.80
29 292.40
30 293.80
31 291.80
32 293.00
33 293.00
34 290.40
35 290.40
36 290.60
37 290.60
38 291.60
39 291.00
40 293.60
41 293.60
42 293.60
43 293.60
44 293.60
45 296.00
46 295.80
47 295.80
48 295.80
49 298.40
50 301.00
51 303.60
52 301.40
53 301.40
54 301.40
55 301.40
56 301.40
57 301.40
58 301.40
59 304.00
60 306.60
61 307.20
62 307.20
63 309.00
64 310.00
65 308.60
66 308.60
67 311.20
68 313.60
69 316.20
70 316.20
71 316.20
72 313.80
73 314.40
74 314.40
75 314.40
76 312.80
77 313.00
78 311.80
79 311.80
80 311.80
81 314.40
82 312.00
83 312.00
84 311.60
85 312.00
86 309.40
87 309.40
88 309.00
89 311.40
90 311.40
91 313.40
92 310.80
93 310.80
94 313.20
95 315.60
96 313.40
97 313.20
98 313.60
99 316.20
100 316.20
101 316.20
102 316.20
103 313.60
104 313.60
105 313.60
106 313.60
107 313.60
108 313.60
109 313.60
110 311.40
111 308.80
112 311.40
113 314.00
114 313.60
115 311.80
116 311.80
117 311.80
118 311.80
119 311.80
120 309.20
121 309.20
122 311.80
123 312.20
124 312.20
125 312.20
126 312.20
127 309.60
128 309.60
129 308.00
130 306.60
131 308.60
132 307.40
133 307.40
134 310.00
135 310.00
136 309.80
137 309.80
138 308.80
139 309.40
140 306.80
141 306.80
142 306.80
143 306.80
144 306.80
145 304.40
146 304.60
147 304.60
148 304.60
149 302.00
150 299.40
151 296.80
152 299.00
153 299.00
154 299.00
155 299.00
156 299.00
157 299.00
158 299.00
159 296.40
160 293.80
161 293.20
162 293.20
163 291.40
164 290.40
165 291.80
166 291.80
167 289.20
168 286.80
169 284.20
170 284.20
171 284.20
172 286.60
173 286.00
174 286.00
175 286.00
176 287.60
177 287.40
178 288.60
179 288.60
180 288.60
181 286.00
182 288.40
183 288.40
184 288.80
185 288.40
186 291.00
187 291.00
188 291.40
189 289.00
190 289.00
191 287.00
192 289.60
193 289.60
194 287.20
195 284.80
196 287.00
197 287.20
198 286.80
199 284.20
200 289.80
201 290.00
202 288.40
203 287.80
204 287.60
205 287.80
206 289.80
207 289.80
208 290.80
209 290.80
210 292.00
211 290.60
212 289.40
213 288.60
214 290.00
215 289.60
216 289.80
217 289.80
218 290.60
219 291.80
220 289.80
221 288.00
222 287.60
223 287.80
224 287.80
225 287.80
226 289.20
227 289.00
228 289.40
229 291.60
230 291.80
231 292.60
232 290.80
233 292.00
234 290.20
235 292.60
236 292.60
237 294.60
238 295.20
239 296.00
240 298.00
241 298.00
242 297.00
243 296.80
244 296.80
245 296.20
246 295.60
247 295.60
248 295.60
249 296.80
250 296.80
251 297.40
252 297.40
253 296.20
254 296.20
255 295.00
256 297.00
257 296.40
258 296.20
259 297.40
260 297.40
261 298.00
262 297.80
263 299.40
264 298.40
265 296.00
266 296.00
267 298.40
268 299.20
269 301.60
270 301.60
271 301.80
272 299.40
273 297.40
274 297.40
275 297.40
276 297.80
277 299.40
278 302.00
279 301.80
280 302.80
281 304.20
282 302.40
283 303.00
284 302.80
285 302.40
286 303.80
287 304.20
288 304.60
289 307.00
290 309.00
291 310.60
292 310.40
293 310.20
294 310.00
295 311.60
296 312.20
297 310.20
298 310.00
299 309.00
300 309.60
301 309.40
302 311.00
303 311.60
304 311.80
305 311.60
306 309.60
307 309.60
308 308.60
309 308.60
310 307.40
311 308.80
312 310.00
313 310.80
314 309.40
315 309.80
316 309.60
317 309.60
318 308.80
319 307.60
320 309.60
321 311.40
322 311.80
323 311.60
324 311.60
325 311.60
326 310.20
327 310.40
328 310.00
329 307.80
330 307.60
331 306.80
332 308.60
333 307.40
334 309.20
335 306.80
336 306.80
337 304.80
338 304.20
339 303.40
340 301.40
341 301.40
342 302.40
343 302.60
344 302.60
345 303.20
346 303.80
347 303.80
348 303.80
349 302.60
350 302.60
351 302.00
352 302.00
353 303.20
354 303.20
355 304.40
356 302.40
357 303.00
358 303.20
359 302.00
360 302.00
361 301.40
362 301.60
363 300.00
364 301.00
365 303.40
366 303.40
367 301.00
368 300.20
369 297.80
370 297.80
371 297.60
372 300.00
373 302.00
374 302.00
375 302.00
376 301.60
377 300.00
378 297.40
379 297.60
380 296.60
381 295.20
382 297.00
383 296.40
384 296.60
385 297.00
386 295.60
387 295.20
388 294.80
389 292.40
390 290.40
391 288.80
392 289.00
393 289.20
394 289.40
395 287.80
396 287.20
397 289.20
398 289.40
399 290.40
400 329.00
401 330.40
402 327.60
403 328.60
404 329.00
405 327.60
406 330.40
407 330.20
408 331.40
409 332.40
410 335.00
411 335.40
412 335.20
413 333.20
414 334.20
415 336.40
416 336.40
417 335.60
418 335.20
419 336.00
420 336.00
421 335.40
422 334.60
423 334.20
424 334.80
425 334.20
426 333.80
427 335.80
428 334.80
429 337.00
430 337.20
431 337.60
432 339.80
433 341.20
434 339.40
435 341.00
436 340.80
437 343.00
438 343.20
439 344.20
440 347.00
441 347.80
442 347.20
443 347.40
444 345.80
445 346.80
446 346.20
447 344.80
448 346.60
449 349.20
450 351.60
451 351.40
452 350.80
453 351.00
454 352.60
455 350.40
456 349.40
457 349.20
458 347.00
459 347.60
460 348.40
461 349.40
462 351.60
463 351.80
464 351.60
465 349.60
466 348.00
467 349.60
468 352.40
469 353.20
470 351.00
471 352.80
472 352.40
473 352.60
474 351.80
475 350.40
476 350.20
477 350.80
478 350.60
479 351.80
480 352.00
481 353.60
482 351.80
483 352.20
484 350.80
485 349.80
486 347.00
487 345.20
488 344.80
489 345.40
490 345.20
491 344.60
492 345.20
493 344.60
494 345.00
495 345.80
496 345.00
497 342.80
498 342.60
499 345.60
500 345.80
501 344.40
502 347.20
503 346.20
504 345.80
505 347.20
506 344.40
507 344.60
508 343.40
509 342.40
510 339.80
511 339.40
512 339.60
513 341.60
514 340.60
515 338.40
516 338.40
517 339.20
518 339.60
519 338.80
520 338.80
521 339.40
522 340.20
523 340.60
524 340.00
525 340.60
526 341.00
527 339.00
528 340.00
529 337.80
530 337.60
531 337.20
532 335.00
533 333.60
534 335.40
535 333.80
536 334.00
537 331.80
538 331.60
539 330.60
540 327.80
541 327.00
542 327.60
543 327.40
544 329.00
545 328.00
546 328.60
547 330.00
548 328.20
549 325.60
550 323.20
551 323.40
552 324.00
553 323.80
554 322.20
555 324.40
556 325.40
557 325.60
558 327.80
559 327.20
560 326.40
561 325.40
562 323.20
563 323.00
564 323.20
565 325.20
566 326.80
567 325.20
568 322.40
569 321.60
570 323.80
571 322.00
572 322.40
573 322.20
574 323.00
575 324.40
576 324.60
577 324.00
578 324.20
579 323.00
580 322.80
581 321.20
582 323.00
583 322.60
584 324.00
585 325.00
586 327.80
587 329.60
588 330.00
589 329.40
590 329.60
591 330.20
592 329.60
593 330.20
594 329.80
595 329.00
596 329.80
597 332.00
598 332.20
599 329.20
600 307.80
601 308.00
602 307.20
603 310.00
604 310.00
605 307.80
606 310.40
607 312.40
608 314.40
609 314.60
610 316.80
611 317.20
612 314.80
613 311.80
614 314.60
615 316.20
616 314.80
617 316.80
618 318.80
619 319.00
620 319.20
621 321.20
622 319.00
623 318.60
624 319.00
625 319.80
626 320.00
627 321.60
628 322.40
629 324.20
630 324.00
631 324.00
632 325.80
633 325.60
634 322.60
635 322.00
636 320.40
637 322.80
638 324.60
639 325.60
640 328.20
641 328.20
642 327.60
643 327.80
644 325.40
645 325.00
646 324.80
647 324.20
648 323.60
649 326.60
650 328.80
651 328.80
652 328.80
653 329.20
654 327.00
655 326.60
656 328.40
657 330.40
658 331.40
659 334.40
660 337.40
661 338.20
662 338.20
663 338.60
664 337.60
665 336.20
666 336.60
667 337.20
668 337.20
669 337.60
670 337.40
671 339.80
672 339.00
673 337.60
674 335.80
675 336.00
676 335.40
677 337.80
678 335.40
679 337.20
680 337.20
681 338.60
682 335.80
683 336.20
684 335.80
685 336.20
686 336.00
687 336.00
688 336.00
689 338.60
690 341.00
691 343.00
692 342.60
693 344.60
694 346.60
695 347.20
696 349.20
697 346.60
698 346.60
699 349.40
700 349.00
701 348.80
702 349.60
703 346.80
704 346.80
705 349.00
706 346.40
707 344.40
708 342.40
709 342.20
710 340.00
711 339.60
712 342.00
713 345.00
714 342.20
715 340.60
716 342.00
717 340.00
718 338.00
719 337.80
720 337.60
721 335.60
722 337.80
723 338.20
724 337.80
725 337.00
726 336.80
727 335.20
728 334.40
729 332.60
730 332.80
731 332.80
732 331.00
733 331.20
734 334.20
735 334.80
736 336.40
737 334.00
738 332.20
739 331.20
740 328.60
741 328.60
742 329.20
743 329.00
744 331.40
745 331.80
746 332.00
747 332.60
748 333.20
749 330.20
750 328.00
751 328.00
752 328.00
753 327.60
754 329.80
755 330.20
756 328.40
757 326.40
758 325.40
759 322.40
760 319.40
761 318.60
762 318.60
763 318.20
764 319.20
765 320.60
766 320.20
767 319.60
768 319.60
769 319.20
770 319.40
771 317.00
772 317.80
773 319.20
774 321.00
775 320.80
776 321.40
777 319.00
778 321.40
779 319.60
780 319.60
781 318.20
782 321.00
783 320.60
784 321.00
785 320.60
786 320.80
787 320.80
788 320.80
789 318.20
790 315.80
791 313.80
792 314.20
793 312.20
794 310.20
795 309.60
796 307.60
797 310.20
798 310.20
799 307.40
800 360.60
801 359.20
802 359.60
803 360.20
804 358.20
805 358.00
806 359.60
807 360.00
808 360.00
809 362.00
810 363.40
811 364.80
812 362.80
813 362.20
814 362.80
815 364.00
816 364.40
817 364.40
818 366.20
819 366.60
820 367.20
821 367.20
822 363.80
823 363.40
824 364.60
825 364.40
826 364.00
827 366.00
828 368.40
829 368.20
830 368.00
831 364.60
832 364.40
833 364.60
834 361.80
835 362.60
836 361.40
837 362.80
838 363.40
839 364.00
840 365.20
841 364.80
842 365.00
843 365.60
844 363.40
845 362.60
846 362.40
847 362.60
848 362.00
849 362.40
850 363.80
851 364.40
852 362.80
853 363.00
854 363.20
855 361.40
856 361.20
857 361.40
858 362.80
859 363.20
860 365.80
861 364.60
862 362.40
863 363.00
864 363.20
865 361.80
866 361.00
867 363.40
868 366.00
869 368.60
870 368.40
871 370.00
872 369.40
873 368.80
874 366.60
875 367.60
876 367.40
877 369.40
878 368.60
879 369.60
880 369.20
881 370.40
882 367.20
883 366.80
884 365.40
885 364.00
886 363.80
887 365.00
888 368.00
889 369.00
890 366.00
891 366.20
892 364.20
893 364.40
894 366.40
895 367.20
896 370.60
897 370.60
898 370.60
899 370.80
900 371.20
901 372.60
902 372.20
903 371.60
904 373.60
905 373.80
906 372.20
907 371.80
908 371.80
909 369.80
910 368.40
911 367.00
912 369.00
913 369.60
914 369.00
915 367.80
916 367.40
917 367.40
918 365.60
919 365.20
920 364.60
921 364.60
922 368.00
923 368.40
924 367.20
925 367.40
926 367.80
927 365.80
928 363.40
929 363.60
930 363.80
931 367.20
932 367.40
933 367.20
934 370.00
935 369.20
936 370.40
937 369.00
938 368.40
939 367.80
940 366.60
941 367.00
942 366.80
943 366.20
944 368.40
945 369.20
946 369.40
947 369.20
948 369.80
949 369.40
950 368.00
951 367.40
952 369.00
953 368.80
954 368.60
955 370.40
956 370.60
957 370.40
958 369.00
959 368.60
960 366.00
961 367.20
962 369.40
963 368.80
964 368.60
965 370.00
966 370.80
967 368.40
968 365.80
969 363.20
970 363.40
971 361.80
972 362.40
973 363.00
974 365.20
975 364.20
976 364.40
977 362.40
978 363.20
979 362.20
980 362.60
981 361.40
982 364.60
983 365.00
984 366.40
985 367.80
986 368.00
987 366.80
988 363.80
989 362.80
990 365.80
991 365.60
992 367.60
993 367.40
994 365.40
995 364.60
996 361.20
997 361.20
998 361.20
999 361.00
1000 361.20
1001 363.20
1002 361.20
1003 363.60
1004 363.20
1005 362.80
1006 362.80
1007 363.80
1008 363.00
1009 364.00
1010 365.20
1011 365.60
1012 364.20
1013 363.80
1014 364.20
1015 364.20
1016 362.40
1017 362.60
1018 364.80
1019 366.80
1020 367.20
1021 367.40
1022 363.40
1023 363.20
1024 363.60
1025 365.60
1026 367.20
1027 369.40
1028 370.80
1029 372.20
1030 371.80
1031 371.80
1032 371.60
1033 369.80
1034 369.20
1035 370.00
1036 370.60
1037 372.40
1038 373.00
1039 373.80
1040 375.40
1041 374.80
1042 374.40
1043 372.20
1044 370.00
1045 372.80
1046 373.00
1047 371.20
1048 371.00
1049 372.00
1050 372.60
1051 372.60
1052 372.40
1053 372.60
1054 372.80
1055 371.40
1056 372.80
1057 374.00
1058 375.60
1059 377.60
1060 377.80
1061 379.00
1062 377.40
1063 378.00
1064 377.20
1065 375.80
1066 375.80
1067 378.40
1068 379.00
1069 379.80
1070 379.20
1071 377.40
1072 376.80
1073 376.00
1074 375.60
1075 377.40
1076 377.80
1077 379.20
1078 378.60
1079 378.60
1080 380.40
1081 381.80
1082 379.00
1083 380.80
1084 379.80
1085 378.80
1086 379.00
1087 376.40
1088 375.60
1089 376.00
1090 376.20
1091 376.00
1092 375.60
1093 376.20
1094 376.20
1095 377.60
1096 381.20
1097 381.00
1098 381.00
1099 380.80
1100 379.00
1101 377.00
1102 379.00
1103 376.60
1104 377.00
1105 377.40
1106 377.40
1107 376.40
1108 377.20
1109 376.20
1110 375.00
1111 374.60
1112 376.00
1113 376.40
1114 376.00
1115 376.00
1116 377.80
1117 377.60
1118 375.40
1119 373.40
1120 373.00
1121 372.80
1122 376.80
1123 377.00
1124 376.60
1125 374.60
1126 373.00
1127 370.80
1128 369.40
1129 368.00
1130 368.40
1131 368.40
1132 368.60
1133 370.40
1134 371.00
1135 370.20
1136 369.60
1137 367.80
1138 367.20
1139 366.40
1140 364.80
1141 365.40
1142 365.80
1143 368.00
1144 370.20
1145 367.40
1146 367.20
1147 369.00
1148 369.20
1149 368.20
1150 367.60
1151 367.60
1152 367.80
1153 367.60
1154 367.40
1155 368.80
1156 367.40
1157 366.20
1158 364.60
1159 362.60
1160 362.40
1161 361.20
1162 362.80
1163 362.20
1164 363.00
1165 364.40
1166 364.40
1167 361.80
1168 361.20
1169 360.40
1170 361.00
1171 362.80
1172 363.40
1173 364.20
1174 364.60
1175 362.80
1176 362.40
1177 361.00
1178 361.60
1179 361.60
1180 359.80
1181 358.40
1182 361.20
1183 359.40
1184 360.40
1185 361.40
1186 361.20
1187 363.80
1188 364.60
1189 364.20
1190 364.00
1191 364.20
1192 364.60
1193 364.00
1194 364.00
1195 362.60
1196 359.00
1197 359.20
1198 359.20
1199 359.40
1200 382.60
1201 382.80
1202 383.40
1203 383.80
1204 383.80
1205 383.60
1206 385.20
1207 385.00
1208 384.40
1209 385.60
1210 387.60
1211 388.80
1212 388.60
1213 388.20
1214 388.40
1215 389.60
1216 387.80
1217 388.40
1218 388.60
1219 391.20
1220 391.40
1221 391.40
1222 387.80
1223 387.60
1224 388.20
1225 388.60
1226 390.40
1227 392.40
1228 392.20
1229 392.40
1230 391.80
1231 391.80
1232 391.40
1233 391.20
1234 388.80
1235 390.20
1236 389.00
1237 390.80
1238 391.40
1239 392.20
1240 393.20
1241 392.80
1242 392.60
1243 392.40
1244 391.80
1245 393.80
1246 393.60
1247 393.40
1248 395.20
1249 395.00
1250 396.20
1251 397.00
1252 396.60
1253 396.80
1254 395.60
1255 396.20
1256 396.00
1257 395.20
1258 395.00
1259 395.20
1260 397.60
1261 395.40
1262 395.60
1263 395.20
1264 396.00
1265 396.20
1266 395.20
1267 397.60
1268 398.20
1269 399.00
1270 397.20
1271 397.20
1272 396.60
1273 396.20
1274 395.80
1275 395.60
1276 396.00
1277 397.80
1278 397.40
1279 397.80
1280 397.80
1281 396.80
1282 394.40
1283 395.80
1284 394.40
1285 393.40
1286 393.80
1287 391.20
1288 390.40
1289 391.20
1290 391.20
1291 391.20
1292 390.00
1293 390.00
1294 390.00
1295 390.00
1296 389.60
1297 389.60
1298 389.60
1299 389.60
1300 389.40
1301 389.20
1302 388.60
1303 388.20
1304 388.20
1305 388.40
1306 386.80
1307 387.00
1308 387.60
1309 386.40
1310 384.40
1311 383.20
1312 383.40
1313 383.80
1314 383.60
1315 382.40
1316 384.20
1317 383.60
1318 383.40
1319 380.80
1320 380.60
1321 380.60
1322 384.20
1323 384.40
1324 383.80
1325 383.40
1326 381.60
1327 379.60
1328 379.80
1329 379.60
1330 380.20
1331 380.20
1332 380.60
1333 380.80
1334 383.20
1335 381.80
1336 383.00
1337 381.20
1338 380.60
1339 379.80
1340 378.80
1341 379.20
1342 379.40
1343 379.60
1344 380.20
1345 378.20
1346 378.40
1347 378.60
1348 376.80
1349 377.00
1350 375.80
1351 375.00
1352 375.40
1353 375.20
1354 376.40
1355 375.80
1356 376.00
1357 376.80
1358 377.00
1359 376.80
1360 374.40
1361 376.60
1362 376.40
1363 376.80
1364 376.00
1365 375.80
1366 376.80
1367 374.40
1368 373.80
1369 373.00
1370 374.80
1371 374.80
1372 375.40
1373 375.80
1374 376.20
1375 376.40
1376 376.00
1377 374.20
1378 374.60
1379 374.20
1380 374.20
1381 375.20
1382 377.60
1383 376.20
1384 377.60
1385 378.60
1386 378.20
1387 380.80
1388 381.60
1389 380.80
1390 380.80
1391 380.80
1392 382.00
1393 382.00
1394 382.00
1395 382.00
1396 382.40
1397 382.40
1398 382.40
1399 382.40
1400 342.20
1401 341.40
1402 341.80
1403 342.20
1404 342.00
1405 340.80
1406 343.60
1407 344.40
1408 346.60
1409 348.40
1410 349.60
1411 350.40
1412 349.80
1413 349.20
1414 348.60
1415 350.20
1416 350.60
1417 352.60
1418 350.40
1419 349.40
1420 349.40
1421 347.80
1422 344.20
1423 344.00
1424 345.60
1425 347.60
1426 349.80
1427 351.60
1428 351.40
1429 353.60
1430 354.00
1431 349.80
1432 350.00
1433 348.00
1434 348.20
1435 349.00
1436 349.00
1437 350.60
1438 351.40
1439 352.00
1440 353.60
1441 353.80
1442 354.20
1443 353.60
1444 353.60
1445 356.80
1446 356.60
1447 355.00
1448 355.40
1449 356.80
1450 357.40
1451 358.20
1452 357.80
1453 358.20
1454 357.80
1455 358.40
1456 359.60
1457 357.80
1458 357.60
1459 357.80
1460 362.00
1461 359.80
1462 359.80
1463 359.80
1464 359.40
1465 359.00
1466 357.00
1467 359.40
1468 360.20
1469 362.00
1470 360.60
1471 362.80
1472 362.00
1473 361.60
1474 360.00
1475 359.40
1476 359.40
1477 359.60
1478 359.00
1479 362.00
1480 364.60
1481 366.60
1482 364.20
1483 365.60
1484 366.00
1485 364.20
1486 363.60
1487 362.80
1488 361.60
1489 362.60
1490 362.60
1491 362.60
1492 363.60
1493 363.40
1494 363.80
1495 365.80
1496 369.40
1497 369.60
1498 369.60
1499 369.60
1500 369.00
1501 369.80
1502 369.40
1503 369.00
1504 369.20
1505 370.40
1506 367.60
1507 366.80
1508 364.60
1509 362.80
1510 361.60
1511 360.80
1512 361.40
1513 362.00
1514 362.60
1515 361.00
1516 360.60
1517 358.60
1518 360.80
1519 361.80
1520 361.80
1521 363.40
1522 367.00
1523 367.20
1524 365.60
1525 363.60
1526 361.40
1527 359.60
1528 359.80
1529 357.60
1530 357.20
1531 361.40
1532 361.20
1533 363.20
1534 363.00
1535 362.20
1536 362.20
1537 360.60
1538 359.80
1539 359.20
1540 357.60
1541 357.40
1542 357.00
1543 357.60
1544 357.60
1545 354.40
1546 354.60
1547 356.20
1548 355.80
1549 354.40
1550 353.80
1551 353.00
1552 353.40
1553 353.00
1554 353.40
1555 352.80
1556 351.60
1557 353.40
1558 353.60
1559 353.40
1560 349.20
1561 351.40
1562 351.40
1563 351.40
1564 351.80
1565 352.20
1566 354.20
1567 351.80
1568 351.00
1569 349.20
1570 350.60
1571 348.40
1572 349.20
1573 349.60
1574 351.20
1575 351.80
1576 351.80
1577 351.60
1578 352.20
1579 349.20
1580 346.60
1581 344.60
1582 347.00
1583 345.60
1584 345.20
1585 347.00
1586 347.60
1587 348.40
1588 349.60
1589 348.60
1590 348.60
1591 348.60
1592 347.60
1593 347.80
1594 347.40
1595 345.40
1596 341.80
1597 341.60
1598 341.60
1599 341.60
1600 360.80
1601 360.60
1602 359.00
1603 361.20
1604 361.20
1605 361.00
1606 362.40
1607 363.00
1608 363.00
1609 363.80
1610 365.40
1611 366.00
1612 365.80
1613 363.60
1614 366.00
1615 366.00
1616 363.80
1617 364.00
1618 363.80
1619 364.40
1620 365.00
1621 363.40
1622 361.40
1623 361.20
1624 361.80
1625 363.00
1626 363.20
1627 365.20
1628 367.00
1629 369.00
1630 368.60
1631 365.40
1632 365.20
1633 367.00
1634 364.60
1635 365.60
1636 364.40
1637 364.40
1638 365.20
1639 365.60
1640 365.40
1641 365.00
1642 364.80
1643 364.20
1644 361.60
1645 364.40
1646 365.00
1647 365.20
1648 367.20
1649 366.80
1650 368.20
1651 368.60
1652 367.20
1653 367.40
1654 367.60
1655 368.20
1656 370.00
1657 371.20
1658 373.00
1659 375.00
1660 378.00
1661 375.80
1662 375.20
1663 375.40
1664 374.40
1665 372.60
1666 372.20
1667 374.80
1668 375.20
1669 376.20
1670 374.00
1671 374.20
1672 374.00
1673 373.20
1674 372.80
1675 374.40
1676 375.00
1677 376.60
1678 375.80
1679 374.40
1680 376.40
1681 375.80
1682 373.20
1683 374.80
1684 373.20
1685 373.60
1686 373.40
1687 372.40
1688 371.20
1689 372.20
1690 372.40
1691 372.00
1692 371.60
1693 372.80
1694 373.00
1695 374.40
1696 377.40
1697 375.00
1698 374.80
1699 376.60
1700 375.80
1701 376.00
1702 377.60
1703 375.40
1704 375.40
1705 375.60
1706 374.20
1707 373.60
1708 373.60
1709 372.80
1710 371.20
1711 370.60
1712 370.80
1713 373.00
1714 370.60
1715 370.60
1716 372.80
1717 372.60
1718 372.80
1719 372.20
1720 371.60
1721 373.20
1722 375.20
1723 375.40
1724 374.80
1725 373.60
1726 373.40
1727 371.40
1728 369.60
1729 367.60
1730 368.00
1731 371.20
1732 371.40
1733 369.60
1734 372.00
1735 371.00
1736 372.20
1737 372.20
1738 371.40
1739 371.00
1740 371.20
1741 371.60
1742 371.80
1743 372.40
1744 375.00
1745 372.20
1746 371.60
1747 371.40
1748 369.40
1749 369.80
1750 368.40
1751 368.00
1752 369.40
1753 369.20
1754 369.00
1755 368.40
1756 366.60
1757 365.40
1758 363.60
1759 361.60
1760 358.60
1761 360.80
1762 361.40
1763 361.20
1764 362.20
1765 364.00
1766 364.40
1767 361.80
1768 361.40
1769 360.40
1770 362.60
1771 362.40
1772 362.60
1773 363.40
1774 363.80
1775 362.20
1776 361.60
1777 360.00
1778 360.80
1779 362.20
1780 360.20
1781 360.80
1782 363.40
1783 361.80
1784 363.40
1785 363.00
1786 363.20
1787 364.20
1788 365.40
1789 364.40
1790 364.20
1791 364.60
1792 365.00
1793 363.80
1794 363.60
1795 362.20
1796 359.20
1797 361.60
1798 361.80
1799 360.00
1800 381.00
1801 379.80
1802 378.60
1803 379.20
1804 379.00
1805 378.80
1806 380.20
1807 380.80
1808 380.60
1809 382.00
1810 383.20
1811 383.80
1812 383.20
1813 382.60
1814 382.80
1815 383.20
1816 383.60
1817 383.20
1818 385.20
1819 387.20
1820 387.40
1821 387.40
1822 385.40
1823 385.60
1824 386.40
1825 386.00
1826 387.40
1827 389.20
1828 388.40
1829 390.40
1830 389.60
1831 386.60
1832 386.60
1833 386.60
1834 384.60
1835 385.60
1836 385.20
1837 386.20
1838 387.20
1839 387.80
1840 388.60
1841 390.00
1842 389.40
1843 388.60
1844 388.00
1845 389.80
1846 389.40
1847 390.00
1848 390.60
1849 390.00
1850 391.80
1851 392.00
1852 390.80
1853 390.80
1854 390.80
1855 389.40
1856 389.60
1857 390.00
1858 391.40
1859 392.20
1860 394.40
1861 394.40
1862 395.00
1863 395.20
1864 394.60
1865 394.40
1866 393.40
1867 394.40
1868 395.00
1869 395.80
1870 393.80
1871 394.00
1872 393.60
1873 394.00
1874 394.20
1875 394.80
1876 395.20
1877 396.80
1878 395.80
1879 396.00
1880 395.60
1881 394.60
1882 392.40
1883 392.20
1884 393.40
1885 391.60
1886 391.80
1887 388.80
1888 390.20
1889 391.00
1890 389.20
1891 389.00
1892 387.40
1893 387.60
1894 387.80
1895 388.00
1896 387.60
1897 387.40
1898 387.20
1899 387.20
1900 388.20
1901 389.40
1902 390.60
1903 390.00
1904 390.20
1905 390.40
1906 389.00
1907 388.40
1908 388.60
1909 387.20
1910 386.00
1911 385.40
1912 386.00
1913 386.60
1914 386.40
1915 386.00
1916 385.60
1917 386.00
1918 384.00
1919 382.00
1920 381.80
1921 381.80
1922 383.80
1923 383.60
1924 382.80
1925 383.20
1926 381.80
1927 380.00
1928 380.80
1929 378.80
1930 379.60
1931 382.60
1932 382.60
1933 382.60
1934 384.60
1935 383.60
1936 384.00
1937 383.00
1938 382.00
1939 381.40
1940 380.60
1941 379.20
1942 379.80
1943 380.60
1944 381.20
1945 379.40
1946 379.80
1947 379.20
1948 378.60
1949 379.20
1950 377.40
1951 377.20
1952 378.40
1953 378.40
1954 378.40
1955 379.80
1956 379.60
1957 379.20
1958 377.80
1959 377.00
1960 374.80
1961 374.80
1962 374.20
1963 374.00
1964 374.60
1965 374.80
1966 375.80
1967 374.80
1968 374.20
1969 373.40
1970 375.40
1971 375.20
1972 375.60
1973 375.20
1974 375.00
1975 374.40
1976 374.00
1977 372.40
1978 373.40
1979 373.20
1980 373.60
1981 374.60
1982 376.80
1983 377.00
1984 375.80
1985 377.60
1986 377.40
1987 380.40
1988 379.00
1989 378.20
1990 380.00
1991 380.20
1992 381.80
1993 381.60
1994 381.40
1995 381.20
1996 381.60
1997 381.80
1998 382.00
1999 382.00
2000 339.40
2001 338.00
2002 336.40
2003 338.00
2004 340.00
2005 338.60
2006 338.60
2007 337.80
2008 336.80
2009 339.20
2010 340.20
2011 341.40
2012 341.20
2013 338.80
2014 338.80
2015 342.20
2016 341.60
2017 340.80
2018 341.80
2019 343.60
2020 344.20
2021 343.80
2022 342.00
2023 342.00
2024 343.00
2025 344.00
2026 345.20
2027 343.80
2028 345.40
2029 344.80
2030 344.80
2031 345.20
2032 345.20
2033 346.40
2034 345.20
2035 346.20
2036 343.80
2037 344.80
2038 346.00
2039 344.60
2040 346.00
2041 346.80
2042 347.60
2043 346.60
2044 345.00
2045 344.60
2046 344.20
2047 345.20
2048 346.00
2049 346.20
2050 348.60
2051 348.80
2052 346.20
2053 346.40
2054 345.80
2055 346.00
2056 347.60
2057 345.80
2058 345.60
2059 347.60
2060 349.80
2061 348.60
2062 350.40
2063 350.40
2064 348.20
2065 347.60
2066 347.20
2067 348.60
2068 349.20
2069 351.80
2070 350.60
2071 352.60
2072 352.00
2073 349.00
2074 347.20
2075 347.20
2076 347.40
2077 348.20
2078 347.40
2079 349.40
2080 348.60
2081 347.60
2082 345.20
2083 345.60
2084 346.40
2085 344.40
2086 344.00
2087 341.80
2088 345.00
2089 347.80
2090 346.40
2091 344.00
2092 344.60
2093 344.60
2094 344.80
2095 345.40
2096 349.20
2097 348.00
2098 347.80
2099 348.40
2100 346.60
2101 348.00
2102 349.60
2103 348.00
2104 346.00
2105 347.40
2106 347.40
2107 348.20
2108 349.20
2109 346.80
2110 345.80
2111 344.60
2112 344.80
2113 347.20
2114 347.20
2115 343.80
2116 344.40
2117 345.20
2118 344.20
2119 342.40
2120 341.80
2121 342.20
2122 344.00
2123 344.00
2124 343.00
2125 342.00
2126 340.80
2127 342.20
2128 340.60
2129 341.20
2130 341.20
2131 340.80
2132 340.80
2133 339.60
2134 340.80
2135 339.80
2136 342.20
2137 341.20
2138 340.00
2139 341.40
2140 340.00
2141 339.20
2142 338.40
2143 339.40
2144 341.00
2145 341.40
2146 341.80
2147 340.80
2148 340.00
2149 339.80
2150 337.40
2151 337.20
2152 339.80
2153 339.60
2154 340.20
2155 340.00
2156 338.40
2157 340.20
2158 340.40
2159 338.40
2160 336.20
2161 337.40
2162 335.60
2163 335.60
2164 337.80
2165 338.40
2166 338.80
2167 337.40
2168 336.80
2169 334.20
2170 335.40
2171 333.40
2172 334.00
2173 337.00
2174 338.80
2175 338.80
2176 338.60
2177 337.80
2178 338.60
2179 336.60
2180 337.40
2181 338.40
2182 340.80
2183 340.40
2184 339.60
2185 341.60
2186 342.00
2187 344.20
2188 341.00
2189 338.20
2190 339.60
2191 342.00
2192 341.40
2193 341.40
2194 341.20
2195 340.60
2196 336.80
2197 338.00
2198 338.20
2199 337.60
2200 344.60
2201 344.20
2202 344.60
2203 346.20
2204 348.00
2205 346.80
2206 348.00
2207 347.20
2208 347.00
2209 347.40
2210 348.60
2211 350.00
2212 349.80
2213 347.40
2214 349.40
2215 353.00
2216 353.20
2217 353.20
2218 354.20
2219 354.80
2220 355.20
2221 355.20
2222 353.20
2223 353.20
2224 353.00
2225 353.00
2226 353.80
2227 355.80
2228 355.00
2229 356.60
2230 357.00
2231 356.80
2232 356.80
2233 356.80
2234 355.60
2235 356.60
2236 356.20
2237 357.20
2238 358.80
2239 358.40
2240 360.00
2241 360.80
2242 361.60
2243 362.40
2244 361.40
2245 364.80
2246 364.40
2247 365.40
2248 365.80
2249 366.00
2250 367.20
2251 367.60
2252 365.60
2253 365.60
2254 365.40
2255 365.00
2256 366.40
2257 366.20
2258 367.40
2259 370.00
2260 371.80
2261 372.80
2262 373.60
2263 373.80
2264 373.40
2265 372.80
2266 372.00
2267 373.40
2268 374.00
2269 376.60
2270 377.20
2271 376.60
2272 376.20
2273 375.60
2274 373.40
2275 373.20
2276 373.80
2277 375.00
2278 374.20
2279 374.40
2280 375.00
2281 374.20
2282 371.80
2283 372.60
2284 372.00
2285 372.20
2286 372.00
2287 370.20
2288 368.60
2289 371.60
2290 370.80
2291 369.00
2292 367.00
2293 367.20
2294 367.40
2295 367.60
2296 370.80
2297 368.40
2298 368.20
2299 370.00
2300 370.80
2301 371.20
2302 370.80
2303 369.20
2304 367.40
2305 368.60
2306 367.40
2307 368.20
2308 368.40
2309 368.00
2310 366.80
2311 365.40
2312 365.60
2313 368.00
2314 366.00
2315 362.40
2316 362.20
2317 362.20
2318 361.20
2319 360.60
2320 360.20
2321 360.20
2322 362.20
2323 362.20
2324 362.40
2325 362.40
2326 361.60
2327 359.60
2328 360.40
2329 358.80
2330 358.40
2331 358.60
2332 358.60
2333 358.60
2334 359.80
2335 358.80
2336 359.20
2337 358.20
2338 356.60
2339 357.00
2340 355.40
2341 354.60
2342 353.80
2343 353.00
2344 354.00
2345 350.60
2346 351.00
2347 350.00
2348 349.60
2349 349.40
2350 348.20
2351 347.80
2352 349.80
2353 349.80
2354 350.00
2355 350.40
2356 349.00
2357 349.20
2358 348.00
2359 345.40
2360 343.60
2361 342.60
2362 341.80
2363 341.60
2364 342.00
2365 342.60
2366 343.40
2367 342.00
2368 341.40
2369 338.80
2370 338.20
2371 338.80
2372 339.20
2373 339.80
2374 342.00
2375 342.20
2376 341.60
2377 340.40
2378 341.20
2379 341.00
2380 340.40
2381 341.20
2382 343.60
2383 342.80
2384 343.40
2385 343.20
2386 343.40
2387 345.20
2388 346.80
2389 343.80
2390 344.60
2391 346.40
2392 348.40
2393 348.20
2394 348.00
2395 347.80
2396 344.60
2397 347.00
2398 347.20
2399 345.40
2400 362.60
2401 362.60
2402 361.80
2403 362.40
2404 362.60
2405 360.80
2406 363.20
2407 363.80
2408 363.60
2409 363.80
2410 365.00
2411 366.00
2412 366.00
2413 364.00
2414 366.00
2415 367.80
2416 368.20
2417 368.80
2418 370.20
2419 372.40
2420 372.80
2421 371.60
2422 369.80
2423 369.80
2424 371.40
2425 371.20
2426 373.00
2427 375.20
2428 374.80
2429 377.00
2430 376.40
2431 372.60
2432 372.60
2433 374.20
2434 372.60
2435 373.60
2436 373.80
2437 373.60
2438 374.20
2439 373.80
2440 374.40
2441 374.20
2442 374.00
2443 372.80
2444 370.60
2445 373.60
2446 373.20
2447 373.60
2448 375.60
2449 375.00
2450 377.40
2451 378.00
2452 377.60
2453 377.80
2454 377.80
2455 378.20
2456 379.60
2457 378.80
2458 380.20
2459 380.60
2460 383.20
2461 383.40
2462 383.20
2463 383.40
2464 384.40
2465 382.80
2466 381.80
2467 384.20
2468 384.80
2469 385.60
2470 384.20
2471 384.40
2472 384.00
2473 383.20
2474 380.80
2475 382.40
2476 382.60
2477 384.20
2478 383.40
2479 383.80
2480 385.40
2481 384.00
2482 381.20
2483 382.60
2484 381.60
2485 380.00
2486 379.80
2487 377.20
2488 376.40
2489 377.20
2490 377.20
2491 375.20
2492 373.20
2493 373.20
2494 373.40
2495 373.40
2496 377.00
2497 374.60
2498 374.40
2499 374.40
2500 373.20
2501 373.20
2502 374.00
2503 373.40
2504 373.20
2505 375.00
2506 372.60
2507 372.00
2508 372.20
2509 372.00
2510 370.80
2511 369.80
2512 369.80
2513 371.80
2514 369.80
2515 368.00
2516 367.60
2517 367.00
2518 365.60
2519 363.40
2520 363.00
2521 364.20
2522 366.00
2523 366.00
2524 364.40
2525 364.60
2526 362.80
2527 360.60
2528 361.00
2529 358.80
2530 359.40
2531 363.20
2532 363.20
2533 361.60
2534 363.20
2535 362.20
2536 362.00
2537 362.20
2538 361.60
2539 362.00
2540 361.40
2541 361.60
2542 361.80
2543 363.00
2544 365.20
2545 362.20
2546 362.60
2547 362.20
2548 360.20
2549 360.80
2550 358.40
2551 357.80
2552 358.20
2553 358.00
2554 358.00
2555 357.60
2556 356.20
2557 357.00
2558 355.60
2559 355.20
2560 352.60
2561 352.40
2562 352.60
2563 352.40
2564 351.40
2565 353.00
2566 354.00
2567 351.60
2568 351.00
2569 350.20
2570 351.60
2571 351.40
2572 351.80
2573 352.60
2574 355.00
2575 353.40
2576 353.20
2577 351.60
2578 352.40
2579 352.00
2580 350.40
2581 351.80
2582 354.60
2583 353.20
2584 354.20
2585 355.80
2586 356.00
2587 358.60
2588 359.40
2589 358.60
2590 358.60
2591 360.60
2592 362.60
2593 362.60
2594 362.40
2595 362.40
2596 358.80
2597 361.20
2598 361.40
2599 361.40
2600 359.00
2601 358.80
2602 358.00
2603 358.60
2604 358.60
2605 356.00
2606 358.40
2607 359.00
2608 359.80
2609 362.40
2610 363.60
2611 364.40
2612 364.40
2613 363.40
2614 366.00
2615 368.80
2616 367.40
2617 367.20
2618 369.40
2619 369.80
2620 370.00
2621 370.20
2622 367.80
2623 370.00
2624 369.20
2625 369.20
2626 371.60
2627 373.60
2628 374.60
2629 375.60
2630 374.80
2631 375.20
2632 374.80
2633 373.60
2634 371.00
2635 371.80
2636 370.60
2637 372.40
2638 373.00
2639 374.40
2640 375.20
2641 376.60
2642 376.60
2643 376.00
2644 375.40
2645 374.80
2646 374.20
2647 372.20
2648 373.60
2649 373.40
2650 375.00
2651 375.20
2652 374.00
2653 374.00
2654 373.80
2655 374.20
2656 374.20
2657 374.40
2658 375.80
2659 376.60
2660 379.00
2661 379.20
2662 380.00
2663 380.20
2664 379.60
2665 380.40
2666 379.60
2667 380.40
2668 380.40
2669 381.20
2670 378.80
2671 378.80
2672 378.40
2673 377.80
2674 375.80
2675 375.20
2676 375.60
2677 375.00
2678 373.80
2679 374.20
2680 376.60
2681 377.40
2682 374.60
2683 374.20
2684 372.80
2685 372.20
2686 371.80
2687 373.00
2688 373.20
2689 372.80
2690 371.40
2691 369.00
2692 368.00
2693 367.80
2694 367.80
2695 367.80
2696 371.20
2697 368.20
2698 368.20
2699 368.60
2700 367.80
2701 368.00
2702 368.80
2703 368.20
2704 368.20
2705 370.80
2706 368.40
2707 367.80
2708 367.00
2709 364.40
2710 363.20
2711 362.40
2712 362.40
2713 363.40
2714 360.80
2715 358.00
2716 359.40
2717 359.60
2718 357.40
2719 357.00
2720 356.80
2721 356.60
2722 359.00
2723 356.80
2724 357.60
2725 357.60
2726 355.20
2727 353.20
2728 352.20
2729 351.20
2730 352.00
2731 351.60
2732 352.00
2733 353.20
2734 355.80
2735 355.00
2736 356.20
2737 354.40
2738 353.80
2739 352.40
2740 351.60
2741 350.20
2742 350.20
2743 350.80
2744 351.40
2745 352.00
2746 352.60
2747 354.60
2748 353.20
2749 353.40
2750 351.80
2751 351.60
2752 352.80
2753 352.80
2754 353.00
2755 352.60
2756 352.60
2757 352.40
2758 351.00
2759 350.20
2760 347.80
2761 347.60
2762 346.80
2763 346.60
2764 347.20
2765 346.40
2766 347.20
2767 346.40
2768 346.40
2769 345.60
2770 348.00
2771 348.00
2772 348.40
2773 349.00
2774 351.00
2775 351.60
2776 351.20
2777 351.80
2778 353.00
2779 352.60
2780 350.20
2781 349.40
2782 352.20
2783 352.60
2784 354.00
2785 354.60
2786 355.00
2787 353.80
2788 353.60
2789 354.00
2790 355.40
2791 357.80
2792 358.80
2793 359.00
2794 359.00
2795 359.00
2796 355.60
2797 358.60
2798 358.60
2799 358.20
2800 388.40
2801 388.80
2802 388.60
2803 389.20
2804 389.00
2805 389.20
2806 388.60
2807 390.80
2808 390.40
2809 393.20
2810 394.40
2811 394.80
2812 393.60
2813 392.60
2814 394.20
2815 394.40
2816 395.20
2817 395.40
2818 394.80
2819 395.20
2820 395.40
2821 395.40
2822 393.40
2823 393.80
2824 395.20
2825 395.20
2826 396.20
2827 398.20
2828 397.80
2829 399.60
2830 399.00
2831 395.20
2832 395.20
2833 395.60
2834 394.00
2835 393.60
2836 392.40
2837 393.80
2838 394.20
2839 394.60
2840 395.20
2841 394.80
2842 394.20
2843 393.40
2844 392.80
2845 395.60
2846 395.20
2847 395.80
2848 396.60
2849 396.60
2850 399.20
2851 399.60
2852 397.60
2853 397.60
2854 397.80
2855 397.80
2856 397.80
2857 398.40
2858 397.60
2859 398.20
2860 400.40
2861 398.60
2862 399.40
2863 399.60
2864 398.80
2865 397.60
2866 396.60
2867 397.20
2868 398.00
2869 398.80
2870 399.20
2871 400.40
2872 400.00
2873 399.20
2874 396.60
2875 397.00
2876 397.60
2877 399.40
2878 398.20
2879 398.60
2880 398.20
2881 397.00
2882 394.40
2883 394.00
2884 393.00
2885 391.20
2886 391.40
2887 388.80
2888 388.80
2889 391.00
2890 391.00
2891 391.00
2892 389.60
2893 389.40
2894 389.60
2895 389.80
2896 393.80
2897 391.40
2898 391.40
2899 391.60
2900 392.40
2901 392.00
2902 392.20
2903 391.60
2904 391.80
2905 391.60
2906 392.20
2907 390.00
2908 390.40
2909 387.60
2910 386.40
2911 386.00
2912 387.20
2913 388.20
2914 386.60
2915 386.40
2916 385.60
2917 385.40
2918 386.00
2919 385.60
2920 385.40
2921 385.40
2922 387.40
2923 387.00
2924 385.60
2925 385.60
2926 384.60
2927 382.60
2928 383.00
2929 381.20
2930 381.80
2931 385.60
2932 385.60
2933 385.20
2934 386.80
2935 387.20
2936 388.40
2937 387.00
2938 386.60
2939 386.20
2940 385.60
2941 386.00
2942 386.60
2943 387.40
2944 388.00
2945 385.20
2946 385.60
2947 385.00
2948 384.20
2949 384.20
2950 381.60
2951 381.20
2952 383.20
2953 383.20
2954 383.00
2955 383.00
2956 383.00
2957 382.40
2958 383.20
2959 382.60
2960 380.40
2961 382.20
2962 381.40
2963 381.20
2964 382.00
2965 383.20
2966 384.20
2967 383.60
2968 382.80
2969 382.00
2970 381.60
2971 380.40
2972 380.80
2973 381.60
2974 384.20
2975 383.80
2976 383.20
2977 381.40
2978 382.60
2979 382.20
2980 382.60
2981 383.80
2982 386.40
2983 386.80
2984 387.80
2985 389.60
2986 389.40
2987 392.00
2988 392.00
2989 389.80
2990 389.80
2991 389.80
2992 391.20
2993 391.40
2994 391.20
2995 391.00
2996 387.00
2997 389.40
2998 389.40
2999 389.20
