0 0.03
75 0.06
150 0.09
225 0.13
300 0.26
375 0.18
450 0.10
525 0.07
600 0.11
675 0.28
750 0.32
825 0.22
900 -0.03
975 0.04
1050 0.22
1125 0.17
1200 0.16
1275 0.32
1350 0.32
1425 0.28
1500 0.25
1575 0.31
1650 0.30
1725 0.26
1800 0.24
1875 0.27
1950 0.24
2025 0.12
2100 0.29
2175 0.33
2250 0.36
2325 0.40
2400 0.41
2475 0.39
2550 0.38
2625 0.36
2700 0.39
2775 0.37
2850 0.39
2925 0.39
3000 0.34
3075 0.40
3150 0.36
3225 0.41
3300 0.40
3375 0.39
3450 0.39
3525 0.35
3600 0.40
3675 0.41
3750 0.37
3825 0.39
3900 0.37
3975 0.40
4050 0.41
4125 0.44
4200 0.32
4275 0.40
4350 0.41
4425 0.32
4500 0.37
4575 0.37
4650 0.39
4725 0.41
4800 0.37
4875 0.40
4950 0.40
5025 0.37
5100 0.39
5175 0.37
5250 0.41
5325 0.41
5400 0.41
5475 0.41
5550 0.41
5625 0.42
5700 0.36
5775 0.40
5850 0.42
5925 0.40
6000 0.38
6075 0.44
6150 0.38
6225 0.39
6300 0.39
6375 0.34
6450 0.42
6525 0.43
6600 0.40
6675 0.40
6750 0.41
6825 0.40
6900 0.39
6975 0.39
7050 0.43
7125 0.42
7200 0.38
7275 0.37
7350 0.40
7425 0.42
