0 -0.11
30 -0.09
60 -0.07
90 -0.04
120 -0.05
150 -0.06
180 0.00
210 -0.02
240 -0.07
270 -0.04
300 -0.03
330 -0.03
360 -0.04
390 0.04
420 0.05
450 0.07
480 0.06
510 0.04
540 0.05
570 0.05
600 0.12
630 0.17
660 0.19
690 0.19
720 0.22
750 0.19
780 0.23
810 0.28
840 0.27
870 0.25
900 0.25
930 0.20
960 0.22
990 0.28
1020 0.29
1050 0.29
1080 0.27
1110 0.29
1140 0.30
1170 0.28
1200 0.32
1230 0.33
1260 0.28
1290 0.31
1320 0.32
1350 0.32
1380 0.30
1410 0.27
1440 0.33
1470 0.33
1500 0.32
1530 0.32
1560 0.31
1590 0.33
1620 0.33
1650 0.34
1680 0.33
1710 0.35
1740 0.34
1770 0.35
1800 0.34
1830 0.33
1860 0.33
1890 0.33
1920 0.35
1950 0.35
1980 0.34
2010 0.32
2040 0.34
2070 0.33
2100 0.35
2130 0.35
2160 0.34
2190 0.36
2220 0.36
2250 0.35
2280 0.36
2310 0.35
2340 0.33
2370 0.33
2400 0.35
2430 0.35
2460 0.35
2490 0.33
2520 0.35
2550 0.36
2580 0.36
2610 0.35
2640 0.35
2670 0.36
2700 0.34
2730 0.34
2760 0.36
2790 0.35
2820 0.35
2850 0.35
2880 0.35
2910 0.35
2940 0.35
2970 0.36
