0 -0.14
30 -0.07
60 -0.05
90 -0.05
120 -0.05
150 -0.08
180 -0.03
210 -0.03
240 -0.04
270 -0.11
300 -0.02
330 -0.02
360 -0.06
390 0.15
420 0.16
450 0.05
480 -0.02
510 0.07
540 0.01
570 0.03
600 0.19
630 0.12
660 0.05
690 0.15
720 0.09
750 0.18
780 0.08
810 0.22
840 0.14
870 0.14
900 0.09
930 0.17
960 0.10
990 0.06
1020 0.07
1050 0.17
1080 0.14
1110 0.10
1140 0.14
1170 0.09
1200 0.24
1230 0.08
1260 0.04
1290 0.08
1320 0.18
1350 0.24
1380 0.27
1410 0.30
1440 0.18
1470 0.24
1500 0.22
1530 0.20
1560 0.19
1590 0.18
1620 0.21
1650 0.25
1680 0.24
1710 0.24
1740 0.23
1770 0.19
1800 0.10
1830 0.04
1860 0.10
1890 0.15
1920 0.18
1950 0.21
1980 0.23
2010 0.36
2040 0.35
2070 0.32
2100 0.26
2130 0.23
2160 0.29
2190 0.25
2220 0.27
2250 0.28
2280 0.25
2310 0.28
2340 0.28
2370 0.34
2400 0.41
2430 0.34
2460 0.31
2490 0.34
2520 0.28
2550 0.24
2580 0.30
2610 0.34
2640 0.27
2670 0.25
2700 0.21
2730 0.25
2760 0.26
2790 0.36
2820 0.33
2850 0.38
2880 0.39
2910 0.39
2940 0.39
2970 0.41
