0 200.00
1 340.00
2 320.00
3 220.00
4 160.00
5 160.00
6 260.00
7 360.00
8 180.00
9 320.00
10 200.00
11 300.00
12 260.00
13 220.00
14 160.00
15 280.00
16 200.00
17 220.00
18 360.00
19 300.00
20 160.00
21 160.00
22 320.00
23 320.00
24 420.00
25 220.00
26 260.00
27 360.00
28 260.00
29 420.00
30 400.00
31 320.00
32 340.00
33 300.00
34 360.00
35 200.00
36 320.00
37 160.00
38 380.00
39 340.00
40 240.00
41 200.00
42 280.00
43 280.00
44 380.00
45 220.00
46 320.00
47 360.00
48 280.00
49 240.00
50 180.00
51 300.00
52 320.00
53 320.00
54 140.00
55 300.00
56 360.00
57 360.00
58 180.00
59 340.00
60 220.00
61 300.00
62 340.00
63 160.00
64 320.00
65 180.00
66 320.00
67 280.00
68 280.00
69 300.00
70 180.00
71 360.00
72 160.00
73 280.00
74 260.00
75 280.00
76 300.00
77 260.00
78 180.00
79 360.00
80 300.00
81 440.00
82 260.00
83 240.00
84 320.00
85 240.00
86 320.00
87 180.00
88 320.00
89 280.00
90 160.00
91 300.00
92 240.00
93 220.00
94 180.00
95 380.00
96 140.00
97 220.00
98 180.00
99 320.00
100 340.00
101 300.00
102 340.00
103 280.00
104 320.00
105 300.00
106 320.00
107 200.00
108 260.00
109 420.00
110 320.00
111 180.00
112 220.00
113 320.00
114 180.00
115 280.00
116 360.00
117 340.00
118 180.00
119 140.00
120 180.00
121 360.00
122 280.00
123 140.00
124 280.00
125 300.00
126 320.00
127 320.00
128 360.00
129 340.00
130 200.00
131 280.00
132 240.00
133 220.00
134 320.00
135 180.00
136 180.00
137 420.00
138 200.00
139 200.00
140 180.00
141 200.00
142 380.00
143 320.00
144 200.00
145 300.00
146 180.00
147 420.00
148 220.00
149 220.00
150 380.00
151 180.00
152 140.00
153 240.00
154 280.00
155 200.00
156 320.00
157 320.00
158 340.00
159 320.00
160 300.00
161 300.00
162 320.00
163 200.00
164 300.00
165 300.00
166 260.00
167 380.00
168 280.00
169 260.00
170 180.00
171 220.00
172 160.00
173 400.00
174 300.00
175 280.00
176 300.00
177 260.00
178 180.00
179 180.00
180 340.00
181 320.00
182 320.00
183 300.00
184 280.00
185 180.00
186 280.00
187 440.00
188 200.00
189 300.00
190 180.00
191 180.00
192 320.00
193 200.00
194 180.00
195 280.00
196 220.00
197 260.00
198 320.00
199 220.00
200 200.00
201 160.00
202 260.00
203 320.00
204 320.00
205 200.00
206 360.00
207 280.00
208 200.00
209 160.00
210 380.00
211 300.00
212 240.00
213 360.00
214 340.00
215 160.00
216 380.00
217 320.00
218 260.00
219 220.00
220 420.00
221 420.00
222 460.00
223 440.00
224 180.00
225 440.00
226 460.00
227 200.00
228 180.00
229 440.00
230 200.00
231 200.00
232 500.00
233 180.00
234 200.00
235 200.00
236 340.00
237 180.00
238 480.00
239 220.00
240 280.00
241 280.00
242 400.00
243 320.00
244 200.00
245 380.00
246 380.00
247 200.00
248 360.00
249 340.00
250 200.00
251 160.00
252 200.00
253 160.00
254 200.00
255 380.00
256 340.00
257 260.00
258 440.00
259 340.00
260 360.00
261 200.00
262 460.00
263 360.00
264 320.00
265 180.00
266 360.00
267 400.00
268 420.00
269 420.00
270 360.00
271 140.00
272 180.00
273 340.00
274 320.00
275 280.00
276 380.00
277 180.00
278 320.00
279 440.00
280 420.00
281 400.00
282 380.00
283 320.00
284 160.00
285 200.00
286 400.00
287 440.00
288 460.00
289 260.00
290 460.00
291 340.00
292 260.00
293 360.00
294 500.00
295 440.00
296 380.00
297 380.00
298 380.00
299 360.00
300 320.00
301 260.00
302 440.00
303 360.00
304 280.00
305 480.00
306 380.00
307 460.00
308 200.00
309 140.00
310 280.00
311 460.00
312 360.00
313 240.00
314 280.00
315 160.00
316 340.00
317 440.00
318 400.00
319 400.00
320 300.00
321 320.00
322 420.00
323 380.00
324 460.00
325 340.00
326 200.00
327 360.00
328 420.00
329 320.00
330 260.00
331 380.00
332 280.00
333 280.00
334 160.00
335 260.00
336 160.00
337 320.00
338 440.00
339 320.00
340 380.00
341 200.00
342 240.00
343 320.00
344 500.00
345 400.00
346 240.00
347 380.00
348 300.00
349 340.00
350 320.00
351 140.00
352 360.00
353 340.00
354 440.00
355 240.00
356 360.00
357 480.00
358 220.00
359 280.00
360 400.00
361 180.00
362 460.00
363 340.00
364 360.00
365 400.00
366 460.00
367 420.00
368 380.00
369 400.00
370 400.00
371 340.00
372 180.00
373 360.00
374 240.00
375 200.00
376 360.00
377 200.00
378 320.00
379 180.00
380 380.00
381 220.00
382 360.00
383 160.00
384 160.00
385 400.00
386 380.00
387 140.00
388 340.00
389 420.00
390 380.00
391 400.00
392 320.00
393 420.00
394 460.00
395 380.00
396 220.00
397 400.00
398 240.00
399 400.00
400 300.00
401 140.00
402 180.00
403 300.00
404 320.00
405 320.00
406 320.00
407 340.00
408 200.00
409 320.00
410 380.00
411 280.00
412 180.00
413 200.00
414 380.00
415 380.00
416 240.00
417 400.00
418 180.00
419 180.00
420 280.00
421 360.00
422 380.00
423 160.00
424 360.00
425 380.00
426 380.00
427 460.00
428 180.00
429 200.00
430 420.00
431 420.00
432 360.00
433 380.00
434 300.00
435 320.00
436 500.00
437 420.00
438 440.00
439 420.00
440 340.00
441 380.00
442 320.00
443 420.00
444 220.00
445 420.00
446 320.00
447 420.00
448 420.00
449 400.00
450 360.00
451 360.00
452 340.00
453 360.00
454 460.00
455 280.00
456 200.00
457 160.00
458 440.00
459 360.00
460 380.00
461 340.00
462 320.00
463 420.00
464 420.00
465 400.00
466 360.00
467 200.00
468 380.00
469 460.00
470 420.00
471 360.00
472 400.00
473 200.00
474 340.00
475 360.00
476 400.00
477 340.00
478 400.00
479 240.00
480 400.00
481 360.00
482 340.00
483 360.00
484 440.00
485 360.00
486 380.00
487 320.00
488 400.00
489 420.00
490 200.00
491 380.00
492 500.00
493 360.00
494 460.00
495 340.00
496 300.00
497 260.00
498 260.00
499 420.00
500 320.00
501 400.00
502 420.00
503 360.00
504 400.00
505 380.00
506 420.00
507 440.00
508 380.00
509 340.00
510 300.00
511 160.00
512 380.00
513 380.00
514 440.00
515 480.00
516 340.00
517 200.00
518 300.00
519 180.00
520 420.00
521 360.00
522 340.00
523 180.00
524 260.00
525 360.00
526 340.00
527 200.00
528 440.00
529 340.00
530 220.00
531 180.00
532 380.00
533 340.00
534 460.00
535 340.00
536 340.00
537 160.00
538 400.00
539 320.00
540 360.00
541 360.00
542 500.00
543 440.00
544 180.00
545 220.00
546 320.00
547 380.00
548 160.00
549 460.00
550 420.00
551 220.00
552 440.00
553 320.00
554 320.00
555 220.00
556 360.00
557 340.00
558 420.00
559 340.00
560 220.00
561 400.00
562 200.00
563 220.00
564 340.00
565 240.00
566 380.00
567 320.00
568 220.00
569 340.00
570 300.00
571 360.00
572 180.00
573 400.00
574 380.00
575 360.00
576 480.00
577 180.00
578 300.00
579 300.00
580 400.00
581 380.00
582 320.00
583 320.00
584 300.00
585 320.00
586 160.00
587 340.00
588 440.00
589 300.00
590 440.00
591 380.00
592 220.00
593 420.00
594 220.00
595 380.00
596 440.00
597 160.00
598 340.00
599 300.00
600 180.00
601 180.00
602 400.00
603 320.00
604 180.00
605 140.00
606 220.00
607 300.00
608 480.00
609 300.00
610 260.00
611 400.00
612 340.00
613 240.00
614 160.00
615 420.00
616 500.00
617 300.00
618 180.00
619 260.00
620 380.00
621 140.00
622 460.00
623 300.00
624 320.00
625 340.00
626 440.00
627 280.00
628 180.00
629 200.00
630 220.00
631 180.00
632 340.00
633 340.00
634 340.00
635 240.00
636 380.00
637 400.00
638 380.00
639 380.00
640 200.00
641 380.00
642 380.00
643 420.00
644 360.00
645 400.00
646 380.00
647 200.00
648 160.00
649 360.00
650 380.00
651 300.00
652 220.00
653 280.00
654 460.00
655 300.00
656 400.00
657 300.00
658 400.00
659 460.00
660 360.00
661 200.00
662 240.00
663 200.00
664 280.00
665 400.00
666 440.00
667 380.00
668 340.00
669 240.00
670 400.00
671 300.00
672 320.00
673 200.00
674 300.00
675 400.00
676 400.00
677 200.00
678 240.00
679 420.00
680 420.00
681 340.00
682 380.00
683 320.00
684 360.00
685 360.00
686 420.00
687 200.00
688 440.00
689 360.00
690 400.00
691 420.00
692 340.00
693 320.00
694 360.00
695 320.00
696 360.00
697 400.00
698 240.00
699 220.00
700 220.00
701 180.00
702 360.00
703 360.00
704 200.00
705 380.00
706 380.00
707 360.00
708 320.00
709 300.00
710 420.00
711 380.00
712 360.00
713 420.00
714 340.00
715 340.00
716 400.00
717 380.00
718 360.00
719 160.00
720 340.00
721 400.00
722 180.00
723 340.00
724 420.00
725 280.00
726 200.00
727 200.00
728 180.00
729 320.00
730 360.00
731 360.00
732 320.00
733 160.00
734 380.00
735 340.00
736 320.00
737 200.00
738 380.00
739 360.00
740 340.00
741 280.00
742 420.00
743 380.00
744 300.00
745 200.00
746 300.00
747 340.00
748 400.00
749 360.00
750 460.00
751 440.00
752 200.00
753 340.00
754 340.00
755 380.00
756 280.00
757 160.00
758 420.00
759 140.00
760 380.00
761 180.00
762 220.00
763 360.00
764 440.00
765 360.00
766 340.00
767 320.00
768 200.00
769 340.00
770 200.00
771 280.00
772 240.00
773 380.00
774 440.00
775 400.00
776 460.00
777 460.00
778 360.00
779 200.00
780 400.00
781 420.00
782 340.00
783 340.00
784 380.00
785 380.00
786 420.00
787 180.00
788 200.00
789 180.00
790 420.00
791 400.00
792 380.00
793 360.00
794 360.00
795 380.00
796 320.00
797 360.00
798 340.00
799 200.00
800 320.00
801 360.00
802 360.00
803 180.00
804 260.00
805 420.00
806 200.00
807 180.00
808 280.00
809 420.00
810 200.00
811 280.00
812 160.00
813 200.00
814 360.00
815 240.00
816 260.00
817 360.00
818 160.00
819 360.00
820 340.00
821 420.00
822 220.00
823 340.00
824 220.00
825 320.00
826 320.00
827 440.00
828 420.00
829 320.00
830 180.00
831 180.00
832 380.00
833 160.00
834 340.00
835 420.00
836 280.00
837 340.00
838 140.00
839 460.00
840 300.00
841 160.00
842 180.00
843 380.00
844 460.00
845 240.00
846 320.00
847 500.00
848 280.00
849 400.00
850 220.00
851 200.00
852 420.00
853 280.00
854 240.00
855 420.00
856 220.00
857 420.00
858 380.00
859 340.00
860 400.00
861 280.00
862 120.00
863 380.00
864 180.00
865 320.00
866 300.00
867 340.00
868 420.00
869 180.00
870 220.00
871 380.00
872 360.00
873 280.00
874 280.00
875 380.00
876 340.00
877 360.00
878 380.00
879 420.00
880 440.00
881 300.00
882 500.00
883 380.00
884 340.00
885 400.00
886 360.00
887 180.00
888 400.00
889 380.00
890 340.00
891 340.00
892 220.00
893 360.00
894 360.00
895 360.00
896 380.00
897 300.00
898 320.00
899 300.00
900 400.00
901 400.00
902 500.00
903 480.00
904 420.00
905 360.00
906 480.00
907 440.00
908 440.00
909 500.00
910 360.00
911 360.00
912 300.00
913 220.00
914 400.00
915 440.00
916 380.00
917 220.00
918 420.00
919 200.00
920 320.00
921 400.00
922 340.00
923 340.00
924 420.00
925 360.00
926 180.00
927 380.00
928 360.00
929 360.00
930 340.00
931 440.00
932 420.00
933 340.00
934 360.00
935 200.00
936 200.00
937 220.00
938 420.00
939 400.00
940 400.00
941 320.00
942 320.00
943 380.00
944 380.00
945 220.00
946 340.00
947 380.00
948 400.00
949 420.00
950 360.00
951 400.00
952 420.00
953 360.00
954 440.00
955 300.00
956 400.00
957 300.00
958 340.00
959 440.00
960 320.00
961 340.00
962 220.00
963 380.00
964 340.00
965 380.00
966 240.00
967 200.00
968 320.00
969 480.00
970 360.00
971 300.00
972 280.00
973 180.00
974 280.00
975 400.00
976 360.00
977 220.00
978 340.00
979 360.00
980 200.00
981 200.00
982 360.00
983 300.00
984 420.00
985 340.00
986 180.00
987 220.00
988 300.00
989 280.00
990 360.00
991 440.00
992 380.00
993 360.00
994 300.00
995 340.00
996 200.00
997 400.00
998 340.00
999 500.00
1000 240.00
1001 340.00
1002 340.00
1003 280.00
1004 400.00
1005 420.00
1006 400.00
1007 280.00
1008 360.00
1009 180.00
1010 340.00
1011 400.00
1012 460.00
1013 320.00
1014 260.00
1015 380.00
1016 180.00
1017 320.00
1018 340.00
1019 240.00
1020 200.00
1021 320.00
1022 200.00
1023 440.00
1024 160.00
1025 300.00
1026 420.00
1027 320.00
1028 260.00
1029 180.00
1030 260.00
1031 280.00
1032 360.00
1033 240.00
1034 380.00
1035 240.00
1036 340.00
1037 120.00
1038 280.00
1039 320.00
1040 180.00
1041 320.00
1042 280.00
1043 320.00
1044 360.00
1045 240.00
1046 340.00
1047 400.00
1048 320.00
1049 380.00
1050 240.00
1051 380.00
1052 360.00
1053 380.00
1054 220.00
1055 380.00
1056 320.00
1057 160.00
1058 320.00
1059 380.00
1060 280.00
1061 340.00
1062 340.00
1063 180.00
1064 400.00
1065 460.00
1066 300.00
1067 300.00
1068 360.00
1069 220.00
1070 200.00
1071 180.00
1072 360.00
1073 360.00
1074 200.00
1075 400.00
1076 440.00
1077 400.00
1078 300.00
1079 360.00
1080 340.00
1081 400.00
1082 340.00
1083 220.00
1084 320.00
1085 380.00
1086 340.00
1087 200.00
1088 180.00
1089 440.00
1090 420.00
1091 400.00
1092 200.00
1093 180.00
1094 380.00
1095 380.00
1096 200.00
1097 300.00
1098 380.00
1099 360.00
1100 320.00
1101 360.00
1102 340.00
1103 300.00
1104 180.00
1105 380.00
1106 360.00
1107 140.00
1108 360.00
1109 360.00
1110 180.00
1111 400.00
1112 300.00
1113 460.00
1114 200.00
1115 380.00
1116 400.00
1117 300.00
1118 340.00
1119 460.00
1120 440.00
1121 400.00
1122 400.00
1123 340.00
1124 200.00
1125 220.00
1126 200.00
1127 220.00
1128 380.00
1129 440.00
1130 420.00
1131 400.00
1132 440.00
1133 160.00
1134 380.00
1135 200.00
1136 200.00
1137 280.00
1138 200.00
1139 320.00
1140 400.00
1141 360.00
1142 180.00
1143 340.00
1144 420.00
1145 220.00
1146 220.00
1147 200.00
1148 440.00
1149 280.00
1150 400.00
1151 440.00
1152 340.00
1153 400.00
1154 340.00
1155 160.00
1156 420.00
1157 360.00
1158 360.00
1159 360.00
1160 320.00
1161 380.00
1162 380.00
1163 380.00
1164 400.00
1165 220.00
1166 380.00
1167 420.00
1168 320.00
1169 340.00
1170 380.00
1171 220.00
1172 440.00
1173 200.00
1174 320.00
1175 500.00
1176 320.00
1177 400.00
1178 380.00
1179 200.00
1180 160.00
1181 340.00
1182 400.00
1183 400.00
1184 360.00
1185 400.00
1186 340.00
1187 320.00
1188 380.00
1189 380.00
1190 280.00
1191 200.00
1192 380.00
1193 360.00
1194 360.00
1195 300.00
1196 340.00
1197 300.00
1198 320.00
1199 340.00
1200 380.00
1201 320.00
1202 340.00
1203 400.00
1204 480.00
1205 320.00
1206 420.00
1207 340.00
1208 340.00
1209 440.00
1210 420.00
1211 320.00
1212 360.00
1213 360.00
1214 160.00
1215 300.00
1216 380.00
1217 260.00
1218 160.00
1219 200.00
1220 440.00
1221 340.00
1222 280.00
1223 320.00
1224 160.00
1225 400.00
1226 440.00
1227 200.00
1228 420.00
1229 160.00
1230 260.00
1231 200.00
1232 380.00
1233 260.00
1234 380.00
1235 320.00
1236 180.00
1237 200.00
1238 120.00
1239 420.00
1240 420.00
1241 360.00
1242 180.00
1243 380.00
1244 400.00
1245 380.00
1246 200.00
1247 340.00
1248 200.00
1249 460.00
1250 320.00
1251 180.00
1252 420.00
1253 380.00
1254 300.00
1255 400.00
1256 180.00
1257 320.00
1258 160.00
1259 380.00
1260 300.00
1261 420.00
1262 320.00
1263 220.00
1264 420.00
1265 360.00
1266 340.00
1267 400.00
1268 200.00
1269 320.00
1270 420.00
1271 320.00
1272 200.00
1273 400.00
1274 180.00
1275 360.00
1276 360.00
1277 340.00
1278 260.00
1279 260.00
1280 460.00
1281 400.00
1282 440.00
1283 360.00
1284 360.00
1285 380.00
1286 400.00
1287 320.00
1288 340.00
1289 440.00
1290 180.00
1291 420.00
1292 440.00
1293 400.00
1294 360.00
1295 380.00
1296 240.00
1297 340.00
1298 380.00
1299 300.00
1300 260.00
1301 400.00
1302 360.00
1303 460.00
1304 220.00
1305 400.00
1306 340.00
1307 220.00
1308 360.00
1309 200.00
1310 440.00
1311 360.00
1312 320.00
1313 200.00
1314 440.00
1315 400.00
1316 120.00
1317 380.00
1318 120.00
1319 280.00
1320 380.00
1321 300.00
1322 440.00
1323 480.00
1324 320.00
1325 460.00
1326 500.00
1327 340.00
1328 400.00
1329 360.00
1330 180.00
1331 320.00
1332 280.00
1333 380.00
1334 200.00
1335 420.00
1336 360.00
1337 120.00
1338 200.00
1339 400.00
1340 380.00
1341 400.00
1342 380.00
1343 360.00
1344 160.00
1345 320.00
1346 360.00
1347 180.00
1348 460.00
1349 280.00
1350 380.00
1351 320.00
1352 180.00
1353 340.00
1354 380.00
1355 340.00
1356 340.00
1357 380.00
1358 220.00
1359 300.00
1360 420.00
1361 400.00
1362 380.00
1363 340.00
1364 220.00
1365 340.00
1366 320.00
1367 300.00
1368 300.00
1369 380.00
1370 220.00
1371 340.00
1372 420.00
1373 320.00
1374 300.00
1375 360.00
1376 380.00
1377 420.00
1378 420.00
1379 300.00
1380 380.00
1381 340.00
1382 360.00
1383 340.00
1384 340.00
1385 360.00
1386 340.00
1387 320.00
1388 300.00
1389 220.00
1390 180.00
1391 440.00
1392 420.00
1393 360.00
1394 360.00
1395 400.00
1396 320.00
1397 380.00
1398 380.00
1399 320.00
1400 340.00
1401 480.00
1402 400.00
1403 340.00
1404 200.00
1405 160.00
1406 360.00
1407 380.00
1408 300.00
1409 380.00
1410 220.00
1411 280.00
1412 200.00
1413 300.00
1414 280.00
1415 160.00
1416 260.00
1417 400.00
1418 280.00
1419 320.00
1420 360.00
1421 280.00
1422 400.00
1423 180.00
1424 340.00
1425 260.00
1426 300.00
1427 260.00
1428 360.00
1429 380.00
1430 400.00
1431 260.00
1432 360.00
1433 380.00
1434 300.00
1435 440.00
1436 220.00
1437 200.00
1438 140.00
1439 340.00
1440 360.00
1441 320.00
1442 360.00
1443 400.00
1444 420.00
1445 200.00
1446 340.00
1447 180.00
1448 360.00
1449 340.00
1450 260.00
1451 160.00
1452 180.00
1453 320.00
1454 340.00
1455 340.00
1456 380.00
1457 340.00
1458 320.00
1459 300.00
1460 400.00
1461 320.00
1462 380.00
1463 220.00
1464 380.00
1465 360.00
1466 200.00
1467 360.00
1468 360.00
1469 380.00
1470 420.00
1471 340.00
1472 280.00
1473 360.00
1474 200.00
1475 380.00
1476 420.00
1477 360.00
1478 240.00
1479 380.00
1480 320.00
1481 440.00
1482 220.00
1483 320.00
1484 360.00
1485 260.00
1486 340.00
1487 400.00
1488 340.00
1489 380.00
1490 360.00
1491 380.00
1492 340.00
1493 340.00
1494 320.00
1495 340.00
1496 500.00
1497 380.00
1498 320.00
1499 400.00
1500 360.00
1501 440.00
1502 200.00
1503 260.00
1504 200.00
1505 180.00
1506 280.00
1507 240.00
1508 140.00
1509 180.00
1510 360.00
1511 320.00
1512 380.00
1513 160.00
1514 380.00
1515 360.00
1516 380.00
1517 200.00
1518 380.00
1519 200.00
1520 380.00
1521 380.00
1522 200.00
1523 140.00
1524 500.00
1525 420.00
1526 360.00
1527 320.00
1528 260.00
1529 420.00
1530 220.00
1531 220.00
1532 200.00
1533 340.00
1534 400.00
1535 220.00
1536 220.00
1537 300.00
1538 420.00
1539 240.00
1540 260.00
1541 200.00
1542 480.00
1543 180.00
1544 340.00
1545 220.00
1546 240.00
1547 300.00
1548 280.00
1549 340.00
1550 460.00
1551 380.00
1552 340.00
1553 360.00
1554 360.00
1555 360.00
1556 320.00
1557 340.00
1558 300.00
1559 340.00
1560 340.00
1561 480.00
1562 200.00
1563 400.00
1564 340.00
1565 380.00
1566 360.00
1567 280.00
1568 400.00
1569 480.00
1570 200.00
1571 360.00
1572 420.00
1573 320.00
1574 200.00
1575 360.00
1576 200.00
1577 240.00
1578 180.00
1579 420.00
1580 360.00
1581 340.00
1582 360.00
1583 460.00
1584 320.00
1585 300.00
1586 340.00
1587 380.00
1588 300.00
1589 340.00
1590 360.00
1591 400.00
1592 500.00
1593 260.00
1594 360.00
1595 440.00
1596 420.00
1597 460.00
1598 400.00
1599 400.00
1600 400.00
1601 160.00
1602 180.00
1603 200.00
1604 320.00
1605 380.00
1606 500.00
1607 200.00
1608 340.00
1609 320.00
1610 420.00
1611 400.00
1612 440.00
1613 360.00
1614 320.00
1615 140.00
1616 420.00
1617 360.00
1618 320.00
1619 340.00
1620 340.00
1621 340.00
1622 160.00
1623 260.00
1624 360.00
1625 220.00
1626 300.00
1627 360.00
1628 500.00
1629 380.00
1630 300.00
1631 200.00
1632 160.00
1633 500.00
1634 320.00
1635 380.00
1636 360.00
1637 420.00
1638 220.00
1639 260.00
1640 320.00
1641 340.00
1642 320.00
1643 160.00
1644 180.00
1645 380.00
1646 240.00
1647 160.00
1648 180.00
1649 420.00
1650 360.00
1651 280.00
1652 260.00
1653 260.00
1654 360.00
1655 300.00
1656 340.00
1657 360.00
1658 460.00
1659 380.00
1660 340.00
1661 380.00
1662 360.00
1663 400.00
1664 320.00
1665 320.00
1666 380.00
1667 320.00
1668 380.00
1669 360.00
1670 320.00
1671 380.00
1672 360.00
1673 180.00
1674 360.00
1675 400.00
1676 380.00
1677 260.00
1678 440.00
1679 320.00
1680 180.00
1681 220.00
1682 300.00
1683 360.00
1684 280.00
1685 380.00
1686 300.00
1687 340.00
1688 360.00
1689 180.00
1690 380.00
1691 320.00
1692 340.00
1693 260.00
1694 320.00
1695 260.00
1696 440.00
1697 280.00
1698 360.00
1699 360.00
1700 340.00
1701 420.00
1702 320.00
1703 360.00
1704 380.00
1705 360.00
1706 440.00
1707 400.00
1708 300.00
1709 340.00
1710 340.00
1711 300.00
1712 340.00
1713 380.00
1714 460.00
1715 360.00
1716 400.00
1717 320.00
1718 420.00
1719 320.00
1720 380.00
1721 340.00
1722 340.00
1723 140.00
1724 200.00
1725 400.00
1726 340.00
1727 400.00
1728 180.00
1729 180.00
1730 340.00
1731 380.00
1732 340.00
1733 420.00
1734 280.00
1735 380.00
1736 380.00
1737 380.00
1738 320.00
1739 340.00
1740 360.00
1741 380.00
1742 320.00
1743 480.00
1744 200.00
1745 360.00
1746 320.00
1747 180.00
1748 340.00
1749 340.00
1750 500.00
1751 280.00
1752 340.00
1753 420.00
1754 420.00
1755 340.00
1756 180.00
1757 160.00
1758 420.00
1759 380.00
1760 360.00
1761 360.00
1762 200.00
1763 240.00
1764 200.00
1765 300.00
1766 300.00
1767 440.00
1768 380.00
1769 440.00
1770 260.00
1771 220.00
1772 140.00
1773 480.00
1774 360.00
1775 360.00
1776 420.00
1777 200.00
1778 320.00
1779 340.00
1780 340.00
1781 300.00
1782 480.00
1783 340.00
1784 360.00
1785 460.00
1786 360.00
1787 300.00
1788 380.00
1789 380.00
1790 360.00
1791 400.00
1792 160.00
1793 300.00
1794 300.00
1795 240.00
1796 180.00
1797 300.00
1798 280.00
1799 340.00
1800 300.00
1801 300.00
1802 320.00
1803 420.00
1804 220.00
1805 420.00
1806 260.00
1807 400.00
1808 420.00
1809 340.00
1810 420.00
1811 380.00
1812 300.00
1813 340.00
1814 180.00
1815 420.00
1816 320.00
1817 400.00
1818 360.00
1819 180.00
1820 480.00
1821 200.00
1822 160.00
1823 340.00
1824 480.00
1825 240.00
1826 360.00
1827 180.00
1828 380.00
1829 440.00
1830 340.00
1831 280.00
1832 480.00
1833 340.00
1834 200.00
1835 100.00
1836 460.00
1837 340.00
1838 280.00
1839 360.00
1840 200.00
1841 400.00
1842 360.00
1843 380.00
1844 420.00
1845 340.00
1846 400.00
1847 380.00
1848 340.00
1849 340.00
1850 340.00
1851 340.00
1852 280.00
1853 260.00
1854 400.00
1855 240.00
1856 140.00
1857 420.00
1858 400.00
1859 200.00
1860 380.00
1861 300.00
1862 480.00
1863 160.00
1864 500.00
1865 300.00
1866 200.00
1867 320.00
1868 300.00
1869 180.00
1870 380.00
1871 400.00
1872 300.00
1873 120.00
1874 340.00
1875 300.00
1876 160.00
1877 320.00
1878 180.00
1879 300.00
1880 360.00
1881 400.00
1882 180.00
1883 340.00
1884 360.00
1885 380.00
1886 360.00
1887 160.00
1888 320.00
1889 360.00
1890 340.00
1891 360.00
1892 160.00
1893 360.00
1894 240.00
1895 300.00
1896 360.00
1897 460.00
1898 340.00
1899 380.00
1900 400.00
1901 340.00
1902 420.00
1903 360.00
1904 380.00
1905 400.00
1906 260.00
1907 340.00
1908 360.00
1909 360.00
1910 320.00
1911 340.00
1912 160.00
1913 160.00
1914 360.00
1915 420.00
1916 300.00
1917 340.00
1918 360.00
1919 380.00
1920 400.00
1921 360.00
1922 220.00
1923 180.00
1924 400.00
1925 380.00
1926 480.00
1927 360.00
1928 400.00
1929 300.00
1930 500.00
1931 440.00
1932 280.00
1933 440.00
1934 440.00
1935 200.00
1936 320.00
1937 420.00
1938 400.00
1939 180.00
1940 300.00
1941 360.00
1942 360.00
1943 380.00
1944 140.00
1945 180.00
1946 200.00
1947 180.00
1948 360.00
1949 300.00
1950 300.00
1951 380.00
1952 360.00
1953 320.00
1954 300.00
1955 300.00
1956 380.00
1957 400.00
1958 300.00
1959 260.00
1960 320.00
1961 500.00
1962 300.00
1963 480.00
1964 340.00
1965 360.00
1966 360.00
1967 280.00
1968 360.00
1969 400.00
1970 320.00
1971 240.00
1972 460.00
1973 220.00
1974 320.00
1975 380.00
1976 340.00
1977 240.00
1978 160.00
1979 320.00
1980 140.00
1981 140.00
1982 400.00
1983 260.00
1984 360.00
1985 380.00
1986 380.00
1987 480.00
1988 380.00
1989 140.00
1990 360.00
1991 380.00
1992 200.00
1993 300.00
1994 320.00
1995 320.00
1996 440.00
1997 180.00
1998 320.00
1999 360.00
2000 380.00
2001 460.00
2002 220.00
2003 360.00
2004 360.00
2005 460.00
2006 400.00
2007 200.00
2008 320.00
2009 140.00
2010 180.00
2011 300.00
2012 300.00
2013 380.00
2014 260.00
2015 180.00
2016 320.00
2017 240.00
2018 280.00
2019 360.00
2020 380.00
2021 300.00
2022 180.00
2023 260.00
2024 280.00
2025 320.00
2026 140.00
2027 160.00
2028 340.00
2029 320.00
2030 380.00
2031 380.00
2032 440.00
2033 120.00
2034 440.00
2035 440.00
2036 400.00
2037 160.00
2038 360.00
2039 340.00
2040 360.00
2041 180.00
2042 380.00
2043 500.00
2044 180.00
2045 220.00
2046 460.00
2047 200.00
2048 400.00
2049 220.00
2050 300.00
2051 380.00
2052 360.00
2053 440.00
2054 200.00
2055 360.00
2056 400.00
2057 200.00
2058 280.00
2059 140.00
2060 180.00
2061 380.00
2062 360.00
2063 320.00
2064 380.00
2065 400.00
2066 360.00
2067 380.00
2068 220.00
2069 180.00
2070 420.00
2071 380.00
2072 200.00
2073 320.00
2074 100.00
2075 480.00
2076 340.00
2077 260.00
2078 140.00
2079 360.00
2080 380.00
2081 200.00
2082 500.00
2083 200.00
2084 160.00
2085 380.00
2086 280.00
2087 160.00
2088 380.00
2089 420.00
2090 360.00
2091 340.00
2092 280.00
2093 280.00
2094 340.00
2095 180.00
2096 260.00
2097 220.00
2098 420.00
2099 320.00
2100 380.00
2101 380.00
2102 260.00
2103 400.00
2104 380.00
2105 320.00
2106 240.00
2107 400.00
2108 180.00
2109 340.00
2110 240.00
2111 140.00
2112 480.00
2113 400.00
2114 120.00
2115 260.00
2116 360.00
2117 300.00
2118 200.00
2119 380.00
2120 320.00
2121 340.00
2122 320.00
2123 240.00
2124 220.00
2125 380.00
2126 300.00
2127 420.00
2128 240.00
2129 200.00
2130 320.00
2131 180.00
2132 180.00
2133 120.00
2134 180.00
2135 340.00
2136 160.00
2137 240.00
2138 280.00
2139 200.00
2140 320.00
2141 300.00
2142 360.00
2143 400.00
2144 340.00
2145 240.00
2146 320.00
2147 320.00
2148 360.00
2149 380.00
2150 460.00
2151 380.00
2152 180.00
2153 380.00
2154 440.00
2155 200.00
2156 400.00
2157 160.00
2158 180.00
2159 300.00
2160 420.00
2161 380.00
2162 180.00
2163 440.00
2164 200.00
2165 420.00
2166 320.00
2167 260.00
2168 200.00
2169 380.00
2170 400.00
2171 400.00
2172 180.00
2173 280.00
2174 300.00
2175 320.00
2176 340.00
2177 360.00
2178 440.00
2179 180.00
2180 140.00
2181 460.00
2182 380.00
2183 140.00
2184 300.00
2185 320.00
2186 380.00
2187 380.00
2188 260.00
2189 420.00
2190 340.00
2191 360.00
2192 320.00
2193 420.00
2194 240.00
2195 440.00
2196 120.00
2197 360.00
2198 220.00
2199 380.00
2200 500.00
2201 440.00
2202 440.00
2203 320.00
2204 380.00
2205 400.00
2206 180.00
2207 360.00
2208 200.00
2209 400.00
2210 220.00
2211 420.00
2212 400.00
2213 420.00
2214 200.00
2215 360.00
2216 200.00
2217 360.00
2218 360.00
2219 200.00
2220 400.00
2221 280.00
2222 320.00
2223 160.00
2224 380.00
2225 320.00
2226 340.00
2227 140.00
2228 400.00
2229 260.00
2230 320.00
2231 320.00
2232 340.00
2233 420.00
2234 160.00
2235 180.00
2236 320.00
2237 320.00
2238 300.00
2239 340.00
2240 380.00
2241 220.00
2242 220.00
2243 360.00
2244 220.00
2245 340.00
2246 320.00
2247 440.00
2248 360.00
2249 380.00
2250 320.00
2251 500.00
2252 360.00
2253 380.00
2254 280.00
2255 360.00
2256 340.00
2257 400.00
2258 360.00
2259 380.00
2260 480.00
2261 480.00
2262 400.00
2263 380.00
2264 240.00
2265 220.00
2266 340.00
2267 400.00
2268 180.00
2269 380.00
2270 400.00
2271 400.00
2272 400.00
2273 240.00
2274 200.00
2275 320.00
2276 400.00
2277 440.00
2278 320.00
2279 320.00
2280 340.00
2281 280.00
2282 380.00
2283 480.00
2284 440.00
2285 360.00
2286 380.00
2287 440.00
2288 340.00
2289 180.00
2290 440.00
2291 400.00
2292 320.00
2293 340.00
2294 260.00
2295 380.00
2296 200.00
2297 300.00
2298 340.00
2299 380.00
2300 420.00
2301 180.00
2302 360.00
2303 140.00
2304 240.00
2305 140.00
2306 380.00
2307 260.00
2308 320.00
2309 420.00
2310 360.00
2311 360.00
2312 140.00
2313 400.00
2314 240.00
2315 380.00
2316 280.00
2317 300.00
2318 340.00
2319 440.00
2320 400.00
2321 240.00
2322 340.00
2323 220.00
2324 340.00
2325 380.00
2326 140.00
2327 440.00
2328 340.00
2329 400.00
2330 320.00
2331 380.00
2332 360.00
2333 200.00
2334 360.00
2335 260.00
2336 320.00
2337 460.00
2338 360.00
2339 380.00
2340 220.00
2341 340.00
2342 420.00
2343 360.00
2344 420.00
2345 460.00
2346 420.00
2347 200.00
2348 360.00
2349 320.00
2350 280.00
2351 340.00
2352 360.00
2353 300.00
2354 340.00
2355 340.00
2356 300.00
2357 420.00
2358 200.00
2359 180.00
2360 400.00
2361 360.00
2362 280.00
2363 360.00
2364 420.00
2365 420.00
2366 280.00
2367 380.00
2368 380.00
2369 340.00
2370 380.00
2371 340.00
2372 200.00
2373 440.00
2374 280.00
2375 320.00
2376 240.00
2377 280.00
2378 340.00
2379 380.00
2380 300.00
2381 160.00
2382 180.00
2383 340.00
2384 440.00
2385 180.00
2386 360.00
2387 280.00
2388 140.00
2389 380.00
2390 320.00
2391 200.00
2392 500.00
2393 240.00
2394 300.00
2395 180.00
2396 320.00
2397 160.00
2398 380.00
2399 340.00
2400 320.00
2401 380.00
2402 360.00
2403 340.00
2404 460.00
2405 280.00
2406 380.00
2407 380.00
2408 280.00
2409 380.00
2410 380.00
2411 300.00
2412 180.00
2413 200.00
2414 280.00
2415 320.00
2416 400.00
2417 200.00
2418 380.00
2419 340.00
2420 400.00
2421 360.00
2422 320.00
2423 320.00
2424 220.00
2425 240.00
2426 380.00
2427 320.00
2428 340.00
2429 280.00
2430 300.00
2431 100.00
2432 400.00
2433 360.00
2434 360.00
2435 420.00
2436 220.00
2437 320.00
2438 380.00
2439 400.00
2440 280.00
2441 220.00
2442 220.00
2443 320.00
2444 340.00
2445 180.00
2446 360.00
2447 300.00
2448 220.00
2449 400.00
2450 160.00
2451 260.00
2452 200.00
2453 320.00
2454 200.00
2455 380.00
2456 300.00
2457 400.00
2458 300.00
2459 360.00
2460 360.00
2461 340.00
2462 360.00
2463 340.00
2464 380.00
2465 200.00
2466 340.00
2467 220.00
2468 460.00
2469 360.00
2470 420.00
2471 320.00
2472 360.00
2473 400.00
2474 360.00
2475 360.00
2476 180.00
2477 320.00
2478 360.00
2479 380.00
2480 320.00
2481 460.00
2482 400.00
2483 300.00
2484 160.00
2485 160.00
2486 380.00
2487 220.00
2488 420.00
2489 220.00
2490 300.00
2491 400.00
2492 180.00
2493 500.00
2494 400.00
2495 440.00
2496 300.00
2497 360.00
2498 340.00
2499 200.00
2500 400.00
2501 300.00
2502 160.00
2503 360.00
2504 140.00
2505 440.00
2506 420.00
2507 200.00
2508 220.00
2509 400.00
2510 340.00
2511 340.00
2512 340.00
2513 280.00
2514 360.00
2515 440.00
2516 260.00
2517 200.00
2518 420.00
2519 400.00
2520 420.00
2521 180.00
2522 200.00
2523 200.00
2524 340.00
2525 220.00
2526 360.00
2527 240.00
2528 360.00
2529 380.00
2530 400.00
2531 320.00
2532 180.00
2533 340.00
2534 420.00
2535 340.00
2536 380.00
2537 320.00
2538 320.00
2539 300.00
2540 320.00
2541 140.00
2542 440.00
2543 380.00
2544 420.00
2545 440.00
2546 360.00
2547 380.00
2548 200.00
2549 400.00
2550 340.00
2551 480.00
2552 400.00
2553 400.00
2554 400.00
2555 440.00
2556 400.00
2557 320.00
2558 360.00
2559 380.00
2560 400.00
2561 300.00
2562 400.00
2563 420.00
2564 360.00
2565 360.00
2566 360.00
2567 340.00
2568 120.00
2569 320.00
2570 300.00
2571 360.00
2572 320.00
2573 360.00
2574 320.00
2575 360.00
2576 360.00
2577 440.00
2578 340.00
2579 200.00
2580 360.00
2581 360.00
2582 340.00
2583 260.00
2584 160.00
2585 340.00
2586 320.00
2587 360.00
2588 240.00
2589 200.00
2590 340.00
2591 440.00
2592 160.00
2593 320.00
2594 340.00
2595 240.00
2596 360.00
2597 360.00
2598 400.00
2599 360.00
2600 340.00
2601 360.00
2602 200.00
2603 140.00
2604 340.00
2605 320.00
2606 260.00
2607 280.00
2608 260.00
2609 380.00
2610 300.00
2611 80.00
2612 260.00
2613 160.00
2614 200.00
2615 360.00
2616 420.00
2617 380.00
2618 180.00
2619 340.00
2620 360.00
2621 340.00
2622 220.00
2623 340.00
2624 340.00
2625 460.00
2626 280.00
2627 220.00
2628 340.00
2629 340.00
2630 420.00
2631 220.00
2632 440.00
2633 100.00
2634 400.00
2635 340.00
2636 240.00
2637 440.00
2638 320.00
2639 300.00
2640 80.00
2641 440.00
2642 140.00
2643 180.00
2644 320.00
2645 340.00
2646 200.00
2647 380.00
2648 340.00
2649 440.00
2650 320.00
2651 200.00
2652 260.00
2653 500.00
2654 200.00
2655 440.00
2656 180.00
2657 360.00
2658 180.00
2659 360.00
2660 400.00
2661 160.00
2662 300.00
2663 140.00
2664 280.00
2665 340.00
2666 200.00
2667 380.00
2668 240.00
2669 200.00
2670 400.00
2671 380.00
2672 420.00
2673 380.00
2674 380.00
2675 380.00
2676 160.00
2677 240.00
2678 380.00
2679 320.00
2680 360.00
2681 460.00
2682 320.00
2683 420.00
2684 420.00
2685 380.00
2686 340.00
2687 220.00
2688 400.00
2689 360.00
2690 440.00
2691 180.00
2692 220.00
2693 340.00
2694 380.00
2695 360.00
2696 220.00
2697 420.00
2698 380.00
2699 500.00
2700 440.00
2701 460.00
2702 400.00
2703 400.00
2704 380.00
2705 200.00
2706 180.00
2707 260.00
2708 320.00
2709 280.00
2710 400.00
2711 300.00
2712 380.00
2713 300.00
2714 460.00
2715 380.00
2716 420.00
2717 360.00
2718 380.00
2719 440.00
2720 340.00
2721 420.00
2722 380.00
2723 360.00
2724 260.00
2725 360.00
2726 340.00
2727 440.00
2728 280.00
2729 340.00
2730 300.00
2731 380.00
2732 360.00
2733 260.00
2734 160.00
2735 340.00
2736 160.00
2737 260.00
2738 300.00
2739 260.00
2740 360.00
2741 180.00
2742 300.00
2743 460.00
2744 340.00
2745 260.00
2746 200.00
2747 360.00
2748 200.00
2749 200.00
2750 260.00
2751 340.00
2752 260.00
2753 340.00
2754 260.00
2755 500.00
2756 280.00
2757 360.00
2758 300.00
2759 200.00
2760 420.00
2761 420.00
2762 220.00
2763 220.00
2764 200.00
2765 360.00
2766 360.00
2767 140.00
2768 400.00
2769 420.00
2770 460.00
2771 500.00
2772 340.00
2773 440.00
2774 380.00
2775 260.00
2776 340.00
2777 380.00
2778 320.00
2779 320.00
2780 240.00
2781 160.00
2782 220.00
2783 180.00
2784 260.00
2785 400.00
2786 180.00
2787 500.00
2788 380.00
2789 420.00
2790 380.00
2791 260.00
2792 320.00
2793 440.00
2794 200.00
2795 400.00
2796 440.00
2797 200.00
2798 380.00
2799 400.00
2800 220.00
2801 300.00
2802 360.00
2803 320.00
2804 300.00
2805 200.00
2806 100.00
2807 500.00
2808 180.00
2809 300.00
2810 300.00
2811 400.00
2812 420.00
2813 380.00
2814 280.00
2815 260.00
2816 460.00
2817 100.00
2818 280.00
2819 420.00
2820 460.00
2821 360.00
2822 380.00
2823 380.00
2824 320.00
2825 380.00
2826 360.00
2827 500.00
2828 220.00
2829 220.00
2830 420.00
2831 320.00
2832 400.00
2833 280.00
2834 360.00
2835 340.00
2836 340.00
2837 360.00
2838 400.00
2839 380.00
2840 380.00
2841 380.00
2842 340.00
2843 320.00
2844 360.00
2845 420.00
2846 460.00
2847 300.00
2848 180.00
2849 380.00
2850 300.00
2851 180.00
2852 360.00
2853 320.00
2854 400.00
2855 420.00
2856 340.00
2857 380.00
2858 360.00
2859 420.00
2860 400.00
2861 360.00
2862 400.00
2863 360.00
2864 360.00
2865 340.00
2866 380.00
2867 380.00
2868 160.00
2869 380.00
2870 160.00
2871 480.00
2872 400.00
2873 340.00
2874 480.00
2875 340.00
2876 340.00
2877 360.00
2878 200.00
2879 360.00
2880 300.00
2881 380.00
2882 180.00
2883 260.00
2884 280.00
2885 340.00
2886 300.00
2887 240.00
2888 300.00
2889 340.00
2890 340.00
2891 340.00
2892 440.00
2893 340.00
2894 200.00
2895 360.00
2896 160.00
2897 340.00
2898 340.00
2899 500.00
2900 340.00
2901 340.00
2902 300.00
2903 160.00
2904 440.00
2905 340.00
2906 440.00
2907 340.00
2908 500.00
2909 400.00
2910 120.00
2911 380.00
2912 260.00
2913 300.00
2914 340.00
2915 380.00
2916 320.00
2917 300.00
2918 300.00
2919 180.00
2920 400.00
2921 160.00
2922 280.00
2923 460.00
2924 280.00
2925 440.00
2926 240.00
2927 400.00
2928 140.00
2929 460.00
2930 340.00
2931 400.00
2932 340.00
2933 420.00
2934 380.00
2935 280.00
2936 280.00
2937 440.00
2938 380.00
2939 340.00
2940 340.00
2941 360.00
2942 440.00
2943 360.00
2944 440.00
2945 380.00
2946 360.00
2947 320.00
2948 500.00
2949 420.00
2950 220.00
2951 180.00
2952 160.00
2953 400.00
2954 340.00
2955 420.00
2956 400.00
2957 400.00
2958 280.00
2959 360.00
2960 360.00
2961 420.00
2962 340.00
2963 300.00
2964 360.00
2965 340.00
2966 360.00
2967 460.00
2968 260.00
2969 140.00
2970 340.00
2971 400.00
2972 180.00
2973 280.00
2974 380.00
2975 280.00
2976 300.00
2977 400.00
2978 380.00
2979 300.00
2980 320.00
2981 180.00
2982 200.00
2983 340.00
2984 300.00
2985 480.00
2986 180.00
2987 260.00
2988 160.00
2989 220.00
2990 340.00
2991 140.00
2992 300.00
2993 160.00
2994 340.00
2995 320.00
2996 360.00
2997 320.00
2998 400.00
2999 340.00
