0 38.00
1 204.67
2 157.33
3 217.33
4 188.67
5 167.33
6 245.33
7 197.33
8 254.67
9 240.67
10 260.00
11 251.33
12 303.33
13 264.67
14 362.00
15 220.67
16 212.67
17 251.33
18 214.67
19 196.67
20 233.33
21 187.33
22 253.33
23 273.33
24 183.33
25 245.33
26 202.67
27 174.00
28 323.33
29 250.00
30 250.67
31 272.67
32 248.00
33 251.33
34 232.00
35 264.00
36 324.00
37 209.33
38 357.33
39 224.00
40 224.00
41 331.33
42 288.67
43 224.67
44 343.33
45 264.00
46 252.00
47 268.00
48 216.67
49 210.00
50 221.33
51 265.33
52 295.33
53 189.33
54 319.33
55 330.67
56 257.33
57 238.00
58 296.00
59 212.67
60 368.00
61 225.33
62 298.67
63 232.00
64 224.00
65 224.00
66 266.67
67 389.33
68 246.67
69 258.00
70 222.00
71 226.00
72 239.33
73 262.00
74 298.67
75 254.67
76 302.00
77 286.00
78 241.33
79 228.67
80 231.33
81 288.67
82 278.67
83 202.67
84 215.33
85 232.00
86 234.67
87 210.00
88 206.67
89 254.00
90 233.33
91 279.33
92 232.67
93 302.67
94 260.00
95 278.00
96 263.33
97 267.33
98 244.67
99 222.00
100 224.67
101 261.33
102 268.67
103 272.67
104 312.00
105 262.67
106 321.33
107 218.67
108 402.67
109 246.67
110 238.67
111 267.33
112 234.00
113 248.67
114 229.33
115 232.67
116 231.33
117 241.33
118 252.67
119 229.33
120 252.00
121 198.67
122 294.00
123 220.67
124 234.67
125 342.00
126 324.00
127 234.67
128 321.33
129 226.00
130 236.67
131 311.33
132 227.33
133 234.00
134 256.00
135 244.67
136 234.00
137 251.33
138 326.67
139 251.33
140 381.33
141 280.67
142 269.33
143 358.67
144 301.33
145 260.67
146 227.33
147 230.67
148 241.33
149 227.33
150 373.33
151 228.67
152 228.67
153 234.67
154 224.00
155 304.00
156 280.67
157 252.00
158 214.67
159 244.00
160 369.33
161 286.67
162 232.67
163 248.00
164 214.67
165 252.67
166 236.67
167 372.67
168 343.33
169 242.67
170 254.67
171 363.33
172 220.00
173 286.00
174 244.00
175 266.00
176 241.33
177 415.33
178 234.00
179 320.00
180 406.67
181 235.33
182 249.33
183 401.33
184 243.33
185 311.33
186 224.00
187 230.00
188 262.00
189 250.67
190 250.00
191 210.67
192 220.67
193 261.33
194 323.33
195 262.67
196 268.00
197 278.67
198 245.33
199 276.67
200 240.00
201 189.33
202 240.00
203 238.67
204 230.67
205 240.00
206 240.00
207 304.67
208 276.67
209 211.33
210 226.67
211 222.67
212 242.67
213 322.00
214 228.00
215 231.33
216 264.67
217 222.67
218 262.00
219 211.33
220 216.00
221 276.67
222 314.00
223 301.33
224 309.33
225 227.33
226 242.67
227 259.33
228 205.33
229 193.33
230 256.67
231 192.00
232 221.33
233 244.67
234 198.00
235 254.67
236 305.33
237 222.00
238 220.00
239 194.00
240 194.67
241 291.33
242 269.33
243 220.00
244 237.33
245 217.33
246 260.00
247 198.67
248 195.33
249 288.67
250 157.33
251 256.00
252 197.33
253 225.33
254 214.67
255 255.33
256 216.67
257 252.00
258 216.67
259 216.00
260 213.33
261 265.33
262 214.67
263 250.00
264 262.00
265 281.33
266 272.00
267 182.67
268 230.67
269 271.33
270 222.00
271 224.67
272 240.67
273 349.33
274 224.00
275 231.33
276 240.00
277 260.67
278 226.00
279 218.00
280 267.33
281 239.33
282 220.00
283 213.33
284 209.33
285 260.67
286 349.33
287 251.33
288 254.67
289 308.00
290 205.33
291 244.67
292 222.67
293 274.00
294 236.67
295 314.67
296 208.00
297 272.67
298 340.67
299 240.00
300 288.00
301 210.00
302 199.33
303 220.67
304 250.67
305 374.67
306 242.67
307 308.67
308 205.33
309 256.00
310 249.33
311 246.67
312 261.33
313 247.33
314 332.00
315 202.00
316 235.33
317 268.00
318 256.00
319 261.33
320 272.00
321 268.00
322 233.33
323 288.67
324 231.33
325 234.00
326 238.67
327 252.00
328 197.33
329 306.00
330 241.33
331 322.00
332 244.00
333 236.00
334 352.67
335 232.00
336 232.00
337 234.67
338 281.33
339 238.67
340 222.00
341 288.00
342 242.67
343 296.67
344 280.00
345 242.67
346 246.00
347 217.33
348 208.00
349 204.00
350 248.67
351 262.67
352 342.00
353 338.67
354 206.00
355 218.67
356 188.00
357 217.33
358 310.67
359 206.00
360 230.00
361 190.00
362 235.33
363 214.67
364 231.33
365 220.00
366 230.00
367 291.33
368 258.00
369 350.00
370 183.33
371 250.67
372 318.00
373 343.33
374 335.33
375 360.67
376 248.00
377 424.00
378 273.33
379 260.00
380 211.33
381 232.67
382 218.00
383 248.67
384 250.00
385 221.33
386 322.67
387 340.67
388 234.00
389 236.00
390 336.67
391 221.33
392 193.33
393 270.00
394 294.67
395 244.00
396 238.67
397 234.67
398 230.67
399 269.33
400 328.00
401 320.00
402 296.00
403 149.33
404 240.67
405 284.00
406 213.33
407 254.00
408 161.33
409 245.33
410 248.67
411 350.00
412 209.33
413 251.33
414 218.67
415 252.00
416 336.67
417 199.33
418 180.67
419 223.33
420 220.67
421 191.33
422 250.67
423 280.00
424 289.33
425 266.67
426 168.00
427 192.00
428 169.33
429 212.00
430 305.33
431 318.67
432 245.33
433 246.67
434 278.67
435 315.33
436 223.33
437 335.33
438 209.33
439 253.33
440 263.33
441 244.00
442 292.67
443 212.67
444 296.00
445 202.67
446 283.33
447 231.33
448 221.33
449 200.67
450 236.67
451 236.00
452 250.67
453 193.33
454 279.33
455 232.67
456 243.33
457 211.33
458 266.67
459 235.33
460 313.33
461 270.00
462 236.00
463 207.33
464 191.33
465 216.00
466 206.00
467 208.00
468 211.33
469 222.67
470 168.67
471 254.67
472 205.33
473 237.33
474 222.00
475 294.67
476 262.67
477 251.33
478 292.00
479 233.33
480 250.67
481 278.67
482 344.00
483 362.00
484 250.00
485 247.33
486 301.33
487 254.67
488 258.00
489 304.67
490 224.00
491 234.67
492 227.33
493 316.67
494 248.00
495 205.33
496 201.33
497 244.00
498 244.00
499 228.67
500 312.67
501 225.33
502 236.00
503 236.67
504 257.33
505 236.00
506 351.33
507 181.33
508 242.00
509 226.00
510 178.67
511 218.67
512 284.00
513 207.33
514 306.67
515 251.33
516 212.00
517 248.67
518 211.33
519 366.00
520 266.00
521 279.33
522 261.33
523 335.33
524 423.33
525 256.67
526 214.00
527 300.00
528 297.33
529 295.33
530 283.33
531 344.00
532 342.67
533 441.33
534 292.00
535 230.67
536 250.00
537 236.67
538 295.33
539 314.00
540 280.00
541 266.00
542 239.33
543 295.33
544 322.00
545 271.33
546 240.00
547 206.67
548 266.67
549 260.00
550 242.00
551 237.33
552 307.33
553 254.67
554 242.67
555 240.00
556 242.67
557 242.67
558 382.67
559 242.00
560 241.33
561 256.00
562 227.33
563 271.33
564 223.33
565 244.67
566 246.00
567 316.67
568 254.00
569 168.00
570 261.33
571 256.00
572 269.33
573 254.00
574 242.67
575 237.33
576 231.33
577 244.00
578 271.33
579 268.00
580 369.33
581 276.67
582 279.33
583 212.67
584 398.00
585 300.67
586 241.33
587 255.33
588 238.67
589 295.33
590 224.00
591 225.33
592 232.67
593 218.67
594 244.00
595 250.00
596 398.67
597 400.00
598 236.67
599 265.33
600 190.67
601 223.33
602 240.00
603 171.33
604 421.33
605 356.67
606 342.00
607 245.33
608 430.00
609 486.00
610 240.00
611 366.00
612 464.67
613 272.67
614 341.33
615 438.00
616 224.00
617 260.00
618 259.33
619 406.67
620 208.67
621 412.00
622 218.00
623 222.67
624 198.67
625 325.33
626 264.00
627 239.33
628 238.67
629 204.67
630 240.67
631 310.00
632 291.33
633 225.33
634 239.33
635 214.00
636 346.00
637 211.33
638 216.00
639 308.67
640 350.67
641 236.00
642 329.33
643 254.00
644 371.33
645 277.33
646 370.67
647 236.00
648 226.00
649 434.00
650 460.00
651 246.00
652 459.33
653 270.00
654 224.67
655 474.00
656 278.67
657 271.33
658 269.33
659 396.67
660 223.33
661 192.00
662 362.00
663 222.67
664 238.00
665 272.67
666 272.00
667 347.33
668 204.00
669 204.00
670 287.33
671 276.00
672 302.00
673 274.00
674 310.67
675 221.33
676 246.00
677 288.00
678 344.00
679 231.33
680 238.67
681 379.33
682 314.00
683 311.33
684 317.33
685 312.00
686 254.67
687 346.67
688 388.67
689 376.67
690 239.33
691 229.33
692 258.00
693 375.33
694 322.67
695 202.00
696 208.00
697 294.00
698 266.00
699 244.00
700 213.33
701 218.67
702 330.00
703 276.00
704 222.67
705 215.33
706 287.33
707 375.33
708 276.00
709 305.33
710 246.67
711 293.33
712 248.00
713 334.00
714 262.00
715 229.33
716 381.33
717 293.33
718 267.33
719 242.00
720 224.67
721 384.00
722 236.00
723 304.00
724 314.00
725 230.67
726 416.67
727 425.33
728 381.33
729 212.67
730 242.00
731 341.33
732 250.00
733 261.33
734 376.67
735 248.00
736 248.67
737 392.67
738 255.33
739 226.67
740 236.67
741 204.00
742 252.67
743 241.33
744 347.33
745 278.00
746 232.00
747 334.00
748 223.33
749 416.00
750 252.67
751 188.00
752 244.00
753 256.00
754 230.67
755 210.67
756 256.67
757 234.67
758 223.33
759 245.33
760 260.00
761 302.67
762 240.00
763 274.67
764 299.33
765 395.33
766 226.00
767 224.67
768 256.00
769 309.33
770 313.33
771 230.00
772 270.00
773 239.33
774 318.00
775 296.00
776 256.00
777 322.67
778 306.00
779 326.00
780 222.00
781 229.33
782 269.33
783 311.33
784 338.00
785 262.67
786 224.67
787 317.33
788 380.67
789 308.00
790 242.67
791 236.67
792 260.00
793 222.00
794 241.33
795 230.00
796 284.67
797 341.33
798 285.33
799 405.33
800 220.00
801 212.00
802 260.00
803 281.33
804 256.67
805 284.00
806 457.33
807 250.67
808 414.67
809 435.33
810 250.00
811 242.67
812 265.33
813 290.67
814 208.00
815 197.33
816 236.67
817 254.67
818 307.33
819 320.00
820 266.00
821 248.67
822 252.67
823 244.67
824 294.00
825 413.33
826 234.00
827 312.67
828 431.33
829 274.00
830 252.67
831 420.00
832 232.00
833 340.67
834 404.67
835 240.67
836 285.33
837 337.33
838 396.67
839 323.33
840 310.00
841 344.00
842 294.00
843 293.33
844 265.33
845 377.33
846 447.33
847 438.67
848 214.00
849 324.67
850 308.00
851 328.67
852 315.33
853 270.00
854 336.67
855 245.33
856 244.00
857 207.33
858 392.00
859 404.67
860 245.33
861 399.33
862 387.33
863 417.33
864 316.00
865 266.00
866 386.67
867 378.00
868 398.00
869 345.33
870 407.33
871 351.33
872 302.00
873 309.33
874 495.33
875 344.67
876 274.00
877 238.67
878 490.67
879 311.33
880 383.33
881 448.00
882 359.33
883 460.67
884 371.33
885 246.00
886 269.33
887 422.00
888 390.00
889 410.00
890 328.67
891 358.00
892 254.00
893 185.33
894 246.00
895 312.00
896 242.00
897 302.00
898 259.33
899 206.67
900 270.00
901 316.00
902 274.00
903 317.33
904 371.33
905 350.67
906 352.67
907 251.33
908 398.00
909 328.00
910 260.67
911 256.00
912 384.67
913 305.33
914 321.33
915 316.00
916 245.33
917 235.33
918 222.00
919 291.33
920 362.00
921 250.00
922 314.00
923 245.33
924 367.33
925 260.00
926 264.67
927 407.33
928 334.67
929 310.67
930 378.67
931 252.00
932 322.67
933 300.67
934 250.67
935 364.00
936 318.00
937 268.67
938 221.33
939 406.00
940 306.00
941 228.67
942 226.67
943 296.67
944 272.67
945 305.33
946 258.00
947 298.00
948 281.33
949 293.33
950 280.67
951 243.33
952 279.33
953 256.00
954 266.00
955 450.00
956 270.67
957 328.67
958 223.33
959 254.67
960 281.33
961 302.67
962 248.67
963 364.00
964 252.00
965 254.00
966 290.00
967 299.33
968 392.00
969 372.67
970 227.33
971 261.33
972 312.67
973 285.33
974 260.67
975 258.67
976 326.00
977 316.00
978 254.67
979 225.33
980 244.00
981 333.33
982 355.33
983 306.67
984 373.33
985 479.33
986 345.33
987 361.33
988 239.33
989 360.67
990 409.33
991 262.00
992 230.00
993 324.67
994 358.00
995 362.00
996 328.67
997 209.33
998 236.00
999 379.33
1000 480.00
1001 394.00
1002 460.00
1003 246.67
1004 352.00
1005 252.67
1006 500.00
1007 394.67
1008 283.33
1009 372.67
1010 202.00
1011 370.00
1012 318.67
1013 240.00
1014 381.33
1015 208.67
1016 398.00
1017 364.00
1018 362.00
1019 348.00
1020 276.67
1021 291.33
1022 377.33
1023 216.67
1024 288.67
1025 288.00
1026 359.33
1027 357.33
1028 440.00
1029 338.00
1030 245.33
1031 301.33
1032 498.67
1033 382.00
1034 303.33
1035 388.00
1036 256.67
1037 288.67
1038 226.00
1039 430.67
1040 334.67
1041 318.67
1042 283.33
1043 290.00
1044 272.67
1045 282.67
1046 294.00
1047 301.33
1048 404.67
1049 222.00
1050 344.67
1051 220.67
1052 406.67
1053 243.33
1054 304.67
1055 222.67
1056 273.33
1057 335.33
1058 432.00
1059 246.00
1060 271.33
1061 310.67
1062 320.00
1063 274.67
1064 478.67
1065 452.67
1066 240.00
1067 267.33
1068 282.00
1069 254.00
1070 220.67
1071 252.67
1072 296.67
1073 305.33
1074 342.00
1075 292.00
1076 238.00
1077 258.00
1078 250.00
1079 310.00
1080 218.00
1081 202.00
1082 248.67
1083 322.67
1084 208.67
1085 281.33
1086 390.67
1087 346.67
1088 326.67
1089 235.33
1090 246.67
1091 293.33
1092 266.00
1093 209.33
1094 263.33
1095 280.67
1096 226.00
1097 221.33
1098 402.00
1099 221.33
1100 231.33
1101 208.67
1102 354.00
1103 464.67
1104 226.67
1105 337.33
1106 281.33
1107 247.33
1108 267.33
1109 320.00
1110 316.00
1111 490.00
1112 275.33
1113 331.33
1114 330.00
1115 493.33
1116 320.67
1117 283.33
1118 238.67
1119 382.67
1120 218.00
1121 361.33
1122 326.67
1123 277.33
1124 280.67
1125 258.00
1126 409.33
1127 299.33
1128 238.00
1129 237.33
1130 215.33
1131 302.67
1132 274.67
1133 316.67
1134 274.67
1135 310.00
1136 361.33
1137 339.33
1138 264.00
1139 280.67
1140 370.67
1141 385.33
1142 217.33
1143 223.33
1144 250.00
1145 398.67
1146 270.67
1147 296.00
1148 232.00
1149 284.00
1150 345.33
1151 261.33
1152 326.67
1153 476.67
1154 342.67
1155 254.00
1156 290.00
1157 324.00
1158 280.67
1159 266.00
1160 332.00
1161 328.00
1162 254.67
1163 294.00
1164 231.33
1165 278.00
1166 270.67
1167 361.33
1168 322.67
1169 306.00
1170 320.00
1171 286.00
1172 291.33
1173 364.00
1174 318.67
1175 400.67
1176 386.00
1177 304.67
1178 411.33
1179 359.33
1180 334.67
1181 367.33
1182 253.33
1183 205.33
1184 212.00
1185 372.67
1186 327.33
1187 401.33
1188 366.67
1189 294.67
1190 264.67
1191 374.00
1192 342.00
1193 348.00
1194 314.00
1195 424.00
1196 298.67
1197 432.00
1198 244.67
1199 484.00
1200 452.00
1201 472.00
1202 264.00
1203 268.67
1204 392.67
1205 500.00
1206 310.67
1207 348.00
1208 446.00
1209 480.00
1210 357.33
1211 232.00
1212 261.33
1213 319.33
1214 258.67
1215 418.67
1216 300.00
1217 451.33
1218 444.00
1219 337.33
1220 419.33
1221 399.33
1222 446.00
1223 468.67
1224 492.00
1225 490.00
1226 340.67
1227 342.00
1228 372.67
1229 392.00
1230 306.67
1231 382.00
1232 396.67
1233 270.67
1234 450.00
1235 282.00
1236 278.67
1237 266.00
1238 451.33
1239 334.00
1240 358.00
1241 408.00
1242 250.67
1243 299.33
1244 351.33
1245 461.33
1246 370.67
1247 308.67
1248 354.67
1249 288.67
1250 434.00
1251 407.33
1252 333.33
1253 452.00
1254 488.67
1255 302.00
1256 392.67
1257 276.67
1258 260.67
1259 348.67
1260 440.67
1261 326.67
1262 471.33
1263 328.00
1264 388.67
1265 262.67
1266 318.67
1267 472.67
1268 323.33
1269 352.67
1270 359.33
1271 330.67
1272 356.67
1273 432.00
1274 318.00
1275 371.33
1276 428.67
1277 446.00
1278 260.67
1279 248.00
1280 251.33
1281 316.67
1282 444.00
1283 248.00
1284 371.33
1285 346.00
1286 330.67
1287 347.33
1288 472.67
1289 374.00
1290 324.00
1291 298.00
1292 303.33
1293 386.67
1294 325.33
1295 244.67
1296 273.33
1297 422.67
1298 305.33
1299 307.33
1300 426.67
1301 232.67
1302 366.00
1303 242.00
1304 370.00
1305 250.00
1306 323.33
1307 301.33
1308 304.00
1309 298.00
1310 299.33
1311 340.67
1312 302.00
1313 324.67
1314 417.33
1315 302.67
1316 242.67
1317 224.00
1318 312.67
1319 319.33
1320 301.33
1321 326.00
1322 241.33
1323 402.67
1324 397.33
1325 447.33
1326 401.33
1327 285.33
1328 380.67
1329 488.00
1330 389.33
1331 357.33
1332 389.33
1333 420.67
1334 328.00
1335 286.67
1336 310.00
1337 300.67
1338 386.00
1339 379.33
1340 308.67
1341 260.00
1342 442.00
1343 330.00
1344 352.00
1345 368.67
1346 226.00
1347 342.67
1348 366.00
1349 400.67
1350 337.33
1351 392.00
1352 484.67
1353 386.67
1354 417.33
1355 233.33
1356 337.33
1357 376.00
1358 302.67
1359 432.67
1360 286.67
1361 402.67
1362 473.33
1363 381.33
1364 355.33
1365 364.67
1366 268.67
1367 227.33
1368 357.33
1369 322.00
1370 461.33
1371 261.33
1372 386.67
1373 372.00
1374 370.67
1375 337.33
1376 282.00
1377 303.33
1378 458.00
1379 243.33
1380 490.00
1381 263.33
1382 409.33
1383 466.00
1384 308.00
1385 322.67
1386 282.00
1387 441.33
1388 297.33
1389 379.33
1390 267.33
1391 307.33
1392 222.67
1393 410.00
1394 279.33
1395 278.67
1396 261.33
1397 334.67
1398 395.33
1399 276.67
1400 270.67
1401 320.00
1402 300.00
1403 330.67
1404 480.67
1405 480.00
1406 481.33
1407 438.67
1408 209.33
1409 434.00
1410 322.67
1411 378.00
1412 370.00
1413 319.33
1414 478.67
1415 352.00
1416 171.33
1417 439.33
1418 280.00
1419 289.33
1420 198.67
1421 345.33
1422 313.33
1423 322.67
1424 272.00
1425 405.33
1426 305.33
1427 338.00
1428 495.33
1429 389.33
1430 343.33
1431 318.00
1432 404.67
1433 468.67
1434 404.67
1435 302.00
1436 397.33
1437 380.67
1438 468.67
1439 411.33
1440 395.33
1441 417.33
1442 286.67
1443 288.67
1444 353.33
1445 285.33
1446 288.00
1447 322.67
1448 396.00
1449 348.67
1450 391.33
1451 478.00
1452 251.33
1453 387.33
1454 306.00
1455 316.67
1456 434.67
1457 405.33
1458 290.00
1459 302.67
1460 360.00
1461 376.00
1462 350.00
1463 392.67
1464 346.00
1465 366.00
1466 352.67
1467 494.00
1468 216.67
1469 355.33
1470 391.33
1471 398.67
1472 377.33
1473 392.67
1474 355.33
1475 232.67
1476 322.00
1477 376.67
1478 470.00
1479 413.33
1480 254.67
1481 498.00
1482 338.67
1483 369.33
1484 437.33
1485 401.33
1486 446.00
1487 332.00
1488 221.33
1489 278.00
1490 324.67
1491 232.00
1492 430.00
1493 242.00
1494 438.00
1495 246.00
1496 218.00
1497 330.00
1498 353.33
1499 354.00
1500 384.67
1501 276.67
1502 434.67
1503 371.33
1504 230.00
1505 256.00
1506 224.00
1507 220.67
1508 358.67
1509 210.67
1510 358.00
1511 300.67
1512 321.33
1513 298.67
1514 350.67
1515 326.67
1516 269.33
1517 492.67
1518 219.33
1519 294.00
1520 228.67
1521 302.00
1522 316.67
1523 377.33
1524 296.67
1525 236.67
1526 260.00
1527 293.33
1528 412.67
1529 265.33
1530 366.67
1531 396.00
1532 343.33
1533 478.00
1534 317.33
1535 326.67
1536 352.67
1537 381.33
1538 381.33
1539 313.33
1540 356.00
1541 300.67
1542 266.00
1543 500.00
1544 410.67
1545 473.33
1546 381.33
1547 480.00
1548 390.67
1549 290.00
1550 478.67
1551 480.00
1552 368.00
1553 474.67
1554 340.67
1555 284.67
1556 500.00
1557 287.33
1558 408.00
1559 240.00
1560 232.67
1561 382.00
1562 368.00
1563 346.00
1564 390.00
1565 390.00
1566 297.33
1567 300.00
1568 437.33
1569 378.00
1570 470.67
1571 408.67
1572 492.67
1573 274.00
1574 339.33
1575 341.33
1576 298.00
1577 343.33
1578 317.33
1579 218.67
1580 323.33
1581 312.67
1582 492.67
1583 287.33
1584 488.67
1585 346.67
1586 271.33
1587 363.33
1588 306.00
1589 478.00
1590 357.33
1591 367.33
1592 186.67
1593 314.00
1594 460.67
1595 300.00
1596 376.67
1597 208.67
1598 477.33
1599 390.00
1600 500.00
1601 380.00
1602 361.33
1603 279.33
1604 273.33
1605 268.00
1606 360.00
1607 374.67
1608 342.67
1609 500.00
1610 387.33
1611 460.00
1612 239.33
1613 360.67
1614 360.00
1615 230.67
1616 424.00
1617 498.00
1618 204.67
1619 325.33
1620 480.00
1621 380.67
1622 259.33
1623 320.67
1624 394.67
1625 388.00
1626 446.00
1627 335.33
1628 445.33
1629 404.00
1630 352.00
1631 423.33
1632 387.33
1633 280.00
1634 259.33
1635 500.00
1636 305.33
1637 476.67
1638 184.00
1639 166.67
1640 326.00
1641 262.67
1642 405.33
1643 364.67
1644 433.33
1645 208.00
1646 375.33
1647 461.33
1648 360.00
1649 331.33
1650 403.33
1651 180.67
1652 409.33
1653 296.00
1654 300.67
1655 309.33
1656 264.67
1657 314.00
1658 316.67
1659 362.00
1660 372.67
1661 249.33
1662 291.33
1663 170.00
1664 362.00
1665 208.00
1666 160.67
1667 464.67
1668 299.33
1669 393.33
1670 244.00
1671 254.00
1672 336.00
1673 440.67
1674 297.33
1675 330.67
1676 194.00
1677 198.67
1678 253.33
1679 276.67
1680 422.67
1681 317.33
1682 358.67
1683 349.33
1684 404.67
1685 334.67
1686 360.00
1687 234.67
1688 347.33
1689 458.67
1690 294.00
1691 437.33
1692 261.33
1693 300.00
1694 282.67
1695 355.33
1696 319.33
1697 360.67
1698 410.00
1699 213.33
1700 358.00
1701 318.67
1702 366.67
1703 376.00
1704 334.67
1705 352.00
1706 340.00
1707 413.33
1708 238.67
1709 410.67
1710 441.33
1711 423.33
1712 355.33
1713 337.33
1714 442.67
1715 198.67
1716 499.33
1717 346.00
1718 336.67
1719 272.67
1720 366.00
1721 480.00
1722 391.33
1723 346.00
1724 370.00
1725 401.33
1726 401.33
1727 260.67
1728 250.67
1729 414.00
1730 350.00
1731 423.33
1732 480.00
1733 310.00
1734 390.67
1735 472.00
1736 333.33
1737 397.33
1738 255.33
1739 455.33
1740 208.67
1741 214.00
1742 361.33
1743 343.33
1744 217.33
1745 305.33
1746 366.67
1747 334.00
1748 461.33
1749 259.33
1750 233.33
1751 427.33
1752 270.67
1753 426.67
1754 259.33
1755 188.00
1756 310.67
1757 295.33
1758 360.67
1759 388.00
1760 352.67
1761 314.67
1762 302.00
1763 338.67
1764 154.67
1765 420.67
1766 284.00
1767 466.00
1768 272.00
1769 316.00
1770 438.00
1771 306.67
1772 216.00
1773 259.33
1774 359.33
1775 369.33
1776 248.00
1777 357.33
1778 319.33
1779 213.33
1780 320.67
1781 362.00
1782 408.67
1783 348.00
1784 428.00
1785 252.00
1786 472.67
1787 316.00
1788 478.67
1789 416.00
1790 284.00
1791 444.00
1792 272.67
1793 479.33
1794 376.00
1795 480.00
1796 474.67
1797 335.33
1798 407.33
1799 374.67
1800 480.00
1801 460.00
1802 267.33
1803 218.67
1804 460.67
1805 260.00
1806 379.33
1807 436.67
1808 408.67
1809 420.00
1810 460.00
1811 379.33
1812 160.00
1813 420.00
1814 233.33
1815 403.33
1816 401.33
1817 380.00
1818 281.33
1819 398.67
1820 400.00
1821 240.00
1822 360.67
1823 386.67
1824 432.00
1825 312.00
1826 258.67
1827 327.33
1828 188.67
1829 454.67
1830 471.33
1831 212.67
1832 420.67
1833 270.00
1834 462.67
1835 260.00
1836 431.33
1837 301.33
1838 417.33
1839 497.33
1840 192.00
1841 378.00
1842 326.00
1843 262.67
1844 295.33
1845 320.67
1846 388.67
1847 386.00
1848 500.00
1849 437.33
1850 484.00
1851 500.00
1852 339.33
1853 250.00
1854 240.00
1855 300.00
1856 429.33
1857 491.33
1858 398.67
1859 380.00
1860 415.33
1861 346.67
1862 384.00
1863 213.33
1864 300.00
1865 434.67
1866 480.00
1867 332.67
1868 327.33
1869 305.33
1870 404.67
1871 270.00
1872 426.00
1873 491.33
1874 341.33
1875 288.00
1876 260.67
1877 389.33
1878 253.33
1879 390.00
1880 456.00
1881 291.33
1882 241.33
1883 345.33
1884 318.00
1885 248.00
1886 388.00
1887 473.33
1888 432.67
1889 256.67
1890 348.67
1891 341.33
1892 427.33
1893 476.67
1894 390.00
1895 362.00
1896 434.00
1897 239.33
1898 345.33
1899 298.00
1900 310.67
1901 407.33
1902 425.33
1903 163.33
1904 438.67
1905 189.33
1906 178.67
1907 392.67
1908 499.33
1909 220.67
1910 461.33
1911 359.33
1912 369.33
1913 349.33
1914 346.00
1915 389.33
1916 247.33
1917 230.67
1918 322.67
1919 213.33
1920 302.67
1921 221.33
1922 411.33
1923 384.67
1924 297.33
1925 368.00
1926 358.67
1927 279.33
1928 419.33
1929 472.67
1930 234.00
1931 500.00
1932 222.67
1933 423.33
1934 243.33
1935 348.00
1936 246.67
1937 341.33
1938 416.67
1939 318.67
1940 378.00
1941 384.67
1942 300.00
1943 370.00
1944 401.33
1945 386.67
1946 433.33
1947 389.33
1948 245.33
1949 365.33
1950 484.67
1951 194.00
1952 415.33
1953 499.33
1954 276.67
1955 496.00
1956 409.33
1957 382.67
1958 498.00
1959 218.00
1960 456.00
1961 246.67
1962 288.00
1963 407.33
1964 388.00
1965 274.00
1966 351.33
1967 434.00
1968 450.67
1969 270.00
1970 267.33
1971 298.00
1972 245.33
1973 435.33
1974 257.33
1975 394.00
1976 336.00
1977 484.67
1978 430.67
1979 480.00
1980 292.00
1981 438.00
1982 430.00
1983 358.67
1984 336.00
1985 180.00
1986 434.00
1987 214.67
1988 219.33
1989 460.00
1990 480.00
1991 478.67
1992 278.67
1993 225.33
1994 220.00
1995 434.67
1996 361.33
1997 412.00
1998 418.67
1999 419.33
2000 460.00
2001 280.00
2002 440.00
2003 380.00
2004 338.67
2005 460.67
2006 324.00
2007 176.00
2008 438.67
2009 435.33
2010 220.00
2011 400.00
2012 249.33
2013 400.00
2014 181.33
2015 419.33
2016 440.00
2017 329.33
2018 334.00
2019 238.00
2020 239.33
2021 310.00
2022 442.67
2023 480.00
2024 480.00
2025 336.00
2026 421.33
2027 352.67
2028 424.00
2029 283.33
2030 398.00
2031 366.00
2032 273.33
2033 480.00
2034 364.00
2035 411.33
2036 412.00
2037 434.00
2038 383.33
2039 227.33
2040 466.00
2041 420.00
2042 418.67
2043 259.33
2044 258.67
2045 200.00
2046 320.00
2047 288.00
2048 376.00
2049 407.33
2050 500.00
2051 260.00
2052 397.33
2053 408.67
2054 460.00
2055 398.00
2056 429.33
2057 448.67
2058 310.67
2059 451.33
2060 328.00
2061 194.00
2062 429.33
2063 220.00
2064 480.00
2065 278.00
2066 256.00
2067 298.67
2068 400.00
2069 478.67
2070 352.00
2071 333.33
2072 391.33
2073 482.67
2074 422.67
2075 440.00
2076 289.33
2077 302.67
2078 220.00
2079 308.00
2080 474.00
2081 304.67
2082 418.67
2083 263.33
2084 496.00
2085 392.67
2086 271.33
2087 186.00
2088 391.33
2089 415.33
2090 324.00
2091 412.00
2092 200.00
2093 428.00
2094 370.67
2095 281.33
2096 272.00
2097 397.33
2098 394.00
2099 406.00
2100 234.00
2101 410.67
2102 357.33
2103 370.00
2104 300.00
2105 344.00
2106 446.00
2107 243.33
2108 412.67
2109 428.00
2110 500.00
2111 289.33
2112 274.67
2113 493.33
2114 216.67
2115 345.33
2116 322.00
2117 469.33
2118 484.67
2119 306.00
2120 480.00
2121 373.33
2122 300.00
2123 449.33
2124 244.67
2125 370.67
2126 440.00
2127 318.00
2128 407.33
2129 330.00
2130 454.67
2131 276.00
2132 448.67
2133 390.67
2134 414.67
2135 264.00
2136 432.67
2137 320.00
2138 500.00
2139 398.67
2140 340.00
2141 474.00
2142 397.33
2143 372.00
2144 400.00
2145 384.00
2146 240.67
2147 480.00
2148 352.67
2149 422.67
2150 238.00
2151 379.33
2152 351.33
2153 360.67
2154 357.33
2155 235.33
2156 328.67
2157 200.67
2158 331.33
2159 234.67
2160 220.00
2161 312.67
2162 270.00
2163 386.67
2164 267.33
2165 286.67
2166 478.67
2167 342.00
2168 415.33
2169 310.67
2170 272.00
2171 257.33
2172 495.33
2173 382.00
2174 406.67
2175 236.00
2176 195.33
2177 180.67
2178 460.67
2179 242.00
2180 364.67
2181 252.00
2182 218.67
2183 484.67
2184 297.33
2185 381.33
2186 335.33
2187 328.67
2188 372.00
2189 389.33
2190 248.00
2191 410.00
2192 217.33
2193 360.67
2194 271.33
2195 472.67
2196 474.00
2197 422.67
2198 406.00
2199 288.00
2200 460.00
2201 480.00
2202 440.00
2203 400.00
2204 440.00
2205 200.00
2206 306.00
2207 273.33
2208 428.00
2209 408.67
2210 202.00
2211 348.67
2212 380.00
2213 372.67
2214 386.00
2215 473.33
2216 393.33
2217 240.00
2218 425.33
2219 343.33
2220 362.67
2221 360.00
2222 271.33
2223 300.00
2224 329.33
2225 324.00
2226 271.33
2227 329.33
2228 360.67
2229 397.33
2230 400.67
2231 207.33
2232 324.67
2233 214.67
2234 404.67
2235 359.33
2236 367.33
2237 356.00
2238 401.33
2239 347.33
2240 358.00
2241 438.67
2242 220.00
2243 430.00
2244 500.00
2245 376.67
2246 462.00
2247 474.67
2248 428.67
2249 442.00
2250 497.33
2251 439.33
2252 429.33
2253 349.33
2254 315.33
2255 283.33
2256 382.00
2257 380.00
2258 394.00
2259 411.33
2260 260.00
2261 385.33
2262 392.00
2263 280.00
2264 396.67
2265 422.67
2266 376.67
2267 386.00
2268 202.67
2269 208.67
2270 363.33
2271 360.00
2272 358.00
2273 242.67
2274 265.33
2275 332.67
2276 341.33
2277 285.33
2278 346.00
2279 254.67
2280 306.67
2281 337.33
2282 494.00
2283 211.33
2284 208.00
2285 234.67
2286 401.33
2287 462.00
2288 381.33
2289 366.67
2290 322.67
2291 225.33
2292 374.67
2293 425.33
2294 348.00
2295 360.67
2296 370.00
2297 253.33
2298 476.67
2299 350.67
2300 464.00
2301 377.33
2302 313.33
2303 384.67
2304 237.33
2305 478.00
2306 398.67
2307 346.00
2308 442.00
2309 278.67
2310 386.67
2311 418.00
2312 222.00
2313 458.67
2314 288.67
2315 354.67
2316 346.00
2317 365.33
2318 358.67
2319 436.67
2320 340.00
2321 317.33
2322 376.00
2323 255.33
2324 474.67
2325 392.00
2326 414.67
2327 431.33
2328 238.67
2329 298.00
2330 337.33
2331 456.67
2332 387.33
2333 240.00
2334 331.33
2335 324.67
2336 308.67
2337 432.67
2338 255.33
2339 306.00
2340 346.00
2341 301.33
2342 386.00
2343 394.00
2344 380.00
2345 348.67
2346 394.67
2347 458.00
2348 277.33
2349 280.67
2350 398.67
2351 365.33
2352 239.33
2353 358.00
2354 372.00
2355 362.00
2356 404.00
2357 348.67
2358 414.00
2359 333.33
2360 370.67
2361 418.00
2362 220.67
2363 224.00
2364 246.00
2365 355.33
2366 417.33
2367 305.33
2368 412.67
2369 416.00
2370 436.67
2371 360.00
2372 359.33
2373 460.67
2374 352.67
2375 274.00
2376 338.00
2377 389.33
2378 270.67
2379 378.00
2380 386.00
2381 446.67
2382 468.67
2383 392.67
2384 232.67
2385 380.67
2386 358.00
2387 301.33
2388 438.67
2389 262.67
2390 258.67
2391 433.33
2392 390.67
2393 297.33
2394 442.67
2395 258.00
2396 379.33
2397 388.67
2398 412.00
2399 311.33
2400 260.00
2401 387.33
2402 382.00
2403 346.00
2404 292.67
2405 480.00
2406 370.67
2407 473.33
2408 260.00
2409 376.00
2410 341.33
2411 347.33
2412 424.00
2413 416.67
2414 388.67
2415 374.00
2416 366.67
2417 407.33
2418 238.00
2419 428.67
2420 400.00
2421 414.67
2422 452.67
2423 439.33
2424 409.33
2425 276.67
2426 448.67
2427 388.67
2428 435.33
2429 434.67
2430 449.33
2431 220.00
2432 362.00
2433 212.67
2434 399.33
2435 438.67
2436 370.00
2437 267.33
2438 456.67
2439 338.00
2440 344.67
2441 301.33
2442 121.33
2443 304.00
2444 360.00
2445 252.67
2446 414.00
2447 473.33
2448 386.67
2449 252.67
2450 398.00
2451 458.00
2452 232.00
2453 346.00
2454 290.67
2455 315.33
2456 453.33
2457 442.00
2458 349.33
2459 367.33
2460 331.33
2461 286.67
2462 348.67
2463 244.67
2464 416.67
2465 292.67
2466 382.67
2467 310.00
2468 345.33
2469 325.33
2470 319.33
2471 347.33
2472 259.33
2473 246.67
2474 366.67
2475 360.00
2476 328.67
2477 312.00
2478 346.67
2479 322.00
2480 408.67
2481 323.33
2482 334.67
2483 351.33
2484 310.67
2485 344.00
2486 334.67
2487 352.00
2488 354.67
2489 283.33
2490 393.33
2491 327.33
2492 460.00
2493 354.67
2494 321.33
2495 217.33
2496 300.67
2497 337.33
2498 418.67
2499 290.67
2500 312.67
2501 312.00
2502 356.67
2503 298.00
2504 380.00
2505 389.33
2506 361.33
2507 400.67
2508 378.00
2509 396.67
2510 348.67
2511 428.67
2512 254.00
2513 450.67
2514 218.00
2515 315.33
2516 404.00
2517 396.67
2518 450.67
2519 345.33
2520 326.00
2521 324.67
2522 272.00
2523 330.67
2524 340.67
2525 359.33
2526 404.00
2527 406.00
2528 348.00
2529 339.33
2530 348.00
2531 376.67
2532 492.00
2533 358.67
2534 344.67
2535 377.33
2536 358.00
2537 368.00
2538 401.33
2539 379.33
2540 335.33
2541 235.33
2542 321.33
2543 384.00
2544 450.00
2545 386.67
2546 394.00
2547 362.00
2548 384.67
2549 410.00
2550 340.00
2551 266.67
2552 344.67
2553 383.33
2554 332.67
2555 388.00
2556 466.67
2557 372.00
2558 314.00
2559 263.33
2560 403.33
2561 338.00
2562 250.67
2563 399.33
2564 283.33
2565 402.67
2566 280.00
2567 365.33
2568 386.67
2569 468.67
2570 439.33
2571 380.00
2572 375.33
2573 230.67
2574 364.00
2575 416.67
2576 420.00
2577 385.33
2578 366.00
2579 484.67
2580 366.00
2581 314.00
2582 301.33
2583 386.00
2584 254.00
2585 460.00
2586 416.67
2587 336.67
2588 479.33
2589 424.67
2590 374.00
2591 230.00
2592 451.33
2593 424.00
2594 288.00
2595 446.67
2596 330.67
2597 488.00
2598 324.67
2599 329.33
2600 280.00
2601 328.00
2602 382.67
2603 427.33
2604 400.00
2605 400.00
2606 217.33
2607 380.00
2608 333.33
2609 424.00
2610 304.00
2611 281.33
2612 318.00
2613 305.33
2614 372.00
2615 354.00
2616 335.33
2617 400.00
2618 392.00
2619 392.00
2620 337.33
2621 344.67
2622 381.33
2623 364.67
2624 340.67
2625 335.33
2626 470.00
2627 220.00
2628 353.33
2629 408.67
2630 330.00
2631 358.67
2632 172.00
2633 436.00
2634 174.00
2635 193.33
2636 347.33
2637 376.00
2638 360.00
2639 356.67
2640 346.00
2641 364.67
2642 271.33
2643 297.33
2644 452.67
2645 328.00
2646 380.00
2647 325.33
2648 374.67
2649 316.00
2650 444.00
2651 366.67
2652 362.00
2653 276.00
2654 468.67
2655 499.33
2656 412.00
2657 387.33
2658 339.33
2659 357.33
2660 429.33
2661 438.67
2662 372.00
2663 308.00
2664 384.00
2665 392.00
2666 421.33
2667 326.67
2668 454.00
2669 338.00
2670 269.33
2671 377.33
2672 379.33
2673 317.33
2674 384.00
2675 392.00
2676 228.67
2677 388.67
2678 368.00
2679 432.00
2680 224.67
2681 332.00
2682 439.33
2683 200.67
2684 286.67
2685 232.67
2686 232.00
2687 208.00
2688 317.33
2689 301.33
2690 353.33
2691 382.67
2692 259.33
2693 297.33
2694 325.33
2695 362.00
2696 396.67
2697 277.33
2698 322.00
2699 322.67
2700 386.67
2701 345.33
2702 302.67
2703 330.67
2704 405.33
2705 417.33
2706 342.67
2707 340.00
2708 320.00
2709 310.67
2710 274.00
2711 411.33
2712 456.67
2713 414.67
2714 284.67
2715 420.67
2716 248.00
2717 243.33
2718 369.33
2719 437.33
2720 290.67
2721 369.33
2722 407.33
2723 248.67
2724 436.67
2725 399.33
2726 320.67
2727 440.00
2728 218.67
2729 478.00
2730 396.67
2731 398.00
2732 411.33
2733 400.00
2734 408.67
2735 402.00
2736 463.33
2737 250.00
2738 318.67
2739 465.33
2740 413.33
2741 382.67
2742 422.67
2743 376.67
2744 223.33
2745 235.33
2746 244.00
2747 456.67
2748 397.33
2749 476.00
2750 222.67
2751 396.67
2752 388.00
2753 430.67
2754 477.33
2755 425.33
2756 343.33
2757 234.00
2758 158.00
2759 418.00
2760 343.33
2761 246.67
2762 281.33
2763 330.67
2764 352.67
2765 315.33
2766 474.00
2767 353.33
2768 264.67
2769 450.00
2770 323.33
2771 253.33
2772 368.67
2773 362.00
2774 430.00
2775 494.00
2776 479.33
2777 337.33
2778 398.00
2779 346.67
2780 432.67
2781 288.67
2782 386.00
2783 380.00
2784 245.33
2785 248.67
2786 434.00
2787 356.00
2788 395.33
2789 294.67
2790 188.67
2791 253.33
2792 350.67
2793 424.00
2794 418.67
2795 307.33
2796 400.67
2797 407.33
2798 394.67
2799 367.33
2800 380.00
2801 400.00
2802 240.00
2803 353.33
2804 366.67
2805 339.33
2806 440.00
2807 400.00
2808 310.67
2809 440.00
2810 360.00
2811 248.67
2812 306.67
2813 444.00
2814 372.67
2815 377.33
2816 454.00
2817 418.67
2818 280.67
2819 244.00
2820 482.67
2821 318.00
2822 263.33
2823 311.33
2824 331.33
2825 420.67
2826 392.67
2827 470.00
2828 380.67
2829 312.00
2830 405.33
2831 174.67
2832 368.00
2833 261.33
2834 382.67
2835 276.00
2836 343.33
2837 414.67
2838 416.00
2839 483.33
2840 458.00
2841 380.00
2842 383.33
2843 468.67
2844 396.00
2845 296.67
2846 398.00
2847 442.67
2848 311.33
2849 253.33
2850 456.00
2851 458.00
2852 448.00
2853 379.33
2854 383.33
2855 412.67
2856 230.00
2857 357.33
2858 406.00
2859 346.00
2860 341.33
2861 432.00
2862 500.00
2863 343.33
2864 423.33
2865 283.33
2866 259.33
2867 388.00
2868 255.33
2869 360.00
2870 410.67
2871 402.67
2872 432.00
2873 280.00
2874 480.00
2875 258.67
2876 256.67
2877 270.00
2878 242.00
2879 426.67
2880 398.67
2881 320.67
2882 390.67
2883 328.00
2884 421.33
2885 398.00
2886 232.00
2887 397.33
2888 348.00
2889 342.67
2890 384.00
2891 302.00
2892 222.67
2893 470.67
2894 400.67
2895 424.00
2896 475.33
2897 426.00
2898 264.67
2899 456.67
2900 458.67
2901 406.00
2902 333.33
2903 337.33
2904 494.67
2905 324.67
2906 378.67
2907 407.33
2908 241.33
2909 434.67
2910 396.67
2911 230.67
2912 404.00
2913 337.33
2914 428.00
2915 477.33
2916 323.33
2917 306.00
2918 423.33
2919 319.33
2920 310.00
2921 293.33
2922 416.67
2923 421.33
2924 314.00
2925 316.67
2926 282.67
2927 481.33
2928 266.00
2929 278.67
2930 338.00
2931 334.67
2932 398.00
2933 376.67
2934 288.00
2935 217.33
2936 405.33
2937 326.00
2938 372.00
2939 341.33
2940 214.00
2941 400.00
2942 382.00
2943 330.67
2944 381.33
2945 244.67
2946 310.00
2947 312.00
2948 250.67
2949 338.00
2950 405.33
2951 342.00
2952 169.33
2953 245.33
2954 356.00
2955 171.33
2956 256.00
2957 280.00
2958 257.33
2959 419.33
2960 392.67
2961 476.67
2962 280.67
2963 308.00
2964 409.33
2965 370.67
2966 458.00
2967 334.67
2968 398.67
2969 346.00
2970 210.00
2971 280.67
2972 359.33
2973 387.33
2974 430.67
2975 244.00
2976 186.67
2977 221.33
2978 328.00
2979 374.00
2980 420.67
2981 266.00
2982 348.67
2983 296.00
2984 384.00
2985 282.67
2986 326.67
2987 357.33
2988 305.33
2989 236.00
2990 436.67
2991 385.33
2992 290.67
2993 419.33
2994 352.00
2995 274.00
2996 281.33
2997 310.67
2998 215.33
2999 340.00
