0 279.13
30 271.87
60 279.67
90 281.37
120 278.97
150 291.73
180 272.77
210 272.80
240 268.20
270 274.23
300 268.83
330 267.50
360 278.73
390 279.17
420 303.83
450 297.10
480 294.43
510 314.43
540 290.97
570 291.83
600 337.13
630 330.13
660 335.13
690 312.10
720 337.40
750 330.63
780 348.30
810 364.83
840 347.70
870 353.10
900 352.23
930 358.17
960 345.60
990 349.77
1020 344.13
1050 332.17
1080 338.83
1110 348.80
1140 360.30
1170 331.90
1200 365.20
1230 343.17
1260 334.83
1290 358.83
1320 342.27
1350 353.57
1380 354.80
1410 376.67
1440 364.97
1470 366.20
1500 364.97
1530 362.83
1560 348.43
1590 359.80
1620 331.43
1650 325.37
1680 336.90
1710 342.57
1740 341.43
1770 351.87
1800 345.20
1830 331.77
1860 355.20
1890 350.07
1920 342.13
1950 332.80
1980 337.63
2010 360.13
2040 329.17
2070 351.87
2100 350.27
2130 349.67
2160 349.97
2190 354.90
2220 352.60
2250 346.33
2280 350.90
2310 358.53
2340 362.70
2370 338.20
2400 348.53
2430 320.70
2460 329.03
2490 324.03
2520 317.83
2550 328.20
2580 334.87
2610 358.57
2640 334.67
2670 356.43
2700 347.27
2730 350.60
2760 356.60
2790 365.63
2820 367.73
2850 365.60
2880 365.00
2910 360.77
2940 372.27
2970 358.67
