0 -0.11
30 -0.01
60 0.15
90 0.15
120 0.21
150 0.29
180 0.13
210 0.16
240 0.10
270 0.13
300 0.30
330 -0.07
360 0.12
390 0.24
420 0.08
450 0.23
480 0.11
510 0.22
540 0.15
570 0.13
600 0.18
630 0.10
660 0.10
690 0.21
720 0.24
750 0.08
780 0.23
810 0.27
840 0.22
870 0.13
900 0.31
930 -0.01
960 0.25
990 0.16
1020 0.08
1050 0.08
1080 0.24
1110 0.18
1140 0.27
1170 0.27
1200 0.27
1230 0.28
1260 0.22
1290 0.36
1320 0.31
1350 0.17
1380 0.10
1410 0.30
1440 0.25
1470 0.28
1500 0.29
1530 0.29
1560 0.35
1590 0.16
1620 0.24
1650 0.40
1680 0.36
1710 0.37
1740 0.42
1770 0.40
1800 0.31
1830 0.41
1860 0.38
1890 0.34
1920 0.43
1950 0.37
1980 0.35
2010 0.33
2040 0.21
2070 0.37
2100 0.37
2130 0.36
2160 0.42
2190 0.42
2220 0.38
2250 0.40
2280 0.37
2310 0.40
2340 0.42
2370 0.39
2400 0.35
2430 0.36
2460 0.42
2490 0.40
2520 0.39
2550 0.36
2580 0.40
2610 0.41
2640 0.42
2670 0.41
2700 0.42
2730 0.33
2760 0.35
2790 0.39
2820 0.36
2850 0.42
2880 0.44
2910 0.35
2940 0.44
2970 0.37
