0 239.49
30 262.18
60 251.27
90 251.00
120 248.29
150 239.31
180 258.98
210 283.22
240 242.60
270 247.60
300 246.42
330 271.04
360 285.56
390 296.53
420 289.93
450 273.31
480 287.49
510 289.64
540 279.73
570 305.00
600 340.47
630 338.11
660 326.98
690 339.07
720 318.40
750 336.69
780 341.04
810 338.51
840 311.67
870 308.89
900 355.96
930 336.69
960 336.91
990 372.38
1020 333.38
1050 359.20
1080 342.93
1110 333.02
1140 348.62
1170 365.40
1200 358.38
1230 365.96
1260 370.80
1290 333.87
1320 347.71
1350 372.56
1380 295.53
1410 350.84
1440 331.56
1470 339.56
1500 352.24
1530 352.82
1560 365.02
1590 377.91
1620 326.53
1650 337.09
1680 358.60
1710 387.22
1740 374.27
1770 347.20
1800 347.91
1830 362.42
1860 347.33
1890 360.27
1920 353.69
1950 336.91
1980 373.87
2010 330.11
2040 342.16
2070 322.67
2100 360.38
2130 370.89
2160 358.31
2190 358.76
2220 380.89
2250 344.73
2280 369.69
2310 361.62
2340 354.71
2370 354.29
2400 380.16
2430 359.87
2460 353.69
2490 363.49
2520 340.69
2550 355.42
2580 343.84
2610 371.00
2640 372.16
2670 358.36
2700 371.71
2730 351.93
2760 378.98
2790 348.91
2820 345.38
2850 338.96
2880 330.11
2910 354.98
2940 347.33
2970 396.40
