0 320.00
1 140.00
2 220.00
3 200.00
4 140.00
5 160.00
6 240.00
7 200.00
8 300.00
9 340.00
10 460.00
11 240.00
12 400.00
13 240.00
14 220.00
15 480.00
16 320.00
17 220.00
18 240.00
19 400.00
20 360.00
21 260.00
22 420.00
23 240.00
24 260.00
25 260.00
26 420.00
27 480.00
28 340.00
29 460.00
30 480.00
31 280.00
32 420.00
33 220.00
34 240.00
35 420.00
36 400.00
37 240.00
38 380.00
39 380.00
40 480.00
41 420.00
42 460.00
43 440.00
44 280.00
45 220.00
46 260.00
47 380.00
48 500.00
49 340.00
50 240.00
51 220.00
52 360.00
53 440.00
54 440.00
55 200.00
56 460.00
57 420.00
58 220.00
59 260.00
60 240.00
61 260.00
62 200.00
63 220.00
64 240.00
65 240.00
66 440.00
67 260.00
68 340.00
69 220.00
70 180.00
71 240.00
72 280.00
73 280.00
74 400.00
75 200.00
76 220.00
77 400.00
78 240.00
79 240.00
80 240.00
81 380.00
82 400.00
83 500.00
84 480.00
85 240.00
86 220.00
87 240.00
88 240.00
89 300.00
90 400.00
91 260.00
92 200.00
93 440.00
94 240.00
95 240.00
96 480.00
97 460.00
98 400.00
99 340.00
100 260.00
101 440.00
102 240.00
103 460.00
104 480.00
105 240.00
106 240.00
107 500.00
108 220.00
109 220.00
110 340.00
111 460.00
112 240.00
113 340.00
114 240.00
115 500.00
116 240.00
117 180.00
118 320.00
119 240.00
120 240.00
121 240.00
122 240.00
123 400.00
124 280.00
125 260.00
126 220.00
127 220.00
128 420.00
129 240.00
130 260.00
131 460.00
132 300.00
133 380.00
134 240.00
135 240.00
136 160.00
137 380.00
138 340.00
139 280.00
140 240.00
141 320.00
142 180.00
143 240.00
144 220.00
145 240.00
146 340.00
147 180.00
148 260.00
149 460.00
150 500.00
151 420.00
152 460.00
153 220.00
154 420.00
155 420.00
156 320.00
157 240.00
158 460.00
159 320.00
160 240.00
161 420.00
162 240.00
163 500.00
164 360.00
165 360.00
166 200.00
167 200.00
168 200.00
169 180.00
170 160.00
171 240.00
172 240.00
173 140.00
174 180.00
175 440.00
176 240.00
177 340.00
178 460.00
179 400.00
180 500.00
181 240.00
182 240.00
183 460.00
184 340.00
185 240.00
186 260.00
187 220.00
188 240.00
189 300.00
190 240.00
191 420.00
192 220.00
193 240.00
194 240.00
195 440.00
196 220.00
197 320.00
198 300.00
199 340.00
200 300.00
201 240.00
202 320.00
203 220.00
204 240.00
205 340.00
206 200.00
207 180.00
208 280.00
209 300.00
210 280.00
211 240.00
212 140.00
213 380.00
214 200.00
215 320.00
216 280.00
217 260.00
218 440.00
219 180.00
220 300.00
221 320.00
222 240.00
223 320.00
224 300.00
225 300.00
226 280.00
227 180.00
228 240.00
229 260.00
230 220.00
231 280.00
232 160.00
233 260.00
234 120.00
235 500.00
236 360.00
237 200.00
238 280.00
239 260.00
240 340.00
241 200.00
242 300.00
243 280.00
244 160.00
245 300.00
246 200.00
247 180.00
248 220.00
249 340.00
250 360.00
251 200.00
252 180.00
253 220.00
254 140.00
255 180.00
256 240.00
257 280.00
258 240.00
259 360.00
260 400.00
261 440.00
262 180.00
263 360.00
264 200.00
265 180.00
266 220.00
267 240.00
268 500.00
269 480.00
270 440.00
271 300.00
272 260.00
273 420.00
274 320.00
275 240.00
276 180.00
277 280.00
278 220.00
279 180.00
280 300.00
281 480.00
282 240.00
283 420.00
284 420.00
285 260.00
286 240.00
287 180.00
288 240.00
289 240.00
290 280.00
291 440.00
292 220.00
293 260.00
294 300.00
295 420.00
296 240.00
297 180.00
298 240.00
299 280.00
300 260.00
301 460.00
302 220.00
303 400.00
304 240.00
305 380.00
306 240.00
307 200.00
308 380.00
309 240.00
310 180.00
311 160.00
312 400.00
313 220.00
314 320.00
315 200.00
316 320.00
317 380.00
318 220.00
319 300.00
320 420.00
321 340.00
322 240.00
323 420.00
324 360.00
325 320.00
326 380.00
327 260.00
328 220.00
329 500.00
330 420.00
331 240.00
332 340.00
333 340.00
334 420.00
335 340.00
336 340.00
337 360.00
338 360.00
339 440.00
340 440.00
341 220.00
342 260.00
343 420.00
344 380.00
345 460.00
346 340.00
347 280.00
348 240.00
349 460.00
350 240.00
351 340.00
352 220.00
353 360.00
354 380.00
355 240.00
356 200.00
357 240.00
358 440.00
359 220.00
360 260.00
361 480.00
362 420.00
363 240.00
364 220.00
365 240.00
366 220.00
367 440.00
368 240.00
369 220.00
370 240.00
371 240.00
372 340.00
373 240.00
374 240.00
375 360.00
376 360.00
377 380.00
378 500.00
379 440.00
380 220.00
381 420.00
382 480.00
383 240.00
384 220.00
385 240.00
386 260.00
387 240.00
388 220.00
389 340.00
390 400.00
391 240.00
392 180.00
393 280.00
394 180.00
395 360.00
396 380.00
397 240.00
398 300.00
399 300.00
400 500.00
401 440.00
402 240.00
403 180.00
404 460.00
405 480.00
406 480.00
407 460.00
408 240.00
409 460.00
410 200.00
411 220.00
412 240.00
413 420.00
414 480.00
415 440.00
416 240.00
417 240.00
418 240.00
419 200.00
420 360.00
421 440.00
422 240.00
423 180.00
424 400.00
425 240.00
426 220.00
427 380.00
428 260.00
429 440.00
430 380.00
431 400.00
432 400.00
433 240.00
434 380.00
435 360.00
436 400.00
437 200.00
438 420.00
439 280.00
440 400.00
441 380.00
442 220.00
443 220.00
444 200.00
445 280.00
446 240.00
447 280.00
448 480.00
449 400.00
450 340.00
451 480.00
452 400.00
453 400.00
454 460.00
455 280.00
456 380.00
457 200.00
458 200.00
459 460.00
460 440.00
461 420.00
462 280.00
463 200.00
464 380.00
465 160.00
466 140.00
467 400.00
468 200.00
469 480.00
470 200.00
471 240.00
472 60.00
473 180.00
474 440.00
475 200.00
476 220.00
477 380.00
478 220.00
479 300.00
480 420.00
481 460.00
482 240.00
483 200.00
484 400.00
485 240.00
486 180.00
487 440.00
488 440.00
489 240.00
490 240.00
491 420.00
492 180.00
493 140.00
494 440.00
495 480.00
496 220.00
497 240.00
498 240.00
499 140.00
500 240.00
501 240.00
502 400.00
503 400.00
504 380.00
505 180.00
506 380.00
507 240.00
508 320.00
509 460.00
510 260.00
511 360.00
512 180.00
513 180.00
514 460.00
515 420.00
516 240.00
517 300.00
518 440.00
519 360.00
520 200.00
521 180.00
522 320.00
523 320.00
524 460.00
525 460.00
526 340.00
527 340.00
528 380.00
529 440.00
530 200.00
531 140.00
532 220.00
533 220.00
534 360.00
535 240.00
536 80.00
537 440.00
538 460.00
539 220.00
540 460.00
541 220.00
542 220.00
543 360.00
544 400.00
545 360.00
546 260.00
547 440.00
548 280.00
549 460.00
550 360.00
551 420.00
552 200.00
553 200.00
554 140.00
555 140.00
556 460.00
557 360.00
558 360.00
559 420.00
560 500.00
561 240.00
562 340.00
563 460.00
564 360.00
565 440.00
566 420.00
567 360.00
568 240.00
569 260.00
570 340.00
571 240.00
572 240.00
573 220.00
574 320.00
575 380.00
576 420.00
577 500.00
578 220.00
579 420.00
580 200.00
581 260.00
582 140.00
583 220.00
584 420.00
585 240.00
586 200.00
587 320.00
588 240.00
589 360.00
590 380.00
591 480.00
592 500.00
593 200.00
594 360.00
595 420.00
596 400.00
597 420.00
598 500.00
599 400.00
600 260.00
601 240.00
602 460.00
603 340.00
604 400.00
605 500.00
606 380.00
607 220.00
608 360.00
609 260.00
610 460.00
611 380.00
612 440.00
613 320.00
614 320.00
615 260.00
616 240.00
617 160.00
618 180.00
619 460.00
620 240.00
621 420.00
622 340.00
623 240.00
624 200.00
625 240.00
626 300.00
627 440.00
628 180.00
629 340.00
630 180.00
631 260.00
632 60.00
633 320.00
634 300.00
635 440.00
636 440.00
637 420.00
638 500.00
639 440.00
640 260.00
641 200.00
642 280.00
643 460.00
644 500.00
645 500.00
646 220.00
647 420.00
648 260.00
649 500.00
650 380.00
651 300.00
652 420.00
653 340.00
654 420.00
655 420.00
656 400.00
657 220.00
658 440.00
659 300.00
660 280.00
661 200.00
662 220.00
663 360.00
664 380.00
665 220.00
666 380.00
667 420.00
668 420.00
669 380.00
670 420.00
671 280.00
672 320.00
673 240.00
674 320.00
675 360.00
676 220.00
677 380.00
678 300.00
679 280.00
680 180.00
681 420.00
682 380.00
683 380.00
684 280.00
685 440.00
686 340.00
687 380.00
688 280.00
689 300.00
690 280.00
691 240.00
692 400.00
693 260.00
694 180.00
695 400.00
696 200.00
697 280.00
698 360.00
699 440.00
700 200.00
701 380.00
702 400.00
703 20.00
704 460.00
705 500.00
706 220.00
707 220.00
708 240.00
709 460.00
710 440.00
711 420.00
712 460.00
713 220.00
714 400.00
715 220.00
716 340.00
717 320.00
718 360.00
719 320.00
720 360.00
721 440.00
722 460.00
723 220.00
724 360.00
725 200.00
726 220.00
727 420.00
728 500.00
729 240.00
730 240.00
731 460.00
732 220.00
733 380.00
734 240.00
735 200.00
736 460.00
737 200.00
738 480.00
739 440.00
740 240.00
741 220.00
742 360.00
743 300.00
744 460.00
745 440.00
746 280.00
747 460.00
748 240.00
749 380.00
750 180.00
751 500.00
752 220.00
753 480.00
754 240.00
755 220.00
756 200.00
757 460.00
758 460.00
759 220.00
760 240.00
761 380.00
762 240.00
763 460.00
764 460.00
765 280.00
766 260.00
767 500.00
768 500.00
769 240.00
770 420.00
771 440.00
772 460.00
773 440.00
774 500.00
775 500.00
776 460.00
777 460.00
778 420.00
779 240.00
780 440.00
781 240.00
782 220.00
783 380.00
784 200.00
785 220.00
786 500.00
787 460.00
788 420.00
789 380.00
790 420.00
791 420.00
792 320.00
793 400.00
794 460.00
795 460.00
796 360.00
797 200.00
798 420.00
799 200.00
800 200.00
801 200.00
802 220.00
803 440.00
804 260.00
805 400.00
806 500.00
807 480.00
808 480.00
809 240.00
810 260.00
811 420.00
812 220.00
813 360.00
814 380.00
815 360.00
816 360.00
817 180.00
818 360.00
819 240.00
820 360.00
821 400.00
822 380.00
823 160.00
824 180.00
825 380.00
826 440.00
827 400.00
828 240.00
829 400.00
830 380.00
831 320.00
832 260.00
833 360.00
834 180.00
835 280.00
836 420.00
837 460.00
838 320.00
839 400.00
840 360.00
841 440.00
842 320.00
843 260.00
844 340.00
845 320.00
846 100.00
847 320.00
848 340.00
849 300.00
850 480.00
851 400.00
852 440.00
853 320.00
854 340.00
855 220.00
856 360.00
857 200.00
858 320.00
859 300.00
860 420.00
861 460.00
862 160.00
863 260.00
864 400.00
865 340.00
866 360.00
867 440.00
868 160.00
869 500.00
870 400.00
871 440.00
872 280.00
873 300.00
874 360.00
875 480.00
876 240.00
877 420.00
878 200.00
879 460.00
880 460.00
881 380.00
882 320.00
883 400.00
884 500.00
885 460.00
886 500.00
887 240.00
888 340.00
889 440.00
890 480.00
891 260.00
892 500.00
893 260.00
894 240.00
895 440.00
896 240.00
897 440.00
898 480.00
899 460.00
900 440.00
901 420.00
902 320.00
903 440.00
904 400.00
905 480.00
906 380.00
907 240.00
908 420.00
909 220.00
910 440.00
911 460.00
912 240.00
913 460.00
914 440.00
915 500.00
916 240.00
917 360.00
918 440.00
919 460.00
920 320.00
921 400.00
922 400.00
923 320.00
924 200.00
925 180.00
926 340.00
927 420.00
928 240.00
929 400.00
930 420.00
931 360.00
932 440.00
933 200.00
934 220.00
935 220.00
936 360.00
937 360.00
938 360.00
939 340.00
940 160.00
941 340.00
942 460.00
943 500.00
944 460.00
945 240.00
946 500.00
947 320.00
948 400.00
949 360.00
950 380.00
951 400.00
952 420.00
953 420.00
954 400.00
955 360.00
956 200.00
957 360.00
958 460.00
959 400.00
960 420.00
961 420.00
962 220.00
963 400.00
964 400.00
965 420.00
966 440.00
967 440.00
968 460.00
969 480.00
970 240.00
971 240.00
972 200.00
973 320.00
974 420.00
975 380.00
976 280.00
977 340.00
978 360.00
979 380.00
980 440.00
981 400.00
982 360.00
983 500.00
984 440.00
985 360.00
986 400.00
987 220.00
988 340.00
989 460.00
990 360.00
991 240.00
992 400.00
993 360.00
994 240.00
995 320.00
996 160.00
997 460.00
998 420.00
999 460.00
1000 420.00
1001 400.00
1002 440.00
1003 240.00
1004 380.00
1005 420.00
1006 280.00
1007 420.00
1008 480.00
1009 240.00
1010 160.00
1011 360.00
1012 360.00
1013 200.00
1014 220.00
1015 280.00
1016 460.00
1017 360.00
1018 380.00
1019 500.00
1020 360.00
1021 200.00
1022 420.00
1023 400.00
1024 220.00
1025 440.00
1026 220.00
1027 380.00
1028 420.00
1029 320.00
1030 360.00
1031 440.00
1032 360.00
1033 360.00
1034 360.00
1035 400.00
1036 480.00
1037 260.00
1038 180.00
1039 400.00
1040 440.00
1041 440.00
1042 440.00
1043 220.00
1044 400.00
1045 440.00
1046 460.00
1047 380.00
1048 460.00
1049 220.00
1050 340.00
1051 500.00
1052 300.00
1053 260.00
1054 340.00
1055 300.00
1056 440.00
1057 420.00
1058 380.00
1059 360.00
1060 400.00
1061 460.00
1062 340.00
1063 420.00
1064 440.00
1065 460.00
1066 400.00
1067 380.00
1068 440.00
1069 420.00
1070 120.00
1071 320.00
1072 320.00
1073 400.00
1074 200.00
1075 460.00
1076 160.00
1077 380.00
1078 440.00
1079 500.00
1080 440.00
1081 220.00
1082 440.00
1083 440.00
1084 340.00
1085 280.00
1086 240.00
1087 360.00
1088 420.00
1089 500.00
1090 500.00
1091 380.00
1092 280.00
1093 500.00
1094 440.00
1095 240.00
1096 300.00
1097 500.00
1098 360.00
1099 480.00
1100 280.00
1101 280.00
1102 280.00
1103 340.00
1104 260.00
1105 320.00
1106 320.00
1107 240.00
1108 220.00
1109 440.00
1110 460.00
1111 420.00
1112 400.00
1113 380.00
1114 480.00
1115 220.00
1116 460.00
1117 420.00
1118 300.00
1119 380.00
1120 440.00
1121 260.00
1122 480.00
1123 200.00
1124 460.00
1125 420.00
1126 420.00
1127 320.00
1128 440.00
1129 400.00
1130 380.00
1131 400.00
1132 420.00
1133 300.00
1134 240.00
1135 220.00
1136 440.00
1137 380.00
1138 320.00
1139 400.00
1140 360.00
1141 260.00
1142 300.00
1143 420.00
1144 460.00
1145 420.00
1146 400.00
1147 420.00
1148 180.00
1149 380.00
1150 200.00
1151 440.00
1152 320.00
1153 400.00
1154 320.00
1155 240.00
1156 380.00
1157 320.00
1158 260.00
1159 400.00
1160 200.00
1161 460.00
1162 420.00
1163 180.00
1164 380.00
1165 280.00
1166 300.00
1167 380.00
1168 300.00
1169 440.00
1170 360.00
1171 360.00
1172 400.00
1173 400.00
1174 180.00
1175 380.00
1176 320.00
1177 440.00
1178 440.00
1179 360.00
1180 480.00
1181 240.00
1182 460.00
1183 440.00
1184 220.00
1185 260.00
1186 200.00
1187 380.00
1188 340.00
1189 240.00
1190 340.00
1191 440.00
1192 220.00
1193 480.00
1194 380.00
1195 180.00
1196 480.00
1197 460.00
1198 220.00
1199 440.00
1200 240.00
1201 240.00
1202 420.00
1203 320.00
1204 140.00
1205 320.00
1206 500.00
1207 340.00
1208 220.00
1209 380.00
1210 380.00
1211 400.00
1212 460.00
1213 240.00
1214 440.00
1215 240.00
1216 420.00
1217 400.00
1218 320.00
1219 240.00
1220 440.00
1221 440.00
1222 340.00
1223 400.00
1224 420.00
1225 360.00
1226 400.00
1227 320.00
1228 180.00
1229 160.00
1230 440.00
1231 420.00
1232 360.00
1233 360.00
1234 260.00
1235 240.00
1236 440.00
1237 340.00
1238 340.00
1239 460.00
1240 400.00
1241 340.00
1242 400.00
1243 300.00
1244 100.00
1245 280.00
1246 360.00
1247 300.00
1248 420.00
1249 360.00
1250 380.00
1251 360.00
1252 320.00
1253 280.00
1254 380.00
1255 460.00
1256 480.00
1257 280.00
1258 300.00
1259 360.00
1260 280.00
1261 360.00
1262 360.00
1263 440.00
1264 160.00
1265 200.00
1266 380.00
1267 320.00
1268 380.00
1269 200.00
1270 420.00
1271 380.00
1272 320.00
1273 220.00
1274 220.00
1275 300.00
1276 220.00
1277 220.00
1278 180.00
1279 460.00
1280 60.00
1281 360.00
1282 220.00
1283 380.00
1284 260.00
1285 400.00
1286 400.00
1287 260.00
1288 400.00
1289 380.00
1290 440.00
1291 440.00
1292 380.00
1293 400.00
1294 440.00
1295 220.00
1296 360.00
1297 440.00
1298 420.00
1299 420.00
1300 300.00
1301 240.00
1302 500.00
1303 460.00
1304 240.00
1305 220.00
1306 480.00
1307 480.00
1308 440.00
1309 380.00
1310 460.00
1311 440.00
1312 500.00
1313 240.00
1314 480.00
1315 380.00
1316 420.00
1317 500.00
1318 240.00
1319 440.00
1320 260.00
1321 240.00
1322 320.00
1323 180.00
1324 360.00
1325 280.00
1326 400.00
1327 400.00
1328 360.00
1329 360.00
1330 300.00
1331 420.00
1332 360.00
1333 280.00
1334 300.00
1335 100.00
1336 360.00
1337 480.00
1338 400.00
1339 480.00
1340 240.00
1341 440.00
1342 280.00
1343 320.00
1344 220.00
1345 320.00
1346 440.00
1347 380.00
1348 440.00
1349 300.00
1350 380.00
1351 460.00
1352 440.00
1353 300.00
1354 380.00
1355 300.00
1356 340.00
1357 400.00
1358 340.00
1359 440.00
1360 220.00
1361 420.00
1362 440.00
1363 220.00
1364 420.00
1365 340.00
1366 280.00
1367 420.00
1368 460.00
1369 440.00
1370 420.00
1371 460.00
1372 220.00
1373 480.00
1374 480.00
1375 400.00
1376 440.00
1377 420.00
1378 460.00
1379 360.00
1380 360.00
1381 440.00
1382 440.00
1383 480.00
1384 360.00
1385 440.00
1386 420.00
1387 500.00
1388 300.00
1389 180.00
1390 500.00
1391 240.00
1392 240.00
1393 200.00
1394 420.00
1395 480.00
1396 460.00
1397 420.00
1398 480.00
1399 360.00
1400 380.00
1401 420.00
1402 360.00
1403 220.00
1404 460.00
1405 400.00
1406 360.00
1407 380.00
1408 260.00
1409 180.00
1410 360.00
1411 280.00
1412 360.00
1413 280.00
1414 460.00
1415 240.00
1416 200.00
1417 200.00
1418 400.00
1419 380.00
1420 180.00
1421 460.00
1422 160.00
1423 220.00
1424 400.00
1425 440.00
1426 180.00
1427 240.00
1428 460.00
1429 180.00
1430 420.00
1431 340.00
1432 440.00
1433 160.00
1434 400.00
1435 380.00
1436 440.00
1437 240.00
1438 380.00
1439 440.00
1440 440.00
1441 360.00
1442 300.00
1443 260.00
1444 420.00
1445 460.00
1446 300.00
1447 360.00
1448 320.00
1449 400.00
1450 240.00
1451 240.00
1452 500.00
1453 340.00
1454 220.00
1455 180.00
1456 420.00
1457 300.00
1458 460.00
1459 200.00
1460 440.00
1461 260.00
1462 420.00
1463 480.00
1464 300.00
1465 440.00
1466 400.00
1467 440.00
1468 420.00
1469 380.00
1470 400.00
1471 400.00
1472 220.00
1473 420.00
1474 460.00
1475 420.00
1476 480.00
1477 440.00
1478 440.00
1479 500.00
1480 480.00
1481 480.00
1482 500.00
1483 460.00
1484 380.00
1485 380.00
1486 400.00
1487 280.00
1488 440.00
1489 300.00
1490 320.00
1491 360.00
1492 240.00
1493 180.00
1494 360.00
1495 360.00
1496 300.00
1497 480.00
1498 380.00
1499 460.00
1500 400.00
1501 460.00
1502 480.00
1503 360.00
1504 420.00
1505 280.00
1506 220.00
1507 360.00
1508 340.00
1509 340.00
1510 440.00
1511 260.00
1512 380.00
1513 360.00
1514 420.00
1515 260.00
1516 260.00
1517 420.00
1518 100.00
1519 240.00
1520 380.00
1521 380.00
1522 360.00
1523 200.00
1524 340.00
1525 220.00
1526 360.00
1527 180.00
1528 340.00
1529 440.00
1530 260.00
1531 140.00
1532 420.00
1533 280.00
1534 260.00
1535 160.00
1536 400.00
1537 420.00
1538 200.00
1539 240.00
1540 300.00
1541 500.00
1542 280.00
1543 340.00
1544 260.00
1545 220.00
1546 380.00
1547 220.00
1548 320.00
1549 240.00
1550 360.00
1551 380.00
1552 380.00
1553 360.00
1554 360.00
1555 420.00
1556 400.00
1557 420.00
1558 480.00
1559 320.00
1560 480.00
1561 240.00
1562 400.00
1563 400.00
1564 300.00
1565 240.00
1566 460.00
1567 500.00
1568 440.00
1569 240.00
1570 300.00
1571 360.00
1572 220.00
1573 360.00
1574 400.00
1575 360.00
1576 320.00
1577 240.00
1578 400.00
1579 400.00
1580 360.00
1581 440.00
1582 440.00
1583 320.00
1584 340.00
1585 360.00
1586 380.00
1587 340.00
1588 380.00
1589 220.00
1590 380.00
1591 460.00
1592 380.00
1593 380.00
1594 280.00
1595 440.00
1596 320.00
1597 500.00
1598 200.00
1599 380.00
1600 360.00
1601 380.00
1602 440.00
1603 460.00
1604 300.00
1605 460.00
1606 360.00
1607 340.00
1608 380.00
1609 460.00
1610 400.00
1611 300.00
1612 180.00
1613 220.00
1614 420.00
1615 400.00
1616 180.00
1617 360.00
1618 380.00
1619 400.00
1620 420.00
1621 360.00
1622 300.00
1623 440.00
1624 420.00
1625 400.00
1626 220.00
1627 440.00
1628 380.00
1629 400.00
1630 360.00
1631 200.00
1632 440.00
1633 380.00
1634 360.00
1635 440.00
1636 360.00
1637 420.00
1638 400.00
1639 200.00
1640 420.00
1641 460.00
1642 440.00
1643 320.00
1644 400.00
1645 360.00
1646 320.00
1647 380.00
1648 440.00
1649 220.00
1650 400.00
1651 240.00
1652 200.00
1653 400.00
1654 300.00
1655 480.00
1656 220.00
1657 360.00
1658 360.00
1659 300.00
1660 420.00
1661 460.00
1662 420.00
1663 200.00
1664 340.00
1665 440.00
1666 320.00
1667 320.00
1668 300.00
1669 260.00
1670 380.00
1671 420.00
1672 220.00
1673 260.00
1674 380.00
1675 420.00
1676 460.00
1677 300.00
1678 320.00
1679 260.00
1680 340.00
1681 340.00
1682 380.00
1683 300.00
1684 80.00
1685 340.00
1686 320.00
1687 320.00
1688 240.00
1689 260.00
1690 400.00
1691 360.00
1692 280.00
1693 380.00
1694 380.00
1695 400.00
1696 460.00
1697 320.00
1698 340.00
1699 300.00
1700 380.00
1701 480.00
1702 360.00
1703 380.00
1704 420.00
1705 420.00
1706 460.00
1707 420.00
1708 200.00
1709 440.00
1710 400.00
1711 440.00
1712 420.00
1713 460.00
1714 500.00
1715 220.00
1716 420.00
1717 340.00
1718 240.00
1719 480.00
1720 240.00
1721 380.00
1722 460.00
1723 340.00
1724 380.00
1725 220.00
1726 440.00
1727 440.00
1728 280.00
1729 220.00
1730 340.00
1731 460.00
1732 460.00
1733 440.00
1734 460.00
1735 260.00
1736 400.00
1737 280.00
1738 220.00
1739 300.00
1740 340.00
1741 420.00
1742 500.00
1743 480.00
1744 340.00
1745 420.00
1746 360.00
1747 400.00
1748 480.00
1749 420.00
1750 260.00
1751 420.00
1752 240.00
1753 380.00
1754 300.00
1755 380.00
1756 440.00
1757 360.00
1758 340.00
1759 460.00
1760 420.00
1761 480.00
1762 220.00
1763 180.00
1764 320.00
1765 380.00
1766 460.00
1767 340.00
1768 320.00
1769 240.00
1770 380.00
1771 260.00
1772 380.00
1773 280.00
1774 300.00
1775 360.00
1776 340.00
1777 400.00
1778 460.00
1779 240.00
1780 340.00
1781 300.00
1782 360.00
1783 360.00
1784 400.00
1785 460.00
1786 220.00
1787 480.00
1788 360.00
1789 500.00
1790 440.00
1791 440.00
1792 500.00
1793 480.00
1794 420.00
1795 440.00
1796 380.00
1797 280.00
1798 480.00
1799 300.00
1800 420.00
1801 340.00
1802 420.00
1803 300.00
1804 320.00
1805 280.00
1806 320.00
1807 240.00
1808 440.00
1809 240.00
1810 500.00
1811 200.00
1812 340.00
1813 440.00
1814 360.00
1815 300.00
1816 380.00
1817 180.00
1818 320.00
1819 380.00
1820 400.00
1821 320.00
1822 440.00
1823 400.00
1824 380.00
1825 500.00
1826 440.00
1827 380.00
1828 460.00
1829 220.00
1830 420.00
1831 500.00
1832 480.00
1833 480.00
1834 320.00
1835 380.00
1836 380.00
1837 260.00
1838 400.00
1839 360.00
1840 200.00
1841 420.00
1842 420.00
1843 460.00
1844 500.00
1845 340.00
1846 340.00
1847 360.00
1848 220.00
1849 440.00
1850 460.00
1851 380.00
1852 460.00
1853 380.00
1854 220.00
1855 420.00
1856 200.00
1857 400.00
1858 420.00
1859 300.00
1860 380.00
1861 200.00
1862 400.00
1863 240.00
1864 220.00
1865 200.00
1866 440.00
1867 260.00
1868 260.00
1869 300.00
1870 380.00
1871 380.00
1872 420.00
1873 420.00
1874 320.00
1875 140.00
1876 340.00
1877 120.00
1878 260.00
1879 280.00
1880 220.00
1881 400.00
1882 240.00
1883 260.00
1884 100.00
1885 260.00
1886 180.00
1887 140.00
1888 300.00
1889 360.00
1890 280.00
1891 300.00
1892 280.00
1893 200.00
1894 160.00
1895 360.00
1896 400.00
1897 500.00
1898 400.00
1899 400.00
1900 300.00
1901 240.00
1902 280.00
1903 400.00
1904 320.00
1905 180.00
1906 320.00
1907 460.00
1908 320.00
1909 440.00
1910 340.00
1911 360.00
1912 440.00
1913 440.00
1914 440.00
1915 480.00
1916 220.00
1917 320.00
1918 420.00
1919 220.00
1920 280.00
1921 240.00
1922 260.00
1923 220.00
1924 340.00
1925 180.00
1926 400.00
1927 400.00
1928 360.00
1929 400.00
1930 420.00
1931 360.00
1932 320.00
1933 460.00
1934 240.00
1935 320.00
1936 340.00
1937 420.00
1938 320.00
1939 320.00
1940 260.00
1941 480.00
1942 420.00
1943 260.00
1944 280.00
1945 420.00
1946 360.00
1947 400.00
1948 460.00
1949 460.00
1950 220.00
1951 280.00
1952 400.00
1953 380.00
1954 380.00
1955 420.00
1956 420.00
1957 400.00
1958 480.00
1959 240.00
1960 440.00
1961 240.00
1962 400.00
1963 340.00
1964 460.00
1965 140.00
1966 300.00
1967 480.00
1968 300.00
1969 320.00
1970 400.00
1971 320.00
1972 440.00
1973 440.00
1974 280.00
1975 180.00
1976 280.00
1977 500.00
1978 420.00
1979 340.00
1980 260.00
1981 240.00
1982 380.00
1983 280.00
1984 260.00
1985 440.00
1986 240.00
1987 460.00
1988 460.00
1989 320.00
1990 420.00
1991 460.00
1992 260.00
1993 360.00
1994 260.00
1995 400.00
1996 400.00
1997 360.00
1998 440.00
1999 480.00
2000 420.00
2001 420.00
2002 220.00
2003 340.00
2004 240.00
2005 400.00
2006 400.00
2007 340.00
2008 320.00
2009 340.00
2010 340.00
2011 300.00
2012 120.00
2013 440.00
2014 440.00
2015 400.00
2016 360.00
2017 460.00
2018 400.00
2019 260.00
2020 220.00
2021 420.00
2022 400.00
2023 360.00
2024 380.00
2025 240.00
2026 160.00
2027 340.00
2028 360.00
2029 400.00
2030 440.00
2031 440.00
2032 440.00
2033 280.00
2034 240.00
2035 240.00
2036 220.00
2037 140.00
2038 420.00
2039 420.00
2040 200.00
2041 460.00
2042 140.00
2043 420.00
2044 240.00
2045 360.00
2046 340.00
2047 500.00
2048 300.00
2049 460.00
2050 360.00
2051 440.00
2052 380.00
2053 420.00
2054 400.00
2055 440.00
2056 240.00
2057 340.00
2058 220.00
2059 400.00
2060 400.00
2061 300.00
2062 380.00
2063 360.00
2064 220.00
2065 380.00
2066 380.00
2067 340.00
2068 420.00
2069 360.00
2070 480.00
2071 220.00
2072 400.00
2073 420.00
2074 180.00
2075 360.00
2076 360.00
2077 400.00
2078 400.00
2079 160.00
2080 420.00
2081 440.00
2082 200.00
2083 360.00
2084 220.00
2085 400.00
2086 380.00
2087 460.00
2088 420.00
2089 280.00
2090 360.00
2091 420.00
2092 440.00
2093 340.00
2094 360.00
2095 200.00
2096 400.00
2097 420.00
2098 300.00
2099 420.00
2100 360.00
2101 440.00
2102 420.00
2103 240.00
2104 420.00
2105 240.00
2106 480.00
2107 440.00
2108 420.00
2109 420.00
2110 460.00
2111 200.00
2112 460.00
2113 460.00
2114 200.00
2115 280.00
2116 440.00
2117 460.00
2118 360.00
2119 440.00
2120 240.00
2121 360.00
2122 120.00
2123 240.00
2124 360.00
2125 180.00
2126 340.00
2127 440.00
2128 460.00
2129 460.00
2130 260.00
2131 420.00
2132 460.00
2133 320.00
2134 420.00
2135 420.00
2136 320.00
2137 280.00
2138 400.00
2139 480.00
2140 400.00
2141 460.00
2142 460.00
2143 420.00
2144 380.00
2145 440.00
2146 240.00
2147 240.00
2148 240.00
2149 460.00
2150 360.00
2151 440.00
2152 420.00
2153 400.00
2154 380.00
2155 420.00
2156 320.00
2157 360.00
2158 280.00
2159 340.00
2160 500.00
2161 480.00
2162 140.00
2163 420.00
2164 380.00
2165 420.00
2166 280.00
2167 400.00
2168 360.00
2169 500.00
2170 420.00
2171 360.00
2172 240.00
2173 240.00
2174 320.00
2175 380.00
2176 180.00
2177 380.00
2178 340.00
2179 320.00
2180 220.00
2181 380.00
2182 360.00
2183 440.00
2184 300.00
2185 340.00
2186 200.00
2187 140.00
2188 180.00
2189 380.00
2190 400.00
2191 380.00
2192 400.00
2193 400.00
2194 180.00
2195 320.00
2196 80.00
2197 420.00
2198 440.00
2199 300.00
2200 380.00
2201 300.00
2202 440.00
2203 300.00
2204 200.00
2205 380.00
2206 440.00
2207 460.00
2208 340.00
2209 440.00
2210 440.00
2211 300.00
2212 380.00
2213 280.00
2214 400.00
2215 400.00
2216 400.00
2217 440.00
2218 440.00
2219 400.00
2220 440.00
2221 460.00
2222 280.00
2223 420.00
2224 380.00
2225 400.00
2226 440.00
2227 280.00
2228 440.00
2229 440.00
2230 480.00
2231 380.00
2232 420.00
2233 400.00
2234 300.00
2235 380.00
2236 440.00
2237 240.00
2238 400.00
2239 380.00
2240 280.00
2241 440.00
2242 380.00
2243 320.00
2244 240.00
2245 360.00
2246 340.00
2247 280.00
2248 280.00
2249 440.00
2250 300.00
2251 180.00
2252 220.00
2253 380.00
2254 280.00
2255 320.00
2256 400.00
2257 280.00
2258 460.00
2259 360.00
2260 440.00
2261 240.00
2262 320.00
2263 460.00
2264 320.00
2265 420.00
2266 420.00
2267 400.00
2268 380.00
2269 460.00
2270 340.00
2271 340.00
2272 400.00
2273 420.00
2274 420.00
2275 340.00
2276 400.00
2277 220.00
2278 340.00
2279 220.00
2280 160.00
2281 360.00
2282 240.00
2283 440.00
2284 400.00
2285 420.00
2286 260.00
2287 400.00
2288 340.00
2289 320.00
2290 400.00
2291 340.00
2292 440.00
2293 480.00
2294 440.00
2295 200.00
2296 380.00
2297 360.00
2298 240.00
2299 220.00
2300 440.00
2301 440.00
2302 320.00
2303 440.00
2304 400.00
2305 340.00
2306 380.00
2307 440.00
2308 320.00
2309 500.00
2310 320.00
2311 460.00
2312 200.00
2313 420.00
2314 440.00
2315 460.00
2316 480.00
2317 240.00
2318 360.00
2319 380.00
2320 340.00
2321 500.00
2322 240.00
2323 440.00
2324 360.00
2325 340.00
2326 440.00
2327 460.00
2328 200.00
2329 460.00
2330 220.00
2331 360.00
2332 320.00
2333 420.00
2334 240.00
2335 420.00
2336 220.00
2337 400.00
2338 340.00
2339 360.00
2340 300.00
2341 420.00
2342 220.00
2343 220.00
2344 380.00
2345 440.00
2346 480.00
2347 400.00
2348 440.00
2349 460.00
2350 220.00
2351 280.00
2352 300.00
2353 420.00
2354 360.00
2355 480.00
2356 440.00
2357 220.00
2358 320.00
2359 220.00
2360 460.00
2361 380.00
2362 460.00
2363 280.00
2364 160.00
2365 240.00
2366 420.00
2367 420.00
2368 420.00
2369 460.00
2370 380.00
2371 280.00
2372 240.00
2373 240.00
2374 380.00
2375 500.00
2376 420.00
2377 380.00
2378 380.00
2379 360.00
2380 480.00
2381 400.00
2382 400.00
2383 420.00
2384 420.00
2385 420.00
2386 300.00
2387 160.00
2388 440.00
2389 440.00
2390 460.00
2391 360.00
2392 420.00
2393 240.00
2394 400.00
2395 440.00
2396 400.00
2397 260.00
2398 340.00
2399 440.00
2400 260.00
2401 320.00
2402 300.00
2403 300.00
2404 200.00
2405 240.00
2406 380.00
2407 160.00
2408 280.00
2409 460.00
2410 300.00
2411 260.00
2412 460.00
2413 420.00
2414 440.00
2415 400.00
2416 420.00
2417 500.00
2418 280.00
2419 460.00
2420 440.00
2421 340.00
2422 360.00
2423 440.00
2424 460.00
2425 240.00
2426 220.00
2427 460.00
2428 240.00
2429 440.00
2430 440.00
2431 500.00
2432 460.00
2433 420.00
2434 420.00
2435 440.00
2436 440.00
2437 280.00
2438 240.00
2439 280.00
2440 440.00
2441 240.00
2442 420.00
2443 440.00
2444 420.00
2445 360.00
2446 460.00
2447 280.00
2448 480.00
2449 220.00
2450 440.00
2451 380.00
2452 440.00
2453 420.00
2454 420.00
2455 440.00
2456 260.00
2457 400.00
2458 220.00
2459 400.00
2460 380.00
2461 360.00
2462 500.00
2463 300.00
2464 440.00
2465 440.00
2466 420.00
2467 420.00
2468 380.00
2469 440.00
2470 420.00
2471 280.00
2472 480.00
2473 400.00
2474 460.00
2475 340.00
2476 460.00
2477 440.00
2478 360.00
2479 300.00
2480 460.00
2481 480.00
2482 460.00
2483 300.00
2484 400.00
2485 460.00
2486 380.00
2487 340.00
2488 480.00
2489 460.00
2490 500.00
2491 460.00
2492 240.00
2493 500.00
2494 240.00
2495 260.00
2496 320.00
2497 280.00
2498 480.00
2499 340.00
2500 240.00
2501 480.00
2502 460.00
2503 340.00
2504 400.00
2505 340.00
2506 420.00
2507 400.00
2508 420.00
2509 460.00
2510 220.00
2511 480.00
2512 440.00
2513 420.00
2514 400.00
2515 240.00
2516 240.00
2517 240.00
2518 260.00
2519 280.00
2520 420.00
2521 220.00
2522 260.00
2523 440.00
2524 380.00
2525 440.00
2526 420.00
2527 340.00
2528 220.00
2529 420.00
2530 380.00
2531 360.00
2532 360.00
2533 200.00
2534 340.00
2535 200.00
2536 420.00
2537 500.00
2538 320.00
2539 320.00
2540 200.00
2541 380.00
2542 400.00
2543 340.00
2544 300.00
2545 140.00
2546 420.00
2547 380.00
2548 400.00
2549 340.00
2550 380.00
2551 420.00
2552 280.00
2553 380.00
2554 160.00
2555 340.00
2556 420.00
2557 420.00
2558 380.00
2559 320.00
2560 300.00
2561 340.00
2562 240.00
2563 320.00
2564 400.00
2565 340.00
2566 440.00
2567 300.00
2568 420.00
2569 280.00
2570 380.00
2571 180.00
2572 440.00
2573 420.00
2574 200.00
2575 300.00
2576 380.00
2577 240.00
2578 420.00
2579 280.00
2580 320.00
2581 260.00
2582 280.00
2583 400.00
2584 240.00
2585 360.00
2586 360.00
2587 300.00
2588 240.00
2589 400.00
2590 380.00
2591 300.00
2592 220.00
2593 300.00
2594 180.00
2595 360.00
2596 400.00
2597 360.00
2598 480.00
2599 400.00
2600 420.00
2601 280.00
2602 420.00
2603 440.00
2604 320.00
2605 380.00
2606 420.00
2607 180.00
2608 380.00
2609 400.00
2610 300.00
2611 440.00
2612 460.00
2613 500.00
2614 240.00
2615 260.00
2616 240.00
2617 420.00
2618 460.00
2619 440.00
2620 500.00
2621 480.00
2622 200.00
2623 400.00
2624 340.00
2625 480.00
2626 220.00
2627 440.00
2628 360.00
2629 340.00
2630 360.00
2631 360.00
2632 280.00
2633 440.00
2634 400.00
2635 360.00
2636 400.00
2637 420.00
2638 340.00
2639 280.00
2640 360.00
2641 380.00
2642 400.00
2643 460.00
2644 420.00
2645 380.00
2646 440.00
2647 240.00
2648 200.00
2649 440.00
2650 400.00
2651 240.00
2652 480.00
2653 480.00
2654 180.00
2655 400.00
2656 360.00
2657 220.00
2658 420.00
2659 400.00
2660 260.00
2661 460.00
2662 360.00
2663 440.00
2664 460.00
2665 460.00
2666 440.00
2667 420.00
2668 220.00
2669 240.00
2670 380.00
2671 320.00
2672 420.00
2673 220.00
2674 220.00
2675 440.00
2676 360.00
2677 240.00
2678 200.00
2679 400.00
2680 320.00
2681 320.00
2682 300.00
2683 400.00
2684 440.00
2685 380.00
2686 360.00
2687 200.00
2688 340.00
2689 480.00
2690 400.00
2691 400.00
2692 420.00
2693 200.00
2694 420.00
2695 260.00
2696 140.00
2697 400.00
2698 360.00
2699 260.00
2700 360.00
2701 240.00
2702 240.00
2703 340.00
2704 440.00
2705 220.00
2706 420.00
2707 180.00
2708 440.00
2709 440.00
2710 420.00
2711 320.00
2712 460.00
2713 380.00
2714 400.00
2715 260.00
2716 200.00
2717 380.00
2718 300.00
2719 340.00
2720 320.00
2721 340.00
2722 360.00
2723 360.00
2724 400.00
2725 320.00
2726 220.00
2727 380.00
2728 380.00
2729 420.00
2730 400.00
2731 240.00
2732 360.00
2733 300.00
2734 280.00
2735 400.00
2736 300.00
2737 240.00
2738 420.00
2739 400.00
2740 280.00
2741 380.00
2742 500.00
2743 380.00
2744 400.00
2745 500.00
2746 360.00
2747 460.00
2748 340.00
2749 400.00
2750 240.00
2751 260.00
2752 160.00
2753 420.00
2754 240.00
2755 460.00
2756 340.00
2757 420.00
2758 440.00
2759 360.00
2760 260.00
2761 240.00
2762 420.00
2763 280.00
2764 380.00
2765 380.00
2766 240.00
2767 440.00
2768 340.00
2769 200.00
2770 480.00
2771 440.00
2772 440.00
2773 320.00
2774 240.00
2775 440.00
2776 440.00
2777 240.00
2778 400.00
2779 240.00
2780 420.00
2781 360.00
2782 500.00
2783 440.00
2784 200.00
2785 320.00
2786 380.00
2787 420.00
2788 440.00
2789 420.00
2790 500.00
2791 400.00
2792 360.00
2793 380.00
2794 360.00
2795 460.00
2796 460.00
2797 400.00
2798 440.00
2799 220.00
2800 200.00
2801 440.00
2802 400.00
2803 400.00
2804 420.00
2805 320.00
2806 440.00
2807 300.00
2808 440.00
2809 280.00
2810 460.00
2811 460.00
2812 420.00
2813 380.00
2814 420.00
2815 440.00
2816 500.00
2817 500.00
2818 220.00
2819 360.00
2820 360.00
2821 340.00
2822 400.00
2823 480.00
2824 420.00
2825 440.00
2826 400.00
2827 440.00
2828 420.00
2829 340.00
2830 340.00
2831 420.00
2832 400.00
2833 440.00
2834 400.00
2835 480.00
2836 400.00
2837 220.00
2838 440.00
2839 460.00
2840 460.00
2841 380.00
2842 480.00
2843 360.00
2844 220.00
2845 180.00
2846 420.00
2847 80.00
2848 400.00
2849 300.00
2850 440.00
2851 320.00
2852 360.00
2853 340.00
2854 340.00
2855 200.00
2856 200.00
2857 420.00
2858 240.00
2859 440.00
2860 380.00
2861 420.00
2862 380.00
2863 380.00
2864 360.00
2865 240.00
2866 200.00
2867 360.00
2868 220.00
2869 200.00
2870 300.00
2871 100.00
2872 260.00
2873 260.00
2874 420.00
2875 420.00
2876 220.00
2877 220.00
2878 360.00
2879 180.00
2880 420.00
2881 180.00
2882 340.00
2883 280.00
2884 420.00
2885 340.00
2886 360.00
2887 240.00
2888 280.00
2889 400.00
2890 320.00
2891 260.00
2892 380.00
2893 280.00
2894 440.00
2895 380.00
2896 480.00
2897 400.00
2898 240.00
2899 340.00
2900 260.00
2901 400.00
2902 440.00
2903 200.00
2904 380.00
2905 380.00
2906 360.00
2907 440.00
2908 280.00
2909 420.00
2910 120.00
2911 320.00
2912 400.00
2913 240.00
2914 160.00
2915 380.00
2916 260.00
2917 340.00
2918 240.00
2919 260.00
2920 340.00
2921 400.00
2922 420.00
2923 360.00
2924 400.00
2925 240.00
2926 500.00
2927 400.00
2928 180.00
2929 420.00
2930 480.00
2931 160.00
2932 460.00
2933 400.00
2934 500.00
2935 440.00
2936 400.00
2937 400.00
2938 500.00
2939 440.00
2940 240.00
2941 400.00
2942 220.00
2943 440.00
2944 380.00
2945 380.00
2946 240.00
2947 340.00
2948 240.00
2949 240.00
2950 280.00
2951 200.00
2952 320.00
2953 340.00
2954 340.00
2955 440.00
2956 420.00
2957 200.00
2958 340.00
2959 320.00
2960 220.00
2961 300.00
2962 180.00
2963 360.00
2964 300.00
2965 360.00
2966 240.00
2967 340.00
2968 340.00
2969 360.00
2970 400.00
2971 320.00
2972 260.00
2973 300.00
2974 500.00
2975 220.00
2976 440.00
2977 400.00
2978 220.00
2979 460.00
2980 460.00
2981 420.00
2982 300.00
2983 480.00
2984 380.00
2985 220.00
2986 440.00
2987 400.00
2988 320.00
2989 460.00
2990 280.00
2991 480.00
2992 460.00
2993 260.00
2994 400.00
2995 240.00
2996 200.00
2997 240.00
2998 240.00
2999 420.00
