0 154.78
30 170.38
60 188.24
90 213.49
120 239.62
150 248.51
180 236.24
210 193.62
240 232.04
270 240.24
300 236.33
330 236.47
360 243.07
390 245.11
420 253.78
450 263.47
480 287.89
510 260.73
540 284.13
570 278.78
600 234.69
630 215.53
660 277.84
690 307.11
720 295.71
750 330.07
780 293.09
810 264.78
840 286.93
870 331.09
900 301.02
930 288.96
960 291.00
990 298.71
1020 301.96
1050 323.42
1080 286.84
1110 309.27
1140 329.69
1170 343.20
1200 315.33
1230 335.38
1260 317.18
1290 353.64
1320 328.73
1350 341.36
1380 342.22
1410 343.58
1440 328.76
1470 331.13
1500 337.02
1530 309.24
1560 328.64
1590 335.64
1620 318.80
1650 311.13
1680 306.93
1710 356.51
1740 361.33
1770 344.89
1800 340.33
1830 333.31
1860 345.82
1890 308.04
1920 315.96
1950 314.27
1980 358.76
2010 336.60
2040 325.67
2070 345.71
2100 340.29
2130 337.64
2160 352.64
2190 353.58
2220 313.36
2250 329.89
2280 324.09
2310 320.24
2340 348.24
2370 357.38
2400 325.20
2430 368.13
2460 349.53
2490 337.44
2520 344.51
2550 341.00
2580 339.42
2610 322.04
2640 358.42
2670 352.42
2700 356.49
2730 352.51
2760 340.11
2790 340.16
2820 340.22
2850 318.47
2880 357.76
2910 314.42
2940 357.20
2970 351.71
