0 228.82
30 236.16
60 227.13
90 236.87
120 235.78
150 233.93
180 248.64
210 270.71
240 269.62
270 290.42
300 263.33
330 280.62
360 279.58
390 274.16
420 297.51
450 269.44
480 262.00
510 265.87
540 276.62
570 286.42
600 329.56
630 313.78
660 296.82
690 318.29
720 281.11
750 313.29
780 289.13
810 325.07
840 334.71
870 339.78
900 328.04
930 328.13
960 294.91
990 338.78
1020 294.82
1050 322.67
1080 309.44
1110 324.82
1140 354.87
1170 330.67
1200 341.33
1230 345.09
1260 310.62
1290 327.20
1320 303.67
1350 359.56
1380 349.60
1410 328.56
1440 358.76
1470 344.40
1500 344.20
1530 331.24
1560 327.16
1590 367.73
1620 333.76
1650 346.27
1680 315.44
1710 329.00
1740 339.47
1770 334.36
1800 313.38
1830 346.00
1860 361.29
1890 347.98
1920 330.22
1950 336.31
1980 337.93
2010 303.00
2040 303.31
2070 305.91
2100 318.47
2130 320.40
2160 320.67
2190 325.00
2220 308.53
2250 350.93
2280 337.51
2310 306.80
2340 316.40
2370 344.84
2400 343.22
2430 325.47
2460 337.49
2490 357.87
2520 323.36
2550 343.22
2580 357.13
2610 315.93
2640 328.62
2670 329.00
2700 313.07
2730 317.24
2760 328.49
2790 330.47
2820 337.47
2850 304.84
2880 337.91
2910 334.76
2940 337.62
2970 339.76
