0 198.67
30 259.33
60 276.00
90 211.33
120 291.33
150 314.00
180 248.00
210 264.00
240 262.67
270 294.00
300 296.00
330 331.33
360 315.33
390 270.00
420 338.67
450 350.00
480 354.67
510 334.67
540 360.00
570 371.33
600 345.33
630 376.00
660 337.33
690 362.00
720 338.67
750 334.00
780 360.00
810 334.67
840 326.67
870 336.00
900 371.33
930 372.00
960 368.67
990 349.33
1020 318.00
1050 331.33
1080 382.00
1110 326.67
1140 342.00
1170 368.67
1200 336.00
1230 364.00
1260 362.67
1290 358.00
1320 363.33
1350 345.33
1380 357.33
1410 380.67
1440 372.00
1470 376.00
1500 320.67
1530 323.33
1560 330.67
1590 334.67
1620 359.33
1650 362.00
1680 338.00
1710 366.67
1740 378.67
1770 353.33
1800 350.00
1830 360.67
1860 370.00
1890 346.00
1920 394.00
1950 352.67
1980 351.33
2010 336.67
2040 349.33
2070 365.33
2100 354.67
2130 334.67
2160 323.33
2190 359.33
2220 311.33
2250 360.67
2280 322.67
2310 341.33
2340 372.00
2370 391.33
2400 334.67
2430 364.67
2460 320.00
2490 332.00
2520 349.33
2550 361.33
2580 391.33
2610 366.67
2640 386.00
2670 355.33
2700 334.67
2730 310.67
2760 334.67
2790 334.00
2820 350.00
2850 364.67
2880 375.33
2910 342.67
2940 324.67
2970 364.67
