0 -0.25
1 -0.10
2 -0.04
3 -0.26
4 -0.05
5 -0.16
6 0.49
7 -0.29
8 -0.32
9 -0.14
10 0.46
11 -0.34
12 -0.32
13 -0.29
14 0.44
15 0.25
16 0.49
17 0.49
18 0.49
19 0.49
20 0.49
21 0.49
22 -0.31
23 -0.12
24 -0.29
25 0.49
26 -0.15
27 0.49
28 -0.26
29 -0.34
30 0.44
31 -0.34
32 0.36
33 -0.29
34 -0.28
35 0.36
36 0.46
37 0.49
38 0.40
39 0.40
40 0.42
41 -0.10
42 -0.26
43 0.49
44 0.46
45 -0.08
46 0.49
47 -0.36
48 -0.36
49 -0.07
50 -0.29
51 -0.31
52 -0.17
53 -0.21
54 -0.34
55 -0.25
56 -0.31
57 -0.16
58 -0.26
59 0.49
60 0.49
61 -0.28
62 -0.29
63 -0.17
64 -0.31
65 0.49
66 0.44
67 0.49
68 0.49
69 0.44
70 0.49
71 -0.34
72 -0.31
73 0.46
74 -0.29
75 -0.34
76 0.49
77 -0.32
78 0.49
79 0.49
80 0.46
81 -0.25
82 0.40
83 -0.31
84 0.42
85 0.49
86 -0.24
87 0.49
88 0.49
89 0.42
90 0.44
91 0.49
92 -0.09
93 -0.11
94 -0.34
95 -0.23
96 0.42
97 -0.28
98 0.49
99 0.49
100 0.49
101 0.49
102 0.38
103 0.44
104 0.42
105 0.49
106 0.36
107 -0.29
108 0.36
109 -0.11
110 -0.10
111 0.49
112 0.49
113 0.49
114 0.36
115 -0.21
116 0.49
117 -0.19
118 -0.11
119 0.49
120 0.49
121 0.44
122 0.44
123 -0.13
124 0.49
125 -0.36
126 -0.12
127 -0.15
128 -0.08
129 -0.17
130 -0.09
131 -0.36
132 0.46
133 0.32
134 0.49
135 0.44
136 0.49
137 -0.28
138 0.49
139 -0.24
140 0.49
141 0.49
142 0.44
143 0.49
144 0.42
145 0.44
146 0.46
147 -0.18
148 -0.29
149 0.49
150 0.49
151 -0.00
152 0.49
153 0.12
154 -0.28
155 0.49
156 -0.24
157 -0.24
158 0.49
159 0.46
160 0.20
161 0.46
162 0.46
163 -0.32
164 0.46
165 0.46
166 0.44
167 0.49
168 0.42
169 -0.09
170 -0.29
171 0.44
172 -0.29
173 0.40
174 -0.31
175 -0.20
176 -0.25
177 -0.15
178 -0.17
179 -0.09
180 -0.34
181 -0.18
182 -0.26
183 -0.06
184 -0.13
185 -0.20
186 0.44
187 0.49
188 -0.32
189 0.40
190 0.46
191 0.44
192 -0.29
193 0.44
194 0.49
195 -0.09
196 0.49
197 0.46
198 -0.13
199 0.28
200 0.46
201 0.49
202 0.49
203 0.49
204 -0.24
205 0.49
206 0.46
207 -0.26
208 0.42
209 -0.13
210 0.49
211 -0.08
212 -0.26
213 0.34
214 0.46
215 0.46
216 0.44
217 0.46
218 0.49
219 0.46
220 0.49
221 0.40
222 0.49
223 0.49
224 0.44
225 0.49
226 -0.12
227 -0.26
228 0.46
229 0.46
230 0.42
231 -0.26
232 0.46
233 -0.28
234 0.46
235 0.46
236 0.42
237 -0.25
238 0.46
239 0.29
240 0.44
241 0.42
242 0.44
243 -0.19
244 -0.08
245 -0.09
246 -0.31
247 -0.14
248 -0.21
249 -0.10
250 -0.21
251 -0.06
252 -0.21
253 -0.25
254 -0.17
255 -0.36
256 -0.29
257 -0.20
258 -0.07
259 0.49
260 -0.31
261 0.49
262 -0.14
263 -0.34
264 0.46
265 0.49
266 -0.23
267 -0.36
268 -0.13
269 0.44
270 0.38
271 -0.34
272 0.49
273 0.49
274 -0.31
275 0.46
276 0.49
277 0.49
278 -0.29
279 -0.31
280 0.49
281 -0.29
282 -0.10
283 -0.34
284 -0.11
285 -0.32
286 -0.24
287 0.49
288 0.46
289 0.44
290 -0.19
291 0.49
292 -0.11
293 0.49
294 0.44
295 0.49
296 -0.14
297 -0.32
298 -0.28
299 -0.25
300 -0.31
301 0.14
302 -0.36
303 -0.32
304 -0.01
305 -0.17
306 -0.38
307 -0.07
308 -0.13
309 0.08
310 0.49
311 0.12
312 0.46
313 0.44
314 -0.31
315 -0.25
316 0.49
317 -0.34
318 0.09
319 0.49
320 0.49
321 -0.38
322 -0.36
323 0.49
324 0.40
325 0.49
326 -0.36
327 -0.10
328 0.49
329 0.40
330 0.49
331 0.31
332 0.44
333 0.46
334 -0.40
335 0.49
336 0.44
337 -0.19
338 0.38
339 0.46
340 0.46
341 0.24
342 -0.25
343 -0.06
344 -0.09
345 -0.32
346 -0.07
347 -0.14
348 -0.17
349 0.40
350 -0.23
351 0.46
352 0.49
353 -0.32
354 0.36
355 -0.15
356 0.40
357 0.46
358 0.49
359 0.44
360 0.49
361 -0.31
362 -0.29
363 0.46
364 0.49
365 0.44
366 0.46
367 0.49
368 -0.23
369 0.36
370 0.42
371 0.46
372 -0.25
373 0.29
374 0.44
375 0.42
376 0.46
377 0.49
378 0.46
379 0.49
380 0.49
381 0.49
382 0.40
383 0.49
384 0.46
385 0.49
386 -0.29
387 0.42
388 0.44
389 0.49
390 0.44
391 0.49
392 -0.20
393 -0.38
394 0.42
395 0.38
396 0.46
397 0.46
398 -0.25
399 -0.36
400 0.42
401 0.42
402 -0.17
403 -0.29
404 0.46
405 -0.31
406 0.38
407 -0.26
408 0.46
409 -0.31
410 0.44
411 0.46
412 -0.32
413 0.40
414 0.44
415 0.44
416 -0.32
417 -0.32
418 0.44
419 -0.25
420 -0.40
421 0.07
422 0.14
423 -0.38
424 0.14
425 0.28
426 0.42
427 0.49
428 0.49
429 -0.29
430 -0.32
431 0.31
432 0.49
433 0.49
434 0.49
435 0.44
436 0.42
437 0.49
438 0.49
439 0.44
440 0.49
441 -0.08
442 0.49
443 0.46
444 0.44
445 -0.28
446 0.44
447 0.49
448 0.42
449 0.44
450 -0.38
451 0.49
452 0.46
453 -0.29
454 0.49
455 0.46
456 0.49
457 0.49
458 0.46
459 -0.20
460 0.42
461 0.49
462 -0.34
463 0.42
464 -0.26
465 -0.25
466 -0.25
467 -0.08
468 0.15
469 0.11
470 -0.38
471 0.14
472 0.14
473 -0.03
474 -0.04
475 0.07
476 0.14
477 0.14
478 -0.07
479 -0.00
480 -0.21
481 -0.20
482 -0.24
483 -0.18
484 -0.18
485 -0.26
486 0.14
487 0.14
488 0.10
489 0.13
490 0.20
491 0.40
492 0.44
493 0.46
494 -0.31
495 0.42
496 0.46
497 0.46
498 -0.38
499 0.46
500 0.46
501 0.44
502 -0.36
503 0.46
504 0.46
505 -0.32
506 0.11
507 0.44
508 -0.18
509 0.11
510 0.28
511 0.15
512 0.42
513 0.46
514 0.40
515 0.09
516 0.46
517 0.44
518 0.44
519 0.44
520 -0.34
521 0.44
522 0.46
523 -0.36
524 0.44
525 0.42
526 0.42
527 0.44
528 0.46
529 0.46
530 0.44
531 0.11
532 0.44
533 0.42
534 0.46
535 0.44
536 -0.05
537 0.44
538 0.44
539 0.46
540 0.04
541 0.40
542 0.44
543 -0.26
544 0.40
545 0.12
546 0.38
547 0.44
548 0.44
549 0.13
550 0.46
551 0.36
552 0.44
553 0.46
554 0.44
555 0.40
556 0.44
557 0.42
558 0.42
559 0.46
560 0.44
561 0.36
562 0.44
563 0.36
564 -0.32
565 0.44
566 0.44
567 0.38
568 0.42
569 0.46
570 0.42
571 0.46
572 0.38
573 0.42
574 0.44
575 0.44
576 0.44
577 0.44
578 0.42
579 0.40
580 0.38
581 0.40
582 0.09
583 0.10
584 0.38
585 0.42
586 0.44
587 0.40
588 0.44
589 0.44
590 0.38
591 0.44
592 0.44
593 -0.36
594 -0.34
595 0.44
596 0.09
597 0.44
598 0.11
599 0.15
600 0.16
601 0.23
602 0.16
603 0.00
604 0.32
605 0.32
606 0.29
607 0.17
608 0.18
609 0.28
610 0.28
611 0.31
612 0.31
613 0.32
614 0.13
615 0.24
616 -0.26
617 0.38
618 0.34
619 0.32
620 0.36
621 0.28
622 0.32
623 0.46
624 0.46
625 0.42
626 -0.20
627 0.44
628 0.23
629 0.38
630 0.36
631 0.36
632 0.38
633 0.38
634 0.42
635 0.38
636 0.32
637 0.46
638 0.46
639 0.26
640 0.38
641 0.46
642 0.40
643 0.29
644 0.44
645 0.44
646 -0.29
647 0.44
648 0.44
649 0.46
650 0.12
651 0.42
652 0.44
653 0.38
654 0.40
655 -0.25
656 0.29
657 0.38
658 0.36
659 0.09
660 0.26
661 0.16
662 0.34
663 -0.13
664 0.31
665 0.42
666 0.44
667 0.46
668 0.46
669 0.38
670 0.38
671 0.42
672 0.46
673 0.42
674 -0.04
675 0.28
676 0.28
677 0.32
678 0.31
679 0.25
680 0.36
681 0.34
682 0.31
683 0.38
684 0.40
685 0.44
686 0.44
687 0.46
688 0.40
689 0.10
690 0.28
691 0.46
692 0.38
693 0.46
694 0.46
695 -0.32
696 -0.29
697 0.16
698 0.31
699 0.28
700 0.29
701 0.46
702 0.44
703 0.44
704 0.46
705 0.40
706 0.42
707 0.46
708 0.44
709 0.42
710 0.20
711 0.34
712 0.46
713 0.44
714 0.46
715 0.40
716 0.40
717 0.46
718 0.34
719 0.32
720 0.36
721 0.44
722 0.46
723 0.40
724 0.40
725 0.44
726 0.46
727 0.29
728 0.44
729 0.42
730 0.26
731 0.36
732 0.40
733 0.42
734 0.42
735 0.44
736 0.42
737 0.44
738 0.46
739 0.46
740 0.40
741 0.28
742 0.46
743 0.42
744 0.46
745 0.36
746 0.44
747 0.44
748 0.44
749 0.42
750 0.46
751 -0.13
752 0.32
753 0.34
754 0.32
755 0.28
756 0.38
757 0.46
758 0.42
759 0.38
760 0.46
761 0.44
762 0.14
763 0.18
764 0.36
765 0.32
766 0.42
767 0.40
768 0.42
769 0.46
770 0.40
771 0.44
772 0.46
773 0.44
774 0.46
775 0.38
776 0.44
777 -0.36
778 0.34
779 0.40
780 0.26
781 0.24
782 -0.32
783 0.31
784 0.34
785 0.40
786 0.42
787 0.38
788 0.44
789 0.46
790 0.42
791 0.46
792 0.46
793 -0.24
794 0.40
795 0.34
796 -0.38
797 0.32
798 0.25
799 0.29
800 0.36
801 0.40
802 0.34
803 0.38
804 0.40
805 0.40
806 0.42
807 0.46
808 0.44
809 0.40
810 0.46
811 0.38
812 0.40
813 0.42
814 0.44
815 0.32
816 0.42
817 0.42
818 0.34
819 0.44
820 0.38
821 0.40
822 0.42
823 0.42
824 0.34
825 0.46
826 -0.34
827 0.40
828 0.42
829 0.38
830 -0.25
831 0.38
832 0.34
833 0.31
834 0.29
835 0.42
836 0.36
837 0.42
838 0.38
839 0.34
840 0.32
841 0.32
842 0.32
843 0.31
844 0.44
845 0.42
846 0.46
847 0.08
848 0.31
849 0.31
850 0.29
851 0.46
852 0.44
853 0.32
854 0.42
855 0.40
856 0.31
857 0.46
858 0.46
859 0.40
860 0.38
861 0.42
862 0.40
863 0.46
864 -0.20
865 0.42
866 0.34
867 0.26
868 0.38
869 0.31
870 0.25
871 0.24
872 -0.24
873 -0.07
874 0.19
875 0.46
876 0.34
877 0.46
878 0.44
879 0.42
880 0.46
881 0.31
882 0.44
883 0.42
884 0.34
885 0.40
886 0.44
887 0.42
888 0.46
889 0.46
890 0.38
891 0.40
892 0.42
893 0.42
894 0.42
895 0.40
896 0.40
897 0.46
898 0.44
899 0.46
900 0.46
901 0.40
902 0.34
903 0.44
904 0.36
905 0.42
906 0.31
907 0.40
908 0.36
909 0.34
910 0.40
911 0.34
912 0.38
913 0.07
914 0.31
915 0.28
916 0.46
917 0.32
918 0.44
919 0.44
920 0.40
921 0.46
922 0.46
923 0.38
924 0.44
925 0.46
926 0.36
927 0.40
928 0.44
929 0.42
930 0.46
931 0.44
932 0.46
933 0.44
934 0.46
935 -0.31
936 0.46
937 0.31
938 0.29
939 0.46
940 0.44
941 0.42
942 0.44
943 0.46
944 0.38
945 0.38
946 0.40
947 0.40
948 0.46
949 0.31
950 0.44
951 0.44
952 0.40
953 0.42
954 0.34
955 0.42
956 0.44
957 0.42
958 0.40
959 0.29
960 0.36
961 0.31
962 0.40
963 0.40
964 -0.34
965 0.31
966 0.32
967 0.34
968 0.42
969 0.38
970 0.29
971 0.28
972 0.28
973 0.44
974 0.46
975 0.44
976 -0.21
977 0.32
978 0.44
979 0.44
980 0.42
981 0.46
982 0.44
983 0.46
984 0.46
985 0.24
986 0.46
987 0.40
988 0.42
989 0.44
990 0.40
991 0.44
992 0.44
993 0.46
994 0.44
995 0.38
996 0.36
997 0.40
998 0.34
999 0.42
1000 0.46
1001 0.36
1002 -0.28
1003 0.29
1004 0.44
1005 0.46
1006 0.44
1007 0.32
1008 0.44
1009 0.34
1010 0.44
1011 0.46
1012 0.42
1013 0.46
1014 0.46
1015 0.42
1016 0.46
1017 0.40
1018 0.42
1019 0.46
1020 0.42
1021 0.46
1022 0.44
1023 0.13
1024 0.25
1025 0.20
1026 0.23
1027 0.21
1028 0.34
1029 0.40
1030 0.40
1031 0.36
1032 0.06
1033 -0.07
1034 0.19
1035 0.24
1036 0.31
1037 0.25
1038 0.42
1039 0.31
1040 0.34
1041 0.42
1042 0.31
1043 0.40
1044 0.40
1045 0.42
1046 0.46
1047 0.40
1048 0.46
1049 0.46
1050 0.44
1051 0.44
1052 -0.21
1053 0.42
1054 0.42
1055 0.42
1056 -0.29
1057 0.42
1058 0.46
1059 0.40
1060 0.44
1061 0.46
1062 0.44
1063 0.46
1064 0.44
1065 0.46
1066 0.42
1067 0.44
1068 0.40
1069 0.46
1070 0.44
1071 0.40
1072 0.46
1073 0.44
1074 0.40
1075 0.40
1076 0.44
1077 0.44
1078 0.42
1079 0.38
1080 0.38
1081 0.42
1082 0.44
1083 0.42
1084 0.40
1085 0.42
1086 0.32
1087 0.42
1088 0.44
1089 0.40
1090 0.38
1091 0.44
1092 0.46
1093 0.42
1094 0.38
1095 -0.25
1096 0.44
1097 0.42
1098 0.46
1099 0.38
1100 0.40
1101 0.42
1102 0.36
1103 0.40
1104 0.31
1105 0.42
1106 -0.15
1107 0.40
1108 0.28
1109 0.42
1110 0.42
1111 0.34
1112 0.46
1113 0.38
1114 0.42
1115 0.44
1116 0.44
1117 0.42
1118 0.44
1119 0.42
1120 0.46
1121 0.42
1122 0.44
1123 0.42
1124 0.44
1125 0.44
1126 0.46
1127 0.42
1128 0.44
1129 0.38
1130 0.42
1131 0.40
1132 0.36
1133 0.44
1134 0.42
1135 0.42
1136 0.42
1137 0.36
1138 0.00
1139 0.07
1140 0.44
1141 0.38
1142 0.42
1143 0.34
1144 0.38
1145 0.44
1146 0.44
1147 0.40
1148 0.46
1149 0.46
1150 0.46
1151 0.44
1152 0.40
1153 0.44
1154 0.42
1155 0.40
1156 0.40
1157 0.46
1158 0.38
1159 0.36
1160 0.42
1161 0.26
1162 0.40
1163 0.42
1164 0.42
1165 -0.26
1166 0.38
1167 0.46
1168 0.44
1169 0.40
1170 0.36
1171 0.21
1172 0.26
1173 0.34
1174 0.46
1175 0.42
1176 0.36
1177 0.46
1178 0.29
1179 -0.28
1180 0.36
1181 0.36
1182 0.06
1183 0.23
1184 0.17
1185 0.23
1186 0.44
1187 0.34
1188 -0.19
1189 0.44
1190 0.46
1191 0.46
1192 0.44
1193 0.34
1194 0.42
1195 0.44
1196 -0.14
1197 0.24
1198 0.32
1199 0.46
1200 0.46
1201 0.46
1202 0.42
1203 0.42
1204 0.42
1205 0.46
1206 0.40
1207 0.38
1208 0.38
1209 0.46
1210 -0.32
1211 0.29
1212 0.44
1213 0.46
1214 0.44
1215 0.42
1216 0.42
1217 0.46
1218 0.46
1219 0.46
1220 0.42
1221 0.42
1222 0.44
1223 0.36
1224 0.42
1225 0.34
1226 0.38
1227 0.44
1228 0.40
1229 0.42
1230 0.46
1231 0.44
1232 0.07
1233 0.36
1234 0.42
1235 0.24
1236 0.44
1237 0.44
1238 0.38
1239 0.40
1240 0.44
1241 0.46
1242 0.46
1243 0.44
1244 0.46
1245 0.40
1246 -0.31
1247 0.31
1248 -0.14
1249 0.29
1250 0.46
1251 -0.31
1252 0.44
1253 0.44
1254 0.38
1255 0.42
1256 0.44
1257 0.44
1258 0.38
1259 0.46
1260 0.42
1261 0.42
1262 0.31
1263 0.46
1264 0.44
1265 0.40
1266 0.42
1267 0.46
1268 0.42
1269 0.26
1270 0.29
1271 0.42
1272 0.42
1273 0.38
1274 0.46
1275 0.40
1276 0.38
1277 0.46
1278 0.42
1279 0.28
1280 -0.18
1281 0.44
1282 0.44
1283 0.46
1284 0.34
1285 0.40
1286 0.36
1287 0.32
1288 0.46
1289 0.44
1290 0.34
1291 0.42
1292 0.44
1293 0.31
1294 0.40
1295 0.46
1296 0.44
1297 0.42
1298 0.42
1299 0.38
1300 0.44
1301 0.24
1302 0.44
1303 0.34
1304 0.46
1305 0.44
1306 0.42
1307 0.44
1308 0.40
1309 0.34
1310 0.44
1311 0.44
1312 0.46
1313 0.44
1314 0.28
1315 0.46
1316 0.32
1317 0.26
1318 -0.40
1319 0.40
1320 0.31
1321 0.38
1322 0.46
1323 0.42
1324 0.46
1325 0.44
1326 0.46
1327 0.46
1328 0.36
1329 0.46
1330 0.46
1331 0.46
1332 0.42
1333 0.44
1334 0.42
1335 0.46
1336 0.42
1337 0.34
1338 0.34
1339 0.44
1340 0.44
1341 0.36
1342 0.29
1343 0.36
1344 0.44
1345 0.31
1346 0.44
1347 0.32
1348 0.38
1349 0.42
1350 0.25
1351 0.40
1352 0.38
1353 0.34
1354 0.42
1355 0.44
1356 0.29
1357 0.46
1358 0.42
1359 0.44
1360 0.34
1361 0.44
1362 0.46
1363 0.44
1364 0.31
1365 0.42
1366 0.44
1367 0.21
1368 0.40
1369 0.38
1370 0.46
1371 0.44
1372 0.44
1373 0.44
1374 0.44
1375 0.42
1376 0.44
1377 0.44
1378 0.44
1379 0.44
1380 0.42
1381 0.44
1382 0.40
1383 0.42
1384 0.36
1385 0.32
1386 0.28
1387 0.31
1388 0.36
1389 0.34
1390 0.40
1391 -0.26
1392 0.38
1393 0.42
1394 0.34
1395 0.40
1396 0.38
1397 0.42
1398 0.40
1399 0.17
1400 0.42
1401 0.36
1402 0.38
1403 0.40
1404 0.42
1405 0.36
1406 0.44
1407 0.42
1408 0.46
1409 -0.21
1410 0.40
1411 0.36
1412 -0.19
1413 0.44
1414 0.13
1415 0.12
1416 0.06
1417 0.20
1418 0.46
1419 -0.24
1420 0.44
1421 -0.03
1422 0.38
1423 0.32
1424 0.44
1425 0.25
1426 0.46
1427 0.40
1428 0.44
1429 -0.20
1430 0.40
1431 0.40
1432 0.46
1433 0.44
1434 0.42
1435 0.40
1436 0.46
1437 0.44
1438 0.42
1439 0.44
1440 0.46
1441 0.42
1442 0.38
1443 0.44
1444 0.46
1445 0.46
1446 0.46
1447 0.40
1448 0.42
1449 0.44
1450 0.44
1451 0.44
1452 0.46
1453 0.44
1454 0.40
1455 0.44
1456 0.42
1457 0.29
1458 0.38
1459 0.42
1460 0.42
1461 0.36
1462 0.46
1463 -0.12
1464 0.32
1465 0.40
1466 0.46
1467 0.42
1468 -0.26
1469 0.46
1470 0.46
1471 0.42
1472 0.40
1473 0.44
1474 0.44
1475 0.46
1476 0.46
1477 0.40
1478 0.40
1479 0.40
1480 0.31
1481 0.44
1482 0.32
1483 0.36
1484 0.46
1485 -0.38
1486 0.40
1487 0.42
1488 0.40
1489 0.46
1490 0.46
1491 0.36
1492 0.46
1493 0.21
1494 0.31
1495 0.32
1496 0.32
1497 0.18
1498 0.42
1499 0.46
1500 0.44
1501 0.44
1502 0.46
1503 0.28
1504 0.40
1505 0.40
1506 0.40
1507 0.44
1508 0.44
1509 0.46
1510 0.46
1511 0.42
1512 0.26
1513 0.46
1514 0.38
1515 0.46
1516 0.38
1517 0.36
1518 0.34
1519 0.44
1520 -0.13
1521 0.42
1522 0.42
1523 0.44
1524 0.32
1525 0.40
1526 0.40
1527 0.40
1528 0.34
1529 0.40
1530 0.46
1531 0.44
1532 0.31
1533 0.46
1534 0.44
1535 0.40
1536 0.42
1537 0.46
1538 0.44
1539 0.31
1540 0.42
1541 0.38
1542 0.42
1543 0.36
1544 0.44
1545 0.34
1546 0.26
1547 0.46
1548 0.42
1549 0.32
1550 0.42
1551 0.46
1552 -0.17
1553 0.34
1554 0.42
1555 0.44
1556 0.46
1557 0.40
1558 0.44
1559 0.44
1560 0.40
1561 0.32
1562 0.44
1563 0.38
1564 0.44
1565 0.44
1566 0.42
1567 0.44
1568 0.46
1569 0.38
1570 0.42
1571 0.46
1572 0.44
1573 -0.14
1574 0.40
1575 0.46
1576 0.44
1577 0.42
1578 0.44
1579 0.44
1580 0.42
1581 0.40
1582 0.34
1583 0.46
1584 0.46
1585 0.36
1586 0.42
1587 0.44
1588 0.44
1589 0.38
1590 0.46
1591 0.44
1592 0.44
1593 0.44
1594 0.44
1595 0.44
1596 0.26
1597 0.44
1598 0.38
1599 0.40
1600 0.40
1601 0.18
1602 0.23
1603 0.34
1604 0.40
1605 0.44
1606 0.46
1607 0.38
1608 0.44
1609 0.46
1610 0.40
1611 0.40
1612 0.46
1613 0.46
1614 0.40
1615 0.42
1616 0.46
1617 0.36
1618 0.44
1619 0.28
1620 0.46
1621 0.42
1622 0.31
1623 0.44
1624 0.26
1625 0.46
1626 0.46
1627 0.46
1628 0.44
1629 0.44
1630 0.36
1631 0.31
1632 0.42
1633 0.26
1634 0.42
1635 0.46
1636 0.24
1637 0.28
1638 0.28
1639 0.40
1640 0.36
1641 0.40
1642 0.31
1643 0.42
1644 0.40
1645 -0.36
1646 0.40
1647 0.42
1648 0.36
1649 0.42
1650 0.46
1651 0.34
1652 0.23
1653 0.38
1654 0.44
1655 0.40
1656 0.44
1657 -0.20
1658 0.31
1659 0.44
1660 0.44
1661 0.38
1662 0.42
1663 0.42
1664 0.32
1665 0.42
1666 0.46
1667 0.42
1668 0.19
1669 0.38
1670 0.42
1671 0.32
1672 0.46
1673 0.44
1674 0.44
1675 0.34
1676 0.44
1677 0.42
1678 0.42
1679 0.20
1680 0.44
1681 0.26
1682 0.44
1683 0.40
1684 0.40
1685 0.44
1686 0.14
1687 0.46
1688 0.38
1689 -0.15
1690 0.46
1691 0.36
1692 0.21
1693 0.29
1694 0.36
1695 0.28
1696 0.36
1697 0.40
1698 0.42
1699 -0.24
1700 0.44
1701 0.44
1702 0.42
1703 0.42
1704 0.40
1705 -0.20
1706 0.38
1707 0.44
1708 0.44
1709 -0.38
1710 0.32
1711 0.44
1712 0.44
1713 0.32
1714 0.46
1715 0.44
1716 0.21
1717 0.36
1718 0.24
1719 0.44
1720 0.38
1721 0.46
1722 0.42
1723 0.26
1724 0.42
1725 0.40
1726 0.26
1727 0.46
1728 0.42
1729 0.38
1730 0.32
1731 0.44
1732 0.44
1733 0.32
1734 0.46
1735 0.46
1736 0.46
1737 0.46
1738 0.38
1739 0.44
1740 0.44
1741 0.46
1742 0.44
1743 0.46
1744 0.46
1745 0.44
1746 0.40
1747 0.46
1748 0.46
1749 0.42
1750 0.42
1751 0.46
1752 0.42
1753 0.40
1754 0.44
1755 0.42
1756 0.46
1757 0.44
1758 0.44
1759 0.46
1760 0.44
1761 0.38
1762 0.42
1763 0.40
1764 -0.21
1765 -0.25
1766 0.46
1767 0.42
1768 0.46
1769 0.40
1770 0.44
1771 0.34
1772 0.46
1773 0.46
1774 -0.21
1775 0.46
1776 0.38
1777 0.46
1778 0.31
1779 0.46
1780 0.46
1781 0.44
1782 0.44
1783 0.44
1784 -0.12
1785 0.44
1786 0.46
1787 0.38
1788 0.44
1789 0.42
1790 0.46
1791 0.42
1792 0.38
1793 0.46
1794 0.44
1795 0.42
1796 0.40
1797 0.44
1798 0.19
1799 0.38
1800 0.42
1801 0.36
1802 0.28
1803 0.44
1804 0.46
1805 0.09
1806 0.40
1807 0.42
1808 0.40
1809 0.46
1810 0.44
1811 0.40
1812 0.36
1813 0.38
1814 0.44
1815 -0.32
1816 0.46
1817 0.34
1818 0.46
1819 0.46
1820 0.42
1821 0.46
1822 0.46
1823 0.44
1824 0.34
1825 0.46
1826 0.44
1827 0.42
1828 0.38
1829 0.36
1830 0.44
1831 0.32
1832 0.46
1833 0.46
1834 0.42
1835 0.38
1836 0.23
1837 0.46
1838 0.46
1839 0.12
1840 0.44
1841 0.44
1842 0.40
1843 0.42
1844 0.44
1845 0.42
1846 0.40
1847 0.44
1848 0.31
1849 0.46
1850 0.42
1851 0.44
1852 0.44
1853 0.44
1854 0.42
1855 0.46
1856 0.29
1857 0.38
1858 0.46
1859 0.40
1860 0.42
1861 0.44
1862 0.38
1863 0.31
1864 0.28
1865 0.36
1866 0.32
1867 0.36
1868 0.44
1869 0.32
1870 0.40
1871 0.46
1872 0.42
1873 0.29
1874 0.46
1875 0.29
1876 0.44
1877 0.46
1878 0.44
1879 0.40
1880 0.46
1881 0.40
1882 0.44
1883 0.44
1884 0.32
1885 0.46
1886 0.46
1887 0.42
1888 0.42
1889 0.46
1890 0.44
1891 -0.17
1892 0.36
1893 0.44
1894 -0.26
1895 0.46
1896 0.44
1897 0.40
1898 0.40
1899 0.31
1900 0.40
1901 -0.14
1902 0.38
1903 0.44
1904 0.42
1905 -0.14
1906 0.42
1907 0.42
1908 0.25
1909 0.46
1910 0.40
1911 0.32
1912 0.44
1913 0.40
1914 0.18
1915 0.40
1916 0.28
1917 0.38
1918 0.40
1919 0.40
1920 0.46
1921 0.44
1922 0.46
1923 0.46
1924 0.44
1925 0.46
1926 0.44
1927 0.44
1928 0.36
1929 0.40
1930 0.38
1931 0.44
1932 0.38
1933 0.40
1934 0.40
1935 0.44
1936 0.25
1937 0.40
1938 0.40
1939 0.42
1940 0.44
1941 0.42
1942 0.40
1943 0.24
1944 0.46
1945 0.40
1946 0.38
1947 0.42
1948 0.44
1949 0.40
1950 -0.31
1951 0.44
1952 -0.29
1953 0.44
1954 0.36
1955 0.42
1956 0.29
1957 0.46
1958 0.07
1959 0.31
1960 0.46
1961 0.25
1962 0.46
1963 0.46
1964 -0.20
1965 0.44
1966 0.40
1967 0.34
1968 0.40
1969 0.34
1970 0.34
1971 0.46
1972 0.40
1973 0.40
1974 0.38
1975 0.44
1976 0.28
1977 0.46
1978 0.42
1979 0.42
1980 0.31
1981 0.42
1982 0.46
1983 0.40
1984 0.46
1985 0.44
1986 0.31
1987 0.44
1988 0.40
1989 0.40
1990 0.44
1991 0.46
1992 0.34
1993 0.34
1994 0.44
1995 0.42
1996 0.44
1997 0.46
1998 0.38
1999 0.40
2000 0.36
2001 0.46
2002 0.38
2003 0.46
2004 0.46
2005 0.42
2006 0.40
2007 0.29
2008 0.29
2009 0.46
2010 0.46
2011 0.40
2012 0.44
2013 0.46
2014 0.42
2015 0.44
2016 0.44
2017 0.23
2018 0.10
2019 0.36
2020 0.04
2021 0.44
2022 0.32
2023 0.34
2024 0.46
2025 0.28
2026 0.42
2027 0.44
2028 0.42
2029 0.44
2030 0.46
2031 0.42
2032 0.44
2033 0.42
2034 0.42
2035 0.46
2036 0.46
2037 0.42
2038 0.40
2039 0.44
2040 0.44
2041 0.46
2042 0.40
2043 0.44
2044 0.29
2045 0.40
2046 0.46
2047 0.46
2048 0.42
2049 0.44
2050 0.46
2051 0.44
2052 0.40
2053 0.08
2054 0.46
2055 0.46
2056 0.42
2057 0.44
2058 0.25
2059 0.34
2060 0.44
2061 0.40
2062 0.23
2063 0.42
2064 0.44
2065 0.18
2066 0.42
2067 -0.29
2068 0.44
2069 0.46
2070 0.46
2071 0.44
2072 0.46
2073 0.20
2074 0.42
2075 -0.19
2076 0.44
2077 0.44
2078 0.42
2079 0.38
2080 0.40
2081 0.46
2082 0.46
2083 0.44
2084 0.29
2085 0.44
2086 0.44
2087 0.44
2088 0.46
2089 0.46
2090 0.26
2091 0.46
2092 -0.09
2093 0.44
2094 0.44
2095 0.44
2096 0.44
2097 0.46
2098 0.44
2099 0.46
2100 0.03
2101 0.46
2102 0.42
2103 0.40
2104 0.46
2105 0.42
2106 0.29
2107 0.46
2108 0.11
2109 0.46
2110 0.31
2111 -0.15
2112 0.17
2113 0.44
2114 0.38
2115 0.29
2116 0.44
2117 0.46
2118 0.44
2119 -0.36
2120 0.36
2121 0.36
2122 0.44
2123 0.42
2124 0.40
2125 0.32
2126 0.42
2127 0.31
2128 0.44
2129 0.46
2130 0.19
2131 0.28
2132 0.29
2133 0.40
2134 0.25
2135 0.46
2136 0.26
2137 0.44
2138 0.36
2139 0.46
2140 0.44
2141 0.38
2142 0.24
2143 0.40
2144 0.46
2145 0.44
2146 0.46
2147 0.42
2148 0.46
2149 0.10
2150 0.34
2151 0.40
2152 0.31
2153 0.31
2154 0.42
2155 0.40
2156 0.40
2157 0.42
2158 0.44
2159 0.38
2160 0.44
2161 0.46
2162 0.46
2163 0.44
2164 0.26
2165 0.46
2166 0.31
2167 0.31
2168 0.44
2169 0.36
2170 0.42
2171 0.46
2172 0.40
2173 0.46
2174 0.42
2175 0.44
2176 0.40
2177 0.40
2178 0.46
2179 0.44
2180 0.21
2181 0.42
2182 0.44
2183 -0.31
2184 0.40
2185 0.44
2186 0.32
2187 0.42
2188 0.44
2189 0.46
2190 0.46
2191 0.46
2192 0.44
2193 0.44
2194 0.25
2195 0.42
2196 0.38
2197 0.42
2198 0.32
2199 0.46
2200 0.46
2201 0.32
2202 0.42
2203 0.40
2204 0.46
2205 0.40
2206 0.42
2207 0.46
2208 0.38
2209 0.42
2210 0.44
2211 0.44
2212 0.26
2213 0.38
2214 0.44
2215 -0.34
2216 0.40
2217 0.05
2218 0.46
2219 0.44
2220 0.40
2221 0.44
2222 0.36
2223 0.24
2224 0.32
2225 0.21
2226 0.44
2227 0.46
2228 0.46
2229 0.42
2230 0.40
2231 0.46
2232 0.44
2233 0.40
2234 0.26
2235 0.31
2236 0.44
2237 0.32
2238 0.42
2239 0.46
2240 0.31
2241 0.44
2242 0.44
2243 0.44
2244 0.46
2245 0.46
2246 0.44
2247 -0.28
2248 0.14
2249 0.46
2250 0.42
2251 0.34
2252 0.46
2253 -0.14
2254 0.40
2255 0.26
2256 0.42
2257 0.20
2258 0.42
2259 0.25
2260 0.44
2261 0.44
2262 0.44
2263 0.44
2264 0.44
2265 0.36
2266 0.46
2267 0.42
2268 0.34
2269 0.32
2270 0.40
2271 0.46
2272 0.42
2273 0.32
2274 0.42
2275 0.46
2276 0.46
2277 0.42
2278 0.42
2279 0.46
2280 0.40
2281 0.40
2282 0.44
2283 0.29
2284 0.42
2285 0.46
2286 0.46
2287 0.46
2288 0.44
2289 0.44
2290 0.44
2291 0.44
2292 0.44
2293 0.46
2294 0.46
2295 0.42
2296 0.44
2297 0.46
2298 0.44
2299 -0.26
2300 0.26
2301 0.19
2302 0.42
2303 0.44
2304 0.42
2305 0.42
2306 0.44
2307 0.42
2308 0.42
2309 0.31
2310 0.19
2311 0.44
2312 0.34
2313 0.36
2314 0.46
2315 0.46
2316 0.46
2317 0.23
2318 0.34
2319 0.44
2320 0.46
2321 0.44
2322 0.44
2323 0.42
2324 0.42
2325 0.44
2326 0.46
2327 0.40
2328 0.40
2329 0.34
2330 0.38
2331 0.42
2332 0.40
2333 0.26
2334 0.42
2335 0.46
2336 0.42
2337 0.44
2338 0.46
2339 0.46
2340 0.38
2341 0.20
2342 0.34
2343 0.46
2344 0.46
2345 0.42
2346 0.46
2347 0.42
2348 0.40
2349 0.46
2350 0.34
2351 0.42
2352 0.38
2353 0.46
2354 0.44
2355 0.42
2356 0.40
2357 0.42
2358 0.42
2359 0.44
2360 -0.05
2361 0.44
2362 0.42
2363 0.15
2364 0.44
2365 0.40
2366 0.42
2367 0.44
2368 0.42
2369 0.44
2370 0.46
2371 0.25
2372 0.46
2373 0.40
2374 0.44
2375 0.32
2376 0.18
2377 0.40
2378 0.38
2379 0.09
2380 0.44
2381 0.42
2382 0.42
2383 0.40
2384 0.42
2385 0.44
2386 0.42
2387 0.44
2388 0.06
2389 0.16
2390 0.42
2391 0.42
2392 0.44
2393 0.36
2394 0.40
2395 -0.25
2396 0.32
2397 0.44
2398 0.46
2399 0.46
2400 0.46
2401 0.44
2402 0.42
2403 0.40
2404 0.25
2405 0.44
2406 0.31
2407 0.44
2408 0.46
2409 0.46
2410 0.44
2411 0.46
2412 0.38
2413 0.32
2414 0.42
2415 0.46
2416 0.34
2417 0.40
2418 0.26
2419 0.46
2420 0.46
2421 0.14
2422 0.38
2423 0.40
2424 0.44
2425 0.42
2426 0.26
2427 0.04
2428 0.42
2429 0.40
2430 0.40
2431 0.38
2432 0.44
2433 0.44
2434 0.44
2435 0.40
2436 0.28
2437 0.46
2438 0.42
2439 0.40
2440 -0.31
2441 0.46
2442 0.42
2443 0.18
2444 0.21
2445 0.46
2446 0.40
2447 0.44
2448 0.42
2449 0.46
2450 0.44
2451 0.40
2452 0.42
2453 0.44
2454 0.42
2455 0.46
2456 0.46
2457 0.46
2458 0.36
2459 0.44
2460 0.46
2461 0.38
2462 0.44
2463 -0.38
2464 0.29
2465 0.38
2466 0.38
2467 0.46
2468 0.44
2469 0.44
2470 0.21
2471 0.44
2472 0.32
2473 0.46
2474 -0.34
2475 0.16
2476 0.21
2477 0.36
2478 0.44
2479 0.42
2480 0.46
2481 0.36
2482 0.44
2483 -0.24
2484 0.29
2485 0.32
2486 0.42
2487 0.34
2488 0.40
2489 0.42
2490 0.40
2491 0.28
2492 0.44
2493 0.38
2494 0.40
2495 0.42
2496 0.44
2497 0.40
2498 0.44
2499 0.21
2500 0.44
2501 0.46
2502 0.46
2503 0.46
2504 0.40
2505 0.28
2506 0.32
2507 0.42
2508 0.46
2509 0.44
2510 0.44
2511 0.42
2512 0.34
2513 0.38
2514 0.36
2515 0.40
2516 0.40
2517 0.42
2518 0.44
2519 0.34
2520 0.40
2521 0.42
2522 0.36
2523 0.38
2524 0.44
2525 0.38
2526 0.32
2527 0.40
2528 0.44
2529 0.31
2530 0.44
2531 0.46
2532 0.42
2533 0.44
2534 0.46
2535 0.42
2536 0.46
2537 0.44
2538 0.40
2539 0.44
2540 0.42
2541 0.46
2542 0.23
2543 0.42
2544 0.29
2545 0.42
2546 0.38
2547 0.44
2548 0.24
2549 0.29
2550 0.42
2551 0.44
2552 0.46
2553 0.26
2554 0.46
2555 0.38
2556 0.46
2557 0.46
2558 0.42
2559 0.31
2560 0.44
2561 0.40
2562 0.44
2563 0.38
2564 0.38
2565 0.46
2566 -0.12
2567 0.40
2568 0.44
2569 0.32
2570 0.38
2571 0.42
2572 0.34
2573 0.44
2574 0.44
2575 0.46
2576 0.46
2577 0.34
2578 0.46
2579 0.38
2580 0.46
2581 -0.21
2582 0.46
2583 0.46
2584 0.46
2585 0.36
2586 0.46
2587 0.14
2588 0.44
2589 0.42
2590 0.44
2591 0.46
2592 0.38
2593 0.44
2594 0.38
2595 0.32
2596 0.38
2597 0.40
2598 0.40
2599 0.42
2600 0.42
2601 0.44
2602 0.40
2603 0.46
2604 0.42
2605 0.40
2606 0.40
2607 0.46
2608 0.46
2609 0.46
2610 0.44
2611 0.42
2612 0.46
2613 0.40
2614 0.46
2615 0.44
2616 0.44
2617 0.44
2618 0.44
2619 0.44
2620 0.44
2621 0.44
2622 0.46
2623 0.36
2624 0.46
2625 0.08
2626 0.32
2627 0.38
2628 0.38
2629 0.46
2630 0.42
2631 0.44
2632 0.36
2633 0.42
2634 0.34
2635 0.46
2636 0.46
2637 0.32
2638 0.46
2639 0.44
2640 0.46
2641 0.44
2642 0.44
2643 0.44
2644 0.40
2645 0.44
2646 0.42
2647 0.42
2648 0.44
2649 0.42
2650 0.38
2651 0.32
2652 0.42
2653 0.40
2654 0.44
2655 0.46
2656 0.44
2657 0.42
2658 0.32
2659 0.36
2660 0.40
2661 0.44
2662 0.28
2663 0.44
2664 0.42
2665 0.29
2666 0.42
2667 0.46
2668 0.42
2669 0.38
2670 0.38
2671 0.46
2672 0.23
2673 0.17
2674 0.38
2675 -0.16
2676 0.34
2677 0.42
2678 0.38
2679 0.44
2680 0.40
2681 0.31
2682 0.44
2683 0.44
2684 0.15
2685 0.40
2686 0.40
2687 0.44
2688 -0.19
2689 0.36
2690 0.44
2691 0.38
2692 0.44
2693 0.31
2694 0.26
2695 0.40
2696 0.46
2697 0.42
2698 0.44
2699 0.46
2700 0.38
2701 0.32
2702 0.42
2703 0.44
2704 0.26
2705 0.42
2706 0.44
2707 0.42
2708 0.40
2709 0.42
2710 0.46
2711 -0.31
2712 0.42
2713 0.38
2714 0.46
2715 0.46
2716 -0.23
2717 0.44
2718 0.46
2719 0.42
2720 0.44
2721 -0.20
2722 0.42
2723 0.46
2724 0.26
2725 0.38
2726 0.34
2727 0.44
2728 0.44
2729 0.31
2730 0.25
2731 0.34
2732 0.46
2733 0.38
2734 0.34
2735 0.46
2736 0.28
2737 0.42
2738 0.44
2739 0.38
2740 0.44
2741 0.31
2742 0.38
2743 0.46
2744 0.46
2745 0.36
2746 0.38
2747 0.46
2748 0.46
2749 0.44
2750 0.40
2751 0.42
2752 0.42
2753 0.32
2754 0.44
2755 0.44
2756 0.36
2757 0.42
2758 0.46
2759 0.44
2760 0.44
2761 0.44
2762 0.44
2763 0.34
2764 0.44
2765 0.44
2766 0.38
2767 0.40
2768 0.44
2769 0.15
2770 0.36
2771 0.42
2772 0.44
2773 0.46
2774 0.42
2775 0.46
2776 0.31
2777 0.21
2778 0.46
2779 0.42
2780 0.36
2781 0.40
2782 0.38
2783 0.44
2784 0.29
2785 0.46
2786 0.32
2787 0.46
2788 0.44
2789 0.42
2790 0.46
2791 0.40
2792 0.42
2793 0.46
2794 0.46
2795 0.44
2796 0.34
2797 0.42
2798 0.42
2799 -0.20
2800 0.40
2801 0.40
2802 0.44
2803 0.42
2804 0.36
2805 0.36
2806 0.46
2807 0.38
2808 0.38
2809 0.46
2810 0.42
2811 0.32
2812 0.42
2813 0.44
2814 0.46
2815 0.44
2816 0.42
2817 0.44
2818 0.42
2819 0.44
2820 0.42
2821 0.38
2822 0.36
2823 0.44
2824 -0.14
2825 0.46
2826 0.42
2827 0.44
2828 0.42
2829 0.46
2830 0.46
2831 0.04
2832 0.46
2833 0.44
2834 0.38
2835 0.44
2836 0.44
2837 0.40
2838 0.42
2839 0.40
2840 0.46
2841 0.40
2842 0.46
2843 0.40
2844 0.42
2845 0.32
2846 0.40
2847 0.44
2848 0.46
2849 0.44
2850 0.40
2851 0.40
2852 0.46
2853 0.46
2854 0.34
2855 0.32
2856 0.44
2857 0.26
2858 0.46
2859 0.38
2860 0.40
2861 0.44
2862 0.42
2863 0.42
2864 0.44
2865 0.31
2866 0.42
2867 0.42
2868 0.46
2869 0.42
2870 0.46
2871 0.42
2872 0.38
2873 0.31
2874 0.14
2875 0.46
2876 0.40
2877 0.46
2878 0.46
2879 0.46
2880 0.36
2881 0.46
2882 0.34
2883 0.44
2884 0.34
2885 0.38
2886 0.40
2887 0.44
2888 0.42
2889 0.42
2890 0.38
2891 0.42
2892 0.42
2893 0.44
2894 0.13
2895 -0.09
2896 0.17
2897 0.40
2898 0.46
2899 0.42
2900 0.23
2901 0.46
2902 0.44
2903 0.32
2904 0.26
2905 0.44
2906 0.38
2907 0.42
2908 0.46
2909 0.46
2910 0.44
2911 0.42
2912 0.42
2913 0.46
2914 0.29
2915 0.44
2916 0.46
2917 0.46
2918 0.44
2919 0.42
2920 0.36
2921 0.42
2922 0.32
2923 0.46
2924 0.42
2925 0.46
2926 -0.34
2927 0.42
2928 0.42
2929 0.42
2930 0.36
2931 0.40
2932 0.38
2933 0.46
2934 0.44
2935 0.40
2936 0.42
2937 0.34
2938 0.38
2939 0.38
2940 0.38
2941 0.44
2942 0.46
2943 0.42
2944 0.40
2945 0.10
2946 -0.34
2947 0.15
2948 0.34
2949 0.42
2950 0.26
2951 0.36
2952 -0.24
2953 0.40
2954 0.32
2955 0.44
2956 0.23
2957 0.46
2958 0.46
2959 0.42
2960 0.44
2961 0.44
2962 0.44
2963 0.26
2964 0.44
2965 0.46
2966 0.40
2967 0.34
2968 0.46
2969 0.36
2970 0.46
2971 0.38
2972 0.46
2973 0.42
2974 0.44
2975 0.46
2976 -0.32
2977 0.42
2978 0.32
2979 0.46
2980 0.36
2981 0.44
2982 0.42
2983 0.44
2984 0.46
2985 0.46
2986 0.46
2987 0.44
2988 0.42
2989 0.46
2990 0.44
2991 0.46
2992 0.46
2993 0.44
2994 -0.40
2995 0.38
2996 0.44
2997 0.46
2998 0.46
2999 0.28
