0 120.00
1 240.00
2 220.00
3 300.00
4 240.00
5 240.00
6 200.00
7 180.00
8 420.00
9 440.00
10 240.00
11 240.00
12 240.00
13 240.00
14 240.00
15 240.00
16 260.00
17 200.00
18 240.00
19 220.00
20 200.00
21 180.00
22 160.00
23 460.00
24 220.00
25 200.00
26 400.00
27 240.00
28 180.00
29 180.00
30 320.00
31 460.00
32 240.00
33 240.00
34 460.00
35 200.00
36 240.00
37 240.00
38 240.00
39 240.00
40 220.00
41 220.00
42 480.00
43 180.00
44 240.00
45 220.00
46 240.00
47 160.00
48 200.00
49 320.00
50 240.00
51 180.00
52 220.00
53 140.00
54 460.00
55 240.00
56 380.00
57 240.00
58 240.00
59 260.00
60 260.00
61 240.00
62 220.00
63 200.00
64 440.00
65 240.00
66 240.00
67 480.00
68 500.00
69 200.00
70 220.00
71 200.00
72 240.00
73 240.00
74 220.00
75 180.00
76 240.00
77 360.00
78 240.00
79 380.00
80 140.00
81 240.00
82 220.00
83 460.00
84 460.00
85 240.00
86 240.00
87 260.00
88 180.00
89 180.00
90 220.00
91 220.00
92 420.00
93 180.00
94 220.00
95 160.00
96 260.00
97 160.00
98 200.00
99 260.00
100 200.00
101 240.00
102 260.00
103 240.00
104 500.00
105 480.00
106 400.00
107 500.00
108 220.00
109 240.00
110 460.00
111 440.00
112 180.00
113 240.00
114 160.00
115 240.00
116 240.00
117 220.00
118 180.00
119 240.00
120 200.00
121 260.00
122 480.00
123 220.00
124 380.00
125 240.00
126 240.00
127 240.00
128 260.00
129 500.00
130 240.00
131 240.00
132 200.00
133 240.00
134 460.00
135 440.00
136 260.00
137 220.00
138 200.00
139 180.00
140 240.00
141 220.00
142 440.00
143 240.00
144 360.00
145 280.00
146 200.00
147 220.00
148 420.00
149 180.00
150 220.00
151 360.00
152 440.00
153 380.00
154 240.00
155 240.00
156 160.00
157 440.00
158 180.00
159 240.00
160 500.00
161 340.00
162 240.00
163 500.00
164 220.00
165 440.00
166 240.00
167 200.00
168 360.00
169 240.00
170 220.00
171 480.00
172 220.00
173 440.00
174 240.00
175 480.00
176 240.00
177 240.00
178 400.00
179 240.00
180 240.00
181 320.00
182 380.00
183 480.00
184 480.00
185 480.00
186 140.00
187 400.00
188 240.00
189 280.00
190 300.00
191 240.00
192 240.00
193 220.00
194 440.00
195 200.00
196 240.00
197 240.00
198 180.00
199 220.00
200 240.00
201 240.00
202 240.00
203 260.00
204 440.00
205 500.00
206 240.00
207 360.00
208 340.00
209 500.00
210 240.00
211 240.00
212 280.00
213 200.00
214 220.00
215 380.00
216 240.00
217 240.00
218 260.00
219 240.00
220 420.00
221 240.00
222 420.00
223 240.00
224 240.00
225 380.00
226 320.00
227 220.00
228 500.00
229 220.00
230 440.00
231 500.00
232 240.00
233 220.00
234 440.00
235 240.00
236 240.00
237 240.00
238 240.00
239 220.00
240 200.00
241 240.00
242 420.00
243 460.00
244 340.00
245 220.00
246 180.00
247 280.00
248 480.00
249 100.00
250 240.00
251 180.00
252 400.00
253 400.00
254 320.00
255 320.00
256 360.00
257 320.00
258 460.00
259 220.00
260 240.00
261 380.00
262 400.00
263 500.00
264 320.00
265 360.00
266 300.00
267 380.00
268 440.00
269 340.00
270 260.00
271 420.00
272 440.00
273 240.00
274 180.00
275 340.00
276 340.00
277 320.00
278 480.00
279 240.00
280 340.00
281 260.00
282 220.00
283 340.00
284 320.00
285 240.00
286 300.00
287 400.00
288 240.00
289 400.00
290 260.00
291 320.00
292 280.00
293 380.00
294 460.00
295 200.00
296 380.00
297 440.00
298 180.00
299 360.00
300 400.00
301 380.00
302 340.00
303 220.00
304 360.00
305 340.00
306 380.00
307 380.00
308 180.00
309 220.00
310 280.00
311 280.00
312 140.00
313 160.00
314 300.00
315 340.00
316 380.00
317 180.00
318 440.00
319 360.00
320 360.00
321 400.00
322 380.00
323 460.00
324 400.00
325 180.00
326 360.00
327 200.00
328 380.00
329 420.00
330 280.00
331 360.00
332 340.00
333 360.00
334 440.00
335 400.00
336 320.00
337 200.00
338 340.00
339 300.00
340 380.00
341 160.00
342 440.00
343 380.00
344 340.00
345 300.00
346 300.00
347 200.00
348 420.00
349 200.00
350 360.00
351 220.00
352 440.00
353 220.00
354 400.00
355 340.00
356 400.00
357 400.00
358 460.00
359 400.00
360 400.00
361 200.00
362 180.00
363 360.00
364 440.00
365 300.00
366 400.00
367 180.00
368 240.00
369 220.00
370 340.00
371 220.00
372 320.00
373 380.00
374 280.00
375 260.00
376 140.00
377 340.00
378 240.00
379 360.00
380 240.00
381 180.00
382 500.00
383 160.00
384 240.00
385 160.00
386 340.00
387 160.00
388 320.00
389 260.00
390 220.00
391 320.00
392 220.00
393 160.00
394 200.00
395 400.00
396 240.00
397 140.00
398 360.00
399 220.00
400 120.00
401 180.00
402 160.00
403 380.00
404 300.00
405 300.00
406 240.00
407 320.00
408 340.00
409 380.00
410 240.00
411 320.00
412 180.00
413 300.00
414 300.00
415 440.00
416 400.00
417 360.00
418 300.00
419 300.00
420 320.00
421 400.00
422 200.00
423 300.00
424 240.00
425 480.00
426 400.00
427 240.00
428 360.00
429 420.00
430 220.00
431 300.00
432 260.00
433 220.00
434 420.00
435 400.00
436 220.00
437 260.00
438 280.00
439 420.00
440 400.00
441 440.00
442 420.00
443 400.00
444 400.00
445 380.00
446 380.00
447 420.00
448 240.00
449 460.00
450 400.00
451 220.00
452 440.00
453 240.00
454 220.00
455 480.00
456 440.00
457 200.00
458 220.00
459 240.00
460 200.00
461 380.00
462 460.00
463 480.00
464 480.00
465 340.00
466 380.00
467 360.00
468 240.00
469 460.00
470 460.00
471 460.00
472 460.00
473 400.00
474 460.00
475 360.00
476 400.00
477 460.00
478 380.00
479 300.00
480 360.00
481 500.00
482 240.00
483 220.00
484 420.00
485 380.00
486 400.00
487 300.00
488 500.00
489 500.00
490 360.00
491 480.00
492 400.00
493 440.00
494 400.00
495 240.00
496 360.00
497 400.00
498 220.00
499 380.00
500 400.00
501 400.00
502 400.00
503 380.00
504 400.00
505 480.00
506 400.00
507 420.00
508 440.00
509 400.00
510 220.00
511 300.00
512 280.00
513 380.00
514 460.00
515 320.00
516 460.00
517 220.00
518 420.00
519 360.00
520 280.00
521 320.00
522 320.00
523 220.00
524 360.00
525 280.00
526 460.00
527 240.00
528 440.00
529 360.00
530 240.00
531 380.00
532 240.00
533 460.00
534 420.00
535 400.00
536 220.00
537 440.00
538 240.00
539 400.00
540 320.00
541 300.00
542 400.00
543 200.00
544 360.00
545 460.00
546 460.00
547 480.00
548 380.00
549 420.00
550 460.00
551 220.00
552 460.00
553 400.00
554 440.00
555 420.00
556 420.00
557 240.00
558 440.00
559 200.00
560 480.00
561 480.00
562 340.00
563 400.00
564 440.00
565 380.00
566 380.00
567 340.00
568 460.00
569 400.00
570 380.00
571 420.00
572 400.00
573 380.00
574 400.00
575 400.00
576 400.00
577 440.00
578 240.00
579 120.00
580 420.00
581 420.00
582 440.00
583 480.00
584 380.00
585 420.00
586 420.00
587 440.00
588 440.00
589 420.00
590 240.00
591 480.00
592 340.00
593 460.00
594 400.00
595 440.00
596 220.00
597 380.00
598 360.00
599 160.00
600 140.00
601 320.00
602 480.00
603 240.00
604 320.00
605 420.00
606 480.00
607 240.00
608 200.00
609 240.00
610 340.00
611 360.00
612 380.00
613 400.00
614 380.00
615 280.00
616 400.00
617 300.00
618 360.00
619 480.00
620 360.00
621 420.00
622 280.00
623 460.00
624 420.00
625 460.00
626 360.00
627 200.00
628 240.00
629 320.00
630 460.00
631 200.00
632 360.00
633 420.00
634 320.00
635 480.00
636 480.00
637 440.00
638 200.00
639 340.00
640 360.00
641 360.00
642 500.00
643 400.00
644 380.00
645 400.00
646 480.00
647 220.00
648 420.00
649 200.00
650 460.00
651 440.00
652 420.00
653 500.00
654 400.00
655 220.00
656 220.00
657 400.00
658 380.00
659 400.00
660 360.00
661 200.00
662 480.00
663 440.00
664 220.00
665 280.00
666 240.00
667 180.00
668 380.00
669 360.00
670 260.00
671 220.00
672 360.00
673 160.00
674 320.00
675 340.00
676 380.00
677 100.00
678 140.00
679 500.00
680 460.00
681 480.00
682 400.00
683 380.00
684 200.00
685 460.00
686 400.00
687 420.00
688 440.00
689 420.00
690 500.00
691 380.00
692 440.00
693 460.00
694 200.00
695 440.00
696 240.00
697 240.00
698 400.00
699 400.00
700 340.00
701 500.00
702 440.00
703 420.00
704 480.00
705 280.00
706 200.00
707 400.00
708 300.00
709 420.00
710 280.00
711 420.00
712 440.00
713 480.00
714 420.00
715 120.00
716 240.00
717 360.00
718 500.00
719 460.00
720 480.00
721 220.00
722 440.00
723 380.00
724 160.00
725 420.00
726 200.00
727 240.00
728 380.00
729 380.00
730 280.00
731 440.00
732 280.00
733 400.00
734 380.00
735 460.00
736 380.00
737 340.00
738 280.00
739 400.00
740 360.00
741 320.00
742 340.00
743 460.00
744 480.00
745 380.00
746 440.00
747 360.00
748 360.00
749 420.00
750 460.00
751 480.00
752 340.00
753 200.00
754 220.00
755 260.00
756 400.00
757 240.00
758 460.00
759 300.00
760 400.00
761 360.00
762 440.00
763 400.00
764 200.00
765 160.00
766 320.00
767 240.00
768 480.00
769 460.00
770 440.00
771 220.00
772 140.00
773 380.00
774 260.00
775 420.00
776 320.00
777 460.00
778 240.00
779 200.00
780 480.00
781 160.00
782 180.00
783 460.00
784 380.00
785 380.00
786 200.00
787 420.00
788 460.00
789 360.00
790 200.00
791 340.00
792 460.00
793 400.00
794 400.00
795 300.00
796 480.00
797 420.00
798 260.00
799 420.00
800 460.00
801 420.00
802 440.00
803 300.00
804 220.00
805 360.00
806 420.00
807 320.00
808 200.00
809 500.00
810 180.00
811 320.00
812 260.00
813 240.00
814 280.00
815 420.00
816 220.00
817 420.00
818 420.00
819 500.00
820 500.00
821 180.00
822 500.00
823 440.00
824 240.00
825 440.00
826 340.00
827 340.00
828 260.00
829 340.00
830 480.00
831 220.00
832 340.00
833 400.00
834 260.00
835 120.00
836 420.00
837 460.00
838 500.00
839 160.00
840 460.00
841 420.00
842 200.00
843 380.00
844 320.00
845 320.00
846 320.00
847 180.00
848 460.00
849 440.00
850 220.00
851 260.00
852 360.00
853 280.00
854 420.00
855 380.00
856 400.00
857 380.00
858 420.00
859 440.00
860 500.00
861 220.00
862 480.00
863 240.00
864 360.00
865 440.00
866 200.00
867 440.00
868 240.00
869 480.00
870 340.00
871 200.00
872 220.00
873 460.00
874 360.00
875 240.00
876 340.00
877 460.00
878 320.00
879 440.00
880 180.00
881 360.00
882 500.00
883 380.00
884 400.00
885 380.00
886 340.00
887 340.00
888 440.00
889 200.00
890 240.00
891 200.00
892 440.00
893 480.00
894 420.00
895 320.00
896 240.00
897 500.00
898 480.00
899 400.00
900 460.00
901 380.00
902 500.00
903 440.00
904 480.00
905 380.00
906 280.00
907 460.00
908 420.00
909 140.00
910 420.00
911 200.00
912 420.00
913 460.00
914 400.00
915 80.00
916 220.00
917 320.00
918 340.00
919 440.00
920 360.00
921 440.00
922 500.00
923 220.00
924 320.00
925 460.00
926 280.00
927 300.00
928 460.00
929 500.00
930 480.00
931 480.00
932 200.00
933 460.00
934 180.00
935 400.00
936 180.00
937 380.00
938 140.00
939 460.00
940 420.00
941 340.00
942 420.00
943 320.00
944 420.00
945 340.00
946 160.00
947 460.00
948 180.00
949 260.00
950 400.00
951 160.00
952 420.00
953 420.00
954 240.00
955 420.00
956 140.00
957 300.00
958 420.00
959 500.00
960 220.00
961 480.00
962 340.00
963 180.00
964 220.00
965 340.00
966 480.00
967 360.00
968 320.00
969 180.00
970 400.00
971 360.00
972 360.00
973 400.00
974 360.00
975 120.00
976 160.00
977 360.00
978 320.00
979 420.00
980 340.00
981 240.00
982 160.00
983 200.00
984 380.00
985 320.00
986 260.00
987 440.00
988 360.00
989 460.00
990 460.00
991 460.00
992 460.00
993 260.00
994 300.00
995 240.00
996 460.00
997 380.00
998 420.00
999 300.00
1000 280.00
1001 440.00
1002 320.00
1003 300.00
1004 280.00
1005 420.00
1006 140.00
1007 460.00
1008 220.00
1009 140.00
1010 60.00
1011 320.00
1012 300.00
1013 280.00
1014 120.00
1015 320.00
1016 180.00
1017 260.00
1018 500.00
1019 340.00
1020 400.00
1021 180.00
1022 400.00
1023 160.00
1024 400.00
1025 380.00
1026 200.00
1027 220.00
1028 260.00
1029 480.00
1030 500.00
1031 400.00
1032 440.00
1033 300.00
1034 340.00
1035 360.00
1036 160.00
1037 220.00
1038 320.00
1039 360.00
1040 320.00
1041 400.00
1042 440.00
1043 360.00
1044 280.00
1045 200.00
1046 480.00
1047 360.00
1048 340.00
1049 400.00
1050 260.00
1051 240.00
1052 360.00
1053 360.00
1054 220.00
1055 140.00
1056 320.00
1057 400.00
1058 360.00
1059 200.00
1060 380.00
1061 220.00
1062 400.00
1063 440.00
1064 440.00
1065 440.00
1066 400.00
1067 480.00
1068 120.00
1069 400.00
1070 320.00
1071 300.00
1072 340.00
1073 400.00
1074 220.00
1075 480.00
1076 240.00
1077 380.00
1078 400.00
1079 420.00
1080 440.00
1081 420.00
1082 220.00
1083 280.00
1084 360.00
1085 400.00
1086 400.00
1087 380.00
1088 420.00
1089 420.00
1090 420.00
1091 100.00
1092 340.00
1093 480.00
1094 380.00
1095 280.00
1096 460.00
1097 220.00
1098 220.00
1099 480.00
1100 360.00
1101 180.00
1102 260.00
1103 380.00
1104 500.00
1105 80.00
1106 340.00
1107 380.00
1108 500.00
1109 240.00
1110 300.00
1111 380.00
1112 160.00
1113 240.00
1114 300.00
1115 140.00
1116 300.00
1117 500.00
1118 380.00
1119 180.00
1120 220.00
1121 220.00
1122 300.00
1123 360.00
1124 420.00
1125 480.00
1126 140.00
1127 340.00
1128 420.00
1129 460.00
1130 460.00
1131 360.00
1132 480.00
1133 400.00
1134 180.00
1135 340.00
1136 200.00
1137 380.00
1138 300.00
1139 180.00
1140 280.00
1141 280.00
1142 200.00
1143 340.00
1144 300.00
1145 500.00
1146 380.00
1147 340.00
1148 400.00
1149 340.00
1150 320.00
1151 380.00
1152 380.00
1153 360.00
1154 420.00
1155 200.00
1156 380.00
1157 500.00
1158 360.00
1159 480.00
1160 440.00
1161 240.00
1162 340.00
1163 400.00
1164 400.00
1165 260.00
1166 440.00
1167 380.00
1168 260.00
1169 480.00
1170 280.00
1171 360.00
1172 400.00
1173 200.00
1174 240.00
1175 240.00
1176 340.00
1177 380.00
1178 340.00
1179 480.00
1180 340.00
1181 120.00
1182 220.00
1183 360.00
1184 380.00
1185 420.00
1186 460.00
1187 240.00
1188 400.00
1189 240.00
1190 380.00
1191 460.00
1192 320.00
1193 360.00
1194 440.00
1195 300.00
1196 280.00
1197 380.00
1198 260.00
1199 280.00
1200 360.00
1201 300.00
1202 240.00
1203 500.00
1204 380.00
1205 280.00
1206 280.00
1207 380.00
1208 400.00
1209 320.00
1210 420.00
1211 500.00
1212 480.00
1213 420.00
1214 480.00
1215 420.00
1216 240.00
1217 420.00
1218 480.00
1219 460.00
1220 440.00
1221 400.00
1222 260.00
1223 300.00
1224 240.00
1225 300.00
1226 400.00
1227 500.00
1228 240.00
1229 120.00
1230 200.00
1231 200.00
1232 480.00
1233 500.00
1234 220.00
1235 360.00
1236 400.00
1237 440.00
1238 480.00
1239 220.00
1240 360.00
1241 440.00
1242 380.00
1243 460.00
1244 460.00
1245 460.00
1246 460.00
1247 400.00
1248 480.00
1249 500.00
1250 440.00
1251 300.00
1252 440.00
1253 460.00
1254 480.00
1255 480.00
1256 500.00
1257 240.00
1258 500.00
1259 220.00
1260 240.00
1261 460.00
1262 420.00
1263 380.00
1264 240.00
1265 380.00
1266 440.00
1267 240.00
1268 280.00
1269 160.00
1270 400.00
1271 400.00
1272 460.00
1273 380.00
1274 280.00
1275 200.00
1276 480.00
1277 360.00
1278 280.00
1279 360.00
1280 460.00
1281 260.00
1282 220.00
1283 280.00
1284 420.00
1285 160.00
1286 160.00
1287 380.00
1288 180.00
1289 480.00
1290 320.00
1291 420.00
1292 360.00
1293 380.00
1294 360.00
1295 380.00
1296 500.00
1297 420.00
1298 380.00
1299 420.00
1300 100.00
1301 400.00
1302 360.00
1303 480.00
1304 420.00
1305 460.00
1306 440.00
1307 300.00
1308 380.00
1309 420.00
1310 260.00
1311 420.00
1312 440.00
1313 440.00
1314 220.00
1315 400.00
1316 440.00
1317 460.00
1318 400.00
1319 480.00
1320 420.00
1321 380.00
1322 340.00
1323 140.00
1324 180.00
1325 360.00
1326 340.00
1327 180.00
1328 240.00
1329 240.00
1330 500.00
1331 380.00
1332 300.00
1333 360.00
1334 360.00
1335 180.00
1336 140.00
1337 380.00
1338 200.00
1339 120.00
1340 140.00
1341 80.00
1342 240.00
1343 260.00
1344 340.00
1345 380.00
1346 260.00
1347 300.00
1348 400.00
1349 220.00
1350 420.00
1351 280.00
1352 240.00
1353 340.00
1354 320.00
1355 340.00
1356 460.00
1357 340.00
1358 380.00
1359 400.00
1360 380.00
1361 480.00
1362 240.00
1363 360.00
1364 200.00
1365 340.00
1366 320.00
1367 320.00
1368 360.00
1369 400.00
1370 220.00
1371 360.00
1372 380.00
1373 160.00
1374 460.00
1375 380.00
1376 400.00
1377 400.00
1378 280.00
1379 480.00
1380 500.00
1381 400.00
1382 420.00
1383 200.00
1384 260.00
1385 420.00
1386 480.00
1387 460.00
1388 460.00
1389 420.00
1390 500.00
1391 420.00
1392 420.00
1393 240.00
1394 440.00
1395 440.00
1396 500.00
1397 240.00
1398 420.00
1399 460.00
1400 300.00
1401 420.00
1402 320.00
1403 400.00
1404 400.00
1405 400.00
1406 380.00
1407 240.00
1408 440.00
1409 420.00
1410 300.00
1411 400.00
1412 360.00
1413 360.00
1414 300.00
1415 420.00
1416 280.00
1417 360.00
1418 340.00
1419 180.00
1420 440.00
1421 500.00
1422 500.00
1423 300.00
1424 400.00
1425 200.00
1426 360.00
1427 220.00
1428 280.00
1429 180.00
1430 460.00
1431 260.00
1432 200.00
1433 360.00
1434 280.00
1435 480.00
1436 400.00
1437 320.00
1438 320.00
1439 320.00
1440 380.00
1441 260.00
1442 360.00
1443 200.00
1444 340.00
1445 320.00
1446 240.00
1447 280.00
1448 120.00
1449 140.00
1450 400.00
1451 380.00
1452 420.00
1453 140.00
1454 260.00
1455 180.00
1456 500.00
1457 440.00
1458 380.00
1459 200.00
1460 380.00
1461 400.00
1462 440.00
1463 240.00
1464 500.00
1465 400.00
1466 280.00
1467 360.00
1468 460.00
1469 320.00
1470 220.00
1471 420.00
1472 360.00
1473 380.00
1474 240.00
1475 380.00
1476 480.00
1477 340.00
1478 320.00
1479 360.00
1480 460.00
1481 300.00
1482 440.00
1483 240.00
1484 400.00
1485 460.00
1486 400.00
1487 240.00
1488 240.00
1489 440.00
1490 480.00
1491 420.00
1492 220.00
1493 340.00
1494 460.00
1495 380.00
1496 440.00
1497 480.00
1498 500.00
1499 240.00
1500 480.00
1501 400.00
1502 420.00
1503 380.00
1504 460.00
1505 480.00
1506 440.00
1507 340.00
1508 460.00
1509 420.00
1510 280.00
1511 260.00
1512 360.00
1513 400.00
1514 480.00
1515 460.00
1516 420.00
1517 500.00
1518 300.00
1519 260.00
1520 200.00
1521 460.00
1522 440.00
1523 300.00
1524 420.00
1525 360.00
1526 360.00
1527 400.00
1528 400.00
1529 380.00
1530 420.00
1531 420.00
1532 380.00
1533 400.00
1534 460.00
1535 420.00
1536 480.00
1537 420.00
1538 460.00
1539 220.00
1540 500.00
1541 240.00
1542 460.00
1543 200.00
1544 400.00
1545 500.00
1546 200.00
1547 340.00
1548 420.00
1549 460.00
1550 380.00
1551 240.00
1552 460.00
1553 260.00
1554 380.00
1555 460.00
1556 240.00
1557 240.00
1558 260.00
1559 220.00
1560 400.00
1561 340.00
1562 380.00
1563 300.00
1564 440.00
1565 400.00
1566 400.00
1567 460.00
1568 380.00
1569 320.00
1570 300.00
1571 340.00
1572 380.00
1573 380.00
1574 420.00
1575 380.00
1576 420.00
1577 200.00
1578 340.00
1579 300.00
1580 280.00
1581 500.00
1582 240.00
1583 360.00
1584 280.00
1585 380.00
1586 120.00
1587 440.00
1588 360.00
1589 220.00
1590 420.00
1591 400.00
1592 280.00
1593 460.00
1594 420.00
1595 460.00
1596 360.00
1597 480.00
1598 460.00
1599 400.00
1600 240.00
1601 440.00
1602 200.00
1603 480.00
1604 360.00
1605 260.00
1606 260.00
1607 420.00
1608 400.00
1609 260.00
1610 420.00
1611 460.00
1612 400.00
1613 440.00
1614 400.00
1615 260.00
1616 440.00
1617 340.00
1618 400.00
1619 460.00
1620 380.00
1621 260.00
1622 340.00
1623 440.00
1624 400.00
1625 500.00
1626 440.00
1627 480.00
1628 220.00
1629 440.00
1630 460.00
1631 480.00
1632 240.00
1633 180.00
1634 480.00
1635 440.00
1636 440.00
1637 360.00
1638 280.00
1639 340.00
1640 400.00
1641 420.00
1642 420.00
1643 300.00
1644 480.00
1645 400.00
1646 200.00
1647 460.00
1648 460.00
1649 280.00
1650 480.00
1651 420.00
1652 420.00
1653 440.00
1654 460.00
1655 440.00
1656 400.00
1657 240.00
1658 220.00
1659 180.00
1660 320.00
1661 260.00
1662 460.00
1663 420.00
1664 340.00
1665 240.00
1666 300.00
1667 320.00
1668 380.00
1669 460.00
1670 340.00
1671 460.00
1672 500.00
1673 380.00
1674 480.00
1675 480.00
1676 380.00
1677 480.00
1678 500.00
1679 300.00
1680 180.00
1681 400.00
1682 400.00
1683 360.00
1684 440.00
1685 400.00
1686 480.00
1687 280.00
1688 240.00
1689 440.00
1690 480.00
1691 280.00
1692 380.00
1693 420.00
1694 240.00
1695 320.00
1696 200.00
1697 320.00
1698 280.00
1699 320.00
1700 360.00
1701 260.00
1702 440.00
1703 480.00
1704 180.00
1705 420.00
1706 420.00
1707 240.00
1708 260.00
1709 420.00
1710 420.00
1711 220.00
1712 420.00
1713 160.00
1714 360.00
1715 400.00
1716 440.00
1717 340.00
1718 260.00
1719 160.00
1720 400.00
1721 400.00
1722 200.00
1723 220.00
1724 380.00
1725 440.00
1726 380.00
1727 500.00
1728 240.00
1729 380.00
1730 480.00
1731 380.00
1732 200.00
1733 420.00
1734 440.00
1735 300.00
1736 240.00
1737 360.00
1738 460.00
1739 340.00
1740 220.00
1741 420.00
1742 500.00
1743 480.00
1744 400.00
1745 500.00
1746 440.00
1747 440.00
1748 420.00
1749 220.00
1750 400.00
1751 400.00
1752 480.00
1753 500.00
1754 420.00
1755 400.00
1756 220.00
1757 280.00
1758 220.00
1759 240.00
1760 440.00
1761 380.00
1762 460.00
1763 480.00
1764 380.00
1765 380.00
1766 440.00
1767 400.00
1768 500.00
1769 280.00
1770 200.00
1771 260.00
1772 380.00
1773 240.00
1774 160.00
1775 120.00
1776 120.00
1777 360.00
1778 420.00
1779 320.00
1780 480.00
1781 340.00
1782 400.00
1783 340.00
1784 380.00
1785 180.00
1786 300.00
1787 400.00
1788 460.00
1789 240.00
1790 280.00
1791 480.00
1792 320.00
1793 340.00
1794 180.00
1795 220.00
1796 220.00
1797 260.00
1798 420.00
1799 200.00
1800 300.00
1801 480.00
1802 480.00
1803 200.00
1804 180.00
1805 140.00
1806 140.00
1807 420.00
1808 320.00
1809 200.00
1810 320.00
1811 280.00
1812 320.00
1813 360.00
1814 240.00
1815 360.00
1816 300.00
1817 320.00
1818 220.00
1819 260.00
1820 300.00
1821 240.00
1822 320.00
1823 240.00
1824 280.00
1825 400.00
1826 200.00
1827 380.00
1828 220.00
1829 140.00
1830 280.00
1831 440.00
1832 380.00
1833 340.00
1834 500.00
1835 380.00
1836 460.00
1837 240.00
1838 380.00
1839 460.00
1840 440.00
1841 260.00
1842 220.00
1843 360.00
1844 240.00
1845 380.00
1846 180.00
1847 400.00
1848 240.00
1849 360.00
1850 360.00
1851 320.00
1852 220.00
1853 360.00
1854 240.00
1855 440.00
1856 220.00
1857 340.00
1858 360.00
1859 220.00
1860 480.00
1861 440.00
1862 220.00
1863 200.00
1864 480.00
1865 360.00
1866 480.00
1867 480.00
1868 240.00
1869 220.00
1870 380.00
1871 480.00
1872 320.00
1873 400.00
1874 180.00
1875 340.00
1876 480.00
1877 200.00
1878 360.00
1879 420.00
1880 400.00
1881 440.00
1882 260.00
1883 400.00
1884 240.00
1885 240.00
1886 440.00
1887 220.00
1888 220.00
1889 380.00
1890 400.00
1891 320.00
1892 440.00
1893 260.00
1894 220.00
1895 240.00
1896 200.00
1897 400.00
1898 320.00
1899 440.00
1900 220.00
1901 360.00
1902 280.00
1903 300.00
1904 440.00
1905 200.00
1906 420.00
1907 240.00
1908 380.00
1909 180.00
1910 280.00
1911 500.00
1912 380.00
1913 380.00
1914 360.00
1915 440.00
1916 420.00
1917 440.00
1918 240.00
1919 240.00
1920 280.00
1921 360.00
1922 440.00
1923 420.00
1924 380.00
1925 440.00
1926 480.00
1927 200.00
1928 460.00
1929 240.00
1930 440.00
1931 500.00
1932 380.00
1933 220.00
1934 360.00
1935 480.00
1936 460.00
1937 440.00
1938 420.00
1939 220.00
1940 460.00
1941 240.00
1942 320.00
1943 320.00
1944 360.00
1945 400.00
1946 460.00
1947 380.00
1948 420.00
1949 180.00
1950 400.00
1951 320.00
1952 400.00
1953 240.00
1954 420.00
1955 340.00
1956 380.00
1957 440.00
1958 420.00
1959 260.00
1960 400.00
1961 440.00
1962 400.00
1963 420.00
1964 460.00
1965 400.00
1966 420.00
1967 420.00
1968 420.00
1969 400.00
1970 400.00
1971 400.00
1972 380.00
1973 240.00
1974 320.00
1975 460.00
1976 440.00
1977 420.00
1978 480.00
1979 260.00
1980 400.00
1981 420.00
1982 420.00
1983 400.00
1984 480.00
1985 320.00
1986 240.00
1987 220.00
1988 360.00
1989 340.00
1990 220.00
1991 420.00
1992 440.00
1993 340.00
1994 260.00
1995 240.00
1996 360.00
1997 340.00
1998 300.00
1999 420.00
2000 220.00
2001 300.00
2002 260.00
2003 340.00
2004 220.00
2005 220.00
2006 280.00
2007 200.00
2008 180.00
2009 200.00
2010 440.00
2011 300.00
2012 300.00
2013 340.00
2014 240.00
2015 300.00
2016 460.00
2017 340.00
2018 220.00
2019 380.00
2020 120.00
2021 280.00
2022 360.00
2023 360.00
2024 220.00
2025 180.00
2026 340.00
2027 300.00
2028 400.00
2029 440.00
2030 200.00
2031 360.00
2032 240.00
2033 240.00
2034 260.00
2035 340.00
2036 460.00
2037 160.00
2038 380.00
2039 420.00
2040 220.00
2041 380.00
2042 340.00
2043 340.00
2044 240.00
2045 380.00
2046 320.00
2047 500.00
2048 480.00
2049 440.00
2050 420.00
2051 160.00
2052 420.00
2053 420.00
2054 480.00
2055 260.00
2056 220.00
2057 200.00
2058 260.00
2059 200.00
2060 440.00
2061 460.00
2062 480.00
2063 380.00
2064 240.00
2065 400.00
2066 300.00
2067 380.00
2068 400.00
2069 400.00
2070 180.00
2071 280.00
2072 340.00
2073 180.00
2074 360.00
2075 320.00
2076 440.00
2077 420.00
2078 480.00
2079 300.00
2080 380.00
2081 360.00
2082 400.00
2083 360.00
2084 500.00
2085 360.00
2086 400.00
2087 400.00
2088 280.00
2089 400.00
2090 300.00
2091 400.00
2092 200.00
2093 420.00
2094 480.00
2095 240.00
2096 500.00
2097 380.00
2098 220.00
2099 480.00
2100 360.00
2101 380.00
2102 140.00
2103 380.00
2104 480.00
2105 420.00
2106 280.00
2107 200.00
2108 260.00
2109 360.00
2110 480.00
2111 220.00
2112 420.00
2113 240.00
2114 360.00
2115 240.00
2116 400.00
2117 300.00
2118 380.00
2119 420.00
2120 360.00
2121 480.00
2122 320.00
2123 400.00
2124 400.00
2125 380.00
2126 380.00
2127 200.00
2128 160.00
2129 380.00
2130 120.00
2131 400.00
2132 420.00
2133 440.00
2134 400.00
2135 380.00
2136 240.00
2137 160.00
2138 240.00
2139 400.00
2140 400.00
2141 240.00
2142 380.00
2143 480.00
2144 220.00
2145 340.00
2146 400.00
2147 420.00
2148 400.00
2149 160.00
2150 400.00
2151 320.00
2152 420.00
2153 440.00
2154 300.00
2155 400.00
2156 360.00
2157 380.00
2158 480.00
2159 400.00
2160 200.00
2161 420.00
2162 180.00
2163 400.00
2164 440.00
2165 120.00
2166 500.00
2167 360.00
2168 200.00
2169 220.00
2170 500.00
2171 240.00
2172 360.00
2173 200.00
2174 420.00
2175 220.00
2176 300.00
2177 300.00
2178 180.00
2179 220.00
2180 340.00
2181 440.00
2182 380.00
2183 360.00
2184 360.00
2185 360.00
2186 400.00
2187 340.00
2188 480.00
2189 240.00
2190 200.00
2191 220.00
2192 180.00
2193 360.00
2194 180.00
2195 200.00
2196 380.00
2197 400.00
2198 260.00
2199 320.00
2200 320.00
2201 300.00
2202 280.00
2203 420.00
2204 160.00
2205 360.00
2206 140.00
2207 360.00
2208 420.00
2209 440.00
2210 380.00
2211 460.00
2212 380.00
2213 200.00
2214 400.00
2215 400.00
2216 440.00
2217 380.00
2218 480.00
2219 420.00
2220 480.00
2221 200.00
2222 400.00
2223 440.00
2224 440.00
2225 460.00
2226 200.00
2227 400.00
2228 340.00
2229 480.00
2230 500.00
2231 420.00
2232 400.00
2233 420.00
2234 320.00
2235 380.00
2236 460.00
2237 380.00
2238 300.00
2239 260.00
2240 420.00
2241 280.00
2242 360.00
2243 480.00
2244 500.00
2245 480.00
2246 320.00
2247 460.00
2248 500.00
2249 300.00
2250 240.00
2251 340.00
2252 220.00
2253 480.00
2254 220.00
2255 400.00
2256 420.00
2257 380.00
2258 480.00
2259 420.00
2260 260.00
2261 260.00
2262 300.00
2263 340.00
2264 280.00
2265 340.00
2266 360.00
2267 300.00
2268 460.00
2269 380.00
2270 380.00
2271 240.00
2272 220.00
2273 220.00
2274 380.00
2275 380.00
2276 400.00
2277 400.00
2278 360.00
2279 380.00
2280 500.00
2281 380.00
2282 440.00
2283 500.00
2284 480.00
2285 220.00
2286 440.00
2287 380.00
2288 440.00
2289 280.00
2290 420.00
2291 280.00
2292 280.00
2293 220.00
2294 180.00
2295 420.00
2296 340.00
2297 260.00
2298 280.00
2299 220.00
2300 360.00
2301 380.00
2302 260.00
2303 320.00
2304 400.00
2305 240.00
2306 340.00
2307 320.00
2308 240.00
2309 400.00
2310 340.00
2311 420.00
2312 420.00
2313 440.00
2314 400.00
2315 320.00
2316 380.00
2317 280.00
2318 400.00
2319 220.00
2320 440.00
2321 380.00
2322 420.00
2323 440.00
2324 200.00
2325 340.00
2326 220.00
2327 320.00
2328 440.00
2329 440.00
2330 180.00
2331 240.00
2332 420.00
2333 380.00
2334 200.00
2335 380.00
2336 320.00
2337 440.00
2338 420.00
2339 380.00
2340 300.00
2341 360.00
2342 320.00
2343 240.00
2344 420.00
2345 440.00
2346 360.00
2347 160.00
2348 380.00
2349 400.00
2350 440.00
2351 320.00
2352 380.00
2353 420.00
2354 140.00
2355 320.00
2356 340.00
2357 360.00
2358 320.00
2359 440.00
2360 260.00
2361 360.00
2362 440.00
2363 400.00
2364 400.00
2365 320.00
2366 300.00
2367 340.00
2368 280.00
2369 420.00
2370 200.00
2371 160.00
2372 400.00
2373 160.00
2374 460.00
2375 480.00
2376 220.00
2377 300.00
2378 380.00
2379 340.00
2380 400.00
2381 260.00
2382 380.00
2383 440.00
2384 380.00
2385 360.00
2386 340.00
2387 380.00
2388 320.00
2389 500.00
2390 420.00
2391 240.00
2392 260.00
2393 280.00
2394 320.00
2395 460.00
2396 400.00
2397 360.00
2398 480.00
2399 360.00
2400 320.00
2401 460.00
2402 460.00
2403 260.00
2404 480.00
2405 400.00
2406 320.00
2407 500.00
2408 380.00
2409 340.00
2410 240.00
2411 480.00
2412 480.00
2413 240.00
2414 460.00
2415 300.00
2416 500.00
2417 360.00
2418 300.00
2419 400.00
2420 460.00
2421 440.00
2422 420.00
2423 400.00
2424 240.00
2425 220.00
2426 320.00
2427 220.00
2428 280.00
2429 500.00
2430 480.00
2431 440.00
2432 380.00
2433 260.00
2434 380.00
2435 480.00
2436 380.00
2437 380.00
2438 180.00
2439 380.00
2440 180.00
2441 500.00
2442 240.00
2443 500.00
2444 240.00
2445 220.00
2446 420.00
2447 300.00
2448 440.00
2449 440.00
2450 460.00
2451 460.00
2452 480.00
2453 420.00
2454 240.00
2455 340.00
2456 380.00
2457 200.00
2458 420.00
2459 260.00
2460 400.00
2461 200.00
2462 440.00
2463 280.00
2464 280.00
2465 220.00
2466 360.00
2467 260.00
2468 380.00
2469 440.00
2470 360.00
2471 340.00
2472 400.00
2473 440.00
2474 500.00
2475 380.00
2476 200.00
2477 200.00
2478 440.00
2479 220.00
2480 440.00
2481 480.00
2482 200.00
2483 380.00
2484 400.00
2485 460.00
2486 240.00
2487 420.00
2488 260.00
2489 460.00
2490 260.00
2491 460.00
2492 260.00
2493 300.00
2494 260.00
2495 420.00
2496 240.00
2497 440.00
2498 500.00
2499 400.00
2500 420.00
2501 440.00
2502 460.00
2503 220.00
2504 400.00
2505 480.00
2506 240.00
2507 500.00
2508 440.00
2509 240.00
2510 220.00
2511 440.00
2512 400.00
2513 440.00
2514 480.00
2515 500.00
2516 240.00
2517 440.00
2518 300.00
2519 360.00
2520 240.00
2521 340.00
2522 340.00
2523 240.00
2524 380.00
2525 420.00
2526 400.00
2527 280.00
2528 440.00
2529 420.00
2530 400.00
2531 440.00
2532 420.00
2533 220.00
2534 360.00
2535 400.00
2536 380.00
2537 200.00
2538 360.00
2539 500.00
2540 460.00
2541 400.00
2542 480.00
2543 380.00
2544 320.00
2545 260.00
2546 400.00
2547 440.00
2548 400.00
2549 400.00
2550 380.00
2551 220.00
2552 280.00
2553 400.00
2554 440.00
2555 440.00
2556 280.00
2557 420.00
2558 440.00
2559 420.00
2560 440.00
2561 340.00
2562 300.00
2563 440.00
2564 320.00
2565 280.00
2566 360.00
2567 420.00
2568 400.00
2569 300.00
2570 280.00
2571 240.00
2572 300.00
2573 380.00
2574 360.00
2575 320.00
2576 260.00
2577 360.00
2578 280.00
2579 220.00
2580 340.00
2581 380.00
2582 180.00
2583 420.00
2584 440.00
2585 380.00
2586 220.00
2587 420.00
2588 480.00
2589 360.00
2590 360.00
2591 440.00
2592 380.00
2593 480.00
2594 220.00
2595 220.00
2596 420.00
2597 240.00
2598 460.00
2599 460.00
2600 420.00
2601 420.00
2602 380.00
2603 440.00
2604 460.00
2605 280.00
2606 260.00
2607 500.00
2608 220.00
2609 240.00
2610 420.00
2611 280.00
2612 220.00
2613 420.00
2614 180.00
2615 260.00
2616 360.00
2617 380.00
2618 460.00
2619 380.00
2620 240.00
2621 440.00
2622 320.00
2623 360.00
2624 220.00
2625 300.00
2626 400.00
2627 220.00
2628 180.00
2629 420.00
2630 380.00
2631 460.00
2632 200.00
2633 420.00
2634 400.00
2635 340.00
2636 360.00
2637 180.00
2638 340.00
2639 440.00
2640 400.00
2641 200.00
2642 420.00
2643 440.00
2644 460.00
2645 200.00
2646 120.00
2647 480.00
2648 220.00
2649 240.00
2650 260.00
2651 420.00
2652 480.00
2653 400.00
2654 380.00
2655 320.00
2656 400.00
2657 300.00
2658 280.00
2659 280.00
2660 440.00
2661 320.00
2662 480.00
2663 240.00
2664 500.00
2665 400.00
2666 420.00
2667 360.00
2668 480.00
2669 260.00
2670 340.00
2671 280.00
2672 480.00
2673 400.00
2674 380.00
2675 440.00
2676 480.00
2677 220.00
2678 420.00
2679 140.00
2680 480.00
2681 400.00
2682 400.00
2683 480.00
2684 420.00
2685 260.00
2686 460.00
2687 240.00
2688 440.00
2689 440.00
2690 460.00
2691 420.00
2692 220.00
2693 460.00
2694 340.00
2695 480.00
2696 180.00
2697 500.00
2698 420.00
2699 460.00
2700 280.00
2701 420.00
2702 400.00
2703 460.00
2704 440.00
2705 480.00
2706 400.00
2707 440.00
2708 340.00
2709 220.00
2710 440.00
2711 380.00
2712 240.00
2713 460.00
2714 500.00
2715 460.00
2716 440.00
2717 440.00
2718 360.00
2719 200.00
2720 400.00
2721 420.00
2722 440.00
2723 400.00
2724 440.00
2725 280.00
2726 440.00
2727 380.00
2728 340.00
2729 320.00
2730 420.00
2731 360.00
2732 220.00
2733 340.00
2734 400.00
2735 360.00
2736 460.00
2737 240.00
2738 240.00
2739 200.00
2740 380.00
2741 420.00
2742 280.00
2743 320.00
2744 200.00
2745 360.00
2746 320.00
2747 500.00
2748 320.00
2749 360.00
2750 280.00
2751 280.00
2752 380.00
2753 420.00
2754 400.00
2755 300.00
2756 400.00
2757 420.00
2758 300.00
2759 380.00
2760 320.00
2761 460.00
2762 360.00
2763 360.00
2764 440.00
2765 400.00
2766 320.00
2767 260.00
2768 320.00
2769 460.00
2770 400.00
2771 200.00
2772 380.00
2773 340.00
2774 380.00
2775 400.00
2776 220.00
2777 220.00
2778 440.00
2779 220.00
2780 380.00
2781 280.00
2782 440.00
2783 220.00
2784 440.00
2785 400.00
2786 440.00
2787 320.00
2788 460.00
2789 440.00
2790 420.00
2791 360.00
2792 400.00
2793 240.00
2794 200.00
2795 320.00
2796 400.00
2797 360.00
2798 180.00
2799 400.00
2800 280.00
2801 340.00
2802 360.00
2803 380.00
2804 360.00
2805 340.00
2806 380.00
2807 380.00
2808 440.00
2809 280.00
2810 440.00
2811 460.00
2812 220.00
2813 320.00
2814 380.00
2815 320.00
2816 280.00
2817 440.00
2818 240.00
2819 320.00
2820 360.00
2821 280.00
2822 200.00
2823 340.00
2824 320.00
2825 360.00
2826 400.00
2827 380.00
2828 240.00
2829 160.00
2830 360.00
2831 380.00
2832 460.00
2833 460.00
2834 480.00
2835 260.00
2836 500.00
2837 480.00
2838 380.00
2839 220.00
2840 320.00
2841 320.00
2842 260.00
2843 360.00
2844 340.00
2845 360.00
2846 500.00
2847 240.00
2848 460.00
2849 240.00
2850 400.00
2851 400.00
2852 420.00
2853 480.00
2854 360.00
2855 420.00
2856 340.00
2857 260.00
2858 400.00
2859 440.00
2860 420.00
2861 360.00
2862 440.00
2863 240.00
2864 420.00
2865 460.00
2866 460.00
2867 260.00
2868 420.00
2869 380.00
2870 480.00
2871 420.00
2872 500.00
2873 260.00
2874 420.00
2875 420.00
2876 440.00
2877 480.00
2878 480.00
2879 500.00
2880 420.00
2881 240.00
2882 400.00
2883 420.00
2884 240.00
2885 420.00
2886 440.00
2887 280.00
2888 420.00
2889 420.00
2890 220.00
2891 460.00
2892 200.00
2893 500.00
2894 400.00
2895 400.00
2896 460.00
2897 240.00
2898 200.00
2899 380.00
2900 460.00
2901 460.00
2902 400.00
2903 280.00
2904 440.00
2905 440.00
2906 380.00
2907 400.00
2908 460.00
2909 400.00
2910 400.00
2911 420.00
2912 420.00
2913 420.00
2914 460.00
2915 240.00
2916 400.00
2917 380.00
2918 240.00
2919 380.00
2920 280.00
2921 440.00
2922 360.00
2923 400.00
2924 400.00
2925 400.00
2926 480.00
2927 200.00
2928 320.00
2929 400.00
2930 400.00
2931 300.00
2932 480.00
2933 360.00
2934 400.00
2935 420.00
2936 380.00
2937 240.00
2938 400.00
2939 440.00
2940 380.00
2941 260.00
2942 440.00
2943 380.00
2944 320.00
2945 380.00
2946 400.00
2947 340.00
2948 360.00
2949 420.00
2950 440.00
2951 340.00
2952 240.00
2953 380.00
2954 340.00
2955 320.00
2956 360.00
2957 440.00
2958 380.00
2959 220.00
2960 380.00
2961 400.00
2962 280.00
2963 360.00
2964 420.00
2965 400.00
2966 340.00
2967 320.00
2968 300.00
2969 340.00
2970 280.00
2971 260.00
2972 260.00
2973 220.00
2974 300.00
2975 340.00
2976 280.00
2977 440.00
2978 380.00
2979 280.00
2980 240.00
2981 340.00
2982 380.00
2983 420.00
2984 280.00
2985 420.00
2986 360.00
2987 380.00
2988 360.00
2989 240.00
2990 400.00
2991 280.00
2992 360.00
2993 360.00
2994 460.00
2995 380.00
2996 220.00
2997 340.00
2998 400.00
2999 380.00
