0 -0.35
1 -0.34
2 -0.34
3 -0.35
4 -0.35
5 -0.35
6 -0.34
7 -0.36
8 -0.36
9 -0.36
10 -0.34
11 -0.34
12 -0.35
13 -0.36
14 -0.34
15 -0.33
16 -0.34
17 -0.35
18 -0.34
19 -0.34
20 -0.35
21 -0.36
22 -0.36
23 -0.33
24 -0.36
25 -0.35
26 -0.35
27 -0.37
28 -0.35
29 -0.35
30 -0.33
31 -0.34
32 -0.35
33 -0.33
34 -0.32
35 -0.33
36 -0.33
37 -0.32
38 -0.32
39 -0.33
40 -0.34
41 -0.35
42 -0.33
43 -0.35
44 -0.35
45 -0.32
46 -0.31
47 -0.34
48 -0.35
49 -0.35
50 -0.34
51 -0.34
52 -0.35
53 -0.33
54 -0.34
55 -0.32
56 -0.33
57 -0.34
58 -0.33
59 -0.33
60 -0.35
61 -0.32
62 -0.32
63 -0.34
64 -0.33
65 -0.32
66 -0.31
67 -0.34
68 -0.33
69 -0.33
70 -0.34
71 -0.34
72 -0.34
73 -0.35
74 -0.32
75 -0.31
76 -0.32
77 -0.33
78 -0.33
79 -0.31
80 -0.33
81 -0.32
82 -0.33
83 -0.32
84 -0.32
85 -0.33
86 -0.32
87 -0.33
88 -0.31
89 -0.34
90 -0.33
91 -0.31
92 -0.33
93 -0.33
94 -0.32
95 -0.34
96 -0.33
97 -0.33
98 -0.35
99 -0.33
100 -0.32
101 -0.34
102 -0.33
103 -0.33
104 -0.33
105 -0.34
106 -0.33
107 -0.33
108 -0.33
109 -0.35
110 -0.35
111 -0.35
112 -0.34
113 -0.33
114 -0.34
115 -0.32
116 -0.33
117 -0.31
118 -0.34
119 -0.34
120 -0.33
121 -0.33
122 -0.33
123 -0.33
124 -0.32
125 -0.34
126 -0.32
127 -0.34
128 -0.34
129 -0.32
130 -0.32
131 -0.33
132 -0.34
133 -0.33
134 -0.29
135 -0.30
136 -0.30
137 -0.32
138 -0.30
139 -0.32
140 -0.31
141 -0.33
142 -0.32
143 -0.33
144 -0.32
145 -0.32
146 -0.33
147 -0.33
148 -0.33
149 -0.34
150 -0.36
151 -0.32
152 -0.33
153 -0.32
154 -0.32
155 -0.34
156 -0.32
157 -0.31
158 -0.32
159 -0.34
160 -0.32
161 -0.31
162 -0.32
163 -0.33
164 -0.31
165 -0.33
166 -0.31
167 -0.31
168 -0.31
169 -0.30
170 -0.33
171 -0.31
172 -0.33
173 -0.30
174 -0.32
175 -0.31
176 -0.34
177 -0.33
178 -0.31
179 -0.31
180 -0.34
181 -0.31
182 -0.32
183 -0.32
184 -0.32
185 -0.30
186 -0.30
187 -0.30
188 -0.32
189 -0.32
190 -0.33
191 -0.32
192 -0.32
193 -0.35
194 -0.35
195 -0.32
196 -0.33
197 -0.29
198 -0.32
199 -0.32
200 -0.06
201 -0.12
202 -0.09
203 -0.11
204 -0.11
205 -0.15
206 -0.15
207 -0.18
208 -0.14
209 -0.19
210 -0.14
211 -0.15
212 -0.14
213 -0.15
214 -0.14
215 -0.15
216 -0.14
217 -0.15
218 -0.19
219 -0.17
220 -0.12
221 -0.14
222 -0.15
223 -0.14
224 -0.14
225 -0.17
226 -0.13
227 -0.11
228 -0.15
229 -0.16
230 -0.19
231 -0.14
232 -0.14
233 -0.10
234 -0.11
235 -0.15
236 -0.16
237 -0.15
238 -0.13
239 -0.11
240 -0.13
241 -0.14
242 -0.12
243 -0.18
244 -0.13
245 -0.11
246 -0.11
247 -0.13
248 -0.12
249 -0.16
250 -0.17
251 -0.16
252 -0.14
253 -0.11
254 -0.10
255 -0.14
256 -0.14
257 -0.12
258 -0.11
259 -0.11
260 -0.12
261 -0.12
262 -0.13
263 -0.11
264 -0.12
265 -0.10
266 -0.11
267 -0.11
268 -0.11
269 -0.11
270 -0.11
271 -0.11
272 -0.10
273 -0.10
274 -0.09
275 -0.13
276 -0.09
277 -0.10
278 -0.06
279 -0.14
280 -0.11
281 -0.08
282 -0.09
283 -0.09
284 -0.09
285 -0.11
286 -0.11
287 -0.11
288 -0.11
289 -0.08
290 -0.09
291 -0.14
292 -0.12
293 -0.14
294 -0.09
295 -0.08
296 -0.10
297 -0.08
298 -0.11
299 -0.09
300 -0.13
301 -0.14
302 -0.08
303 -0.10
304 -0.07
305 -0.09
306 -0.10
307 -0.09
308 -0.09
309 -0.06
310 -0.09
311 -0.08
312 -0.08
313 -0.07
314 -0.11
315 -0.13
316 -0.09
317 -0.09
318 -0.08
319 -0.07
320 -0.07
321 -0.12
322 -0.08
323 -0.06
324 -0.09
325 -0.08
326 -0.12
327 -0.09
328 -0.10
329 -0.11
330 -0.10
331 -0.11
332 -0.09
333 -0.05
334 -0.08
335 -0.05
336 -0.09
337 -0.10
338 -0.12
339 -0.10
340 -0.09
341 -0.11
342 -0.07
343 -0.11
344 -0.11
345 -0.12
346 -0.10
347 -0.08
348 -0.08
349 -0.12
350 -0.10
351 -0.12
352 -0.10
353 -0.13
354 -0.07
355 -0.08
356 -0.08
357 -0.10
358 -0.08
359 -0.09
360 -0.12
361 -0.12
362 -0.09
363 -0.09
364 -0.08
365 -0.08
366 -0.06
367 -0.07
368 -0.11
369 -0.09
370 -0.05
371 -0.11
372 -0.12
373 -0.08
374 -0.10
375 -0.04
376 -0.05
377 -0.09
378 -0.08
379 -0.15
380 -0.11
381 -0.09
382 -0.09
383 -0.08
384 -0.10
385 -0.05
386 -0.10
387 -0.13
388 -0.10
389 -0.05
390 -0.09
391 -0.07
392 -0.07
393 -0.12
394 -0.07
395 -0.09
396 -0.07
397 -0.08
398 -0.09
399 -0.06
400 0.07
401 0.05
402 0.05
403 0.01
404 -0.01
405 0.01
406 0.03
407 -0.02
408 -0.01
409 0.04
410 0.03
411 0.03
412 0.01
413 0.00
414 0.02
415 0.01
416 0.00
417 0.01
418 -0.00
419 0.01
420 0.03
421 0.01
422 -0.01
423 -0.00
424 -0.01
425 -0.01
426 0.01
427 -0.00
428 -0.02
429 0.00
430 -0.01
431 0.00
432 0.02
433 0.03
434 0.00
435 0.03
436 0.02
437 -0.05
438 0.01
439 -0.00
440 0.02
441 0.04
442 0.02
443 0.02
444 0.05
445 0.04
446 0.06
447 0.01
448 -0.02
449 0.03
450 0.05
451 0.03
452 0.05
453 0.06
454 0.03
455 -0.03
456 0.06
457 0.05
458 0.06
459 0.03
460 0.06
461 0.04
462 -0.02
463 0.03
464 0.06
465 0.05
466 0.03
467 0.09
468 0.04
469 0.02
470 0.05
471 0.01
472 0.04
473 0.04
474 0.04
475 0.03
476 0.06
477 0.08
478 0.09
479 0.09
480 0.03
481 0.07
482 0.03
483 0.02
484 0.08
485 0.08
486 0.04
487 0.08
488 0.09
489 0.09
490 0.04
491 0.06
492 0.05
493 0.09
494 0.04
495 0.09
496 0.03
497 0.03
498 0.01
499 0.08
500 0.07
501 0.03
502 0.00
503 0.05
504 0.06
505 0.05
506 0.04
507 -0.00
508 0.04
509 0.07
510 0.00
511 0.02
512 0.01
513 0.03
514 0.03
515 -0.00
516 0.04
517 0.05
518 0.10
519 0.08
520 0.08
521 0.10
522 0.09
523 0.06
524 0.07
525 0.08
526 0.07
527 -0.02
528 0.05
529 0.08
530 0.04
531 -0.00
532 0.07
533 0.08
534 0.09
535 0.01
536 0.05
537 0.11
538 0.03
539 0.05
540 0.10
541 0.05
542 0.04
543 0.02
544 0.05
545 0.05
546 0.05
547 0.01
548 -0.02
549 0.04
550 0.08
551 0.04
552 0.03
553 0.06
554 0.04
555 0.05
556 -0.01
557 -0.00
558 0.06
559 0.05
560 0.06
561 0.04
562 0.02
563 0.05
564 0.09
565 0.07
566 0.11
567 0.10
568 0.07
569 0.05
570 0.05
571 0.03
572 0.03
573 0.04
574 0.03
575 0.09
576 -0.07
577 0.01
578 0.03
579 0.06
580 0.00
581 0.11
582 0.04
583 0.08
584 0.05
585 0.05
586 0.11
587 0.01
588 0.09
589 0.05
590 0.03
591 0.07
592 0.05
593 0.04
594 0.06
595 0.12
596 0.06
597 0.05
598 0.07
599 0.06
600 0.16
601 0.17
602 0.16
603 0.12
604 0.15
605 0.14
606 0.20
607 0.18
608 0.15
609 0.13
610 0.11
611 0.12
612 0.11
613 0.09
614 0.10
615 0.13
616 0.13
617 0.14
618 0.15
619 0.09
620 0.11
621 0.16
622 0.18
623 0.14
624 0.09
625 0.13
626 0.16
627 0.12
628 0.15
629 0.14
630 0.14
631 0.11
632 0.15
633 0.09
634 0.11
635 0.18
636 0.08
637 0.14
638 0.11
639 0.11
640 0.09
641 0.11
642 0.10
643 0.13
644 0.16
645 0.12
646 0.17
647 0.13
648 0.13
649 0.12
650 0.14
651 0.17
652 0.17
653 0.07
654 0.09
655 0.15
656 0.13
657 0.13
658 0.13
659 0.09
660 0.11
661 0.17
662 0.12
663 0.11
664 0.10
665 0.11
666 0.14
667 0.07
668 0.13
669 0.08
670 0.04
671 0.17
672 0.12
673 0.11
674 0.09
675 0.15
676 0.09
677 0.11
678 0.17
679 0.13
680 0.09
681 0.13
682 0.09
683 0.16
684 0.15
685 0.13
686 0.12
687 0.11
688 0.11
689 0.16
690 0.13
691 0.10
692 0.12
693 0.12
694 0.11
695 0.13
696 0.06
697 0.12
698 0.13
699 0.11
700 0.07
701 0.12
702 0.12
703 0.13
704 0.12
705 0.09
706 0.12
707 0.12
708 0.07
709 0.09
710 0.08
711 0.05
712 0.11
713 0.14
714 0.06
715 0.07
716 0.11
717 0.10
718 0.13
719 0.15
720 0.09
721 0.15
722 0.14
723 0.10
724 0.04
725 0.16
726 0.20
727 0.14
728 0.13
729 0.17
730 0.17
731 0.21
732 0.16
733 0.14
734 0.15
735 0.09
736 0.15
737 0.10
738 0.15
739 0.09
740 0.12
741 0.14
742 0.10
743 0.15
744 0.12
745 0.15
746 0.17
747 0.20
748 0.11
749 0.14
750 0.19
751 0.10
752 0.15
753 0.15
754 0.14
755 0.13
756 0.11
757 0.13
758 0.16
759 0.15
760 0.12
761 0.12
762 0.13
763 0.15
764 0.07
765 0.12
766 0.10
767 0.15
768 0.11
769 0.10
770 0.13
771 0.13
772 0.10
773 0.12
774 0.13
775 0.09
776 0.16
777 0.14
778 0.08
779 0.15
780 0.14
781 0.16
782 0.17
783 0.18
784 0.12
785 0.14
786 0.11
787 0.14
788 0.13
789 0.07
790 0.16
791 0.16
792 0.13
793 0.14
794 0.12
795 0.16
796 0.10
797 0.19
798 0.17
799 0.15
800 0.17
801 0.20
802 0.16
803 0.16
804 0.18
805 0.19
806 0.17
807 0.19
808 0.19
809 0.19
810 0.20
811 0.09
812 0.15
813 0.16
814 0.09
815 0.11
816 0.14
817 0.16
818 0.12
819 0.11
820 0.13
821 0.15
822 0.16
823 0.10
824 0.14
825 0.16
826 0.15
827 0.11
828 0.15
829 0.12
830 0.11
831 0.14
832 0.15
833 0.14
834 0.11
835 0.14
836 0.10
837 0.14
838 0.10
839 0.13
840 0.15
841 0.16
842 0.15
843 0.16
844 0.12
845 0.10
846 0.14
847 0.16
848 0.12
849 0.15
850 0.12
851 0.15
852 0.13
853 0.16
854 0.14
855 0.14
856 0.10
857 0.10
858 0.11
859 0.09
860 0.14
861 0.11
862 0.16
863 0.19
864 0.15
865 0.15
866 0.14
867 0.16
868 0.13
869 0.15
870 0.15
871 0.13
872 0.08
873 0.13
874 0.17
875 0.14
876 0.17
877 0.16
878 0.19
879 0.15
880 0.14
881 0.14
882 0.16
883 0.11
884 0.15
885 0.15
886 0.16
887 0.15
888 0.21
889 0.17
890 0.13
891 0.17
892 0.16
893 0.19
894 0.14
895 0.16
896 0.15
897 0.07
898 0.13
899 0.15
900 0.18
901 0.15
902 0.16
903 0.16
904 0.15
905 0.20
906 0.17
907 0.19
908 0.13
909 0.18
910 0.14
911 0.08
912 0.13
913 0.11
914 0.15
915 0.15
916 0.18
917 0.18
918 0.10
919 0.14
920 0.14
921 0.13
922 0.14
923 0.17
924 0.14
925 0.17
926 0.12
927 0.14
928 0.15
929 0.15
930 0.18
931 0.14
932 0.14
933 0.17
934 0.20
935 0.13
936 0.09
937 0.13
938 0.14
939 0.15
940 0.17
941 0.11
942 0.15
943 0.14
944 0.22
945 0.18
946 0.16
947 0.17
948 0.17
949 0.19
950 0.10
951 0.16
952 0.15
953 0.16
954 0.07
955 0.14
956 0.09
957 0.17
958 0.09
959 0.16
960 0.13
961 0.14
962 0.11
963 0.15
964 0.15
965 0.12
966 0.16
967 0.12
968 0.16
969 0.19
970 0.15
971 0.18
972 0.13
973 0.17
974 0.15
975 0.19
976 0.19
977 0.12
978 0.18
979 0.14
980 0.19
981 0.14
982 0.09
983 0.19
984 0.17
985 0.16
986 0.15
987 0.17
988 0.16
989 0.18
990 0.13
991 0.16
992 0.14
993 0.13
994 0.17
995 0.14
996 0.12
997 0.17
998 0.16
999 0.13
1000 0.25
1001 0.24
1002 0.30
1003 0.22
1004 0.28
1005 0.28
1006 0.26
1007 0.26
1008 0.24
1009 0.24
1010 0.17
1011 0.23
1012 0.26
1013 0.24
1014 0.20
1015 0.18
1016 0.26
1017 0.22
1018 0.15
1019 0.27
1020 0.23
1021 0.23
1022 0.25
1023 0.22
1024 0.26
1025 0.21
1026 0.21
1027 0.24
1028 0.25
1029 0.24
1030 0.22
1031 0.22
1032 0.19
1033 0.18
1034 0.20
1035 0.22
1036 0.20
1037 0.21
1038 0.23
1039 0.18
1040 0.15
1041 0.19
1042 0.21
1043 0.16
1044 0.16
1045 0.17
1046 0.19
1047 0.22
1048 0.20
1049 0.18
1050 0.11
1051 0.21
1052 0.23
1053 0.19
1054 0.23
1055 0.20
1056 0.25
1057 0.25
1058 0.27
1059 0.21
1060 0.21
1061 0.25
1062 0.19
1063 0.22
1064 0.22
1065 0.21
1066 0.19
1067 0.20
1068 0.21
1069 0.20
1070 0.19
1071 0.19
1072 0.19
1073 0.15
1074 0.15
1075 0.17
1076 0.19
1077 0.18
1078 0.13
1079 0.16
1080 0.18
1081 0.19
1082 0.17
1083 0.19
1084 0.22
1085 0.19
1086 0.17
1087 0.19
1088 0.18
1089 0.15
1090 0.16
1091 0.13
1092 0.15
1093 0.19
1094 0.20
1095 0.13
1096 0.18
1097 0.14
1098 0.23
1099 0.13
1100 0.22
1101 0.15
1102 0.18
1103 0.16
1104 0.18
1105 0.18
1106 0.14
1107 0.18
1108 0.18
1109 0.19
1110 0.18
1111 0.16
1112 0.19
1113 0.16
1114 0.13
1115 0.14
1116 0.16
1117 0.17
1118 0.24
1119 0.19
1120 0.21
1121 0.19
1122 0.16
1123 0.18
1124 0.19
1125 0.19
1126 0.22
1127 0.14
1128 0.17
1129 0.15
1130 0.16
1131 0.12
1132 0.18
1133 0.21
1134 0.20
1135 0.17
1136 0.16
1137 0.12
1138 0.11
1139 0.17
1140 0.21
1141 0.22
1142 0.19
1143 0.22
1144 0.20
1145 0.19
1146 0.17
1147 0.21
1148 0.22
1149 0.21
1150 0.21
1151 0.22
1152 0.24
1153 0.15
1154 0.22
1155 0.20
1156 0.20
1157 0.22
1158 0.19
1159 0.22
1160 0.20
1161 0.21
1162 0.22
1163 0.21
1164 0.25
1165 0.21
1166 0.22
1167 0.20
1168 0.25
1169 0.21
1170 0.21
1171 0.25
1172 0.23
1173 0.20
1174 0.20
1175 0.22
1176 0.18
1177 0.24
1178 0.20
1179 0.20
1180 0.24
1181 0.20
1182 0.21
1183 0.25
1184 0.21
1185 0.23
1186 0.16
1187 0.16
1188 0.19
1189 0.18
1190 0.25
1191 0.21
1192 0.20
1193 0.16
1194 0.18
1195 0.18
1196 0.14
1197 0.19
1198 0.22
1199 0.19
1200 0.26
1201 0.22
1202 0.27
1203 0.23
1204 0.22
1205 0.24
1206 0.24
1207 0.24
1208 0.25
1209 0.24
1210 0.19
1211 0.13
1212 0.19
1213 0.25
1214 0.23
1215 0.24
1216 0.27
1217 0.25
1218 0.27
1219 0.27
1220 0.24
1221 0.24
1222 0.27
1223 0.25
1224 0.27
1225 0.29
1226 0.26
1227 0.27
1228 0.26
1229 0.25
1230 0.27
1231 0.30
1232 0.30
1233 0.23
1234 0.20
1235 0.19
1236 0.27
1237 0.30
1238 0.28
1239 0.26
1240 0.24
1241 0.20
1242 0.26
1243 0.24
1244 0.26
1245 0.27
1246 0.28
1247 0.26
1248 0.21
1249 0.28
1250 0.26
1251 0.26
1252 0.18
1253 0.26
1254 0.21
1255 0.22
1256 0.25
1257 0.25
1258 0.23
1259 0.18
1260 0.23
1261 0.22
1262 0.24
1263 0.21
1264 0.22
1265 0.24
1266 0.26
1267 0.25
1268 0.25
1269 0.30
1270 0.27
1271 0.24
1272 0.26
1273 0.29
1274 0.26
1275 0.26
1276 0.24
1277 0.32
1278 0.24
1279 0.24
1280 0.26
1281 0.28
1282 0.23
1283 0.27
1284 0.26
1285 0.26
1286 0.29
1287 0.28
1288 0.28
1289 0.28
1290 0.27
1291 0.30
1292 0.28
1293 0.25
1294 0.19
1295 0.24
1296 0.22
1297 0.21
1298 0.29
1299 0.23
1300 0.28
1301 0.27
1302 0.28
1303 0.26
1304 0.24
1305 0.28
1306 0.21
1307 0.22
1308 0.17
1309 0.24
1310 0.25
1311 0.25
1312 0.22
1313 0.23
1314 0.27
1315 0.18
1316 0.25
1317 0.20
1318 0.23
1319 0.19
1320 0.27
1321 0.26
1322 0.20
1323 0.26
1324 0.22
1325 0.28
1326 0.24
1327 0.27
1328 0.24
1329 0.21
1330 0.27
1331 0.25
1332 0.21
1333 0.27
1334 0.27
1335 0.23
1336 0.28
1337 0.24
1338 0.28
1339 0.25
1340 0.21
1341 0.26
1342 0.24
1343 0.19
1344 0.25
1345 0.25
1346 0.22
1347 0.25
1348 0.24
1349 0.21
1350 0.19
1351 0.25
1352 0.23
1353 0.21
1354 0.28
1355 0.28
1356 0.22
1357 0.27
1358 0.24
1359 0.27
1360 0.22
1361 0.26
1362 0.23
1363 0.28
1364 0.23
1365 0.26
1366 0.24
1367 0.27
1368 0.25
1369 0.22
1370 0.22
1371 0.21
1372 0.27
1373 0.27
1374 0.27
1375 0.27
1376 0.22
1377 0.20
1378 0.24
1379 0.27
1380 0.17
1381 0.28
1382 0.26
1383 0.26
1384 0.24
1385 0.20
1386 0.19
1387 0.23
1388 0.25
1389 0.25
1390 0.21
1391 0.19
1392 0.22
1393 0.22
1394 0.21
1395 0.23
1396 0.23
1397 0.22
1398 0.24
1399 0.19
1400 0.32
1401 0.33
1402 0.30
1403 0.32
1404 0.28
1405 0.32
1406 0.33
1407 0.29
1408 0.32
1409 0.20
1410 0.27
1411 0.23
1412 0.22
1413 0.23
1414 0.26
1415 0.26
1416 0.27
1417 0.26
1418 0.22
1419 0.18
1420 0.23
1421 0.25
1422 0.24
1423 0.26
1424 0.25
1425 0.27
1426 0.22
1427 0.28
1428 0.27
1429 0.23
1430 0.26
1431 0.23
1432 0.22
1433 0.26
1434 0.25
1435 0.23
1436 0.27
1437 0.29
1438 0.26
1439 0.25
1440 0.17
1441 0.27
1442 0.25
1443 0.24
1444 0.24
1445 0.29
1446 0.28
1447 0.23
1448 0.23
1449 0.29
1450 0.26
1451 0.16
1452 0.19
1453 0.26
1454 0.25
1455 0.22
1456 0.28
1457 0.26
1458 0.25
1459 0.25
1460 0.19
1461 0.26
1462 0.23
1463 0.22
1464 0.17
1465 0.17
1466 0.23
1467 0.24
1468 0.23
1469 0.25
1470 0.24
1471 0.27
1472 0.22
1473 0.22
1474 0.26
1475 0.25
1476 0.25
1477 0.19
1478 0.19
1479 0.24
1480 0.23
1481 0.25
1482 0.26
1483 0.21
1484 0.17
1485 0.21
1486 0.28
1487 0.23
1488 0.28
1489 0.23
1490 0.22
1491 0.25
1492 0.24
1493 0.25
1494 0.25
1495 0.29
1496 0.23
1497 0.23
1498 0.20
1499 0.26
1500 0.26
1501 0.26
1502 0.26
1503 0.28
1504 0.22
1505 0.26
1506 0.26
1507 0.23
1508 0.27
1509 0.24
1510 0.25
1511 0.29
1512 0.27
1513 0.26
1514 0.27
1515 0.24
1516 0.27
1517 0.29
1518 0.25
1519 0.25
1520 0.24
1521 0.26
1522 0.26
1523 0.23
1524 0.26
1525 0.25
1526 0.23
1527 0.20
1528 0.27
1529 0.24
1530 0.18
1531 0.21
1532 0.25
1533 0.24
1534 0.25
1535 0.22
1536 0.28
1537 0.23
1538 0.25
1539 0.28
1540 0.28
1541 0.31
1542 0.28
1543 0.27
1544 0.24
1545 0.27
1546 0.25
1547 0.28
1548 0.27
1549 0.25
1550 0.27
1551 0.26
1552 0.26
1553 0.21
1554 0.29
1555 0.26
1556 0.24
1557 0.28
1558 0.29
1559 0.26
1560 0.29
1561 0.25
1562 0.23
1563 0.28
1564 0.21
1565 0.28
1566 0.26
1567 0.23
1568 0.23
1569 0.25
1570 0.28
1571 0.27
1572 0.20
1573 0.24
1574 0.26
1575 0.26
1576 0.25
1577 0.26
1578 0.25
1579 0.25
1580 0.28
1581 0.18
1582 0.28
1583 0.22
1584 0.28
1585 0.27
1586 0.27
1587 0.23
1588 0.25
1589 0.23
1590 0.22
1591 0.25
1592 0.24
1593 0.24
1594 0.26
1595 0.25
1596 0.25
1597 0.26
1598 0.26
1599 0.26
1600 0.30
1601 0.28
1602 0.30
1603 0.29
1604 0.27
1605 0.34
1606 0.32
1607 0.27
1608 0.33
1609 0.30
1610 0.27
1611 0.30
1612 0.31
1613 0.32
1614 0.24
1615 0.31
1616 0.32
1617 0.31
1618 0.29
1619 0.28
1620 0.30
1621 0.23
1622 0.26
1623 0.30
1624 0.33
1625 0.23
1626 0.30
1627 0.28
1628 0.31
1629 0.26
1630 0.28
1631 0.31
1632 0.29
1633 0.29
1634 0.26
1635 0.29
1636 0.28
1637 0.24
1638 0.33
1639 0.29
1640 0.27
1641 0.28
1642 0.32
1643 0.27
1644 0.25
1645 0.29
1646 0.22
1647 0.25
1648 0.25
1649 0.26
1650 0.29
1651 0.29
1652 0.24
1653 0.29
1654 0.30
1655 0.29
1656 0.25
1657 0.28
1658 0.30
1659 0.31
1660 0.26
1661 0.31
1662 0.30
1663 0.31
1664 0.20
1665 0.31
1666 0.25
1667 0.29
1668 0.32
1669 0.28
1670 0.28
1671 0.29
1672 0.23
1673 0.29
1674 0.29
1675 0.28
1676 0.32
1677 0.27
1678 0.28
1679 0.27
1680 0.28
1681 0.22
1682 0.24
1683 0.23
1684 0.27
1685 0.29
1686 0.30
1687 0.28
1688 0.23
1689 0.21
1690 0.30
1691 0.29
1692 0.24
1693 0.29
1694 0.25
1695 0.26
1696 0.28
1697 0.26
1698 0.24
1699 0.29
1700 0.28
1701 0.33
1702 0.25
1703 0.28
1704 0.31
1705 0.26
1706 0.24
1707 0.26
1708 0.26
1709 0.25
1710 0.25
1711 0.21
1712 0.27
1713 0.26
1714 0.25
1715 0.27
1716 0.30
1717 0.27
1718 0.29
1719 0.28
1720 0.31
1721 0.27
1722 0.28
1723 0.25
1724 0.32
1725 0.26
1726 0.29
1727 0.26
1728 0.31
1729 0.26
1730 0.29
1731 0.31
1732 0.26
1733 0.28
1734 0.27
1735 0.27
1736 0.28
1737 0.30
1738 0.30
1739 0.32
1740 0.30
1741 0.26
1742 0.28
1743 0.29
1744 0.30
1745 0.31
1746 0.26
1747 0.28
1748 0.30
1749 0.28
1750 0.33
1751 0.28
1752 0.32
1753 0.31
1754 0.28
1755 0.29
1756 0.33
1757 0.27
1758 0.29
1759 0.26
1760 0.27
1761 0.25
1762 0.32
1763 0.32
1764 0.32
1765 0.32
1766 0.28
1767 0.31
1768 0.25
1769 0.34
1770 0.33
1771 0.25
1772 0.27
1773 0.21
1774 0.30
1775 0.31
1776 0.29
1777 0.33
1778 0.24
1779 0.28
1780 0.24
1781 0.26
1782 0.30
1783 0.26
1784 0.26
1785 0.27
1786 0.27
1787 0.30
1788 0.27
1789 0.23
1790 0.29
1791 0.26
1792 0.31
1793 0.25
1794 0.26
1795 0.29
1796 0.22
1797 0.32
1798 0.25
1799 0.29
1800 0.24
1801 0.28
1802 0.19
1803 0.24
1804 0.25
1805 0.21
1806 0.22
1807 0.27
1808 0.26
1809 0.19
1810 0.27
1811 0.22
1812 0.21
1813 0.26
1814 0.22
1815 0.26
1816 0.21
1817 0.22
1818 0.21
1819 0.23
1820 0.21
1821 0.20
1822 0.19
1823 0.16
1824 0.17
1825 0.18
1826 0.23
1827 0.16
1828 0.23
1829 0.22
1830 0.27
1831 0.21
1832 0.18
1833 0.21
1834 0.21
1835 0.23
1836 0.24
1837 0.27
1838 0.27
1839 0.25
1840 0.26
1841 0.25
1842 0.28
1843 0.23
1844 0.25
1845 0.23
1846 0.26
1847 0.18
1848 0.22
1849 0.28
1850 0.25
1851 0.25
1852 0.27
1853 0.20
1854 0.29
1855 0.29
1856 0.27
1857 0.30
1858 0.30
1859 0.23
1860 0.25
1861 0.22
1862 0.30
1863 0.28
1864 0.28
1865 0.30
1866 0.26
1867 0.27
1868 0.28
1869 0.31
1870 0.27
1871 0.27
1872 0.28
1873 0.25
1874 0.28
1875 0.30
1876 0.28
1877 0.26
1878 0.22
1879 0.26
1880 0.24
1881 0.30
1882 0.26
1883 0.28
1884 0.29
1885 0.30
1886 0.24
1887 0.27
1888 0.30
1889 0.29
1890 0.24
1891 0.27
1892 0.32
1893 0.24
1894 0.27
1895 0.27
1896 0.29
1897 0.27
1898 0.26
1899 0.27
1900 0.31
1901 0.32
1902 0.29
1903 0.31
1904 0.25
1905 0.20
1906 0.27
1907 0.28
1908 0.31
1909 0.26
1910 0.27
1911 0.25
1912 0.31
1913 0.29
1914 0.28
1915 0.30
1916 0.29
1917 0.25
1918 0.29
1919 0.28
1920 0.29
1921 0.28
1922 0.24
1923 0.27
1924 0.28
1925 0.27
1926 0.26
1927 0.25
1928 0.26
1929 0.22
1930 0.21
1931 0.27
1932 0.26
1933 0.27
1934 0.29
1935 0.22
1936 0.31
1937 0.26
1938 0.18
1939 0.29
1940 0.30
1941 0.30
1942 0.28
1943 0.29
1944 0.26
1945 0.27
1946 0.26
1947 0.26
1948 0.30
1949 0.20
1950 0.22
1951 0.29
1952 0.29
1953 0.31
1954 0.24
1955 0.31
1956 0.32
1957 0.25
1958 0.27
1959 0.28
1960 0.32
1961 0.24
1962 0.26
1963 0.29
1964 0.29
1965 0.30
1966 0.30
1967 0.29
1968 0.29
1969 0.30
1970 0.29
1971 0.30
1972 0.29
1973 0.29
1974 0.27
1975 0.31
1976 0.31
1977 0.33
1978 0.32
1979 0.27
1980 0.27
1981 0.27
1982 0.28
1983 0.27
1984 0.30
1985 0.31
1986 0.29
1987 0.25
1988 0.28
1989 0.30
1990 0.28
1991 0.26
1992 0.30
1993 0.27
1994 0.28
1995 0.28
1996 0.29
1997 0.26
1998 0.28
1999 0.28
2000 0.26
2001 0.19
2002 0.27
2003 0.25
2004 0.27
2005 0.30
2006 0.29
2007 0.26
2008 0.26
2009 0.18
2010 0.28
2011 0.24
2012 0.23
2013 0.21
2014 0.25
2015 0.26
2016 0.26
2017 0.25
2018 0.28
2019 0.30
2020 0.30
2021 0.25
2022 0.27
2023 0.25
2024 0.25
2025 0.26
2026 0.22
2027 0.24
2028 0.27
2029 0.28
2030 0.28
2031 0.29
2032 0.25
2033 0.28
2034 0.30
2035 0.26
2036 0.29
2037 0.29
2038 0.30
2039 0.30
2040 0.29
2041 0.27
2042 0.22
2043 0.26
2044 0.28
2045 0.25
2046 0.25
2047 0.32
2048 0.31
2049 0.29
2050 0.34
2051 0.28
2052 0.24
2053 0.30
2054 0.30
2055 0.29
2056 0.28
2057 0.27
2058 0.25
2059 0.30
2060 0.27
2061 0.27
2062 0.28
2063 0.30
2064 0.31
2065 0.31
2066 0.27
2067 0.28
2068 0.30
2069 0.31
2070 0.31
2071 0.30
2072 0.31
2073 0.33
2074 0.30
2075 0.29
2076 0.33
2077 0.28
2078 0.30
2079 0.25
2080 0.29
2081 0.31
2082 0.29
2083 0.29
2084 0.31
2085 0.26
2086 0.26
2087 0.29
2088 0.25
2089 0.28
2090 0.25
2091 0.29
2092 0.25
2093 0.24
2094 0.28
2095 0.27
2096 0.26
2097 0.23
2098 0.25
2099 0.28
2100 0.25
2101 0.29
2102 0.30
2103 0.25
2104 0.25
2105 0.27
2106 0.31
2107 0.26
2108 0.22
2109 0.32
2110 0.26
2111 0.28
2112 0.26
2113 0.29
2114 0.31
2115 0.32
2116 0.25
2117 0.29
2118 0.25
2119 0.27
2120 0.28
2121 0.28
2122 0.30
2123 0.22
2124 0.28
2125 0.25
2126 0.29
2127 0.25
2128 0.27
2129 0.28
2130 0.27
2131 0.30
2132 0.32
2133 0.20
2134 0.31
2135 0.30
2136 0.30
2137 0.26
2138 0.29
2139 0.30
2140 0.28
2141 0.32
2142 0.26
2143 0.26
2144 0.23
2145 0.32
2146 0.29
2147 0.27
2148 0.31
2149 0.29
2150 0.28
2151 0.32
2152 0.30
2153 0.29
2154 0.23
2155 0.25
2156 0.29
2157 0.27
2158 0.27
2159 0.26
2160 0.28
2161 0.29
2162 0.24
2163 0.31
2164 0.27
2165 0.25
2166 0.30
2167 0.31
2168 0.31
2169 0.24
2170 0.27
2171 0.31
2172 0.30
2173 0.26
2174 0.27
2175 0.31
2176 0.30
2177 0.30
2178 0.30
2179 0.30
2180 0.30
2181 0.28
2182 0.31
2183 0.22
2184 0.28
2185 0.28
2186 0.27
2187 0.30
2188 0.30
2189 0.27
2190 0.30
2191 0.28
2192 0.25
2193 0.32
2194 0.24
2195 0.30
2196 0.28
2197 0.28
2198 0.29
2199 0.27
2200 0.22
2201 0.32
2202 0.30
2203 0.30
2204 0.30
2205 0.28
2206 0.28
2207 0.28
2208 0.26
2209 0.29
2210 0.29
2211 0.30
2212 0.26
2213 0.20
2214 0.29
2215 0.28
2216 0.23
2217 0.30
2218 0.26
2219 0.29
2220 0.28
2221 0.25
2222 0.18
2223 0.24
2224 0.24
2225 0.20
2226 0.24
2227 0.28
2228 0.25
2229 0.27
2230 0.25
2231 0.22
2232 0.19
2233 0.27
2234 0.24
2235 0.22
2236 0.24
2237 0.28
2238 0.23
2239 0.23
2240 0.21
2241 0.27
2242 0.22
2243 0.23
2244 0.22
2245 0.21
2246 0.25
2247 0.27
2248 0.22
2249 0.22
2250 0.27
2251 0.24
2252 0.29
2253 0.28
2254 0.29
2255 0.25
2256 0.26
2257 0.28
2258 0.24
2259 0.24
2260 0.25
2261 0.28
2262 0.28
2263 0.25
2264 0.24
2265 0.25
2266 0.22
2267 0.22
2268 0.13
2269 0.22
2270 0.28
2271 0.26
2272 0.27
2273 0.28
2274 0.26
2275 0.29
2276 0.30
2277 0.31
2278 0.26
2279 0.29
2280 0.23
2281 0.25
2282 0.28
2283 0.21
2284 0.28
2285 0.32
2286 0.24
2287 0.26
2288 0.29
2289 0.27
2290 0.25
2291 0.30
2292 0.28
2293 0.28
2294 0.27
2295 0.30
2296 0.28
2297 0.29
2298 0.24
2299 0.31
2300 0.22
2301 0.27
2302 0.21
2303 0.27
2304 0.18
2305 0.28
2306 0.30
2307 0.25
2308 0.25
2309 0.25
2310 0.26
2311 0.25
2312 0.23
2313 0.29
2314 0.26
2315 0.26
2316 0.22
2317 0.30
2318 0.28
2319 0.26
2320 0.28
2321 0.30
2322 0.26
2323 0.26
2324 0.29
2325 0.17
2326 0.25
2327 0.21
2328 0.30
2329 0.27
2330 0.21
2331 0.30
2332 0.32
2333 0.24
2334 0.24
2335 0.29
2336 0.30
2337 0.26
2338 0.28
2339 0.29
2340 0.30
2341 0.31
2342 0.23
2343 0.30
2344 0.28
2345 0.30
2346 0.29
2347 0.26
2348 0.27
2349 0.28
2350 0.21
2351 0.26
2352 0.31
2353 0.26
2354 0.32
2355 0.29
2356 0.31
2357 0.25
2358 0.24
2359 0.22
2360 0.22
2361 0.22
2362 0.26
2363 0.28
2364 0.29
2365 0.27
2366 0.30
2367 0.29
2368 0.27
2369 0.27
2370 0.27
2371 0.27
2372 0.23
2373 0.21
2374 0.26
2375 0.22
2376 0.30
2377 0.25
2378 0.28
2379 0.28
2380 0.28
2381 0.26
2382 0.28
2383 0.25
2384 0.27
2385 0.25
2386 0.27
2387 0.26
2388 0.30
2389 0.25
2390 0.30
2391 0.27
2392 0.29
2393 0.27
2394 0.29
2395 0.31
2396 0.23
2397 0.29
2398 0.25
2399 0.30
2400 0.34
2401 0.33
2402 0.26
2403 0.27
2404 0.28
2405 0.30
2406 0.30
2407 0.30
2408 0.25
2409 0.28
2410 0.28
2411 0.30
2412 0.24
2413 0.29
2414 0.26
2415 0.28
2416 0.28
2417 0.31
2418 0.30
2419 0.29
2420 0.27
2421 0.27
2422 0.29
2423 0.31
2424 0.34
2425 0.32
2426 0.30
2427 0.32
2428 0.30
2429 0.33
2430 0.31
2431 0.28
2432 0.30
2433 0.33
2434 0.28
2435 0.31
2436 0.27
2437 0.27
2438 0.31
2439 0.33
2440 0.32
2441 0.30
2442 0.30
2443 0.30
2444 0.28
2445 0.22
2446 0.25
2447 0.27
2448 0.26
2449 0.27
2450 0.25
2451 0.27
2452 0.28
2453 0.21
2454 0.28
2455 0.29
2456 0.29
2457 0.25
2458 0.27
2459 0.27
2460 0.27
2461 0.24
2462 0.26
2463 0.24
2464 0.29
2465 0.30
2466 0.30
2467 0.30
2468 0.30
2469 0.29
2470 0.26
2471 0.28
2472 0.20
2473 0.21
2474 0.26
2475 0.27
2476 0.26
2477 0.27
2478 0.28
2479 0.29
2480 0.31
2481 0.29
2482 0.30
2483 0.31
2484 0.31
2485 0.26
2486 0.23
2487 0.28
2488 0.30
2489 0.29
2490 0.30
2491 0.29
2492 0.29
2493 0.30
2494 0.29
2495 0.28
2496 0.23
2497 0.26
2498 0.23
2499 0.26
2500 0.29
2501 0.29
2502 0.26
2503 0.27
2504 0.28
2505 0.26
2506 0.25
2507 0.28
2508 0.20
2509 0.28
2510 0.29
2511 0.27
2512 0.30
2513 0.28
2514 0.23
2515 0.30
2516 0.27
2517 0.30
2518 0.27
2519 0.33
2520 0.29
2521 0.30
2522 0.29
2523 0.27
2524 0.30
2525 0.32
2526 0.25
2527 0.21
2528 0.26
2529 0.28
2530 0.26
2531 0.29
2532 0.24
2533 0.25
2534 0.25
2535 0.27
2536 0.27
2537 0.27
2538 0.31
2539 0.30
2540 0.24
2541 0.27
2542 0.21
2543 0.26
2544 0.29
2545 0.30
2546 0.27
2547 0.24
2548 0.19
2549 0.26
2550 0.28
2551 0.24
2552 0.27
2553 0.29
2554 0.27
2555 0.28
2556 0.24
2557 0.28
2558 0.30
2559 0.30
2560 0.24
2561 0.27
2562 0.25
2563 0.24
2564 0.26
2565 0.23
2566 0.25
2567 0.27
2568 0.27
2569 0.26
2570 0.22
2571 0.28
2572 0.28
2573 0.27
2574 0.31
2575 0.31
2576 0.32
2577 0.28
2578 0.30
2579 0.28
2580 0.29
2581 0.26
2582 0.25
2583 0.27
2584 0.29
2585 0.29
2586 0.29
2587 0.29
2588 0.28
2589 0.30
2590 0.28
2591 0.32
2592 0.31
2593 0.28
2594 0.26
2595 0.29
2596 0.28
2597 0.26
2598 0.28
2599 0.27
2600 0.35
2601 0.35
2602 0.34
2603 0.30
2604 0.34
2605 0.27
2606 0.32
2607 0.30
2608 0.27
2609 0.31
2610 0.30
2611 0.34
2612 0.31
2613 0.30
2614 0.25
2615 0.30
2616 0.30
2617 0.31
2618 0.30
2619 0.26
2620 0.29
2621 0.27
2622 0.31
2623 0.32
2624 0.25
2625 0.29
2626 0.27
2627 0.32
2628 0.30
2629 0.26
2630 0.26
2631 0.28
2632 0.28
2633 0.30
2634 0.28
2635 0.25
2636 0.30
2637 0.29
2638 0.30
2639 0.27
2640 0.31
2641 0.32
2642 0.30
2643 0.31
2644 0.26
2645 0.24
2646 0.27
2647 0.31
2648 0.30
2649 0.30
2650 0.28
2651 0.29
2652 0.30
2653 0.28
2654 0.30
2655 0.28
2656 0.28
2657 0.22
2658 0.29
2659 0.30
2660 0.31
2661 0.26
2662 0.25
2663 0.29
2664 0.28
2665 0.27
2666 0.31
2667 0.27
2668 0.24
2669 0.27
2670 0.29
2671 0.24
2672 0.23
2673 0.30
2674 0.30
2675 0.31
2676 0.28
2677 0.28
2678 0.28
2679 0.27
2680 0.23
2681 0.24
2682 0.26
2683 0.24
2684 0.31
2685 0.29
2686 0.29
2687 0.29
2688 0.32
2689 0.27
2690 0.26
2691 0.29
2692 0.28
2693 0.28
2694 0.26
2695 0.27
2696 0.29
2697 0.29
2698 0.23
2699 0.29
2700 0.30
2701 0.27
2702 0.28
2703 0.24
2704 0.26
2705 0.29
2706 0.32
2707 0.29
2708 0.32
2709 0.29
2710 0.31
2711 0.28
2712 0.30
2713 0.29
2714 0.26
2715 0.26
2716 0.27
2717 0.31
2718 0.28
2719 0.27
2720 0.28
2721 0.29
2722 0.30
2723 0.25
2724 0.29
2725 0.26
2726 0.26
2727 0.29
2728 0.27
2729 0.25
2730 0.27
2731 0.29
2732 0.30
2733 0.28
2734 0.28
2735 0.33
2736 0.26
2737 0.29
2738 0.32
2739 0.29
2740 0.27
2741 0.30
2742 0.33
2743 0.30
2744 0.31
2745 0.28
2746 0.28
2747 0.26
2748 0.33
2749 0.30
2750 0.28
2751 0.29
2752 0.32
2753 0.32
2754 0.32
2755 0.28
2756 0.33
2757 0.32
2758 0.29
2759 0.25
2760 0.29
2761 0.30
2762 0.26
2763 0.24
2764 0.32
2765 0.25
2766 0.27
2767 0.25
2768 0.24
2769 0.27
2770 0.29
2771 0.23
2772 0.25
2773 0.26
2774 0.27
2775 0.29
2776 0.29
2777 0.27
2778 0.25
2779 0.26
2780 0.29
2781 0.31
2782 0.31
2783 0.27
2784 0.32
2785 0.24
2786 0.29
2787 0.28
2788 0.31
2789 0.29
2790 0.31
2791 0.28
2792 0.31
2793 0.30
2794 0.32
2795 0.33
2796 0.29
2797 0.31
2798 0.30
2799 0.29
2800 0.24
2801 0.33
2802 0.31
2803 0.34
2804 0.30
2805 0.32
2806 0.34
2807 0.32
2808 0.31
2809 0.31
2810 0.32
2811 0.33
2812 0.23
2813 0.30
2814 0.29
2815 0.28
2816 0.33
2817 0.31
2818 0.32
2819 0.27
2820 0.30
2821 0.32
2822 0.30
2823 0.31
2824 0.33
2825 0.31
2826 0.29
2827 0.29
2828 0.27
2829 0.25
2830 0.25
2831 0.30
2832 0.31
2833 0.33
2834 0.31
2835 0.25
2836 0.29
2837 0.34
2838 0.31
2839 0.33
2840 0.29
2841 0.27
2842 0.32
2843 0.26
2844 0.27
2845 0.31
2846 0.27
2847 0.31
2848 0.30
2849 0.28
2850 0.30
2851 0.32
2852 0.27
2853 0.28
2854 0.30
2855 0.28
2856 0.29
2857 0.31
2858 0.29
2859 0.34
2860 0.32
2861 0.29
2862 0.23
2863 0.28
2864 0.30
2865 0.28
2866 0.31
2867 0.32
2868 0.28
2869 0.27
2870 0.27
2871 0.30
2872 0.24
2873 0.23
2874 0.25
2875 0.28
2876 0.27
2877 0.26
2878 0.29
2879 0.24
2880 0.24
2881 0.26
2882 0.27
2883 0.26
2884 0.29
2885 0.19
2886 0.27
2887 0.29
2888 0.22
2889 0.30
2890 0.25
2891 0.23
2892 0.26
2893 0.26
2894 0.26
2895 0.25
2896 0.24
2897 0.21
2898 0.25
2899 0.21
2900 0.24
2901 0.22
2902 0.25
2903 0.23
2904 0.30
2905 0.27
2906 0.28
2907 0.25
2908 0.31
2909 0.30
2910 0.32
2911 0.28
2912 0.32
2913 0.27
2914 0.27
2915 0.28
2916 0.30
2917 0.27
2918 0.27
2919 0.30
2920 0.31
2921 0.32
2922 0.28
2923 0.30
2924 0.26
2925 0.26
2926 0.27
2927 0.24
2928 0.29
2929 0.27
2930 0.28
2931 0.30
2932 0.29
2933 0.28
2934 0.23
2935 0.25
2936 0.26
2937 0.28
2938 0.32
2939 0.26
2940 0.24
2941 0.25
2942 0.25
2943 0.28
2944 0.26
2945 0.30
2946 0.26
2947 0.30
2948 0.26
2949 0.29
2950 0.28
2951 0.28
2952 0.24
2953 0.31
2954 0.20
2955 0.26
2956 0.31
2957 0.25
2958 0.27
2959 0.29
2960 0.29
2961 0.30
2962 0.29
2963 0.27
2964 0.23
2965 0.21
2966 0.29
2967 0.24
2968 0.26
2969 0.26
2970 0.26
2971 0.24
2972 0.27
2973 0.29
2974 0.25
2975 0.24
2976 0.31
2977 0.30
2978 0.28
2979 0.28
2980 0.24
2981 0.27
2982 0.30
2983 0.31
2984 0.33
2985 0.34
2986 0.27
2987 0.28
2988 0.32
2989 0.28
2990 0.32
2991 0.33
2992 0.25
2993 0.27
2994 0.24
2995 0.30
2996 0.32
2997 0.27
2998 0.27
2999 0.26
