0 -0.22
1 -0.23
2 -0.21
3 -0.22
4 -0.18
5 -0.17
6 -0.17
7 -0.16
8 -0.20
9 -0.17
10 -0.15
11 -0.16
12 -0.17
13 -0.17
14 -0.16
15 -0.13
16 -0.13
17 -0.13
18 -0.16
19 -0.15
20 -0.16
21 -0.15
22 -0.16
23 -0.10
24 -0.09
25 -0.11
26 -0.13
27 -0.14
28 -0.13
29 -0.16
30 -0.10
31 -0.16
32 -0.12
33 -0.09
34 -0.13
35 -0.16
36 -0.11
37 -0.13
38 -0.12
39 -0.12
40 -0.12
41 -0.11
42 -0.12
43 -0.14
44 -0.11
45 -0.12
46 -0.14
47 -0.14
48 -0.12
49 -0.10
50 -0.05
51 -0.15
52 -0.17
53 -0.14
54 -0.08
55 -0.10
56 -0.09
57 -0.09
58 -0.09
59 -0.08
60 -0.10
61 -0.13
62 -0.15
63 -0.09
64 -0.16
65 -0.12
66 -0.11
67 -0.15
68 -0.13
69 -0.15
70 -0.10
71 -0.11
72 -0.10
73 -0.11
74 -0.14
75 -0.09
76 -0.11
77 -0.09
78 -0.10
79 -0.08
80 -0.13
81 -0.11
82 -0.10
83 -0.08
84 -0.14
85 -0.09
86 -0.11
87 -0.13
88 -0.11
89 -0.09
90 -0.11
91 -0.07
92 -0.08
93 -0.11
94 -0.10
95 -0.05
96 -0.10
97 -0.09
98 -0.12
99 -0.02
100 -0.11
101 -0.05
102 -0.08
103 -0.09
104 -0.10
105 -0.07
106 -0.07
107 -0.08
108 -0.03
109 -0.11
110 -0.04
111 -0.04
112 -0.02
113 -0.04
114 -0.09
115 -0.15
116 -0.06
117 -0.09
118 -0.06
119 -0.04
120 -0.13
121 -0.09
122 -0.03
123 -0.06
124 -0.01
125 -0.06
126 -0.04
127 0.01
128 -0.10
129 -0.05
130 -0.06
131 -0.06
132 -0.09
133 -0.13
134 -0.06
135 -0.06
136 -0.06
137 -0.01
138 -0.06
139 -0.06
140 -0.08
141 -0.08
142 -0.08
143 -0.07
144 -0.04
145 -0.10
146 -0.07
147 -0.04
148 -0.04
149 -0.02
150 -0.09
151 -0.08
152 -0.06
153 -0.08
154 -0.13
155 -0.07
156 -0.09
157 -0.03
158 -0.03
159 -0.05
160 -0.01
161 -0.01
162 -0.09
163 -0.10
164 -0.01
165 -0.03
166 -0.04
167 -0.06
168 -0.09
169 -0.08
170 -0.10
171 -0.08
172 -0.10
173 -0.08
174 -0.12
175 -0.04
176 -0.08
177 -0.18
178 -0.10
179 -0.08
180 -0.06
181 -0.10
182 -0.06
183 -0.09
184 -0.08
185 -0.06
186 -0.05
187 -0.11
188 -0.08
189 -0.07
190 -0.08
191 -0.05
192 -0.07
193 -0.11
194 -0.09
195 -0.06
196 -0.10
197 -0.05
198 -0.07
199 -0.10
200 -0.19
201 -0.18
202 -0.14
203 -0.14
204 -0.13
205 -0.14
206 -0.14
207 -0.08
208 -0.14
209 -0.12
210 -0.08
211 -0.10
212 -0.04
213 -0.07
214 -0.05
215 -0.03
216 -0.15
217 -0.03
218 -0.14
219 -0.07
220 0.00
221 0.00
222 0.01
223 0.09
224 -0.04
225 -0.08
226 -0.02
227 -0.10
228 -0.07
229 -0.07
230 0.01
231 -0.06
232 -0.00
233 0.02
234 0.02
235 -0.07
236 0.03
237 0.00
238 -0.03
239 0.02
240 -0.09
241 0.05
242 0.03
243 0.03
244 -0.03
245 -0.04
246 -0.00
247 -0.03
248 -0.01
249 0.05
250 -0.02
251 -0.06
252 -0.07
253 0.02
254 -0.02
255 0.00
256 -0.01
257 0.04
258 0.02
259 0.03
260 0.01
261 -0.04
262 0.00
263 0.03
264 0.05
265 -0.05
266 -0.04
267 0.02
268 -0.12
269 -0.05
270 -0.01
271 -0.03
272 -0.06
273 -0.04
274 -0.02
275 0.03
276 -0.02
277 0.02
278 0.01
279 0.07
280 -0.04
281 -0.00
282 0.03
283 -0.01
284 0.02
285 -0.02
286 -0.03
287 0.05
288 -0.07
289 -0.00
290 0.01
291 0.05
292 0.04
293 0.03
294 -0.05
295 -0.01
296 -0.01
297 -0.02
298 0.03
299 -0.01
300 0.02
301 0.05
302 0.04
303 0.00
304 -0.02
305 -0.00
306 0.04
307 0.05
308 -0.06
309 0.08
310 -0.01
311 -0.04
312 0.01
313 0.06
314 0.01
315 -0.03
316 0.05
317 0.09
318 -0.02
319 -0.03
320 -0.04
321 0.04
322 -0.01
323 -0.02
324 0.06
325 -0.01
326 -0.07
327 0.03
328 -0.00
329 -0.00
330 0.06
331 0.02
332 0.03
333 0.05
334 0.02
335 0.02
336 -0.00
337 0.00
338 0.05
339 -0.04
340 -0.04
341 0.04
342 -0.03
343 -0.01
344 0.02
345 0.01
346 0.01
347 0.02
348 0.07
349 -0.02
350 0.05
351 0.07
352 0.04
353 0.05
354 0.07
355 -0.01
356 0.03
357 0.04
358 -0.03
359 0.01
360 -0.01
361 0.06
362 0.02
363 -0.02
364 0.02
365 -0.03
366 0.05
367 0.01
368 0.02
369 0.01
370 -0.06
371 -0.01
372 0.02
373 0.03
374 0.05
375 -0.03
376 -0.14
377 0.01
378 0.03
379 -0.03
380 -0.06
381 -0.10
382 -0.05
383 -0.08
384 -0.02
385 0.00
386 0.00
387 -0.01
388 -0.05
389 -0.02
390 -0.01
391 -0.04
392 -0.04
393 -0.03
394 -0.02
395 -0.02
396 0.01
397 0.05
398 -0.05
399 0.01
400 0.06
401 -0.04
402 -0.07
403 -0.02
404 -0.05
405 -0.10
406 -0.06
407 0.05
408 0.10
409 -0.07
410 0.05
411 -0.00
412 0.10
413 0.02
414 0.09
415 0.02
416 0.18
417 -0.06
418 0.04
419 0.15
420 -0.03
421 0.06
422 0.01
423 0.03
424 0.08
425 0.06
426 -0.06
427 0.06
428 0.10
429 0.09
430 0.07
431 -0.03
432 -0.00
433 -0.03
434 0.01
435 0.01
436 -0.05
437 0.01
438 -0.02
439 -0.09
440 -0.05
441 -0.02
442 -0.07
443 0.02
444 -0.01
445 0.05
446 -0.04
447 -0.05
448 -0.01
449 -0.04
450 -0.01
451 -0.04
452 -0.03
453 -0.02
454 -0.00
455 0.05
456 0.02
457 0.10
458 -0.09
459 -0.06
460 0.07
461 0.04
462 -0.04
463 0.04
464 -0.01
465 -0.03
466 -0.11
467 0.03
468 0.06
469 0.07
470 0.08
471 -0.04
472 0.05
473 0.03
474 0.06
475 -0.05
476 -0.07
477 0.02
478 0.03
479 -0.05
480 -0.01
481 0.05
482 0.05
483 0.01
484 0.10
485 0.08
486 0.10
487 0.15
488 0.06
489 0.02
490 0.05
491 0.07
492 0.06
493 0.00
494 0.06
495 0.07
496 0.13
497 0.07
498 0.06
499 0.06
500 -0.03
501 0.05
502 0.02
503 0.02
504 0.04
505 0.04
506 0.02
507 0.03
508 0.10
509 -0.03
510 0.06
511 -0.01
512 0.10
513 0.09
514 0.10
515 0.06
516 0.05
517 0.03
518 0.04
519 0.06
520 0.03
521 0.01
522 0.03
523 0.05
524 -0.02
525 0.03
526 0.10
527 0.05
528 0.02
529 0.07
530 0.01
531 -0.05
532 0.01
533 0.05
534 0.01
535 0.04
536 0.04
537 0.06
538 0.04
539 0.07
540 0.01
541 0.08
542 0.01
543 -0.03
544 -0.00
545 0.03
546 0.00
547 0.02
548 0.03
549 0.07
550 -0.04
551 0.13
552 0.13
553 0.16
554 0.12
555 0.04
556 0.00
557 -0.01
558 0.05
559 0.05
560 -0.04
561 0.05
562 0.08
563 0.07
564 -0.00
565 0.02
566 0.05
567 0.03
568 0.01
569 0.01
570 0.06
571 0.01
572 0.11
573 0.08
574 0.02
575 -0.02
576 0.04
577 0.09
578 0.04
579 0.16
580 0.01
581 0.10
582 -0.02
583 0.07
584 -0.06
585 0.06
586 0.02
587 0.08
588 0.03
589 0.03
590 -0.01
591 0.05
592 0.02
593 -0.00
594 0.05
595 0.00
596 0.09
597 -0.00
598 0.04
599 -0.01
600 0.06
601 0.14
602 0.10
603 0.09
604 0.10
605 0.19
606 0.14
607 0.18
608 0.10
609 0.12
610 0.10
611 0.24
612 0.13
613 0.18
614 0.18
615 0.12
616 0.08
617 0.13
618 0.18
619 0.03
620 0.14
621 0.11
622 0.27
623 0.11
624 0.12
625 0.11
626 0.13
627 0.17
628 0.15
629 0.21
630 0.08
631 0.09
632 0.09
633 0.15
634 0.21
635 0.18
636 0.15
637 0.06
638 0.06
639 0.15
640 0.10
641 0.05
642 0.13
643 0.11
644 0.17
645 0.12
646 0.11
647 0.11
648 0.05
649 0.06
650 0.11
651 0.04
652 0.06
653 0.13
654 0.05
655 0.12
656 0.13
657 0.10
658 0.07
659 0.14
660 0.12
661 0.06
662 0.04
663 0.17
664 0.04
665 0.08
666 -0.02
667 0.08
668 0.09
669 0.15
670 0.13
671 0.02
672 0.09
673 0.15
674 0.02
675 0.07
676 0.05
677 0.08
678 -0.01
679 0.11
680 0.05
681 -0.02
682 0.14
683 0.13
684 0.13
685 0.01
686 0.05
687 0.14
688 0.15
689 0.11
690 0.07
691 0.02
692 0.11
693 0.13
694 0.14
695 0.07
696 0.11
697 0.05
698 0.01
699 0.13
700 0.09
701 0.11
702 0.05
703 0.10
704 0.07
705 0.05
706 0.00
707 0.06
708 0.04
709 0.12
710 0.06
711 0.08
712 0.02
713 0.00
714 0.02
715 0.08
716 -0.00
717 0.13
718 0.06
719 0.11
720 0.13
721 -0.04
722 0.08
723 0.20
724 0.05
725 0.03
726 -0.03
727 0.03
728 0.05
729 0.10
730 0.06
731 0.08
732 0.03
733 0.09
734 0.15
735 0.06
736 0.17
737 -0.00
738 0.10
739 0.11
740 0.04
741 0.15
742 0.08
743 0.03
744 0.06
745 0.02
746 0.05
747 0.11
748 0.07
749 0.04
750 0.11
751 0.13
752 0.08
753 0.08
754 0.11
755 0.14
756 0.16
757 0.14
758 0.13
759 0.15
760 0.03
761 0.17
762 0.11
763 0.03
764 0.19
765 0.06
766 0.17
767 0.11
768 0.17
769 0.17
770 0.06
771 0.15
772 0.12
773 0.15
774 0.13
775 0.14
776 0.16
777 0.20
778 0.04
779 0.10
780 0.10
781 0.15
782 0.01
783 0.14
784 0.07
785 0.08
786 0.11
787 0.05
788 0.18
789 0.13
790 0.05
791 0.09
792 0.08
793 0.13
794 0.17
795 0.14
796 0.14
797 0.07
798 0.08
799 0.14
800 0.27
801 0.27
802 0.21
803 0.28
804 0.26
805 0.21
806 0.27
807 0.25
808 0.16
809 0.23
810 0.24
811 0.24
812 0.21
813 0.24
814 0.24
815 0.17
816 0.21
817 0.21
818 0.21
819 0.18
820 0.24
821 0.11
822 0.22
823 0.17
824 0.19
825 0.21
826 0.15
827 0.22
828 0.22
829 0.25
830 0.21
831 0.13
832 0.13
833 0.22
834 0.17
835 0.24
836 0.19
837 0.25
838 0.17
839 0.21
840 0.19
841 0.17
842 0.28
843 0.23
844 0.30
845 0.18
846 0.22
847 0.26
848 0.20
849 0.20
850 0.24
851 0.24
852 0.25
853 0.22
854 0.21
855 0.20
856 0.27
857 0.19
858 0.25
859 0.28
860 0.20
861 0.18
862 0.14
863 0.25
864 0.16
865 0.23
866 0.13
867 0.21
868 0.15
869 0.14
870 0.22
871 0.23
872 0.19
873 0.26
874 0.24
875 0.26
876 0.28
877 0.28
878 0.31
879 0.27
880 0.15
881 0.24
882 0.16
883 0.15
884 0.22
885 0.24
886 0.20
887 0.27
888 0.22
889 0.22
890 0.22
891 0.21
892 0.24
893 0.23
894 0.27
895 0.27
896 0.17
897 0.21
898 0.14
899 0.20
900 0.25
901 0.22
902 0.20
903 0.21
904 0.26
905 0.28
906 0.26
907 0.19
908 0.23
909 0.23
910 0.27
911 0.24
912 0.30
913 0.33
914 0.29
915 0.19
916 0.23
917 0.26
918 0.24
919 0.21
920 0.18
921 0.24
922 0.25
923 0.21
924 0.22
925 0.24
926 0.25
927 0.24
928 0.28
929 0.25
930 0.25
931 0.18
932 0.14
933 0.24
934 0.21
935 0.17
936 0.24
937 0.21
938 0.22
939 0.29
940 0.26
941 0.22
942 0.17
943 0.21
944 0.17
945 0.28
946 0.14
947 0.24
948 0.26
949 0.22
950 0.18
951 0.24
952 0.27
953 0.17
954 0.20
955 0.19
956 0.23
957 0.25
958 0.26
959 0.19
960 0.21
961 0.25
962 0.27
963 0.16
964 0.24
965 0.20
966 0.24
967 0.26
968 0.24
969 0.23
970 0.17
971 0.23
972 0.31
973 0.23
974 0.24
975 0.19
976 0.18
977 0.24
978 0.21
979 0.16
980 0.24
981 0.18
982 0.25
983 0.29
984 0.22
985 0.18
986 0.17
987 0.27
988 0.24
989 0.22
990 0.24
991 0.20
992 0.17
993 0.20
994 0.25
995 0.21
996 0.27
997 0.25
998 0.25
999 0.22
1000 0.24
1001 0.29
1002 0.21
1003 0.22
1004 0.26
1005 0.28
1006 0.19
1007 0.22
1008 0.29
1009 0.21
1010 0.22
1011 0.25
1012 0.29
1013 0.23
1014 0.26
1015 0.23
1016 0.27
1017 0.26
1018 0.21
1019 0.30
1020 0.32
1021 0.32
1022 0.25
1023 0.24
1024 0.18
1025 0.27
1026 0.27
1027 0.28
1028 0.25
1029 0.22
1030 0.20
1031 0.23
1032 0.27
1033 0.27
1034 0.23
1035 0.28
1036 0.24
1037 0.31
1038 0.16
1039 0.26
1040 0.20
1041 0.27
1042 0.26
1043 0.23
1044 0.24
1045 0.33
1046 0.25
1047 0.26
1048 0.25
1049 0.29
1050 0.26
1051 0.28
1052 0.32
1053 0.32
1054 0.23
1055 0.21
1056 0.27
1057 0.27
1058 0.28
1059 0.26
1060 0.26
1061 0.26
1062 0.26
1063 0.26
1064 0.25
1065 0.23
1066 0.32
1067 0.24
1068 0.17
1069 0.27
1070 0.22
1071 0.19
1072 0.24
1073 0.30
1074 0.29
1075 0.20
1076 0.29
1077 0.30
1078 0.18
1079 0.23
1080 0.24
1081 0.27
1082 0.23
1083 0.25
1084 0.24
1085 0.14
1086 0.20
1087 0.24
1088 0.23
1089 0.18
1090 0.29
1091 0.18
1092 0.23
1093 0.26
1094 0.26
1095 0.21
1096 0.28
1097 0.15
1098 0.30
1099 0.24
1100 0.16
1101 0.27
1102 0.22
1103 0.24
1104 0.21
1105 0.26
1106 0.14
1107 0.28
1108 0.25
1109 0.27
1110 0.25
1111 0.25
1112 0.24
1113 0.26
1114 0.27
1115 0.26
1116 0.27
1117 0.20
1118 0.27
1119 0.29
1120 0.32
1121 0.26
1122 0.20
1123 0.23
1124 0.23
1125 0.24
1126 0.28
1127 0.22
1128 0.16
1129 0.21
1130 0.25
1131 0.18
1132 0.26
1133 0.23
1134 0.29
1135 0.26
1136 0.17
1137 0.31
1138 0.29
1139 0.26
1140 0.24
1141 0.23
1142 0.25
1143 0.21
1144 0.33
1145 0.20
1146 0.22
1147 0.23
1148 0.25
1149 0.28
1150 0.21
1151 0.23
1152 0.25
1153 0.22
1154 0.24
1155 0.26
1156 0.21
1157 0.26
1158 0.29
1159 0.26
1160 0.25
1161 0.27
1162 0.28
1163 0.27
1164 0.28
1165 0.31
1166 0.23
1167 0.33
1168 0.26
1169 0.28
1170 0.26
1171 0.27
1172 0.25
1173 0.28
1174 0.28
1175 0.24
1176 0.17
1177 0.23
1178 0.29
1179 0.29
1180 0.26
1181 0.29
1182 0.29
1183 0.29
1184 0.26
1185 0.31
1186 0.25
1187 0.25
1188 0.20
1189 0.33
1190 0.23
1191 0.25
1192 0.23
1193 0.21
1194 0.26
1195 0.27
1196 0.24
1197 0.23
1198 0.24
1199 0.22
1200 0.25
1201 0.26
1202 0.25
1203 0.25
1204 0.28
1205 0.28
1206 0.27
1207 0.31
1208 0.35
1209 0.36
1210 0.27
1211 0.27
1212 0.27
1213 0.28
1214 0.21
1215 0.32
1216 0.24
1217 0.26
1218 0.34
1219 0.31
1220 0.14
1221 0.22
1222 0.23
1223 0.30
1224 0.31
1225 0.23
1226 0.29
1227 0.36
1228 0.25
1229 0.31
1230 0.28
1231 0.28
1232 0.20
1233 0.22
1234 0.31
1235 0.36
1236 0.26
1237 0.24
1238 0.14
1239 0.28
1240 0.26
1241 0.27
1242 0.26
1243 0.32
1244 0.32
1245 0.18
1246 0.26
1247 0.31
1248 0.24
1249 0.26
1250 0.23
1251 0.29
1252 0.28
1253 0.16
1254 0.22
1255 0.24
1256 0.22
1257 0.25
1258 0.32
1259 0.30
1260 0.27
1261 0.24
1262 0.25
1263 0.21
1264 0.28
1265 0.32
1266 0.25
1267 0.19
1268 0.32
1269 0.32
1270 0.25
1271 0.31
1272 0.21
1273 0.25
1274 0.22
1275 0.25
1276 0.24
1277 0.23
1278 0.24
1279 0.30
1280 0.34
1281 0.31
1282 0.18
1283 0.17
1284 0.18
1285 0.28
1286 0.22
1287 0.16
1288 0.25
1289 0.25
1290 0.22
1291 0.24
1292 0.24
1293 0.22
1294 0.17
1295 0.26
1296 0.22
1297 0.21
1298 0.28
1299 0.31
1300 0.16
1301 0.20
1302 0.22
1303 0.28
1304 0.27
1305 0.32
1306 0.31
1307 0.19
1308 0.24
1309 0.29
1310 0.26
1311 0.25
1312 0.19
1313 0.22
1314 0.22
1315 0.23
1316 0.30
1317 0.23
1318 0.16
1319 0.28
1320 0.31
1321 0.25
1322 0.20
1323 0.27
1324 0.29
1325 0.27
1326 0.24
1327 0.16
1328 0.26
1329 0.26
1330 0.12
1331 0.24
1332 0.22
1333 0.27
1334 0.33
1335 0.21
1336 0.21
1337 0.29
1338 0.14
1339 0.20
1340 0.25
1341 0.26
1342 0.20
1343 0.22
1344 0.20
1345 0.29
1346 0.29
1347 0.29
1348 0.23
1349 0.22
1350 0.18
1351 0.23
1352 0.29
1353 0.26
1354 0.22
1355 0.26
1356 0.23
1357 0.22
1358 0.24
1359 0.25
1360 0.23
1361 0.23
1362 0.22
1363 0.27
1364 0.24
1365 0.25
1366 0.16
1367 0.29
1368 0.21
1369 0.18
1370 0.22
1371 0.28
1372 0.22
1373 0.18
1374 0.19
1375 0.29
1376 0.25
1377 0.15
1378 0.22
1379 0.26
1380 0.19
1381 0.19
1382 0.26
1383 0.30
1384 0.25
1385 0.25
1386 0.25
1387 0.22
1388 0.28
1389 0.28
1390 0.19
1391 0.23
1392 0.20
1393 0.30
1394 0.25
1395 0.26
1396 0.24
1397 0.25
1398 0.26
1399 0.23
1400 0.29
1401 0.31
1402 0.23
1403 0.27
1404 0.28
1405 0.19
1406 0.31
1407 0.25
1408 0.27
1409 0.31
1410 0.23
1411 0.23
1412 0.28
1413 0.22
1414 0.25
1415 0.25
1416 0.30
1417 0.11
1418 0.32
1419 0.30
1420 0.27
1421 0.24
1422 0.23
1423 0.27
1424 0.24
1425 0.24
1426 0.20
1427 0.31
1428 0.31
1429 0.21
1430 0.20
1431 0.32
1432 0.17
1433 0.33
1434 0.19
1435 0.28
1436 0.26
1437 0.28
1438 0.25
1439 0.31
1440 0.24
1441 0.25
1442 0.19
1443 0.28
1444 0.19
1445 0.31
1446 0.27
1447 0.23
1448 0.18
1449 0.25
1450 0.31
1451 0.26
1452 0.28
1453 0.25
1454 0.25
1455 0.21
1456 0.24
1457 0.22
1458 0.27
1459 0.18
1460 0.21
1461 0.25
1462 0.30
1463 0.25
1464 0.29
1465 0.20
1466 0.23
1467 0.19
1468 0.28
1469 0.23
1470 0.27
1471 0.24
1472 0.29
1473 0.30
1474 0.28
1475 0.21
1476 0.27
1477 0.18
1478 0.27
1479 0.23
1480 0.21
1481 0.29
1482 0.30
1483 0.22
1484 0.29
1485 0.22
1486 0.25
1487 0.19
1488 0.27
1489 0.23
1490 0.18
1491 0.23
1492 0.22
1493 0.25
1494 0.29
1495 0.23
1496 0.30
1497 0.24
1498 0.25
1499 0.25
1500 0.29
1501 0.25
1502 0.23
1503 0.27
1504 0.19
1505 0.28
1506 0.22
1507 0.23
1508 0.22
1509 0.24
1510 0.14
1511 0.24
1512 0.24
1513 0.22
1514 0.19
1515 0.20
1516 0.29
1517 0.29
1518 0.17
1519 0.19
1520 0.24
1521 0.27
1522 0.18
1523 0.24
1524 0.25
1525 0.22
1526 0.34
1527 0.26
1528 0.29
1529 0.31
1530 0.24
1531 0.23
1532 0.29
1533 0.25
1534 0.29
1535 0.28
1536 0.23
1537 0.29
1538 0.22
1539 0.20
1540 0.30
1541 0.25
1542 0.28
1543 0.28
1544 0.28
1545 0.20
1546 0.26
1547 0.24
1548 0.26
1549 0.27
1550 0.20
1551 0.20
1552 0.25
1553 0.22
1554 0.23
1555 0.25
1556 0.19
1557 0.28
1558 0.24
1559 0.21
1560 0.32
1561 0.25
1562 0.19
1563 0.28
1564 0.28
1565 0.27
1566 0.24
1567 0.22
1568 0.33
1569 0.26
1570 0.17
1571 0.31
1572 0.19
1573 0.29
1574 0.27
1575 0.26
1576 0.28
1577 0.26
1578 0.24
1579 0.29
1580 0.27
1581 0.24
1582 0.26
1583 0.24
1584 0.24
1585 0.24
1586 0.34
1587 0.28
1588 0.19
1589 0.22
1590 0.20
1591 0.34
1592 0.34
1593 0.23
1594 0.20
1595 0.23
1596 0.21
1597 0.18
1598 0.21
1599 0.23
1600 0.33
1601 0.33
1602 0.24
1603 0.23
1604 0.15
1605 0.31
1606 0.29
1607 0.23
1608 0.27
1609 0.26
1610 0.21
1611 0.31
1612 0.17
1613 0.28
1614 0.20
1615 0.27
1616 0.24
1617 0.31
1618 0.28
1619 0.19
1620 0.25
1621 0.19
1622 0.18
1623 0.19
1624 0.18
1625 0.19
1626 0.23
1627 0.23
1628 0.09
1629 0.18
1630 0.16
1631 0.27
1632 0.25
1633 0.22
1634 0.20
1635 0.21
1636 0.20
1637 0.17
1638 0.21
1639 0.27
1640 0.19
1641 0.25
1642 0.28
1643 0.24
1644 0.18
1645 0.22
1646 0.17
1647 0.18
1648 0.26
1649 0.29
1650 0.18
1651 0.25
1652 0.24
1653 0.26
1654 0.25
1655 0.23
1656 0.30
1657 0.22
1658 0.22
1659 0.26
1660 0.19
1661 0.24
1662 0.13
1663 0.20
1664 0.22
1665 0.29
1666 0.24
1667 0.24
1668 0.26
1669 0.26
1670 0.25
1671 0.23
1672 0.17
1673 0.22
1674 0.22
1675 0.20
1676 0.16
1677 0.25
1678 0.22
1679 0.23
1680 0.17
1681 0.29
1682 0.20
1683 0.26
1684 0.21
1685 0.20
1686 0.24
1687 0.17
1688 0.25
1689 0.21
1690 0.24
1691 0.23
1692 0.19
1693 0.22
1694 0.19
1695 0.23
1696 0.24
1697 0.21
1698 0.15
1699 0.19
1700 0.27
1701 0.25
1702 0.28
1703 0.30
1704 0.25
1705 0.29
1706 0.26
1707 0.26
1708 0.23
1709 0.22
1710 0.20
1711 0.26
1712 0.21
1713 0.30
1714 0.28
1715 0.25
1716 0.21
1717 0.26
1718 0.26
1719 0.27
1720 0.10
1721 0.29
1722 0.19
1723 0.28
1724 0.28
1725 0.24
1726 0.30
1727 0.24
1728 0.22
1729 0.30
1730 0.28
1731 0.27
1732 0.16
1733 0.25
1734 0.25
1735 0.27
1736 0.26
1737 0.21
1738 0.26
1739 0.11
1740 0.23
1741 0.28
1742 0.24
1743 0.31
1744 0.23
1745 0.24
1746 0.24
1747 0.34
1748 0.22
1749 0.28
1750 0.33
1751 0.26
1752 0.26
1753 0.26
1754 0.23
1755 0.21
1756 0.26
1757 0.20
1758 0.20
1759 0.22
1760 0.26
1761 0.22
1762 0.20
1763 0.25
1764 0.20
1765 0.23
1766 0.16
1767 0.18
1768 0.23
1769 0.21
1770 0.27
1771 0.26
1772 0.31
1773 0.29
1774 0.21
1775 0.17
1776 0.18
1777 0.22
1778 0.22
1779 0.18
1780 0.19
1781 0.25
1782 0.26
1783 0.20
1784 0.25
1785 0.26
1786 0.26
1787 0.25
1788 0.18
1789 0.20
1790 0.25
1791 0.28
1792 0.23
1793 0.29
1794 0.24
1795 0.27
1796 0.23
1797 0.25
1798 0.23
1799 0.24
1800 0.26
1801 0.30
1802 0.27
1803 0.29
1804 0.30
1805 0.28
1806 0.27
1807 0.24
1808 0.25
1809 0.26
1810 0.29
1811 0.22
1812 0.29
1813 0.21
1814 0.28
1815 0.20
1816 0.31
1817 0.27
1818 0.25
1819 0.28
1820 0.30
1821 0.37
1822 0.35
1823 0.20
1824 0.20
1825 0.29
1826 0.26
1827 0.26
1828 0.34
1829 0.22
1830 0.20
1831 0.23
1832 0.29
1833 0.29
1834 0.16
1835 0.28
1836 0.23
1837 0.23
1838 0.29
1839 0.20
1840 0.23
1841 0.31
1842 0.21
1843 0.32
1844 0.25
1845 0.18
1846 0.25
1847 0.25
1848 0.22
1849 0.21
1850 0.30
1851 0.25
1852 0.25
1853 0.27
1854 0.23
1855 0.18
1856 0.26
1857 0.25
1858 0.31
1859 0.27
1860 0.29
1861 0.28
1862 0.28
1863 0.31
1864 0.20
1865 0.22
1866 0.17
1867 0.27
1868 0.33
1869 0.20
1870 0.22
1871 0.27
1872 0.27
1873 0.25
1874 0.30
1875 0.22
1876 0.25
1877 0.33
1878 0.30
1879 0.09
1880 0.28
1881 0.24
1882 0.25
1883 0.34
1884 0.27
1885 0.28
1886 0.24
1887 0.24
1888 0.32
1889 0.24
1890 0.24
1891 0.26
1892 0.31
1893 0.24
1894 0.30
1895 0.24
1896 0.26
1897 0.29
1898 0.29
1899 0.30
1900 0.29
1901 0.26
1902 0.26
1903 0.25
1904 0.22
1905 0.23
1906 0.25
1907 0.25
1908 0.26
1909 0.26
1910 0.24
1911 0.24
1912 0.29
1913 0.24
1914 0.32
1915 0.26
1916 0.19
1917 0.21
1918 0.27
1919 0.25
1920 0.25
1921 0.24
1922 0.28
1923 0.19
1924 0.25
1925 0.28
1926 0.27
1927 0.28
1928 0.27
1929 0.30
1930 0.28
1931 0.20
1932 0.28
1933 0.13
1934 0.22
1935 0.32
1936 0.25
1937 0.23
1938 0.28
1939 0.29
1940 0.24
1941 0.25
1942 0.21
1943 0.24
1944 0.28
1945 0.23
1946 0.27
1947 0.24
1948 0.30
1949 0.36
1950 0.21
1951 0.20
1952 0.33
1953 0.37
1954 0.21
1955 0.22
1956 0.28
1957 0.28
1958 0.22
1959 0.23
1960 0.23
1961 0.30
1962 0.29
1963 0.26
1964 0.30
1965 0.33
1966 0.37
1967 0.26
1968 0.26
1969 0.23
1970 0.12
1971 0.25
1972 0.23
1973 0.29
1974 0.22
1975 0.23
1976 0.21
1977 0.26
1978 0.23
1979 0.25
1980 0.31
1981 0.16
1982 0.34
1983 0.33
1984 0.27
1985 0.28
1986 0.16
1987 0.23
1988 0.28
1989 0.22
1990 0.35
1991 0.27
1992 0.21
1993 0.19
1994 0.28
1995 0.28
1996 0.31
1997 0.27
1998 0.24
1999 0.28
2000 0.30
2001 0.30
2002 0.22
2003 0.20
2004 0.31
2005 0.39
2006 0.32
2007 0.32
2008 0.32
2009 0.21
2010 0.21
2011 0.26
2012 0.23
2013 0.35
2014 0.25
2015 0.27
2016 0.18
2017 0.32
2018 0.24
2019 0.17
2020 0.30
2021 0.30
2022 0.35
2023 0.32
2024 0.26
2025 0.23
2026 0.37
2027 0.28
2028 0.31
2029 0.28
2030 0.32
2031 0.33
2032 0.29
2033 0.25
2034 0.24
2035 0.32
2036 0.19
2037 0.31
2038 0.27
2039 0.25
2040 0.29
2041 0.33
2042 0.32
2043 0.31
2044 0.38
2045 0.21
2046 0.30
2047 0.29
2048 0.33
2049 0.21
2050 0.31
2051 0.21
2052 0.30
2053 0.31
2054 0.34
2055 0.28
2056 0.16
2057 0.21
2058 0.33
2059 0.29
2060 0.36
2061 0.17
2062 0.35
2063 0.33
2064 0.24
2065 0.29
2066 0.31
2067 0.28
2068 0.22
2069 0.26
2070 0.23
2071 0.22
2072 0.32
2073 0.28
2074 0.34
2075 0.32
2076 0.35
2077 0.36
2078 0.32
2079 0.27
2080 0.20
2081 0.26
2082 0.32
2083 0.19
2084 0.38
2085 0.37
2086 0.24
2087 0.26
2088 0.24
2089 0.33
2090 0.32
2091 0.32
2092 0.34
2093 0.26
2094 0.25
2095 0.22
2096 0.32
2097 0.38
2098 0.32
2099 0.30
2100 0.31
2101 0.28
2102 0.29
2103 0.31
2104 0.19
2105 0.25
2106 0.33
2107 0.26
2108 0.31
2109 0.24
2110 0.33
2111 0.33
2112 0.30
2113 0.34
2114 0.28
2115 0.31
2116 0.24
2117 0.31
2118 0.23
2119 0.25
2120 0.26
2121 0.28
2122 0.29
2123 0.33
2124 0.32
2125 0.31
2126 0.34
2127 0.19
2128 0.21
2129 0.29
2130 0.37
2131 0.29
2132 0.26
2133 0.27
2134 0.31
2135 0.30
2136 0.22
2137 0.23
2138 0.24
2139 0.31
2140 0.32
2141 0.21
2142 0.27
2143 0.28
2144 0.34
2145 0.30
2146 0.22
2147 0.31
2148 0.31
2149 0.23
2150 0.39
2151 0.31
2152 0.32
2153 0.23
2154 0.17
2155 0.27
2156 0.25
2157 0.30
2158 0.24
2159 0.32
2160 0.24
2161 0.31
2162 0.26
2163 0.33
2164 0.26
2165 0.29
2166 0.32
2167 0.34
2168 0.32
2169 0.26
2170 0.29
2171 0.26
2172 0.24
2173 0.26
2174 0.34
2175 0.27
2176 0.32
2177 0.30
2178 0.37
2179 0.26
2180 0.27
2181 0.34
2182 0.30
2183 0.32
2184 0.33
2185 0.26
2186 0.30
2187 0.34
2188 0.37
2189 0.29
2190 0.30
2191 0.34
2192 0.28
2193 0.31
2194 0.24
2195 0.24
2196 0.19
2197 0.35
2198 0.31
2199 0.26
2200 0.23
2201 0.44
2202 0.31
2203 0.32
2204 0.30
2205 0.31
2206 0.31
2207 0.34
2208 0.34
2209 0.35
2210 0.34
2211 0.35
2212 0.32
2213 0.18
2214 0.29
2215 0.41
2216 0.27
2217 0.33
2218 0.36
2219 0.35
2220 0.29
2221 0.28
2222 0.37
2223 0.37
2224 0.32
2225 0.34
2226 0.29
2227 0.32
2228 0.33
2229 0.14
2230 0.37
2231 0.33
2232 0.31
2233 0.31
2234 0.37
2235 0.29
2236 0.29
2237 0.29
2238 0.34
2239 0.26
2240 0.31
2241 0.28
2242 0.30
2243 0.34
2244 0.35
2245 0.28
2246 0.29
2247 0.20
2248 0.33
2249 0.32
2250 0.29
2251 0.26
2252 0.29
2253 0.31
2254 0.30
2255 0.24
2256 0.21
2257 0.28
2258 0.24
2259 0.13
2260 0.33
2261 0.32
2262 0.32
2263 0.30
2264 0.27
2265 0.34
2266 0.29
2267 0.27
2268 0.19
2269 0.26
2270 0.31
2271 0.32
2272 0.29
2273 0.36
2274 0.29
2275 0.24
2276 0.31
2277 0.35
2278 0.22
2279 0.26
2280 0.31
2281 0.38
2282 0.25
2283 0.39
2284 0.31
2285 0.28
2286 0.29
2287 0.23
2288 0.22
2289 0.30
2290 0.32
2291 0.40
2292 0.28
2293 0.32
2294 0.17
2295 0.28
2296 0.17
2297 0.33
2298 0.30
2299 0.30
2300 0.27
2301 0.35
2302 0.31
2303 0.25
2304 0.23
2305 0.29
2306 0.29
2307 0.26
2308 0.26
2309 0.26
2310 0.24
2311 0.34
2312 0.39
2313 0.27
2314 0.26
2315 0.24
2316 0.24
2317 0.34
2318 0.30
2319 0.32
2320 0.36
2321 0.22
2322 0.30
2323 0.29
2324 0.35
2325 0.29
2326 0.33
2327 0.23
2328 0.35
2329 0.28
2330 0.32
2331 0.24
2332 0.30
2333 0.38
2334 0.30
2335 0.33
2336 0.26
2337 0.35
2338 0.36
2339 0.32
2340 0.34
2341 0.29
2342 0.26
2343 0.29
2344 0.30
2345 0.37
2346 0.17
2347 0.29
2348 0.32
2349 0.31
2350 0.41
2351 0.34
2352 0.23
2353 0.33
2354 0.27
2355 0.31
2356 0.32
2357 0.32
2358 0.28
2359 0.31
2360 0.28
2361 0.27
2362 0.31
2363 0.36
2364 0.26
2365 0.32
2366 0.28
2367 0.35
2368 0.28
2369 0.31
2370 0.32
2371 0.38
2372 0.20
2373 0.31
2374 0.26
2375 0.36
2376 0.26
2377 0.25
2378 0.34
2379 0.23
2380 0.29
2381 0.36
2382 0.26
2383 0.28
2384 0.33
2385 0.35
2386 0.26
2387 0.24
2388 0.27
2389 0.33
2390 0.34
2391 0.35
2392 0.38
2393 0.25
2394 0.32
2395 0.27
2396 0.29
2397 0.31
2398 0.33
2399 0.32
2400 0.28
2401 0.38
2402 0.27
2403 0.32
2404 0.22
2405 0.27
2406 0.30
2407 0.31
2408 0.30
2409 0.24
2410 0.26
2411 0.27
2412 0.29
2413 0.31
2414 0.11
2415 0.29
2416 0.24
2417 0.33
2418 0.21
2419 0.32
2420 0.36
2421 0.38
2422 0.31
2423 0.31
2424 0.38
2425 0.30
2426 0.35
2427 0.21
2428 0.27
2429 0.22
2430 0.38
2431 0.32
2432 0.39
2433 0.25
2434 0.33
2435 0.32
2436 0.35
2437 0.35
2438 0.26
2439 0.23
2440 0.23
2441 0.30
2442 0.37
2443 0.30
2444 0.31
2445 0.19
2446 0.24
2447 0.30
2448 0.29
2449 0.34
2450 0.22
2451 0.29
2452 0.33
2453 0.28
2454 0.30
2455 0.21
2456 0.32
2457 0.30
2458 0.26
2459 0.38
2460 0.32
2461 0.18
2462 0.32
2463 0.29
2464 0.41
2465 0.27
2466 0.27
2467 0.26
2468 0.24
2469 0.32
2470 0.30
2471 0.31
2472 0.29
2473 0.25
2474 0.25
2475 0.32
2476 0.37
2477 0.24
2478 0.27
2479 0.27
2480 0.36
2481 0.30
2482 0.28
2483 0.32
2484 0.33
2485 0.23
2486 0.39
2487 0.27
2488 0.36
2489 0.32
2490 0.32
2491 0.18
2492 0.35
2493 0.30
2494 0.31
2495 0.30
2496 0.31
2497 0.35
2498 0.20
2499 0.24
2500 0.26
2501 0.34
2502 0.29
2503 0.22
2504 0.39
2505 0.36
2506 0.29
2507 0.25
2508 0.23
2509 0.38
2510 0.27
2511 0.22
2512 0.26
2513 0.25
2514 0.32
2515 0.25
2516 0.29
2517 0.35
2518 0.35
2519 0.26
2520 0.28
2521 0.37
2522 0.33
2523 0.27
2524 0.29
2525 0.42
2526 0.30
2527 0.33
2528 0.29
2529 0.39
2530 0.28
2531 0.33
2532 0.23
2533 0.34
2534 0.36
2535 0.28
2536 0.31
2537 0.33
2538 0.34
2539 0.32
2540 0.34
2541 0.28
2542 0.25
2543 0.30
2544 0.30
2545 0.23
2546 0.39
2547 0.20
2548 0.35
2549 0.24
2550 0.35
2551 0.29
2552 0.32
2553 0.25
2554 0.28
2555 0.33
2556 0.32
2557 0.26
2558 0.36
2559 0.42
2560 0.28
2561 0.28
2562 0.30
2563 0.26
2564 0.29
2565 0.19
2566 0.32
2567 0.33
2568 0.30
2569 0.38
2570 0.17
2571 0.29
2572 0.33
2573 0.30
2574 0.19
2575 0.27
2576 0.31
2577 0.34
2578 0.21
2579 0.24
2580 0.28
2581 0.29
2582 0.31
2583 0.29
2584 0.26
2585 0.31
2586 0.34
2587 0.28
2588 0.31
2589 0.33
2590 0.27
2591 0.28
2592 0.18
2593 0.28
2594 0.28
2595 0.32
2596 0.25
2597 0.29
2598 0.25
2599 0.25
2600 0.38
2601 0.32
2602 0.30
2603 0.35
2604 0.32
2605 0.26
2606 0.33
2607 0.36
2608 0.32
2609 0.28
2610 0.31
2611 0.18
2612 0.39
2613 0.30
2614 0.18
2615 0.30
2616 0.34
2617 0.28
2618 0.25
2619 0.30
2620 0.23
2621 0.22
2622 0.29
2623 0.31
2624 0.27
2625 0.34
2626 0.30
2627 0.23
2628 0.17
2629 0.25
2630 0.26
2631 0.34
2632 0.27
2633 0.32
2634 0.34
2635 0.29
2636 0.24
2637 0.29
2638 0.30
2639 0.19
2640 0.23
2641 0.33
2642 0.17
2643 0.29
2644 0.23
2645 0.21
2646 0.18
2647 0.22
2648 0.28
2649 0.28
2650 0.20
2651 0.31
2652 0.34
2653 0.28
2654 0.20
2655 0.25
2656 0.22
2657 0.26
2658 0.30
2659 0.21
2660 0.27
2661 0.27
2662 0.25
2663 0.32
2664 0.39
2665 0.27
2666 0.23
2667 0.34
2668 0.25
2669 0.33
2670 0.25
2671 0.23
2672 0.24
2673 0.32
2674 0.34
2675 0.23
2676 0.31
2677 0.26
2678 0.31
2679 0.24
2680 0.23
2681 0.26
2682 0.33
2683 0.38
2684 0.32
2685 0.29
2686 0.20
2687 0.24
2688 0.35
2689 0.34
2690 0.33
2691 0.24
2692 0.30
2693 0.25
2694 0.14
2695 0.28
2696 0.34
2697 0.26
2698 0.31
2699 0.21
2700 0.28
2701 0.28
2702 0.26
2703 0.26
2704 0.31
2705 0.19
2706 0.28
2707 0.29
2708 0.19
2709 0.27
2710 0.29
2711 0.12
2712 0.29
2713 0.30
2714 0.30
2715 0.24
2716 0.23
2717 0.34
2718 0.28
2719 0.34
2720 0.28
2721 0.31
2722 0.28
2723 0.32
2724 0.35
2725 0.18
2726 0.29
2727 0.32
2728 0.31
2729 0.32
2730 0.25
2731 0.19
2732 0.22
2733 0.31
2734 0.21
2735 0.35
2736 0.21
2737 0.29
2738 0.20
2739 0.30
2740 0.28
2741 0.16
2742 0.34
2743 0.23
2744 0.31
2745 0.32
2746 0.19
2747 0.28
2748 0.29
2749 0.33
2750 0.29
2751 0.26
2752 0.27
2753 0.27
2754 0.20
2755 0.24
2756 0.26
2757 0.34
2758 0.33
2759 0.32
2760 0.31
2761 0.24
2762 0.28
2763 0.34
2764 0.29
2765 0.23
2766 0.32
2767 0.29
2768 0.21
2769 0.21
2770 0.26
2771 0.26
2772 0.31
2773 0.25
2774 0.29
2775 0.26
2776 0.20
2777 0.22
2778 0.34
2779 0.34
2780 0.31
2781 0.29
2782 0.23
2783 0.21
2784 0.37
2785 0.22
2786 0.31
2787 0.30
2788 0.30
2789 0.31
2790 0.24
2791 0.26
2792 0.28
2793 0.31
2794 0.26
2795 0.25
2796 0.32
2797 0.27
2798 0.32
2799 0.34
2800 0.28
2801 0.39
2802 0.37
2803 0.35
2804 0.38
2805 0.40
2806 0.37
2807 0.27
2808 0.37
2809 0.34
2810 0.36
2811 0.24
2812 0.32
2813 0.32
2814 0.32
2815 0.31
2816 0.36
2817 0.30
2818 0.27
2819 0.34
2820 0.33
2821 0.29
2822 0.36
2823 0.40
2824 0.30
2825 0.36
2826 0.23
2827 0.33
2828 0.32
2829 0.30
2830 0.31
2831 0.34
2832 0.32
2833 0.34
2834 0.31
2835 0.32
2836 0.29
2837 0.31
2838 0.23
2839 0.33
2840 0.28
2841 0.34
2842 0.30
2843 0.36
2844 0.37
2845 0.34
2846 0.32
2847 0.30
2848 0.33
2849 0.31
2850 0.32
2851 0.27
2852 0.34
2853 0.30
2854 0.20
2855 0.29
2856 0.26
2857 0.30
2858 0.31
2859 0.23
2860 0.40
2861 0.31
2862 0.30
2863 0.24
2864 0.22
2865 0.34
2866 0.32
2867 0.32
2868 0.28
2869 0.24
2870 0.28
2871 0.28
2872 0.26
2873 0.31
2874 0.26
2875 0.22
2876 0.33
2877 0.16
2878 0.31
2879 0.35
2880 0.23
2881 0.28
2882 0.31
2883 0.25
2884 0.33
2885 0.24
2886 0.29
2887 0.38
2888 0.20
2889 0.18
2890 0.32
2891 0.32
2892 0.24
2893 0.25
2894 0.25
2895 0.28
2896 0.31
2897 0.36
2898 0.29
2899 0.26
2900 0.24
2901 0.23
2902 0.24
2903 0.24
2904 0.31
2905 0.36
2906 0.27
2907 0.20
2908 0.30
2909 0.28
2910 0.28
2911 0.27
2912 0.32
2913 0.32
2914 0.28
2915 0.33
2916 0.24
2917 0.23
2918 0.27
2919 0.34
2920 0.32
2921 0.28
2922 0.27
2923 0.25
2924 0.24
2925 0.26
2926 0.36
2927 0.30
2928 0.31
2929 0.25
2930 0.34
2931 0.32
2932 0.33
2933 0.26
2934 0.30
2935 0.32
2936 0.39
2937 0.23
2938 0.23
2939 0.37
2940 0.26
2941 0.36
2942 0.28
2943 0.26
2944 0.27
2945 0.23
2946 0.23
2947 0.27
2948 0.25
2949 0.30
2950 0.32
2951 0.36
2952 0.28
2953 0.26
2954 0.36
2955 0.22
2956 0.37
2957 0.21
2958 0.31
2959 0.30
2960 0.16
2961 0.34
2962 0.36
2963 0.31
2964 0.27
2965 0.31
2966 0.40
2967 0.26
2968 0.35
2969 0.33
2970 0.31
2971 0.32
2972 0.35
2973 0.22
2974 0.24
2975 0.36
2976 0.29
2977 0.39
2978 0.25
2979 0.32
2980 0.36
2981 0.35
2982 0.31
2983 0.25
2984 0.35
2985 0.24
2986 0.28
2987 0.25
2988 0.20
2989 0.28
2990 0.29
2991 0.31
2992 0.28
2993 0.25
2994 0.28
2995 0.30
2996 0.31
2997 0.33
2998 0.31
2999 0.29
