0 -0.22
1 -0.24
2 -0.23
3 -0.23
4 -0.20
5 -0.19
6 -0.20
7 -0.21
8 -0.19
9 -0.18
10 -0.21
11 -0.21
12 -0.21
13 -0.17
14 -0.19
15 -0.19
16 -0.18
17 -0.16
18 -0.20
19 -0.20
20 -0.20
21 -0.20
22 -0.19
23 -0.21
24 -0.21
25 -0.19
26 -0.14
27 -0.18
28 -0.17
29 -0.20
30 -0.20
31 -0.20
32 -0.17
33 -0.18
34 -0.16
35 -0.19
36 -0.19
37 -0.16
38 -0.20
39 -0.17
40 -0.19
41 -0.18
42 -0.19
43 -0.18
44 -0.19
45 -0.15
46 -0.18
47 -0.18
48 -0.15
49 -0.20
50 -0.13
51 -0.18
52 -0.11
53 -0.17
54 -0.15
55 -0.14
56 -0.13
57 -0.13
58 -0.07
59 -0.13
60 -0.15
61 -0.09
62 -0.16
63 -0.15
64 -0.16
65 -0.15
66 -0.12
67 -0.10
68 -0.10
69 -0.08
70 -0.10
71 -0.09
72 -0.12
73 -0.12
74 -0.13
75 -0.13
76 -0.12
77 -0.08
78 -0.10
79 -0.13
80 -0.17
81 -0.17
82 -0.14
83 -0.15
84 -0.17
85 -0.18
86 -0.18
87 -0.16
88 -0.17
89 -0.19
90 -0.16
91 -0.15
92 -0.12
93 -0.12
94 -0.11
95 -0.13
96 -0.15
97 -0.16
98 -0.12
99 -0.16
100 -0.12
101 -0.11
102 -0.11
103 -0.12
104 -0.13
105 -0.11
106 -0.13
107 -0.12
108 -0.10
109 -0.17
110 -0.15
111 -0.10
112 -0.11
113 -0.15
114 -0.14
115 -0.14
116 -0.13
117 -0.16
118 -0.14
119 -0.20
120 -0.13
121 -0.11
122 -0.14
123 -0.13
124 -0.08
125 -0.10
126 -0.10
127 -0.11
128 -0.10
129 -0.05
130 -0.09
131 -0.06
132 -0.13
133 -0.12
134 -0.10
135 -0.13
136 -0.11
137 -0.10
138 -0.09
139 -0.05
140 -0.05
141 -0.07
142 -0.10
143 -0.02
144 -0.08
145 -0.06
146 -0.06
147 -0.04
148 -0.08
149 -0.10
150 -0.13
151 -0.08
152 -0.05
153 -0.07
154 -0.05
155 -0.08
156 -0.10
157 -0.10
158 -0.09
159 -0.06
160 -0.07
161 -0.06
162 -0.12
163 -0.05
164 -0.05
165 -0.11
166 -0.03
167 -0.09
168 -0.07
169 -0.11
170 -0.08
171 -0.04
172 -0.12
173 -0.15
174 -0.06
175 -0.12
176 -0.02
177 0.01
178 -0.00
179 -0.10
180 -0.12
181 -0.02
182 -0.09
183 -0.09
184 -0.04
185 -0.06
186 -0.09
187 -0.09
188 -0.10
189 -0.05
190 -0.06
191 -0.09
192 -0.11
193 -0.06
194 -0.10
195 -0.08
196 -0.04
197 -0.06
198 -0.13
199 -0.09
200 0.12
201 0.23
202 0.10
203 0.06
204 -0.10
205 -0.04
206 -0.12
207 -0.12
208 -0.13
209 -0.13
210 -0.19
211 -0.14
212 -0.17
213 -0.16
214 -0.14
215 -0.14
216 -0.15
217 -0.12
218 -0.17
219 -0.15
220 -0.13
221 -0.17
222 -0.13
223 -0.14
224 -0.14
225 -0.10
226 -0.11
227 -0.07
228 -0.14
229 -0.11
230 -0.13
231 -0.11
232 -0.10
233 -0.05
234 -0.09
235 -0.10
236 -0.10
237 -0.08
238 -0.11
239 -0.08
240 -0.11
241 -0.06
242 -0.06
243 -0.12
244 -0.07
245 -0.08
246 -0.05
247 -0.08
248 -0.08
249 -0.08
250 0.01
251 -0.09
252 -0.03
253 -0.10
254 -0.01
255 -0.10
256 0.03
257 -0.10
258 -0.01
259 -0.11
260 -0.02
261 0.03
262 -0.06
263 -0.00
264 -0.01
265 0.01
266 0.00
267 -0.08
268 -0.12
269 -0.06
270 -0.02
271 0.00
272 -0.04
273 0.00
274 -0.06
275 -0.02
276 -0.06
277 -0.13
278 -0.02
279 -0.07
280 -0.01
281 -0.09
282 -0.10
283 0.01
284 -0.10
285 0.02
286 0.02
287 -0.02
288 -0.02
289 -0.00
290 0.01
291 -0.05
292 0.00
293 -0.03
294 0.00
295 -0.01
296 -0.09
297 -0.03
298 -0.03
299 -0.03
300 0.03
301 -0.12
302 -0.00
303 0.01
304 -0.06
305 -0.09
306 0.04
307 -0.01
308 -0.04
309 0.09
310 -0.01
311 -0.05
312 -0.04
313 0.04
314 -0.06
315 0.00
316 -0.03
317 0.01
318 0.09
319 0.06
320 0.03
321 -0.01
322 -0.05
323 0.02
324 -0.01
325 0.01
326 -0.08
327 -0.03
328 0.01
329 0.05
330 -0.07
331 -0.03
332 -0.07
333 -0.01
334 -0.06
335 -0.03
336 0.02
337 0.00
338 -0.05
339 -0.04
340 -0.01
341 -0.02
342 -0.04
343 -0.03
344 0.00
345 -0.00
346 -0.02
347 0.03
348 -0.04
349 0.02
350 -0.00
351 -0.03
352 -0.08
353 -0.05
354 -0.07
355 0.00
356 0.01
357 -0.07
358 -0.02
359 -0.03
360 -0.04
361 0.01
362 0.01
363 -0.06
364 -0.04
365 -0.05
366 -0.06
367 -0.00
368 0.01
369 -0.05
370 0.01
371 0.00
372 -0.07
373 -0.01
374 -0.08
375 -0.05
376 -0.05
377 -0.08
378 -0.00
379 -0.02
380 -0.02
381 0.03
382 0.02
383 -0.12
384 0.00
385 0.00
386 0.03
387 -0.03
388 -0.00
389 0.01
390 -0.02
391 -0.03
392 -0.03
393 -0.01
394 0.02
395 -0.01
396 -0.00
397 0.01
398 0.01
399 0.00
400 0.23
401 -0.11
402 -0.00
403 -0.00
404 -0.06
405 -0.05
406 -0.06
407 -0.13
408 -0.15
409 -0.13
410 -0.15
411 -0.14
412 -0.14
413 -0.07
414 -0.14
415 -0.07
416 -0.07
417 -0.11
418 -0.04
419 -0.09
420 -0.07
421 -0.14
422 -0.12
423 -0.05
424 -0.07
425 -0.04
426 -0.02
427 0.01
428 -0.05
429 -0.09
430 -0.11
431 -0.03
432 -0.01
433 -0.01
434 -0.03
435 -0.10
436 -0.02
437 -0.05
438 -0.10
439 0.02
440 -0.00
441 0.03
442 -0.03
443 -0.09
444 0.07
445 -0.01
446 -0.02
447 -0.07
448 0.05
449 -0.00
450 0.04
451 0.07
452 0.02
453 0.01
454 -0.00
455 -0.01
456 -0.02
457 -0.09
458 0.04
459 0.03
460 0.09
461 0.06
462 0.09
463 0.03
464 -0.03
465 0.06
466 0.06
467 -0.02
468 0.10
469 0.04
470 0.16
471 0.08
472 0.08
473 0.13
474 0.10
475 0.02
476 -0.01
477 -0.03
478 0.05
479 0.10
480 0.06
481 -0.02
482 0.03
483 0.10
484 0.04
485 0.08
486 -0.03
487 -0.05
488 -0.03
489 -0.00
490 -0.07
491 -0.04
492 0.02
493 0.07
494 0.03
495 0.06
496 0.04
497 0.02
498 -0.04
499 -0.00
500 -0.06
501 0.04
502 -0.02
503 -0.03
504 0.04
505 -0.02
506 0.08
507 0.03
508 0.04
509 -0.02
510 -0.00
511 0.09
512 -0.02
513 0.06
514 -0.06
515 0.08
516 -0.02
517 -0.04
518 0.13
519 0.00
520 0.03
521 0.02
522 -0.08
523 0.04
524 -0.07
525 0.01
526 0.05
527 -0.00
528 0.02
529 -0.08
530 0.06
531 0.00
532 0.02
533 0.11
534 0.13
535 0.04
536 0.09
537 0.08
538 0.02
539 -0.08
540 0.08
541 0.07
542 0.13
543 -0.01
544 -0.01
545 0.03
546 -0.07
547 0.04
548 -0.05
549 -0.02
550 0.03
551 0.02
552 -0.08
553 -0.05
554 -0.04
555 0.01
556 0.06
557 -0.03
558 0.02
559 0.06
560 0.05
561 0.03
562 0.08
563 0.09
564 -0.01
565 0.01
566 0.09
567 0.21
568 0.04
569 0.03
570 0.10
571 -0.04
572 -0.06
573 0.12
574 0.05
575 0.09
576 0.01
577 0.09
578 0.02
579 0.07
580 0.12
581 0.01
582 -0.04
583 0.01
584 0.03
585 0.09
586 0.05
587 0.09
588 0.03
589 -0.02
590 0.02
591 -0.02
592 0.04
593 0.00
594 0.00
595 0.09
596 0.14
597 0.09
598 0.09
599 0.12
600 -0.15
601 -0.12
602 -0.12
603 -0.13
604 -0.11
605 -0.10
606 -0.14
607 -0.11
608 -0.15
609 -0.17
610 -0.08
611 -0.12
612 -0.12
613 -0.09
614 -0.14
615 -0.15
616 -0.10
617 -0.11
618 -0.08
619 -0.11
620 -0.11
621 -0.09
622 -0.09
623 -0.10
624 0.02
625 -0.01
626 -0.03
627 0.00
628 -0.04
629 0.01
630 0.01
631 0.03
632 0.01
633 0.03
634 0.06
635 -0.10
636 -0.01
637 0.05
638 -0.00
639 0.10
640 -0.02
641 -0.09
642 -0.01
643 0.02
644 0.01
645 0.07
646 0.08
647 0.15
648 0.12
649 0.12
650 0.03
651 0.09
652 0.04
653 0.09
654 -0.01
655 0.07
656 0.12
657 0.02
658 0.08
659 -0.02
660 0.02
661 -0.01
662 0.01
663 0.04
664 -0.03
665 0.04
666 0.07
667 0.05
668 0.04
669 0.02
670 0.05
671 0.08
672 0.02
673 0.02
674 0.07
675 0.04
676 0.06
677 0.08
678 0.08
679 0.07
680 0.03
681 0.00
682 0.06
683 -0.06
684 0.07
685 -0.01
686 -0.05
687 0.05
688 0.04
689 0.05
690 0.09
691 0.00
692 0.08
693 0.08
694 0.03
695 0.15
696 0.12
697 -0.01
698 0.04
699 -0.01
700 0.05
701 0.04
702 0.05
703 0.06
704 0.13
705 0.01
706 0.03
707 0.07
708 0.01
709 0.06
710 0.03
711 0.03
712 0.04
713 -0.09
714 -0.10
715 -0.00
716 -0.01
717 0.01
718 0.05
719 0.03
720 0.07
721 -0.02
722 0.02
723 -0.03
724 -0.01
725 0.02
726 -0.02
727 -0.05
728 0.02
729 -0.03
730 0.04
731 0.06
732 0.01
733 0.06
734 0.05
735 -0.00
736 0.14
737 -0.03
738 0.08
739 0.03
740 0.04
741 -0.00
742 0.00
743 0.03
744 0.10
745 0.00
746 -0.00
747 -0.01
748 -0.00
749 0.03
750 -0.07
751 0.08
752 0.03
753 0.04
754 0.00
755 0.03
756 -0.01
757 0.00
758 0.08
759 0.12
760 0.12
761 0.02
762 0.03
763 0.01
764 -0.01
765 0.07
766 -0.01
767 0.00
768 0.06
769 -0.00
770 -0.03
771 0.06
772 -0.03
773 0.01
774 0.08
775 0.02
776 0.01
777 0.13
778 0.02
779 0.06
780 0.03
781 -0.03
782 -0.01
783 0.07
784 0.02
785 0.04
786 0.05
787 0.02
788 0.05
789 0.01
790 0.04
791 0.00
792 0.11
793 0.03
794 0.02
795 0.13
796 0.09
797 0.04
798 0.08
799 0.07
800 0.22
801 0.11
802 0.09
803 -0.01
804 0.04
805 0.02
806 -0.06
807 -0.06
808 -0.08
809 -0.06
810 -0.07
811 -0.05
812 -0.08
813 -0.10
814 -0.13
815 -0.15
816 -0.11
817 -0.11
818 -0.14
819 -0.09
820 -0.11
821 -0.13
822 -0.12
823 -0.11
824 -0.07
825 -0.12
826 -0.10
827 -0.10
828 -0.10
829 -0.10
830 -0.07
831 -0.04
832 -0.05
833 -0.04
834 -0.03
835 -0.07
836 -0.10
837 0.00
838 -0.02
839 -0.07
840 -0.06
841 -0.07
842 -0.07
843 -0.04
844 -0.11
845 -0.02
846 -0.03
847 0.00
848 -0.07
849 -0.07
850 0.00
851 -0.05
852 0.01
853 -0.05
854 -0.02
855 -0.04
856 -0.05
857 -0.05
858 0.03
859 -0.04
860 0.05
861 0.01
862 -0.04
863 0.06
864 0.02
865 -0.00
866 0.02
867 0.01
868 0.00
869 -0.03
870 -0.03
871 0.00
872 0.04
873 0.07
874 0.06
875 -0.06
876 0.04
877 0.00
878 -0.00
879 0.03
880 -0.01
881 0.05
882 -0.02
883 -0.01
884 -0.01
885 0.00
886 -0.03
887 0.06
888 0.02
889 -0.00
890 0.03
891 0.02
892 0.02
893 -0.01
894 0.01
895 0.03
896 -0.01
897 0.05
898 0.07
899 0.00
900 0.05
901 -0.01
902 0.01
903 0.04
904 0.03
905 0.05
906 0.05
907 0.09
908 0.00
909 0.05
910 0.05
911 0.07
912 -0.02
913 0.02
914 0.01
915 -0.03
916 0.04
917 -0.04
918 0.03
919 0.03
920 0.07
921 -0.01
922 0.05
923 -0.02
924 -0.01
925 0.03
926 0.06
927 -0.01
928 0.01
929 0.03
930 0.00
931 -0.02
932 0.04
933 -0.04
934 -0.01
935 0.00
936 -0.04
937 -0.04
938 0.05
939 -0.03
940 -0.02
941 0.01
942 -0.02
943 0.06
944 0.01
945 -0.01
946 -0.01
947 0.04
948 0.01
949 0.00
950 -0.02
951 -0.08
952 -0.04
953 -0.04
954 -0.00
955 0.02
956 -0.04
957 0.02
958 -0.02
959 -0.03
960 0.02
961 0.01
962 0.05
963 -0.04
964 0.03
965 -0.02
966 -0.04
967 -0.05
968 0.04
969 -0.01
970 0.02
971 -0.00
972 0.00
973 0.03
974 0.01
975 -0.02
976 0.02
977 -0.00
978 0.09
979 0.02
980 0.08
981 -0.01
982 0.01
983 -0.05
984 0.08
985 0.02
986 0.02
987 0.06
988 -0.00
989 0.02
990 0.00
991 0.04
992 -0.06
993 0.01
994 0.05
995 0.04
996 0.04
997 0.01
998 0.03
999 -0.01
1000 0.10
1001 0.12
1002 0.06
1003 0.06
1004 0.02
1005 -0.04
1006 -0.07
1007 0.01
1008 -0.01
1009 -0.09
1010 -0.00
1011 -0.06
1012 -0.02
1013 -0.06
1014 -0.09
1015 -0.07
1016 -0.03
1017 -0.07
1018 -0.04
1019 -0.02
1020 -0.08
1021 -0.02
1022 0.00
1023 -0.01
1024 0.00
1025 -0.01
1026 0.00
1027 -0.03
1028 -0.06
1029 -0.04
1030 -0.04
1031 -0.03
1032 0.01
1033 -0.03
1034 -0.03
1035 0.02
1036 -0.01
1037 0.06
1038 -0.01
1039 0.05
1040 -0.01
1041 0.08
1042 -0.01
1043 -0.01
1044 0.00
1045 0.05
1046 0.05
1047 0.04
1048 0.05
1049 0.03
1050 0.06
1051 0.04
1052 0.03
1053 0.01
1054 -0.03
1055 0.02
1056 0.06
1057 0.03
1058 0.09
1059 0.07
1060 -0.06
1061 0.06
1062 0.08
1063 0.03
1064 0.06
1065 0.07
1066 0.09
1067 0.11
1068 0.00
1069 0.08
1070 0.05
1071 0.01
1072 0.05
1073 0.10
1074 -0.03
1075 0.04
1076 0.12
1077 0.02
1078 0.01
1079 0.01
1080 0.02
1081 0.06
1082 0.02
1083 -0.00
1084 0.06
1085 0.05
1086 0.06
1087 0.03
1088 0.05
1089 0.05
1090 0.08
1091 0.04
1092 0.07
1093 0.03
1094 0.04
1095 0.08
1096 0.04
1097 0.09
1098 0.05
1099 0.04
1100 0.01
1101 0.07
1102 0.08
1103 0.06
1104 0.05
1105 0.09
1106 0.01
1107 0.06
1108 0.02
1109 0.06
1110 0.03
1111 0.08
1112 0.03
1113 0.02
1114 0.02
1115 0.06
1116 -0.03
1117 0.05
1118 0.04
1119 0.01
1120 0.01
1121 0.02
1122 0.03
1123 0.04
1124 0.06
1125 0.02
1126 0.05
1127 0.01
1128 0.03
1129 0.06
1130 0.12
1131 0.04
1132 0.04
1133 0.02
1134 0.07
1135 0.08
1136 0.08
1137 0.06
1138 0.05
1139 0.05
1140 0.00
1141 0.07
1142 0.07
1143 -0.00
1144 0.05
1145 0.01
1146 -0.00
1147 -0.00
1148 0.05
1149 0.06
1150 0.04
1151 0.10
1152 0.10
1153 0.02
1154 0.01
1155 0.01
1156 -0.02
1157 0.06
1158 -0.01
1159 -0.03
1160 0.05
1161 -0.01
1162 0.07
1163 0.05
1164 0.02
1165 0.00
1166 -0.04
1167 0.01
1168 -0.01
1169 0.03
1170 -0.02
1171 0.01
1172 0.02
1173 -0.01
1174 -0.01
1175 0.04
1176 0.05
1177 0.01
1178 -0.03
1179 0.03
1180 -0.02
1181 -0.00
1182 0.00
1183 0.04
1184 0.03
1185 0.04
1186 0.03
1187 0.03
1188 0.01
1189 0.04
1190 0.06
1191 0.08
1192 0.04
1193 0.06
1194 0.04
1195 0.07
1196 0.05
1197 0.05
1198 0.02
1199 -0.01
1200 0.13
1201 0.15
1202 0.22
1203 0.08
1204 0.18
1205 0.13
1206 0.10
1207 0.11
1208 0.13
1209 0.11
1210 0.10
1211 0.07
1212 0.04
1213 0.05
1214 0.04
1215 0.02
1216 0.04
1217 0.02
1218 -0.04
1219 0.04
1220 0.04
1221 0.00
1222 0.02
1223 0.05
1224 -0.02
1225 -0.03
1226 -0.03
1227 -0.02
1228 0.02
1229 -0.03
1230 -0.03
1231 -0.01
1232 0.00
1233 0.01
1234 0.03
1235 -0.01
1236 -0.03
1237 0.01
1238 -0.04
1239 0.02
1240 0.03
1241 -0.02
1242 -0.03
1243 0.03
1244 -0.03
1245 -0.01
1246 -0.03
1247 -0.03
1248 -0.01
1249 -0.05
1250 -0.05
1251 -0.05
1252 -0.02
1253 -0.04
1254 -0.01
1255 -0.02
1256 -0.03
1257 -0.02
1258 -0.08
1259 -0.06
1260 -0.05
1261 -0.05
1262 -0.00
1263 -0.04
1264 -0.05
1265 -0.05
1266 -0.02
1267 -0.05
1268 -0.01
1269 -0.05
1270 -0.03
1271 -0.00
1272 -0.04
1273 -0.03
1274 -0.00
1275 -0.02
1276 -0.03
1277 -0.01
1278 -0.03
1279 0.00
1280 -0.02
1281 -0.04
1282 -0.01
1283 -0.04
1284 0.00
1285 -0.05
1286 -0.09
1287 -0.03
1288 0.01
1289 -0.01
1290 -0.02
1291 -0.06
1292 -0.01
1293 -0.05
1294 -0.04
1295 -0.01
1296 -0.00
1297 -0.01
1298 -0.05
1299 -0.02
1300 -0.04
1301 -0.05
1302 -0.05
1303 -0.00
1304 -0.03
1305 -0.02
1306 -0.03
1307 -0.02
1308 -0.03
1309 -0.02
1310 0.03
1311 -0.04
1312 0.02
1313 0.03
1314 0.01
1315 0.03
1316 -0.00
1317 0.02
1318 -0.03
1319 0.03
1320 -0.01
1321 0.04
1322 -0.03
1323 0.02
1324 -0.04
1325 0.05
1326 -0.01
1327 0.02
1328 -0.06
1329 0.01
1330 0.01
1331 0.01
1332 0.02
1333 0.03
1334 0.01
1335 -0.01
1336 0.03
1337 -0.00
1338 -0.00
1339 0.05
1340 0.04
1341 0.05
1342 0.02
1343 0.04
1344 0.04
1345 0.07
1346 0.04
1347 0.05
1348 0.08
1349 0.06
1350 0.05
1351 0.05
1352 0.03
1353 0.06
1354 0.05
1355 0.04
1356 0.05
1357 0.04
1358 0.04
1359 0.02
1360 0.04
1361 0.00
1362 -0.03
1363 0.01
1364 0.02
1365 0.02
1366 -0.01
1367 -0.02
1368 0.01
1369 0.05
1370 0.03
1371 0.02
1372 0.01
1373 0.04
1374 0.05
1375 0.04
1376 -0.01
1377 0.03
1378 0.02
1379 -0.00
1380 -0.01
1381 0.03
1382 0.07
1383 0.05
1384 0.06
1385 0.02
1386 0.02
1387 0.02
1388 0.03
1389 0.07
1390 -0.00
1391 -0.01
1392 0.00
1393 0.01
1394 0.03
1395 -0.01
1396 0.02
1397 0.03
1398 0.04
1399 0.02
1400 0.20
1401 0.19
1402 0.19
1403 0.17
1404 0.12
1405 0.12
1406 0.06
1407 0.03
1408 0.06
1409 0.01
1410 0.02
1411 0.03
1412 -0.01
1413 -0.06
1414 -0.07
1415 -0.03
1416 -0.03
1417 -0.01
1418 -0.11
1419 -0.05
1420 -0.05
1421 -0.05
1422 -0.06
1423 -0.06
1424 -0.03
1425 -0.01
1426 0.02
1427 -0.01
1428 -0.04
1429 0.01
1430 -0.00
1431 0.02
1432 0.05
1433 0.01
1434 0.06
1435 -0.01
1436 0.02
1437 0.04
1438 0.03
1439 -0.02
1440 0.08
1441 0.05
1442 0.02
1443 0.07
1444 0.06
1445 0.10
1446 -0.00
1447 0.13
1448 0.08
1449 0.03
1450 -0.01
1451 -0.02
1452 0.01
1453 0.04
1454 0.07
1455 0.04
1456 -0.00
1457 -0.01
1458 0.04
1459 0.05
1460 0.03
1461 0.07
1462 0.03
1463 0.08
1464 0.08
1465 0.09
1466 0.08
1467 0.02
1468 0.07
1469 0.04
1470 0.04
1471 0.07
1472 0.07
1473 0.06
1474 0.04
1475 0.07
1476 0.09
1477 0.05
1478 0.03
1479 0.05
1480 0.08
1481 0.04
1482 0.06
1483 0.02
1484 0.04
1485 0.06
1486 0.09
1487 0.04
1488 -0.02
1489 0.04
1490 0.07
1491 0.02
1492 0.03
1493 0.06
1494 0.07
1495 0.10
1496 0.05
1497 0.09
1498 0.07
1499 0.08
1500 0.04
1501 0.14
1502 0.05
1503 0.14
1504 0.11
1505 0.05
1506 0.11
1507 0.04
1508 0.11
1509 0.09
1510 0.06
1511 0.08
1512 0.03
1513 0.06
1514 0.02
1515 -0.01
1516 0.07
1517 -0.01
1518 0.04
1519 0.06
1520 0.06
1521 0.03
1522 0.09
1523 0.07
1524 0.02
1525 0.11
1526 -0.00
1527 -0.01
1528 -0.00
1529 -0.03
1530 -0.01
1531 0.01
1532 0.04
1533 -0.03
1534 -0.02
1535 0.01
1536 0.01
1537 -0.02
1538 0.04
1539 0.05
1540 0.04
1541 0.02
1542 -0.01
1543 0.01
1544 0.03
1545 0.01
1546 0.07
1547 0.01
1548 -0.02
1549 0.07
1550 0.09
1551 0.04
1552 -0.01
1553 -0.01
1554 0.00
1555 0.03
1556 0.04
1557 0.02
1558 0.04
1559 0.04
1560 0.06
1561 0.08
1562 0.03
1563 0.11
1564 0.07
1565 0.04
1566 0.05
1567 0.12
1568 0.09
1569 0.02
1570 0.08
1571 0.05
1572 0.03
1573 0.07
1574 0.09
1575 0.06
1576 0.10
1577 0.03
1578 0.08
1579 0.06
1580 0.08
1581 0.09
1582 0.11
1583 0.04
1584 0.11
1585 0.08
1586 0.13
1587 0.10
1588 0.07
1589 0.06
1590 0.07
1591 0.10
1592 0.10
1593 0.10
1594 0.12
1595 0.10
1596 0.09
1597 0.11
1598 0.07
1599 0.03
1600 0.29
1601 0.19
1602 0.20
1603 0.21
1604 0.22
1605 0.13
1606 0.16
1607 0.23
1608 0.16
1609 0.11
1610 0.09
1611 0.05
1612 0.06
1613 0.05
1614 0.08
1615 -0.00
1616 0.08
1617 0.10
1618 0.09
1619 -0.04
1620 0.04
1621 0.02
1622 0.03
1623 0.04
1624 0.02
1625 0.04
1626 -0.02
1627 0.06
1628 -0.07
1629 -0.03
1630 0.01
1631 -0.03
1632 -0.00
1633 0.01
1634 0.01
1635 -0.00
1636 0.07
1637 0.03
1638 0.01
1639 0.03
1640 0.05
1641 0.08
1642 0.12
1643 0.01
1644 0.11
1645 0.11
1646 0.10
1647 0.06
1648 0.11
1649 0.07
1650 0.02
1651 0.08
1652 0.04
1653 0.09
1654 0.04
1655 0.04
1656 0.07
1657 0.03
1658 0.08
1659 0.09
1660 0.10
1661 0.10
1662 0.12
1663 0.11
1664 0.14
1665 0.13
1666 0.10
1667 0.09
1668 -0.04
1669 0.05
1670 0.05
1671 0.07
1672 0.04
1673 0.08
1674 0.06
1675 0.09
1676 0.02
1677 0.02
1678 0.00
1679 0.09
1680 0.06
1681 0.10
1682 0.06
1683 0.08
1684 0.17
1685 0.09
1686 0.10
1687 0.10
1688 0.07
1689 0.12
1690 0.07
1691 0.10
1692 0.05
1693 0.05
1694 0.04
1695 -0.01
1696 0.05
1697 0.04
1698 0.02
1699 0.08
1700 0.07
1701 0.02
1702 0.10
1703 0.01
1704 0.00
1705 0.05
1706 0.04
1707 0.01
1708 0.04
1709 0.05
1710 0.03
1711 -0.01
1712 -0.02
1713 0.00
1714 0.07
1715 -0.02
1716 0.00
1717 0.02
1718 0.00
1719 -0.07
1720 -0.02
1721 -0.02
1722 0.04
1723 -0.02
1724 0.01
1725 0.01
1726 -0.05
1727 -0.02
1728 0.04
1729 0.06
1730 0.02
1731 0.01
1732 0.02
1733 0.02
1734 -0.01
1735 0.00
1736 -0.00
1737 0.01
1738 -0.01
1739 0.03
1740 0.03
1741 0.01
1742 0.06
1743 0.03
1744 0.00
1745 -0.01
1746 -0.01
1747 0.07
1748 0.07
1749 0.03
1750 0.04
1751 0.08
1752 0.09
1753 0.03
1754 0.05
1755 0.06
1756 0.03
1757 0.05
1758 0.08
1759 0.08
1760 0.04
1761 0.10
1762 0.04
1763 0.10
1764 -0.00
1765 0.11
1766 0.10
1767 0.04
1768 0.08
1769 0.06
1770 0.06
1771 0.09
1772 0.02
1773 0.04
1774 0.06
1775 0.03
1776 0.05
1777 0.00
1778 0.06
1779 0.08
1780 0.10
1781 0.03
1782 0.05
1783 0.06
1784 0.06
1785 0.02
1786 0.01
1787 0.01
1788 0.05
1789 0.04
1790 0.02
1791 0.01
1792 0.01
1793 0.03
1794 0.02
1795 0.02
1796 0.08
1797 0.02
1798 0.02
1799 0.02
1800 0.33
1801 0.24
1802 0.33
1803 0.22
1804 0.23
1805 0.17
1806 0.19
1807 0.19
1808 0.17
1809 0.15
1810 0.04
1811 -0.01
1812 -0.03
1813 -0.02
1814 0.05
1815 0.01
1816 -0.03
1817 0.04
1818 0.01
1819 0.03
1820 0.02
1821 0.03
1822 0.00
1823 0.01
1824 -0.01
1825 -0.06
1826 0.04
1827 -0.02
1828 0.04
1829 0.03
1830 0.04
1831 0.03
1832 0.02
1833 -0.01
1834 0.03
1835 0.04
1836 0.05
1837 0.04
1838 0.00
1839 0.08
1840 0.07
1841 0.05
1842 0.02
1843 -0.01
1844 0.08
1845 0.06
1846 0.03
1847 0.08
1848 0.11
1849 0.08
1850 0.09
1851 0.07
1852 0.05
1853 0.08
1854 0.05
1855 0.03
1856 0.02
1857 0.03
1858 0.04
1859 0.06
1860 0.04
1861 0.04
1862 0.05
1863 0.06
1864 0.07
1865 0.10
1866 0.07
1867 0.06
1868 0.06
1869 0.11
1870 0.07
1871 0.09
1872 0.07
1873 0.12
1874 0.11
1875 0.10
1876 0.08
1877 0.10
1878 0.09
1879 0.16
1880 0.09
1881 0.07
1882 0.07
1883 0.11
1884 0.11
1885 0.09
1886 0.11
1887 0.11
1888 0.08
1889 0.08
1890 0.04
1891 0.09
1892 0.09
1893 0.04
1894 0.09
1895 0.05
1896 0.07
1897 0.00
1898 0.08
1899 0.06
1900 0.07
1901 0.09
1902 0.06
1903 0.07
1904 0.07
1905 0.08
1906 -0.00
1907 0.04
1908 0.03
1909 0.04
1910 0.05
1911 0.10
1912 0.08
1913 0.10
1914 0.03
1915 0.07
1916 0.07
1917 0.06
1918 0.06
1919 0.05
1920 0.09
1921 0.12
1922 0.11
1923 0.10
1924 0.08
1925 0.11
1926 0.11
1927 0.07
1928 0.10
1929 0.10
1930 0.04
1931 0.05
1932 0.04
1933 -0.00
1934 0.01
1935 0.07
1936 0.07
1937 0.07
1938 0.05
1939 0.00
1940 0.05
1941 -0.01
1942 0.03
1943 0.05
1944 0.03
1945 0.01
1946 0.06
1947 0.06
1948 0.07
1949 0.05
1950 0.04
1951 0.05
1952 0.03
1953 0.04
1954 0.01
1955 0.06
1956 0.06
1957 0.09
1958 0.10
1959 0.06
1960 0.05
1961 0.07
1962 0.09
1963 0.04
1964 0.05
1965 0.06
1966 0.06
1967 0.07
1968 0.10
1969 0.04
1970 0.08
1971 0.08
1972 0.06
1973 0.05
1974 0.09
1975 0.10
1976 0.08
1977 0.09
1978 0.09
1979 0.07
1980 0.07
1981 0.08
1982 0.08
1983 0.05
1984 0.11
1985 0.08
1986 0.07
1987 0.11
1988 0.07
1989 0.12
1990 0.08
1991 0.13
1992 0.15
1993 0.11
1994 0.09
1995 0.12
1996 0.10
1997 0.11
1998 0.08
1999 0.10
