0 80.00
1 200.00
2 120.00
3 100.00
4 120.00
5 120.00
6 320.00
7 340.00
8 380.00
9 220.00
10 280.00
11 160.00
12 460.00
13 300.00
14 160.00
15 200.00
16 140.00
17 260.00
18 240.00
19 160.00
20 200.00
21 180.00
22 60.00
23 60.00
24 160.00
25 240.00
26 140.00
27 280.00
28 100.00
29 60.00
30 300.00
31 360.00
32 120.00
33 360.00
34 360.00
35 160.00
36 200.00
37 180.00
38 120.00
39 240.00
40 160.00
41 160.00
42 60.00
43 140.00
44 340.00
45 380.00
46 180.00
47 180.00
48 240.00
49 340.00
50 220.00
51 140.00
52 80.00
53 140.00
54 460.00
55 200.00
56 200.00
57 260.00
58 80.00
59 140.00
60 320.00
61 320.00
62 320.00
63 440.00
64 160.00
65 320.00
66 140.00
67 320.00
68 320.00
69 300.00
70 140.00
71 340.00
72 340.00
73 200.00
74 220.00
75 300.00
76 160.00
77 300.00
78 160.00
79 340.00
80 160.00
81 360.00
82 320.00
83 340.00
84 480.00
85 320.00
86 160.00
87 400.00
88 220.00
89 180.00
90 180.00
91 180.00
92 220.00
93 320.00
94 220.00
95 320.00
96 340.00
97 180.00
98 160.00
99 300.00
100 380.00
101 300.00
102 460.00
103 180.00
104 340.00
105 340.00
106 360.00
107 420.00
108 500.00
109 320.00
110 200.00
111 300.00
112 300.00
113 300.00
114 340.00
115 360.00
116 340.00
117 340.00
118 360.00
119 260.00
120 380.00
121 360.00
122 420.00
123 480.00
124 220.00
125 220.00
126 280.00
127 220.00
128 220.00
129 480.00
130 500.00
131 220.00
132 420.00
133 340.00
134 360.00
135 220.00
136 220.00
137 240.00
138 220.00
139 500.00
140 240.00
141 500.00
142 340.00
143 240.00
144 240.00
145 240.00
146 220.00
147 200.00
148 200.00
149 160.00
150 200.00
151 320.00
152 280.00
153 360.00
154 120.00
155 360.00
156 380.00
157 180.00
158 380.00
159 220.00
160 340.00
161 220.00
162 380.00
163 380.00
164 180.00
165 360.00
166 200.00
167 160.00
168 140.00
169 280.00
170 220.00
171 400.00
172 240.00
173 200.00
174 300.00
175 280.00
176 280.00
177 200.00
178 360.00
179 300.00
180 320.00
181 240.00
182 340.00
183 200.00
184 240.00
185 240.00
186 380.00
187 380.00
188 400.00
189 280.00
190 220.00
191 440.00
192 260.00
193 200.00
194 260.00
195 380.00
196 380.00
197 220.00
198 380.00
199 380.00
200 400.00
201 360.00
202 340.00
203 260.00
204 300.00
205 460.00
206 240.00
207 380.00
208 240.00
209 360.00
210 380.00
211 220.00
212 120.00
213 300.00
214 340.00
215 320.00
216 200.00
217 220.00
218 160.00
219 280.00
220 280.00
221 200.00
222 380.00
223 360.00
224 260.00
225 500.00
226 340.00
227 480.00
228 280.00
229 380.00
230 220.00
231 400.00
232 380.00
233 420.00
234 240.00
235 500.00
236 420.00
237 240.00
238 180.00
239 180.00
240 120.00
241 200.00
242 220.00
243 180.00
244 140.00
245 200.00
246 100.00
247 80.00
248 300.00
249 260.00
250 140.00
251 160.00
252 80.00
253 260.00
254 400.00
255 500.00
256 200.00
257 100.00
258 160.00
259 440.00
260 260.00
261 200.00
262 420.00
263 240.00
264 240.00
265 400.00
266 440.00
267 200.00
268 420.00
269 300.00
270 240.00
271 500.00
272 340.00
273 240.00
274 240.00
275 240.00
276 340.00
277 160.00
278 320.00
279 200.00
280 400.00
281 260.00
282 240.00
283 240.00
284 20.00
285 440.00
286 220.00
287 240.00
288 420.00
289 200.00
290 200.00
291 440.00
292 320.00
293 160.00
294 440.00
295 300.00
296 420.00
297 200.00
298 240.00
299 240.00
300 180.00
301 260.00
302 160.00
303 220.00
304 220.00
305 380.00
306 200.00
307 440.00
308 300.00
309 240.00
310 280.00
311 400.00
312 220.00
313 160.00
314 200.00
315 140.00
316 320.00
317 400.00
318 380.00
319 360.00
320 400.00
321 320.00
322 280.00
323 380.00
324 240.00
325 240.00
326 380.00
327 360.00
328 160.00
329 440.00
330 320.00
331 220.00
332 460.00
333 240.00
334 240.00
335 320.00
336 180.00
337 220.00
338 500.00
339 280.00
340 180.00
341 300.00
342 340.00
343 220.00
344 220.00
345 300.00
346 380.00
347 220.00
348 480.00
349 460.00
350 240.00
351 240.00
352 400.00
353 340.00
354 220.00
355 380.00
356 340.00
357 360.00
358 480.00
359 380.00
360 400.00
361 260.00
362 500.00
363 340.00
364 340.00
365 320.00
366 280.00
367 420.00
368 360.00
369 220.00
370 460.00
371 220.00
372 240.00
373 320.00
374 360.00
375 220.00
376 260.00
377 320.00
378 420.00
379 340.00
380 220.00
381 380.00
382 360.00
383 500.00
384 220.00
385 360.00
386 340.00
387 240.00
388 320.00
389 300.00
390 220.00
391 280.00
392 360.00
393 340.00
394 340.00
395 240.00
396 240.00
397 220.00
398 180.00
399 260.00
400 360.00
401 220.00
402 260.00
403 320.00
404 340.00
405 360.00
406 380.00
407 200.00
408 240.00
409 280.00
410 340.00
411 320.00
412 380.00
413 320.00
414 260.00
415 240.00
416 280.00
417 240.00
418 240.00
419 360.00
420 220.00
421 260.00
422 480.00
423 400.00
424 480.00
425 220.00
426 500.00
427 360.00
428 180.00
429 420.00
430 380.00
431 180.00
432 240.00
433 280.00
434 340.00
435 300.00
436 320.00
437 180.00
438 360.00
439 300.00
440 420.00
441 360.00
442 400.00
443 420.00
444 240.00
445 500.00
446 420.00
447 220.00
448 300.00
449 280.00
450 460.00
451 420.00
452 360.00
453 420.00
454 240.00
455 400.00
456 460.00
457 220.00
458 500.00
459 360.00
460 220.00
461 480.00
462 460.00
463 220.00
464 200.00
465 320.00
466 260.00
467 240.00
468 480.00
469 200.00
470 480.00
471 360.00
472 260.00
473 360.00
474 280.00
475 420.00
476 180.00
477 420.00
478 340.00
479 440.00
480 220.00
481 400.00
482 260.00
483 460.00
484 480.00
485 360.00
486 160.00
487 200.00
488 300.00
489 400.00
490 480.00
491 220.00
492 380.00
493 220.00
494 180.00
495 400.00
496 440.00
497 240.00
498 400.00
499 500.00
500 400.00
501 480.00
502 220.00
503 300.00
504 420.00
505 260.00
506 300.00
507 360.00
508 420.00
509 400.00
510 320.00
511 400.00
512 140.00
513 220.00
514 500.00
515 420.00
516 240.00
517 220.00
518 440.00
519 400.00
520 360.00
521 420.00
522 400.00
523 340.00
524 440.00
525 360.00
526 480.00
527 500.00
528 440.00
529 380.00
530 220.00
531 220.00
532 420.00
533 440.00
534 500.00
535 440.00
536 380.00
537 480.00
538 400.00
539 460.00
540 280.00
541 220.00
542 380.00
543 340.00
544 340.00
545 460.00
546 380.00
547 360.00
548 380.00
549 240.00
550 240.00
551 340.00
552 480.00
553 380.00
554 340.00
555 340.00
556 340.00
557 360.00
558 200.00
559 220.00
560 280.00
561 440.00
562 220.00
563 320.00
564 180.00
565 240.00
566 260.00
567 200.00
568 380.00
569 140.00
570 460.00
571 480.00
572 280.00
573 340.00
574 220.00
575 340.00
576 300.00
577 320.00
578 420.00
579 500.00
580 380.00
581 500.00
582 220.00
583 400.00
584 240.00
585 440.00
586 380.00
587 140.00
588 360.00
589 340.00
590 180.00
591 120.00
592 420.00
593 320.00
594 360.00
595 440.00
596 380.00
597 440.00
598 420.00
599 460.00
600 240.00
601 420.00
602 280.00
603 240.00
604 240.00
605 280.00
606 220.00
607 280.00
608 440.00
609 440.00
610 260.00
611 340.00
612 360.00
613 400.00
614 360.00
615 420.00
616 360.00
617 400.00
618 380.00
619 320.00
620 420.00
621 300.00
622 360.00
623 340.00
624 360.00
625 340.00
626 340.00
627 180.00
628 500.00
629 420.00
630 400.00
631 300.00
632 360.00
633 340.00
634 420.00
635 460.00
636 240.00
637 460.00
638 320.00
639 220.00
640 480.00
641 420.00
642 180.00
643 160.00
644 360.00
645 200.00
646 380.00
647 300.00
648 400.00
649 360.00
650 320.00
651 340.00
652 160.00
653 300.00
654 320.00
655 300.00
656 380.00
657 440.00
658 300.00
659 400.00
660 220.00
661 340.00
662 320.00
663 420.00
664 180.00
665 300.00
666 360.00
667 440.00
668 460.00
669 500.00
670 220.00
671 220.00
672 240.00
673 440.00
674 420.00
675 200.00
676 460.00
677 240.00
678 300.00
679 180.00
680 180.00
681 120.00
682 380.00
683 400.00
684 220.00
685 460.00
686 300.00
687 280.00
688 300.00
689 440.00
690 420.00
691 240.00
692 200.00
693 380.00
694 140.00
695 420.00
696 200.00
697 280.00
698 480.00
699 500.00
700 240.00
701 220.00
702 500.00
703 340.00
704 240.00
705 460.00
706 300.00
707 400.00
708 480.00
709 360.00
710 220.00
711 220.00
712 240.00
713 320.00
714 320.00
715 260.00
716 220.00
717 220.00
718 220.00
719 440.00
720 400.00
721 460.00
722 500.00
723 400.00
724 260.00
725 240.00
726 300.00
727 460.00
728 420.00
729 480.00
730 340.00
731 180.00
732 420.00
733 280.00
734 360.00
735 480.00
736 260.00
737 380.00
738 420.00
739 220.00
740 500.00
741 460.00
742 400.00
743 360.00
744 500.00
745 360.00
746 500.00
747 440.00
748 420.00
749 220.00
750 340.00
751 220.00
752 380.00
753 420.00
754 440.00
755 400.00
756 280.00
757 320.00
758 420.00
759 420.00
760 380.00
761 220.00
762 440.00
763 500.00
764 440.00
765 440.00
766 500.00
767 240.00
768 380.00
769 380.00
770 260.00
771 240.00
772 240.00
773 500.00
774 320.00
775 320.00
776 420.00
777 420.00
778 300.00
779 320.00
780 420.00
781 420.00
782 360.00
783 400.00
784 220.00
785 480.00
786 240.00
787 400.00
788 220.00
789 380.00
790 220.00
791 320.00
792 220.00
793 340.00
794 340.00
795 420.00
796 240.00
797 420.00
798 220.00
799 400.00
800 420.00
801 400.00
802 340.00
803 420.00
804 500.00
805 480.00
806 220.00
807 340.00
808 240.00
809 220.00
810 500.00
811 500.00
812 240.00
813 440.00
814 220.00
815 440.00
816 420.00
817 400.00
818 180.00
819 360.00
820 480.00
821 440.00
822 240.00
823 300.00
824 320.00
825 400.00
826 160.00
827 400.00
828 500.00
829 360.00
830 460.00
831 300.00
832 420.00
833 400.00
834 440.00
835 440.00
836 440.00
837 380.00
838 500.00
839 460.00
840 240.00
841 440.00
842 460.00
843 380.00
844 360.00
845 400.00
846 220.00
847 420.00
848 220.00
849 300.00
850 240.00
851 440.00
852 360.00
853 240.00
854 200.00
855 360.00
856 420.00
857 420.00
858 400.00
859 420.00
860 440.00
861 420.00
862 380.00
863 420.00
864 440.00
865 460.00
866 440.00
867 240.00
868 260.00
869 480.00
870 400.00
871 460.00
872 500.00
873 300.00
874 420.00
875 420.00
876 440.00
877 440.00
878 260.00
879 420.00
880 300.00
881 280.00
882 220.00
883 420.00
884 500.00
885 460.00
886 240.00
887 260.00
888 420.00
889 500.00
890 240.00
891 300.00
892 220.00
893 440.00
894 440.00
895 400.00
896 400.00
897 280.00
898 480.00
899 240.00
900 180.00
901 500.00
902 340.00
903 500.00
904 480.00
905 420.00
906 220.00
907 420.00
908 380.00
909 300.00
910 280.00
911 480.00
912 400.00
913 440.00
914 360.00
915 400.00
916 460.00
917 440.00
918 500.00
919 400.00
920 460.00
921 220.00
922 400.00
923 260.00
924 420.00
925 400.00
926 380.00
927 400.00
928 260.00
929 400.00
930 320.00
931 320.00
932 220.00
933 500.00
934 140.00
935 320.00
936 260.00
937 260.00
938 380.00
939 400.00
940 400.00
941 400.00
942 500.00
943 240.00
944 160.00
945 280.00
946 380.00
947 480.00
948 440.00
949 400.00
950 380.00
951 460.00
952 460.00
953 480.00
954 240.00
955 460.00
956 440.00
957 380.00
958 480.00
959 420.00
960 300.00
961 280.00
962 380.00
963 440.00
964 500.00
965 400.00
966 460.00
967 440.00
968 420.00
969 440.00
970 500.00
971 320.00
972 380.00
973 360.00
974 260.00
975 480.00
976 480.00
977 400.00
978 420.00
979 400.00
980 220.00
981 420.00
982 300.00
983 400.00
984 200.00
985 460.00
986 420.00
987 300.00
988 380.00
989 460.00
990 420.00
991 200.00
992 440.00
993 480.00
994 460.00
995 440.00
996 280.00
997 420.00
998 440.00
999 380.00
1000 460.00
1001 460.00
1002 400.00
1003 420.00
1004 460.00
1005 500.00
1006 400.00
1007 220.00
1008 260.00
1009 240.00
1010 480.00
1011 380.00
1012 340.00
1013 400.00
1014 180.00
1015 420.00
1016 500.00
1017 380.00
1018 320.00
1019 480.00
1020 380.00
1021 460.00
1022 420.00
1023 220.00
1024 420.00
1025 420.00
1026 380.00
1027 360.00
1028 380.00
1029 360.00
1030 500.00
1031 460.00
1032 500.00
1033 460.00
1034 360.00
1035 320.00
1036 220.00
1037 340.00
1038 260.00
1039 380.00
1040 320.00
1041 320.00
1042 160.00
1043 340.00
1044 220.00
1045 220.00
1046 500.00
1047 340.00
1048 360.00
1049 380.00
1050 440.00
1051 240.00
1052 500.00
1053 280.00
1054 200.00
1055 320.00
1056 400.00
1057 400.00
1058 440.00
1059 360.00
1060 220.00
1061 420.00
1062 420.00
1063 240.00
1064 240.00
1065 180.00
1066 400.00
1067 400.00
1068 460.00
1069 460.00
1070 500.00
1071 200.00
1072 440.00
1073 400.00
1074 220.00
1075 400.00
1076 460.00
1077 320.00
1078 260.00
1079 380.00
1080 260.00
1081 400.00
1082 420.00
1083 220.00
1084 440.00
1085 380.00
1086 240.00
1087 340.00
1088 440.00
1089 440.00
1090 240.00
1091 380.00
1092 480.00
1093 340.00
1094 360.00
1095 460.00
1096 480.00
1097 480.00
1098 260.00
1099 220.00
1100 420.00
1101 420.00
1102 480.00
1103 460.00
1104 240.00
1105 240.00
1106 220.00
1107 400.00
1108 360.00
1109 500.00
1110 480.00
1111 400.00
1112 480.00
1113 420.00
1114 220.00
1115 240.00
1116 440.00
1117 480.00
1118 440.00
1119 440.00
1120 400.00
1121 440.00
1122 420.00
1123 400.00
1124 380.00
1125 440.00
1126 480.00
1127 440.00
1128 440.00
1129 460.00
1130 400.00
1131 320.00
1132 480.00
1133 380.00
1134 420.00
1135 260.00
1136 240.00
1137 460.00
1138 280.00
1139 460.00
1140 260.00
1141 500.00
1142 340.00
1143 240.00
1144 200.00
1145 320.00
1146 440.00
1147 400.00
1148 380.00
1149 500.00
1150 500.00
1151 260.00
1152 480.00
1153 220.00
1154 420.00
1155 240.00
1156 200.00
1157 420.00
1158 380.00
1159 360.00
1160 200.00
1161 440.00
1162 420.00
1163 400.00
1164 440.00
1165 440.00
1166 220.00
1167 420.00
1168 380.00
1169 440.00
1170 220.00
1171 400.00
1172 360.00
1173 400.00
1174 440.00
1175 220.00
1176 280.00
1177 280.00
1178 300.00
1179 260.00
1180 380.00
1181 360.00
1182 380.00
1183 380.00
1184 360.00
1185 420.00
1186 140.00
1187 340.00
1188 380.00
1189 340.00
1190 380.00
1191 360.00
1192 360.00
1193 480.00
1194 460.00
1195 460.00
1196 340.00
1197 380.00
1198 460.00
1199 220.00
1200 400.00
1201 480.00
1202 300.00
1203 400.00
1204 180.00
1205 420.00
1206 200.00
1207 340.00
1208 360.00
1209 320.00
1210 340.00
1211 260.00
1212 400.00
1213 320.00
1214 440.00
1215 260.00
1216 400.00
1217 480.00
1218 200.00
1219 420.00
1220 340.00
1221 460.00
1222 460.00
1223 420.00
1224 460.00
1225 440.00
1226 420.00
1227 360.00
1228 400.00
1229 300.00
1230 240.00
1231 220.00
1232 340.00
1233 420.00
1234 440.00
1235 240.00
1236 320.00
1237 400.00
1238 400.00
1239 260.00
1240 420.00
1241 360.00
1242 180.00
1243 220.00
1244 440.00
1245 500.00
1246 500.00
1247 400.00
1248 200.00
1249 400.00
1250 460.00
1251 300.00
1252 300.00
1253 440.00
1254 380.00
1255 240.00
1256 200.00
1257 340.00
1258 420.00
1259 220.00
1260 420.00
1261 380.00
1262 440.00
1263 320.00
1264 380.00
1265 440.00
1266 240.00
1267 360.00
1268 460.00
1269 400.00
1270 440.00
1271 460.00
1272 500.00
1273 220.00
1274 360.00
1275 340.00
1276 220.00
1277 380.00
1278 380.00
1279 480.00
1280 340.00
1281 380.00
1282 200.00
1283 360.00
1284 340.00
1285 160.00
1286 360.00
1287 360.00
1288 500.00
1289 240.00
1290 320.00
1291 360.00
1292 360.00
1293 440.00
1294 420.00
1295 320.00
1296 160.00
1297 320.00
1298 440.00
1299 240.00
1300 400.00
1301 400.00
1302 400.00
1303 440.00
1304 500.00
1305 500.00
1306 500.00
1307 240.00
1308 440.00
1309 420.00
1310 380.00
1311 460.00
1312 220.00
1313 140.00
1314 460.00
1315 220.00
1316 480.00
1317 240.00
1318 480.00
1319 440.00
1320 440.00
1321 340.00
1322 420.00
1323 360.00
1324 400.00
1325 480.00
1326 220.00
1327 320.00
1328 320.00
1329 420.00
1330 380.00
1331 240.00
1332 460.00
1333 440.00
1334 480.00
1335 440.00
1336 420.00
1337 280.00
1338 440.00
1339 280.00
1340 400.00
1341 240.00
1342 400.00
1343 380.00
1344 460.00
1345 420.00
1346 440.00
1347 260.00
1348 440.00
1349 400.00
1350 480.00
1351 480.00
1352 420.00
1353 440.00
1354 240.00
1355 380.00
1356 400.00
1357 480.00
1358 200.00
1359 380.00
1360 360.00
1361 220.00
1362 440.00
1363 440.00
1364 380.00
1365 420.00
1366 400.00
1367 460.00
1368 220.00
1369 420.00
1370 380.00
1371 420.00
1372 480.00
1373 260.00
1374 480.00
1375 360.00
1376 420.00
1377 200.00
1378 240.00
1379 380.00
1380 380.00
1381 280.00
1382 320.00
1383 420.00
1384 320.00
1385 440.00
1386 460.00
1387 420.00
1388 420.00
1389 180.00
1390 200.00
1391 220.00
1392 220.00
1393 460.00
1394 360.00
1395 340.00
1396 480.00
1397 400.00
1398 320.00
1399 280.00
1400 400.00
1401 260.00
1402 480.00
1403 280.00
1404 260.00
1405 260.00
1406 420.00
1407 360.00
1408 500.00
1409 400.00
1410 280.00
1411 440.00
1412 420.00
1413 380.00
1414 500.00
1415 480.00
1416 400.00
1417 420.00
1418 360.00
1419 420.00
1420 420.00
1421 380.00
1422 420.00
1423 500.00
1424 400.00
1425 380.00
1426 440.00
1427 400.00
1428 420.00
1429 260.00
1430 240.00
1431 400.00
1432 480.00
1433 400.00
1434 500.00
1435 400.00
1436 240.00
1437 400.00
1438 360.00
1439 400.00
1440 460.00
1441 220.00
1442 420.00
1443 460.00
1444 380.00
1445 500.00
1446 440.00
1447 420.00
1448 460.00
1449 240.00
1450 420.00
1451 420.00
1452 400.00
1453 480.00
1454 500.00
1455 380.00
1456 400.00
1457 260.00
1458 340.00
1459 220.00
1460 380.00
1461 440.00
1462 420.00
1463 480.00
1464 360.00
1465 440.00
1466 340.00
1467 420.00
1468 500.00
1469 420.00
1470 300.00
1471 280.00
1472 280.00
1473 480.00
1474 240.00
1475 460.00
1476 360.00
1477 200.00
1478 500.00
1479 240.00
1480 460.00
1481 420.00
1482 420.00
1483 500.00
1484 320.00
1485 420.00
1486 440.00
1487 480.00
1488 400.00
1489 220.00
1490 300.00
1491 400.00
1492 480.00
1493 380.00
1494 220.00
1495 360.00
1496 220.00
1497 320.00
1498 320.00
1499 140.00
1500 420.00
1501 200.00
1502 480.00
1503 460.00
1504 260.00
1505 200.00
1506 400.00
1507 220.00
1508 360.00
1509 300.00
1510 220.00
1511 160.00
1512 460.00
1513 440.00
1514 420.00
1515 280.00
1516 360.00
1517 380.00
1518 420.00
1519 420.00
1520 360.00
1521 240.00
1522 240.00
1523 380.00
1524 340.00
1525 400.00
1526 440.00
1527 340.00
1528 500.00
1529 460.00
1530 280.00
1531 440.00
1532 380.00
1533 320.00
1534 500.00
1535 480.00
1536 280.00
1537 280.00
1538 300.00
1539 360.00
1540 420.00
1541 180.00
1542 400.00
1543 340.00
1544 300.00
1545 220.00
1546 420.00
1547 320.00
1548 380.00
1549 340.00
1550 440.00
1551 360.00
1552 360.00
1553 380.00
1554 420.00
1555 240.00
1556 480.00
1557 380.00
1558 280.00
1559 420.00
1560 400.00
1561 280.00
1562 340.00
1563 440.00
1564 360.00
1565 360.00
1566 420.00
1567 380.00
1568 400.00
1569 420.00
1570 220.00
1571 420.00
1572 420.00
1573 500.00
1574 360.00
1575 400.00
1576 440.00
1577 480.00
1578 420.00
1579 440.00
1580 480.00
1581 360.00
1582 420.00
1583 440.00
1584 500.00
1585 460.00
1586 360.00
1587 360.00
1588 440.00
1589 240.00
1590 360.00
1591 280.00
1592 420.00
1593 440.00
1594 240.00
1595 380.00
1596 320.00
1597 480.00
1598 500.00
1599 400.00
1600 460.00
1601 480.00
1602 380.00
1603 380.00
1604 400.00
1605 380.00
1606 460.00
1607 200.00
1608 440.00
1609 420.00
1610 440.00
1611 420.00
1612 200.00
1613 380.00
1614 440.00
1615 360.00
1616 320.00
1617 400.00
1618 240.00
1619 480.00
1620 380.00
1621 400.00
1622 460.00
1623 460.00
1624 420.00
1625 160.00
1626 260.00
1627 200.00
1628 200.00
1629 500.00
1630 240.00
1631 260.00
1632 200.00
1633 420.00
1634 360.00
1635 200.00
1636 420.00
1637 380.00
1638 240.00
1639 340.00
1640 320.00
1641 300.00
1642 440.00
1643 320.00
1644 320.00
1645 480.00
1646 500.00
1647 280.00
1648 440.00
1649 100.00
1650 380.00
1651 140.00
1652 440.00
1653 220.00
1654 460.00
1655 220.00
1656 360.00
1657 200.00
1658 260.00
1659 260.00
1660 420.00
1661 160.00
1662 280.00
1663 420.00
1664 380.00
1665 420.00
1666 480.00
1667 360.00
1668 340.00
1669 220.00
1670 380.00
1671 420.00
1672 400.00
1673 340.00
1674 380.00
1675 420.00
1676 220.00
1677 400.00
1678 420.00
1679 380.00
1680 400.00
1681 200.00
1682 400.00
1683 440.00
1684 440.00
1685 420.00
1686 420.00
1687 220.00
1688 340.00
1689 460.00
1690 420.00
1691 360.00
1692 380.00
1693 160.00
1694 260.00
1695 400.00
1696 260.00
1697 340.00
1698 200.00
1699 200.00
1700 380.00
1701 260.00
1702 420.00
1703 480.00
1704 340.00
1705 320.00
1706 440.00
1707 420.00
1708 340.00
1709 460.00
1710 500.00
1711 400.00
1712 360.00
1713 400.00
1714 460.00
1715 400.00
1716 480.00
1717 420.00
1718 460.00
1719 180.00
1720 500.00
1721 240.00
1722 380.00
1723 340.00
1724 140.00
1725 500.00
1726 460.00
1727 440.00
1728 420.00
1729 420.00
1730 280.00
1731 320.00
1732 380.00
1733 460.00
1734 320.00
1735 460.00
1736 500.00
1737 480.00
1738 500.00
1739 500.00
1740 360.00
1741 240.00
1742 440.00
1743 500.00
1744 480.00
1745 500.00
1746 500.00
1747 240.00
1748 220.00
1749 420.00
1750 380.00
1751 240.00
1752 340.00
1753 400.00
1754 240.00
1755 420.00
1756 400.00
1757 200.00
1758 440.00
1759 260.00
1760 380.00
1761 400.00
1762 360.00
1763 340.00
1764 460.00
1765 480.00
1766 380.00
1767 480.00
1768 420.00
1769 440.00
1770 160.00
1771 400.00
1772 500.00
1773 460.00
1774 320.00
1775 180.00
1776 500.00
1777 440.00
1778 240.00
1779 400.00
1780 460.00
1781 500.00
1782 360.00
1783 500.00
1784 300.00
1785 400.00
1786 420.00
1787 260.00
1788 280.00
1789 240.00
1790 400.00
1791 240.00
1792 400.00
1793 220.00
1794 400.00
1795 320.00
1796 280.00
1797 480.00
1798 480.00
1799 400.00
1800 240.00
1801 500.00
1802 420.00
1803 340.00
1804 440.00
1805 320.00
1806 340.00
1807 440.00
1808 500.00
1809 440.00
1810 280.00
1811 340.00
1812 400.00
1813 380.00
1814 420.00
1815 380.00
1816 220.00
1817 420.00
1818 420.00
1819 440.00
1820 480.00
1821 240.00
1822 400.00
1823 220.00
1824 480.00
1825 420.00
1826 420.00
1827 460.00
1828 420.00
1829 340.00
1830 160.00
1831 240.00
1832 500.00
1833 220.00
1834 440.00
1835 460.00
1836 500.00
1837 420.00
1838 240.00
1839 380.00
1840 260.00
1841 180.00
1842 380.00
1843 200.00
1844 420.00
1845 360.00
1846 380.00
1847 140.00
1848 420.00
1849 180.00
1850 140.00
1851 380.00
1852 260.00
1853 260.00
1854 500.00
1855 400.00
1856 380.00
1857 500.00
1858 380.00
1859 380.00
1860 500.00
1861 220.00
1862 320.00
1863 400.00
1864 420.00
1865 400.00
1866 420.00
1867 480.00
1868 420.00
1869 500.00
1870 460.00
1871 460.00
1872 380.00
1873 440.00
1874 340.00
1875 400.00
1876 380.00
1877 280.00
1878 360.00
1879 380.00
1880 280.00
1881 420.00
1882 420.00
1883 240.00
1884 400.00
1885 360.00
1886 260.00
1887 480.00
1888 380.00
1889 280.00
1890 420.00
1891 420.00
1892 380.00
1893 220.00
1894 400.00
1895 260.00
1896 280.00
1897 380.00
1898 360.00
1899 480.00
1900 360.00
1901 280.00
1902 420.00
1903 380.00
1904 360.00
1905 200.00
1906 400.00
1907 500.00
1908 460.00
1909 360.00
1910 220.00
1911 480.00
1912 480.00
1913 500.00
1914 400.00
1915 440.00
1916 380.00
1917 380.00
1918 460.00
1919 440.00
1920 220.00
1921 420.00
1922 440.00
1923 440.00
1924 460.00
1925 440.00
1926 260.00
1927 240.00
1928 320.00
1929 420.00
1930 420.00
1931 460.00
1932 460.00
1933 280.00
1934 280.00
1935 480.00
1936 460.00
1937 340.00
1938 440.00
1939 360.00
1940 360.00
1941 460.00
1942 360.00
1943 480.00
1944 220.00
1945 480.00
1946 500.00
1947 400.00
1948 280.00
1949 340.00
1950 380.00
1951 500.00
1952 160.00
1953 500.00
1954 280.00
1955 340.00
1956 260.00
1957 340.00
1958 220.00
1959 200.00
1960 240.00
1961 360.00
1962 400.00
1963 180.00
1964 380.00
1965 320.00
1966 360.00
1967 220.00
1968 440.00
1969 380.00
1970 240.00
1971 340.00
1972 480.00
1973 500.00
1974 440.00
1975 460.00
1976 280.00
1977 500.00
1978 480.00
1979 400.00
1980 420.00
1981 400.00
1982 480.00
1983 200.00
1984 260.00
1985 500.00
1986 480.00
1987 260.00
1988 460.00
1989 480.00
1990 360.00
1991 440.00
1992 220.00
1993 260.00
1994 140.00
1995 360.00
1996 500.00
1997 500.00
1998 400.00
1999 320.00
2000 200.00
2001 420.00
2002 440.00
2003 500.00
2004 380.00
2005 440.00
2006 360.00
2007 460.00
2008 220.00
2009 380.00
2010 340.00
2011 440.00
2012 440.00
2013 240.00
2014 480.00
2015 400.00
2016 340.00
2017 220.00
2018 400.00
2019 440.00
2020 380.00
2021 340.00
2022 300.00
2023 240.00
2024 460.00
2025 320.00
2026 420.00
2027 400.00
2028 380.00
2029 460.00
2030 340.00
2031 440.00
2032 420.00
2033 200.00
2034 280.00
2035 240.00
2036 300.00
2037 500.00
2038 380.00
2039 500.00
2040 460.00
2041 240.00
2042 420.00
2043 460.00
2044 360.00
2045 420.00
2046 400.00
2047 480.00
2048 500.00
2049 220.00
2050 480.00
2051 260.00
2052 440.00
2053 340.00
2054 460.00
2055 460.00
2056 340.00
2057 460.00
2058 400.00
2059 420.00
2060 340.00
2061 400.00
2062 360.00
2063 280.00
2064 380.00
2065 340.00
2066 340.00
2067 380.00
2068 340.00
2069 360.00
2070 240.00
2071 360.00
2072 380.00
2073 400.00
2074 320.00
2075 280.00
2076 360.00
2077 100.00
2078 420.00
2079 260.00
2080 400.00
2081 340.00
2082 220.00
2083 360.00
2084 260.00
2085 360.00
2086 360.00
2087 500.00
2088 440.00
2089 320.00
2090 180.00
2091 280.00
2092 200.00
2093 440.00
2094 420.00
2095 40.00
2096 440.00
2097 280.00
2098 380.00
2099 480.00
2100 300.00
2101 360.00
2102 480.00
2103 460.00
2104 480.00
2105 220.00
2106 500.00
2107 240.00
2108 380.00
2109 220.00
2110 260.00
2111 280.00
2112 380.00
2113 220.00
2114 340.00
2115 400.00
2116 300.00
2117 240.00
2118 420.00
2119 320.00
2120 460.00
2121 300.00
2122 200.00
2123 360.00
2124 420.00
2125 160.00
2126 500.00
2127 420.00
2128 440.00
2129 480.00
2130 440.00
2131 500.00
2132 240.00
2133 500.00
2134 380.00
2135 220.00
2136 460.00
2137 500.00
2138 460.00
2139 240.00
2140 300.00
2141 380.00
2142 420.00
2143 280.00
2144 400.00
2145 200.00
2146 400.00
2147 180.00
2148 420.00
2149 420.00
2150 400.00
2151 380.00
2152 260.00
2153 440.00
2154 340.00
2155 280.00
2156 420.00
2157 460.00
2158 240.00
2159 280.00
2160 380.00
2161 440.00
2162 240.00
2163 280.00
2164 480.00
2165 400.00
2166 200.00
2167 420.00
2168 360.00
2169 480.00
2170 220.00
2171 360.00
2172 420.00
2173 400.00
2174 340.00
2175 400.00
2176 160.00
2177 380.00
2178 420.00
2179 440.00
2180 480.00
2181 400.00
2182 420.00
2183 440.00
2184 420.00
2185 420.00
2186 380.00
2187 360.00
2188 320.00
2189 220.00
2190 280.00
2191 400.00
2192 420.00
2193 420.00
2194 460.00
2195 460.00
2196 400.00
2197 440.00
2198 240.00
2199 220.00
2200 440.00
2201 340.00
2202 240.00
2203 440.00
2204 200.00
2205 400.00
2206 440.00
2207 500.00
2208 440.00
2209 340.00
2210 240.00
2211 300.00
2212 420.00
2213 240.00
2214 480.00
2215 360.00
2216 380.00
2217 280.00
2218 220.00
2219 340.00
2220 420.00
2221 420.00
2222 300.00
2223 240.00
2224 400.00
2225 340.00
2226 400.00
2227 400.00
2228 240.00
2229 440.00
2230 380.00
2231 260.00
2232 420.00
2233 400.00
2234 380.00
2235 180.00
2236 280.00
2237 460.00
2238 420.00
2239 200.00
2240 420.00
2241 400.00
2242 440.00
2243 420.00
2244 260.00
2245 440.00
2246 220.00
2247 220.00
2248 400.00
2249 420.00
2250 400.00
2251 480.00
2252 400.00
2253 480.00
2254 320.00
2255 420.00
2256 460.00
2257 360.00
2258 320.00
2259 420.00
2260 440.00
2261 360.00
2262 240.00
2263 280.00
2264 440.00
2265 360.00
2266 440.00
2267 420.00
2268 260.00
2269 460.00
2270 260.00
2271 360.00
2272 160.00
2273 360.00
2274 440.00
2275 400.00
2276 220.00
2277 400.00
2278 200.00
2279 200.00
2280 200.00
2281 320.00
2282 420.00
2283 400.00
2284 320.00
2285 440.00
2286 340.00
2287 380.00
2288 400.00
2289 400.00
2290 380.00
2291 240.00
2292 320.00
2293 380.00
2294 420.00
2295 360.00
2296 480.00
2297 440.00
2298 400.00
2299 280.00
2300 440.00
2301 440.00
2302 220.00
2303 420.00
2304 140.00
2305 420.00
2306 320.00
2307 380.00
2308 360.00
2309 360.00
2310 440.00
2311 360.00
2312 260.00
2313 360.00
2314 400.00
2315 460.00
2316 440.00
2317 320.00
2318 380.00
2319 400.00
2320 440.00
2321 360.00
2322 440.00
2323 400.00
2324 260.00
2325 380.00
2326 280.00
2327 360.00
2328 440.00
2329 180.00
2330 340.00
2331 380.00
2332 300.00
2333 220.00
2334 480.00
2335 420.00
2336 400.00
2337 500.00
2338 300.00
2339 200.00
2340 300.00
2341 360.00
2342 440.00
2343 380.00
2344 220.00
2345 340.00
2346 320.00
2347 300.00
2348 340.00
2349 400.00
2350 320.00
2351 420.00
2352 440.00
2353 240.00
2354 420.00
2355 240.00
2356 240.00
2357 200.00
2358 280.00
2359 380.00
2360 200.00
2361 280.00
2362 420.00
2363 340.00
2364 240.00
2365 380.00
2366 380.00
2367 360.00
2368 300.00
2369 320.00
2370 220.00
2371 200.00
2372 360.00
2373 100.00
2374 140.00
2375 400.00
2376 280.00
2377 380.00
2378 200.00
2379 340.00
2380 420.00
2381 400.00
2382 220.00
2383 400.00
2384 180.00
2385 400.00
2386 240.00
2387 380.00
2388 380.00
2389 300.00
2390 380.00
2391 200.00
2392 380.00
2393 220.00
2394 400.00
2395 460.00
2396 360.00
2397 380.00
2398 220.00
2399 500.00
2400 420.00
2401 440.00
2402 220.00
2403 280.00
2404 340.00
2405 400.00
2406 420.00
2407 380.00
2408 360.00
2409 220.00
2410 420.00
2411 320.00
2412 340.00
2413 460.00
2414 440.00
2415 180.00
2416 200.00
2417 200.00
2418 460.00
2419 340.00
2420 400.00
2421 260.00
2422 420.00
2423 240.00
2424 360.00
2425 480.00
2426 280.00
2427 360.00
2428 240.00
2429 360.00
2430 380.00
2431 380.00
2432 360.00
2433 420.00
2434 400.00
2435 400.00
2436 260.00
2437 440.00
2438 320.00
2439 480.00
2440 380.00
2441 440.00
2442 400.00
2443 480.00
2444 460.00
2445 240.00
2446 220.00
2447 480.00
2448 460.00
2449 420.00
2450 420.00
2451 320.00
2452 380.00
2453 460.00
2454 420.00
2455 220.00
2456 440.00
2457 420.00
2458 420.00
2459 480.00
2460 420.00
2461 420.00
2462 380.00
2463 460.00
2464 500.00
2465 420.00
2466 280.00
2467 440.00
2468 360.00
2469 320.00
2470 400.00
2471 400.00
2472 240.00
2473 500.00
2474 440.00
2475 300.00
2476 240.00
2477 220.00
2478 400.00
2479 340.00
2480 360.00
2481 280.00
2482 420.00
2483 320.00
2484 440.00
2485 460.00
2486 240.00
2487 440.00
2488 220.00
2489 440.00
2490 440.00
2491 300.00
2492 240.00
2493 400.00
2494 440.00
2495 200.00
2496 420.00
2497 240.00
2498 280.00
2499 220.00
2500 460.00
2501 220.00
2502 360.00
2503 420.00
2504 340.00
2505 420.00
2506 320.00
2507 320.00
2508 380.00
2509 340.00
2510 400.00
2511 340.00
2512 340.00
2513 420.00
2514 260.00
2515 260.00
2516 160.00
2517 400.00
2518 380.00
2519 360.00
2520 220.00
2521 400.00
2522 380.00
2523 220.00
2524 440.00
2525 260.00
2526 200.00
2527 480.00
2528 420.00
2529 420.00
2530 420.00
2531 180.00
2532 460.00
2533 440.00
2534 420.00
2535 360.00
2536 440.00
2537 220.00
2538 400.00
2539 380.00
2540 200.00
2541 440.00
2542 420.00
2543 420.00
2544 440.00
2545 480.00
2546 220.00
2547 320.00
2548 240.00
2549 440.00
2550 440.00
2551 400.00
2552 440.00
2553 280.00
2554 420.00
2555 380.00
2556 460.00
2557 220.00
2558 420.00
2559 480.00
2560 480.00
2561 360.00
2562 120.00
2563 460.00
2564 380.00
2565 240.00
2566 480.00
2567 420.00
2568 400.00
2569 200.00
2570 480.00
2571 460.00
2572 440.00
2573 500.00
2574 240.00
2575 500.00
2576 420.00
2577 440.00
2578 280.00
2579 300.00
2580 420.00
2581 440.00
2582 380.00
2583 180.00
2584 200.00
2585 280.00
2586 440.00
2587 300.00
2588 440.00
2589 400.00
2590 320.00
2591 420.00
2592 500.00
2593 420.00
2594 440.00
2595 220.00
2596 220.00
2597 460.00
2598 420.00
2599 380.00
2600 460.00
2601 200.00
2602 480.00
2603 420.00
2604 380.00
2605 440.00
2606 400.00
2607 460.00
2608 420.00
2609 460.00
2610 240.00
2611 420.00
2612 420.00
2613 360.00
2614 320.00
2615 260.00
2616 320.00
2617 280.00
2618 300.00
2619 320.00
2620 380.00
2621 440.00
2622 200.00
2623 480.00
2624 500.00
2625 380.00
2626 300.00
2627 380.00
2628 380.00
2629 340.00
2630 360.00
2631 200.00
2632 460.00
2633 220.00
2634 340.00
2635 200.00
2636 480.00
2637 180.00
2638 380.00
2639 140.00
2640 180.00
2641 440.00
2642 160.00
2643 320.00
2644 240.00
2645 140.00
2646 220.00
2647 400.00
2648 340.00
2649 440.00
2650 460.00
2651 380.00
2652 340.00
2653 280.00
2654 120.00
2655 400.00
2656 380.00
2657 320.00
2658 380.00
2659 460.00
2660 200.00
2661 220.00
2662 320.00
2663 380.00
2664 400.00
2665 240.00
2666 340.00
2667 260.00
2668 380.00
2669 140.00
2670 360.00
2671 120.00
2672 160.00
2673 460.00
2674 320.00
2675 80.00
2676 380.00
2677 260.00
2678 340.00
2679 440.00
2680 340.00
2681 420.00
2682 420.00
2683 200.00
2684 420.00
2685 340.00
2686 400.00
2687 480.00
2688 380.00
2689 500.00
2690 260.00
2691 160.00
2692 420.00
2693 460.00
2694 440.00
2695 460.00
2696 460.00
2697 480.00
2698 240.00
2699 400.00
2700 240.00
2701 460.00
2702 500.00
2703 460.00
2704 200.00
2705 340.00
2706 360.00
2707 440.00
2708 400.00
2709 240.00
2710 360.00
2711 440.00
2712 440.00
2713 440.00
2714 360.00
2715 220.00
2716 320.00
2717 440.00
2718 220.00
2719 180.00
2720 460.00
2721 460.00
2722 400.00
2723 400.00
2724 380.00
2725 280.00
2726 460.00
2727 420.00
2728 460.00
2729 320.00
2730 440.00
2731 280.00
2732 240.00
2733 380.00
2734 400.00
2735 380.00
2736 420.00
2737 320.00
2738 220.00
2739 440.00
2740 440.00
2741 240.00
2742 200.00
2743 420.00
2744 300.00
2745 420.00
2746 360.00
2747 480.00
2748 380.00
2749 260.00
2750 500.00
2751 480.00
2752 260.00
2753 460.00
2754 480.00
2755 340.00
2756 400.00
2757 320.00
2758 440.00
2759 220.00
2760 380.00
2761 420.00
2762 380.00
2763 280.00
2764 440.00
2765 460.00
2766 440.00
2767 420.00
2768 340.00
2769 240.00
2770 400.00
2771 360.00
2772 380.00
2773 400.00
2774 440.00
2775 220.00
2776 420.00
2777 280.00
2778 320.00
2779 260.00
2780 460.00
2781 380.00
2782 420.00
2783 400.00
2784 380.00
2785 280.00
2786 480.00
2787 440.00
2788 400.00
2789 460.00
2790 360.00
2791 360.00
2792 380.00
2793 380.00
2794 440.00
2795 400.00
2796 140.00
2797 220.00
2798 200.00
2799 360.00
2800 340.00
2801 420.00
2802 380.00
2803 380.00
2804 260.00
2805 460.00
2806 340.00
2807 300.00
2808 400.00
2809 480.00
2810 260.00
2811 360.00
2812 220.00
2813 360.00
2814 260.00
2815 360.00
2816 340.00
2817 200.00
2818 280.00
2819 380.00
2820 400.00
2821 340.00
2822 200.00
2823 100.00
2824 260.00
2825 440.00
2826 500.00
2827 420.00
2828 320.00
2829 320.00
2830 380.00
2831 320.00
2832 420.00
2833 420.00
2834 340.00
2835 260.00
2836 280.00
2837 340.00
2838 240.00
2839 360.00
2840 360.00
2841 420.00
2842 220.00
2843 400.00
2844 360.00
2845 60.00
2846 380.00
2847 340.00
2848 500.00
2849 200.00
2850 240.00
2851 280.00
2852 420.00
2853 400.00
2854 400.00
2855 320.00
2856 340.00
2857 460.00
2858 400.00
2859 340.00
2860 380.00
2861 240.00
2862 440.00
2863 140.00
2864 380.00
2865 420.00
2866 400.00
2867 400.00
2868 320.00
2869 240.00
2870 360.00
2871 420.00
2872 380.00
2873 280.00
2874 340.00
2875 420.00
2876 440.00
2877 400.00
2878 460.00
2879 380.00
2880 300.00
2881 400.00
2882 440.00
2883 400.00
2884 360.00
2885 340.00
2886 500.00
2887 200.00
2888 420.00
2889 440.00
2890 420.00
2891 500.00
2892 240.00
2893 480.00
2894 420.00
2895 440.00
2896 220.00
2897 380.00
2898 480.00
2899 280.00
2900 440.00
2901 420.00
2902 460.00
2903 340.00
2904 300.00
2905 500.00
2906 240.00
2907 360.00
2908 340.00
2909 240.00
2910 260.00
2911 420.00
2912 360.00
2913 400.00
2914 320.00
2915 440.00
2916 340.00
2917 420.00
2918 420.00
2919 420.00
2920 340.00
2921 240.00
2922 400.00
2923 380.00
2924 420.00
2925 220.00
2926 460.00
2927 400.00
2928 340.00
2929 360.00
2930 400.00
2931 420.00
2932 440.00
2933 360.00
2934 320.00
2935 420.00
2936 380.00
2937 460.00
2938 180.00
2939 420.00
2940 400.00
2941 360.00
2942 460.00
2943 500.00
2944 300.00
2945 280.00
2946 160.00
2947 360.00
2948 340.00
2949 320.00
2950 300.00
2951 460.00
2952 460.00
2953 200.00
2954 460.00
2955 400.00
2956 440.00
2957 400.00
2958 220.00
2959 400.00
2960 160.00
2961 380.00
2962 200.00
2963 380.00
2964 380.00
2965 240.00
2966 160.00
2967 420.00
2968 500.00
2969 320.00
2970 440.00
2971 420.00
2972 340.00
2973 340.00
2974 440.00
2975 280.00
2976 160.00
2977 320.00
2978 480.00
2979 200.00
2980 480.00
2981 420.00
2982 300.00
2983 420.00
2984 380.00
2985 420.00
2986 440.00
2987 200.00
2988 180.00
2989 420.00
2990 340.00
2991 280.00
2992 220.00
2993 460.00
2994 420.00
2995 320.00
2996 440.00
2997 360.00
2998 460.00
2999 480.00
