0 -0.25
1 -0.32
2 -0.21
3 -0.07
4 -0.12
5 -0.23
6 -0.11
7 -0.13
8 -0.21
9 -0.25
10 -0.01
11 -0.17
12 -0.13
13 -0.19
14 0.49
15 -0.18
16 0.49
17 -0.11
18 0.49
19 -0.36
20 0.40
21 -0.05
22 -0.25
23 0.49
24 0.49
25 -0.36
26 -0.07
27 -0.32
28 -0.21
29 -0.21
30 -0.17
31 -0.17
32 -0.23
33 -0.17
34 -0.29
35 -0.19
36 -0.08
37 0.46
38 -0.02
39 -0.17
40 -0.20
41 -0.21
42 -0.05
43 -0.32
44 -0.24
45 -0.21
46 0.34
47 0.49
48 0.49
49 -0.17
50 0.49
51 0.49
52 -0.11
53 -0.12
54 0.44
55 0.46
56 0.42
57 0.40
58 0.49
59 0.40
60 0.49
61 0.46
62 0.29
63 0.42
64 0.24
65 0.38
66 -0.16
67 0.49
68 -0.36
69 -0.11
70 0.40
71 -0.19
72 0.38
73 0.49
74 -0.28
75 0.21
76 -0.28
77 0.49
78 0.49
79 0.38
80 -0.29
81 0.49
82 0.44
83 0.49
84 -0.29
85 -0.21
86 0.49
87 -0.36
88 -0.26
89 -0.19
90 -0.40
91 -0.26
92 -0.17
93 -0.19
94 -0.01
95 -0.25
96 -0.32
97 -0.15
98 -0.23
99 -0.32
100 -0.29
101 -0.17
102 -0.29
103 -0.31
104 0.42
105 -0.26
106 0.44
107 0.02
108 0.49
109 0.42
110 -0.32
111 0.44
112 0.44
113 0.24
114 0.46
115 0.00
116 -0.02
117 -0.38
118 0.49
119 -0.36
120 0.49
121 -0.01
122 -0.01
123 -0.20
124 -0.17
125 0.46
126 0.12
127 0.49
128 0.49
129 -0.28
130 0.49
131 -0.34
132 0.49
133 -0.31
134 0.49
135 -0.38
136 0.49
137 0.49
138 0.44
139 -0.08
140 -0.09
141 -0.32
142 -0.21
143 0.49
144 0.49
145 -0.36
146 0.49
147 0.46
148 -0.32
149 -0.10
150 -0.32
151 -0.12
152 -0.26
153 -0.07
154 0.49
155 0.49
156 0.49
157 0.49
158 0.49
159 0.49
160 0.49
161 0.49
162 0.49
163 -0.34
164 0.49
165 -0.29
166 0.49
167 0.49
168 0.49
169 0.44
170 0.49
171 -0.31
172 0.49
173 -0.32
174 0.49
175 0.49
176 0.49
177 -0.34
178 0.49
179 -0.28
180 0.49
181 0.49
182 -0.29
183 -0.21
184 -0.28
185 -0.11
186 0.49
187 -0.38
188 -0.32
189 0.49
190 0.49
191 -0.26
192 0.49
193 0.44
194 0.46
195 -0.31
196 0.44
197 -0.29
198 0.31
199 0.49
200 -0.36
201 0.49
202 0.49
203 0.46
204 -0.26
205 0.49
206 0.44
207 0.49
208 -0.31
209 0.49
210 0.46
211 -0.29
212 0.46
213 0.46
214 0.49
215 -0.31
216 0.46
217 -0.34
218 0.49
219 0.49
220 0.44
221 -0.29
222 0.46
223 -0.29
224 0.49
225 0.49
226 -0.29
227 0.49
228 -0.32
229 -0.26
230 -0.24
231 -0.21
232 -0.03
233 -0.38
234 -0.07
235 -0.23
236 -0.02
237 -0.14
238 -0.04
239 -0.07
240 -0.03
241 -0.08
242 -0.05
243 0.49
244 0.49
245 0.49
246 0.46
247 -0.15
248 -0.29
249 -0.13
250 0.49
251 -0.32
252 0.49
253 -0.28
254 0.42
255 0.49
256 0.49
257 0.49
258 0.46
259 0.49
260 -0.31
261 0.46
262 -0.36
263 0.49
264 -0.29
265 0.49
266 -0.34
267 0.49
268 0.49
269 0.49
270 -0.36
271 -0.31
272 -0.32
273 0.38
274 0.24
275 0.42
276 0.40
277 -0.29
278 0.49
279 -0.28
280 -0.29
281 -0.31
282 -0.17
283 0.49
284 -0.12
285 0.44
286 -0.29
287 0.49
288 0.46
289 0.49
290 -0.11
291 -0.24
292 0.49
293 0.49
294 -0.38
295 -0.34
296 -0.31
297 -0.09
298 -0.05
299 -0.25
300 -0.19
301 -0.32
302 -0.11
303 0.46
304 0.49
305 0.49
306 -0.36
307 0.09
308 0.49
309 -0.38
310 0.49
311 0.44
312 0.13
313 0.49
314 -0.38
315 -0.24
316 -0.34
317 0.49
318 0.44
319 0.44
320 0.49
321 -0.32
322 -0.32
323 0.42
324 0.49
325 0.49
326 0.49
327 0.40
328 0.49
329 0.49
330 -0.38
331 0.49
332 -0.38
333 0.44
334 0.49
335 0.11
336 -0.36
337 -0.36
338 -0.06
339 -0.25
340 0.46
341 0.49
342 -0.21
343 0.49
344 -0.26
345 0.42
346 0.40
347 0.49
348 -0.11
349 -0.32
350 0.49
351 0.49
352 0.49
353 0.49
354 0.46
355 -0.12
356 0.34
357 -0.28
358 -0.24
359 0.49
360 0.10
361 0.44
362 0.49
363 0.40
364 -0.34
365 0.49
366 0.46
367 -0.13
368 -0.29
369 -0.28
370 -0.21
371 -0.19
372 -0.26
373 -0.25
374 -0.19
375 -0.23
376 -0.18
377 -0.25
378 0.44
379 0.49
380 0.49
381 0.49
382 0.49
383 0.49
384 -0.34
385 0.46
386 0.44
387 0.49
388 -0.32
389 0.49
390 0.40
391 -0.09
392 -0.23
393 -0.23
394 -0.05
395 0.49
396 0.28
397 0.49
398 0.46
399 0.44
400 -0.15
401 -0.23
402 0.46
403 0.49
404 -0.08
405 -0.08
406 -0.15
407 -0.19
408 0.49
409 0.49
410 0.49
411 -0.10
412 -0.19
413 -0.10
414 -0.23
415 -0.21
416 0.49
417 0.49
418 0.49
419 0.44
420 0.49
421 0.49
422 0.49
423 0.49
424 0.49
425 -0.34
426 -0.31
427 0.42
428 0.46
429 0.44
430 0.44
431 0.40
432 -0.38
433 0.49
434 0.42
435 0.42
436 0.44
437 -0.24
438 0.49
439 0.46
440 0.49
441 0.49
442 -0.26
443 0.49
444 -0.12
445 -0.31
446 0.42
447 -0.08
448 0.42
449 -0.24
450 0.49
451 -0.21
452 -0.07
453 -0.26
454 -0.23
455 -0.20
456 -0.29
457 -0.29
458 -0.19
459 -0.07
460 -0.14
461 -0.25
462 -0.10
463 -0.16
464 -0.12
465 -0.20
466 -0.21
467 -0.31
468 -0.26
469 0.49
470 0.49
471 0.49
472 -0.36
473 0.44
474 -0.29
475 0.44
476 0.49
477 -0.26
478 -0.17
479 -0.28
480 -0.34
481 -0.31
482 0.49
483 0.49
484 0.49
485 0.46
486 0.49
487 0.46
488 0.49
489 0.49
490 0.49
491 0.49
492 -0.31
493 0.49
494 0.44
495 -0.34
496 -0.29
497 -0.34
498 0.49
499 0.46
500 -0.10
501 0.49
502 -0.31
503 -0.36
504 0.49
505 -0.12
506 0.44
507 0.49
508 0.49
509 0.42
510 0.49
511 0.49
512 -0.31
513 -0.29
514 0.38
515 0.46
516 0.49
517 0.49
518 0.49
519 -0.09
520 -0.28
521 0.44
522 0.44
523 0.49
524 0.49
525 -0.26
526 -0.36
527 0.44
528 -0.29
529 -0.25
530 0.44
531 0.42
532 0.44
533 -0.31
534 0.44
535 -0.36
536 0.44
537 0.40
538 -0.38
539 -0.42
540 -0.28
541 -0.34
542 -0.31
543 -0.18
544 -0.09
545 -0.12
546 -0.11
547 -0.18
548 -0.17
549 -0.25
550 -0.06
551 -0.26
552 -0.10
553 -0.26
554 -0.20
555 -0.08
556 -0.23
557 -0.23
558 -0.23
559 -0.36
560 0.44
561 -0.24
562 0.13
563 0.49
564 0.49
565 -0.34
566 0.49
567 -0.17
568 -0.10
569 0.49
570 -0.31
571 -0.31
572 0.44
573 -0.28
574 0.46
575 0.46
576 -0.25
577 -0.26
578 0.44
579 0.44
580 0.49
581 0.44
582 0.44
583 0.32
584 -0.28
585 0.40
586 -0.28
587 0.40
588 0.40
589 0.44
590 0.40
591 0.44
592 0.44
593 0.26
594 0.42
595 0.44
596 0.40
597 0.42
598 0.44
599 0.42
600 0.44
601 -0.36
602 -0.38
603 -0.36
604 -0.34
605 0.40
606 0.12
607 0.44
608 0.44
609 0.14
610 0.42
611 0.14
612 0.13
613 0.42
614 0.28
615 0.12
616 0.40
617 0.42
618 0.44
619 0.44
620 0.44
621 -0.36
622 0.42
623 0.44
624 0.40
625 0.44
626 0.44
627 0.13
628 0.44
629 0.13
630 0.42
631 -0.25
632 0.44
633 0.44
634 0.12
635 0.12
636 0.11
637 -0.36
638 -0.31
639 0.42
640 -0.36
641 0.32
642 0.32
643 0.42
644 -0.23
645 0.36
646 -0.31
647 -0.17
648 -0.10
649 -0.17
650 0.14
651 0.14
652 0.42
653 0.42
654 0.40
655 -0.31
656 0.42
657 0.34
658 0.40
659 -0.26
660 -0.26
661 0.42
662 0.38
663 0.42
664 -0.32
665 0.34
666 0.42
667 0.42
668 0.36
669 0.42
670 0.42
671 -0.36
672 0.42
673 0.31
674 0.32
675 0.31
676 0.42
677 0.23
678 0.34
679 0.42
680 0.31
681 -0.38
682 0.34
683 0.31
684 0.42
685 -0.14
686 -0.21
687 0.42
688 0.34
689 0.34
690 0.42
691 0.42
692 0.44
693 -0.34
694 -0.34
695 0.38
696 -0.36
697 0.34
698 0.32
699 0.32
700 0.38
701 0.34
702 0.38
703 0.42
704 0.42
705 -0.31
706 0.42
707 0.42
708 0.34
709 0.42
710 0.42
711 -0.23
712 0.34
713 0.40
714 0.42
715 -0.21
716 -0.08
717 0.42
718 0.28
719 0.42
720 -0.02
721 -0.19
722 -0.07
723 0.25
724 0.42
725 -0.29
726 0.42
727 0.13
728 0.31
729 0.42
730 0.42
731 -0.25
732 -0.14
733 -0.07
734 -0.00
735 -0.03
736 -0.17
737 -0.10
738 -0.19
739 -0.01
740 -0.21
741 -0.29
742 -0.34
743 0.49
744 -0.29
745 0.29
746 0.49
747 -0.25
748 0.36
749 -0.10
750 0.38
751 -0.31
752 -0.31
753 -0.32
754 0.49
755 0.49
756 0.49
757 0.49
758 0.49
759 0.44
760 0.49
761 0.49
762 -0.09
763 0.46
764 -0.26
765 0.46
766 0.44
767 0.44
768 0.44
769 0.32
770 -0.06
771 0.44
772 0.29
773 -0.14
774 0.12
775 0.03
776 0.44
777 0.49
778 0.40
779 0.49
780 0.49
781 0.46
782 0.46
783 -0.25
784 0.46
785 0.49
786 -0.31
787 0.49
788 0.40
789 0.49
790 0.49
791 -0.23
792 0.49
793 0.29
794 0.44
795 0.42
796 0.40
797 0.36
798 -0.28
799 0.44
800 0.44
801 -0.24
802 -0.38
803 0.38
804 0.38
805 -0.17
806 0.36
807 0.42
808 0.32
809 0.40
810 -0.12
811 0.42
812 0.44
813 0.34
814 -0.25
815 -0.25
816 0.34
817 0.32
818 0.42
819 -0.34
820 -0.08
821 -0.29
822 -0.29
823 -0.29
824 -0.32
825 -0.08
826 0.11
827 0.42
828 -0.32
829 0.12
830 -0.29
831 -0.17
832 -0.14
833 -0.23
834 -0.10
835 -0.20
836 -0.24
837 -0.17
838 -0.20
839 -0.26
840 -0.25
841 0.23
842 -0.19
843 -0.34
844 -0.34
845 0.10
846 -0.03
847 -0.06
848 0.12
849 0.12
850 -0.20
851 0.38
852 -0.34
853 0.40
854 0.36
855 0.28
856 0.40
857 -0.14
858 0.49
859 -0.32
860 0.31
861 0.42
862 -0.28
863 -0.34
864 0.11
865 0.12
866 -0.01
867 -0.34
868 -0.20
869 -0.17
870 -0.15
871 -0.36
872 -0.14
873 -0.17
874 0.44
875 0.49
876 0.42
877 0.42
878 0.49
879 -0.09
880 -0.25
881 0.49
882 -0.29
883 0.49
884 -0.31
885 0.49
886 -0.31
887 -0.24
888 0.49
889 0.49
890 0.44
891 -0.34
892 0.49
893 -0.29
894 -0.32
895 0.49
896 -0.31
897 -0.32
898 -0.34
899 0.40
900 0.49
901 0.46
902 -0.25
903 0.46
904 0.49
905 0.46
906 -0.26
907 0.46
908 0.40
909 -0.29
910 -0.32
911 -0.31
912 -0.36
913 0.44
914 0.38
915 0.46
916 0.46
917 -0.34
918 0.49
919 0.49
920 0.49
921 0.49
922 0.49
923 -0.08
924 0.44
925 0.49
926 0.42
927 -0.31
928 0.44
929 -0.34
930 -0.34
931 0.49
932 -0.29
933 -0.31
934 0.44
935 -0.36
936 0.14
937 0.12
938 0.44
939 0.12
940 0.12
941 0.13
942 0.44
943 0.40
944 0.38
945 0.44
946 0.44
947 0.14
948 0.40
949 0.12
950 0.44
951 0.14
952 0.12
953 0.44
954 0.38
955 0.44
956 0.11
957 0.40
958 0.26
959 0.42
960 0.36
961 0.40
962 0.42
963 0.12
964 0.13
965 -0.20
966 -0.01
967 0.34
968 0.42
969 0.42
970 0.44
971 0.44
972 0.44
973 0.09
974 -0.00
975 -0.36
976 -0.20
977 -0.24
978 -0.01
979 -0.05
980 -0.14
981 0.06
982 -0.23
983 0.12
984 0.42
985 0.44
986 -0.32
987 0.44
988 0.11
989 -0.03
990 0.31
991 0.38
992 0.42
993 -0.32
994 0.38
995 -0.19
996 -0.31
997 -0.10
998 -0.07
999 -0.23
1000 0.44
1001 0.44
1002 0.44
1003 0.44
1004 0.44
1005 0.40
1006 0.40
1007 0.13
1008 0.40
1009 0.13
1010 -0.17
1011 0.44
1012 0.42
1013 0.44
1014 0.13
1015 0.07
1016 -0.03
1017 -0.14
1018 0.40
1019 0.44
1020 0.13
1021 0.44
1022 -0.15
1023 0.05
1024 0.40
1025 0.44
1026 0.44
1027 -0.29
1028 0.12
1029 0.13
1030 0.12
1031 0.44
1032 0.12
1033 0.44
1034 0.44
1035 0.44
1036 0.13
1037 0.44
1038 0.15
1039 0.40
1040 0.40
1041 0.12
1042 0.42
1043 0.34
1044 -0.31
1045 0.10
1046 0.44
1047 0.44
1048 0.44
1049 0.42
1050 0.09
1051 0.06
1052 0.44
1053 0.40
1054 0.36
1055 0.42
1056 0.40
1057 0.44
1058 0.44
1059 0.44
1060 -0.26
1061 -0.40
1062 0.29
1063 0.40
1064 0.40
1065 -0.24
1066 0.44
1067 -0.32
1068 -0.19
1069 0.03
1070 0.40
1071 0.44
1072 0.40
1073 -0.38
1074 0.44
1075 0.40
1076 0.12
1077 0.38
1078 0.04
1079 0.06
1080 -0.34
1081 -0.00
1082 -0.04
1083 -0.00
1084 -0.06
1085 0.14
1086 0.10
1087 0.44
1088 0.44
1089 0.42
1090 0.44
1091 0.44
1092 0.42
1093 0.38
1094 0.44
1095 0.44
1096 0.10
1097 0.40
1098 0.38
1099 0.08
1100 0.42
1101 0.11
1102 0.11
1103 0.12
1104 0.42
1105 0.42
1106 0.42
1107 0.42
1108 0.09
1109 -0.34
1110 0.38
1111 0.14
1112 0.12
1113 -0.34
1114 0.40
1115 -0.00
1116 -0.29
1117 0.02
1118 0.09
1119 0.44
1120 0.44
1121 0.12
1122 0.34
1123 0.44
1124 0.44
1125 0.44
1126 -0.20
1127 -0.40
1128 0.13
1129 0.44
1130 0.09
1131 0.40
1132 0.14
1133 0.10
1134 0.09
1135 0.11
1136 0.08
1137 0.44
1138 0.42
1139 0.06
1140 0.12
1141 -0.34
1142 0.40
1143 0.09
1144 0.44
1145 0.12
1146 0.11
1147 0.44
1148 -0.38
1149 0.14
1150 0.14
1151 0.44
1152 0.42
1153 0.12
1154 0.44
1155 0.29
1156 0.40
1157 -0.29
1158 -0.05
1159 -0.34
1160 -0.14
1161 -0.05
1162 0.38
1163 0.36
1164 0.13
1165 -0.14
1166 0.40
1167 -0.40
1168 0.40
1169 0.44
1170 -0.34
1171 0.36
1172 0.44
1173 0.40
1174 0.11
1175 0.42
1176 0.44
1177 0.44
1178 0.40
1179 0.44
1180 0.40
1181 0.44
1182 0.12
1183 0.11
1184 0.40
1185 0.44
1186 0.08
1187 0.42
1188 0.09
1189 0.16
1190 0.40
1191 -0.23
1192 0.04
1193 0.44
1194 0.14
1195 0.40
1196 0.44
1197 0.13
1198 -0.28
1199 -0.13
1200 0.40
1201 0.44
1202 0.36
1203 -0.02
1204 0.44
1205 0.38
1206 0.40
1207 0.14
1208 -0.17
1209 0.44
1210 0.09
1211 0.44
1212 0.44
1213 0.13
1214 0.12
1215 0.40
1216 0.44
1217 0.42
1218 -0.32
1219 0.10
1220 0.44
1221 0.44
1222 -0.38
1223 0.14
1224 0.42
1225 0.34
1226 0.44
1227 -0.38
1228 -0.29
1229 0.05
1230 0.36
1231 0.10
1232 0.12
1233 0.12
1234 0.12
1235 -0.03
1236 -0.00
1237 0.01
1238 0.44
1239 0.44
1240 0.07
1241 0.14
1242 0.26
1243 0.32
1244 0.44
1245 0.06
1246 0.40
1247 0.44
1248 0.44
1249 0.10
1250 0.10
1251 0.44
1252 0.12
1253 0.42
1254 0.36
1255 0.14
1256 0.10
1257 0.44
1258 0.09
1259 0.40
1260 0.13
1261 0.44
1262 0.44
1263 0.12
1264 0.13
1265 0.44
1266 0.44
1267 0.08
1268 0.44
1269 -0.32
1270 0.44
1271 0.07
1272 0.44
1273 0.44
1274 0.31
1275 0.12
1276 -0.31
1277 -0.02
1278 0.44
1279 0.12
1280 0.21
1281 0.40
1282 0.12
1283 0.44
1284 0.10
1285 0.12
1286 -0.03
1287 -0.36
1288 0.40
1289 0.44
1290 0.44
1291 0.44
1292 0.44
1293 0.11
1294 0.09
1295 -0.32
1296 -0.00
1297 -0.12
1298 -0.28
1299 -0.36
1300 -0.25
1301 -0.26
1302 -0.16
1303 0.44
1304 0.40
1305 0.44
1306 0.44
1307 0.42
1308 0.44
1309 -0.31
1310 0.44
1311 0.12
1312 0.12
1313 0.44
1314 -0.07
1315 0.13
1316 0.13
1317 -0.36
1318 0.13
1319 0.11
1320 0.44
1321 0.44
1322 -0.34
1323 0.44
1324 0.42
1325 0.44
1326 0.42
1327 0.44
1328 0.14
1329 0.15
1330 0.40
1331 0.42
1332 0.12
1333 0.42
1334 0.09
1335 -0.21
1336 0.09
1337 0.44
1338 -0.20
1339 0.40
1340 0.01
1341 0.44
1342 0.12
1343 0.12
1344 0.34
1345 0.02
1346 0.34
1347 0.12
1348 -0.16
1349 0.40
1350 0.01
1351 0.12
1352 -0.00
1353 -0.21
1354 0.19
1355 0.09
1356 0.44
1357 0.44
1358 0.11
1359 0.44
1360 0.12
1361 0.44
1362 0.44
1363 0.42
1364 0.42
1365 0.38
1366 0.44
1367 0.40
1368 0.44
1369 0.13
1370 0.13
1371 0.44
1372 0.44
1373 0.10
1374 0.08
1375 0.44
1376 0.44
1377 0.10
1378 0.44
1379 0.42
1380 0.40
1381 0.44
1382 0.44
1383 0.44
1384 0.44
1385 0.10
1386 0.10
1387 0.32
1388 0.44
1389 -0.36
1390 0.44
1391 0.42
1392 -0.38
1393 0.40
1394 0.44
1395 -0.36
1396 0.44
1397 0.34
1398 0.40
1399 0.01
1400 0.38
1401 0.38
1402 0.38
1403 -0.34
1404 0.38
1405 0.38
1406 0.13
1407 -0.17
1408 -0.07
1409 0.02
1410 0.00
1411 0.11
1412 -0.00
1413 0.09
1414 0.44
1415 0.32
1416 0.44
1417 -0.24
1418 0.10
1419 0.44
1420 0.13
1421 0.44
1422 0.34
1423 0.40
1424 0.10
1425 0.40
1426 0.11
1427 0.40
1428 0.05
1429 0.40
1430 0.44
1431 0.11
1432 0.44
1433 0.44
1434 0.40
1435 0.44
1436 0.36
1437 0.40
1438 0.03
1439 0.06
1440 0.13
1441 0.44
1442 0.40
1443 0.44
1444 0.42
1445 0.40
1446 0.40
1447 0.10
1448 0.38
1449 0.42
1450 0.14
1451 0.40
1452 0.44
1453 0.44
1454 0.08
1455 0.13
1456 0.09
1457 0.40
1458 -0.25
1459 0.24
1460 0.44
1461 0.12
1462 0.44
1463 0.44
1464 0.12
1465 0.14
1466 0.13
1467 0.44
1468 0.44
1469 0.10
1470 0.21
1471 0.42
1472 0.42
1473 0.38
1474 0.38
1475 0.44
1476 0.12
1477 0.44
1478 0.09
1479 0.03
1480 0.44
1481 -0.28
1482 -0.16
1483 -0.23
1484 -0.18
1485 -0.24
1486 -0.08
1487 0.31
1488 -0.21
1489 -0.38
1490 0.24
1491 0.11
1492 0.40
1493 0.44
1494 0.42
1495 0.44
1496 0.13
1497 0.15
1498 0.12
1499 -0.31
1500 0.10
1501 0.42
1502 -0.02
1503 -0.38
1504 -0.06
1505 -0.05
1506 -0.09
1507 -0.23
1508 -0.31
1509 -0.42
1510 -0.14
1511 -0.24
1512 -0.19
1513 0.29
1514 0.44
1515 -0.36
1516 -0.13
1517 0.02
1518 -0.14
1519 -0.02
1520 0.21
1521 0.42
1522 -0.23
1523 0.44
1524 0.40
1525 0.38
1526 -0.34
1527 -0.40
1528 0.40
1529 0.44
1530 -0.31
1531 0.44
1532 -0.25
1533 0.40
1534 0.12
1535 0.44
1536 0.14
1537 0.40
1538 0.36
1539 -0.25
1540 0.44
1541 0.08
1542 0.44
1543 -0.32
1544 -0.31
1545 0.44
1546 0.44
1547 0.44
1548 -0.34
1549 0.40
1550 -0.34
1551 0.42
1552 -0.23
1553 -0.32
1554 0.40
1555 0.44
1556 -0.34
1557 0.44
1558 -0.32
1559 0.44
1560 -0.32
1561 0.44
1562 -0.29
1563 0.42
1564 0.38
1565 0.44
1566 0.44
1567 -0.34
1568 0.44
1569 -0.07
1570 0.44
1571 0.42
1572 -0.06
1573 0.40
1574 -0.17
1575 0.38
1576 0.44
1577 0.40
1578 -0.36
1579 0.38
1580 0.44
1581 -0.26
1582 0.42
1583 0.12
1584 0.12
1585 -0.01
1586 0.42
1587 0.38
1588 0.13
1589 0.21
1590 0.16
1591 -0.34
1592 -0.28
1593 -0.31
1594 0.25
1595 0.42
1596 0.40
1597 0.44
1598 0.24
1599 0.44
1600 0.44
1601 0.40
1602 0.44
1603 -0.24
1604 0.44
1605 0.18
1606 0.11
1607 0.44
1608 0.40
1609 0.42
1610 0.44
1611 0.40
1612 0.13
1613 0.25
1614 0.16
1615 -0.13
1616 0.10
1617 -0.03
1618 0.26
1619 -0.28
1620 0.31
1621 0.32
1622 0.40
1623 0.14
1624 0.42
1625 0.12
1626 0.26
1627 0.44
1628 0.36
1629 -0.32
1630 0.21
1631 -0.13
1632 0.36
1633 0.42
1634 0.44
1635 0.44
1636 0.40
1637 0.40
1638 0.40
1639 0.42
1640 0.42
1641 0.42
1642 0.12
1643 0.44
1644 0.42
1645 0.40
1646 0.36
1647 0.42
1648 0.31
1649 0.36
1650 0.44
1651 0.36
1652 0.42
1653 0.28
1654 0.38
1655 0.40
1656 0.44
1657 0.06
1658 0.44
1659 0.40
1660 -0.21
1661 0.42
1662 0.42
1663 0.44
1664 0.46
1665 0.42
1666 -0.31
1667 0.42
1668 0.09
1669 0.40
1670 0.40
1671 0.38
1672 0.42
1673 0.40
1674 0.44
1675 -0.40
1676 0.42
1677 0.38
1678 0.44
1679 0.42
1680 0.42
1681 0.46
1682 0.46
1683 0.25
1684 0.44
1685 0.11
1686 0.38
1687 0.38
1688 0.08
1689 -0.32
1690 0.31
1691 -0.12
1692 0.05
1693 0.19
1694 -0.25
1695 0.08
1696 0.23
1697 0.19
1698 0.21
1699 0.38
1700 0.44
1701 0.42
1702 0.42
1703 0.44
1704 0.38
1705 0.34
1706 0.12
1707 0.38
1708 0.36
1709 0.40
1710 -0.09
1711 0.36
1712 0.42
1713 0.42
1714 0.44
1715 0.44
1716 0.36
1717 0.40
1718 0.42
1719 0.42
1720 0.42
1721 0.44
1722 0.44
1723 -0.36
1724 0.42
1725 0.42
1726 0.44
1727 0.44
1728 0.44
1729 0.44
1730 0.44
1731 0.40
1732 0.42
1733 0.42
1734 0.40
1735 0.44
1736 0.44
1737 0.44
1738 -0.25
1739 0.42
1740 0.42
1741 0.40
1742 0.38
1743 0.42
1744 0.44
1745 0.44
1746 0.44
1747 0.40
1748 0.44
1749 0.34
1750 0.44
1751 0.42
1752 0.40
1753 0.40
1754 0.44
1755 0.44
1756 0.42
1757 0.42
1758 0.38
1759 0.34
1760 0.40
1761 0.44
1762 0.44
1763 0.42
1764 0.42
1765 0.36
1766 0.42
1767 0.44
1768 0.44
1769 0.42
1770 0.40
1771 0.40
1772 0.46
1773 -0.29
1774 0.38
1775 0.40
1776 0.42
1777 0.38
1778 0.17
1779 -0.24
1780 0.42
1781 0.38
1782 -0.29
1783 0.34
1784 0.34
1785 0.31
1786 0.34
1787 0.46
1788 0.42
1789 0.42
1790 0.31
1791 0.40
1792 0.46
1793 0.46
1794 0.46
1795 0.23
1796 0.19
1797 0.25
1798 -0.31
1799 0.28
1800 0.34
1801 0.26
1802 0.38
1803 -0.29
1804 -0.29
1805 -0.31
1806 -0.24
1807 0.24
1808 -0.29
1809 -0.24
1810 0.28
1811 0.46
1812 -0.24
1813 0.14
1814 0.14
1815 0.18
1816 0.31
1817 0.32
1818 0.36
1819 0.44
1820 0.32
1821 0.44
1822 0.42
1823 0.42
1824 -0.28
1825 -0.28
1826 -0.14
1827 0.32
1828 0.44
1829 0.44
1830 -0.24
1831 0.29
1832 0.40
1833 0.38
1834 0.21
1835 0.40
1836 0.38
1837 0.36
1838 0.42
1839 0.14
1840 0.44
1841 0.40
1842 0.44
1843 0.09
1844 0.44
1845 0.38
1846 0.42
1847 0.42
1848 0.17
1849 0.42
1850 -0.28
1851 0.44
1852 0.42
1853 0.40
1854 0.40
1855 0.42
1856 0.13
1857 0.34
1858 0.36
1859 0.40
1860 0.28
1861 0.21
1862 0.14
1863 -0.32
1864 0.29
1865 -0.38
1866 0.28
1867 0.21
1868 -0.28
1869 -0.34
1870 0.20
1871 0.23
1872 0.20
1873 0.28
1874 0.26
1875 0.12
1876 -0.26
1877 0.16
1878 0.25
1879 0.16
1880 -0.28
1881 -0.32
1882 0.20
1883 -0.38
1884 0.14
1885 0.18
1886 0.28
1887 0.20
1888 0.14
1889 0.16
1890 -0.28
1891 -0.23
1892 0.26
1893 0.15
1894 -0.24
1895 -0.23
1896 0.23
1897 0.16
1898 0.26
1899 0.23
1900 0.28
1901 -0.29
1902 0.29
1903 0.44
1904 -0.25
1905 0.44
1906 0.44
1907 0.36
1908 0.42
1909 0.40
1910 0.28
1911 -0.19
1912 0.42
1913 0.21
1914 -0.34
1915 0.24
1916 0.36
1917 0.44
1918 0.46
1919 0.49
1920 -0.21
1921 0.44
1922 0.40
1923 0.29
1924 0.17
1925 0.29
1926 0.44
1927 0.44
1928 0.44
1929 0.29
1930 0.21
1931 0.26
1932 0.29
1933 0.29
1934 0.25
1935 0.28
1936 0.40
1937 0.26
1938 0.38
1939 -0.08
1940 0.32
1941 0.44
1942 0.34
1943 0.44
1944 0.32
1945 0.17
1946 0.38
1947 0.32
1948 0.40
1949 0.42
1950 0.44
1951 0.44
1952 0.28
1953 -0.28
1954 0.36
1955 0.36
1956 0.36
1957 0.44
1958 0.38
1959 0.10
1960 0.40
1961 0.42
1962 -0.28
1963 0.21
1964 0.36
1965 0.16
1966 0.31
1967 0.24
1968 0.28
1969 0.29
1970 0.24
1971 0.17
1972 0.23
1973 0.29
1974 0.38
1975 0.40
1976 0.44
1977 0.44
1978 0.44
1979 0.44
1980 0.42
1981 0.36
1982 0.40
1983 0.44
1984 0.31
1985 0.32
1986 0.40
1987 0.15
1988 0.44
1989 0.11
1990 0.44
1991 0.36
1992 0.42
1993 0.42
1994 0.23
1995 -0.36
1996 0.10
1997 0.31
1998 0.40
1999 0.07
2000 0.49
2001 0.44
2002 0.49
2003 0.46
2004 0.42
2005 0.26
2006 0.38
2007 -0.34
2008 0.46
2009 -0.12
2010 -0.15
2011 0.46
2012 0.44
2013 0.44
2014 -0.11
2015 0.42
2016 0.49
2017 -0.10
2018 0.44
2019 -0.12
2020 0.34
2021 0.46
2022 0.42
2023 0.40
2024 0.46
2025 0.46
2026 0.40
2027 0.49
2028 0.46
2029 0.46
2030 0.46
2031 0.49
2032 0.49
2033 0.44
2034 0.44
2035 0.49
2036 0.34
2037 -0.23
2038 0.46
2039 0.36
2040 0.46
2041 0.44
2042 0.46
2043 0.46
2044 0.46
2045 -0.08
2046 0.49
2047 0.38
2048 0.49
2049 0.38
2050 0.36
2051 0.38
2052 0.49
2053 0.40
2054 0.46
2055 0.44
2056 0.44
2057 0.42
2058 0.40
2059 0.29
2060 -0.24
2061 0.40
2062 0.49
2063 0.46
2064 0.44
2065 0.46
2066 0.49
2067 -0.21
2068 0.42
2069 0.40
2070 0.49
2071 0.49
2072 0.42
2073 0.46
2074 0.44
2075 0.46
2076 0.44
2077 0.34
2078 0.49
2079 0.46
2080 -0.25
2081 0.49
2082 0.49
2083 0.49
2084 0.44
2085 0.40
2086 0.46
2087 0.05
2088 0.31
2089 0.32
2090 0.38
2091 0.44
2092 0.44
2093 0.49
2094 0.46
2095 0.49
2096 0.42
2097 0.46
2098 0.44
2099 0.40
2100 0.44
2101 0.42
2102 0.46
2103 0.46
2104 0.46
2105 0.42
2106 0.46
2107 0.44
2108 0.49
2109 0.44
2110 0.46
2111 0.19
2112 0.18
2113 -0.38
2114 0.44
2115 0.42
2116 0.42
2117 0.42
2118 0.44
2119 0.44
2120 0.49
2121 0.46
2122 0.49
2123 0.49
2124 0.46
2125 0.49
2126 0.44
2127 0.42
2128 0.46
2129 0.10
2130 0.42
2131 0.42
2132 0.40
2133 0.32
2134 -0.34
2135 0.44
2136 0.40
2137 0.38
2138 0.46
2139 0.38
2140 0.28
2141 0.32
2142 0.46
2143 0.40
2144 0.36
2145 0.40
2146 0.44
2147 0.46
2148 0.38
2149 0.40
2150 0.40
2151 0.40
2152 0.46
2153 0.44
2154 0.44
2155 0.36
2156 0.44
2157 0.44
2158 0.44
2159 0.46
2160 0.40
2161 0.44
2162 0.44
2163 -0.12
2164 0.46
2165 0.46
2166 0.44
2167 0.42
2168 0.46
2169 0.42
2170 0.40
2171 0.42
2172 0.38
2173 0.44
2174 0.44
2175 0.42
2176 0.44
2177 0.40
2178 0.42
2179 0.46
2180 0.40
2181 0.42
2182 0.42
2183 0.46
2184 0.42
2185 0.38
2186 0.40
2187 0.44
2188 0.34
2189 0.38
2190 0.34
2191 0.46
2192 0.46
2193 0.46
2194 0.40
2195 0.42
2196 0.38
2197 0.42
2198 0.38
2199 -0.03
2200 0.15
2201 0.19
2202 -0.01
2203 -0.13
2204 -0.00
2205 -0.00
2206 -0.07
2207 -0.18
2208 -0.31
2209 -0.14
2210 -0.12
2211 -0.23
2212 0.36
2213 0.44
2214 0.42
2215 0.44
2216 0.46
2217 0.42
2218 0.44
2219 0.42
2220 -0.19
2221 0.42
2222 0.44
2223 0.42
2224 0.36
2225 0.44
2226 0.42
2227 0.44
2228 0.42
2229 0.42
2230 0.40
2231 0.46
2232 0.46
2233 0.40
2234 0.44
2235 0.44
2236 0.44
2237 0.38
2238 0.34
2239 -0.34
2240 0.44
2241 0.40
2242 0.44
2243 -0.26
2244 0.44
2245 0.44
2246 0.42
2247 0.25
2248 0.34
2249 0.44
2250 0.42
2251 0.46
2252 -0.28
2253 0.46
2254 0.40
2255 0.44
2256 0.40
2257 0.34
2258 0.46
2259 0.44
2260 0.44
2261 0.44
2262 0.40
2263 0.44
2264 0.44
2265 0.38
2266 0.40
2267 0.46
2268 0.42
2269 0.44
2270 0.44
2271 0.44
2272 0.44
2273 0.46
2274 0.44
2275 0.32
2276 0.36
2277 0.46
2278 0.36
2279 0.34
2280 0.40
2281 0.46
2282 0.42
2283 0.36
2284 0.42
2285 0.46
2286 0.44
2287 0.42
2288 0.44
2289 0.38
2290 0.44
2291 0.40
2292 0.40
2293 0.44
2294 0.44
2295 0.46
2296 0.44
2297 0.42
2298 0.40
2299 0.42
2300 0.46
2301 0.38
2302 0.46
2303 0.44
2304 0.44
2305 0.40
2306 0.46
2307 0.36
2308 0.46
2309 0.36
2310 0.44
2311 0.46
2312 0.42
2313 0.46
2314 0.46
2315 0.42
2316 0.44
2317 0.44
2318 0.44
2319 0.46
2320 0.44
2321 0.34
2322 0.42
2323 0.44
2324 0.38
2325 0.32
2326 0.44
2327 0.46
2328 -0.18
2329 0.44
2330 0.40
2331 0.25
2332 0.42
2333 0.42
2334 0.44
2335 0.28
2336 0.40
2337 0.40
2338 0.40
2339 0.44
2340 0.44
2341 0.42
2342 0.38
2343 0.46
2344 0.40
2345 -0.25
2346 0.38
2347 0.32
2348 0.40
2349 -0.32
2350 0.26
2351 -0.40
2352 -0.38
2353 -0.34
2354 0.09
2355 -0.29
2356 -0.29
2357 -0.36
2358 -0.00
2359 -0.38
2360 -0.24
2361 -0.00
2362 -0.29
2363 -0.00
2364 -0.25
2365 -0.01
2366 -0.03
2367 0.13
2368 0.02
2369 0.25
2370 0.24
2371 0.36
2372 0.29
2373 0.32
2374 0.28
2375 0.46
2376 0.46
2377 0.42
2378 0.49
2379 0.49
2380 0.44
2381 0.46
2382 -0.28
2383 0.46
2384 0.49
2385 0.46
2386 0.49
2387 0.49
2388 0.42
2389 0.49
2390 0.49
2391 -0.14
2392 0.36
2393 -0.21
2394 0.29
2395 -0.25
2396 0.44
2397 0.46
2398 0.44
2399 0.42
2400 0.31
2401 0.46
2402 0.46
2403 -0.38
2404 -0.32
2405 0.38
2406 0.46
2407 -0.32
2408 0.46
2409 0.40
2410 0.34
2411 0.34
2412 0.40
2413 0.34
2414 0.28
2415 0.38
2416 0.32
2417 0.36
2418 -0.29
2419 0.42
2420 0.46
2421 0.42
2422 0.44
2423 0.38
2424 0.21
2425 0.46
2426 0.44
2427 0.44
2428 0.46
2429 0.38
2430 0.42
2431 0.36
2432 0.42
2433 0.42
2434 0.42
2435 0.46
2436 0.44
2437 0.44
2438 0.38
2439 0.49
2440 0.44
2441 0.46
2442 0.44
2443 0.49
2444 0.36
2445 0.44
2446 0.44
2447 0.49
2448 0.46
2449 0.09
2450 0.46
2451 0.38
2452 0.44
2453 0.38
2454 0.44
2455 0.40
2456 0.46
2457 0.36
2458 0.46
2459 0.14
2460 0.42
2461 0.42
2462 0.40
2463 0.44
2464 0.44
2465 0.42
2466 0.42
2467 0.44
2468 0.44
2469 0.40
2470 -0.25
2471 0.44
2472 0.46
2473 0.44
2474 0.42
2475 0.42
2476 0.46
2477 0.44
2478 0.44
2479 0.40
2480 0.40
2481 0.42
2482 0.46
2483 -0.36
2484 0.36
2485 0.46
2486 0.44
2487 0.46
2488 0.44
2489 0.44
2490 0.44
2491 0.46
2492 0.38
2493 0.46
2494 0.42
2495 0.44
2496 0.44
2497 0.36
2498 -0.20
2499 0.32
2500 0.46
2501 0.49
2502 0.32
2503 0.44
2504 0.44
2505 0.46
2506 0.46
2507 0.42
2508 0.46
2509 0.49
2510 0.49
2511 0.49
2512 0.44
2513 0.46
2514 -0.14
2515 0.49
2516 0.44
2517 0.46
2518 0.49
2519 0.46
2520 0.38
2521 0.38
2522 0.38
2523 0.40
2524 0.49
2525 0.49
2526 0.49
2527 0.46
2528 0.42
2529 0.40
2530 0.46
2531 0.46
2532 0.46
2533 0.49
2534 0.49
2535 0.49
2536 0.31
2537 0.42
2538 0.49
2539 0.42
2540 0.49
2541 -0.10
2542 0.24
2543 0.36
2544 -0.36
2545 0.46
2546 0.46
2547 0.42
2548 0.46
2549 0.49
2550 0.46
2551 0.40
2552 0.46
2553 0.40
2554 0.42
2555 0.46
2556 0.49
2557 0.49
2558 0.49
2559 0.42
2560 0.40
2561 0.49
2562 0.46
2563 0.49
2564 0.38
2565 0.46
2566 0.46
2567 0.49
2568 0.42
2569 0.46
2570 0.46
2571 0.31
2572 0.38
2573 0.46
2574 0.46
2575 0.44
2576 0.46
2577 0.49
2578 0.49
2579 0.46
2580 0.44
2581 0.46
2582 0.46
2583 0.42
2584 0.44
2585 0.42
2586 0.42
2587 0.46
2588 0.38
2589 0.46
2590 0.49
2591 -0.23
2592 -0.34
2593 0.46
2594 0.36
2595 0.32
2596 0.36
2597 0.46
2598 0.38
2599 0.36
2600 0.49
2601 0.42
2602 0.49
2603 0.29
2604 0.49
2605 0.46
2606 0.42
2607 0.36
2608 0.46
2609 0.42
2610 0.44
2611 0.40
2612 0.42
2613 0.49
2614 0.44
2615 0.44
2616 0.46
2617 0.42
2618 0.44
2619 0.49
2620 0.31
2621 0.40
2622 0.44
2623 0.44
2624 0.49
2625 0.49
2626 0.07
2627 0.38
2628 -0.32
2629 0.44
2630 0.44
2631 0.46
2632 0.44
2633 0.46
2634 -0.34
2635 0.46
2636 -0.32
2637 0.12
2638 0.46
2639 0.42
2640 0.36
2641 0.40
2642 -0.36
2643 0.34
2644 0.11
2645 0.21
2646 0.42
2647 0.31
2648 0.32
2649 -0.25
2650 0.25
2651 0.28
2652 0.46
2653 0.40
2654 0.49
2655 0.40
2656 0.46
2657 0.44
2658 0.42
2659 0.46
2660 0.44
2661 0.40
2662 0.46
2663 0.34
2664 0.44
2665 0.42
2666 0.46
2667 0.46
2668 0.44
2669 0.42
2670 0.40
2671 0.49
2672 0.46
2673 0.44
2674 0.46
2675 0.46
2676 0.42
2677 0.44
2678 0.44
2679 0.44
2680 0.44
2681 0.46
2682 0.44
2683 0.44
2684 0.46
2685 0.46
2686 0.38
2687 0.46
2688 -0.36
2689 0.42
2690 0.49
2691 0.17
2692 0.31
2693 0.46
2694 0.49
2695 0.49
2696 0.46
2697 0.46
2698 0.44
2699 0.46
2700 0.40
2701 0.49
2702 0.49
2703 0.32
2704 0.49
2705 0.49
2706 0.40
2707 0.25
2708 0.46
2709 0.49
2710 0.10
2711 0.40
2712 0.40
2713 0.31
2714 0.46
2715 0.44
2716 0.46
2717 0.42
2718 0.34
2719 0.46
2720 0.36
2721 0.42
2722 0.46
2723 0.44
2724 0.49
2725 0.40
2726 0.46
2727 0.46
2728 0.46
2729 0.42
2730 0.49
2731 0.34
2732 0.44
2733 0.40
2734 0.49
2735 0.42
2736 0.46
2737 0.44
2738 0.42
2739 0.44
2740 0.46
2741 0.44
2742 0.40
2743 -0.24
2744 0.38
2745 0.42
2746 0.32
2747 0.46
2748 0.12
2749 0.49
2750 0.42
2751 0.34
2752 0.44
2753 0.44
2754 0.10
2755 0.26
2756 0.23
2757 0.44
2758 0.11
2759 0.12
2760 0.44
2761 0.46
2762 0.46
2763 0.32
2764 0.31
2765 0.28
2766 -0.40
2767 -0.36
2768 0.25
2769 0.09
2770 0.46
2771 -0.17
2772 -0.14
2773 0.29
2774 0.44
2775 -0.24
2776 0.42
2777 0.11
2778 0.36
2779 -0.29
2780 0.40
2781 0.46
2782 0.44
2783 0.05
2784 0.15
2785 0.25
2786 0.46
2787 0.44
2788 0.28
2789 0.46
2790 0.44
2791 0.46
2792 0.28
2793 0.25
2794 0.46
2795 0.44
2796 0.46
2797 0.42
2798 0.46
2799 0.46
2800 0.49
2801 0.40
2802 0.44
2803 0.42
2804 -0.19
2805 0.24
2806 0.49
2807 0.49
2808 0.49
2809 0.42
2810 0.46
2811 0.49
2812 0.46
2813 0.20
2814 -0.21
2815 0.40
2816 0.49
2817 0.44
2818 0.42
2819 0.49
2820 0.44
2821 0.46
2822 0.38
2823 0.42
2824 0.42
2825 0.49
2826 0.42
2827 0.44
2828 0.40
2829 0.36
2830 0.44
2831 0.38
2832 0.44
2833 0.31
2834 0.49
2835 0.49
2836 -0.17
2837 0.38
2838 0.44
2839 0.46
2840 0.49
2841 0.49
2842 0.20
2843 0.46
2844 0.46
2845 0.46
2846 0.42
2847 0.44
2848 0.44
2849 0.44
2850 0.42
2851 0.46
2852 0.44
2853 0.25
2854 -0.29
2855 0.49
2856 0.38
2857 0.42
2858 0.42
2859 0.46
2860 0.42
2861 0.49
2862 0.46
2863 0.49
2864 0.44
2865 0.44
2866 0.46
2867 0.46
2868 0.44
2869 0.28
2870 0.38
2871 0.49
2872 0.42
2873 0.38
2874 0.32
2875 0.46
2876 0.46
2877 0.46
2878 0.46
2879 0.42
2880 0.46
2881 0.49
2882 0.44
2883 0.40
2884 0.46
2885 0.44
2886 0.49
2887 0.49
2888 0.36
2889 -0.28
2890 0.46
2891 0.49
2892 0.44
2893 0.46
2894 0.49
2895 0.46
2896 0.40
2897 0.46
2898 0.49
2899 -0.14
2900 0.40
2901 0.44
2902 0.44
2903 0.44
2904 0.44
2905 0.46
2906 0.34
2907 0.46
2908 0.46
2909 0.34
2910 0.46
2911 0.38
2912 0.46
2913 0.46
2914 0.38
2915 0.49
2916 0.42
2917 0.46
2918 0.49
2919 -0.10
2920 0.46
2921 0.17
2922 0.34
2923 0.42
2924 0.42
2925 0.46
2926 0.44
2927 0.32
2928 0.44
2929 0.49
2930 0.40
2931 0.49
2932 0.46
2933 0.28
2934 0.46
2935 0.46
2936 0.42
2937 0.49
2938 0.34
2939 0.44
2940 0.46
2941 0.46
2942 0.40
2943 0.46
2944 0.44
2945 0.44
2946 0.46
2947 0.46
2948 0.44
2949 0.28
2950 0.49
2951 0.36
2952 0.31
2953 0.42
2954 0.40
2955 0.46
2956 -0.14
2957 -0.25
2958 0.49
2959 0.49
2960 0.34
2961 0.42
2962 0.49
2963 0.44
2964 0.49
2965 0.44
2966 0.49
2967 0.46
2968 0.49
2969 0.49
2970 0.40
2971 0.44
2972 0.46
2973 0.34
2974 0.44
2975 0.49
2976 0.42
2977 0.40
2978 0.49
2979 0.46
2980 0.40
2981 -0.25
2982 0.44
2983 0.49
2984 0.44
2985 0.44
2986 0.46
2987 0.46
2988 0.40
2989 0.44
2990 0.46
2991 0.38
2992 0.46
2993 0.42
2994 -0.23
2995 0.42
2996 0.32
2997 0.49
2998 0.44
2999 0.42
3000 0.49
3001 0.46
3002 0.42
3003 0.42
3004 0.36
3005 0.40
3006 0.46
3007 0.46
3008 0.44
3009 0.44
3010 0.46
3011 0.42
3012 0.49
3013 0.46
3014 0.44
3015 0.49
3016 0.46
3017 0.46
3018 0.36
3019 0.46
3020 0.49
3021 0.49
3022 0.49
3023 0.46
3024 0.46
3025 0.46
3026 0.44
3027 0.05
3028 0.46
3029 0.44
3030 0.46
3031 0.46
3032 0.38
3033 0.46
3034 0.38
3035 0.19
3036 0.46
3037 0.44
3038 0.49
3039 0.42
3040 0.44
3041 0.46
3042 0.46
3043 0.49
3044 0.38
3045 0.49
3046 0.44
3047 0.34
3048 0.44
3049 0.44
3050 0.46
3051 0.42
3052 0.49
3053 0.38
3054 0.49
3055 0.38
3056 0.40
3057 0.36
3058 0.32
3059 0.44
3060 0.44
3061 0.44
3062 0.44
3063 0.49
3064 0.40
3065 0.38
3066 0.38
3067 0.44
3068 0.49
3069 0.42
3070 0.40
3071 0.46
3072 0.46
3073 0.44
3074 0.46
3075 0.42
3076 0.46
3077 0.46
3078 0.36
3079 -0.19
3080 0.42
3081 0.46
3082 0.46
3083 0.40
3084 0.44
3085 0.42
3086 0.40
3087 0.46
3088 0.40
3089 0.44
3090 0.46
3091 0.42
3092 0.46
3093 0.38
3094 0.42
3095 0.46
3096 0.46
3097 0.42
3098 0.44
3099 0.49
3100 0.44
3101 0.46
3102 0.38
3103 0.49
3104 0.44
3105 0.46
3106 0.38
3107 0.46
3108 0.46
3109 0.46
3110 0.34
3111 0.46
3112 0.46
3113 0.36
3114 0.38
3115 0.49
3116 0.49
3117 0.32
3118 0.08
3119 0.42
3120 0.44
3121 0.44
3122 0.46
3123 0.49
3124 0.49
3125 0.10
3126 0.42
3127 0.12
3128 0.11
3129 0.38
3130 -0.38
3131 -0.02
3132 -0.06
3133 0.12
3134 -0.06
3135 0.11
3136 -0.01
3137 0.09
3138 0.13
3139 -0.18
3140 0.12
3141 0.13
3142 0.32
3143 0.20
3144 0.38
3145 0.49
3146 0.49
3147 0.44
3148 0.13
3149 0.49
3150 0.46
3151 0.03
3152 0.28
3153 0.42
3154 0.10
3155 0.12
3156 0.23
3157 0.42
3158 0.44
3159 0.46
3160 0.46
3161 0.40
3162 0.46
3163 0.40
3164 0.46
3165 0.49
3166 0.42
3167 0.49
3168 0.07
3169 0.46
3170 0.44
3171 0.49
3172 0.44
3173 0.40
3174 0.36
3175 0.34
3176 0.46
3177 0.46
3178 0.49
3179 0.49
3180 0.46
3181 0.42
3182 0.42
3183 0.38
3184 0.42
3185 0.49
3186 0.46
3187 0.49
3188 0.49
3189 0.46
3190 0.49
3191 0.44
3192 0.42
3193 0.46
3194 0.49
3195 0.49
3196 0.44
3197 0.49
3198 0.44
3199 0.49
3200 0.46
3201 0.42
3202 0.46
3203 0.44
3204 0.46
3205 0.46
3206 0.44
3207 0.31
3208 0.49
3209 0.46
3210 0.26
3211 0.46
3212 0.44
3213 0.46
3214 0.42
3215 0.09
3216 0.46
3217 0.44
3218 0.46
3219 -0.26
3220 0.36
3221 0.36
3222 0.38
3223 0.40
3224 0.44
3225 0.40
3226 0.46
3227 0.31
3228 0.44
3229 0.42
3230 0.46
3231 0.46
3232 0.44
3233 0.36
3234 0.49
3235 0.42
3236 0.40
3237 0.46
3238 0.38
3239 0.46
3240 0.46
3241 0.46
3242 0.49
3243 0.31
3244 -0.29
3245 0.42
3246 -0.19
3247 0.44
3248 0.36
3249 0.46
3250 0.40
3251 0.25
3252 0.46
3253 0.42
3254 0.46
3255 0.46
3256 0.42
3257 0.38
3258 0.46
3259 0.46
3260 0.42
3261 0.44
3262 0.46
3263 0.44
3264 0.49
3265 0.44
3266 0.46
3267 0.49
3268 0.49
3269 0.32
3270 0.44
3271 0.44
3272 0.46
3273 0.46
3274 0.44
3275 0.44
3276 0.44
3277 0.44
3278 0.38
3279 0.49
3280 0.42
3281 0.17
3282 0.46
3283 0.49
3284 0.44
3285 0.42
3286 0.49
3287 0.10
3288 0.46
3289 0.40
3290 0.46
3291 0.46
3292 0.42
3293 0.44
3294 0.46
3295 0.49
3296 0.49
3297 0.49
3298 0.49
3299 0.46
3300 0.49
3301 0.44
3302 0.42
3303 0.29
3304 0.49
3305 0.38
3306 0.42
3307 0.40
3308 0.32
3309 0.34
3310 0.40
3311 0.46
3312 0.32
3313 0.49
3314 0.49
3315 0.44
3316 0.46
3317 0.40
3318 0.49
3319 0.44
3320 0.49
3321 0.44
3322 0.46
3323 0.49
3324 0.34
3325 0.42
3326 0.46
3327 0.40
3328 0.44
3329 0.49
3330 0.36
3331 0.44
3332 0.46
3333 0.49
3334 0.26
3335 0.46
3336 0.46
3337 0.46
3338 0.40
3339 0.44
3340 0.40
3341 0.42
3342 0.46
3343 0.46
3344 0.46
3345 0.44
3346 0.46
3347 0.44
3348 0.34
3349 0.44
3350 0.49
3351 0.34
3352 0.42
3353 0.46
3354 0.49
3355 0.46
3356 0.46
3357 0.44
3358 0.46
3359 0.44
3360 0.44
3361 0.42
3362 0.44
3363 0.46
3364 0.49
3365 0.12
3366 0.12
3367 0.46
3368 0.36
3369 0.36
3370 0.40
3371 0.46
3372 0.42
3373 0.44
3374 0.44
3375 0.46
3376 0.46
3377 0.49
3378 0.40
3379 0.46
3380 0.46
3381 0.42
3382 0.40
3383 0.09
3384 0.44
3385 0.46
3386 0.42
3387 0.40
3388 0.44
3389 0.46
3390 0.44
3391 0.46
3392 0.40
3393 0.49
3394 0.40
3395 0.46
3396 0.38
3397 0.44
3398 0.34
3399 0.44
3400 0.44
3401 0.42
3402 0.46
3403 0.46
3404 0.40
3405 0.49
3406 0.19
3407 0.42
3408 0.44
3409 0.46
3410 0.49
3411 0.46
3412 0.36
3413 0.44
3414 0.38
3415 0.40
3416 0.31
3417 0.44
3418 0.44
3419 0.49
3420 0.46
3421 0.44
3422 0.46
3423 0.25
3424 -0.31
3425 0.42
3426 0.38
3427 0.42
3428 -0.23
3429 0.44
3430 0.46
3431 0.46
3432 0.46
3433 0.40
3434 0.46
3435 0.40
3436 0.40
3437 0.31
3438 0.46
3439 0.44
3440 0.46
3441 0.49
3442 0.46
3443 0.46
3444 0.44
3445 0.49
3446 0.49
3447 0.44
3448 0.49
3449 0.34
3450 0.42
3451 0.46
3452 0.46
3453 0.42
3454 0.49
3455 0.40
3456 0.46
3457 0.42
3458 0.46
3459 0.46
3460 0.49
3461 0.46
3462 0.46
3463 0.44
3464 0.44
3465 0.49
3466 0.46
3467 0.46
3468 0.42
3469 0.49
3470 0.49
3471 0.49
3472 0.40
3473 0.46
3474 0.49
3475 0.49
3476 0.06
3477 0.44
3478 0.46
3479 0.49
3480 0.42
3481 0.46
3482 0.46
3483 0.49
3484 0.46
3485 0.46
3486 0.49
3487 0.46
3488 0.46
3489 0.36
3490 0.46
3491 0.46
3492 0.40
3493 0.49
3494 0.44
3495 0.44
3496 0.42
3497 0.44
3498 0.49
3499 0.44
3500 0.40
3501 0.44
3502 0.36
3503 0.31
3504 0.46
3505 0.44
3506 0.44
3507 0.49
3508 0.46
3509 0.34
3510 0.42
3511 0.42
3512 0.44
3513 0.49
3514 0.46
3515 0.49
3516 0.46
3517 0.38
3518 0.10
3519 0.38
3520 0.44
3521 0.46
3522 0.42
3523 0.29
3524 0.31
3525 0.44
3526 0.08
3527 0.38
3528 0.46
3529 0.34
3530 0.46
3531 0.49
3532 0.17
3533 0.44
3534 0.49
3535 0.46
3536 -0.14
3537 0.42
3538 0.44
3539 0.46
3540 0.40
3541 0.49
3542 0.44
3543 0.44
3544 0.49
3545 0.46
3546 0.49
3547 0.46
3548 0.36
3549 0.42
3550 0.49
3551 0.46
3552 0.29
3553 0.38
3554 0.42
3555 0.34
3556 0.49
3557 0.42
3558 0.46
3559 0.44
3560 0.49
3561 0.42
3562 0.46
3563 0.46
3564 0.42
3565 0.49
3566 0.44
3567 0.38
3568 0.32
3569 0.36
3570 0.46
3571 0.46
3572 0.42
3573 0.49
3574 0.49
3575 0.44
3576 0.46
3577 0.40
3578 0.44
3579 0.49
3580 0.46
3581 0.44
3582 -0.28
3583 0.42
3584 0.46
3585 0.49
3586 0.42
3587 0.36
3588 0.40
3589 0.49
3590 0.46
3591 0.42
3592 0.46
3593 0.44
3594 0.46
3595 0.49
3596 -0.29
3597 0.46
3598 0.25
3599 0.46
3600 0.42
3601 0.10
3602 0.44
3603 0.31
3604 0.40
3605 0.46
3606 0.38
3607 0.44
3608 0.46
3609 0.44
3610 0.44
3611 0.44
3612 0.46
3613 0.38
3614 0.49
3615 0.42
3616 0.49
3617 0.44
3618 0.46
3619 0.42
3620 0.42
3621 0.46
3622 0.42
3623 0.46
3624 0.49
3625 0.44
3626 0.46
3627 0.44
3628 0.49
3629 0.42
3630 0.44
3631 0.49
3632 0.44
3633 0.44
3634 0.40
3635 0.40
3636 0.49
3637 0.36
3638 0.46
3639 0.46
3640 0.42
3641 0.42
3642 0.38
3643 0.10
3644 0.44
3645 0.49
3646 0.42
3647 0.46
3648 0.49
3649 0.49
3650 0.46
3651 -0.31
3652 0.44
3653 0.46
3654 0.46
3655 0.40
3656 0.44
3657 -0.29
3658 0.49
3659 0.49
3660 0.42
3661 0.46
3662 0.42
3663 0.44
3664 0.38
3665 0.40
3666 0.46
3667 0.46
3668 0.31
3669 -0.24
3670 0.49
3671 0.44
3672 0.42
3673 0.34
3674 0.49
3675 0.49
3676 0.44
3677 0.44
3678 0.49
3679 0.42
3680 0.46
3681 0.38
3682 0.18
3683 0.40
3684 0.42
3685 0.46
3686 0.42
3687 0.49
3688 0.46
3689 0.46
3690 0.36
3691 0.49
3692 0.42
3693 0.42
3694 -0.34
3695 0.44
3696 0.44
3697 0.49
3698 0.49
3699 0.49
3700 0.46
3701 0.49
3702 0.40
3703 0.46
3704 0.44
3705 0.46
3706 0.44
3707 0.46
3708 0.49
3709 0.34
3710 0.44
3711 0.38
3712 0.44
3713 0.46
3714 0.49
3715 0.49
3716 0.10
3717 0.46
3718 0.46
3719 0.46
3720 0.34
3721 0.44
3722 0.42
3723 0.42
3724 0.44
3725 0.46
3726 0.44
3727 0.49
3728 0.42
3729 0.49
3730 0.42
3731 0.44
3732 0.34
3733 0.32
3734 0.49
3735 0.49
3736 0.46
3737 0.46
3738 0.49
3739 0.46
3740 0.42
3741 0.40
3742 0.28
3743 0.46
3744 0.42
3745 0.46
3746 0.49
3747 0.46
3748 0.40
3749 0.49
3750 -0.19
3751 0.36
3752 0.49
3753 0.46
3754 0.46
3755 0.46
3756 0.38
3757 0.44
3758 0.38
3759 -0.32
3760 -0.26
3761 0.38
3762 0.38
3763 0.46
3764 0.49
3765 0.40
3766 0.08
3767 0.31
3768 0.24
3769 0.31
3770 0.44
3771 0.46
3772 0.46
3773 0.49
3774 0.40
3775 0.44
3776 0.49
3777 0.46
3778 0.44
3779 0.44
3780 0.42
3781 0.49
3782 0.46
3783 0.46
3784 0.24
3785 0.31
3786 0.49
3787 0.44
3788 0.44
3789 0.44
3790 0.46
3791 0.49
3792 0.46
3793 0.49
3794 0.42
3795 0.46
3796 0.44
3797 0.49
3798 0.46
3799 0.49
3800 0.36
3801 0.49
3802 0.42
3803 0.46
3804 0.44
3805 0.46
3806 0.44
3807 0.44
3808 0.44
3809 0.32
3810 0.44
3811 0.46
3812 0.46
3813 0.38
3814 0.44
3815 0.46
3816 0.40
3817 0.46
3818 0.46
3819 0.44
3820 0.44
3821 0.49
3822 0.12
3823 0.44
3824 0.08
3825 0.42
3826 -0.25
3827 0.29
3828 0.28
3829 0.40
3830 0.46
3831 0.42
3832 0.44
3833 0.28
3834 0.44
3835 0.40
3836 0.46
3837 0.40
3838 0.36
3839 0.38
3840 0.44
3841 0.46
3842 0.42
3843 0.42
3844 0.49
3845 0.31
3846 0.44
3847 0.44
3848 0.49
3849 0.46
3850 0.40
3851 0.44
3852 0.44
3853 0.44
3854 0.49
3855 0.36
3856 0.42
3857 0.46
3858 0.49
3859 0.42
3860 0.42
3861 0.49
3862 0.46
3863 0.46
3864 0.36
3865 0.46
3866 0.49
3867 0.46
3868 0.46
3869 0.40
3870 0.44
3871 -0.23
3872 0.44
3873 0.46
3874 0.42
3875 0.42
3876 0.44
3877 0.46
3878 0.46
3879 0.46
3880 0.44
3881 0.42
3882 0.49
3883 0.40
3884 0.42
3885 0.49
3886 0.40
3887 0.34
3888 0.40
3889 0.46
3890 0.46
3891 0.40
3892 0.49
3893 0.46
3894 -0.15
3895 0.38
3896 0.44
3897 0.46
3898 0.46
3899 0.42
3900 0.49
3901 0.46
3902 0.40
3903 0.46
3904 0.44
3905 0.49
3906 0.49
3907 0.42
3908 0.44
3909 0.38
3910 0.49
3911 0.42
3912 0.40
3913 0.14
3914 0.31
3915 0.46
3916 0.46
3917 0.44
3918 0.46
3919 0.44
3920 0.46
3921 -0.36
3922 0.42
3923 0.29
3924 0.49
3925 0.49
3926 0.44
3927 0.46
3928 0.38
3929 0.40
3930 0.49
3931 0.44
3932 0.38
3933 0.42
3934 0.46
3935 0.49
3936 0.38
3937 0.49
3938 0.44
3939 0.49
3940 0.49
3941 0.44
3942 0.46
3943 0.34
3944 0.49
3945 0.46
3946 0.44
3947 0.44
3948 0.46
3949 0.46
3950 0.44
3951 0.49
3952 0.46
3953 0.44
3954 0.49
3955 0.42
3956 0.36
3957 0.42
3958 0.49
3959 0.49
3960 0.38
3961 0.38
3962 0.44
3963 0.46
3964 0.42
3965 0.49
3966 0.49
3967 0.49
3968 0.42
3969 0.42
3970 0.46
3971 0.42
3972 0.34
3973 -0.17
3974 0.49
3975 0.28
3976 0.44
3977 0.46
3978 0.46
3979 0.38
3980 0.46
3981 0.46
3982 0.34
3983 0.24
3984 0.34
3985 0.46
3986 0.49
3987 0.42
3988 0.44
3989 0.44
3990 0.42
3991 0.40
3992 0.49
3993 0.49
3994 0.46
3995 0.42
3996 0.42
3997 0.49
3998 0.32
3999 0.46
4000 0.49
4001 0.49
4002 0.44
4003 0.44
4004 0.40
4005 0.44
4006 0.42
4007 0.44
4008 0.44
4009 0.44
4010 0.44
4011 0.46
4012 0.32
4013 0.46
4014 0.42
4015 0.42
4016 0.49
4017 0.32
4018 0.46
4019 0.46
4020 0.44
4021 0.49
4022 0.42
4023 0.44
4024 0.38
4025 0.36
4026 0.49
4027 0.44
4028 0.44
4029 0.42
4030 0.38
4031 -0.25
4032 0.46
4033 0.49
4034 0.44
4035 0.44
4036 0.44
4037 0.40
4038 0.46
4039 0.44
4040 0.34
4041 0.32
4042 0.46
4043 0.46
4044 0.46
4045 0.49
4046 0.49
4047 0.49
4048 0.49
4049 0.42
4050 0.42
4051 0.44
4052 0.46
4053 0.46
4054 0.46
4055 0.49
4056 0.49
4057 0.44
4058 0.38
4059 0.42
4060 0.46
4061 -0.17
4062 0.46
4063 0.44
4064 0.49
4065 0.21
4066 -0.31
4067 0.42
4068 0.42
4069 0.38
4070 0.49
4071 0.36
4072 0.46
4073 -0.23
4074 0.40
4075 0.36
4076 0.42
4077 0.44
4078 0.11
4079 0.42
4080 0.40
4081 0.34
4082 0.49
4083 0.25
4084 0.42
4085 0.36
4086 0.46
4087 0.44
4088 0.49
4089 0.49
4090 -0.09
4091 0.36
4092 0.06
4093 0.07
4094 -0.07
4095 -0.26
4096 -0.16
4097 -0.21
4098 0.06
4099 0.36
4100 0.32
4101 0.42
4102 0.44
4103 0.40
4104 0.49
4105 0.42
4106 0.40
4107 0.49
4108 0.04
4109 -0.24
4110 0.46
4111 0.46
4112 0.46
4113 0.42
4114 0.44
4115 0.44
4116 0.49
4117 0.38
4118 0.42
4119 -0.34
4120 0.42
4121 0.38
4122 0.42
4123 -0.23
4124 0.42
4125 0.44
4126 0.46
4127 0.46
4128 0.38
4129 0.44
4130 0.40
4131 0.44
4132 0.44
4133 0.49
4134 0.49
4135 0.46
4136 0.29
4137 0.49
4138 0.49
4139 0.36
4140 0.44
4141 0.49
4142 0.49
4143 0.44
4144 0.40
4145 0.49
4146 0.49
4147 0.46
4148 0.49
4149 0.49
4150 0.42
4151 0.46
4152 -0.29
4153 0.44
4154 0.49
4155 0.49
4156 0.44
4157 0.40
4158 0.42
4159 0.42
4160 0.44
4161 0.49
4162 0.44
4163 0.42
4164 -0.28
4165 0.49
4166 0.49
4167 0.44
4168 0.42
4169 0.46
4170 0.40
4171 0.49
4172 0.46
4173 0.44
4174 0.44
4175 0.31
4176 0.42
4177 0.49
4178 0.44
4179 0.46
4180 0.34
4181 0.49
4182 0.42
4183 0.46
4184 0.46
4185 0.44
4186 0.23
4187 0.42
4188 0.15
4189 0.42
4190 0.49
4191 0.49
4192 0.49
4193 0.49
4194 0.46
4195 0.42
4196 0.44
4197 0.46
4198 0.40
4199 0.44
4200 0.34
4201 0.34
4202 0.40
4203 0.49
4204 0.40
4205 0.31
4206 0.38
4207 0.46
4208 0.46
4209 0.49
4210 0.49
4211 0.46
4212 0.49
4213 -0.15
4214 0.40
4215 0.49
4216 0.34
4217 0.44
4218 0.36
4219 0.46
4220 0.42
4221 0.46
4222 0.49
4223 0.42
4224 0.46
4225 0.40
4226 0.46
4227 0.44
4228 0.46
4229 0.44
4230 0.49
4231 0.42
4232 0.42
4233 0.49
4234 0.46
4235 0.46
4236 0.42
4237 0.42
4238 0.49
4239 0.42
4240 0.46
4241 0.46
4242 0.46
4243 0.46
4244 0.42
4245 0.46
4246 0.42
4247 0.46
4248 0.40
4249 0.49
4250 0.44
4251 0.42
4252 0.49
4253 0.36
4254 0.38
4255 0.42
4256 0.42
4257 0.46
4258 0.42
4259 0.46
4260 0.44
4261 -0.29
4262 0.46
4263 0.46
4264 0.38
4265 0.38
4266 0.46
4267 0.49
4268 0.44
4269 -0.10
4270 0.46
4271 0.49
4272 0.44
4273 0.49
4274 0.38
4275 0.46
4276 -0.28
4277 -0.10
4278 0.40
4279 0.34
4280 0.42
4281 0.49
4282 0.46
4283 0.44
4284 0.42
4285 0.44
4286 0.46
4287 0.36
4288 0.44
4289 0.49
4290 0.49
4291 0.49
4292 0.38
4293 0.44
4294 0.44
4295 0.44
4296 0.49
4297 0.40
4298 0.44
4299 0.38
4300 0.46
4301 0.46
4302 0.46
4303 0.38
4304 0.36
4305 0.38
4306 0.44
4307 0.44
4308 0.46
4309 0.38
4310 0.46
4311 0.46
4312 0.46
4313 0.49
4314 0.42
4315 0.46
4316 0.34
4317 0.38
4318 0.49
4319 0.36
4320 0.49
4321 0.36
4322 0.40
4323 0.49
4324 0.44
4325 0.36
4326 0.42
4327 0.40
4328 0.49
4329 0.32
4330 0.44
4331 0.49
4332 0.40
4333 0.46
4334 0.40
4335 0.46
4336 0.46
4337 0.42
4338 0.40
4339 0.49
4340 0.42
4341 0.46
4342 0.46
4343 0.46
4344 0.42
4345 0.36
4346 0.44
4347 0.42
4348 0.42
4349 0.49
4350 0.46
4351 0.42
4352 0.46
4353 0.46
4354 0.38
4355 0.31
4356 0.38
4357 0.40
4358 0.38
4359 0.38
4360 0.42
4361 0.49
4362 0.42
4363 0.42
4364 0.36
4365 0.44
4366 0.40
4367 0.46
4368 0.44
4369 0.44
4370 0.25
4371 0.40
4372 0.31
4373 -0.12
4374 0.40
4375 0.42
4376 0.40
4377 0.38
4378 0.49
4379 0.44
4380 0.38
4381 -0.29
4382 0.46
4383 0.46
4384 0.44
4385 0.49
4386 0.46
4387 0.42
4388 0.40
4389 0.44
4390 0.46
4391 0.49
4392 0.42
4393 0.38
4394 0.46
4395 0.46
4396 0.38
4397 0.44
4398 0.40
4399 0.44
4400 0.44
4401 0.09
4402 0.46
4403 0.49
4404 0.46
4405 0.44
4406 0.49
4407 0.46
4408 0.40
4409 0.38
4410 0.49
4411 0.42
4412 0.46
4413 0.42
4414 0.49
4415 0.49
4416 0.49
4417 0.44
4418 0.44
4419 0.42
4420 0.46
4421 0.44
4422 0.46
4423 0.42
4424 0.46
4425 0.46
4426 0.36
4427 0.49
4428 0.46
4429 0.38
4430 0.49
4431 0.44
4432 0.46
4433 0.46
4434 0.49
4435 0.38
4436 0.46
4437 0.49
4438 0.38
4439 0.42
4440 0.46
4441 -0.07
4442 0.40
4443 0.44
4444 0.38
4445 0.49
4446 -0.24
4447 0.44
4448 0.19
4449 0.44
4450 0.46
4451 0.46
4452 0.42
4453 0.44
4454 0.42
4455 0.38
4456 0.46
4457 0.46
4458 0.46
4459 0.46
4460 0.49
4461 -0.12
4462 0.34
4463 0.49
4464 0.44
4465 0.38
4466 0.46
4467 0.42
4468 0.44
4469 0.49
4470 0.49
4471 0.49
4472 0.40
4473 0.49
4474 0.40
4475 0.44
4476 0.28
4477 0.44
4478 0.49
4479 0.49
4480 0.40
4481 0.38
4482 0.44
4483 0.46
4484 0.44
4485 0.46
4486 0.49
4487 0.42
4488 0.46
4489 0.42
4490 0.38
4491 0.46
4492 0.44
4493 0.44
4494 0.46
4495 0.42
4496 0.38
4497 0.42
4498 0.46
4499 0.49
4500 0.46
4501 0.46
4502 0.46
4503 0.46
4504 0.40
4505 0.38
4506 0.49
4507 0.46
4508 0.24
4509 0.46
4510 0.46
4511 0.46
4512 0.46
4513 0.46
4514 0.42
4515 0.49
4516 0.40
4517 0.44
4518 0.44
4519 0.49
4520 0.46
4521 0.36
4522 0.49
4523 0.42
4524 0.42
4525 0.44
4526 0.36
4527 0.38
4528 0.40
4529 0.46
4530 0.44
4531 0.49
4532 0.44
4533 0.46
4534 0.46
4535 0.42
4536 0.49
4537 0.46
4538 0.46
4539 0.46
4540 0.36
4541 0.49
4542 0.40
4543 0.44
4544 0.40
4545 0.40
4546 0.49
4547 0.44
4548 0.46
4549 0.42
4550 0.49
4551 0.42
4552 0.44
4553 0.42
4554 0.38
4555 0.34
4556 0.42
4557 0.38
4558 0.44
4559 0.46
4560 0.49
4561 0.49
4562 0.42
4563 0.46
4564 0.42
4565 0.46
4566 0.49
4567 0.42
4568 0.42
4569 0.49
4570 0.40
4571 0.49
4572 0.44
4573 0.44
4574 0.36
4575 0.42
4576 0.40
4577 0.46
4578 0.42
4579 0.46
4580 0.46
4581 0.46
4582 0.46
4583 0.44
4584 0.32
4585 0.42
4586 0.46
4587 0.44
4588 0.49
4589 0.49
4590 0.46
4591 0.44
4592 0.44
4593 0.49
4594 0.46
4595 0.49
4596 0.44
4597 0.42
4598 0.49
4599 0.42
4600 0.42
4601 0.49
4602 0.44
4603 0.44
4604 0.44
4605 0.44
4606 0.44
4607 0.46
4608 0.36
4609 0.44
4610 0.32
4611 0.40
4612 0.42
4613 0.40
4614 -0.32
4615 0.36
4616 0.42
4617 0.42
4618 0.46
4619 0.38
4620 0.46
4621 0.42
4622 0.44
4623 0.49
4624 0.49
4625 0.44
4626 0.38
4627 0.46
4628 0.49
4629 0.38
4630 0.44
4631 0.49
4632 0.46
4633 0.34
4634 0.46
4635 0.49
4636 0.42
4637 0.36
4638 0.49
4639 0.17
4640 -0.29
4641 0.17
4642 0.19
4643 0.29
4644 0.21
4645 0.29
4646 0.36
4647 0.34
4648 0.44
4649 0.40
4650 0.46
4651 0.46
4652 0.44
4653 0.46
4654 0.49
4655 0.46
4656 0.46
4657 0.49
4658 0.40
4659 0.49
4660 0.44
4661 0.44
4662 0.42
4663 0.49
4664 0.46
4665 0.46
4666 0.49
4667 0.46
4668 0.44
4669 0.38
4670 0.49
4671 0.46
4672 0.42
4673 0.46
4674 0.36
4675 0.49
4676 0.44
4677 0.40
4678 0.32
4679 0.46
4680 0.44
4681 0.40
4682 0.46
4683 0.46
4684 0.42
4685 0.32
4686 0.49
4687 0.44
4688 0.42
4689 0.26
4690 0.36
4691 0.36
4692 0.44
4693 0.46
4694 0.34
4695 0.31
4696 0.42
4697 0.46
4698 0.46
4699 0.38
4700 0.49
4701 0.42
4702 0.46
4703 0.44
4704 0.49
4705 0.49
4706 0.46
4707 0.23
4708 0.46
4709 0.46
4710 0.49
4711 0.31
4712 0.46
4713 -0.24
4714 0.28
4715 0.44
4716 0.42
4717 0.34
4718 0.36
4719 0.25
4720 0.29
4721 0.31
4722 0.44
4723 0.23
4724 0.34
4725 0.40
4726 0.44
4727 0.44
4728 0.36
4729 0.36
4730 0.44
4731 0.44
4732 0.40
4733 0.44
4734 0.46
4735 0.42
4736 0.49
4737 0.44
4738 0.44
4739 0.46
4740 0.44
4741 0.40
4742 0.46
4743 0.49
4744 0.46
4745 0.49
4746 0.24
4747 0.44
4748 0.49
4749 0.44
4750 0.46
4751 -0.17
4752 0.44
4753 0.20
4754 0.38
4755 0.40
4756 0.18
4757 0.34
4758 0.44
4759 0.44
4760 -0.36
4761 0.44
4762 0.42
4763 0.42
4764 0.44
4765 0.42
4766 0.42
4767 0.42
4768 0.36
4769 0.42
4770 0.44
4771 0.44
4772 0.36
4773 0.44
4774 0.46
4775 0.46
4776 0.32
4777 0.46
4778 0.36
4779 0.49
4780 0.44
4781 0.46
4782 0.46
4783 0.42
4784 0.49
4785 0.42
4786 0.49
4787 0.36
4788 0.49
4789 0.46
4790 0.32
4791 0.46
4792 0.44
4793 0.40
4794 0.32
4795 0.46
4796 0.44
4797 -0.29
4798 0.44
4799 0.49
4800 0.36
4801 0.44
4802 0.42
4803 0.40
4804 0.40
4805 0.40
4806 0.38
4807 0.44
4808 0.42
4809 0.44
4810 0.49
4811 0.44
4812 0.44
4813 0.49
4814 0.44
4815 0.49
4816 0.44
4817 0.49
4818 0.46
4819 0.44
4820 0.44
4821 0.49
4822 0.46
4823 0.44
4824 0.38
4825 0.49
4826 0.26
4827 0.49
4828 0.46
4829 0.44
4830 0.40
4831 0.28
4832 0.42
4833 0.38
4834 0.38
4835 0.42
4836 0.40
4837 0.42
4838 0.44
4839 0.38
4840 0.36
4841 0.42
4842 0.46
4843 0.42
4844 0.44
4845 0.44
4846 0.40
4847 0.42
4848 0.46
4849 0.46
4850 0.42
4851 0.42
4852 0.38
4853 0.28
4854 0.44
4855 0.49
4856 0.49
4857 0.44
4858 0.46
4859 0.34
4860 0.34
4861 0.44
4862 0.32
4863 0.46
4864 0.42
4865 0.42
4866 0.44
4867 0.34
4868 0.46
4869 0.46
4870 0.49
4871 0.44
4872 0.46
4873 0.32
4874 0.44
4875 0.49
4876 0.42
4877 0.49
4878 0.46
4879 0.46
4880 0.49
4881 0.42
4882 0.46
4883 0.38
4884 0.46
4885 0.49
4886 0.44
4887 0.49
4888 0.46
4889 0.44
4890 0.44
4891 0.42
4892 0.46
4893 0.44
4894 0.44
4895 0.38
4896 0.49
4897 0.49
4898 0.29
4899 0.44
4900 0.49
4901 0.44
4902 0.44
4903 0.49
4904 0.44
4905 0.44
4906 0.49
4907 0.38
4908 0.46
4909 0.46
4910 0.40
4911 0.36
4912 0.46
4913 -0.23
4914 0.46
4915 0.46
4916 0.36
4917 0.49
4918 0.44
4919 0.46
4920 0.49
4921 0.44
4922 0.44
4923 0.42
4924 0.42
4925 0.34
4926 0.42
4927 0.44
4928 0.42
4929 0.44
4930 0.42
4931 0.49
4932 0.46
4933 0.44
4934 0.44
4935 0.44
4936 0.44
4937 0.38
4938 0.44
4939 0.44
4940 0.36
4941 0.44
4942 0.38
4943 0.42
4944 0.44
4945 0.40
4946 0.46
4947 0.44
4948 0.49
4949 0.36
4950 0.40
4951 0.44
4952 0.46
4953 0.49
4954 0.42
4955 0.46
4956 0.40
4957 0.44
4958 0.42
4959 0.46
4960 0.40
4961 0.49
4962 0.49
4963 0.32
4964 0.44
4965 0.40
4966 0.44
4967 0.42
4968 0.49
4969 0.42
4970 -0.20
4971 -0.32
4972 0.29
4973 0.44
4974 0.38
4975 0.40
4976 0.29
4977 0.42
4978 0.32
4979 0.49
4980 0.42
4981 0.49
4982 0.44
4983 0.49
4984 0.42
4985 0.38
4986 0.46
4987 0.46
4988 0.42
4989 0.32
4990 0.36
4991 -0.10
4992 0.40
4993 0.44
4994 0.31
4995 0.38
4996 0.44
4997 0.44
4998 0.46
4999 0.32
5000 0.32
5001 0.46
5002 0.49
5003 0.46
5004 0.42
5005 0.49
5006 0.44
5007 0.46
5008 0.46
5009 -0.26
5010 0.49
5011 0.44
5012 0.31
5013 0.46
5014 0.46
5015 0.44
5016 0.46
5017 0.49
5018 0.46
5019 0.49
5020 0.34
5021 0.36
5022 0.49
5023 0.46
5024 0.40
5025 0.46
5026 0.40
5027 0.31
5028 0.40
5029 0.42
5030 0.46
5031 0.46
5032 0.46
5033 0.46
5034 0.42
5035 0.24
5036 0.42
5037 0.46
5038 0.46
5039 0.42
5040 0.44
5041 0.49
5042 0.38
5043 0.36
5044 0.42
5045 0.42
5046 0.44
5047 0.46
5048 0.44
5049 0.44
5050 0.49
5051 0.42
5052 0.46
5053 0.38
5054 0.46
5055 0.44
5056 0.46
5057 0.49
5058 0.40
5059 0.46
5060 0.49
5061 0.46
5062 0.36
5063 0.40
5064 0.44
5065 0.49
5066 0.44
5067 0.44
5068 0.42
5069 0.34
5070 0.44
5071 0.46
5072 0.44
5073 0.38
5074 0.44
5075 0.44
5076 0.44
5077 0.44
5078 0.49
5079 0.49
5080 0.46
5081 0.46
5082 0.44
5083 0.46
5084 0.14
5085 0.42
5086 -0.24
5087 0.44
5088 0.40
5089 0.49
5090 0.44
5091 0.42
5092 0.38
5093 0.49
5094 0.49
5095 0.42
5096 0.49
5097 0.42
5098 0.49
5099 0.46
5100 0.36
5101 0.42
5102 0.46
5103 0.34
5104 0.40
5105 0.44
5106 0.46
5107 0.36
5108 0.46
5109 0.46
5110 0.46
5111 0.49
5112 0.44
5113 0.49
5114 0.44
5115 0.40
5116 0.32
5117 0.49
5118 0.42
5119 0.42
5120 -0.07
5121 0.42
5122 0.28
5123 0.40
5124 0.31
5125 0.38
5126 0.34
5127 0.44
5128 0.40
5129 0.49
5130 0.31
5131 0.42
5132 0.36
5133 0.49
5134 0.40
5135 0.49
5136 0.28
5137 0.46
5138 0.42
5139 0.49
5140 0.46
5141 0.46
5142 0.46
5143 0.34
5144 0.46
5145 0.46
5146 0.49
5147 0.44
5148 0.49
5149 0.46
5150 0.40
5151 0.40
5152 0.42
5153 0.44
5154 0.49
5155 0.49
5156 0.46
5157 0.49
5158 0.49
5159 0.46
5160 0.46
5161 0.44
5162 0.42
5163 0.46
5164 0.42
5165 0.42
5166 0.44
5167 -0.24
5168 0.42
5169 0.44
5170 0.46
5171 0.46
5172 0.49
5173 0.34
5174 0.44
5175 0.42
5176 0.42
5177 0.44
5178 0.36
5179 0.36
5180 0.49
5181 0.49
5182 -0.16
5183 0.36
5184 0.32
5185 0.44
5186 0.44
5187 0.49
5188 0.49
5189 0.46
5190 0.42
5191 0.46
5192 0.36
5193 0.49
5194 0.49
5195 0.40
5196 0.46
5197 0.49
5198 0.49
5199 0.46
5200 0.44
5201 0.46
5202 0.42
5203 0.40
5204 0.40
5205 0.42
5206 0.49
5207 0.44
5208 0.46
5209 0.42
5210 0.49
5211 0.46
5212 0.46
5213 0.44
5214 0.44
5215 0.44
5216 0.42
5217 0.44
5218 0.40
5219 0.46
5220 0.46
5221 0.46
5222 0.44
5223 0.49
5224 0.44
5225 0.49
5226 0.36
5227 0.44
5228 0.44
5229 0.36
5230 0.49
5231 0.38
5232 0.40
5233 0.44
5234 0.32
5235 0.36
5236 0.46
5237 0.28
5238 0.42
5239 0.44
5240 0.49
5241 0.46
5242 0.42
5243 0.40
5244 0.40
5245 0.49
5246 0.44
5247 -0.18
5248 0.44
5249 0.38
5250 0.46
5251 0.38
5252 0.40
5253 0.44
5254 -0.34
5255 0.46
5256 0.46
5257 0.34
5258 0.46
5259 0.44
5260 0.44
5261 0.46
5262 0.42
5263 0.38
5264 0.49
5265 0.46
5266 0.40
5267 0.44
5268 0.44
5269 0.46
5270 0.44
5271 -0.14
5272 0.42
5273 0.42
5274 0.42
5275 0.49
5276 0.49
5277 0.34
5278 0.42
5279 0.42
5280 0.49
5281 0.38
5282 0.46
5283 0.40
5284 0.44
5285 0.40
5286 0.49
5287 0.49
5288 0.42
5289 0.44
5290 0.46
5291 0.32
5292 0.49
5293 0.42
5294 0.44
5295 0.40
5296 0.49
5297 0.46
5298 0.32
5299 0.49
5300 0.44
5301 0.42
5302 0.38
5303 0.46
5304 0.36
5305 0.49
5306 0.49
5307 -0.34
5308 0.49
5309 0.46
5310 0.44
5311 0.40
5312 0.36
5313 0.40
5314 0.44
5315 0.49
5316 0.31
5317 0.46
5318 0.42
5319 0.31
5320 0.40
5321 0.44
5322 0.46
5323 0.42
5324 0.44
5325 0.40
5326 0.49
5327 0.42
5328 0.44
5329 0.38
5330 0.49
5331 0.42
5332 0.32
5333 0.34
5334 0.32
5335 0.46
5336 0.38
5337 0.44
5338 0.46
5339 0.25
5340 0.46
5341 0.44
5342 0.42
5343 0.49
5344 0.44
5345 0.40
5346 0.46
5347 0.46
5348 0.31
5349 0.42
5350 0.34
5351 -0.19
5352 0.38
5353 0.42
5354 0.49
5355 0.42
5356 0.36
5357 0.28
5358 0.46
5359 0.40
5360 0.44
5361 0.42
5362 0.32
5363 0.46
5364 0.46
5365 0.46
5366 -0.17
5367 -0.17
5368 0.44
5369 0.42
5370 0.46
5371 0.46
5372 0.42
5373 0.49
5374 0.46
5375 0.49
5376 0.36
5377 0.49
5378 0.44
5379 0.44
5380 0.42
5381 0.46
5382 0.46
5383 0.49
5384 0.36
5385 0.44
5386 0.42
5387 0.46
5388 0.44
5389 0.46
5390 0.40
5391 0.46
5392 0.49
5393 0.42
5394 0.42
5395 0.40
5396 0.44
5397 0.29
5398 0.42
5399 0.46
5400 0.42
5401 0.38
5402 0.40
5403 0.40
5404 0.46
5405 0.46
5406 0.40
5407 0.42
5408 0.34
5409 0.49
5410 0.49
5411 0.46
5412 0.49
5413 0.38
5414 0.42
5415 0.49
5416 0.49
5417 0.49
5418 0.42
5419 0.49
5420 0.46
5421 0.31
5422 0.44
5423 0.46
5424 0.44
5425 0.40
5426 0.34
5427 0.46
5428 0.42
5429 0.44
5430 0.49
5431 0.44
5432 0.42
5433 0.32
5434 0.25
5435 0.44
5436 0.44
5437 0.46
5438 0.46
5439 0.44
5440 0.46
5441 0.28
5442 0.20
5443 0.40
5444 0.46
5445 0.44
5446 0.42
5447 0.49
5448 0.44
5449 0.38
5450 0.42
5451 0.36
5452 0.40
5453 0.42
5454 0.44
5455 0.44
5456 0.44
5457 -0.29
5458 0.36
5459 0.40
5460 0.40
5461 0.24
5462 0.31
5463 0.29
5464 0.42
5465 0.40
5466 0.46
5467 0.49
5468 0.46
5469 0.44
5470 0.49
5471 0.38
5472 0.49
5473 0.46
5474 0.44
5475 0.38
5476 0.44
5477 0.38
5478 0.46
5479 0.46
5480 0.34
5481 0.46
5482 0.40
5483 0.46
5484 0.46
5485 0.44
5486 0.36
5487 0.44
5488 0.42
5489 0.49
5490 0.46
5491 0.44
5492 0.46
5493 0.42
5494 0.42
5495 0.44
5496 0.42
5497 0.42
5498 0.42
5499 0.42
5500 0.49
5501 0.46
5502 0.46
5503 0.32
5504 0.44
5505 0.40
5506 0.42
5507 0.44
5508 0.46
5509 0.42
5510 0.44
5511 0.40
5512 0.38
5513 0.46
5514 0.46
5515 0.40
5516 0.38
5517 0.28
5518 0.40
5519 0.40
5520 0.38
5521 0.36
5522 0.38
5523 0.42
5524 0.44
5525 -0.26
5526 0.26
5527 0.38
5528 0.38
5529 0.08
5530 0.42
5531 0.42
5532 0.42
5533 0.49
5534 0.42
5535 0.36
5536 0.23
5537 0.29
5538 0.34
5539 0.34
5540 0.46
5541 0.46
5542 0.46
5543 0.49
5544 0.46
5545 0.49
5546 0.38
5547 0.46
5548 0.49
5549 0.38
5550 0.49
5551 0.46
5552 0.34
5553 0.44
5554 0.42
5555 0.31
5556 0.38
5557 0.49
5558 0.40
5559 0.46
5560 0.49
5561 0.44
5562 0.44
5563 0.42
5564 0.46
5565 0.46
5566 0.46
5567 0.44
5568 0.44
5569 0.46
5570 0.46
5571 0.49
5572 0.46
5573 0.42
5574 0.44
5575 0.12
5576 0.34
5577 0.49
5578 0.42
5579 0.42
5580 0.40
5581 0.49
5582 0.38
5583 0.40
5584 0.34
5585 0.46
5586 0.44
5587 0.46
5588 0.40
5589 0.42
5590 0.46
5591 0.49
5592 0.38
5593 0.44
5594 0.49
5595 0.40
5596 -0.36
5597 0.31
5598 0.31
5599 0.36
5600 0.40
5601 0.46
5602 0.44
5603 0.49
5604 0.40
5605 0.40
5606 0.38
5607 0.49
5608 0.44
5609 0.36
5610 0.46
5611 0.42
5612 0.44
5613 0.44
5614 0.42
5615 0.46
5616 0.44
5617 0.46
5618 0.40
5619 0.46
5620 0.46
5621 0.46
5622 0.44
5623 0.46
5624 0.46
5625 0.42
5626 0.46
5627 0.19
5628 0.49
5629 0.40
5630 0.44
5631 0.44
5632 0.42
5633 0.46
5634 0.46
5635 0.46
5636 0.49
5637 0.44
5638 0.46
5639 0.38
5640 0.49
5641 0.46
5642 0.38
5643 0.46
5644 0.44
5645 0.40
5646 0.42
5647 0.42
5648 0.46
5649 0.38
5650 0.46
5651 0.38
5652 0.46
5653 0.49
5654 0.42
5655 0.42
5656 0.42
5657 0.46
5658 0.42
5659 0.44
5660 0.46
5661 0.46
5662 0.46
5663 0.40
5664 0.46
5665 0.44
5666 0.26
5667 0.26
5668 0.36
5669 0.40
5670 0.49
5671 0.49
5672 0.46
5673 0.49
5674 0.40
5675 0.38
5676 0.42
5677 0.44
5678 0.31
5679 0.42
5680 0.38
5681 0.42
5682 0.44
5683 0.42
5684 0.44
5685 0.44
5686 0.40
5687 0.49
5688 0.49
5689 0.49
5690 0.40
5691 0.44
5692 0.49
5693 0.49
5694 0.42
5695 0.46
5696 0.46
5697 0.49
5698 0.46
5699 0.49
5700 0.38
5701 0.46
5702 0.44
5703 0.44
5704 0.46
5705 0.42
5706 0.36
5707 0.44
5708 0.46
5709 0.49
5710 0.08
5711 0.38
5712 -0.29
5713 -0.06
5714 0.46
5715 0.42
5716 0.49
5717 0.46
5718 0.38
5719 0.49
5720 0.38
5721 0.49
5722 0.32
5723 0.49
5724 0.49
5725 0.46
5726 0.49
5727 0.40
5728 0.44
5729 0.44
5730 0.38
5731 0.49
5732 0.44
5733 0.40
5734 0.42
5735 0.46
5736 0.34
5737 0.49
5738 0.40
5739 0.44
5740 0.49
5741 0.44
5742 0.46
5743 0.46
5744 0.49
5745 0.49
5746 0.46
5747 0.46
5748 0.49
5749 0.44
5750 0.46
5751 0.46
5752 0.49
5753 0.38
5754 0.49
5755 0.44
5756 0.46
5757 0.44
5758 0.44
5759 0.49
5760 0.40
5761 0.46
5762 0.40
5763 0.40
5764 0.46
5765 0.40
5766 0.36
5767 0.46
5768 0.49
5769 -0.38
5770 0.46
5771 0.31
5772 0.44
5773 -0.21
5774 0.46
5775 0.42
5776 0.46
5777 -0.12
5778 0.40
5779 0.44
5780 0.34
5781 0.44
5782 -0.29
5783 0.38
5784 0.49
5785 0.44
5786 0.46
5787 0.44
5788 0.49
5789 -0.31
5790 0.49
5791 0.21
5792 0.40
5793 0.38
5794 0.49
5795 0.46
5796 0.46
5797 0.36
5798 0.29
5799 0.49
5800 0.46
5801 0.42
5802 0.40
5803 0.44
5804 0.44
5805 0.42
5806 0.44
5807 0.46
5808 0.46
5809 0.49
5810 0.44
5811 0.44
5812 0.36
5813 0.38
5814 0.44
5815 0.42
5816 0.46
5817 0.46
5818 0.46
5819 0.49
5820 0.46
5821 0.38
5822 0.44
5823 0.49
5824 0.49
5825 0.32
5826 0.46
5827 0.49
5828 0.44
5829 0.49
5830 0.46
5831 0.46
5832 0.44
5833 0.38
5834 0.42
5835 0.42
5836 0.46
5837 0.38
5838 -0.17
5839 0.44
5840 0.49
5841 0.42
5842 0.42
5843 0.36
5844 0.46
5845 0.49
5846 0.46
5847 -0.12
5848 0.44
5849 0.36
5850 0.44
5851 0.42
5852 0.42
5853 0.42
5854 0.44
5855 0.42
5856 0.46
5857 0.49
5858 0.49
5859 0.44
5860 0.49
5861 0.40
5862 0.49
5863 0.46
5864 0.38
5865 0.42
5866 0.42
5867 0.44
5868 0.36
5869 0.49
5870 0.46
5871 0.40
5872 0.40
5873 0.42
5874 0.42
5875 0.40
5876 0.36
5877 0.44
5878 0.44
5879 0.42
5880 0.42
5881 0.46
5882 -0.10
5883 0.42
5884 0.46
5885 -0.21
5886 0.49
5887 0.38
5888 0.44
5889 0.42
5890 -0.24
5891 0.49
5892 0.40
5893 0.46
5894 0.46
5895 0.44
5896 0.46
5897 0.46
5898 0.42
5899 0.44
5900 0.42
5901 0.46
5902 0.42
5903 0.42
5904 0.44
5905 -0.38
5906 0.29
5907 0.46
5908 0.36
5909 0.44
5910 0.46
5911 0.42
5912 -0.21
5913 0.42
5914 0.42
5915 0.44
5916 0.46
5917 0.46
5918 0.44
5919 0.36
5920 0.49
5921 0.49
5922 0.38
5923 0.46
5924 0.34
5925 0.28
5926 0.42
5927 0.46
5928 0.46
5929 0.46
5930 0.38
5931 0.34
5932 0.38
5933 0.40
5934 0.49
5935 0.40
5936 0.40
5937 0.44
5938 0.44
5939 0.42
5940 0.44
5941 0.44
5942 0.36
5943 0.46
5944 0.49
5945 0.46
5946 0.42
5947 0.44
5948 0.46
5949 0.46
5950 0.46
5951 0.44
5952 0.46
5953 0.36
5954 0.46
5955 0.44
5956 0.44
5957 0.46
5958 0.44
5959 0.46
5960 0.46
5961 0.44
5962 0.44
5963 0.34
5964 0.42
5965 0.44
5966 0.49
5967 0.25
5968 0.46
5969 0.38
5970 0.40
5971 0.49
5972 0.49
5973 0.49
5974 0.40
5975 -0.14
5976 0.44
5977 0.34
5978 0.46
5979 0.38
5980 0.44
5981 0.44
5982 0.44
5983 0.49
5984 0.44
5985 0.46
5986 0.46
5987 0.40
5988 0.46
5989 0.40
5990 0.46
5991 0.49
5992 0.44
5993 0.46
5994 0.40
5995 0.44
5996 0.44
5997 0.46
5998 0.49
5999 0.38
6000 0.38
6001 0.42
6002 0.44
6003 0.44
6004 0.40
6005 0.42
6006 0.46
6007 0.44
6008 0.46
6009 0.36
6010 -0.31
6011 0.46
6012 0.46
6013 0.32
6014 0.29
6015 0.44
6016 -0.29
6017 0.07
6018 0.23
6019 0.42
6020 0.40
6021 0.46
6022 0.44
6023 0.44
6024 0.34
6025 0.44
6026 0.49
6027 0.42
6028 0.49
6029 0.49
6030 0.46
6031 0.40
6032 0.49
6033 0.44
6034 0.49
6035 0.38
6036 0.49
6037 0.44
6038 0.44
6039 0.49
6040 0.18
6041 0.40
6042 0.40
6043 0.42
6044 0.42
6045 0.44
6046 0.44
6047 0.44
6048 0.44
6049 0.42
6050 0.44
6051 0.36
6052 0.38
6053 0.46
6054 0.40
6055 0.46
6056 0.42
6057 0.42
6058 0.46
6059 0.46
6060 0.49
6061 0.46
6062 0.42
6063 0.07
6064 0.32
6065 -0.31
6066 0.23
6067 0.07
6068 0.38
6069 0.34
6070 0.44
6071 0.40
6072 0.44
6073 0.14
6074 0.49
6075 0.42
6076 0.49
6077 0.42
6078 0.42
6079 0.46
6080 0.38
6081 0.46
6082 0.46
6083 0.46
6084 0.49
6085 0.40
6086 0.44
6087 0.49
6088 0.42
6089 0.49
6090 0.49
6091 0.40
6092 0.44
6093 0.32
6094 0.38
6095 0.44
6096 0.44
6097 0.49
6098 0.34
6099 0.44
6100 0.49
6101 0.46
6102 0.44
6103 0.49
6104 0.40
6105 0.49
6106 0.46
6107 0.44
6108 0.49
6109 0.46
6110 0.40
6111 0.44
6112 0.42
6113 0.31
6114 0.44
6115 0.49
6116 0.49
6117 0.49
6118 0.46
6119 0.49
6120 0.44
6121 -0.25
6122 0.40
6123 0.46
6124 0.46
6125 0.44
6126 0.32
6127 0.49
6128 0.42
6129 0.46
6130 -0.26
6131 0.36
6132 0.49
6133 -0.11
6134 0.40
6135 0.44
6136 -0.21
6137 0.38
6138 0.49
6139 0.42
6140 -0.10
6141 0.42
6142 0.44
6143 0.46
6144 0.42
6145 0.46
6146 0.42
6147 0.49
6148 0.46
6149 0.49
6150 0.44
6151 0.46
6152 0.44
6153 0.49
6154 0.44
6155 0.38
6156 0.44
6157 0.46
6158 0.38
6159 0.40
6160 0.46
6161 0.49
6162 0.38
6163 0.46
6164 0.46
6165 0.44
6166 0.46
6167 0.46
6168 0.36
6169 0.42
6170 0.36
6171 0.32
6172 0.49
6173 0.44
6174 0.49
6175 0.46
6176 0.46
6177 0.49
6178 0.17
6179 0.36
6180 0.42
6181 0.49
6182 0.40
6183 0.46
6184 0.42
6185 0.49
6186 0.42
6187 0.46
6188 0.46
6189 0.49
6190 0.46
6191 0.46
6192 0.46
6193 0.46
6194 0.44
6195 0.49
6196 0.40
6197 0.49
6198 0.32
6199 0.49
6200 0.24
6201 0.49
6202 0.38
6203 0.44
6204 0.42
6205 -0.21
6206 0.44
6207 0.46
6208 0.38
6209 0.49
6210 0.46
6211 0.46
6212 0.49
6213 0.49
6214 0.46
6215 0.42
6216 0.31
6217 0.40
6218 0.38
6219 0.44
6220 0.42
6221 0.46
6222 0.49
6223 0.46
6224 0.46
6225 0.38
6226 0.42
6227 0.44
6228 0.42
6229 0.36
6230 0.46
6231 0.40
6232 0.23
6233 0.46
6234 0.40
6235 0.46
6236 0.36
6237 0.49
6238 0.46
6239 0.40
6240 0.46
6241 0.40
6242 0.34
6243 0.40
6244 0.49
6245 0.44
6246 0.44
6247 0.40
6248 0.38
6249 0.44
6250 0.46
6251 0.46
6252 0.44
6253 0.46
6254 0.49
6255 0.49
6256 0.46
6257 0.46
6258 0.49
6259 0.42
6260 0.49
6261 0.46
6262 0.46
6263 0.42
6264 0.49
6265 0.49
6266 0.40
6267 0.25
6268 0.49
6269 0.38
6270 0.46
6271 0.44
6272 0.12
6273 0.46
6274 0.40
6275 0.31
6276 0.46
6277 0.38
6278 0.44
6279 0.08
6280 0.17
6281 0.42
6282 0.38
6283 0.44
6284 0.46
6285 0.40
6286 0.44
6287 0.40
6288 0.44
6289 0.42
6290 0.46
6291 0.49
6292 0.49
6293 0.28
6294 0.46
6295 0.38
6296 0.46
6297 0.40
6298 0.42
6299 0.44
6300 0.40
6301 0.46
6302 0.49
6303 0.49
6304 0.36
6305 0.49
6306 -0.14
6307 0.49
6308 0.49
6309 0.38
6310 0.32
6311 0.34
6312 0.42
6313 0.46
6314 0.46
6315 0.44
6316 0.42
6317 0.49
6318 0.49
6319 0.46
6320 0.49
6321 0.44
6322 0.49
6323 0.44
6324 0.40
6325 0.40
6326 0.40
6327 0.44
6328 0.49
6329 0.40
6330 0.46
6331 0.46
6332 0.46
6333 0.46
6334 0.10
6335 0.44
6336 0.44
6337 0.49
6338 0.49
6339 0.40
6340 0.40
6341 0.40
6342 0.40
6343 0.26
6344 0.46
6345 0.36
6346 0.36
6347 0.46
6348 0.42
6349 0.40
6350 0.05
6351 0.31
6352 0.34
6353 0.46
6354 0.42
6355 0.44
6356 0.49
6357 0.49
6358 0.40
6359 0.44
6360 0.38
6361 0.46
6362 0.44
6363 0.46
6364 0.49
6365 0.46
6366 0.46
6367 0.44
6368 0.49
6369 0.40
6370 0.42
6371 0.32
6372 0.42
6373 0.46
6374 0.40
6375 0.40
6376 0.40
6377 0.46
6378 0.46
6379 0.36
6380 0.46
6381 0.25
6382 -0.25
6383 0.31
6384 0.46
6385 0.17
6386 0.36
6387 0.38
6388 0.46
6389 0.25
6390 0.44
6391 0.42
6392 0.44
6393 0.44
6394 0.36
6395 0.44
6396 0.46
6397 0.42
6398 0.26
6399 0.44
6400 0.46
6401 0.42
6402 0.46
6403 -0.40
6404 0.40
6405 0.24
6406 0.34
6407 0.49
6408 0.44
6409 0.46
6410 0.40
6411 0.44
6412 0.42
6413 0.44
6414 0.49
6415 0.46
6416 0.44
6417 0.40
6418 0.32
6419 0.46
6420 0.46
6421 0.44
6422 0.46
6423 0.44
6424 0.40
6425 0.42
6426 0.49
6427 0.46
6428 0.49
6429 0.44
6430 0.46
6431 0.44
6432 0.49
6433 0.46
6434 0.46
6435 0.46
6436 0.44
6437 0.44
6438 0.36
6439 0.46
6440 0.49
6441 0.46
6442 0.49
6443 0.36
6444 0.44
6445 0.46
6446 0.44
6447 0.46
6448 0.44
6449 0.49
6450 0.44
6451 0.44
6452 0.17
6453 0.34
6454 0.29
6455 0.32
6456 0.46
6457 0.49
6458 0.44
6459 0.46
6460 0.42
6461 0.36
6462 0.42
6463 0.46
6464 0.44
6465 0.40
6466 0.42
6467 0.42
6468 0.40
6469 0.42
6470 0.46
6471 0.46
6472 0.46
6473 0.49
6474 0.42
6475 -0.17
6476 0.40
6477 0.40
6478 0.46
6479 0.49
6480 0.49
6481 0.42
6482 0.36
6483 0.44
6484 0.46
6485 0.49
6486 0.18
6487 0.46
6488 0.38
6489 0.46
6490 0.49
6491 0.40
6492 0.36
6493 0.46
6494 0.38
6495 0.46
6496 0.42
6497 0.42
6498 0.40
6499 0.46
6500 0.46
6501 0.24
6502 0.49
6503 0.46
6504 0.46
6505 0.40
6506 0.46
6507 0.38
6508 0.44
6509 0.46
6510 0.36
6511 0.44
6512 0.38
6513 0.42
6514 0.49
6515 0.36
6516 0.12
6517 0.23
6518 0.36
6519 0.44
6520 0.40
6521 0.46
6522 0.44
6523 0.44
6524 0.44
6525 0.46
6526 0.44
6527 0.40
6528 0.49
6529 0.49
6530 0.38
6531 0.40
6532 0.46
6533 0.42
6534 0.46
6535 0.42
6536 0.34
6537 0.42
6538 0.42
6539 0.44
6540 0.44
6541 0.42
6542 0.49
6543 0.46
6544 0.42
6545 0.44
6546 0.40
6547 0.44
6548 0.46
6549 0.36
6550 0.49
6551 0.44
6552 0.42
6553 0.46
6554 0.36
6555 0.49
6556 0.34
6557 0.46
6558 0.49
6559 0.44
6560 0.44
6561 0.44
6562 0.40
6563 0.46
6564 0.49
6565 0.42
6566 0.44
6567 0.46
6568 0.42
6569 0.40
6570 -0.19
6571 0.49
6572 0.49
6573 0.46
6574 0.44
6575 0.49
6576 0.09
6577 0.42
6578 0.44
6579 0.49
6580 0.40
6581 -0.29
6582 0.36
6583 0.32
6584 0.32
6585 0.42
6586 0.44
6587 0.46
6588 0.46
6589 0.44
6590 0.44
6591 0.46
6592 0.49
6593 0.49
6594 0.46
6595 0.25
6596 0.44
6597 0.46
6598 0.44
6599 0.40
6600 0.42
6601 0.44
6602 0.42
6603 0.40
6604 -0.19
6605 0.42
6606 0.42
6607 0.38
6608 0.49
6609 0.42
6610 0.44
6611 0.44
6612 0.46
6613 0.46
6614 0.49
6615 0.49
6616 0.46
6617 0.46
6618 0.32
6619 0.49
6620 0.49
6621 0.40
6622 0.40
6623 0.38
6624 0.49
6625 0.46
6626 0.49
6627 0.44
6628 0.40
6629 0.42
6630 0.40
6631 0.34
6632 0.42
6633 0.44
6634 0.46
6635 0.44
6636 0.36
6637 0.49
6638 0.46
6639 0.24
6640 0.40
6641 0.05
6642 0.31
6643 0.44
6644 0.36
6645 0.44
6646 0.46
6647 0.42
6648 0.49
6649 0.40
6650 0.42
6651 0.46
6652 0.46
6653 0.42
6654 0.42
6655 0.46
6656 0.46
6657 0.46
6658 0.25
6659 0.32
6660 0.49
6661 0.46
6662 0.46
6663 0.42
6664 0.42
6665 0.49
6666 0.46
6667 0.42
6668 0.49
6669 0.42
6670 0.49
6671 0.49
6672 0.49
6673 0.38
6674 0.49
6675 0.38
6676 0.49
6677 0.44
6678 0.46
6679 0.46
6680 0.44
6681 0.46
6682 0.29
6683 0.46
6684 0.49
6685 0.42
6686 0.34
6687 0.44
6688 0.42
6689 0.40
6690 0.46
6691 0.38
6692 0.44
6693 0.44
6694 0.46
6695 0.40
6696 0.34
6697 -0.09
6698 0.32
6699 0.42
6700 -0.32
6701 0.23
6702 0.42
6703 0.44
6704 0.38
6705 0.42
6706 0.44
6707 0.42
6708 0.44
6709 0.46
6710 0.46
6711 0.46
6712 0.49
6713 0.34
6714 0.42
6715 0.49
6716 0.42
6717 0.46
6718 0.46
6719 0.42
6720 0.38
6721 0.40
6722 0.42
6723 0.46
6724 0.42
6725 0.42
6726 0.44
6727 0.46
6728 0.46
6729 0.49
6730 0.49
6731 0.42
6732 0.46
6733 0.49
6734 0.46
6735 0.44
6736 0.46
6737 0.44
6738 0.40
6739 0.42
6740 0.44
6741 0.34
6742 0.42
6743 0.46
6744 0.46
6745 0.44
6746 0.46
6747 0.40
6748 0.38
6749 0.46
6750 0.49
6751 0.42
6752 0.46
6753 0.49
6754 0.46
6755 0.49
6756 0.46
6757 0.40
6758 0.46
6759 0.44
6760 0.49
6761 0.44
6762 0.40
6763 0.42
6764 0.42
6765 0.46
6766 0.46
6767 0.42
6768 0.46
6769 0.40
6770 0.44
6771 0.44
6772 0.49
6773 0.26
6774 0.46
6775 0.49
6776 0.42
6777 0.49
6778 0.42
6779 0.46
6780 0.49
6781 0.42
6782 0.46
6783 0.46
6784 0.44
6785 0.40
6786 0.46
6787 0.44
6788 0.46
6789 0.46
6790 0.49
6791 0.44
6792 0.46
6793 0.49
6794 0.44
6795 0.42
6796 0.40
6797 0.44
6798 0.38
6799 0.42
6800 0.42
6801 0.46
6802 0.42
6803 0.46
6804 0.26
6805 0.38
6806 0.42
6807 0.46
6808 0.40
6809 0.42
6810 0.29
6811 0.38
6812 0.42
6813 0.44
6814 0.46
6815 -0.29
6816 0.29
6817 0.44
6818 0.34
6819 0.42
6820 0.49
6821 0.08
6822 0.34
6823 0.44
6824 0.46
6825 0.21
6826 0.32
6827 0.44
6828 0.42
6829 0.34
6830 0.46
6831 0.49
6832 0.46
6833 0.44
6834 0.38
6835 0.40
6836 0.42
6837 0.46
6838 0.46
6839 0.42
6840 0.49
6841 0.38
6842 0.42
6843 0.49
6844 0.46
6845 0.49
6846 0.34
6847 0.34
6848 0.42
6849 0.49
6850 0.46
6851 0.42
6852 0.42
6853 0.49
6854 0.38
6855 0.49
6856 0.46
6857 0.34
6858 0.46
6859 0.40
6860 0.42
6861 0.34
6862 0.44
6863 0.40
6864 0.40
6865 0.36
6866 0.40
6867 0.21
6868 0.38
6869 0.46
6870 0.44
6871 0.42
6872 0.44
6873 0.46
6874 0.46
6875 0.44
6876 0.49
6877 0.42
6878 0.46
6879 0.44
6880 0.29
6881 0.42
6882 0.46
6883 0.46
6884 0.46
6885 0.49
6886 0.38
6887 0.44
6888 0.42
6889 0.34
6890 0.44
6891 0.49
6892 0.46
6893 0.49
6894 0.34
6895 0.42
6896 0.42
6897 0.46
6898 0.44
6899 0.44
6900 0.40
6901 0.46
6902 0.44
6903 0.46
6904 0.49
6905 0.44
6906 0.46
6907 0.42
6908 0.42
6909 0.49
6910 0.44
6911 0.46
6912 0.42
6913 0.44
6914 0.44
6915 0.44
6916 0.46
6917 0.46
6918 0.42
6919 0.44
6920 0.40
6921 0.46
6922 0.46
6923 0.49
6924 0.42
6925 0.40
6926 0.46
6927 0.49
6928 0.36
6929 0.44
6930 0.46
6931 0.44
6932 0.44
6933 0.46
6934 0.44
6935 0.49
6936 0.44
6937 0.46
6938 0.40
6939 0.49
6940 0.49
6941 0.46
6942 0.46
6943 0.44
6944 0.46
6945 0.38
6946 0.44
6947 0.44
6948 0.44
6949 0.46
6950 0.34
6951 0.49
6952 0.49
6953 -0.17
6954 0.44
6955 -0.38
6956 0.29
6957 0.42
6958 0.46
6959 0.44
6960 0.42
6961 0.42
6962 0.42
6963 0.44
6964 0.40
6965 0.46
6966 0.44
6967 0.49
6968 0.49
6969 0.49
6970 0.46
6971 0.46
6972 0.49
6973 0.42
6974 0.44
6975 0.46
6976 0.49
6977 0.46
6978 0.46
6979 0.46
6980 0.44
6981 0.44
6982 0.44
6983 0.49
6984 0.42
6985 0.34
6986 0.46
6987 0.44
6988 0.42
6989 0.40
6990 -0.20
6991 0.38
6992 0.46
6993 0.44
6994 0.42
6995 0.26
6996 0.46
6997 0.44
6998 0.42
6999 0.46
7000 0.44
7001 0.40
7002 0.34
7003 0.44
7004 0.49
7005 0.49
7006 0.32
7007 0.46
7008 0.44
7009 0.42
7010 0.42
7011 0.32
7012 0.13
7013 0.46
7014 0.10
7015 0.46
7016 0.49
7017 0.38
7018 0.42
7019 0.46
7020 0.42
7021 0.40
7022 0.49
7023 0.46
7024 0.42
7025 0.49
7026 0.46
7027 0.46
7028 0.49
7029 0.49
7030 0.42
7031 0.42
7032 0.49
7033 0.49
7034 0.42
7035 0.44
7036 0.46
7037 0.31
7038 0.44
7039 0.40
7040 0.42
7041 0.49
7042 0.36
7043 0.44
7044 0.42
7045 0.32
7046 0.42
7047 0.42
7048 0.49
7049 0.42
7050 0.44
7051 0.49
7052 0.40
7053 0.34
7054 0.44
7055 0.44
7056 0.49
7057 0.46
7058 0.49
7059 0.44
7060 0.44
7061 0.49
7062 0.46
7063 0.46
7064 0.40
7065 0.44
7066 0.49
7067 0.42
7068 0.49
7069 0.46
7070 0.49
7071 0.46
7072 0.46
7073 0.40
7074 0.46
7075 0.46
7076 0.42
7077 0.42
7078 0.46
7079 0.40
7080 0.40
7081 0.42
7082 0.02
7083 0.42
7084 0.34
7085 0.42
7086 0.42
7087 0.42
7088 0.49
7089 0.19
7090 0.46
7091 0.44
7092 0.32
7093 0.46
7094 0.44
7095 0.32
7096 0.19
7097 0.40
7098 0.46
7099 0.49
7100 0.14
7101 0.26
7102 0.49
7103 0.46
7104 0.44
7105 0.42
7106 0.44
7107 0.44
7108 0.44
7109 0.44
7110 0.44
7111 0.42
7112 -0.12
7113 0.32
7114 -0.21
7115 0.29
7116 0.46
7117 -0.34
7118 0.23
7119 0.44
7120 0.40
7121 0.42
7122 0.44
7123 0.49
7124 0.46
7125 0.44
7126 0.46
7127 0.49
7128 0.36
7129 0.46
7130 0.42
7131 0.46
7132 0.46
7133 0.46
7134 0.49
7135 0.46
7136 0.34
7137 0.46
7138 0.32
7139 0.42
7140 0.44
7141 0.42
7142 0.49
7143 0.46
7144 0.46
7145 0.44
7146 0.44
7147 0.36
7148 0.46
7149 0.46
7150 0.49
7151 0.38
7152 0.44
7153 0.29
7154 0.49
7155 0.40
7156 0.44
7157 0.46
7158 0.40
7159 0.49
7160 0.44
7161 0.38
7162 0.49
7163 0.46
7164 0.49
7165 0.49
7166 0.46
7167 0.46
7168 0.38
7169 0.46
7170 0.46
7171 0.36
7172 0.49
7173 0.40
7174 0.42
7175 0.46
7176 0.38
7177 0.46
7178 0.44
7179 0.42
7180 0.31
7181 0.38
7182 0.34
7183 0.49
7184 0.46
7185 0.40
7186 0.46
7187 0.46
7188 0.46
7189 0.49
7190 0.42
7191 0.42
7192 0.46
7193 0.49
7194 0.38
7195 0.38
7196 0.46
7197 0.40
7198 0.44
7199 0.49
7200 0.44
7201 0.34
7202 0.44
7203 0.25
7204 0.38
7205 0.44
7206 0.49
7207 0.44
7208 0.08
7209 0.49
7210 0.38
7211 0.49
7212 0.49
7213 0.44
7214 0.49
7215 0.42
7216 0.42
7217 0.46
7218 0.32
7219 0.42
7220 0.44
7221 0.46
7222 0.46
7223 0.49
7224 0.49
7225 0.44
7226 0.49
7227 0.44
7228 -0.14
7229 0.46
7230 0.46
7231 0.42
7232 0.46
7233 0.40
7234 0.42
7235 0.38
7236 0.49
7237 0.49
7238 0.46
7239 0.40
7240 0.42
7241 0.36
7242 0.49
7243 0.17
7244 0.46
7245 0.42
7246 0.09
7247 0.32
7248 0.44
7249 0.26
7250 0.44
7251 0.49
7252 0.44
7253 0.40
7254 0.42
7255 0.44
7256 0.40
7257 0.46
7258 0.46
7259 0.46
7260 0.44
7261 0.36
7262 0.44
7263 0.49
7264 0.42
7265 0.40
7266 0.44
7267 0.46
7268 0.28
7269 0.38
7270 0.40
7271 0.46
7272 0.44
7273 0.49
7274 0.40
7275 0.42
7276 0.34
7277 0.40
7278 0.44
7279 0.40
7280 0.40
7281 0.40
7282 0.36
7283 -0.26
7284 0.09
7285 0.40
7286 0.06
7287 0.44
7288 0.42
7289 0.44
7290 0.49
7291 0.49
7292 0.49
7293 0.44
7294 0.36
7295 0.46
7296 0.40
7297 0.40
7298 0.46
7299 0.44
7300 0.44
7301 0.49
7302 0.49
7303 0.46
7304 0.49
7305 0.26
7306 0.44
7307 0.44
7308 0.42
7309 0.44
7310 0.42
7311 0.08
7312 0.25
7313 0.34
7314 0.49
7315 0.42
7316 0.42
7317 0.46
7318 0.36
7319 0.49
7320 0.36
7321 0.36
7322 0.46
7323 0.46
7324 0.44
7325 0.42
7326 0.49
7327 0.49
7328 0.42
7329 0.44
7330 0.46
7331 0.49
7332 0.42
7333 0.42
7334 0.46
7335 0.40
7336 0.44
7337 0.46
7338 0.42
7339 0.36
7340 0.49
7341 0.34
7342 0.44
7343 0.49
7344 0.44
7345 0.42
7346 0.34
7347 0.36
7348 0.42
7349 0.40
7350 0.49
7351 0.25
7352 0.40
7353 0.46
7354 0.36
7355 0.40
7356 0.44
7357 0.49
7358 0.40
7359 0.46
7360 0.40
7361 0.40
7362 0.38
7363 0.42
7364 0.40
7365 0.49
7366 0.44
7367 0.49
7368 0.42
7369 0.44
7370 0.18
7371 0.46
7372 0.44
7373 0.36
7374 0.44
7375 0.46
7376 0.49
7377 0.42
7378 0.42
7379 0.46
7380 0.46
7381 0.42
7382 0.44
7383 0.44
7384 0.49
7385 0.49
7386 0.49
7387 0.49
7388 0.49
7389 0.46
7390 0.44
7391 0.42
7392 0.46
7393 0.44
7394 0.44
7395 0.40
7396 0.46
7397 0.42
7398 0.42
7399 0.31
7400 0.42
7401 0.49
7402 0.49
7403 0.46
7404 0.40
7405 0.40
7406 0.44
7407 0.49
7408 0.40
7409 0.46
7410 0.46
7411 0.34
7412 0.42
7413 0.46
7414 0.44
7415 0.49
7416 0.46
7417 0.49
7418 0.40
7419 0.46
7420 0.46
7421 0.42
7422 0.49
7423 0.40
7424 0.29
7425 0.44
7426 0.38
7427 0.44
7428 0.44
7429 0.46
7430 0.46
7431 0.46
7432 0.46
7433 0.42
7434 0.42
7435 0.46
7436 0.34
7437 0.44
7438 0.44
7439 0.44
7440 0.49
7441 0.46
7442 0.46
7443 0.40
7444 0.40
7445 0.44
7446 0.34
7447 0.34
7448 0.42
7449 0.36
7450 0.44
7451 0.34
7452 0.23
7453 0.46
7454 0.28
7455 0.44
7456 0.20
7457 0.42
7458 0.44
7459 0.38
7460 0.49
7461 0.42
7462 0.44
7463 0.42
7464 0.42
7465 0.44
7466 0.36
7467 0.46
7468 0.46
7469 0.42
7470 0.36
7471 0.15
7472 0.46
7473 0.36
7474 0.44
7475 0.42
7476 0.44
7477 0.49
7478 0.46
7479 0.31
7480 0.42
7481 0.44
7482 0.44
7483 0.46
7484 0.49
7485 0.44
7486 0.42
7487 0.38
7488 0.49
7489 0.44
7490 0.42
7491 0.38
7492 0.44
7493 0.40
7494 0.44
7495 0.44
7496 0.49
7497 0.49
7498 0.49
7499 0.34
