0 220.00
1 120.00
2 220.00
3 220.00
4 20.00
5 0.00
6 20.00
7 180.00
8 20.00
9 80.00
10 140.00
11 140.00
12 140.00
13 0.00
14 40.00
15 400.00
16 100.00
17 100.00
18 180.00
19 100.00
20 100.00
21 140.00
22 380.00
23 320.00
24 220.00
25 200.00
26 100.00
27 120.00
28 0.00
29 100.00
30 160.00
31 180.00
32 120.00
33 400.00
34 120.00
35 160.00
36 260.00
37 300.00
38 240.00
39 200.00
40 0.00
41 220.00
42 180.00
43 220.00
44 140.00
45 60.00
46 320.00
47 40.00
48 140.00
49 320.00
50 140.00
51 120.00
52 40.00
53 220.00
54 200.00
55 40.00
56 120.00
57 140.00
58 160.00
59 180.00
60 220.00
61 160.00
62 100.00
63 20.00
64 380.00
65 140.00
66 0.00
67 0.00
68 160.00
69 20.00
70 500.00
71 400.00
72 300.00
73 200.00
74 380.00
75 140.00
76 220.00
77 180.00
78 120.00
79 140.00
80 160.00
81 260.00
82 100.00
83 240.00
84 120.00
85 260.00
86 200.00
87 200.00
88 420.00
89 120.00
90 240.00
91 60.00
92 280.00
93 220.00
94 200.00
95 400.00
96 240.00
97 100.00
98 160.00
99 120.00
100 140.00
101 220.00
102 300.00
103 140.00
104 120.00
105 240.00
106 440.00
107 160.00
108 140.00
109 460.00
110 240.00
111 400.00
112 200.00
113 280.00
114 140.00
115 240.00
116 300.00
117 200.00
118 340.00
119 240.00
120 360.00
121 320.00
122 300.00
123 360.00
124 260.00
125 240.00
126 340.00
127 260.00
128 220.00
129 240.00
130 460.00
131 80.00
132 400.00
133 320.00
134 260.00
135 260.00
136 400.00
137 220.00
138 140.00
139 120.00
140 200.00
141 400.00
142 440.00
143 220.00
144 220.00
145 360.00
146 240.00
147 160.00
148 380.00
149 360.00
150 300.00
151 240.00
152 240.00
153 380.00
154 380.00
155 240.00
156 400.00
157 420.00
158 220.00
159 240.00
160 500.00
161 320.00
162 200.00
163 240.00
164 480.00
165 480.00
166 240.00
167 420.00
168 240.00
169 480.00
170 240.00
171 260.00
172 240.00
173 300.00
174 240.00
175 500.00
176 320.00
177 340.00
178 420.00
179 260.00
180 180.00
181 400.00
182 140.00
183 220.00
184 280.00
185 280.00
186 220.00
187 240.00
188 220.00
189 100.00
190 500.00
191 300.00
192 420.00
193 120.00
194 220.00
195 240.00
196 240.00
197 80.00
198 240.00
199 440.00
200 240.00
201 500.00
202 420.00
203 420.00
204 260.00
205 240.00
206 440.00
207 220.00
208 220.00
209 160.00
210 160.00
211 120.00
212 120.00
213 380.00
214 460.00
215 220.00
216 360.00
217 120.00
218 60.00
219 180.00
220 60.00
221 260.00
222 300.00
223 220.00
224 140.00
225 400.00
226 120.00
227 220.00
228 200.00
229 100.00
230 80.00
231 220.00
232 100.00
233 260.00
234 60.00
235 240.00
236 320.00
237 360.00
238 420.00
239 120.00
240 160.00
241 460.00
242 140.00
243 180.00
244 140.00
245 140.00
246 200.00
247 100.00
248 140.00
249 100.00
250 100.00
251 60.00
252 140.00
253 60.00
254 160.00
255 60.00
256 240.00
257 20.00
258 220.00
259 140.00
260 40.00
261 200.00
262 180.00
263 160.00
264 160.00
265 120.00
266 340.00
267 160.00
268 480.00
269 340.00
270 500.00
271 500.00
272 200.00
273 240.00
274 240.00
275 140.00
276 240.00
277 240.00
278 220.00
279 160.00
280 220.00
281 200.00
282 480.00
283 240.00
284 240.00
285 240.00
286 220.00
287 220.00
288 240.00
289 440.00
290 220.00
291 240.00
292 280.00
293 380.00
294 380.00
295 140.00
296 200.00
297 160.00
298 200.00
299 200.00
300 120.00
301 260.00
302 180.00
303 300.00
304 140.00
305 460.00
306 240.00
307 400.00
308 240.00
309 220.00
310 180.00
311 160.00
312 200.00
313 200.00
314 220.00
315 480.00
316 240.00
317 180.00
318 220.00
319 140.00
320 220.00
321 200.00
322 40.00
323 240.00
324 220.00
325 240.00
326 240.00
327 200.00
328 480.00
329 460.00
330 240.00
331 220.00
332 420.00
333 240.00
334 200.00
335 240.00
336 360.00
337 240.00
338 400.00
339 360.00
340 220.00
341 240.00
342 500.00
343 240.00
344 220.00
345 480.00
346 220.00
347 220.00
348 240.00
349 260.00
350 280.00
351 220.00
352 180.00
353 220.00
354 240.00
355 200.00
356 480.00
357 240.00
358 240.00
359 240.00
360 240.00
361 220.00
362 220.00
363 160.00
364 440.00
365 240.00
366 300.00
367 440.00
368 240.00
369 200.00
370 220.00
371 240.00
372 240.00
373 220.00
374 500.00
375 240.00
376 240.00
377 240.00
378 220.00
379 240.00
380 240.00
381 240.00
382 240.00
383 340.00
384 220.00
385 500.00
386 240.00
387 240.00
388 240.00
389 240.00
390 240.00
391 220.00
392 240.00
393 240.00
394 480.00
395 220.00
396 240.00
397 280.00
398 240.00
399 500.00
400 500.00
401 240.00
402 240.00
403 180.00
404 100.00
405 340.00
406 220.00
407 100.00
408 220.00
409 240.00
410 500.00
411 160.00
412 100.00
413 160.00
414 340.00
415 280.00
416 240.00
417 400.00
418 180.00
419 160.00
420 160.00
421 140.00
422 140.00
423 0.00
424 380.00
425 120.00
426 120.00
427 280.00
428 140.00
429 200.00
430 200.00
431 200.00
432 180.00
433 120.00
434 180.00
435 60.00
436 100.00
437 200.00
438 180.00
439 140.00
440 160.00
441 120.00
442 280.00
443 320.00
444 380.00
445 360.00
446 380.00
447 500.00
448 240.00
449 220.00
450 360.00
451 180.00
452 320.00
453 360.00
454 360.00
455 180.00
456 360.00
457 220.00
458 400.00
459 320.00
460 140.00
461 400.00
462 420.00
463 480.00
464 240.00
465 120.00
466 420.00
467 420.00
468 220.00
469 100.00
470 200.00
471 200.00
472 460.00
473 240.00
474 140.00
475 460.00
476 300.00
477 280.00
478 240.00
479 400.00
480 220.00
481 220.00
482 200.00
483 160.00
484 120.00
485 220.00
486 240.00
487 460.00
488 380.00
489 400.00
490 320.00
491 400.00
492 400.00
493 180.00
494 380.00
495 320.00
496 500.00
497 220.00
498 240.00
499 240.00
500 380.00
501 280.00
502 220.00
503 200.00
504 300.00
505 220.00
506 160.00
507 300.00
508 220.00
509 140.00
510 220.00
511 380.00
512 360.00
513 440.00
514 300.00
515 240.00
516 200.00
517 180.00
518 220.00
519 160.00
520 280.00
521 300.00
522 440.00
523 200.00
524 240.00
525 300.00
526 240.00
527 360.00
528 180.00
529 440.00
530 220.00
531 440.00
532 220.00
533 220.00
534 180.00
535 400.00
536 200.00
537 200.00
538 360.00
539 380.00
540 200.00
541 480.00
542 420.00
543 240.00
544 120.00
545 220.00
546 220.00
547 260.00
548 200.00
549 220.00
550 200.00
551 200.00
552 320.00
553 180.00
554 440.00
555 380.00
556 240.00
557 460.00
558 400.00
559 180.00
560 460.00
561 420.00
562 220.00
563 160.00
564 220.00
565 300.00
566 200.00
567 360.00
568 340.00
569 240.00
570 160.00
571 480.00
572 240.00
573 200.00
574 380.00
575 320.00
576 160.00
577 320.00
578 420.00
579 240.00
580 460.00
581 240.00
582 300.00
583 220.00
584 200.00
585 320.00
586 220.00
587 400.00
588 200.00
589 180.00
590 460.00
591 240.00
592 280.00
593 380.00
594 220.00
595 280.00
596 240.00
597 360.00
598 400.00
599 240.00
600 180.00
601 480.00
602 240.00
603 480.00
604 200.00
605 200.00
606 240.00
607 380.00
608 180.00
609 180.00
610 360.00
611 440.00
612 400.00
613 200.00
614 460.00
615 480.00
616 240.00
617 220.00
618 160.00
619 180.00
620 320.00
621 340.00
622 240.00
623 200.00
624 360.00
625 400.00
626 260.00
627 440.00
628 440.00
629 200.00
630 380.00
631 220.00
632 160.00
633 260.00
634 420.00
635 240.00
636 460.00
637 400.00
638 240.00
639 480.00
640 440.00
641 420.00
642 360.00
643 180.00
644 360.00
645 180.00
646 180.00
647 120.00
648 340.00
649 320.00
650 240.00
651 260.00
652 200.00
653 320.00
654 420.00
655 360.00
656 160.00
657 220.00
658 500.00
659 220.00
660 260.00
661 360.00
662 140.00
663 360.00
664 220.00
665 60.00
666 140.00
667 420.00
668 120.00
669 160.00
670 200.00
671 140.00
672 60.00
673 160.00
674 420.00
675 460.00
676 460.00
677 200.00
678 220.00
679 200.00
680 160.00
681 80.00
682 420.00
683 180.00
684 220.00
685 300.00
686 200.00
687 200.00
688 160.00
689 500.00
690 500.00
691 240.00
692 280.00
693 400.00
694 220.00
695 460.00
696 300.00
697 220.00
698 320.00
699 460.00
700 500.00
701 440.00
702 420.00
703 200.00
704 120.00
705 220.00
706 240.00
707 260.00
708 200.00
709 420.00
710 380.00
711 160.00
712 200.00
713 440.00
714 240.00
715 420.00
716 320.00
717 120.00
718 100.00
719 320.00
720 460.00
721 380.00
722 380.00
723 240.00
724 440.00
725 280.00
726 300.00
727 240.00
728 200.00
729 440.00
730 320.00
731 220.00
732 340.00
733 140.00
734 240.00
735 380.00
736 380.00
737 220.00
738 440.00
739 200.00
740 360.00
741 380.00
742 500.00
743 220.00
744 340.00
745 360.00
746 160.00
747 440.00
748 280.00
749 440.00
750 440.00
751 380.00
752 280.00
753 360.00
754 320.00
755 160.00
756 280.00
757 200.00
758 120.00
759 160.00
760 280.00
761 440.00
762 280.00
763 480.00
764 420.00
765 240.00
766 200.00
767 140.00
768 360.00
769 420.00
770 460.00
771 320.00
772 240.00
773 400.00
774 460.00
775 220.00
776 500.00
777 400.00
778 280.00
779 120.00
780 240.00
781 240.00
782 300.00
783 360.00
784 400.00
785 480.00
786 320.00
787 460.00
788 320.00
789 220.00
790 400.00
791 260.00
792 220.00
793 460.00
794 320.00
795 360.00
796 180.00
797 340.00
798 280.00
799 160.00
800 400.00
801 280.00
802 180.00
803 160.00
804 220.00
805 260.00
806 300.00
807 320.00
808 420.00
809 280.00
810 420.00
811 260.00
812 100.00
813 300.00
814 160.00
815 240.00
816 460.00
817 220.00
818 180.00
819 200.00
820 160.00
821 240.00
822 240.00
823 260.00
824 160.00
825 280.00
826 180.00
827 320.00
828 240.00
829 200.00
830 280.00
831 220.00
832 320.00
833 280.00
834 220.00
835 160.00
836 300.00
837 160.00
838 220.00
839 280.00
840 360.00
841 160.00
842 180.00
843 360.00
844 220.00
845 260.00
846 120.00
847 460.00
848 220.00
849 220.00
850 320.00
851 480.00
852 480.00
853 280.00
854 440.00
855 400.00
856 360.00
857 240.00
858 240.00
859 440.00
860 320.00
861 480.00
862 380.00
863 400.00
864 440.00
865 360.00
866 180.00
867 360.00
868 260.00
869 220.00
870 280.00
871 480.00
872 200.00
873 380.00
874 480.00
875 240.00
876 280.00
877 220.00
878 240.00
879 240.00
880 340.00
881 300.00
882 280.00
883 280.00
884 180.00
885 480.00
886 220.00
887 280.00
888 440.00
889 320.00
890 360.00
891 380.00
892 320.00
893 180.00
894 280.00
895 300.00
896 260.00
897 360.00
898 240.00
899 140.00
900 120.00
901 400.00
902 260.00
903 200.00
904 120.00
905 440.00
906 400.00
907 200.00
908 340.00
909 120.00
910 400.00
911 260.00
912 220.00
913 120.00
914 400.00
915 340.00
916 420.00
917 400.00
918 180.00
919 420.00
920 440.00
921 500.00
922 200.00
923 220.00
924 260.00
925 320.00
926 220.00
927 220.00
928 420.00
929 440.00
930 480.00
931 280.00
932 140.00
933 460.00
934 220.00
935 500.00
936 380.00
937 260.00
938 360.00
939 440.00
940 280.00
941 500.00
942 420.00
943 200.00
944 480.00
945 220.00
946 440.00
947 220.00
948 220.00
949 420.00
950 280.00
951 240.00
952 440.00
953 460.00
954 200.00
955 480.00
956 200.00
957 420.00
958 280.00
959 240.00
960 500.00
961 200.00
962 200.00
963 480.00
964 300.00
965 380.00
966 440.00
967 420.00
968 500.00
969 360.00
970 220.00
971 500.00
972 460.00
973 420.00
974 320.00
975 500.00
976 480.00
977 380.00
978 140.00
979 360.00
980 360.00
981 200.00
982 380.00
983 200.00
984 260.00
985 320.00
986 160.00
987 480.00
988 300.00
989 160.00
990 260.00
991 500.00
992 460.00
993 360.00
994 240.00
995 380.00
996 240.00
997 360.00
998 300.00
999 360.00
1000 300.00
1001 360.00
1002 420.00
1003 460.00
1004 240.00
1005 400.00
1006 480.00
1007 440.00
1008 360.00
1009 320.00
1010 180.00
1011 400.00
1012 240.00
1013 380.00
1014 260.00
1015 280.00
1016 480.00
1017 320.00
1018 180.00
1019 220.00
1020 300.00
1021 340.00
1022 360.00
1023 300.00
1024 240.00
1025 240.00
1026 180.00
1027 420.00
1028 340.00
1029 340.00
1030 340.00
1031 260.00
1032 440.00
1033 480.00
1034 240.00
1035 120.00
1036 160.00
1037 120.00
1038 480.00
1039 220.00
1040 380.00
1041 220.00
1042 300.00
1043 340.00
1044 240.00
1045 420.00
1046 220.00
1047 220.00
1048 300.00
1049 180.00
1050 160.00
1051 340.00
1052 240.00
1053 420.00
1054 320.00
1055 240.00
1056 220.00
1057 480.00
1058 180.00
1059 240.00
1060 240.00
1061 300.00
1062 160.00
1063 300.00
1064 280.00
1065 380.00
1066 340.00
1067 240.00
1068 360.00
1069 320.00
1070 380.00
1071 220.00
1072 400.00
1073 220.00
1074 340.00
1075 280.00
1076 300.00
1077 420.00
1078 440.00
1079 360.00
1080 420.00
1081 340.00
1082 380.00
1083 220.00
1084 200.00
1085 440.00
1086 220.00
1087 280.00
1088 440.00
1089 400.00
1090 320.00
1091 220.00
1092 180.00
1093 340.00
1094 380.00
1095 200.00
1096 180.00
1097 300.00
1098 460.00
1099 360.00
1100 420.00
1101 240.00
1102 200.00
1103 260.00
1104 240.00
1105 260.00
1106 320.00
1107 380.00
1108 420.00
1109 380.00
1110 360.00
1111 360.00
1112 240.00
1113 300.00
1114 360.00
1115 200.00
1116 160.00
1117 340.00
1118 180.00
1119 360.00
1120 240.00
1121 120.00
1122 140.00
1123 220.00
1124 240.00
1125 280.00
1126 200.00
1127 460.00
1128 340.00
1129 320.00
1130 80.00
1131 400.00
1132 300.00
1133 300.00
1134 320.00
1135 380.00
1136 200.00
1137 360.00
1138 420.00
1139 220.00
1140 440.00
1141 240.00
1142 500.00
1143 260.00
1144 460.00
1145 220.00
1146 240.00
1147 340.00
1148 360.00
1149 360.00
1150 300.00
1151 360.00
1152 160.00
1153 400.00
1154 460.00
1155 140.00
1156 340.00
1157 360.00
1158 400.00
1159 380.00
1160 400.00
1161 400.00
1162 440.00
1163 380.00
1164 340.00
1165 360.00
1166 500.00
1167 340.00
1168 420.00
1169 460.00
1170 180.00
1171 460.00
1172 400.00
1173 180.00
1174 300.00
1175 240.00
1176 480.00
1177 240.00
1178 340.00
1179 320.00
1180 360.00
1181 340.00
1182 400.00
1183 500.00
1184 380.00
1185 500.00
1186 460.00
1187 180.00
1188 220.00
1189 420.00
1190 500.00
1191 380.00
1192 220.00
1193 240.00
1194 380.00
1195 440.00
1196 400.00
1197 480.00
1198 260.00
1199 160.00
1200 400.00
1201 180.00
1202 400.00
1203 360.00
1204 460.00
1205 420.00
1206 340.00
1207 140.00
1208 280.00
1209 440.00
1210 340.00
1211 160.00
1212 260.00
1213 240.00
1214 240.00
1215 360.00
1216 260.00
1217 360.00
1218 340.00
1219 320.00
1220 220.00
1221 400.00
1222 440.00
1223 480.00
1224 280.00
1225 220.00
1226 420.00
1227 160.00
1228 200.00
1229 360.00
1230 420.00
1231 400.00
1232 400.00
1233 300.00
1234 320.00
1235 460.00
1236 340.00
1237 160.00
1238 340.00
1239 140.00
1240 320.00
1241 300.00
1242 180.00
1243 160.00
1244 200.00
1245 220.00
1246 340.00
1247 180.00
1248 200.00
1249 380.00
1250 240.00
1251 140.00
1252 200.00
1253 360.00
1254 140.00
1255 440.00
1256 420.00
1257 440.00
1258 500.00
1259 200.00
1260 440.00
1261 220.00
1262 320.00
1263 420.00
1264 200.00
1265 460.00
1266 420.00
1267 240.00
1268 380.00
1269 460.00
1270 260.00
1271 440.00
1272 360.00
1273 420.00
1274 420.00
1275 380.00
1276 380.00
1277 460.00
1278 420.00
1279 460.00
1280 420.00
1281 460.00
1282 400.00
1283 320.00
1284 220.00
1285 160.00
1286 280.00
1287 220.00
1288 400.00
1289 400.00
1290 220.00
1291 380.00
1292 380.00
1293 440.00
1294 200.00
1295 400.00
1296 380.00
1297 420.00
1298 240.00
1299 240.00
1300 420.00
1301 200.00
1302 420.00
1303 420.00
1304 440.00
1305 460.00
1306 480.00
1307 460.00
1308 420.00
1309 420.00
1310 220.00
1311 440.00
1312 220.00
1313 440.00
1314 200.00
1315 400.00
1316 480.00
1317 240.00
1318 400.00
1319 240.00
1320 400.00
1321 200.00
1322 360.00
1323 160.00
1324 400.00
1325 380.00
1326 380.00
1327 240.00
1328 180.00
1329 480.00
1330 340.00
1331 340.00
1332 320.00
1333 420.00
1334 460.00
1335 440.00
1336 460.00
1337 400.00
1338 400.00
1339 220.00
1340 380.00
1341 420.00
1342 380.00
1343 380.00
1344 480.00
1345 500.00
1346 480.00
1347 220.00
1348 220.00
1349 420.00
1350 320.00
1351 440.00
1352 200.00
1353 280.00
1354 420.00
1355 380.00
1356 420.00
1357 220.00
1358 480.00
1359 260.00
1360 320.00
1361 420.00
1362 420.00
1363 420.00
1364 300.00
1365 240.00
1366 380.00
1367 460.00
1368 240.00
1369 360.00
1370 220.00
1371 200.00
1372 320.00
1373 340.00
1374 460.00
1375 380.00
1376 260.00
1377 160.00
1378 400.00
1379 420.00
1380 460.00
1381 460.00
1382 380.00
1383 400.00
1384 280.00
1385 240.00
1386 260.00
1387 60.00
1388 460.00
1389 340.00
1390 140.00
1391 420.00
1392 380.00
1393 360.00
1394 240.00
1395 220.00
1396 420.00
1397 400.00
1398 200.00
1399 480.00
1400 140.00
1401 420.00
1402 480.00
1403 420.00
1404 400.00
1405 260.00
1406 340.00
1407 180.00
1408 240.00
1409 420.00
1410 440.00
1411 240.00
1412 280.00
1413 260.00
1414 180.00
1415 300.00
1416 340.00
1417 120.00
1418 180.00
1419 460.00
1420 400.00
1421 160.00
1422 380.00
1423 300.00
1424 260.00
1425 240.00
1426 160.00
1427 220.00
1428 240.00
1429 360.00
1430 380.00
1431 320.00
1432 180.00
1433 400.00
1434 360.00
1435 500.00
1436 500.00
1437 380.00
1438 440.00
1439 440.00
1440 280.00
1441 340.00
1442 440.00
1443 360.00
1444 380.00
1445 380.00
1446 140.00
1447 400.00
1448 400.00
1449 460.00
1450 400.00
1451 400.00
1452 440.00
1453 460.00
1454 220.00
1455 280.00
1456 380.00
1457 240.00
1458 420.00
1459 440.00
1460 460.00
1461 360.00
1462 360.00
1463 320.00
1464 440.00
1465 360.00
1466 380.00
1467 380.00
1468 380.00
1469 500.00
1470 240.00
1471 140.00
1472 340.00
1473 240.00
1474 400.00
1475 340.00
1476 360.00
1477 280.00
1478 440.00
1479 240.00
1480 340.00
1481 340.00
1482 380.00
1483 420.00
1484 340.00
1485 380.00
1486 360.00
1487 60.00
1488 360.00
1489 460.00
1490 220.00
1491 440.00
1492 440.00
1493 220.00
1494 220.00
1495 240.00
1496 420.00
1497 240.00
1498 420.00
1499 440.00
1500 300.00
1501 400.00
1502 280.00
1503 360.00
1504 400.00
1505 340.00
1506 280.00
1507 360.00
1508 380.00
1509 360.00
1510 400.00
1511 380.00
1512 400.00
1513 220.00
1514 200.00
1515 380.00
1516 500.00
1517 360.00
1518 360.00
1519 480.00
1520 420.00
1521 220.00
1522 320.00
1523 420.00
1524 420.00
1525 440.00
1526 400.00
1527 400.00
1528 460.00
1529 240.00
1530 380.00
1531 380.00
1532 300.00
1533 320.00
1534 240.00
1535 320.00
1536 300.00
1537 160.00
1538 100.00
1539 300.00
1540 380.00
1541 340.00
1542 180.00
1543 420.00
1544 420.00
1545 400.00
1546 440.00
1547 500.00
1548 380.00
1549 240.00
1550 440.00
1551 380.00
1552 240.00
1553 240.00
1554 360.00
1555 400.00
1556 220.00
1557 380.00
1558 340.00
1559 220.00
1560 220.00
1561 340.00
1562 300.00
1563 260.00
1564 400.00
1565 260.00
1566 420.00
1567 380.00
1568 500.00
1569 320.00
1570 320.00
1571 380.00
1572 160.00
1573 360.00
1574 400.00
1575 340.00
1576 240.00
1577 400.00
1578 440.00
1579 420.00
1580 240.00
1581 400.00
1582 300.00
1583 200.00
1584 220.00
1585 260.00
1586 380.00
1587 440.00
1588 260.00
1589 400.00
1590 220.00
1591 360.00
1592 280.00
1593 440.00
1594 380.00
1595 280.00
1596 460.00
1597 340.00
1598 480.00
1599 320.00
1600 340.00
1601 280.00
1602 240.00
1603 300.00
1604 480.00
1605 440.00
1606 400.00
1607 340.00
1608 460.00
1609 460.00
1610 240.00
1611 440.00
1612 340.00
1613 420.00
1614 240.00
1615 360.00
1616 360.00
1617 400.00
1618 320.00
1619 380.00
1620 320.00
1621 340.00
1622 420.00
1623 320.00
1624 400.00
1625 220.00
1626 320.00
1627 320.00
1628 380.00
1629 360.00
1630 400.00
1631 340.00
1632 240.00
1633 420.00
1634 480.00
1635 360.00
1636 280.00
1637 360.00
1638 240.00
1639 260.00
1640 300.00
1641 380.00
1642 400.00
1643 440.00
1644 280.00
1645 220.00
1646 480.00
1647 380.00
1648 320.00
1649 320.00
1650 200.00
1651 340.00
1652 380.00
1653 220.00
1654 280.00
1655 420.00
1656 180.00
1657 320.00
1658 360.00
1659 460.00
1660 380.00
1661 240.00
1662 360.00
1663 420.00
1664 420.00
1665 260.00
1666 440.00
1667 140.00
1668 300.00
1669 240.00
1670 360.00
1671 320.00
1672 340.00
1673 360.00
1674 240.00
1675 400.00
1676 400.00
1677 440.00
1678 400.00
1679 400.00
1680 340.00
1681 360.00
1682 420.00
1683 300.00
1684 340.00
1685 200.00
1686 440.00
1687 240.00
1688 360.00
1689 320.00
1690 360.00
1691 180.00
1692 480.00
1693 400.00
1694 300.00
1695 420.00
1696 360.00
1697 380.00
1698 440.00
1699 460.00
1700 240.00
1701 400.00
1702 360.00
1703 440.00
1704 280.00
1705 400.00
1706 420.00
1707 160.00
1708 260.00
1709 400.00
1710 480.00
1711 440.00
1712 380.00
1713 200.00
1714 180.00
1715 420.00
1716 440.00
1717 500.00
1718 460.00
1719 400.00
1720 300.00
1721 220.00
1722 400.00
1723 340.00
1724 260.00
1725 240.00
1726 300.00
1727 180.00
1728 400.00
1729 480.00
1730 440.00
1731 400.00
1732 400.00
1733 420.00
1734 360.00
1735 420.00
1736 380.00
1737 440.00
1738 340.00
1739 380.00
1740 340.00
1741 420.00
1742 380.00
1743 500.00
1744 400.00
1745 220.00
1746 440.00
1747 420.00
1748 380.00
1749 460.00
1750 420.00
1751 280.00
1752 420.00
1753 460.00
1754 280.00
1755 240.00
1756 320.00
1757 420.00
1758 400.00
1759 400.00
1760 400.00
1761 420.00
1762 240.00
1763 320.00
1764 340.00
1765 360.00
1766 320.00
1767 480.00
1768 400.00
1769 280.00
1770 280.00
1771 360.00
1772 400.00
1773 360.00
1774 320.00
1775 400.00
1776 400.00
1777 400.00
1778 220.00
1779 380.00
1780 220.00
1781 300.00
1782 480.00
1783 340.00
1784 360.00
1785 340.00
1786 340.00
1787 280.00
1788 320.00
1789 320.00
1790 320.00
1791 440.00
1792 380.00
1793 480.00
1794 180.00
1795 500.00
1796 360.00
1797 300.00
1798 360.00
1799 260.00
1800 400.00
1801 300.00
1802 320.00
1803 340.00
1804 360.00
1805 440.00
1806 320.00
1807 400.00
1808 280.00
1809 420.00
1810 380.00
1811 240.00
1812 440.00
1813 400.00
1814 420.00
1815 420.00
1816 360.00
1817 240.00
1818 480.00
1819 200.00
1820 420.00
1821 440.00
1822 500.00
1823 500.00
1824 480.00
1825 260.00
1826 360.00
1827 300.00
1828 380.00
1829 420.00
1830 400.00
1831 420.00
1832 460.00
1833 400.00
1834 240.00
1835 340.00
1836 440.00
1837 240.00
1838 440.00
1839 360.00
1840 380.00
1841 400.00
1842 140.00
1843 460.00
1844 400.00
1845 380.00
1846 360.00
1847 440.00
1848 420.00
1849 440.00
1850 300.00
1851 400.00
1852 420.00
1853 480.00
1854 440.00
1855 440.00
1856 240.00
1857 360.00
1858 420.00
1859 360.00
1860 220.00
1861 460.00
1862 420.00
1863 220.00
1864 460.00
1865 440.00
1866 480.00
1867 440.00
1868 160.00
1869 220.00
1870 380.00
1871 220.00
1872 280.00
1873 340.00
1874 300.00
1875 300.00
1876 340.00
1877 440.00
1878 340.00
1879 240.00
1880 260.00
1881 400.00
1882 340.00
1883 420.00
1884 380.00
1885 300.00
1886 200.00
1887 340.00
1888 400.00
1889 440.00
1890 500.00
1891 460.00
1892 420.00
1893 500.00
1894 400.00
1895 380.00
1896 400.00
1897 380.00
1898 440.00
1899 480.00
1900 460.00
1901 480.00
1902 460.00
1903 240.00
1904 220.00
1905 240.00
1906 480.00
1907 440.00
1908 500.00
1909 400.00
1910 420.00
1911 460.00
1912 400.00
1913 420.00
1914 420.00
1915 220.00
1916 440.00
1917 240.00
1918 480.00
1919 400.00
1920 400.00
1921 400.00
1922 380.00
1923 240.00
1924 360.00
1925 220.00
1926 420.00
1927 420.00
1928 260.00
1929 400.00
1930 420.00
1931 220.00
1932 500.00
1933 400.00
1934 280.00
1935 180.00
1936 220.00
1937 340.00
1938 400.00
1939 320.00
1940 300.00
1941 300.00
1942 360.00
1943 220.00
1944 300.00
1945 260.00
1946 300.00
1947 420.00
1948 400.00
1949 360.00
1950 400.00
1951 400.00
1952 360.00
1953 420.00
1954 200.00
1955 200.00
1956 320.00
1957 360.00
1958 80.00
1959 500.00
1960 400.00
1961 480.00
1962 420.00
1963 400.00
1964 480.00
1965 220.00
1966 380.00
1967 240.00
1968 500.00
1969 180.00
1970 200.00
1971 160.00
1972 180.00
1973 120.00
1974 400.00
1975 400.00
1976 420.00
1977 480.00
1978 400.00
1979 440.00
1980 360.00
1981 240.00
1982 260.00
1983 340.00
1984 460.00
1985 440.00
1986 460.00
1987 340.00
1988 200.00
1989 400.00
1990 440.00
1991 400.00
1992 260.00
1993 200.00
1994 380.00
1995 240.00
1996 340.00
1997 460.00
1998 420.00
1999 420.00
2000 500.00
2001 380.00
2002 320.00
2003 420.00
2004 420.00
2005 380.00
2006 380.00
2007 220.00
2008 480.00
2009 360.00
2010 420.00
2011 380.00
2012 340.00
2013 320.00
2014 400.00
2015 400.00
2016 380.00
2017 340.00
2018 340.00
2019 320.00
2020 360.00
2021 340.00
2022 300.00
2023 400.00
2024 460.00
2025 300.00
2026 460.00
2027 380.00
2028 340.00
2029 400.00
2030 380.00
2031 300.00
2032 340.00
2033 400.00
2034 400.00
2035 240.00
2036 400.00
2037 260.00
2038 400.00
2039 240.00
2040 320.00
2041 400.00
2042 360.00
2043 280.00
2044 280.00
2045 340.00
2046 300.00
2047 480.00
2048 460.00
2049 440.00
2050 400.00
2051 380.00
2052 380.00
2053 400.00
2054 160.00
2055 440.00
2056 260.00
2057 440.00
2058 420.00
2059 280.00
2060 300.00
2061 260.00
2062 500.00
2063 200.00
2064 320.00
2065 140.00
2066 360.00
2067 180.00
2068 400.00
2069 420.00
2070 300.00
2071 400.00
2072 400.00
2073 360.00
2074 420.00
2075 320.00
2076 360.00
2077 440.00
2078 400.00
2079 300.00
2080 220.00
2081 440.00
2082 320.00
2083 400.00
2084 400.00
2085 220.00
2086 320.00
2087 340.00
2088 380.00
2089 280.00
2090 160.00
2091 360.00
2092 420.00
2093 320.00
2094 220.00
2095 260.00
2096 360.00
2097 380.00
2098 240.00
2099 200.00
2100 380.00
2101 300.00
2102 200.00
2103 280.00
2104 100.00
2105 320.00
2106 400.00
2107 340.00
2108 360.00
2109 400.00
2110 360.00
2111 340.00
2112 380.00
2113 480.00
2114 360.00
2115 280.00
2116 360.00
2117 420.00
2118 340.00
2119 420.00
2120 100.00
2121 300.00
2122 160.00
2123 400.00
2124 380.00
2125 180.00
2126 160.00
2127 380.00
2128 220.00
2129 480.00
2130 320.00
2131 340.00
2132 340.00
2133 360.00
2134 400.00
2135 240.00
2136 360.00
2137 380.00
2138 360.00
2139 360.00
2140 320.00
2141 420.00
2142 320.00
2143 220.00
2144 420.00
2145 240.00
2146 460.00
2147 420.00
2148 360.00
2149 480.00
2150 220.00
2151 420.00
2152 400.00
2153 340.00
2154 260.00
2155 340.00
2156 400.00
2157 420.00
2158 420.00
2159 300.00
2160 380.00
2161 380.00
2162 280.00
2163 320.00
2164 360.00
2165 380.00
2166 360.00
2167 440.00
2168 400.00
2169 480.00
2170 340.00
2171 340.00
2172 440.00
2173 300.00
2174 320.00
2175 480.00
2176 240.00
2177 400.00
2178 320.00
2179 440.00
2180 360.00
2181 280.00
2182 380.00
2183 420.00
2184 400.00
2185 400.00
2186 280.00
2187 460.00
2188 440.00
2189 260.00
2190 440.00
2191 320.00
2192 260.00
2193 260.00
2194 400.00
2195 340.00
2196 360.00
2197 360.00
2198 420.00
2199 480.00
2200 420.00
2201 460.00
2202 480.00
2203 480.00
2204 320.00
2205 460.00
2206 200.00
2207 420.00
2208 380.00
2209 340.00
2210 420.00
2211 360.00
2212 480.00
2213 420.00
2214 380.00
2215 440.00
2216 460.00
2217 400.00
2218 420.00
2219 400.00
2220 400.00
2221 320.00
2222 360.00
2223 400.00
2224 420.00
2225 420.00
2226 380.00
2227 420.00
2228 480.00
2229 300.00
2230 500.00
2231 260.00
2232 480.00
2233 460.00
2234 380.00
2235 320.00
2236 400.00
2237 400.00
2238 260.00
2239 220.00
2240 400.00
2241 160.00
2242 440.00
2243 300.00
2244 420.00
2245 240.00
2246 160.00
2247 320.00
2248 360.00
2249 240.00
2250 320.00
2251 380.00
2252 320.00
2253 500.00
2254 440.00
2255 460.00
2256 400.00
2257 380.00
2258 420.00
2259 500.00
2260 380.00
2261 400.00
2262 380.00
2263 400.00
2264 460.00
2265 220.00
2266 300.00
2267 220.00
2268 240.00
2269 440.00
2270 420.00
2271 380.00
2272 260.00
2273 400.00
2274 400.00
2275 380.00
2276 380.00
2277 400.00
2278 420.00
2279 500.00
2280 380.00
2281 340.00
2282 420.00
2283 320.00
2284 400.00
2285 340.00
2286 340.00
2287 320.00
2288 340.00
2289 360.00
2290 320.00
2291 400.00
2292 400.00
2293 420.00
2294 320.00
2295 380.00
2296 260.00
2297 280.00
2298 400.00
2299 340.00
2300 300.00
2301 400.00
2302 360.00
2303 360.00
2304 140.00
2305 220.00
2306 400.00
2307 340.00
2308 400.00
2309 380.00
2310 320.00
2311 420.00
2312 380.00
2313 320.00
2314 420.00
2315 300.00
2316 460.00
2317 400.00
2318 300.00
2319 360.00
2320 460.00
2321 320.00
2322 200.00
2323 400.00
2324 400.00
2325 220.00
2326 20.00
2327 300.00
2328 400.00
2329 380.00
2330 420.00
2331 400.00
2332 400.00
2333 380.00
2334 340.00
2335 240.00
2336 400.00
2337 280.00
2338 480.00
2339 400.00
2340 320.00
2341 460.00
2342 440.00
2343 320.00
2344 480.00
2345 240.00
2346 500.00
2347 320.00
2348 240.00
2349 240.00
2350 160.00
2351 360.00
2352 220.00
2353 380.00
2354 360.00
2355 360.00
2356 300.00
2357 420.00
2358 460.00
2359 420.00
2360 180.00
2361 260.00
2362 340.00
2363 360.00
2364 140.00
2365 320.00
2366 220.00
2367 340.00
2368 320.00
2369 300.00
2370 240.00
2371 400.00
2372 180.00
2373 280.00
2374 360.00
2375 460.00
2376 380.00
2377 380.00
2378 440.00
2379 380.00
2380 400.00
2381 460.00
2382 440.00
2383 420.00
2384 360.00
2385 380.00
2386 420.00
2387 360.00
2388 240.00
2389 440.00
2390 460.00
2391 400.00
2392 380.00
2393 440.00
2394 460.00
2395 440.00
2396 480.00
2397 260.00
2398 240.00
2399 340.00
2400 240.00
2401 300.00
2402 360.00
2403 360.00
2404 340.00
2405 400.00
2406 300.00
2407 400.00
2408 440.00
2409 380.00
2410 400.00
2411 400.00
2412 400.00
2413 380.00
2414 420.00
2415 300.00
2416 180.00
2417 300.00
2418 340.00
2419 380.00
2420 380.00
2421 440.00
2422 400.00
2423 400.00
2424 420.00
2425 300.00
2426 440.00
2427 420.00
2428 400.00
2429 380.00
2430 380.00
2431 380.00
2432 260.00
2433 420.00
2434 460.00
2435 380.00
2436 420.00
2437 320.00
2438 320.00
2439 160.00
2440 440.00
2441 400.00
2442 220.00
2443 420.00
2444 400.00
2445 400.00
2446 380.00
2447 480.00
2448 260.00
2449 440.00
2450 480.00
2451 300.00
2452 380.00
2453 420.00
2454 420.00
2455 160.00
2456 420.00
2457 200.00
2458 360.00
2459 400.00
2460 320.00
2461 380.00
2462 480.00
2463 180.00
2464 420.00
2465 380.00
2466 440.00
2467 420.00
2468 480.00
2469 160.00
2470 260.00
2471 400.00
2472 420.00
2473 380.00
2474 360.00
2475 200.00
2476 420.00
2477 400.00
2478 260.00
2479 300.00
2480 400.00
2481 400.00
2482 260.00
2483 420.00
2484 420.00
2485 380.00
2486 360.00
2487 160.00
2488 400.00
2489 300.00
2490 460.00
2491 380.00
2492 260.00
2493 400.00
2494 340.00
2495 460.00
2496 320.00
2497 420.00
2498 420.00
2499 320.00
2500 500.00
2501 280.00
2502 400.00
2503 240.00
2504 340.00
2505 480.00
2506 360.00
2507 420.00
2508 400.00
2509 440.00
2510 360.00
2511 400.00
2512 400.00
2513 300.00
2514 400.00
2515 400.00
2516 160.00
2517 380.00
2518 360.00
2519 400.00
2520 420.00
2521 320.00
2522 360.00
2523 340.00
2524 320.00
2525 440.00
2526 380.00
2527 420.00
2528 340.00
2529 240.00
2530 300.00
2531 200.00
2532 300.00
2533 340.00
2534 340.00
2535 380.00
2536 320.00
2537 400.00
2538 380.00
2539 360.00
2540 420.00
2541 320.00
2542 420.00
2543 400.00
2544 220.00
2545 380.00
2546 320.00
2547 380.00
2548 360.00
2549 260.00
2550 280.00
2551 340.00
2552 320.00
2553 380.00
2554 200.00
2555 280.00
2556 220.00
2557 300.00
2558 360.00
2559 80.00
2560 220.00
2561 320.00
2562 160.00
2563 280.00
2564 400.00
2565 320.00
2566 360.00
2567 460.00
2568 320.00
2569 300.00
2570 260.00
2571 320.00
2572 320.00
2573 340.00
2574 340.00
2575 380.00
2576 300.00
2577 380.00
2578 160.00
2579 340.00
2580 360.00
2581 140.00
2582 280.00
2583 400.00
2584 80.00
2585 300.00
2586 380.00
2587 380.00
2588 420.00
2589 480.00
2590 320.00
2591 420.00
2592 480.00
2593 380.00
2594 360.00
2595 500.00
2596 340.00
2597 480.00
2598 360.00
2599 380.00
2600 360.00
2601 420.00
2602 380.00
2603 320.00
2604 340.00
2605 400.00
2606 420.00
2607 420.00
2608 420.00
2609 440.00
2610 400.00
2611 460.00
2612 440.00
2613 380.00
2614 180.00
2615 440.00
2616 380.00
2617 380.00
2618 160.00
2619 420.00
2620 200.00
2621 440.00
2622 240.00
2623 300.00
2624 340.00
2625 380.00
2626 440.00
2627 380.00
2628 460.00
2629 400.00
2630 440.00
2631 460.00
2632 360.00
2633 320.00
2634 340.00
2635 460.00
2636 380.00
2637 360.00
2638 380.00
2639 340.00
2640 260.00
2641 400.00
2642 340.00
2643 260.00
2644 420.00
2645 320.00
2646 340.00
2647 340.00
2648 360.00
2649 380.00
2650 380.00
2651 400.00
2652 320.00
2653 280.00
2654 400.00
2655 420.00
2656 460.00
2657 420.00
2658 360.00
2659 440.00
2660 380.00
2661 340.00
2662 420.00
2663 380.00
2664 480.00
2665 360.00
2666 360.00
2667 280.00
2668 320.00
2669 280.00
2670 300.00
2671 340.00
2672 380.00
2673 340.00
2674 240.00
2675 280.00
2676 220.00
2677 280.00
2678 160.00
2679 360.00
2680 280.00
2681 340.00
2682 140.00
2683 100.00
2684 200.00
2685 320.00
2686 220.00
2687 300.00
2688 340.00
2689 360.00
2690 280.00
2691 440.00
2692 320.00
2693 380.00
2694 340.00
2695 460.00
2696 400.00
2697 300.00
2698 260.00
2699 240.00
2700 360.00
2701 360.00
2702 340.00
2703 240.00
2704 200.00
2705 440.00
2706 360.00
2707 380.00
2708 340.00
2709 320.00
2710 360.00
2711 340.00
2712 400.00
2713 220.00
2714 400.00
2715 360.00
2716 360.00
2717 360.00
2718 380.00
2719 320.00
2720 460.00
2721 320.00
2722 380.00
2723 320.00
2724 200.00
2725 360.00
2726 380.00
2727 240.00
2728 220.00
2729 460.00
2730 360.00
2731 380.00
2732 260.00
2733 240.00
2734 240.00
2735 320.00
2736 220.00
2737 260.00
2738 280.00
2739 200.00
2740 380.00
2741 480.00
2742 280.00
2743 380.00
2744 340.00
2745 200.00
2746 440.00
2747 420.00
2748 300.00
2749 260.00
2750 360.00
2751 440.00
2752 400.00
2753 360.00
2754 420.00
2755 440.00
2756 460.00
2757 340.00
2758 400.00
2759 340.00
2760 220.00
2761 380.00
2762 420.00
2763 340.00
2764 400.00
2765 400.00
2766 320.00
2767 380.00
2768 440.00
2769 180.00
2770 400.00
2771 440.00
2772 340.00
2773 440.00
2774 280.00
2775 460.00
2776 260.00
2777 420.00
2778 440.00
2779 400.00
2780 260.00
2781 440.00
2782 380.00
2783 400.00
2784 380.00
2785 360.00
2786 420.00
2787 440.00
2788 400.00
2789 220.00
2790 360.00
2791 420.00
2792 380.00
2793 480.00
2794 300.00
2795 360.00
2796 360.00
2797 260.00
2798 200.00
2799 400.00
2800 480.00
2801 440.00
2802 260.00
2803 420.00
2804 420.00
2805 380.00
2806 420.00
2807 380.00
2808 400.00
2809 360.00
2810 200.00
2811 400.00
2812 400.00
2813 380.00
2814 240.00
2815 480.00
2816 360.00
2817 440.00
2818 400.00
2819 160.00
2820 360.00
2821 220.00
2822 300.00
2823 360.00
2824 500.00
2825 500.00
2826 200.00
2827 500.00
2828 360.00
2829 260.00
2830 240.00
2831 400.00
2832 220.00
2833 220.00
2834 340.00
2835 280.00
2836 340.00
2837 280.00
2838 400.00
2839 380.00
2840 260.00
2841 380.00
2842 160.00
2843 360.00
2844 360.00
2845 300.00
2846 460.00
2847 220.00
2848 280.00
2849 300.00
2850 400.00
2851 340.00
2852 420.00
2853 320.00
2854 340.00
2855 240.00
2856 380.00
2857 480.00
2858 420.00
2859 400.00
2860 440.00
2861 260.00
2862 300.00
2863 440.00
2864 420.00
2865 420.00
2866 320.00
2867 420.00
2868 200.00
2869 380.00
2870 180.00
2871 320.00
2872 360.00
2873 360.00
2874 380.00
2875 360.00
2876 420.00
2877 420.00
2878 420.00
2879 420.00
2880 400.00
2881 480.00
2882 260.00
2883 260.00
2884 280.00
2885 180.00
2886 340.00
2887 500.00
2888 400.00
2889 340.00
2890 380.00
2891 320.00
2892 340.00
2893 440.00
2894 320.00
2895 500.00
2896 480.00
2897 420.00
2898 420.00
2899 460.00
2900 420.00
2901 400.00
2902 200.00
2903 460.00
2904 220.00
2905 400.00
2906 500.00
2907 440.00
2908 360.00
2909 260.00
2910 200.00
2911 180.00
2912 340.00
2913 380.00
2914 420.00
2915 200.00
2916 400.00
2917 440.00
2918 280.00
2919 400.00
2920 340.00
2921 420.00
2922 400.00
2923 420.00
2924 300.00
2925 240.00
2926 440.00
2927 460.00
2928 340.00
2929 460.00
2930 460.00
2931 380.00
2932 420.00
2933 300.00
2934 480.00
2935 380.00
2936 440.00
2937 420.00
2938 460.00
2939 380.00
2940 240.00
2941 460.00
2942 400.00
2943 340.00
2944 320.00
2945 280.00
2946 400.00
2947 420.00
2948 280.00
2949 340.00
2950 280.00
2951 460.00
2952 400.00
2953 320.00
2954 240.00
2955 420.00
2956 420.00
2957 340.00
2958 420.00
2959 400.00
2960 380.00
2961 400.00
2962 340.00
2963 460.00
2964 200.00
2965 380.00
2966 360.00
2967 300.00
2968 360.00
2969 360.00
2970 420.00
2971 440.00
2972 280.00
2973 280.00
2974 440.00
2975 420.00
2976 300.00
2977 420.00
2978 420.00
2979 400.00
2980 220.00
2981 360.00
2982 460.00
2983 460.00
2984 380.00
2985 360.00
2986 180.00
2987 280.00
2988 480.00
2989 380.00
2990 440.00
2991 380.00
2992 480.00
2993 380.00
2994 340.00
2995 460.00
2996 220.00
2997 280.00
2998 500.00
2999 400.00
