0 0.32
1 -0.32
2 0.42
3 0.42
4 0.42
5 -0.29
6 -0.26
7 0.42
8 -0.24
9 0.36
10 0.32
11 -0.29
12 -0.32
13 0.42
14 0.36
15 0.42
16 -0.32
17 0.42
18 0.42
19 0.31
20 0.42
21 0.36
22 0.36
23 -0.24
24 0.42
25 0.42
26 -0.32
27 0.42
28 -0.12
29 0.42
30 -0.31
31 -0.32
32 0.42
33 -0.25
34 0.42
35 0.42
36 0.42
37 0.34
38 -0.26
39 0.42
40 -0.29
41 0.42
42 0.42
43 0.32
44 0.42
45 -0.31
46 0.36
47 0.42
48 -0.28
49 0.28
50 0.42
51 -0.23
52 -0.28
53 0.36
54 -0.25
55 0.42
56 -0.23
57 0.42
58 0.42
59 0.42
60 0.42
61 0.28
62 0.36
63 -0.31
64 0.32
65 -0.32
66 -0.32
67 0.42
68 0.42
69 -0.28
70 0.42
71 0.42
72 0.36
73 0.24
74 0.42
75 0.32
76 0.42
77 0.42
78 0.42
79 0.42
80 0.42
81 -0.28
82 0.32
83 0.42
84 0.25
85 0.29
86 0.36
87 0.42
88 -0.28
89 0.42
90 -0.24
91 -0.25
92 0.42
93 -0.34
94 0.32
95 0.42
96 -0.31
97 0.42
98 0.42
99 0.36
100 0.42
101 0.42
102 0.34
103 -0.28
104 0.42
105 0.42
106 -0.29
107 0.32
108 0.18
109 0.42
110 -0.28
111 0.42
112 -0.34
113 -0.23
114 -0.26
115 0.42
116 0.42
117 0.42
118 -0.34
119 0.29
120 -0.32
121 0.36
122 0.42
123 -0.31
124 0.42
125 0.36
126 0.31
127 0.36
128 0.42
129 0.42
130 0.42
131 -0.29
132 0.42
133 0.26
134 -0.23
135 0.42
136 -0.28
137 0.42
138 0.36
139 0.31
140 0.26
141 0.36
142 0.36
143 0.31
144 0.38
145 0.31
146 0.42
147 0.42
148 0.42
149 0.42
150 -0.34
151 0.42
152 -0.34
153 0.36
154 -0.32
155 0.36
156 0.36
157 0.42
158 0.42
159 0.32
160 0.42
161 0.42
162 -0.23
163 0.28
164 0.42
165 -0.28
166 0.42
167 -0.32
168 0.42
169 0.42
170 -0.24
171 0.31
172 -0.29
173 -0.20
174 0.36
175 0.42
176 -0.28
177 0.36
178 -0.29
179 0.42
180 0.42
181 0.36
182 0.34
183 -0.26
184 0.42
185 -0.29
186 -0.26
187 0.42
188 -0.26
189 0.42
190 -0.26
191 -0.28
192 0.42
193 0.42
194 0.42
195 0.42
196 -0.31
197 0.36
198 -0.32
199 -0.23
200 0.44
201 0.09
202 0.44
203 0.44
204 0.44
205 0.09
206 0.09
207 0.44
208 0.09
209 0.09
210 0.44
211 0.09
212 0.09
213 0.44
214 0.44
215 0.44
216 0.44
217 0.44
218 0.44
219 0.44
220 0.44
221 0.44
222 0.44
223 0.09
224 0.44
225 0.10
226 0.10
227 0.44
228 0.44
229 0.44
230 0.10
231 0.10
232 0.44
233 0.08
234 0.44
235 0.44
236 0.44
237 0.44
238 0.09
239 0.44
240 0.10
241 0.44
242 0.44
243 0.44
244 0.44
245 0.09
246 0.44
247 0.44
248 0.09
249 0.44
250 0.44
251 0.08
252 0.09
253 0.44
254 0.09
255 0.44
256 0.08
257 0.09
258 0.44
259 0.44
260 0.44
261 0.44
262 0.44
263 0.10
264 0.44
265 0.08
266 0.09
267 0.08
268 0.44
269 0.09
270 0.09
271 0.44
272 0.44
273 0.44
274 0.44
275 0.44
276 0.44
277 0.44
278 0.44
279 0.44
280 0.44
281 0.16
282 0.44
283 0.44
284 0.07
285 0.44
286 0.44
287 0.44
288 0.10
289 0.44
290 0.09
291 0.09
292 0.44
293 0.10
294 0.44
295 0.44
296 -0.24
297 0.44
298 0.44
299 0.44
300 0.44
301 0.08
302 0.44
303 0.44
304 0.44
305 0.44
306 0.09
307 0.09
308 0.44
309 0.09
310 0.10
311 0.44
312 0.10
313 0.44
314 0.09
315 0.44
316 0.44
317 0.44
318 0.10
319 0.44
320 0.09
321 0.08
322 0.44
323 0.09
324 0.44
325 0.44
326 0.44
327 0.09
328 0.08
329 0.44
330 0.44
331 0.09
332 0.44
333 0.44
334 -0.24
335 0.44
336 0.10
337 0.44
338 0.10
339 0.44
340 0.44
341 0.44
342 0.44
343 0.44
344 0.44
345 0.44
346 0.44
347 0.44
348 0.44
349 0.10
350 0.10
351 0.44
352 0.10
353 0.44
354 0.44
355 0.08
356 0.44
357 0.09
358 0.44
359 0.44
360 0.44
361 0.44
362 0.08
363 0.44
364 0.09
365 0.09
366 0.44
367 0.10
368 0.44
369 0.44
370 0.07
371 0.44
372 0.10
373 0.08
374 0.44
375 0.10
376 0.09
377 0.44
378 0.10
379 0.44
380 0.44
381 0.44
382 0.44
383 0.09
384 0.44
385 0.16
386 0.10
387 0.10
388 0.09
389 0.44
390 0.44
391 0.44
392 0.44
393 0.44
394 0.44
395 0.44
396 0.08
397 0.09
398 0.10
399 0.08
400 0.40
401 0.42
402 0.44
403 0.40
404 0.44
405 0.42
406 0.42
407 0.44
408 0.42
409 0.42
410 0.38
411 0.42
412 0.42
413 0.44
414 0.44
415 0.44
416 0.38
417 0.44
418 0.44
419 0.38
420 0.38
421 0.38
422 0.40
423 0.42
424 0.40
425 0.42
426 0.42
427 0.44
428 0.44
429 0.44
430 0.42
431 0.42
432 0.40
433 0.42
434 0.44
435 0.44
436 0.44
437 0.38
438 0.42
439 0.38
440 0.42
441 0.44
442 0.44
443 0.44
444 0.40
445 0.42
446 0.36
447 0.44
448 0.42
449 0.38
450 0.40
451 0.42
452 0.42
453 0.00
454 0.38
455 0.44
456 0.42
457 0.42
458 0.44
459 0.44
460 0.40
461 0.36
462 0.40
463 0.42
464 0.00
465 0.40
466 0.42
467 0.00
468 0.40
469 0.42
470 0.00
471 0.38
472 0.38
473 0.38
474 0.44
475 0.36
476 0.38
477 0.44
478 0.44
479 0.44
480 0.44
481 0.42
482 0.00
483 0.40
484 0.42
485 0.36
486 0.40
487 0.44
488 0.42
489 0.40
490 0.42
491 0.42
492 0.44
493 0.42
494 0.40
495 0.44
496 0.42
497 0.40
498 0.40
499 0.38
500 0.44
501 0.42
502 0.40
503 0.38
504 0.44
505 0.44
506 0.42
507 0.42
508 0.44
509 0.42
510 0.42
511 0.44
512 0.42
513 0.38
514 0.42
515 0.40
516 0.44
517 0.44
518 0.42
519 0.38
520 0.42
521 0.42
522 0.44
523 0.42
524 0.44
525 0.36
526 0.38
527 0.42
528 0.42
529 0.44
530 0.44
531 0.42
532 0.44
533 0.00
534 0.40
535 0.36
536 0.42
537 0.40
538 0.42
539 0.44
540 0.40
541 0.44
542 0.44
543 0.44
544 0.40
545 0.38
546 0.44
547 0.44
548 0.40
549 0.42
550 0.42
551 0.40
552 0.42
553 0.38
554 0.38
555 0.42
556 0.40
557 0.42
558 0.44
559 0.44
560 0.44
561 0.44
562 0.42
563 0.00
564 0.36
565 0.42
566 0.44
567 0.42
568 0.44
569 0.40
570 0.42
571 0.40
572 0.42
573 0.42
574 0.40
575 0.42
576 0.42
577 0.38
578 0.42
579 0.44
580 0.44
581 0.40
582 0.44
583 0.42
584 0.44
585 0.42
586 0.42
587 0.42
588 0.42
589 0.44
590 0.38
591 0.38
592 0.44
593 0.44
594 0.44
595 0.44
596 0.42
597 0.42
598 0.42
599 0.42
600 0.40
601 0.42
602 0.44
603 0.40
604 0.44
605 0.42
606 0.42
607 0.44
608 0.42
609 0.42
610 0.38
611 0.42
612 0.42
613 0.44
614 0.44
615 0.44
616 0.38
617 0.44
618 0.44
619 0.38
620 0.38
621 0.38
622 0.40
623 0.42
624 0.40
625 0.42
626 0.42
627 0.44
628 0.44
629 0.44
630 0.42
631 0.42
632 0.40
633 0.42
634 0.44
635 0.44
636 0.44
637 0.38
638 0.42
639 0.38
640 0.42
641 0.44
642 0.44
643 0.44
644 0.40
645 0.42
646 0.36
647 0.44
648 0.42
649 0.38
650 0.40
651 0.42
652 0.42
653 0.07
654 0.42
655 0.44
656 0.42
657 0.42
658 0.44
659 0.44
660 0.40
661 0.36
662 0.40
663 0.42
664 0.06
665 0.42
666 0.42
667 0.06
668 0.40
669 0.42
670 0.09
671 0.40
672 0.38
673 0.38
674 0.44
675 0.36
676 0.38
677 0.44
678 0.44
679 0.44
680 0.44
681 0.42
682 0.08
683 0.44
684 0.42
685 0.36
686 0.40
687 0.44
688 0.42
689 0.40
690 0.42
691 0.42
692 0.44
693 0.42
694 0.40
695 0.44
696 -0.24
697 0.40
698 0.40
699 0.38
700 0.44
701 0.42
702 0.40
703 0.38
704 0.44
705 0.44
706 0.42
707 0.42
708 0.44
709 0.42
710 0.42
711 0.44
712 0.42
713 0.38
714 0.42
715 0.40
716 0.44
717 0.44
718 0.42
719 0.38
720 0.42
721 0.42
722 0.44
723 0.42
724 0.44
725 0.36
726 0.38
727 0.42
728 0.42
729 0.44
730 0.44
731 0.42
732 0.44
733 0.05
734 0.42
735 0.36
736 0.42
737 0.40
738 0.42
739 0.44
740 0.40
741 0.44
742 0.44
743 0.44
744 0.40
745 0.38
746 0.44
747 0.44
748 0.40
749 0.42
750 0.42
751 0.40
752 0.42
753 0.38
754 0.38
755 0.42
756 0.40
757 0.42
758 0.44
759 0.44
760 0.44
761 0.44
762 0.42
763 0.06
764 0.08
765 0.42
766 0.44
767 0.42
768 0.44
769 0.40
770 0.42
771 0.40
772 0.42
773 0.42
774 0.40
775 0.42
776 0.42
777 0.38
778 0.42
779 0.44
780 0.44
781 0.40
782 0.44
783 0.42
784 0.44
785 0.42
786 0.42
787 0.42
788 0.42
789 0.44
790 0.38
791 0.38
792 0.44
793 0.44
794 0.44
795 0.44
796 0.42
797 0.42
798 0.42
799 0.42
800 -0.28
801 0.42
802 0.44
803 0.15
804 0.44
805 -0.28
806 0.42
807 0.44
808 0.42
809 0.42
810 0.42
811 0.15
812 0.17
813 0.44
814 0.44
815 0.44
816 -0.24
817 0.44
818 0.44
819 0.44
820 0.38
821 0.44
822 0.19
823 0.42
824 -0.25
825 0.42
826 0.18
827 0.44
828 0.44
829 0.44
830 0.42
831 0.18
832 0.40
833 0.18
834 0.44
835 0.44
836 0.44
837 0.42
838 0.42
839 0.38
840 0.42
841 0.44
842 0.44
843 0.44
844 0.40
845 -0.28
846 0.42
847 0.44
848 0.42
849 0.42
850 0.40
851 0.42
852 0.08
853 0.44
854 0.42
855 0.44
856 0.42
857 0.19
858 0.44
859 0.44
860 0.40
861 0.00
862 0.40
863 0.42
864 0.18
865 -0.31
866 0.42
867 0.14
868 0.40
869 0.42
870 0.17
871 0.40
872 0.42
873 0.08
874 0.44
875 0.44
876 0.38
877 0.44
878 0.44
879 0.44
880 0.44
881 0.42
882 -0.29
883 0.44
884 -0.19
885 0.44
886 0.44
887 0.44
888 0.42
889 -0.29
890 0.42
891 0.42
892 0.44
893 0.15
894 -0.26
895 0.44
896 -0.24
897 -0.29
898 0.40
899 -0.28
900 0.44
901 -0.24
902 0.17
903 0.42
904 0.44
905 0.44
906 0.09
907 0.42
908 0.44
909 -0.29
910 0.42
911 0.44
912 -0.32
913 0.44
914 0.42
915 0.00
916 0.40
917 0.44
918 -0.32
919 -0.24
920 0.42
921 0.42
922 0.44
923 0.14
924 0.44
925 0.42
926 0.38
927 0.42
928 0.42
929 0.44
930 0.44
931 -0.28
932 0.44
933 0.08
934 0.42
935 0.05
936 0.42
937 0.40
938 0.42
939 0.44
940 0.44
941 0.44
942 0.44
943 0.44
944 0.44
945 0.38
946 0.44
947 0.44
948 0.40
949 0.42
950 -0.32
951 -0.29
952 0.10
953 0.42
954 0.18
955 0.42
956 0.44
957 0.42
958 0.44
959 0.44
960 0.44
961 0.44
962 0.42
963 0.07
964 0.18
965 -0.26
966 0.44
967 0.18
968 0.44
969 -0.25
970 0.07
971 0.00
972 0.42
973 0.42
974 0.44
975 0.42
976 0.42
977 -0.28
978 0.42
979 0.44
980 0.44
981 0.44
982 0.44
983 0.42
984 0.44
985 0.42
986 0.42
987 0.42
988 0.42
989 0.44
990 0.44
991 -0.24
992 0.44
993 0.44
994 0.44
995 0.44
996 0.42
997 0.42
998 0.18
999 0.42
1000 0.38
1001 0.42
1002 0.44
1003 -0.24
1004 0.44
1005 0.40
1006 0.42
1007 0.44
1008 0.42
1009 0.42
1010 0.42
1011 0.40
1012 0.40
1013 0.44
1014 0.44
1015 0.44
1016 0.24
1017 0.44
1018 0.44
1019 0.44
1020 0.38
1021 0.44
1022 0.38
1023 0.42
1024 -0.14
1025 0.42
1026 0.40
1027 0.44
1028 0.44
1029 0.44
1030 0.42
1031 0.40
1032 0.40
1033 0.29
1034 0.44
1035 0.44
1036 0.44
1037 0.42
1038 0.42
1039 0.38
1040 0.42
1041 0.44
1042 0.44
1043 0.44
1044 0.40
1045 -0.17
1046 0.42
1047 0.44
1048 0.42
1049 0.42
1050 0.40
1051 0.42
1052 -0.19
1053 0.44
1054 0.42
1055 0.44
1056 0.42
1057 -0.28
1058 0.44
1059 0.44
1060 0.40
1061 -0.20
1062 0.44
1063 0.42
1064 -0.23
1065 0.16
1066 0.42
1067 -0.25
1068 0.40
1069 0.42
1070 -0.28
1071 0.40
1072 0.42
1073 0.36
1074 0.44
1075 0.44
1076 0.38
1077 0.44
1078 0.44
1079 0.44
1080 0.44
1081 0.42
1082 -0.29
1083 0.44
1084 0.40
1085 0.44
1086 0.44
1087 0.44
1088 0.42
1089 0.28
1090 0.42
1091 0.42
1092 0.44
1093 0.40
1094 0.38
1095 0.44
1096 -0.10
1097 -0.26
1098 0.40
1099 0.19
1100 0.44
1101 0.36
1102 0.38
1103 0.42
1104 0.44
1105 0.44
1106 -0.21
1107 0.42
1108 0.44
1109 -0.29
1110 0.42
1111 0.44
1112 -0.29
1113 0.44
1114 0.42
1115 -0.28
1116 0.44
1117 0.44
1118 0.29
1119 0.36
1120 0.42
1121 0.42
1122 0.44
1123 0.32
1124 0.44
1125 0.42
1126 0.38
1127 0.42
1128 0.42
1129 0.44
1130 0.44
1131 0.40
1132 0.44
1133 0.29
1134 0.42
1135 -0.28
1136 0.42
1137 0.40
1138 0.42
1139 0.44
1140 0.44
1141 0.44
1142 0.44
1143 0.44
1144 0.44
1145 0.38
1146 0.44
1147 0.44
1148 0.40
1149 0.42
1150 -0.20
1151 0.25
1152 -0.24
1153 0.42
1154 0.36
1155 0.42
1156 0.44
1157 0.42
1158 0.44
1159 0.44
1160 0.44
1161 0.44
1162 0.42
1163 0.34
1164 -0.29
1165 0.36
1166 0.44
1167 0.36
1168 0.44
1169 -0.25
1170 0.40
1171 0.38
1172 0.42
1173 0.42
1174 0.44
1175 0.42
1176 0.42
1177 0.21
1178 0.42
1179 0.44
1180 0.44
1181 0.44
1182 0.44
1183 0.42
1184 0.44
1185 0.42
1186 0.42
1187 0.42
1188 0.42
1189 0.44
1190 0.44
1191 -0.21
1192 0.44
1193 0.44
1194 0.44
1195 0.44
1196 0.42
1197 0.42
1198 0.40
1199 0.42
1200 0.36
1201 0.42
1202 0.44
1203 0.40
1204 0.44
1205 0.42
1206 0.42
1207 0.44
1208 0.42
1209 0.42
1210 0.34
1211 0.38
1212 0.38
1213 0.44
1214 0.44
1215 0.44
1216 0.38
1217 0.44
1218 0.44
1219 0.34
1220 0.38
1221 0.38
1222 0.36
1223 0.42
1224 0.40
1225 0.42
1226 0.38
1227 0.44
1228 0.44
1229 0.44
1230 0.42
1231 0.38
1232 0.40
1233 0.42
1234 0.44
1235 0.44
1236 0.44
1237 0.34
1238 0.42
1239 0.38
1240 0.42
1241 0.44
1242 0.44
1243 0.44
1244 0.40
1245 0.42
1246 0.36
1247 0.44
1248 0.42
1249 0.34
1250 0.40
1251 0.42
1252 0.38
1253 0.31
1254 0.42
1255 0.44
1256 0.42
1257 0.42
1258 0.44
1259 0.44
1260 0.40
1261 0.32
1262 0.40
1263 0.42
1264 0.29
1265 0.42
1266 0.42
1267 0.29
1268 0.40
1269 0.42
1270 0.32
1271 0.40
1272 0.34
1273 0.34
1274 0.44
1275 0.32
1276 0.38
1277 0.44
1278 0.44
1279 0.40
1280 0.44
1281 0.42
1282 -0.21
1283 0.44
1284 0.42
1285 0.32
1286 0.40
1287 0.44
1288 0.42
1289 0.40
1290 0.42
1291 0.42
1292 0.44
1293 0.38
1294 0.36
1295 0.44
1296 0.38
1297 0.40
1298 0.40
1299 0.34
1300 0.44
1301 0.42
1302 0.36
1303 0.38
1304 0.44
1305 0.44
1306 0.42
1307 0.42
1308 0.44
1309 0.42
1310 0.42
1311 0.44
1312 0.38
1313 0.38
1314 0.42
1315 0.40
1316 0.44
1317 0.44
1318 0.42
1319 0.34
1320 0.42
1321 0.42
1322 0.44
1323 0.42
1324 0.44
1325 0.36
1326 0.38
1327 0.42
1328 0.42
1329 0.44
1330 0.44
1331 0.38
1332 0.44
1333 0.23
1334 0.38
1335 0.36
1336 0.42
1337 0.40
1338 0.42
1339 0.44
1340 0.36
1341 0.44
1342 0.44
1343 0.44
1344 0.36
1345 0.38
1346 0.44
1347 0.44
1348 0.40
1349 0.42
1350 0.42
1351 0.40
1352 0.38
1353 0.34
1354 0.38
1355 0.42
1356 0.40
1357 0.42
1358 0.44
1359 0.44
1360 0.44
1361 0.44
1362 0.42
1363 0.26
1364 0.32
1365 0.38
1366 0.44
1367 0.38
1368 0.44
1369 0.40
1370 0.38
1371 0.36
1372 0.42
1373 0.42
1374 0.36
1375 0.42
1376 0.42
1377 0.34
1378 0.42
1379 0.44
1380 0.44
1381 0.36
1382 0.44
1383 0.42
1384 0.44
1385 0.42
1386 0.42
1387 0.42
1388 0.42
1389 0.44
1390 0.38
1391 0.34
1392 0.44
1393 0.44
1394 0.44
1395 0.44
1396 0.42
1397 0.42
1398 0.42
1399 0.42
1400 0.17
1401 0.42
1402 0.44
1403 -0.26
1404 0.44
1405 0.14
1406 0.42
1407 0.44
1408 0.42
1409 0.42
1410 0.42
1411 -0.26
1412 -0.28
1413 0.44
1414 0.44
1415 0.44
1416 0.24
1417 0.44
1418 0.44
1419 0.44
1420 0.38
1421 0.44
1422 -0.28
1423 0.42
1424 0.17
1425 0.42
1426 -0.31
1427 0.44
1428 0.44
1429 0.44
1430 0.42
1431 -0.31
1432 0.40
1433 0.00
1434 0.25
1435 0.44
1436 0.44
1437 0.42
1438 0.42
1439 0.38
1440 0.42
1441 0.44
1442 0.44
1443 0.44
1444 0.40
1445 0.24
1446 0.42
1447 0.44
1448 0.42
1449 0.42
1450 0.40
1451 0.42
1452 0.21
1453 0.44
1454 0.42
1455 0.44
1456 0.42
1457 0.29
1458 0.44
1459 0.44
1460 0.40
1461 0.25
1462 0.44
1463 0.42
1464 -0.23
1465 0.13
1466 0.42
1467 -0.25
1468 0.40
1469 0.42
1470 -0.28
1471 0.40
1472 0.42
1473 0.24
1474 0.44
1475 0.44
1476 0.38
1477 0.44
1478 0.44
1479 0.44
1480 0.44
1481 0.42
1482 0.15
1483 0.44
1484 0.19
1485 0.44
1486 0.44
1487 0.44
1488 0.42
1489 0.23
1490 0.42
1491 0.42
1492 0.44
1493 -0.31
1494 0.18
1495 0.44
1496 -0.10
1497 -0.29
1498 0.40
1499 0.14
1500 0.44
1501 0.00
1502 0.40
1503 0.42
1504 0.44
1505 0.44
1506 0.29
1507 0.42
1508 0.44
1509 0.17
1510 0.42
1511 0.44
1512 -0.32
1513 0.44
1514 0.42
1515 -0.28
1516 0.44
1517 0.44
1518 0.24
1519 0.26
1520 0.42
1521 0.42
1522 0.44
1523 0.26
1524 0.44
1525 0.42
1526 0.38
1527 0.42
1528 0.42
1529 0.44
1530 0.44
1531 -0.28
1532 0.44
1533 0.16
1534 0.38
1535 -0.28
1536 0.42
1537 0.40
1538 0.42
1539 0.44
1540 0.44
1541 0.44
1542 0.44
1543 0.44
1544 0.44
1545 0.38
1546 0.44
1547 0.44
1548 0.40
1549 0.42
1550 0.24
1551 0.20
1552 0.29
1553 0.42
1554 -0.28
1555 0.42
1556 0.44
1557 0.42
1558 0.44
1559 0.44
1560 0.44
1561 0.44
1562 0.42
1563 0.17
1564 -0.29
1565 0.16
1566 0.44
1567 0.29
1568 0.44
1569 -0.25
1570 0.19
1571 0.25
1572 0.42
1573 0.42
1574 0.44
1575 0.42
1576 0.42
1577 0.17
1578 0.42
1579 0.44
1580 0.44
1581 0.44
1582 0.44
1583 0.42
1584 0.44
1585 0.42
1586 0.42
1587 0.42
1588 0.42
1589 0.44
1590 0.44
1591 -0.21
1592 0.44
1593 0.44
1594 0.44
1595 0.44
1596 0.42
1597 0.42
1598 -0.31
1599 0.42
1600 0.40
1601 0.42
1602 0.44
1603 0.40
1604 0.44
1605 0.42
1606 0.42
1607 0.44
1608 0.42
1609 0.42
1610 0.38
1611 0.42
1612 0.42
1613 0.44
1614 0.44
1615 0.44
1616 0.38
1617 0.44
1618 0.44
1619 0.38
1620 0.38
1621 0.38
1622 0.40
1623 0.42
1624 0.40
1625 0.42
1626 0.42
1627 0.44
1628 0.44
1629 0.44
1630 0.42
1631 0.42
1632 0.40
1633 0.42
1634 0.44
1635 0.44
1636 0.44
1637 0.38
1638 0.42
1639 0.38
1640 0.42
1641 0.44
1642 0.44
1643 0.44
1644 0.40
1645 0.42
1646 0.36
1647 0.44
1648 0.42
1649 0.38
1650 0.40
1651 0.42
1652 0.42
1653 -0.28
1654 0.42
1655 0.44
1656 0.42
1657 0.42
1658 0.44
1659 0.44
1660 0.40
1661 0.36
1662 0.40
1663 0.42
1664 -0.21
1665 0.42
1666 0.42
1667 -0.21
1668 0.40
1669 0.42
1670 -0.26
1671 0.40
1672 0.38
1673 0.38
1674 0.44
1675 0.36
1676 0.38
1677 0.44
1678 0.44
1679 0.44
1680 0.44
1681 0.42
1682 0.20
1683 0.44
1684 0.42
1685 0.36
1686 0.40
1687 0.44
1688 0.42
1689 0.40
1690 0.42
1691 0.42
1692 0.44
1693 0.42
1694 0.40
1695 0.44
1696 0.42
1697 0.40
1698 0.40
1699 0.38
1700 0.44
1701 0.42
1702 0.40
1703 0.38
1704 0.44
1705 0.44
1706 0.42
1707 0.42
1708 0.44
1709 0.42
1710 0.42
1711 0.44
1712 0.42
1713 0.38
1714 0.42
1715 0.40
1716 0.44
1717 0.44
1718 0.42
1719 0.38
1720 0.42
1721 0.42
1722 0.44
1723 0.42
1724 0.44
1725 0.36
1726 0.38
1727 0.42
1728 0.42
1729 0.44
1730 0.44
1731 0.42
1732 0.44
1733 0.07
1734 0.42
1735 0.36
1736 0.42
1737 0.40
1738 0.42
1739 0.44
1740 0.40
1741 0.44
1742 0.44
1743 0.44
1744 0.40
1745 0.38
1746 0.44
1747 0.44
1748 0.40
1749 0.42
1750 0.42
1751 0.40
1752 0.42
1753 0.38
1754 0.38
1755 0.42
1756 0.40
1757 0.42
1758 0.44
1759 0.44
1760 0.44
1761 0.44
1762 0.42
1763 0.06
1764 -0.28
1765 0.42
1766 0.44
1767 0.42
1768 0.44
1769 0.40
1770 0.42
1771 0.40
1772 0.42
1773 0.42
1774 0.40
1775 0.42
1776 0.42
1777 0.38
1778 0.42
1779 0.44
1780 0.44
1781 0.40
1782 0.44
1783 0.42
1784 0.44
1785 0.42
1786 0.42
1787 0.42
1788 0.42
1789 0.44
1790 0.38
1791 0.38
1792 0.44
1793 0.44
1794 0.44
1795 0.44
1796 0.42
1797 0.42
1798 0.42
1799 0.42
1800 0.40
1801 0.42
1802 0.44
1803 0.40
1804 0.44
1805 0.42
1806 0.42
1807 0.44
1808 0.42
1809 0.42
1810 0.38
1811 0.10
1812 0.09
1813 0.44
1814 0.44
1815 0.44
1816 0.38
1817 0.44
1818 0.44
1819 0.44
1820 0.38
1821 0.38
1822 0.40
1823 0.42
1824 0.40
1825 0.42
1826 0.42
1827 0.44
1828 0.44
1829 0.44
1830 0.42
1831 0.42
1832 0.40
1833 0.42
1834 0.44
1835 0.44
1836 0.44
1837 0.38
1838 0.42
1839 0.38
1840 0.42
1841 0.44
1842 0.44
1843 0.44
1844 0.40
1845 0.42
1846 0.36
1847 0.44
1848 0.42
1849 0.38
1850 0.40
1851 0.42
1852 0.21
1853 0.10
1854 0.42
1855 0.44
1856 0.42
1857 0.42
1858 0.44
1859 0.44
1860 0.40
1861 0.36
1862 0.40
1863 0.42
1864 0.07
1865 0.42
1866 0.42
1867 0.09
1868 0.40
1869 0.42
1870 0.09
1871 0.40
1872 0.38
1873 0.38
1874 0.44
1875 0.40
1876 0.38
1877 0.44
1878 0.44
1879 0.44
1880 0.44
1881 0.42
1882 0.10
1883 0.44
1884 0.42
1885 0.40
1886 0.40
1887 0.44
1888 0.42
1889 0.40
1890 0.42
1891 0.42
1892 0.44
1893 0.42
1894 0.40
1895 0.44
1896 -0.10
1897 0.40
1898 0.40
1899 0.38
1900 0.44
1901 0.42
1902 0.40
1903 0.38
1904 0.44
1905 0.44
1906 0.42
1907 0.42
1908 0.44
1909 0.42
1910 0.42
1911 0.44
1912 0.42
1913 0.38
1914 0.42
1915 0.40
1916 0.44
1917 0.44
1918 0.42
1919 0.38
1920 0.42
1921 0.42
1922 0.44
1923 0.42
1924 0.44
1925 0.36
1926 0.38
1927 0.42
1928 0.42
1929 0.44
1930 0.44
1931 0.42
1932 0.44
1933 0.08
1934 0.42
1935 0.36
1936 0.42
1937 0.40
1938 0.42
1939 0.44
1940 0.44
1941 0.44
1942 0.44
1943 0.44
1944 0.44
1945 0.38
1946 0.44
1947 0.44
1948 0.40
1949 0.42
1950 0.42
1951 0.40
1952 0.42
1953 0.38
1954 0.38
1955 0.42
1956 0.40
1957 0.42
1958 0.44
1959 0.44
1960 0.44
1961 0.44
1962 0.42
1963 0.07
1964 0.10
1965 0.42
1966 0.44
1967 0.42
1968 0.44
1969 0.40
1970 0.07
1971 0.40
1972 0.42
1973 0.42
1974 0.40
1975 0.42
1976 0.42
1977 0.38
1978 0.42
1979 0.44
1980 0.44
1981 0.40
1982 0.44
1983 0.42
1984 0.44
1985 0.42
1986 0.42
1987 0.42
1988 0.42
1989 0.44
1990 0.38
1991 -0.21
1992 0.44
1993 0.44
1994 0.44
1995 0.44
1996 0.42
1997 0.42
1998 0.42
1999 0.42
2000 0.40
2001 0.42
2002 0.44
2003 0.40
2004 0.44
2005 0.42
2006 0.42
2007 0.44
2008 0.42
2009 0.42
2010 0.38
2011 0.00
2012 0.38
2013 0.44
2014 0.44
2015 0.44
2016 0.38
2017 0.44
2018 0.44
2019 0.44
2020 0.38
2021 0.38
2022 0.40
2023 0.42
2024 0.40
2025 0.42
2026 0.42
2027 0.44
2028 0.44
2029 0.44
2030 0.42
2031 0.42
2032 0.40
2033 0.42
2034 0.44
2035 0.44
2036 0.44
2037 0.38
2038 0.42
2039 0.38
2040 0.42
2041 0.44
2042 0.44
2043 0.44
2044 0.40
2045 0.42
2046 0.36
2047 0.44
2048 0.42
2049 0.38
2050 0.40
2051 0.42
2052 0.00
2053 0.38
2054 0.42
2055 0.44
2056 0.42
2057 0.42
2058 0.44
2059 0.44
2060 0.40
2061 0.36
2062 0.40
2063 0.42
2064 0.00
2065 0.40
2066 0.42
2067 0.00
2068 0.40
2069 0.42
2070 0.00
2071 0.38
2072 0.38
2073 0.38
2074 0.44
2075 0.40
2076 0.38
2077 0.44
2078 0.44
2079 0.44
2080 0.44
2081 0.42
2082 0.00
2083 0.40
2084 0.42
2085 0.40
2086 0.40
2087 0.44
2088 0.42
2089 0.40
2090 0.42
2091 0.42
2092 0.44
2093 0.42
2094 0.40
2095 0.44
2096 0.00
2097 0.38
2098 0.40
2099 0.38
2100 0.44
2101 0.42
2102 0.40
2103 0.38
2104 0.44
2105 0.44
2106 0.42
2107 0.42
2108 0.44
2109 0.42
2110 0.42
2111 0.44
2112 0.42
2113 0.38
2114 0.42
2115 0.40
2116 0.44
2117 0.44
2118 0.42
2119 0.38
2120 0.42
2121 0.42
2122 0.44
2123 0.42
2124 0.44
2125 0.36
2126 0.38
2127 0.42
2128 0.42
2129 0.44
2130 0.44
2131 0.42
2132 0.44
2133 0.00
2134 0.40
2135 0.36
2136 0.42
2137 0.40
2138 0.42
2139 0.44
2140 0.44
2141 0.44
2142 0.44
2143 0.44
2144 0.44
2145 0.38
2146 0.44
2147 0.44
2148 0.40
2149 0.42
2150 0.42
2151 0.40
2152 0.42
2153 0.38
2154 0.38
2155 0.42
2156 0.40
2157 0.42
2158 0.44
2159 0.44
2160 0.44
2161 0.44
2162 0.42
2163 0.00
2164 0.36
2165 0.42
2166 0.44
2167 0.42
2168 0.44
2169 0.40
2170 0.00
2171 0.38
2172 0.42
2173 0.42
2174 0.40
2175 0.42
2176 0.42
2177 0.38
2178 0.42
2179 0.44
2180 0.44
2181 0.40
2182 0.44
2183 0.42
2184 0.44
2185 0.42
2186 0.42
2187 0.42
2188 0.42
2189 0.44
2190 0.38
2191 -0.21
2192 0.44
2193 0.44
2194 0.44
2195 0.44
2196 0.42
2197 0.42
2198 0.42
2199 0.42
2200 0.36
2201 0.42
2202 0.44
2203 0.40
2204 0.44
2205 0.42
2206 0.42
2207 0.44
2208 0.42
2209 0.42
2210 0.34
2211 0.36
2212 0.36
2213 0.44
2214 0.44
2215 0.44
2216 0.38
2217 0.44
2218 0.44
2219 0.40
2220 0.38
2221 0.38
2222 0.36
2223 0.42
2224 0.40
2225 0.42
2226 0.38
2227 0.44
2228 0.44
2229 0.44
2230 0.42
2231 0.38
2232 0.40
2233 0.42
2234 0.44
2235 0.44
2236 0.44
2237 0.34
2238 0.42
2239 0.38
2240 0.42
2241 0.44
2242 0.44
2243 0.44
2244 0.40
2245 0.42
2246 0.36
2247 0.44
2248 0.42
2249 0.34
2250 0.40
2251 0.42
2252 0.06
2253 0.34
2254 0.42
2255 0.44
2256 0.42
2257 0.42
2258 0.44
2259 0.44
2260 0.40
2261 0.32
2262 0.40
2263 0.42
2264 0.32
2265 0.42
2266 0.42
2267 -0.10
2268 0.40
2269 0.42
2270 0.36
2271 0.40
2272 0.34
2273 0.34
2274 0.44
2275 0.36
2276 0.38
2277 0.44
2278 0.44
2279 0.44
2280 0.44
2281 0.42
2282 0.34
2283 0.44
2284 0.42
2285 0.36
2286 0.40
2287 0.44
2288 0.42
2289 0.40
2290 0.42
2291 0.42
2292 0.44
2293 0.38
2294 0.36
2295 0.44
2296 0.38
2297 0.40
2298 0.40
2299 0.34
2300 0.44
2301 0.42
2302 0.36
2303 0.38
2304 0.44
2305 0.44
2306 0.42
2307 0.42
2308 0.44
2309 0.42
2310 0.42
2311 0.44
2312 0.38
2313 0.38
2314 0.42
2315 0.40
2316 0.44
2317 0.44
2318 0.42
2319 0.34
2320 0.42
2321 0.42
2322 0.44
2323 0.42
2324 0.44
2325 0.36
2326 0.38
2327 0.42
2328 0.42
2329 0.44
2330 0.44
2331 0.38
2332 0.44
2333 0.32
2334 0.42
2335 0.36
2336 0.42
2337 0.40
2338 0.42
2339 0.44
2340 0.40
2341 0.44
2342 0.44
2343 0.44
2344 0.40
2345 0.38
2346 0.44
2347 0.44
2348 0.40
2349 0.42
2350 0.42
2351 0.40
2352 0.38
2353 0.34
2354 0.38
2355 0.42
2356 0.40
2357 0.42
2358 0.44
2359 0.44
2360 0.44
2361 0.44
2362 0.42
2363 0.34
2364 0.36
2365 0.38
2366 0.44
2367 0.38
2368 0.44
2369 0.40
2370 0.06
2371 0.36
2372 0.42
2373 0.42
2374 0.36
2375 0.42
2376 0.42
2377 0.34
2378 0.42
2379 0.44
2380 0.44
2381 0.36
2382 0.44
2383 0.42
2384 0.44
2385 0.42
2386 0.42
2387 0.42
2388 0.42
2389 0.44
2390 0.38
2391 0.38
2392 0.44
2393 0.44
2394 0.44
2395 0.44
2396 0.42
2397 0.42
2398 0.42
2399 0.42
2400 0.24
2401 0.42
2402 0.40
2403 0.40
2404 0.44
2405 0.38
2406 0.42
2407 0.44
2408 0.38
2409 0.42
2410 0.38
2411 0.38
2412 0.32
2413 0.40
2414 0.40
2415 0.40
2416 0.38
2417 0.44
2418 0.44
2419 0.34
2420 0.38
2421 0.21
2422 0.28
2423 0.42
2424 0.36
2425 0.42
2426 0.29
2427 0.44
2428 0.44
2429 0.44
2430 0.42
2431 0.29
2432 0.40
2433 0.42
2434 0.44
2435 0.44
2436 0.44
2437 0.26
2438 0.42
2439 0.38
2440 0.38
2441 0.44
2442 0.44
2443 0.40
2444 0.40
2445 0.42
2446 0.36
2447 0.44
2448 0.42
2449 0.25
2450 0.40
2451 0.42
2452 0.38
2453 0.40
2454 0.42
2455 0.44
2456 0.42
2457 0.42
2458 0.40
2459 0.44
2460 0.36
2461 0.23
2462 0.36
2463 0.42
2464 0.32
2465 0.38
2466 0.42
2467 0.24
2468 0.36
2469 0.42
2470 0.36
2471 0.36
2472 0.24
2473 0.16
2474 0.40
2475 0.32
2476 0.34
2477 0.44
2478 0.44
2479 0.36
2480 0.44
2481 0.42
2482 0.34
2483 0.44
2484 0.38
2485 0.32
2486 0.40
2487 0.44
2488 0.42
2489 0.40
2490 0.38
2491 0.42
2492 0.40
2493 0.29
2494 0.24
2495 0.44
2496 0.34
2497 0.40
2498 0.40
2499 0.25
2500 0.44
2501 0.42
2502 0.24
2503 0.38
2504 0.40
2505 0.44
2506 0.42
2507 0.42
2508 0.40
2509 0.42
2510 0.42
2511 0.44
2512 0.32
2513 0.34
2514 0.42
2515 0.40
2516 0.44
2517 0.44
2518 0.42
2519 0.21
2520 0.38
2521 0.29
2522 0.40
2523 0.42
2524 0.44
2525 0.36
2526 0.38
2527 0.42
2528 0.42
2529 0.40
2530 0.44
2531 0.29
2532 0.40
2533 0.31
2534 0.34
2535 0.36
2536 0.42
2537 0.40
2538 0.42
2539 0.44
2540 0.36
2541 0.44
2542 0.40
2543 0.44
2544 0.36
2545 0.38
2546 0.40
2547 0.44
2548 0.40
2549 0.42
2550 0.42
2551 0.36
2552 0.26
2553 0.31
2554 0.38
2555 0.42
2556 0.36
2557 0.38
2558 0.44
2559 0.44
2560 0.44
2561 0.44
2562 0.42
2563 0.32
2564 0.36
2565 0.25
2566 0.44
2567 0.29
2568 0.44
2569 0.40
2570 0.15
2571 0.26
2572 0.38
2573 0.42
2574 0.40
2575 0.42
2576 0.42
2577 0.25
2578 0.42
2579 0.44
2580 0.44
2581 0.40
2582 0.44
2583 0.42
2584 0.40
2585 0.42
2586 0.42
2587 0.42
2588 0.38
2589 0.44
2590 0.38
2591 0.31
2592 0.44
2593 0.40
2594 0.44
2595 0.40
2596 0.42
2597 0.42
2598 0.42
2599 0.42
2600 0.40
2601 0.42
2602 0.44
2603 0.40
2604 0.44
2605 0.42
2606 0.42
2607 0.44
2608 0.42
2609 0.42
2610 0.38
2611 0.42
2612 0.42
2613 0.44
2614 0.44
2615 0.44
2616 0.38
2617 0.44
2618 0.44
2619 0.38
2620 0.38
2621 0.38
2622 0.40
2623 0.42
2624 0.40
2625 0.42
2626 0.42
2627 0.44
2628 0.44
2629 0.44
2630 0.42
2631 0.42
2632 0.40
2633 0.42
2634 0.44
2635 0.44
2636 0.44
2637 0.38
2638 0.42
2639 0.38
2640 0.42
2641 0.44
2642 0.44
2643 0.44
2644 0.40
2645 0.42
2646 0.36
2647 0.44
2648 0.42
2649 0.38
2650 0.40
2651 0.42
2652 0.42
2653 0.09
2654 0.42
2655 0.44
2656 0.42
2657 0.42
2658 0.44
2659 0.44
2660 0.40
2661 0.36
2662 0.40
2663 0.42
2664 0.07
2665 0.42
2666 0.42
2667 0.02
2668 0.40
2669 0.42
2670 0.09
2671 0.40
2672 0.38
2673 0.38
2674 0.44
2675 0.36
2676 0.38
2677 0.44
2678 0.44
2679 0.44
2680 0.44
2681 0.42
2682 0.09
2683 0.44
2684 0.42
2685 0.36
2686 0.40
2687 0.44
2688 0.42
2689 0.40
2690 0.42
2691 0.42
2692 0.44
2693 0.42
2694 0.40
2695 0.44
2696 0.42
2697 0.40
2698 0.40
2699 0.38
2700 0.44
2701 0.42
2702 0.40
2703 0.38
2704 0.44
2705 0.44
2706 0.42
2707 0.42
2708 0.44
2709 0.42
2710 0.42
2711 0.44
2712 0.42
2713 0.38
2714 0.42
2715 0.40
2716 0.44
2717 0.44
2718 0.42
2719 0.38
2720 0.42
2721 0.42
2722 0.44
2723 0.42
2724 0.44
2725 0.36
2726 0.38
2727 0.42
2728 0.42
2729 0.44
2730 0.44
2731 0.42
2732 0.44
2733 0.07
2734 0.42
2735 0.36
2736 0.42
2737 0.40
2738 0.42
2739 0.44
2740 0.40
2741 0.44
2742 0.44
2743 0.44
2744 0.40
2745 0.38
2746 0.44
2747 0.44
2748 0.40
2749 0.42
2750 0.42
2751 0.40
2752 0.42
2753 0.38
2754 0.38
2755 0.42
2756 0.40
2757 0.42
2758 0.44
2759 0.44
2760 0.44
2761 0.44
2762 0.42
2763 0.06
2764 0.09
2765 0.42
2766 0.44
2767 0.42
2768 0.44
2769 0.40
2770 0.42
2771 0.40
2772 0.42
2773 0.42
2774 0.40
2775 0.42
2776 0.42
2777 0.38
2778 0.42
2779 0.44
2780 0.44
2781 0.40
2782 0.44
2783 0.42
2784 0.44
2785 0.42
2786 0.42
2787 0.42
2788 0.42
2789 0.44
2790 0.38
2791 0.38
2792 0.44
2793 0.44
2794 0.44
2795 0.44
2796 0.42
2797 0.42
2798 0.42
2799 0.42
2800 0.36
2801 0.42
2802 0.40
2803 0.36
2804 0.44
2805 0.38
2806 0.38
2807 0.44
2808 0.42
2809 0.32
2810 0.34
2811 0.38
2812 0.42
2813 0.40
2814 0.40
2815 0.40
2816 0.38
2817 0.44
2818 0.44
2819 0.31
2820 0.38
2821 0.38
2822 0.36
2823 0.38
2824 0.36
2825 0.38
2826 0.38
2827 0.44
2828 0.44
2829 0.44
2830 0.42
2831 0.38
2832 0.40
2833 0.42
2834 0.44
2835 0.44
2836 0.44
2837 0.34
2838 0.38
2839 0.38
2840 0.42
2841 0.44
2842 0.44
2843 0.34
2844 0.40
2845 0.42
2846 0.32
2847 0.44
2848 0.42
2849 0.34
2850 0.40
2851 0.42
2852 0.42
2853 0.31
2854 0.42
2855 0.44
2856 0.38
2857 0.42
2858 0.40
2859 0.44
2860 0.36
2861 0.32
2862 0.36
2863 0.42
2864 0.29
2865 0.38
2866 0.42
2867 0.32
2868 0.40
2869 0.42
2870 0.32
2871 0.40
2872 0.34
2873 0.34
2874 0.44
2875 0.32
2876 0.34
2877 0.44
2878 0.44
2879 0.36
2880 0.44
2881 0.38
2882 0.31
2883 0.44
2884 0.38
2885 0.36
2886 0.40
2887 0.44
2888 0.42
2889 0.36
2890 0.34
2891 0.38
2892 0.40
2893 0.38
2894 0.36
2895 0.44
2896 0.34
2897 0.40
2898 0.40
2899 0.34
2900 0.44
2901 0.42
2902 0.36
2903 0.29
2904 0.40
2905 0.44
2906 0.42
2907 0.31
2908 0.00
2909 0.36
2910 0.38
2911 0.44
2912 0.38
2913 0.34
2914 0.42
2915 0.40
2916 0.44
2917 0.44
2918 0.42
2919 0.34
2920 0.42
2921 0.32
2922 0.36
2923 0.42
2924 0.44
2925 0.32
2926 0.38
2927 0.32
2928 0.42
2929 0.40
2930 0.44
2931 0.38
2932 0.23
2933 0.00
2934 0.40
2935 0.36
2936 0.42
2937 0.40
2938 0.32
2939 0.44
2940 0.36
2941 0.44
2942 0.34
2943 0.44
2944 0.40
2945 0.38
2946 0.44
2947 0.44
2948 0.40
2949 0.38
2950 0.42
2951 0.40
2952 0.38
2953 0.34
2954 0.38
2955 0.32
2956 0.36
2957 0.42
2958 0.44
2959 0.44
2960 0.44
2961 0.44
2962 0.42
2963 0.19
2964 0.32
2965 0.38
2966 0.44
2967 0.38
2968 0.44
2969 0.40
2970 0.42
2971 0.36
2972 0.42
2973 0.38
2974 0.36
2975 0.42
2976 0.38
2977 0.34
2978 0.38
2979 0.44
2980 0.44
2981 0.36
2982 0.44
2983 0.38
2984 0.36
2985 0.42
2986 0.38
2987 0.42
2988 0.38
2989 0.44
2990 0.38
2991 0.34
2992 0.44
2993 0.40
2994 0.44
2995 0.40
2996 0.38
2997 0.32
2998 0.42
2999 0.38
