0 0.17
30 0.15
60 0.24
90 0.14
120 0.26
150 0.14
180 0.15
210 0.34
240 0.29
270 0.34
300 0.29
330 0.33
360 0.27
390 0.38
420 0.41
450 0.35
480 0.40
510 0.40
540 0.40
570 0.42
600 0.42
630 0.41
660 0.36
690 0.39
720 0.40
750 0.39
780 0.37
810 0.33
840 0.32
870 0.24
900 0.26
930 0.31
960 0.30
990 0.37
1020 0.38
1050 0.28
1080 0.30
1110 0.34
1140 0.32
1170 0.40
1200 0.41
1230 0.41
1260 0.37
1290 0.41
1320 0.41
1350 0.40
1380 0.38
1410 0.27
1440 0.35
1470 0.29
1500 0.33
1530 0.33
1560 0.34
1590 0.38
1620 0.41
1650 0.32
1680 0.41
1710 0.40
1740 0.38
1770 0.42
1800 0.40
1830 0.40
1860 0.37
1890 0.40
1920 0.41
1950 0.38
1980 0.40
2010 0.40
2040 0.37
2070 0.37
2100 0.42
2130 0.40
2160 0.39
2190 0.39
2220 0.41
2250 0.37
2280 0.41
2310 0.41
2340 0.41
2370 0.40
2400 0.38
2430 0.40
2460 0.36
2490 0.38
2520 0.39
2550 0.37
2580 0.41
2610 0.41
2640 0.38
2670 0.39
2700 0.42
2730 0.40
2760 0.40
2790 0.40
2820 0.40
2850 0.38
2880 0.37
2910 0.37
2940 0.39
2970 0.39
