0 141.51
30 152.38
60 183.38
90 205.29
120 202.31
150 230.31
180 232.00
210 196.42
240 238.22
270 265.53
300 280.09
330 269.91
360 291.96
390 252.69
420 260.87
450 284.38
480 291.51
510 298.40
540 308.20
570 322.44
600 240.87
630 272.04
660 316.93
690 311.84
720 311.44
750 309.82
780 296.67
810 299.49
840 271.42
870 299.04
900 324.49
930 315.42
960 331.91
990 329.76
1020 313.18
1050 339.38
1080 340.16
1110 347.60
1140 331.33
1170 342.53
1200 327.24
1230 325.67
1260 308.82
1290 321.89
1320 336.82
1350 326.04
1380 338.18
1410 302.47
1440 345.42
1470 326.02
1500 305.64
1530 320.69
1560 338.56
1590 343.42
1620 329.11
1650 328.64
1680 341.09
1710 327.44
1740 343.24
1770 353.91
1800 344.73
1830 313.36
1860 353.00
1890 344.84
1920 361.93
1950 362.38
1980 354.47
2010 363.38
2040 345.76
2070 336.84
2100 337.36
2130 368.87
2160 368.27
2190 321.87
2220 354.76
2250 330.44
2280 324.29
2310 354.84
2340 365.98
2370 351.49
2400 329.11
2430 344.11
2460 359.67
2490 373.58
2520 334.04
2550 378.89
2580 346.24
2610 302.42
2640 353.31
2670 351.44
2700 367.38
2730 378.58
2760 336.89
2790 333.89
2820 327.80
2850 349.58
2880 362.80
2910 374.49
2940 365.69
2970 348.38
