0 142.00
1 258.67
2 140.00
3 178.67
4 145.33
5 252.67
6 194.67
7 229.33
8 264.00
9 172.67
10 221.33
11 222.00
12 184.00
13 320.00
14 229.33
15 195.33
16 155.33
17 260.00
18 162.00
19 179.33
20 160.67
21 280.00
22 227.33
23 204.67
24 164.00
25 192.00
26 182.67
27 284.00
28 162.00
29 170.67
30 218.00
31 182.67
32 178.67
33 300.67
34 246.67
35 223.33
36 199.33
37 214.67
38 206.00
39 232.67
40 213.33
41 190.67
42 212.00
43 208.00
44 222.00
45 168.00
46 321.33
47 155.33
48 205.33
49 314.00
50 206.00
51 169.33
52 196.67
53 238.00
54 176.00
55 331.33
56 214.00
57 270.67
58 308.67
59 188.00
60 209.33
61 244.00
62 284.00
63 317.33
64 165.33
65 208.00
66 232.67
67 174.00
68 151.33
69 161.33
70 221.33
71 156.67
72 178.67
73 295.33
74 291.33
75 224.00
76 164.67
77 262.00
78 168.00
79 307.33
80 238.00
81 272.00
82 192.67
83 162.00
84 176.67
85 293.33
86 198.67
87 150.67
88 257.33
89 284.67
90 314.00
91 204.00
92 163.33
93 225.33
94 281.33
95 196.67
96 220.00
97 186.00
98 340.67
99 294.67
100 168.67
101 242.67
102 198.67
103 261.33
104 200.00
105 154.67
106 217.33
107 188.67
108 299.33
109 248.00
110 192.67
111 169.33
112 216.67
113 178.67
114 196.67
115 342.67
116 174.67
117 369.33
118 252.67
119 269.33
120 202.00
121 204.00
122 182.00
123 184.67
124 208.67
125 246.00
126 246.67
127 210.00
128 247.33
129 217.33
130 340.67
131 266.67
132 161.33
133 208.00
134 160.00
135 196.67
136 236.67
137 184.00
138 198.00
139 184.00
140 284.67
141 205.33
142 323.33
143 178.67
144 246.00
145 190.67
146 188.00
147 317.33
148 196.00
149 196.00
150 202.67
151 204.67
152 201.33
153 186.00
154 201.33
155 215.33
156 237.33
157 197.33
158 181.33
159 148.67
160 232.67
161 240.00
162 185.33
163 182.00
164 166.67
165 195.33
166 342.00
167 186.00
168 271.33
169 244.00
170 166.00
171 192.67
172 298.67
173 206.00
174 198.00
175 223.33
176 196.67
177 214.67
178 206.67
179 218.67
180 294.00
181 182.67
182 227.33
183 163.33
184 224.67
185 190.00
186 178.00
187 254.00
188 292.67
189 180.00
190 203.33
191 201.33
192 192.67
193 184.67
194 244.00
195 196.00
196 202.67
197 195.33
198 196.67
199 212.67
200 280.00
201 306.67
202 220.00
203 424.67
204 400.00
205 239.33
206 420.00
207 289.33
208 246.67
209 232.67
210 312.67
211 219.33
212 240.00
213 373.33
214 238.00
215 193.33
216 239.33
217 238.00
218 237.33
219 224.00
220 276.67
221 226.67
222 228.00
223 240.00
224 238.67
225 419.33
226 312.00
227 460.00
228 239.33
229 403.33
230 243.33
231 224.67
232 263.33
233 232.67
234 240.00
235 240.00
236 238.67
237 241.33
238 260.00
239 235.33
240 306.00
241 211.33
242 225.33
243 212.00
244 248.00
245 275.33
246 264.67
247 242.67
248 193.33
249 247.33
250 247.33
251 242.67
252 319.33
253 198.00
254 285.33
255 219.33
256 241.33
257 239.33
258 242.67
259 229.33
260 226.00
261 366.00
262 240.67
263 244.67
264 260.67
265 261.33
266 236.67
267 223.33
268 236.67
269 243.33
270 224.00
271 245.33
272 378.67
273 207.33
274 263.33
275 350.67
276 296.67
277 198.00
278 240.67
279 250.00
280 253.33
281 230.67
282 246.67
283 212.67
284 256.67
285 270.00
286 222.00
287 245.33
288 436.00
289 416.00
290 452.00
291 221.33
292 170.00
293 244.67
294 410.67
295 243.33
296 252.00
297 252.67
298 433.33
299 253.33
300 268.67
301 303.33
302 266.00
303 234.67
304 294.00
305 244.00
306 244.67
307 274.00
308 227.33
309 210.67
310 228.00
311 231.33
312 254.00
313 252.67
314 366.67
315 262.00
316 416.00
317 282.00
318 259.33
319 338.00
320 210.00
321 429.33
322 275.33
323 275.33
324 279.33
325 234.00
326 384.67
327 200.00
328 162.67
329 251.33
330 281.33
331 236.00
332 309.33
333 240.00
334 380.67
335 214.67
336 418.00
337 216.67
338 205.33
339 214.00
340 222.67
341 265.33
342 221.33
343 210.67
344 216.00
345 196.00
346 212.00
347 222.00
348 241.33
349 245.33
350 242.00
351 212.67
352 234.67
353 282.67
354 236.00
355 349.33
356 380.67
357 260.00
358 217.33
359 246.67
360 206.67
361 332.00
362 250.00
363 244.67
364 258.67
365 237.33
366 237.33
367 228.00
368 213.33
369 233.33
370 248.67
371 231.33
372 194.67
373 199.33
374 233.33
375 269.33
376 212.67
377 248.67
378 243.33
379 248.00
380 274.67
381 221.33
382 241.33
383 232.67
384 242.67
385 270.00
386 233.33
387 221.33
388 229.33
389 272.00
390 230.67
391 228.67
392 264.67
393 246.67
394 246.67
395 303.33
396 357.33
397 228.00
398 231.33
399 210.00
400 240.00
401 268.00
402 324.00
403 282.00
404 342.67
405 250.67
406 177.33
407 227.33
408 276.00
409 298.00
410 332.67
411 199.33
412 426.00
413 210.00
414 200.67
415 151.33
416 455.33
417 459.33
418 198.67
419 282.00
420 380.00
421 324.00
422 303.33
423 428.67
424 238.67
425 200.67
426 208.00
427 229.33
428 270.00
429 268.00
430 334.67
431 334.67
432 307.33
433 240.67
434 226.67
435 348.00
436 238.67
437 354.67
438 304.67
439 380.00
440 232.67
441 246.00
442 299.33
443 195.33
444 334.67
445 316.67
446 314.00
447 380.00
448 221.33
449 409.33
450 268.67
451 311.33
452 240.00
453 280.00
454 357.33
455 214.00
456 280.00
457 338.00
458 182.67
459 185.33
460 347.33
461 334.00
462 211.33
463 233.33
464 348.00
465 353.33
466 243.33
467 226.67
468 186.00
469 248.00
470 216.00
471 184.00
472 268.67
473 239.33
474 373.33
475 286.00
476 324.00
477 212.67
478 391.33
479 278.67
480 334.00
481 242.00
482 201.33
483 347.33
484 236.67
485 252.67
486 294.67
487 448.67
488 266.67
489 238.67
490 472.67
491 246.67
492 291.33
493 232.00
494 258.00
495 279.33
496 202.67
497 218.67
498 246.00
499 215.33
500 320.67
501 325.33
502 253.33
503 259.33
504 232.00
505 244.00
506 246.67
507 207.33
508 264.00
509 238.67
510 248.67
511 250.00
512 265.33
513 208.00
514 252.00
515 290.67
516 239.33
517 456.00
518 412.00
519 234.67
520 264.67
521 336.00
522 212.00
523 362.00
524 206.67
525 282.67
526 327.33
527 282.67
528 229.33
529 250.00
530 314.00
531 230.00
532 369.33
533 374.00
534 280.00
535 304.67
536 240.67
537 238.67
538 240.67
539 246.00
540 236.00
541 336.67
542 314.67
543 278.67
544 263.33
545 318.67
546 242.67
547 260.00
548 379.33
549 329.33
550 262.67
551 352.00
552 238.67
553 253.33
554 362.67
555 268.67
556 283.33
557 278.67
558 281.33
559 294.67
560 278.67
561 352.00
562 370.67
563 303.33
564 363.33
565 350.00
566 308.67
567 297.33
568 287.33
569 295.33
570 239.33
571 266.00
572 343.33
573 232.67
574 259.33
575 324.67
576 209.33
577 292.00
578 374.67
579 324.67
580 340.67
581 299.33
582 229.33
583 380.67
584 218.67
585 268.67
586 301.33
587 281.33
588 322.00
589 368.00
590 385.33
591 268.67
592 242.00
593 329.33
594 257.33
595 464.67
596 294.00
597 241.33
598 249.33
599 231.33
600 234.67
601 158.00
602 180.00
603 200.00
604 292.00
605 200.00
606 268.00
607 292.00
608 272.00
609 266.00
610 205.33
611 209.33
612 279.33
613 326.00
614 208.00
615 290.67
616 308.67
617 226.67
618 244.00
619 230.67
620 187.33
621 240.00
622 248.00
623 299.33
624 208.67
625 308.00
626 219.33
627 239.33
628 210.67
629 210.67
630 280.67
631 194.67
632 296.00
633 280.00
634 239.33
635 225.33
636 244.67
637 277.33
638 251.33
639 220.00
640 222.00
641 404.00
642 378.00
643 270.67
644 244.00
645 216.00
646 150.67
647 246.67
648 314.00
649 324.67
650 200.00
651 271.33
652 334.00
653 213.33
654 221.33
655 279.33
656 271.33
657 398.67
658 268.67
659 280.00
660 207.33
661 220.67
662 426.00
663 334.00
664 469.33
665 183.33
666 161.33
667 296.67
668 354.00
669 240.67
670 286.00
671 240.00
672 314.67
673 445.33
674 240.67
675 213.33
676 332.67
677 402.67
678 431.33
679 400.00
680 272.67
681 215.33
682 254.00
683 404.67
684 253.33
685 257.33
686 444.67
687 447.33
688 178.00
689 242.67
690 302.67
691 292.00
692 297.33
693 177.33
694 256.00
695 281.33
696 238.00
697 315.33
698 250.00
699 320.67
700 402.67
701 248.67
702 276.00
703 272.00
704 265.33
705 281.33
706 224.00
707 304.00
708 186.00
709 226.00
710 326.00
711 155.33
712 344.67
713 481.33
714 266.67
715 203.33
716 212.00
717 326.67
718 223.33
719 243.33
720 320.67
721 375.33
722 270.67
723 296.00
724 229.33
725 215.33
726 278.67
727 272.00
728 260.67
729 174.00
730 275.33
731 294.67
732 306.67
733 429.33
734 214.00
735 374.00
736 251.33
737 430.00
738 230.00
739 264.00
740 189.33
741 470.00
742 291.33
743 216.67
744 222.00
745 462.00
746 199.33
747 320.67
748 234.00
749 220.67
750 307.33
751 294.00
752 342.00
753 428.00
754 222.67
755 184.67
756 207.33
757 252.00
758 228.00
759 268.00
760 220.00
761 324.00
762 255.33
763 280.67
764 430.00
765 366.67
766 266.67
767 222.67
768 394.67
769 247.33
770 384.00
771 369.33
772 294.67
773 240.00
774 328.00
775 352.67
776 347.33
777 320.00
778 275.33
779 290.67
780 257.33
781 295.33
782 211.33
783 418.00
784 244.67
785 220.00
786 247.33
787 231.33
788 304.00
789 174.00
790 229.33
791 344.67
792 165.33
793 257.33
794 232.00
795 276.00
796 282.67
797 388.67
798 224.67
799 263.33
800 220.00
801 266.67
802 302.67
803 422.00
804 323.33
805 404.67
806 194.67
807 348.00
808 174.00
809 364.67
810 403.33
811 192.67
812 424.00
813 184.00
814 204.67
815 317.33
816 391.33
817 395.33
818 237.33
819 256.00
820 239.33
821 332.00
822 390.67
823 366.00
824 236.00
825 355.33
826 278.67
827 202.67
828 154.00
829 216.67
830 281.33
831 282.00
832 360.67
833 334.67
834 180.00
835 181.33
836 390.67
837 224.00
838 331.33
839 236.00
840 278.00
841 319.33
842 317.33
843 378.67
844 215.33
845 288.67
846 406.00
847 400.67
848 170.67
849 240.67
850 216.67
851 392.67
852 417.33
853 305.33
854 242.00
855 462.67
856 234.00
857 319.33
858 246.00
859 201.33
860 372.67
861 336.00
862 246.67
863 219.33
864 204.00
865 470.00
866 422.67
867 297.33
868 206.00
869 341.33
870 208.67
871 268.67
872 300.67
873 228.67
874 363.33
875 407.33
876 330.00
877 260.00
878 396.67
879 371.33
880 264.67
881 394.00
882 432.00
883 348.00
884 389.33
885 226.67
886 344.00
887 273.33
888 401.33
889 214.00
890 197.33
891 304.00
892 359.33
893 352.00
894 374.00
895 276.00
896 285.33
897 242.00
898 236.67
899 268.67
900 270.00
901 252.67
902 212.67
903 264.00
904 239.33
905 305.33
906 336.67
907 308.00
908 242.00
909 328.00
910 357.33
911 331.33
912 448.67
913 313.33
914 357.33
915 284.67
916 258.00
917 418.00
918 481.33
919 246.67
920 196.00
921 371.33
922 425.33
923 301.33
924 397.33
925 396.00
926 284.00
927 396.00
928 268.67
929 209.33
930 246.67
931 290.00
932 278.67
933 483.33
934 299.33
935 296.00
936 192.00
937 304.00
938 406.67
939 340.67
940 399.33
941 369.33
942 286.00
943 274.00
944 252.67
945 314.00
946 356.67
947 455.33
948 284.00
949 362.67
950 284.67
951 240.67
952 278.67
953 325.33
954 238.67
955 477.33
956 375.33
957 162.67
958 268.67
959 245.33
960 353.33
961 228.00
962 247.33
963 280.00
964 286.67
965 311.33
966 211.33
967 425.33
968 378.67
969 394.00
970 346.00
971 346.67
972 374.67
973 375.33
974 270.67
975 254.67
976 244.00
977 222.67
978 240.00
979 303.33
980 330.67
981 302.00
982 430.67
983 233.33
984 434.67
985 328.67
986 300.00
987 321.33
988 306.67
989 330.67
990 435.33
991 365.33
992 224.67
993 268.00
994 205.33
995 248.67
996 264.67
997 242.67
998 390.00
999 301.33
1000 149.33
1001 218.67
1002 288.67
1003 234.67
1004 340.67
1005 218.00
1006 254.67
1007 202.00
1008 190.67
1009 256.67
1010 142.67
1011 255.33
1012 122.00
1013 416.67
1014 248.00
1015 334.00
1016 375.33
1017 252.67
1018 299.33
1019 196.00
1020 162.67
1021 423.33
1022 357.33
1023 460.67
1024 385.33
1025 233.33
1026 284.67
1027 458.67
1028 410.00
1029 404.00
1030 238.00
1031 211.33
1032 317.33
1033 384.00
1034 233.33
1035 292.67
1036 290.67
1037 226.67
1038 343.33
1039 267.33
1040 218.67
1041 416.00
1042 320.67
1043 274.00
1044 350.67
1045 195.33
1046 427.33
1047 358.00
1048 287.33
1049 400.67
1050 215.33
1051 364.67
1052 335.33
1053 364.67
1054 238.67
1055 385.33
1056 199.33
1057 292.00
1058 389.33
1059 260.67
1060 339.33
1061 245.33
1062 437.33
1063 266.00
1064 274.67
1065 318.00
1066 419.33
1067 278.00
1068 411.33
1069 382.00
1070 264.00
1071 286.00
1072 281.33
1073 388.67
1074 350.00
1075 340.67
1076 379.33
1077 227.33
1078 324.67
1079 334.67
1080 279.33
1081 282.00
1082 306.67
1083 291.33
1084 252.67
1085 358.00
1086 292.67
1087 228.67
1088 276.00
1089 396.00
1090 341.33
1091 281.33
1092 331.33
1093 287.33
1094 238.67
1095 456.67
1096 318.00
1097 332.67
1098 356.67
1099 216.00
1100 355.33
1101 326.00
1102 218.67
1103 281.33
1104 232.67
1105 376.00
1106 315.33
1107 396.67
1108 212.67
1109 285.33
1110 223.33
1111 414.67
1112 305.33
1113 243.33
1114 319.33
1115 366.00
1116 275.33
1117 245.33
1118 386.67
1119 290.00
1120 281.33
1121 401.33
1122 390.00
1123 414.00
1124 294.67
1125 404.67
1126 310.67
1127 328.00
1128 294.00
1129 202.67
1130 243.33
1131 375.33
1132 342.67
1133 306.00
1134 352.67
1135 234.67
1136 221.33
1137 398.67
1138 232.00
1139 261.33
1140 278.00
1141 429.33
1142 367.33
1143 376.00
1144 190.00
1145 264.00
1146 280.00
1147 424.67
1148 340.67
1149 262.67
1150 194.67
1151 348.67
1152 440.67
1153 446.67
1154 341.33
1155 196.00
1156 418.00
1157 298.00
1158 182.67
1159 316.00
1160 304.67
1161 228.00
1162 258.00
1163 252.67
1164 275.33
1165 276.67
1166 276.00
1167 179.33
1168 284.00
1169 208.00
1170 324.00
1171 268.00
1172 284.00
1173 353.33
1174 360.00
1175 231.33
1176 266.00
1177 474.67
1178 344.67
1179 314.00
1180 318.67
1181 244.67
1182 254.67
1183 210.00
1184 278.00
1185 452.00
1186 380.67
1187 364.67
1188 246.67
1189 360.00
1190 297.33
1191 286.00
1192 320.67
1193 272.00
1194 298.67
1195 287.33
1196 331.33
1197 302.00
1198 252.00
1199 364.00
1200 220.67
1201 430.67
1202 233.33
1203 253.33
1204 321.33
1205 437.33
1206 402.67
1207 405.33
1208 398.00
1209 270.67
1210 180.00
1211 315.33
1212 372.00
1213 217.33
1214 213.33
1215 268.67
1216 393.33
1217 274.00
1218 348.67
1219 392.00
1220 310.67
1221 330.67
1222 348.67
1223 371.33
1224 438.00
1225 374.67
1226 494.00
1227 420.67
1228 273.33
1229 337.33
1230 192.67
1231 362.67
1232 335.33
1233 354.00
1234 386.67
1235 389.33
1236 437.33
1237 330.67
1238 366.67
1239 274.67
1240 348.67
1241 379.33
1242 416.67
1243 308.67
1244 246.67
1245 395.33
1246 362.67
1247 302.67
1248 451.33
1249 297.33
1250 366.00
1251 344.67
1252 350.00
1253 352.67
1254 258.67
1255 384.00
1256 408.00
1257 307.33
1258 310.67
1259 406.67
1260 343.33
1261 363.33
1262 384.67
1263 152.00
1264 427.33
1265 296.67
1266 289.33
1267 315.33
1268 252.67
1269 362.00
1270 456.67
1271 366.67
1272 296.67
1273 365.33
1274 296.00
1275 350.00
1276 266.00
1277 246.67
1278 435.33
1279 368.00
1280 390.67
1281 326.00
1282 309.33
1283 384.67
1284 443.33
1285 356.67
1286 329.33
1287 275.33
1288 469.33
1289 305.33
1290 423.33
1291 290.00
1292 297.33
1293 280.00
1294 222.67
1295 328.67
1296 288.00
1297 404.00
1298 396.67
1299 301.33
1300 346.67
1301 397.33
1302 299.33
1303 348.00
1304 345.33
1305 343.33
1306 236.00
1307 480.00
1308 340.67
1309 428.00
1310 312.67
1311 367.33
1312 460.00
1313 312.00
1314 330.67
1315 392.67
1316 278.00
1317 347.33
1318 334.00
1319 371.33
1320 346.00
1321 431.33
1322 181.33
1323 322.00
1324 388.00
1325 252.00
1326 361.33
1327 364.67
1328 374.67
1329 438.00
1330 332.67
1331 338.00
1332 376.67
1333 422.00
1334 310.67
1335 278.67
1336 332.00
1337 324.00
1338 333.33
1339 263.33
1340 400.00
1341 309.33
1342 249.33
1343 248.67
1344 308.00
1345 228.00
1346 315.33
1347 450.00
1348 370.67
1349 180.67
1350 266.67
1351 340.67
1352 261.33
1353 239.33
1354 258.67
1355 336.00
1356 366.00
1357 213.33
1358 236.00
1359 280.00
1360 450.67
1361 372.00
1362 261.33
1363 276.67
1364 201.33
1365 272.67
1366 210.67
1367 307.33
1368 346.00
1369 314.00
1370 276.00
1371 236.67
1372 342.00
1373 212.67
1374 328.67
1375 361.33
1376 369.33
1377 112.00
1378 217.33
1379 352.67
1380 393.33
1381 323.33
1382 268.00
1383 337.33
1384 257.33
1385 295.33
1386 351.33
1387 356.67
1388 248.67
1389 337.33
1390 222.67
1391 202.67
1392 263.33
1393 382.00
1394 317.33
1395 382.67
1396 322.67
1397 298.00
1398 290.67
1399 299.33
1400 150.00
1401 321.33
1402 390.00
1403 366.67
1404 290.00
1405 323.33
1406 131.33
1407 275.33
1408 252.67
1409 260.67
1410 448.67
1411 500.00
1412 380.00
1413 380.00
1414 188.67
1415 321.33
1416 328.67
1417 397.33
1418 262.00
1419 370.00
1420 428.67
1421 490.00
1422 287.33
1423 314.00
1424 301.33
1425 354.67
1426 268.67
1427 389.33
1428 342.00
1429 414.67
1430 378.67
1431 348.67
1432 431.33
1433 334.00
1434 357.33
1435 430.67
1436 412.67
1437 247.33
1438 377.33
1439 362.00
1440 347.33
1441 402.00
1442 354.67
1443 402.67
1444 299.33
1445 188.00
1446 268.67
1447 292.00
1448 198.67
1449 429.33
1450 442.67
1451 301.33
1452 308.67
1453 198.00
1454 325.33
1455 437.33
1456 333.33
1457 278.00
1458 323.33
1459 393.33
1460 346.67
1461 316.67
1462 310.00
1463 367.33
1464 188.00
1465 336.67
1466 320.67
1467 364.00
1468 352.00
1469 300.00
1470 244.67
1471 370.67
1472 361.33
1473 260.00
1474 306.00
1475 338.67
1476 253.33
1477 321.33
1478 327.33
1479 335.33
1480 251.33
1481 331.33
1482 400.67
1483 295.33
1484 298.67
1485 356.67
1486 296.00
1487 376.00
1488 358.00
1489 378.00
1490 268.67
1491 296.67
1492 362.67
1493 293.33
1494 408.00
1495 368.00
1496 366.67
1497 316.67
1498 214.67
1499 246.00
1500 452.00
1501 400.67
1502 358.00
1503 482.67
1504 433.33
1505 383.33
1506 320.00
1507 460.00
1508 440.00
1509 364.00
1510 334.67
1511 330.67
1512 313.33
1513 271.33
1514 479.33
1515 230.00
1516 344.67
1517 290.00
1518 358.00
1519 212.00
1520 353.33
1521 309.33
1522 374.67
1523 331.33
1524 323.33
1525 500.00
1526 338.00
1527 267.33
1528 348.00
1529 330.67
1530 288.67
1531 263.33
1532 217.33
1533 407.33
1534 413.33
1535 384.67
1536 280.00
1537 418.67
1538 289.33
1539 237.33
1540 302.67
1541 419.33
1542 324.00
1543 166.00
1544 398.00
1545 414.00
1546 329.33
1547 265.33
1548 219.33
1549 317.33
1550 330.00
1551 273.33
1552 348.00
1553 406.00
1554 304.67
1555 219.33
1556 332.00
1557 466.67
1558 299.33
1559 475.33
1560 457.33
1561 340.00
1562 387.33
1563 229.33
1564 360.67
1565 322.00
1566 317.33
1567 328.67
1568 295.33
1569 320.00
1570 494.67
1571 280.00
1572 366.67
1573 368.67
1574 344.00
1575 194.67
1576 463.33
1577 280.00
1578 315.33
1579 276.67
1580 412.67
1581 318.00
1582 414.67
1583 214.67
1584 254.67
1585 304.67
1586 394.00
1587 340.67
1588 309.33
1589 386.00
1590 340.00
1591 294.00
1592 412.67
1593 364.00
1594 283.33
1595 318.67
1596 298.00
1597 333.33
1598 315.33
1599 290.00
1600 272.00
1601 324.00
1602 282.00
1603 161.33
1604 380.00
1605 314.67
1606 368.00
1607 209.33
1608 276.00
1609 340.67
1610 374.00
1611 311.33
1612 220.00
1613 212.00
1614 217.33
1615 324.67
1616 315.33
1617 364.00
1618 206.00
1619 330.67
1620 268.00
1621 478.00
1622 288.67
1623 284.00
1624 300.00
1625 437.33
1626 474.00
1627 356.67
1628 323.33
1629 478.67
1630 434.67
1631 277.33
1632 238.00
1633 240.00
1634 263.33
1635 300.00
1636 392.67
1637 490.67
1638 338.67
1639 243.33
1640 322.67
1641 478.67
1642 382.67
1643 465.33
1644 436.67
1645 306.00
1646 297.33
1647 432.00
1648 458.67
1649 412.67
1650 284.67
1651 351.33
1652 382.00
1653 375.33
1654 448.00
1655 436.00
1656 392.00
1657 371.33
1658 360.67
1659 500.00
1660 304.67
1661 386.67
1662 240.67
1663 498.00
1664 259.33
1665 354.00
1666 339.33
1667 335.33
1668 500.00
1669 309.33
1670 330.67
1671 218.00
1672 375.33
1673 300.00
1674 373.33
1675 422.67
1676 322.67
1677 232.00
1678 368.00
1679 269.33
1680 381.33
1681 483.33
1682 148.67
1683 359.33
1684 422.00
1685 343.33
1686 448.00
1687 459.33
1688 230.67
1689 338.67
1690 282.00
1691 234.00
1692 217.33
1693 297.33
1694 313.33
1695 384.00
1696 248.00
1697 480.00
1698 287.33
1699 315.33
1700 426.00
1701 376.00
1702 250.67
1703 182.00
1704 343.33
1705 357.33
1706 281.33
1707 478.00
1708 353.33
1709 250.67
1710 337.33
1711 444.67
1712 365.33
1713 496.67
1714 336.00
1715 482.67
1716 380.67
1717 322.67
1718 280.00
1719 435.33
1720 359.33
1721 156.67
1722 460.00
1723 403.33
1724 322.67
1725 302.67
1726 296.00
1727 395.33
1728 191.33
1729 300.67
1730 392.67
1731 363.33
1732 326.00
1733 419.33
1734 344.00
1735 336.67
1736 440.00
1737 289.33
1738 330.67
1739 357.33
1740 265.33
1741 286.00
1742 392.67
1743 335.33
1744 270.00
1745 338.00
1746 314.67
1747 398.67
1748 300.67
1749 315.33
1750 294.00
1751 499.33
1752 316.00
1753 453.33
1754 324.67
1755 302.00
1756 296.00
1757 335.33
1758 423.33
1759 288.00
1760 384.67
1761 394.00
1762 330.00
1763 472.67
1764 412.00
1765 327.33
1766 292.00
1767 361.33
1768 285.33
1769 322.67
1770 336.00
1771 309.33
1772 224.00
1773 492.00
1774 296.67
1775 498.67
1776 307.33
1777 280.67
1778 411.33
1779 328.67
1780 365.33
1781 294.67
1782 330.67
1783 338.67
1784 312.00
1785 290.00
1786 264.00
1787 288.67
1788 336.67
1789 420.00
1790 268.00
1791 250.67
1792 327.33
1793 400.00
1794 474.00
1795 389.33
1796 301.33
1797 347.33
1798 398.00
1799 320.00
1800 420.00
1801 408.67
1802 400.00
1803 400.00
1804 500.00
1805 317.33
1806 214.00
1807 384.67
1808 294.00
1809 288.67
1810 316.00
1811 230.67
1812 275.33
1813 309.33
1814 382.00
1815 466.67
1816 346.67
1817 348.00
1818 378.67
1819 250.67
1820 248.00
1821 416.00
1822 424.67
1823 337.33
1824 359.33
1825 350.67
1826 319.33
1827 340.00
1828 403.33
1829 297.33
1830 430.00
1831 244.67
1832 441.33
1833 365.33
1834 336.00
1835 290.67
1836 396.67
1837 277.33
1838 392.00
1839 350.67
1840 214.00
1841 331.33
1842 354.00
1843 295.33
1844 316.00
1845 358.00
1846 203.33
1847 304.67
1848 320.00
1849 290.67
1850 198.00
1851 472.00
1852 268.67
1853 412.67
1854 238.67
1855 264.00
1856 222.67
1857 430.67
1858 222.67
1859 216.00
1860 407.33
1861 188.00
1862 263.33
1863 330.67
1864 320.00
1865 398.00
1866 286.67
1867 392.67
1868 355.33
1869 374.00
1870 377.33
1871 440.67
1872 292.00
1873 227.33
1874 500.00
1875 178.67
1876 362.67
1877 282.67
1878 304.00
1879 294.67
1880 252.67
1881 290.67
1882 276.00
1883 316.00
1884 346.67
1885 315.33
1886 440.67
1887 380.67
1888 420.00
1889 446.00
1890 192.00
1891 320.00
1892 314.67
1893 408.00
1894 460.00
1895 368.67
1896 285.33
1897 345.33
1898 403.33
1899 311.33
1900 418.67
1901 332.00
1902 325.33
1903 397.33
1904 183.33
1905 364.00
1906 316.00
1907 339.33
1908 346.67
1909 362.67
1910 398.67
1911 355.33
1912 250.00
1913 223.33
1914 394.67
1915 224.67
1916 299.33
1917 332.67
1918 495.33
1919 367.33
1920 309.33
1921 460.00
1922 419.33
1923 346.67
1924 337.33
1925 422.67
1926 341.33
1927 315.33
1928 254.67
1929 336.67
1930 431.33
1931 440.00
1932 292.67
1933 439.33
1934 424.67
1935 454.67
1936 422.67
1937 320.00
1938 352.67
1939 348.67
1940 314.67
1941 236.67
1942 340.67
1943 338.00
1944 490.00
1945 373.33
1946 306.00
1947 249.33
1948 500.00
1949 346.67
1950 359.33
1951 439.33
1952 305.33
1953 339.33
1954 213.33
1955 440.67
1956 331.33
1957 213.33
1958 332.00
1959 289.33
1960 364.67
1961 400.67
1962 250.00
1963 492.00
1964 275.33
1965 301.33
1966 290.67
1967 221.33
1968 313.33
1969 398.67
1970 323.33
1971 371.33
1972 425.33
1973 330.00
1974 405.33
1975 326.67
1976 280.67
1977 376.67
1978 369.33
1979 456.00
1980 426.00
1981 302.67
1982 422.67
1983 362.67
1984 474.67
1985 344.67
1986 397.33
1987 282.00
1988 474.67
1989 323.33
1990 365.33
1991 492.00
1992 418.67
1993 320.00
1994 354.00
1995 380.00
1996 305.33
1997 391.33
1998 291.33
1999 330.00
2000 147.33
2001 373.33
2002 350.00
2003 293.33
2004 335.33
2005 312.67
2006 278.67
2007 384.00
2008 340.00
2009 380.00
2010 440.00
2011 279.33
2012 413.33
2013 324.67
2014 325.33
2015 259.33
2016 302.67
2017 260.00
2018 286.67
2019 160.00
2020 245.33
2021 433.33
2022 306.00
2023 302.00
2024 474.00
2025 337.33
2026 205.33
2027 272.67
2028 263.33
2029 316.67
2030 488.67
2031 256.00
2032 430.00
2033 323.33
2034 431.33
2035 197.33
2036 336.67
2037 414.00
2038 274.00
2039 278.00
2040 262.67
2041 260.67
2042 293.33
2043 213.33
2044 384.00
2045 356.67
2046 434.00
2047 412.67
2048 269.33
2049 334.67
2050 298.00
2051 349.33
2052 458.67
2053 278.67
2054 500.00
2055 250.67
2056 372.00
2057 398.67
2058 331.33
2059 312.67
2060 256.00
2061 276.00
2062 411.33
2063 215.33
2064 244.67
2065 147.33
2066 410.00
2067 324.00
2068 408.00
2069 320.00
2070 386.67
2071 442.67
2072 388.67
2073 318.00
2074 408.67
2075 356.67
2076 286.00
2077 238.67
2078 458.67
2079 226.00
2080 364.00
2081 357.33
2082 274.67
2083 352.00
2084 442.67
2085 364.00
2086 220.00
2087 394.00
2088 302.67
2089 436.67
2090 440.00
2091 307.33
2092 297.33
2093 404.67
2094 455.33
2095 320.67
2096 342.00
2097 420.67
2098 407.33
2099 286.67
2100 226.67
2101 374.67
2102 370.00
2103 192.67
2104 391.33
2105 344.67
2106 354.00
2107 347.33
2108 484.00
2109 225.33
2110 386.67
2111 200.00
2112 342.67
2113 296.67
2114 500.00
2115 296.67
2116 436.00
2117 237.33
2118 294.00
2119 322.67
2120 250.67
2121 371.33
2122 326.67
2123 318.00
2124 402.00
2125 400.00
2126 340.67
2127 171.33
2128 470.67
2129 287.33
2130 416.67
2131 380.00
2132 259.33
2133 294.67
2134 500.00
2135 303.33
2136 269.33
2137 392.00
2138 360.67
2139 391.33
2140 476.00
2141 275.33
2142 354.00
2143 340.67
2144 376.67
2145 339.33
2146 460.67
2147 338.67
2148 322.67
2149 248.00
2150 310.00
2151 284.00
2152 293.33
2153 300.00
2154 316.67
2155 248.67
2156 306.00
2157 347.33
2158 460.67
2159 364.67
2160 197.33
2161 274.67
2162 188.00
2163 284.67
2164 494.67
2165 290.67
2166 357.33
2167 352.00
2168 342.67
2169 290.00
2170 340.00
2171 334.67
2172 282.00
2173 326.67
2174 257.33
2175 259.33
2176 341.33
2177 330.67
2178 340.00
2179 346.00
2180 314.00
2181 298.00
2182 361.33
2183 340.00
2184 312.00
2185 208.00
2186 417.33
2187 284.67
2188 304.67
2189 356.00
2190 336.00
2191 382.00
2192 489.33
2193 364.00
2194 500.00
2195 307.33
2196 449.33
2197 329.33
2198 320.67
2199 347.33
2200 256.00
2201 286.00
2202 407.33
2203 317.33
2204 420.00
2205 260.00
2206 427.33
2207 336.67
2208 380.00
2209 187.33
2210 427.33
2211 315.33
2212 288.67
2213 368.67
2214 198.67
2215 322.67
2216 470.00
2217 308.00
2218 386.00
2219 256.67
2220 273.33
2221 368.00
2222 298.67
2223 470.00
2224 273.33
2225 405.33
2226 269.33
2227 170.00
2228 333.33
2229 244.00
2230 316.00
2231 480.00
2232 338.00
2233 280.00
2234 308.67
2235 285.33
2236 273.33
2237 258.67
2238 411.33
2239 324.00
2240 320.00
2241 381.33
2242 360.00
2243 296.67
2244 356.00
2245 225.33
2246 441.33
2247 286.00
2248 375.33
2249 340.00
2250 324.00
2251 418.00
2252 370.67
2253 186.00
2254 295.33
2255 336.00
2256 241.33
2257 268.00
2258 398.67
2259 258.00
2260 300.67
2261 322.67
2262 243.33
2263 220.67
2264 304.00
2265 199.33
2266 260.00
2267 350.67
2268 284.00
2269 251.33
2270 392.67
2271 296.67
2272 446.67
2273 412.00
2274 240.00
2275 492.00
2276 292.67
2277 299.33
2278 308.67
2279 202.67
2280 405.33
2281 206.67
2282 214.00
2283 476.67
2284 439.33
2285 264.67
2286 300.00
2287 286.00
2288 286.67
2289 220.67
2290 278.67
2291 267.33
2292 267.33
2293 322.00
2294 264.00
2295 242.00
2296 226.67
2297 272.00
2298 230.00
2299 410.00
2300 268.67
2301 235.33
2302 322.67
2303 268.67
2304 500.00
2305 405.33
2306 348.00
2307 407.33
2308 276.67
2309 314.67
2310 365.33
2311 259.33
2312 428.00
2313 330.67
2314 353.33
2315 336.67
2316 362.67
2317 235.33
2318 463.33
2319 294.67
2320 346.67
2321 312.67
2322 462.67
2323 319.33
2324 222.00
2325 404.67
2326 438.67
2327 342.67
2328 232.67
2329 302.00
2330 304.00
2331 367.33
2332 438.00
2333 268.00
2334 375.33
2335 480.00
2336 293.33
2337 266.00
2338 304.67
2339 368.00
2340 254.67
2341 259.33
2342 304.67
2343 340.00
2344 222.67
2345 236.00
2346 399.33
2347 372.00
2348 306.67
2349 384.67
2350 311.33
2351 432.00
2352 282.00
2353 312.00
2354 345.33
2355 289.33
2356 269.33
2357 411.33
2358 500.00
2359 334.00
2360 317.33
2361 229.33
2362 365.33
2363 413.33
2364 226.00
2365 260.67
2366 300.67
2367 330.67
2368 311.33
2369 396.00
2370 267.33
2371 340.67
2372 225.33
2373 312.00
2374 212.67
2375 348.00
2376 307.33
2377 227.33
2378 283.33
2379 258.00
2380 260.00
2381 416.67
2382 304.00
2383 390.67
2384 163.33
2385 266.67
2386 445.33
2387 387.33
2388 344.00
2389 289.33
2390 368.00
2391 398.00
2392 226.00
2393 320.00
2394 271.33
2395 164.00
2396 341.33
2397 431.33
2398 275.33
2399 334.67
2400 460.00
2401 232.00
2402 316.00
2403 420.00
2404 356.00
2405 258.00
2406 164.67
2407 227.33
2408 304.67
2409 224.67
2410 299.33
2411 432.00
2412 300.00
2413 394.67
2414 406.00
2415 350.00
2416 394.00
2417 257.33
2418 275.33
2419 306.67
2420 446.67
2421 309.33
2422 317.33
2423 384.67
2424 422.67
2425 289.33
2426 379.33
2427 363.33
2428 308.00
2429 403.33
2430 348.67
2431 256.67
2432 274.00
2433 343.33
2434 370.67
2435 458.00
2436 394.00
2437 462.00
2438 314.67
2439 342.00
2440 312.67
2441 383.33
2442 209.33
2443 192.00
2444 323.33
2445 277.33
2446 366.67
2447 392.67
2448 296.67
2449 227.33
2450 282.00
2451 312.00
2452 200.67
2453 373.33
2454 311.33
2455 343.33
2456 276.67
2457 336.00
2458 379.33
2459 307.33
2460 374.67
2461 433.33
2462 214.00
2463 302.67
2464 347.33
2465 362.67
2466 378.67
2467 380.67
2468 344.00
2469 302.67
2470 378.00
2471 480.00
2472 296.00
2473 439.33
2474 344.67
2475 276.67
2476 433.33
2477 341.33
2478 286.67
2479 376.00
2480 304.67
2481 184.67
2482 372.00
2483 291.33
2484 297.33
2485 296.67
2486 424.00
2487 355.33
2488 363.33
2489 389.33
2490 350.00
2491 348.67
2492 307.33
2493 459.33
2494 480.67
2495 480.00
2496 276.00
2497 372.67
2498 267.33
2499 220.00
2500 262.67
2501 261.33
2502 322.67
2503 442.67
2504 361.33
2505 393.33
2506 438.00
2507 445.33
2508 438.67
2509 290.00
2510 359.33
2511 394.67
2512 428.67
2513 356.00
2514 414.00
2515 390.67
2516 372.00
2517 476.67
2518 378.67
2519 340.00
2520 274.67
2521 301.33
2522 311.33
2523 337.33
2524 400.00
2525 396.00
2526 378.00
2527 281.33
2528 281.33
2529 264.00
2530 438.67
2531 333.33
2532 271.33
2533 413.33
2534 346.67
2535 330.67
2536 292.00
2537 304.67
2538 255.33
2539 320.00
2540 276.67
2541 477.33
2542 388.00
2543 311.33
2544 308.00
2545 481.33
2546 396.67
2547 271.33
2548 308.00
2549 338.67
2550 374.00
2551 385.33
2552 329.33
2553 275.33
2554 187.33
2555 378.67
2556 333.33
2557 371.33
2558 193.33
2559 472.67
2560 476.67
2561 262.67
2562 277.33
2563 127.33
2564 376.00
2565 238.67
2566 377.33
2567 284.67
2568 287.33
2569 330.67
2570 346.67
2571 247.33
2572 276.00
2573 321.33
2574 298.67
2575 341.33
2576 300.00
2577 362.67
2578 253.33
2579 292.67
2580 314.67
2581 314.67
2582 299.33
2583 240.67
2584 478.67
2585 285.33
2586 258.00
2587 189.33
2588 246.67
2589 462.00
2590 327.33
2591 254.00
2592 262.67
2593 316.67
2594 347.33
2595 350.00
2596 220.00
2597 380.00
2598 328.00
2599 380.67
2600 248.00
2601 348.00
2602 388.00
2603 327.33
2604 292.67
2605 380.00
2606 240.67
2607 183.33
2608 202.67
2609 410.00
2610 320.67
2611 232.67
2612 364.00
2613 404.00
2614 340.00
2615 396.00
2616 346.00
2617 341.33
2618 240.00
2619 344.00
2620 330.00
2621 333.33
2622 300.67
2623 306.00
2624 294.67
2625 437.33
2626 336.67
2627 242.00
2628 334.67
2629 189.33
2630 500.00
2631 220.00
2632 355.33
2633 228.00
2634 170.00
2635 242.67
2636 267.33
2637 292.67
2638 273.33
2639 326.00
2640 455.33
2641 286.00
2642 453.33
2643 290.00
2644 322.67
2645 415.33
2646 286.00
2647 345.33
2648 339.33
2649 368.00
2650 356.67
2651 306.67
2652 178.00
2653 326.67
2654 340.67
2655 379.33
2656 404.67
2657 296.67
2658 261.33
2659 430.00
2660 432.67
2661 322.00
2662 336.67
2663 343.33
2664 472.67
2665 350.67
2666 344.00
2667 203.33
2668 316.67
2669 328.67
2670 371.33
2671 356.00
2672 352.00
2673 238.00
2674 360.00
2675 300.00
2676 264.67
2677 293.33
2678 352.00
2679 380.00
2680 366.00
2681 323.33
2682 366.00
2683 400.00
2684 129.33
2685 386.00
2686 289.33
2687 314.67
2688 332.00
2689 406.00
2690 364.67
2691 347.33
2692 456.67
2693 494.67
2694 202.00
2695 336.67
2696 381.33
2697 299.33
2698 343.33
2699 366.00
2700 354.67
2701 277.33
2702 323.33
2703 287.33
2704 256.67
2705 406.67
2706 338.00
2707 369.33
2708 303.33
2709 386.00
2710 238.00
2711 313.33
2712 358.00
2713 440.00
2714 439.33
2715 430.67
2716 252.00
2717 348.00
2718 376.67
2719 417.33
2720 306.67
2721 392.00
2722 339.33
2723 360.67
2724 289.33
2725 322.00
2726 271.33
2727 316.00
2728 355.33
2729 282.67
2730 340.00
2731 358.67
2732 333.33
2733 346.67
2734 442.67
2735 247.33
2736 256.67
2737 284.00
2738 421.33
2739 235.33
2740 256.67
2741 336.00
2742 422.00
2743 386.67
2744 306.00
2745 407.33
2746 359.33
2747 444.67
2748 316.67
2749 362.67
2750 378.00
2751 346.67
2752 382.67
2753 382.00
2754 340.67
2755 352.00
2756 294.67
2757 308.00
2758 375.33
2759 420.00
2760 242.00
2761 302.00
2762 266.67
2763 266.00
2764 310.67
2765 436.00
2766 306.67
2767 350.00
2768 290.00
2769 291.33
2770 320.00
2771 320.67
2772 276.67
2773 306.67
2774 322.67
2775 352.67
2776 382.00
2777 272.00
2778 337.33
2779 417.33
2780 484.00
2781 460.00
2782 233.33
2783 205.33
2784 233.33
2785 367.33
2786 376.67
2787 429.33
2788 324.67
2789 236.67
2790 418.00
2791 440.00
2792 310.00
2793 270.00
2794 407.33
2795 304.00
2796 306.00
2797 388.67
2798 355.33
2799 334.67
2800 412.00
2801 356.00
2802 280.00
2803 288.00
2804 356.00
2805 376.00
2806 359.33
2807 162.00
2808 356.00
2809 416.67
2810 242.67
2811 420.00
2812 296.67
2813 300.67
2814 373.33
2815 293.33
2816 385.33
2817 324.00
2818 266.67
2819 378.00
2820 246.00
2821 197.33
2822 410.67
2823 306.67
2824 362.67
2825 346.00
2826 290.67
2827 280.00
2828 286.67
2829 142.00
2830 286.67
2831 290.00
2832 201.33
2833 222.67
2834 284.00
2835 358.00
2836 245.33
2837 244.67
2838 284.67
2839 199.33
2840 339.33
2841 250.67
2842 278.00
2843 198.67
2844 260.00
2845 404.00
2846 254.67
2847 202.00
2848 322.00
2849 219.33
2850 400.00
2851 386.00
2852 450.00
2853 295.33
2854 336.00
2855 397.33
2856 420.00
2857 247.33
2858 314.67
2859 387.33
2860 346.67
2861 422.67
2862 323.33
2863 404.00
2864 400.00
2865 392.00
2866 293.33
2867 372.00
2868 491.33
2869 368.00
2870 360.00
2871 298.00
2872 441.33
2873 328.00
2874 357.33
2875 495.33
2876 445.33
2877 303.33
2878 348.00
2879 247.33
2880 353.33
2881 356.67
2882 450.00
2883 227.33
2884 398.00
2885 335.33
2886 342.00
2887 440.67
2888 404.67
2889 282.00
2890 493.33
2891 376.00
2892 260.67
2893 384.00
2894 244.67
2895 400.67
2896 494.67
2897 355.33
2898 317.33
2899 354.00
2900 380.00
2901 406.00
2902 308.67
2903 402.00
2904 346.00
2905 330.67
2906 291.33
2907 174.00
2908 398.67
2909 380.00
2910 328.00
2911 317.33
2912 311.33
2913 222.00
2914 246.67
2915 354.67
2916 340.67
2917 291.33
2918 431.33
2919 420.00
2920 326.67
2921 382.67
2922 402.00
2923 276.67
2924 390.00
2925 283.33
2926 228.00
2927 296.00
2928 385.33
2929 249.33
2930 302.00
2931 323.33
2932 339.33
2933 278.67
2934 408.00
2935 338.00
2936 332.67
2937 294.67
2938 239.33
2939 276.00
2940 378.00
2941 303.33
2942 260.00
2943 236.00
2944 352.67
2945 338.67
2946 374.00
2947 367.33
2948 238.00
2949 289.33
2950 460.00
2951 332.00
2952 397.33
2953 371.33
2954 270.00
2955 239.33
2956 447.33
2957 439.33
2958 214.67
2959 316.00
2960 238.67
2961 333.33
2962 378.00
2963 203.33
2964 340.67
2965 273.33
2966 413.33
2967 457.33
2968 398.67
2969 324.00
2970 360.67
2971 358.67
2972 269.33
2973 372.67
2974 356.67
2975 360.00
2976 278.67
2977 418.00
2978 458.00
2979 260.67
2980 351.33
2981 399.33
2982 318.00
2983 337.33
2984 480.00
2985 291.33
2986 322.67
2987 303.33
2988 348.67
2989 391.33
2990 412.67
2991 347.33
2992 272.00
2993 392.00
2994 376.00
2995 252.00
2996 300.67
2997 318.00
2998 348.67
2999 278.00
