0 154.67
1 233.33
2 273.33
3 301.33
4 239.33
5 216.67
6 190.00
7 244.67
8 200.00
9 236.00
10 219.33
11 302.67
12 252.67
13 226.67
14 220.00
15 242.00
16 213.33
17 258.00
18 250.67
19 244.67
20 335.33
21 189.33
22 240.67
23 206.00
24 288.00
25 322.67
26 343.33
27 239.33
28 195.33
29 226.00
30 272.00
31 263.33
32 239.33
33 197.33
34 382.00
35 231.33
36 283.33
37 232.00
38 209.33
39 245.33
40 246.67
41 364.67
42 357.33
43 233.33
44 213.33
45 269.33
46 237.33
47 281.33
48 266.00
49 252.67
50 374.00
51 242.00
52 225.33
53 252.00
54 266.67
55 221.33
56 236.67
57 367.33
58 360.00
59 240.67
60 410.67
61 265.33
62 246.67
63 242.00
64 219.33
65 222.00
66 235.33
67 230.00
68 228.00
69 240.67
70 255.33
71 236.00
72 256.67
73 271.33
74 224.67
75 220.00
76 226.00
77 348.67
78 206.00
79 374.00
80 246.67
81 404.67
82 209.33
83 240.67
84 299.33
85 270.67
86 262.00
87 391.33
88 241.33
89 323.33
90 274.67
91 242.67
92 413.33
93 228.00
94 249.33
95 247.33
96 182.00
97 222.67
98 245.33
99 228.67
100 230.67
101 230.00
102 238.00
103 249.33
104 230.67
105 246.67
106 244.00
107 246.67
108 215.33
109 344.00
110 250.00
111 252.00
112 234.67
113 241.33
114 298.67
115 253.33
116 410.67
117 270.67
118 346.00
119 362.67
120 268.00
121 382.67
122 263.33
123 399.33
124 247.33
125 232.00
126 242.67
127 220.67
128 248.00
129 246.67
130 241.33
131 254.67
132 244.67
133 246.67
134 246.00
135 244.00
136 231.33
137 377.33
138 407.33
139 218.67
140 215.33
141 240.00
142 226.00
143 375.33
144 273.33
145 225.33
146 400.00
147 248.67
148 282.00
149 240.00
150 344.00
151 288.00
152 265.33
153 256.00
154 266.00
155 263.33
156 232.00
157 364.00
158 340.67
159 402.00
160 226.00
161 259.33
162 248.00
163 246.00
164 408.67
165 242.67
166 280.67
167 274.00
168 254.67
169 261.33
170 367.33
171 266.67
172 264.67
173 417.33
174 245.33
175 215.33
176 340.67
177 241.33
178 244.00
179 256.67
180 242.00
181 288.00
182 254.67
183 255.33
184 319.33
185 410.67
186 352.67
187 329.33
188 374.67
189 242.00
190 228.67
191 269.33
192 381.33
193 397.33
194 233.33
195 248.67
196 232.67
197 234.67
198 391.33
199 272.67
200 340.00
201 240.00
202 240.00
203 426.00
204 214.67
205 287.33
206 281.33
207 265.33
208 364.67
209 207.33
210 266.67
211 251.33
212 306.67
213 246.00
214 232.67
215 235.33
216 245.33
217 257.33
218 215.33
219 226.67
220 263.33
221 302.00
222 261.33
223 251.33
224 229.33
225 211.33
226 320.00
227 274.67
228 212.67
229 225.33
230 255.33
231 230.67
232 260.67
233 224.67
234 228.00
235 238.00
236 242.67
237 181.33
238 275.33
239 254.67
240 258.67
241 246.00
242 250.00
243 223.33
244 206.00
245 234.67
246 190.00
247 194.67
248 222.67
249 232.00
250 354.67
251 221.33
252 245.33
253 241.33
254 256.67
255 273.33
256 307.33
257 280.67
258 248.00
259 236.00
260 231.33
261 256.67
262 330.00
263 238.00
264 227.33
265 263.33
266 241.33
267 238.67
268 300.67
269 273.33
270 338.67
271 382.67
272 246.00
273 266.67
274 270.67
275 295.33
276 254.00
277 292.67
278 249.33
279 305.33
280 213.33
281 313.33
282 382.67
283 302.67
284 382.00
285 335.33
286 262.00
287 286.00
288 280.67
289 416.67
290 404.67
291 290.00
292 222.00
293 272.00
294 314.00
295 376.67
296 343.33
297 334.67
298 236.00
299 240.67
300 272.00
301 287.33
302 392.00
303 264.67
304 373.33
305 264.67
306 305.33
307 228.00
308 434.00
309 301.33
310 272.00
311 288.00
312 262.67
313 315.33
314 274.00
315 254.67
316 277.33
317 224.00
318 375.33
319 265.33
320 287.33
321 286.00
322 262.67
323 328.00
324 305.33
325 349.33
326 272.67
327 306.67
328 249.33
329 294.67
330 252.67
331 306.67
332 280.00
333 334.67
334 230.00
335 292.00
336 268.00
337 339.33
338 286.67
339 304.00
340 304.67
341 273.33
342 279.33
343 273.33
344 383.33
345 287.33
346 280.00
347 278.67
348 432.00
349 274.00
350 274.67
351 291.33
352 310.67
353 345.33
354 266.67
355 390.00
356 274.00
357 303.33
358 254.00
359 302.67
360 278.67
361 245.33
362 262.67
363 343.33
364 306.00
365 248.67
366 260.00
367 360.00
368 285.33
369 267.33
370 350.67
371 260.67
372 275.33
373 276.67
374 280.67
375 252.00
376 242.00
377 262.00
378 262.67
379 252.67
380 262.00
381 264.67
382 398.67
383 285.33
384 386.67
385 273.33
386 266.00
387 304.67
388 297.33
389 272.67
390 270.00
391 240.00
392 251.33
393 353.33
394 272.00
395 188.00
396 228.67
397 275.33
398 256.00
399 381.33
400 240.00
401 220.00
402 398.67
403 248.00
404 252.67
405 253.33
406 375.33
407 228.00
408 324.67
409 240.00
410 284.00
411 268.67
412 283.33
413 287.33
414 284.00
415 252.67
416 268.67
417 184.67
418 206.67
419 243.33
420 335.33
421 267.33
422 313.33
423 244.67
424 285.33
425 208.67
426 299.33
427 308.00
428 261.33
429 258.67
430 270.00
431 306.67
432 373.33
433 346.67
434 292.67
435 324.67
436 271.33
437 317.33
438 330.00
439 290.00
440 328.67
441 278.67
442 318.67
443 239.33
444 286.67
445 294.67
446 374.00
447 361.33
448 431.33
449 366.00
450 360.67
451 442.67
452 206.67
453 306.00
454 264.00
455 316.00
456 328.67
457 254.00
458 227.33
459 314.67
460 339.33
461 240.67
462 286.67
463 308.67
464 360.00
465 270.67
466 369.33
467 317.33
468 337.33
469 292.67
470 222.67
471 312.67
472 268.67
473 354.00
474 245.33
475 254.67
476 326.67
477 274.00
478 325.33
479 347.33
480 376.67
481 242.00
482 269.33
483 234.00
484 272.00
485 250.00
486 258.67
487 272.00
488 292.00
489 372.67
490 308.67
491 335.33
492 344.67
493 342.00
494 344.00
495 310.00
496 275.33
497 253.33
498 298.67
499 276.67
500 334.00
501 368.00
502 330.00
503 273.33
504 328.00
505 238.67
506 326.67
507 235.33
508 288.00
509 255.33
510 328.00
511 322.00
512 334.67
513 358.00
514 301.33
515 428.00
516 258.67
517 267.33
518 462.67
519 349.33
520 276.00
521 260.67
522 258.67
523 245.33
524 306.67
525 394.67
526 342.00
527 222.00
528 323.33
529 362.00
530 326.67
531 324.00
532 230.67
533 297.33
534 294.67
535 357.33
536 387.33
537 270.67
538 282.67
539 329.33
540 284.67
541 294.00
542 409.33
543 290.00
544 348.67
545 280.00
546 460.00
547 352.00
548 256.00
549 286.67
550 288.67
551 338.67
552 334.00
553 348.00
554 370.67
555 310.67
556 284.67
557 290.67
558 362.00
559 294.67
560 247.33
561 392.67
562 393.33
563 456.00
564 336.67
565 260.67
566 297.33
567 286.67
568 352.67
569 278.00
570 259.33
571 250.00
572 285.33
573 386.67
574 300.00
575 326.67
576 390.00
577 272.00
578 296.00
579 403.33
580 294.67
581 288.67
582 278.67
583 436.67
584 250.67
585 196.67
586 314.67
587 326.00
588 272.67
589 367.33
590 358.00
591 358.00
592 280.67
593 342.00
594 308.00
595 286.00
596 334.67
597 309.33
598 393.33
599 230.00
600 353.33
601 400.00
602 420.00
603 340.00
604 400.00
605 360.00
606 420.00
607 200.00
608 240.00
609 434.00
610 225.33
611 344.00
612 278.00
613 363.33
614 273.33
615 324.67
616 305.33
617 344.00
618 353.33
619 228.00
620 219.33
621 401.33
622 262.67
623 280.00
624 240.00
625 351.33
626 258.67
627 294.67
628 356.67
629 279.33
630 295.33
631 261.33
632 226.67
633 337.33
634 363.33
635 390.00
636 373.33
637 309.33
638 404.67
639 204.00
640 344.00
641 246.00
642 326.00
643 366.00
644 239.33
645 227.33
646 240.67
647 486.00
648 438.67
649 424.00
650 363.33
651 259.33
652 450.00
653 370.00
654 429.33
655 314.00
656 340.00
657 409.33
658 356.67
659 376.00
660 348.00
661 278.67
662 422.67
663 352.67
664 224.67
665 439.33
666 199.33
667 348.00
668 350.67
669 336.00
670 240.67
671 334.00
672 478.00
673 352.67
674 278.00
675 252.00
676 356.67
677 363.33
678 242.00
679 339.33
680 262.67
681 372.00
682 250.67
683 250.67
684 330.67
685 373.33
686 287.33
687 332.67
688 438.67
689 441.33
690 348.00
691 390.67
692 230.67
693 266.00
694 248.67
695 262.67
696 224.67
697 264.00
698 250.00
699 270.67
700 302.00
701 238.67
702 357.33
703 366.00
704 289.33
705 251.33
706 366.67
707 422.67
708 268.67
709 350.67
710 228.67
711 266.00
712 268.00
713 386.00
714 298.00
715 360.00
716 294.67
717 265.33
718 339.33
719 342.67
720 436.00
721 342.00
722 361.33
723 358.00
724 238.67
725 272.67
726 387.33
727 366.67
728 291.33
729 320.67
730 320.00
731 338.67
732 231.33
733 336.67
734 325.33
735 224.67
736 224.67
737 258.00
738 278.67
739 228.00
740 287.33
741 308.67
742 230.00
743 216.00
744 334.00
745 369.33
746 380.00
747 313.33
748 372.67
749 220.67
750 326.67
751 377.33
752 391.33
753 364.67
754 326.00
755 233.33
756 359.33
757 227.33
758 222.67
759 422.00
760 300.00
761 350.67
762 338.67
763 327.33
764 410.67
765 438.00
766 340.67
767 435.33
768 465.33
769 498.67
770 344.67
771 367.33
772 233.33
773 238.00
774 295.33
775 323.33
776 295.33
777 338.67
778 338.00
779 452.67
780 400.67
781 223.33
782 457.33
783 368.00
784 343.33
785 388.67
786 320.00
787 388.00
788 398.00
789 260.67
790 220.00
791 451.33
792 256.67
793 314.00
794 217.33
795 376.67
796 324.00
797 356.67
798 226.67
799 370.00
800 380.00
801 340.00
802 380.00
803 400.00
804 400.00
805 380.00
806 336.67
807 220.00
808 346.67
809 250.67
810 406.00
811 251.33
812 312.67
813 284.67
814 354.00
815 264.67
816 416.67
817 248.00
818 258.67
819 308.67
820 315.33
821 399.33
822 398.67
823 247.33
824 273.33
825 210.67
826 304.00
827 260.00
828 290.67
829 288.00
830 346.67
831 212.67
832 424.00
833 316.00
834 274.67
835 309.33
836 366.67
837 306.00
838 301.33
839 335.33
840 314.67
841 276.67
842 375.33
843 286.00
844 270.00
845 269.33
846 344.00
847 262.00
848 229.33
849 265.33
850 269.33
851 298.00
852 272.67
853 303.33
854 385.33
855 312.00
856 288.67
857 294.67
858 293.33
859 224.67
860 286.00
861 336.00
862 340.67
863 252.00
864 335.33
865 302.67
866 238.67
867 224.00
868 299.33
869 253.33
870 284.67
871 326.00
872 452.00
873 390.00
874 404.67
875 302.67
876 252.67
877 364.00
878 398.00
879 458.00
880 367.33
881 323.33
882 380.67
883 387.33
884 416.67
885 448.67
886 335.33
887 232.00
888 284.00
889 210.00
890 357.33
891 371.33
892 245.33
893 242.67
894 378.67
895 403.33
896 321.33
897 392.00
898 384.67
899 284.67
900 358.67
901 399.33
902 298.00
903 292.67
904 422.00
905 246.00
906 340.00
907 314.67
908 439.33
909 344.00
910 364.67
911 406.00
912 326.67
913 268.00
914 244.00
915 227.33
916 232.00
917 233.33
918 246.67
919 316.67
920 326.67
921 380.67
922 286.00
923 332.00
924 280.67
925 300.67
926 268.67
927 377.33
928 304.00
929 366.00
930 294.00
931 314.00
932 269.33
933 340.67
934 336.67
935 382.00
936 222.00
937 306.00
938 333.33
939 372.00
940 230.00
941 353.33
942 358.00
943 261.33
944 444.00
945 394.00
946 311.33
947 376.00
948 358.67
949 338.00
950 300.67
951 319.33
952 298.00
953 429.33
954 458.00
955 275.33
956 350.00
957 320.67
958 260.00
959 263.33
960 376.00
961 309.33
962 380.00
963 469.33
964 324.67
965 264.67
966 374.00
967 272.67
968 348.00
969 427.33
970 428.00
971 411.33
972 324.00
973 328.67
974 183.33
975 302.00
976 321.33
977 356.00
978 313.33
979 350.67
980 341.33
981 301.33
982 229.33
983 404.67
984 216.67
985 325.33
986 358.00
987 340.00
988 317.33
989 314.67
990 280.00
991 324.00
992 394.67
993 280.67
994 352.67
995 307.33
996 321.33
997 321.33
998 241.33
999 390.00
1000 228.67
1001 231.33
1002 359.33
1003 400.00
1004 315.33
1005 378.00
1006 244.67
1007 378.67
1008 440.00
1009 350.67
1010 270.67
1011 354.67
1012 402.67
1013 317.33
1014 311.33
1015 409.33
1016 239.33
1017 324.00
1018 236.67
1019 358.67
1020 334.67
1021 261.33
1022 302.00
1023 287.33
1024 270.00
1025 332.67
1026 361.33
1027 230.00
1028 332.00
1029 390.00
1030 294.67
1031 306.00
1032 232.67
1033 363.33
1034 345.33
1035 284.67
1036 374.67
1037 372.67
1038 396.00
1039 367.33
1040 444.00
1041 236.00
1042 242.67
1043 320.00
1044 260.67
1045 304.00
1046 331.33
1047 268.67
1048 227.33
1049 280.00
1050 280.67
1051 396.00
1052 226.00
1053 246.67
1054 260.67
1055 423.33
1056 427.33
1057 222.67
1058 248.00
1059 335.33
1060 353.33
1061 344.00
1062 208.00
1063 236.00
1064 368.67
1065 336.67
1066 352.00
1067 349.33
1068 240.00
1069 326.67
1070 310.00
1071 288.67
1072 259.33
1073 283.33
1074 278.00
1075 280.00
1076 288.67
1077 285.33
1078 214.00
1079 366.00
1080 328.67
1081 292.67
1082 174.00
1083 218.00
1084 341.33
1085 248.67
1086 238.00
1087 326.00
1088 349.33
1089 252.67
1090 409.33
1091 334.00
1092 262.00
1093 297.33
1094 231.33
1095 240.67
1096 325.33
1097 305.33
1098 242.67
1099 265.33
1100 308.00
1101 260.67
1102 305.33
1103 312.67
1104 428.00
1105 306.67
1106 250.67
1107 328.00
1108 360.00
1109 310.67
1110 311.33
1111 252.00
1112 312.67
1113 359.33
1114 344.67
1115 398.67
1116 318.67
1117 392.00
1118 378.00
1119 256.00
1120 258.00
1121 228.00
1122 364.00
1123 368.67
1124 350.67
1125 214.00
1126 246.00
1127 230.00
1128 251.33
1129 198.67
1130 233.33
1131 346.00
1132 328.67
1133 316.00
1134 303.33
1135 362.00
1136 319.33
1137 355.33
1138 340.67
1139 306.00
1140 402.00
1141 322.67
1142 337.33
1143 445.33
1144 380.00
1145 242.67
1146 347.33
1147 354.67
1148 388.00
1149 380.67
1150 354.67
1151 286.67
1152 375.33
1153 283.33
1154 382.00
1155 394.67
1156 228.00
1157 340.67
1158 262.67
1159 266.00
1160 343.33
1161 261.33
1162 370.67
1163 355.33
1164 394.67
1165 325.33
1166 394.67
1167 278.00
1168 351.33
1169 368.67
1170 244.00
1171 260.67
1172 376.00
1173 354.67
1174 374.00
1175 397.33
1176 280.67
1177 289.33
1178 246.67
1179 284.00
1180 394.67
1181 248.00
1182 237.33
1183 314.67
1184 271.33
1185 423.33
1186 389.33
1187 286.67
1188 338.00
1189 360.67
1190 254.00
1191 326.00
1192 328.00
1193 245.33
1194 244.67
1195 202.67
1196 327.33
1197 450.00
1198 254.67
1199 373.33
1200 400.00
1201 397.33
1202 441.33
1203 374.00
1204 474.67
1205 288.00
1206 340.00
1207 374.00
1208 169.33
1209 345.33
1210 378.67
1211 342.00
1212 270.00
1213 368.00
1214 258.00
1215 246.00
1216 172.67
1217 220.67
1218 199.33
1219 171.33
1220 329.33
1221 236.67
1222 412.67
1223 237.33
1224 424.67
1225 316.00
1226 343.33
1227 284.00
1228 398.00
1229 302.00
1230 267.33
1231 364.67
1232 202.67
1233 252.67
1234 476.67
1235 278.67
1236 357.33
1237 210.67
1238 433.33
1239 431.33
1240 444.67
1241 315.33
1242 296.67
1243 250.67
1244 237.33
1245 429.33
1246 302.00
1247 342.00
1248 394.67
1249 458.67
1250 292.67
1251 384.00
1252 310.00
1253 362.67
1254 344.67
1255 356.00
1256 300.67
1257 307.33
1258 244.00
1259 245.33
1260 297.33
1261 367.33
1262 368.00
1263 340.67
1264 323.33
1265 316.00
1266 244.00
1267 218.67
1268 377.33
1269 364.00
1270 266.00
1271 360.00
1272 248.67
1273 365.33
1274 378.67
1275 314.00
1276 253.33
1277 280.00
1278 319.33
1279 338.00
1280 342.67
1281 252.67
1282 290.67
1283 349.33
1284 456.00
1285 430.67
1286 380.00
1287 256.00
1288 203.33
1289 458.00
1290 396.00
1291 359.33
1292 364.67
1293 290.67
1294 220.00
1295 291.33
1296 264.00
1297 318.00
1298 278.67
1299 436.00
1300 318.00
1301 395.33
1302 361.33
1303 345.33
1304 241.33
1305 154.00
1306 400.00
1307 289.33
1308 166.67
1309 257.33
1310 283.33
1311 314.00
1312 364.00
1313 296.00
1314 471.33
1315 365.33
1316 382.00
1317 485.33
1318 329.33
1319 240.00
1320 270.00
1321 321.33
1322 246.00
1323 264.67
1324 328.00
1325 328.00
1326 317.33
1327 228.00
1328 393.33
1329 350.00
1330 254.67
1331 360.00
1332 269.33
1333 226.00
1334 353.33
1335 376.67
1336 455.33
1337 491.33
1338 368.00
1339 424.67
1340 313.33
1341 437.33
1342 304.00
1343 358.67
1344 326.00
1345 230.00
1346 366.00
1347 244.00
1348 360.00
1349 426.00
1350 289.33
1351 268.00
1352 226.67
1353 354.67
1354 332.67
1355 412.00
1356 262.00
1357 353.33
1358 348.00
1359 349.33
1360 315.33
1361 236.00
1362 286.67
1363 288.00
1364 244.00
1365 230.00
1366 308.67
1367 346.67
1368 347.33
1369 312.00
1370 255.33
1371 209.33
1372 462.67
1373 271.33
1374 316.00
1375 258.00
1376 400.67
1377 310.67
1378 359.33
1379 364.00
1380 284.67
1381 384.00
1382 383.33
1383 357.33
1384 344.67
1385 434.00
1386 367.33
1387 335.33
1388 375.33
1389 262.00
1390 398.67
1391 277.33
1392 398.00
1393 304.67
1394 323.33
1395 292.00
1396 454.00
1397 285.33
1398 396.67
1399 270.00
1400 260.00
1401 308.67
1402 261.33
1403 316.00
1404 218.67
1405 434.67
1406 333.33
1407 374.00
1408 235.33
1409 418.67
1410 240.00
1411 480.00
1412 230.67
1413 240.00
1414 240.00
1415 420.00
1416 242.67
1417 387.33
1418 372.67
1419 240.67
1420 330.67
1421 355.33
1422 320.00
1423 242.67
1424 200.00
1425 225.33
1426 308.00
1427 417.33
1428 220.00
1429 317.33
1430 315.33
1431 318.00
1432 311.33
1433 261.33
1434 341.33
1435 228.00
1436 229.33
1437 384.67
1438 324.00
1439 414.67
1440 328.00
1441 378.00
1442 266.00
1443 340.00
1444 292.00
1445 459.33
1446 370.00
1447 264.00
1448 433.33
1449 291.33
1450 265.33
1451 402.67
1452 341.33
1453 435.33
1454 334.67
1455 426.67
1456 258.00
1457 437.33
1458 244.00
1459 312.00
1460 296.00
1461 252.67
1462 348.67
1463 231.33
1464 222.00
1465 282.67
1466 223.33
1467 369.33
1468 318.67
1469 452.00
1470 363.33
1471 260.00
1472 212.67
1473 232.67
1474 311.33
1475 437.33
1476 262.00
1477 324.67
1478 268.67
1479 300.67
1480 338.67
1481 336.00
1482 320.67
1483 406.67
1484 275.33
1485 246.00
1486 346.00
1487 358.00
1488 310.00
1489 218.67
1490 398.00
1491 217.33
1492 342.67
1493 474.67
1494 474.67
1495 358.67
1496 390.67
1497 349.33
1498 343.33
1499 456.67
1500 250.00
1501 378.67
1502 214.67
1503 294.00
1504 356.00
1505 300.00
1506 362.00
1507 328.00
1508 400.67
1509 404.67
1510 435.33
1511 208.00
1512 368.67
1513 460.00
1514 354.00
1515 316.67
1516 254.00
1517 380.00
1518 400.67
1519 341.33
1520 374.67
1521 380.00
1522 352.00
1523 263.33
1524 352.67
1525 273.33
1526 293.33
1527 342.67
1528 363.33
1529 222.67
1530 344.00
1531 453.33
1532 344.67
1533 346.00
1534 406.00
1535 373.33
1536 276.00
1537 349.33
1538 286.67
1539 227.33
1540 350.67
1541 414.00
1542 232.00
1543 320.67
1544 464.00
1545 278.00
1546 257.33
1547 218.00
1548 472.00
1549 466.67
1550 237.33
1551 244.00
1552 309.33
1553 400.00
1554 348.67
1555 407.33
1556 332.67
1557 358.00
1558 240.67
1559 218.00
1560 402.67
1561 384.00
1562 220.67
1563 355.33
1564 329.33
1565 295.33
1566 379.33
1567 468.67
1568 310.00
1569 324.67
1570 227.33
1571 316.00
1572 279.33
1573 337.33
1574 347.33
1575 268.67
1576 332.67
1577 296.00
1578 338.67
1579 413.33
1580 419.33
1581 416.00
1582 307.33
1583 264.67
1584 296.00
1585 360.67
1586 325.33
1587 338.67
1588 232.00
1589 253.33
1590 395.33
1591 313.33
1592 410.00
1593 217.33
1594 285.33
1595 475.33
1596 355.33
1597 320.67
1598 259.33
1599 244.00
1600 480.00
1601 240.00
1602 232.00
1603 330.00
1604 475.33
1605 217.33
1606 380.00
1607 500.00
1608 324.00
1609 220.00
1610 348.00
1611 380.00
1612 394.67
1613 421.33
1614 398.67
1615 480.00
1616 406.00
1617 298.67
1618 220.00
1619 378.67
1620 444.67
1621 441.33
1622 439.33
1623 370.00
1624 240.00
1625 328.67
1626 389.33
1627 220.00
1628 236.67
1629 329.33
1630 329.33
1631 429.33
1632 458.67
1633 445.33
1634 217.33
1635 445.33
1636 280.67
1637 276.00
1638 448.67
1639 219.33
1640 420.00
1641 363.33
1642 448.67
1643 235.33
1644 382.67
1645 414.67
1646 252.67
1647 218.67
1648 455.33
1649 332.67
1650 360.67
1651 319.33
1652 434.00
1653 366.67
1654 442.67
1655 437.33
1656 340.00
1657 407.33
1658 370.00
1659 277.33
1660 294.67
1661 358.00
1662 430.67
1663 386.00
1664 354.67
1665 283.33
1666 371.33
1667 359.33
1668 355.33
1669 394.67
1670 206.00
1671 239.33
1672 268.67
1673 227.33
1674 358.00
1675 319.33
1676 272.00
1677 439.33
1678 285.33
1679 256.67
1680 263.33
1681 406.67
1682 388.67
1683 247.33
1684 280.67
1685 361.33
1686 240.67
1687 282.67
1688 340.00
1689 416.00
1690 314.67
1691 329.33
1692 383.33
1693 328.00
1694 284.67
1695 265.33
1696 402.00
1697 301.33
1698 342.67
1699 372.67
1700 229.33
1701 390.67
1702 462.67
1703 441.33
1704 346.67
1705 332.67
1706 412.67
1707 266.00
1708 358.00
1709 360.00
1710 206.00
1711 369.33
1712 393.33
1713 372.67
1714 363.33
1715 398.67
1716 264.67
1717 280.00
1718 334.00
1719 361.33
1720 396.00
1721 345.33
1722 348.67
1723 389.33
1724 360.67
1725 354.00
1726 352.67
1727 470.67
1728 276.00
1729 434.00
1730 464.67
1731 376.67
1732 384.00
1733 213.33
1734 211.33
1735 366.00
1736 462.67
1737 287.33
1738 348.00
1739 250.00
1740 460.67
1741 326.00
1742 310.67
1743 410.00
1744 336.67
1745 250.67
1746 329.33
1747 290.00
1748 324.00
1749 191.33
1750 366.00
1751 388.67
1752 334.00
1753 412.67
1754 186.67
1755 308.00
1756 480.00
1757 227.33
1758 401.33
1759 388.00
1760 396.00
1761 347.33
1762 274.67
1763 192.00
1764 487.33
1765 470.67
1766 238.67
1767 342.67
1768 258.00
1769 367.33
1770 310.00
1771 388.67
1772 332.67
1773 408.00
1774 332.67
1775 245.33
1776 336.00
1777 358.67
1778 254.00
1779 352.00
1780 260.67
1781 303.33
1782 309.33
1783 237.33
1784 364.67
1785 324.00
1786 336.67
1787 315.33
1788 283.33
1789 339.33
1790 309.33
1791 360.00
1792 475.33
1793 402.67
1794 378.67
1795 302.00
1796 355.33
1797 356.00
1798 286.00
1799 270.67
1800 365.33
1801 354.67
1802 369.33
1803 478.00
1804 398.00
1805 402.00
1806 338.00
1807 360.67
1808 453.33
1809 428.00
1810 390.00
1811 286.00
1812 252.00
1813 308.67
1814 377.33
1815 316.67
1816 273.33
1817 272.00
1818 345.33
1819 348.67
1820 299.33
1821 392.00
1822 359.33
1823 449.33
1824 260.00
1825 392.67
1826 266.67
1827 388.67
1828 304.67
1829 409.33
1830 324.00
1831 385.33
1832 306.00
1833 379.33
1834 329.33
1835 356.00
1836 255.33
1837 242.67
1838 313.33
1839 228.00
1840 215.33
1841 228.67
1842 360.67
1843 284.00
1844 251.33
1845 270.00
1846 291.33
1847 134.00
1848 299.33
1849 334.67
1850 268.00
1851 345.33
1852 320.00
1853 271.33
1854 206.00
1855 330.00
1856 288.67
1857 309.33
1858 322.67
1859 222.67
1860 370.67
1861 424.67
1862 422.67
1863 397.33
1864 335.33
1865 406.00
1866 286.00
1867 435.33
1868 396.67
1869 238.67
1870 376.67
1871 345.33
1872 340.00
1873 240.67
1874 418.00
1875 321.33
1876 351.33
1877 206.67
1878 340.67
1879 308.00
1880 344.00
1881 324.00
1882 408.67
1883 363.33
1884 408.67
1885 428.00
1886 260.00
1887 174.67
1888 434.67
1889 346.67
1890 407.33
1891 378.00
1892 458.67
1893 466.67
1894 221.33
1895 466.00
1896 286.00
1897 331.33
1898 396.67
1899 260.00
1900 230.67
1901 416.67
1902 338.67
1903 252.67
1904 367.33
1905 256.67
1906 380.67
1907 330.00
1908 350.67
1909 357.33
1910 358.67
1911 452.00
1912 419.33
1913 298.00
1914 458.00
1915 420.00
1916 313.33
1917 382.00
1918 287.33
1919 292.00
1920 261.33
1921 330.00
1922 254.00
1923 370.00
1924 364.67
1925 248.00
1926 259.33
1927 346.00
1928 368.00
1929 378.00
1930 404.67
1931 392.00
1932 394.00
1933 404.00
1934 396.00
1935 368.00
1936 226.00
1937 388.67
1938 253.33
1939 394.67
1940 291.33
1941 424.67
1942 367.33
1943 436.00
1944 430.00
1945 436.00
1946 340.67
1947 312.67
1948 318.67
1949 362.67
1950 364.67
1951 454.67
1952 386.67
1953 405.33
1954 389.33
1955 406.67
1956 243.33
1957 384.00
1958 261.33
1959 430.67
1960 490.00
1961 411.33
1962 230.67
1963 386.00
1964 229.33
1965 318.67
1966 358.00
1967 257.33
1968 349.33
1969 217.33
1970 422.00
1971 312.00
1972 334.00
1973 490.00
1974 334.67
1975 458.67
1976 452.00
1977 334.67
1978 299.33
1979 204.67
1980 201.33
1981 494.00
1982 408.00
1983 339.33
1984 299.33
1985 398.00
1986 292.67
1987 322.67
1988 303.33
1989 435.33
1990 322.00
1991 418.00
1992 330.67
1993 202.67
1994 462.00
1995 322.00
1996 304.00
1997 395.33
1998 368.67
1999 368.00
2000 404.00
2001 440.00
2002 445.33
2003 476.67
2004 460.00
2005 408.00
2006 309.33
2007 156.00
2008 385.33
2009 318.00
2010 391.33
2011 406.00
2012 389.33
2013 367.33
2014 226.00
2015 455.33
2016 382.67
2017 477.33
2018 369.33
2019 210.67
2020 415.33
2021 390.00
2022 357.33
2023 431.33
2024 409.33
2025 345.33
2026 470.00
2027 281.33
2028 397.33
2029 259.33
2030 297.33
2031 230.00
2032 256.67
2033 370.67
2034 244.67
2035 219.33
2036 446.67
2037 355.33
2038 300.00
2039 302.00
2040 280.00
2041 334.00
2042 383.33
2043 364.00
2044 332.00
2045 476.00
2046 391.33
2047 341.33
2048 338.00
2049 303.33
2050 308.00
2051 338.67
2052 199.33
2053 278.67
2054 420.00
2055 270.67
2056 234.67
2057 384.67
2058 455.33
2059 338.67
2060 322.00
2061 339.33
2062 320.00
2063 412.67
2064 272.00
2065 328.00
2066 344.67
2067 356.67
2068 398.67
2069 315.33
2070 344.00
2071 338.67
2072 258.00
2073 293.33
2074 250.67
2075 352.67
2076 338.00
2077 293.33
2078 303.33
2079 390.67
2080 337.33
2081 258.00
2082 260.67
2083 300.67
2084 314.67
2085 315.33
2086 312.67
2087 308.00
2088 204.67
2089 337.33
2090 452.00
2091 267.33
2092 383.33
2093 370.00
2094 340.67
2095 239.33
2096 259.33
2097 228.67
2098 244.67
2099 381.33
2100 252.00
2101 318.00
2102 358.00
2103 341.33
2104 328.67
2105 360.00
2106 302.00
2107 338.00
2108 407.33
2109 405.33
2110 448.67
2111 388.00
2112 238.67
2113 338.00
2114 204.00
2115 312.00
2116 335.33
2117 369.33
2118 413.33
2119 342.00
2120 286.00
2121 274.67
2122 448.00
2123 296.00
2124 276.67
2125 404.67
2126 320.67
2127 288.67
2128 436.00
2129 235.33
2130 342.00
2131 358.67
2132 450.67
2133 354.67
2134 366.67
2135 347.33
2136 386.00
2137 406.00
2138 398.67
2139 378.67
2140 266.67
2141 294.67
2142 281.33
2143 288.00
2144 200.67
2145 338.67
2146 362.67
2147 280.67
2148 242.00
2149 368.00
2150 371.33
2151 421.33
2152 318.00
2153 376.67
2154 341.33
2155 307.33
2156 352.00
2157 308.00
2158 366.00
2159 317.33
2160 255.33
2161 336.00
2162 340.00
2163 419.33
2164 348.67
2165 349.33
2166 346.67
2167 370.67
2168 380.00
2169 359.33
2170 269.33
2171 312.67
2172 400.00
2173 254.00
2174 238.67
2175 358.67
2176 225.33
2177 263.33
2178 424.67
2179 360.00
2180 376.67
2181 358.00
2182 295.33
2183 447.33
2184 335.33
2185 294.00
2186 262.67
2187 344.00
2188 334.00
2189 443.33
2190 401.33
2191 261.33
2192 362.00
2193 393.33
2194 184.00
2195 208.67
2196 385.33
2197 240.00
2198 366.00
2199 378.67
2200 304.00
2201 363.33
2202 268.67
2203 228.00
2204 405.33
2205 355.33
2206 329.33
2207 308.00
2208 410.67
2209 286.00
2210 286.00
2211 244.00
2212 390.00
2213 400.00
2214 390.67
2215 253.33
2216 406.67
2217 432.00
2218 261.33
2219 382.67
2220 309.33
2221 360.00
2222 339.33
2223 383.33
2224 282.67
2225 500.00
2226 304.00
2227 375.33
2228 346.67
2229 243.33
2230 398.00
2231 162.00
2232 492.67
2233 262.00
2234 366.00
2235 358.00
2236 332.00
2237 401.33
2238 195.33
2239 228.00
2240 434.67
2241 348.00
2242 324.00
2243 212.67
2244 230.67
2245 315.33
2246 241.33
2247 364.00
2248 268.67
2249 368.67
2250 288.00
2251 356.00
2252 369.33
2253 371.33
2254 300.67
2255 460.00
2256 448.00
2257 195.33
2258 293.33
2259 316.67
2260 408.00
2261 273.33
2262 298.00
2263 392.00
2264 272.00
2265 474.67
2266 432.67
2267 280.67
2268 330.67
2269 342.67
2270 442.00
2271 232.67
2272 288.00
2273 450.67
2274 452.67
2275 318.67
2276 440.67
2277 282.00
2278 283.33
2279 343.33
2280 500.00
2281 237.33
2282 305.33
2283 349.33
2284 369.33
2285 368.67
2286 322.00
2287 358.00
2288 284.00
2289 433.33
2290 435.33
2291 285.33
2292 301.33
2293 304.00
2294 300.67
2295 434.00
2296 256.67
2297 404.67
2298 260.00
2299 312.00
2300 407.33
2301 326.00
2302 274.00
2303 299.33
2304 500.00
2305 371.33
2306 358.00
2307 247.33
2308 372.67
2309 374.67
2310 210.67
2311 477.33
2312 437.33
2313 263.33
2314 260.67
2315 262.00
2316 454.00
2317 411.33
2318 270.00
2319 477.33
2320 270.67
2321 439.33
2322 299.33
2323 370.00
2324 301.33
2325 340.00
2326 394.67
2327 210.67
2328 325.33
2329 397.33
2330 252.00
2331 316.00
2332 296.67
2333 316.00
2334 286.00
2335 472.00
2336 355.33
2337 414.67
2338 338.00
2339 332.00
2340 220.67
2341 372.00
2342 170.67
2343 318.67
2344 247.33
2345 385.33
2346 288.00
2347 340.00
2348 251.33
2349 344.00
2350 257.33
2351 295.33
2352 418.67
2353 368.67
2354 353.33
2355 253.33
2356 325.33
2357 286.67
2358 312.67
2359 328.00
2360 343.33
2361 394.00
2362 292.67
2363 227.33
2364 399.33
2365 302.67
2366 296.00
2367 255.33
2368 259.33
2369 206.67
2370 232.00
2371 358.67
2372 274.00
2373 329.33
2374 278.00
2375 345.33
2376 354.67
2377 271.33
2378 373.33
2379 351.33
2380 310.67
2381 386.67
2382 304.00
2383 360.67
2384 218.00
2385 334.67
2386 195.33
2387 314.00
2388 255.33
2389 410.00
2390 309.33
2391 343.33
2392 266.67
2393 335.33
2394 477.33
2395 307.33
2396 259.33
2397 254.00
2398 183.33
2399 260.00
2400 314.67
2401 460.00
2402 374.67
2403 280.00
2404 267.33
2405 144.00
2406 359.33
2407 460.00
2408 358.67
2409 342.00
2410 424.00
2411 342.67
2412 184.00
2413 241.33
2414 270.67
2415 252.00
2416 261.33
2417 290.00
2418 200.00
2419 194.67
2420 368.67
2421 416.67
2422 326.67
2423 214.00
2424 237.33
2425 440.00
2426 264.00
2427 286.00
2428 308.67
2429 225.33
2430 344.67
2431 380.67
2432 318.00
2433 302.67
2434 300.00
2435 240.67
2436 302.67
2437 252.67
2438 281.33
2439 221.33
2440 249.33
2441 318.67
2442 204.00
2443 197.33
2444 307.33
2445 308.00
2446 420.67
2447 216.67
2448 306.67
2449 290.00
2450 417.33
2451 500.00
2452 308.67
2453 370.67
2454 296.67
2455 238.00
2456 380.00
2457 324.00
2458 354.67
2459 250.67
2460 220.67
2461 387.33
2462 324.00
2463 318.67
2464 310.00
2465 286.67
2466 408.00
2467 198.00
2468 296.67
2469 248.67
2470 391.33
2471 248.67
2472 338.00
2473 423.33
2474 356.00
2475 240.00
2476 317.33
2477 365.33
2478 400.00
2479 249.33
2480 329.33
2481 422.67
2482 216.00
2483 372.00
2484 410.00
2485 287.33
2486 369.33
2487 283.33
2488 367.33
2489 236.67
2490 439.33
2491 361.33
2492 208.00
2493 377.33
2494 244.67
2495 302.67
2496 438.67
2497 301.33
2498 387.33
2499 323.33
2500 256.67
2501 478.00
2502 394.67
2503 354.00
2504 348.67
2505 362.67
2506 286.00
2507 248.67
2508 268.67
2509 242.67
2510 279.33
2511 256.00
2512 198.67
2513 487.33
2514 385.33
2515 248.67
2516 350.00
2517 332.00
2518 261.33
2519 317.33
2520 257.33
2521 360.00
2522 357.33
2523 327.33
2524 311.33
2525 329.33
2526 317.33
2527 220.00
2528 390.00
2529 262.67
2530 293.33
2531 266.00
2532 438.00
2533 296.67
2534 438.67
2535 474.67
2536 274.00
2537 417.33
2538 358.67
2539 329.33
2540 296.67
2541 382.00
2542 422.67
2543 360.00
2544 269.33
2545 311.33
2546 321.33
2547 322.00
2548 335.33
2549 326.00
2550 389.33
2551 358.00
2552 275.33
2553 220.00
2554 297.33
2555 213.33
2556 302.00
2557 190.00
2558 290.67
2559 366.00
2560 231.33
2561 267.33
2562 330.67
2563 445.33
2564 276.00
2565 318.67
2566 270.67
2567 345.33
2568 368.00
2569 308.67
2570 359.33
2571 288.00
2572 303.33
2573 316.67
2574 296.67
2575 412.00
2576 401.33
2577 348.67
2578 384.67
2579 408.00
2580 294.67
2581 379.33
2582 226.00
2583 264.67
2584 368.67
2585 246.67
2586 328.67
2587 392.67
2588 327.33
2589 360.00
2590 315.33
2591 353.33
2592 342.67
2593 272.00
2594 490.67
2595 441.33
2596 320.00
2597 368.00
2598 395.33
2599 344.00
2600 365.33
2601 360.00
2602 351.33
2603 388.67
2604 379.33
2605 400.00
2606 320.00
2607 500.00
2608 340.00
2609 260.00
2610 300.00
2611 408.67
2612 338.00
2613 416.00
2614 270.00
2615 193.33
2616 258.00
2617 186.67
2618 344.00
2619 290.67
2620 240.00
2621 213.33
2622 392.00
2623 334.67
2624 359.33
2625 360.67
2626 376.67
2627 317.33
2628 292.67
2629 290.67
2630 180.67
2631 262.67
2632 322.00
2633 314.00
2634 348.00
2635 267.33
2636 233.33
2637 156.67
2638 350.00
2639 329.33
2640 300.00
2641 349.33
2642 229.33
2643 308.67
2644 327.33
2645 454.67
2646 419.33
2647 384.00
2648 367.33
2649 350.00
2650 364.67
2651 323.33
2652 281.33
2653 326.00
2654 236.67
2655 291.33
2656 236.00
2657 332.67
2658 364.00
2659 367.33
2660 328.00
2661 366.00
2662 316.00
2663 347.33
2664 374.67
2665 298.00
2666 320.00
2667 233.33
2668 289.33
2669 280.00
2670 348.00
2671 415.33
2672 350.00
2673 316.00
2674 230.00
2675 330.67
2676 393.33
2677 415.33
2678 370.67
2679 330.00
2680 330.67
2681 343.33
2682 356.67
2683 224.00
2684 394.00
2685 367.33
2686 360.67
2687 358.00
2688 425.33
2689 212.00
2690 295.33
2691 370.00
2692 302.67
2693 385.33
2694 443.33
2695 292.67
2696 410.67
2697 374.00
2698 323.33
2699 207.33
2700 322.67
2701 382.67
2702 215.33
2703 370.67
2704 400.00
2705 356.67
2706 388.67
2707 396.00
2708 306.00
2709 300.00
2710 366.67
2711 400.00
2712 295.33
2713 353.33
2714 272.00
2715 362.67
2716 321.33
2717 352.67
2718 358.00
2719 341.33
2720 346.00
2721 422.00
2722 166.00
2723 320.00
2724 343.33
2725 328.00
2726 276.00
2727 334.00
2728 381.33
2729 326.00
2730 364.67
2731 332.00
2732 344.67
2733 282.00
2734 327.33
2735 322.67
2736 378.00
2737 205.33
2738 331.33
2739 414.00
2740 397.33
2741 314.00
2742 292.67
2743 358.00
2744 330.67
2745 366.00
2746 386.00
2747 410.67
2748 310.67
2749 257.33
2750 339.33
2751 292.67
2752 267.33
2753 358.67
2754 358.00
2755 334.67
2756 214.00
2757 297.33
2758 286.67
2759 395.33
2760 428.00
2761 290.00
2762 327.33
2763 330.67
2764 304.00
2765 284.00
2766 400.67
2767 342.00
2768 354.67
2769 335.33
2770 296.00
2771 412.67
2772 382.67
2773 241.33
2774 316.67
2775 282.00
2776 440.67
2777 304.67
2778 230.00
2779 258.00
2780 317.33
2781 234.67
2782 335.33
2783 359.33
2784 376.67
2785 312.67
2786 338.00
2787 342.67
2788 186.67
2789 252.00
2790 368.00
2791 322.67
2792 449.33
2793 292.67
2794 258.67
2795 426.67
2796 400.00
2797 440.67
2798 271.33
2799 248.67
2800 286.00
2801 310.00
2802 352.00
2803 316.00
2804 378.67
2805 376.67
2806 234.00
2807 330.00
2808 370.67
2809 312.00
2810 386.00
2811 323.33
2812 342.00
2813 260.00
2814 281.33
2815 328.00
2816 478.00
2817 409.33
2818 192.00
2819 327.33
2820 182.00
2821 327.33
2822 307.33
2823 321.33
2824 384.67
2825 344.00
2826 460.00
2827 372.00
2828 376.00
2829 249.33
2830 420.00
2831 344.67
2832 411.33
2833 464.00
2834 398.00
2835 354.00
2836 340.67
2837 200.67
2838 314.00
2839 306.67
2840 194.00
2841 351.33
2842 341.33
2843 216.00
2844 164.00
2845 350.67
2846 256.67
2847 385.33
2848 211.33
2849 367.33
2850 169.33
2851 330.67
2852 387.33
2853 350.00
2854 370.00
2855 381.33
2856 475.33
2857 244.67
2858 422.00
2859 342.67
2860 340.67
2861 361.33
2862 348.00
2863 414.00
2864 339.33
2865 376.67
2866 373.33
2867 148.00
2868 359.33
2869 228.67
2870 368.00
2871 298.67
2872 454.00
2873 424.67
2874 360.00
2875 390.00
2876 239.33
2877 365.33
2878 321.33
2879 262.67
2880 327.33
2881 454.67
2882 229.33
2883 276.00
2884 328.00
2885 354.00
2886 324.00
2887 215.33
2888 370.67
2889 344.67
2890 235.33
2891 435.33
2892 492.67
2893 258.00
2894 438.67
2895 311.33
2896 244.00
2897 475.33
2898 339.33
2899 418.67
2900 401.33
2901 194.67
2902 348.67
2903 306.00
2904 333.33
2905 444.67
2906 280.00
2907 335.33
2908 390.67
2909 338.00
2910 227.33
2911 361.33
2912 343.33
2913 309.33
2914 352.00
2915 449.33
2916 394.67
2917 342.67
2918 442.00
2919 300.00
2920 340.00
2921 258.67
2922 322.67
2923 364.67
2924 434.00
2925 278.00
2926 286.00
2927 335.33
2928 391.33
2929 467.33
2930 342.00
2931 486.00
2932 397.33
2933 274.00
2934 474.00
2935 404.67
2936 304.67
2937 323.33
2938 460.67
2939 354.67
2940 384.00
2941 268.67
2942 444.00
2943 422.00
2944 265.33
2945 313.33
2946 436.67
2947 430.00
2948 305.33
2949 223.33
2950 296.67
2951 268.00
2952 274.67
2953 235.33
2954 207.33
2955 286.67
2956 396.00
2957 366.67
2958 246.67
2959 347.33
2960 338.67
2961 348.67
2962 384.67
2963 365.33
2964 415.33
2965 418.67
2966 428.00
2967 294.00
2968 347.33
2969 286.67
2970 382.00
2971 349.33
2972 420.00
2973 321.33
2974 235.33
2975 272.00
2976 281.33
2977 379.33
2978 378.00
2979 352.67
2980 408.67
2981 430.00
2982 335.33
2983 351.33
2984 360.00
2985 278.00
2986 256.67
2987 240.00
2988 310.00
2989 323.33
2990 434.00
2991 409.33
2992 387.33
2993 240.67
2994 317.33
2995 386.00
2996 372.67
2997 288.67
2998 227.33
2999 303.33
