0 110.67
1 217.33
2 268.67
3 192.67
4 166.67
5 170.00
6 198.67
7 238.67
8 168.67
9 155.33
10 178.00
11 154.00
12 173.33
13 181.33
14 211.33
15 175.33
16 172.67
17 294.00
18 287.33
19 167.33
20 180.67
21 169.33
22 157.33
23 239.33
24 166.00
25 185.33
26 192.00
27 156.00
28 154.67
29 184.00
30 148.67
31 190.67
32 213.33
33 178.67
34 136.00
35 158.00
36 176.67
37 172.67
38 164.67
39 182.67
40 178.00
41 234.00
42 176.00
43 190.67
44 153.33
45 164.00
46 142.67
47 294.00
48 189.33
49 338.00
50 181.33
51 196.67
52 181.33
53 194.67
54 326.00
55 284.67
56 272.00
57 180.00
58 214.67
59 176.67
60 164.67
61 189.33
62 164.67
63 174.00
64 194.00
65 185.33
66 130.67
67 244.00
68 302.00
69 172.00
70 194.67
71 197.33
72 248.67
73 170.00
74 182.00
75 196.00
76 157.33
77 221.33
78 199.33
79 167.33
80 173.33
81 203.33
82 175.33
83 218.00
84 180.00
85 238.00
86 264.00
87 204.00
88 208.67
89 162.67
90 204.67
91 255.33
92 293.33
93 233.33
94 138.00
95 233.33
96 198.00
97 179.33
98 184.67
99 185.33
100 266.67
101 198.67
102 188.00
103 180.00
104 319.33
105 181.33
106 202.67
107 188.67
108 183.33
109 205.33
110 185.33
111 174.00
112 126.00
113 152.00
114 288.00
115 233.33
116 198.00
117 284.00
118 254.67
119 185.33
120 192.00
121 166.67
122 160.67
123 261.33
124 170.67
125 196.00
126 154.67
127 178.67
128 231.33
129 223.33
130 176.00
131 184.00
132 215.33
133 198.00
134 343.33
135 212.67
136 227.33
137 278.00
138 220.00
139 190.00
140 186.00
141 168.67
142 233.33
143 234.67
144 222.67
145 173.33
146 157.33
147 139.33
148 253.33
149 188.67
150 167.33
151 214.67
152 162.00
153 148.67
154 206.00
155 167.33
156 173.33
157 170.00
158 164.00
159 344.00
160 164.00
161 176.00
162 264.00
163 209.33
164 192.67
165 280.67
166 186.67
167 161.33
168 256.00
169 152.00
170 211.33
171 297.33
172 192.00
173 242.67
174 206.00
175 194.00
176 203.33
177 294.67
178 150.67
179 266.67
180 217.33
181 155.33
182 174.67
183 178.00
184 229.33
185 294.67
186 170.67
187 191.33
188 192.00
189 278.67
190 200.00
191 198.67
192 181.33
193 197.33
194 192.67
195 213.33
196 148.00
197 169.33
198 222.00
199 286.00
200 122.00
201 240.00
202 189.33
203 283.33
204 406.67
205 163.33
206 214.67
207 240.00
208 350.00
209 294.67
210 175.33
211 225.33
212 214.67
213 160.00
214 253.33
215 240.00
216 202.00
217 308.00
218 444.67
219 464.00
220 240.00
221 213.33
222 202.00
223 240.00
224 214.67
225 214.67
226 138.00
227 235.33
228 200.00
229 236.00
230 238.00
231 242.00
232 238.00
233 217.33
234 240.67
235 215.33
236 186.67
237 240.00
238 266.67
239 239.33
240 186.67
241 216.67
242 198.00
243 340.67
244 474.00
245 220.67
246 358.67
247 212.67
248 236.67
249 210.00
250 250.00
251 251.33
252 283.33
253 225.33
254 170.67
255 238.00
256 226.67
257 253.33
258 426.00
259 178.67
260 248.67
261 229.33
262 204.67
263 263.33
264 239.33
265 248.00
266 195.33
267 216.67
268 474.00
269 307.33
270 243.33
271 217.33
272 185.33
273 335.33
274 246.67
275 218.67
276 248.67
277 131.33
278 328.00
279 228.00
280 206.67
281 215.33
282 170.00
283 342.67
284 214.67
285 188.00
286 210.67
287 278.67
288 184.67
289 208.67
290 226.00
291 247.33
292 282.00
293 232.00
294 243.33
295 218.00
296 238.67
297 234.00
298 241.33
299 373.33
300 213.33
301 178.00
302 243.33
303 218.67
304 270.00
305 339.33
306 224.67
307 420.00
308 110.00
309 180.67
310 195.33
311 325.33
312 216.67
313 271.33
314 248.00
315 224.67
316 229.33
317 322.00
318 241.33
319 176.00
320 182.67
321 349.33
322 131.33
323 205.33
324 185.33
325 220.00
326 283.33
327 224.67
328 315.33
329 174.00
330 188.67
331 206.67
332 214.67
333 244.67
334 215.33
335 208.00
336 240.67
337 216.67
338 256.00
339 199.33
340 380.00
341 240.00
342 271.33
343 156.00
344 184.67
345 169.33
346 356.00
347 391.33
348 205.33
349 408.67
350 334.00
351 320.67
352 161.33
353 439.33
354 210.00
355 208.67
356 204.67
357 220.00
358 250.67
359 148.00
360 203.33
361 232.00
362 199.33
363 245.33
364 276.00
365 250.67
366 206.67
367 252.00
368 194.00
369 223.33
370 412.00
371 442.67
372 239.33
373 192.00
374 215.33
375 220.67
376 249.33
377 264.00
378 383.33
379 230.00
380 270.67
381 345.33
382 335.33
383 292.00
384 334.00
385 318.00
386 362.00
387 238.00
388 232.00
389 342.00
390 326.67
391 376.67
392 239.33
393 177.33
394 382.67
395 210.00
396 324.67
397 216.00
398 222.67
399 289.33
400 240.00
401 200.00
402 500.00
403 200.00
404 488.67
405 360.00
406 296.00
407 300.00
408 180.00
409 307.33
410 466.67
411 240.00
412 480.00
413 279.33
414 200.00
415 220.00
416 247.33
417 251.33
418 120.00
419 312.67
420 197.33
421 218.67
422 162.00
423 335.33
424 290.00
425 263.33
426 98.67
427 240.67
428 160.67
429 158.00
430 218.00
431 394.67
432 245.33
433 194.67
434 320.00
435 200.00
436 320.00
437 239.33
438 204.67
439 205.33
440 112.00
441 178.67
442 344.00
443 397.33
444 176.67
445 318.00
446 414.00
447 323.33
448 309.33
449 301.33
450 346.00
451 238.67
452 238.00
453 199.33
454 114.00
455 194.00
456 212.67
457 196.67
458 214.00
459 238.67
460 156.00
461 155.33
462 207.33
463 209.33
464 210.00
465 158.67
466 150.00
467 262.00
468 240.67
469 337.33
470 234.00
471 326.00
472 218.00
473 382.00
474 184.00
475 232.00
476 148.67
477 148.00
478 207.33
479 180.00
480 337.33
481 216.67
482 236.00
483 414.67
484 305.33
485 438.00
486 236.67
487 283.33
488 223.33
489 254.00
490 440.00
491 338.00
492 380.67
493 238.67
494 378.67
495 238.00
496 217.33
497 238.00
498 320.00
499 456.67
500 240.00
501 228.67
502 238.00
503 284.00
504 222.00
505 186.00
506 271.33
507 422.67
508 290.00
509 244.00
510 370.00
511 240.67
512 395.33
513 330.67
514 347.33
515 230.00
516 391.33
517 374.00
518 245.33
519 375.33
520 192.00
521 374.67
522 255.33
523 180.00
524 212.00
525 256.67
526 247.33
527 368.00
528 249.33
529 299.33
530 360.00
531 403.33
532 248.00
533 243.33
534 262.67
535 204.00
536 280.00
537 218.00
538 364.67
539 177.33
540 379.33
541 241.33
542 215.33
543 264.00
544 361.33
545 236.00
546 240.67
547 215.33
548 251.33
549 273.33
550 230.00
551 230.00
552 352.67
553 393.33
554 282.00
555 278.00
556 238.00
557 418.00
558 213.33
559 221.33
560 238.00
561 239.33
562 264.00
563 298.67
564 272.00
565 262.67
566 269.33
567 472.67
568 215.33
569 326.67
570 182.67
571 195.33
572 374.00
573 168.67
574 472.67
575 206.67
576 238.00
577 278.00
578 232.67
579 238.00
580 231.33
581 209.33
582 453.33
583 201.33
584 361.33
585 222.00
586 274.67
587 286.67
588 204.00
589 327.33
590 223.33
591 262.00
592 264.00
593 214.00
594 332.67
595 186.00
596 350.00
597 385.33
598 269.33
599 204.67
600 226.00
601 486.00
602 300.00
603 440.00
604 346.00
605 391.33
606 300.00
607 233.33
608 329.33
609 219.33
610 263.33
611 291.33
612 205.33
613 254.00
614 266.00
615 436.00
616 323.33
617 236.00
618 270.67
619 450.67
620 375.33
621 196.00
622 283.33
623 234.00
624 224.67
625 248.00
626 240.67
627 299.33
628 235.33
629 408.00
630 235.33
631 352.67
632 247.33
633 340.00
634 247.33
635 299.33
636 307.33
637 367.33
638 236.67
639 436.67
640 328.00
641 270.00
642 260.00
643 233.33
644 259.33
645 286.00
646 252.67
647 224.67
648 298.00
649 346.00
650 440.67
651 307.33
652 479.33
653 313.33
654 428.00
655 200.00
656 242.00
657 462.00
658 274.00
659 402.00
660 356.00
661 496.00
662 248.00
663 296.67
664 235.33
665 238.00
666 329.33
667 247.33
668 245.33
669 468.67
670 278.00
671 276.67
672 244.67
673 233.33
674 242.00
675 332.67
676 197.33
677 274.00
678 362.67
679 208.67
680 241.33
681 324.00
682 226.00
683 288.67
684 293.33
685 253.33
686 252.67
687 264.00
688 280.67
689 289.33
690 210.00
691 225.33
692 283.33
693 294.67
694 248.00
695 225.33
696 204.00
697 222.00
698 302.00
699 358.00
700 254.00
701 219.33
702 246.67
703 215.33
704 284.00
705 387.33
706 310.00
707 269.33
708 250.00
709 226.67
710 324.67
711 184.67
712 274.00
713 204.00
714 272.67
715 259.33
716 438.67
717 278.67
718 234.00
719 345.33
720 388.00
721 335.33
722 420.67
723 390.00
724 266.00
725 418.67
726 239.33
727 255.33
728 248.00
729 375.33
730 250.67
731 234.00
732 358.00
733 255.33
734 282.00
735 297.33
736 452.67
737 344.67
738 284.00
739 244.67
740 334.00
741 274.00
742 330.67
743 197.33
744 419.33
745 274.00
746 236.00
747 391.33
748 256.00
749 348.67
750 273.33
751 292.67
752 362.67
753 380.67
754 433.33
755 238.00
756 351.33
757 488.00
758 242.67
759 371.33
760 364.67
761 294.67
762 389.33
763 328.00
764 443.33
765 292.00
766 345.33
767 446.00
768 485.33
769 235.33
770 234.67
771 304.67
772 252.67
773 321.33
774 244.67
775 447.33
776 238.00
777 300.67
778 302.67
779 319.33
780 327.33
781 406.67
782 212.67
783 280.67
784 228.00
785 234.67
786 250.67
787 341.33
788 385.33
789 275.33
790 241.33
791 256.67
792 463.33
793 332.67
794 243.33
795 279.33
796 416.67
797 379.33
798 328.00
799 246.67
800 268.00
801 299.33
802 370.67
803 227.33
804 305.33
805 220.00
806 256.00
807 351.33
808 240.00
809 366.00
810 464.67
811 245.33
812 480.00
813 199.33
814 234.00
815 228.67
816 444.00
817 236.00
818 194.67
819 353.33
820 270.67
821 500.00
822 226.67
823 222.00
824 298.00
825 374.00
826 240.00
827 368.00
828 500.00
829 243.33
830 351.33
831 240.00
832 460.00
833 236.67
834 488.67
835 395.33
836 419.33
837 266.00
838 246.67
839 258.00
840 212.67
841 238.00
842 240.00
843 223.33
844 277.33
845 224.67
846 414.67
847 324.00
848 479.33
849 242.67
850 255.33
851 240.00
852 437.33
853 240.00
854 209.33
855 233.33
856 256.00
857 395.33
858 195.33
859 214.00
860 199.33
861 227.33
862 256.00
863 244.67
864 212.00
865 242.67
866 240.67
867 216.00
868 216.67
869 230.00
870 248.00
871 315.33
872 385.33
873 356.67
874 460.00
875 420.00
876 383.33
877 480.00
878 246.67
879 404.00
880 240.00
881 460.00
882 282.00
883 237.33
884 195.33
885 236.67
886 399.33
887 362.67
888 233.33
889 239.33
890 325.33
891 217.33
892 256.67
893 230.67
894 358.67
895 213.33
896 392.00
897 246.67
898 382.67
899 229.33
900 257.33
901 223.33
902 217.33
903 216.67
904 222.67
905 300.67
906 224.00
907 430.67
908 210.00
909 402.00
910 236.67
911 318.00
912 281.33
913 227.33
914 392.67
915 332.00
916 283.33
917 296.00
918 409.33
919 406.67
920 368.00
921 217.33
922 410.00
923 460.00
924 231.33
925 237.33
926 457.33
927 302.67
928 239.33
929 224.67
930 219.33
931 220.67
932 231.33
933 274.67
934 285.33
935 453.33
936 250.67
937 208.67
938 256.67
939 234.00
940 229.33
941 448.67
942 194.00
943 273.33
944 224.00
945 196.00
946 248.67
947 210.67
948 350.67
949 305.33
950 219.33
951 410.00
952 332.00
953 370.67
954 258.67
955 236.67
956 420.00
957 314.67
958 261.33
959 393.33
960 352.00
961 376.67
962 260.67
963 289.33
964 426.00
965 247.33
966 239.33
967 198.00
968 228.67
969 424.67
970 272.00
971 296.67
972 226.67
973 392.67
974 405.33
975 259.33
976 220.00
977 220.67
978 279.33
979 394.00
980 440.67
981 432.67
982 398.00
983 325.33
984 260.00
985 414.67
986 488.67
987 454.00
988 454.00
989 250.00
990 258.67
991 247.33
992 220.67
993 313.33
994 349.33
995 406.67
996 384.00
997 430.00
998 362.67
999 236.67
1000 224.00
1001 460.00
1002 200.00
1003 260.00
1004 400.67
1005 201.33
1006 438.67
1007 214.67
1008 400.00
1009 260.00
1010 329.33
1011 198.67
1012 223.33
1013 420.67
1014 308.67
1015 168.00
1016 274.00
1017 300.00
1018 189.33
1019 148.67
1020 337.33
1021 151.33
1022 244.67
1023 408.00
1024 338.00
1025 330.00
1026 317.33
1027 360.67
1028 475.33
1029 223.33
1030 422.67
1031 357.33
1032 405.33
1033 398.00
1034 272.67
1035 349.33
1036 386.67
1037 480.67
1038 487.33
1039 201.33
1040 262.00
1041 380.67
1042 438.67
1043 466.00
1044 236.67
1045 296.67
1046 424.00
1047 345.33
1048 306.00
1049 442.67
1050 208.67
1051 280.00
1052 342.00
1053 297.33
1054 425.33
1055 234.67
1056 208.00
1057 348.67
1058 389.33
1059 393.33
1060 386.00
1061 274.67
1062 337.33
1063 428.00
1064 292.67
1065 218.67
1066 282.00
1067 294.00
1068 316.67
1069 210.67
1070 259.33
1071 232.67
1072 386.00
1073 421.33
1074 401.33
1075 382.67
1076 491.33
1077 428.67
1078 218.67
1079 413.33
1080 440.00
1081 443.33
1082 235.33
1083 260.67
1084 237.33
1085 334.67
1086 259.33
1087 304.67
1088 357.33
1089 430.00
1090 380.00
1091 281.33
1092 255.33
1093 408.00
1094 237.33
1095 258.00
1096 227.33
1097 222.67
1098 372.00
1099 370.00
1100 483.33
1101 223.33
1102 430.00
1103 313.33
1104 408.67
1105 278.00
1106 244.67
1107 226.67
1108 181.33
1109 470.67
1110 458.67
1111 340.67
1112 181.33
1113 437.33
1114 226.00
1115 357.33
1116 236.67
1117 294.67
1118 381.33
1119 370.00
1120 298.00
1121 268.67
1122 242.00
1123 310.00
1124 343.33
1125 380.00
1126 472.00
1127 306.67
1128 400.00
1129 244.67
1130 365.33
1131 432.67
1132 388.67
1133 200.00
1134 369.33
1135 268.67
1136 343.33
1137 390.00
1138 426.67
1139 285.33
1140 398.00
1141 272.67
1142 274.67
1143 234.00
1144 351.33
1145 321.33
1146 324.67
1147 272.67
1148 338.67
1149 245.33
1150 203.33
1151 340.67
1152 281.33
1153 290.67
1154 282.67
1155 425.33
1156 415.33
1157 327.33
1158 247.33
1159 370.67
1160 431.33
1161 410.67
1162 366.00
1163 266.00
1164 427.33
1165 200.00
1166 236.00
1167 372.00
1168 471.33
1169 232.67
1170 289.33
1171 200.67
1172 344.00
1173 433.33
1174 218.00
1175 230.67
1176 434.67
1177 211.33
1178 286.00
1179 437.33
1180 223.33
1181 202.67
1182 349.33
1183 236.00
1184 181.33
1185 438.00
1186 236.00
1187 326.67
1188 245.33
1189 225.33
1190 274.00
1191 332.00
1192 460.67
1193 458.67
1194 367.33
1195 279.33
1196 280.67
1197 168.00
1198 385.33
1199 390.00
1200 240.00
1201 465.33
1202 365.33
1203 436.67
1204 480.00
1205 292.00
1206 344.00
1207 234.67
1208 160.00
1209 196.00
1210 221.33
1211 392.00
1212 307.33
1213 334.00
1214 400.00
1215 228.00
1216 344.00
1217 405.33
1218 358.67
1219 392.00
1220 380.00
1221 440.00
1222 208.00
1223 420.00
1224 379.33
1225 404.00
1226 353.33
1227 364.67
1228 270.00
1229 252.00
1230 180.00
1231 359.33
1232 428.00
1233 430.67
1234 464.00
1235 401.33
1236 381.33
1237 388.00
1238 280.00
1239 272.67
1240 313.33
1241 416.00
1242 289.33
1243 428.67
1244 283.33
1245 321.33
1246 184.00
1247 318.00
1248 390.67
1249 408.00
1250 312.67
1251 420.67
1252 359.33
1253 314.00
1254 214.00
1255 472.00
1256 458.00
1257 444.67
1258 376.00
1259 427.33
1260 296.67
1261 263.33
1262 220.00
1263 393.33
1264 258.00
1265 352.67
1266 315.33
1267 314.67
1268 372.67
1269 299.33
1270 325.33
1271 400.00
1272 336.67
1273 233.33
1274 159.33
1275 190.67
1276 323.33
1277 322.00
1278 337.33
1279 200.67
1280 286.00
1281 404.67
1282 226.67
1283 388.67
1284 470.67
1285 305.33
1286 366.67
1287 442.67
1288 299.33
1289 394.00
1290 377.33
1291 288.67
1292 481.33
1293 358.67
1294 217.33
1295 473.33
1296 173.33
1297 288.67
1298 461.33
1299 432.67
1300 290.00
1301 324.67
1302 422.67
1303 364.67
1304 320.00
1305 332.67
1306 192.00
1307 306.67
1308 312.67
1309 396.67
1310 353.33
1311 388.00
1312 377.33
1313 368.67
1314 272.67
1315 412.00
1316 320.00
1317 284.00
1318 418.00
1319 352.67
1320 310.67
1321 418.00
1322 372.00
1323 350.00
1324 413.33
1325 350.67
1326 336.67
1327 440.67
1328 264.67
1329 316.67
1330 401.33
1331 402.00
1332 316.67
1333 229.33
1334 167.33
1335 332.67
1336 433.33
1337 208.00
1338 288.67
1339 388.00
1340 416.00
1341 387.33
1342 241.33
1343 403.33
1344 260.67
1345 279.33
1346 230.00
1347 398.00
1348 267.33
1349 278.67
1350 332.00
1351 446.67
1352 258.67
1353 358.00
1354 254.00
1355 364.00
1356 317.33
1357 329.33
1358 283.33
1359 424.67
1360 284.00
1361 412.00
1362 316.67
1363 386.00
1364 152.67
1365 302.00
1366 277.33
1367 404.00
1368 408.67
1369 168.00
1370 207.33
1371 284.00
1372 344.00
1373 352.00
1374 452.00
1375 398.00
1376 476.67
1377 282.00
1378 464.67
1379 323.33
1380 198.00
1381 408.00
1382 350.67
1383 408.67
1384 456.67
1385 473.33
1386 176.00
1387 209.33
1388 403.33
1389 280.67
1390 415.33
1391 344.67
1392 408.67
1393 449.33
1394 385.33
1395 399.33
1396 200.67
1397 484.67
1398 406.00
1399 478.00
1400 265.33
1401 332.67
1402 394.67
1403 296.67
1404 282.67
1405 369.33
1406 282.67
1407 220.00
1408 452.67
1409 334.67
1410 444.00
1411 308.00
1412 232.00
1413 403.33
1414 320.00
1415 405.33
1416 382.00
1417 372.00
1418 324.00
1419 499.33
1420 169.33
1421 248.00
1422 210.00
1423 300.00
1424 396.00
1425 413.33
1426 364.00
1427 362.00
1428 399.33
1429 317.33
1430 166.67
1431 182.00
1432 401.33
1433 386.00
1434 308.67
1435 324.67
1436 430.00
1437 381.33
1438 413.33
1439 314.00
1440 459.33
1441 155.33
1442 299.33
1443 313.33
1444 426.67
1445 462.67
1446 295.33
1447 287.33
1448 426.00
1449 294.00
1450 323.33
1451 336.00
1452 353.33
1453 364.00
1454 119.33
1455 178.67
1456 488.00
1457 331.33
1458 248.67
1459 262.67
1460 420.67
1461 338.67
1462 216.67
1463 398.00
1464 294.67
1465 282.00
1466 340.67
1467 216.00
1468 443.33
1469 398.67
1470 421.33
1471 434.67
1472 424.67
1473 174.67
1474 350.00
1475 285.33
1476 262.67
1477 159.33
1478 478.67
1479 408.67
1480 218.67
1481 463.33
1482 412.67
1483 397.33
1484 470.67
1485 180.67
1486 200.67
1487 282.67
1488 216.67
1489 387.33
1490 436.00
1491 376.00
1492 349.33
1493 282.00
1494 374.67
1495 378.67
1496 293.33
1497 202.00
1498 368.67
1499 204.67
1500 335.33
1501 186.00
1502 416.00
1503 310.00
1504 320.67
1505 325.33
1506 326.67
1507 346.67
1508 254.67
1509 220.67
1510 322.00
1511 380.00
1512 184.00
1513 316.00
1514 404.00
1515 182.00
1516 394.67
1517 158.00
1518 404.67
1519 163.33
1520 353.33
1521 310.00
1522 368.00
1523 494.67
1524 334.00
1525 385.33
1526 370.67
1527 268.00
1528 197.33
1529 303.33
1530 308.00
1531 367.33
1532 282.00
1533 336.67
1534 421.33
1535 345.33
1536 332.67
1537 274.00
1538 170.67
1539 189.33
1540 266.00
1541 182.00
1542 180.67
1543 384.00
1544 408.00
1545 424.67
1546 409.33
1547 424.67
1548 384.67
1549 226.00
1550 337.33
1551 403.33
1552 337.33
1553 402.67
1554 311.33
1555 338.00
1556 346.67
1557 391.33
1558 287.33
1559 306.67
1560 259.33
1561 436.67
1562 365.33
1563 324.67
1564 333.33
1565 433.33
1566 382.00
1567 345.33
1568 401.33
1569 330.67
1570 399.33
1571 428.67
1572 480.00
1573 258.00
1574 371.33
1575 357.33
1576 402.67
1577 414.67
1578 333.33
1579 172.67
1580 223.33
1581 342.67
1582 338.67
1583 314.67
1584 250.67
1585 474.00
1586 333.33
1587 370.00
1588 357.33
1589 182.67
1590 410.00
1591 334.00
1592 282.00
1593 456.67
1594 326.00
1595 402.67
1596 237.33
1597 284.67
1598 326.00
1599 186.67
1600 434.67
1601 240.00
1602 353.33
1603 349.33
1604 408.67
1605 179.33
1606 369.33
1607 220.00
1608 286.67
1609 220.00
1610 268.00
1611 380.00
1612 290.00
1613 205.33
1614 209.33
1615 308.67
1616 264.67
1617 232.67
1618 360.00
1619 378.00
1620 404.00
1621 324.00
1622 312.67
1623 364.00
1624 280.67
1625 265.33
1626 450.67
1627 354.00
1628 176.67
1629 394.00
1630 325.33
1631 343.33
1632 322.67
1633 304.00
1634 293.33
1635 297.33
1636 327.33
1637 194.67
1638 367.33
1639 331.33
1640 333.33
1641 299.33
1642 268.67
1643 287.33
1644 255.33
1645 232.00
1646 345.33
1647 249.33
1648 414.67
1649 352.00
1650 384.00
1651 141.33
1652 379.33
1653 394.00
1654 399.33
1655 420.00
1656 352.67
1657 371.33
1658 334.67
1659 170.67
1660 181.33
1661 248.00
1662 437.33
1663 374.00
1664 355.33
1665 452.00
1666 199.33
1667 259.33
1668 248.00
1669 398.00
1670 268.00
1671 367.33
1672 258.67
1673 348.67
1674 372.67
1675 174.67
1676 440.67
1677 470.67
1678 238.67
1679 364.67
1680 383.33
1681 278.00
1682 407.33
1683 356.67
1684 349.33
1685 486.67
1686 203.33
1687 320.00
1688 167.33
1689 334.67
1690 319.33
1691 430.00
1692 428.67
1693 248.00
1694 481.33
1695 426.00
1696 310.67
1697 476.00
1698 405.33
1699 224.67
1700 479.33
1701 185.33
1702 358.00
1703 398.67
1704 385.33
1705 474.00
1706 368.00
1707 403.33
1708 202.67
1709 194.00
1710 357.33
1711 300.00
1712 474.00
1713 455.33
1714 287.33
1715 166.67
1716 254.67
1717 419.33
1718 188.67
1719 397.33
1720 422.00
1721 297.33
1722 475.33
1723 412.67
1724 223.33
1725 298.00
1726 361.33
1727 288.00
1728 374.67
1729 431.33
1730 192.67
1731 392.67
1732 410.67
1733 370.00
1734 402.00
1735 356.67
1736 302.00
1737 418.00
1738 217.33
1739 285.33
1740 410.00
1741 179.33
1742 399.33
1743 195.33
1744 254.00
1745 415.33
1746 283.33
1747 336.00
1748 219.33
1749 393.33
1750 346.00
1751 356.00
1752 471.33
1753 413.33
1754 351.33
1755 406.67
1756 337.33
1757 392.67
1758 404.00
1759 212.00
1760 200.00
1761 432.00
1762 284.67
1763 379.33
1764 470.67
1765 274.67
1766 328.67
1767 280.00
1768 455.33
1769 326.00
1770 379.33
1771 375.33
1772 352.67
1773 392.67
1774 345.33
1775 302.00
1776 378.67
1777 232.00
1778 340.00
1779 216.00
1780 403.33
1781 359.33
1782 252.00
1783 309.33
1784 363.33
1785 164.00
1786 270.00
1787 380.00
1788 364.00
1789 382.67
1790 342.67
1791 277.33
1792 384.00
1793 340.67
1794 221.33
1795 344.00
1796 458.67
1797 247.33
1798 185.33
1799 370.67
1800 360.00
1801 311.33
1802 108.00
1803 322.00
1804 378.67
1805 316.00
1806 312.00
1807 424.00
1808 394.00
1809 372.67
1810 323.33
1811 408.00
1812 166.00
1813 320.67
1814 220.00
1815 325.33
1816 341.33
1817 216.67
1818 358.67
1819 376.00
1820 248.67
1821 374.00
1822 447.33
1823 200.67
1824 357.33
1825 242.00
1826 311.33
1827 366.67
1828 385.33
1829 248.00
1830 321.33
1831 246.00
1832 349.33
1833 351.33
1834 343.33
1835 491.33
1836 412.00
1837 346.67
1838 410.67
1839 300.67
1840 343.33
1841 354.00
1842 214.67
1843 497.33
1844 180.00
1845 396.67
1846 252.00
1847 263.33
1848 378.67
1849 366.00
1850 496.00
1851 361.33
1852 438.00
1853 202.67
1854 412.00
1855 468.67
1856 330.00
1857 327.33
1858 383.33
1859 320.00
1860 420.67
1861 440.00
1862 350.67
1863 352.00
1864 357.33
1865 340.00
1866 127.33
1867 282.00
1868 426.00
1869 204.67
1870 230.00
1871 366.67
1872 305.33
1873 325.33
1874 240.00
1875 362.67
1876 210.00
1877 363.33
1878 257.33
1879 200.00
1880 399.33
1881 197.33
1882 289.33
1883 365.33
1884 296.00
1885 452.00
1886 387.33
1887 372.67
1888 410.00
1889 453.33
1890 319.33
1891 340.67
1892 417.33
1893 220.00
1894 294.67
1895 415.33
1896 348.00
1897 232.67
1898 380.00
1899 351.33
1900 329.33
1901 366.67
1902 262.00
1903 427.33
1904 236.67
1905 324.00
1906 282.00
1907 408.00
1908 389.33
1909 360.67
1910 266.00
1911 440.67
1912 174.00
1913 356.67
1914 276.00
1915 258.00
1916 317.33
1917 456.00
1918 322.00
1919 226.67
1920 393.33
1921 389.33
1922 226.00
1923 221.33
1924 309.33
1925 210.67
1926 261.33
1927 305.33
1928 315.33
1929 339.33
1930 402.00
1931 328.67
1932 334.00
1933 332.00
1934 452.67
1935 430.00
1936 339.33
1937 395.33
1938 422.00
1939 316.00
1940 353.33
1941 366.67
1942 387.33
1943 461.33
1944 394.67
1945 225.33
1946 359.33
1947 382.67
1948 159.33
1949 271.33
1950 180.67
1951 274.67
1952 389.33
1953 416.00
1954 314.67
1955 310.00
1956 327.33
1957 301.33
1958 430.67
1959 352.67
1960 298.00
1961 421.33
1962 218.67
1963 447.33
1964 373.33
1965 306.67
1966 364.00
1967 192.67
1968 463.33
1969 332.00
1970 242.67
1971 482.00
1972 418.00
1973 341.33
1974 458.67
1975 455.33
1976 364.67
1977 216.67
1978 186.00
1979 289.33
1980 329.33
1981 344.00
1982 356.00
1983 390.00
1984 280.00
1985 349.33
1986 242.67
1987 347.33
1988 322.00
1989 351.33
1990 341.33
1991 202.00
1992 252.00
1993 263.33
1994 473.33
1995 368.00
1996 362.67
1997 412.67
1998 431.33
1999 322.67
2000 380.00
2001 365.33
2002 222.67
2003 326.67
2004 208.67
2005 260.67
2006 286.67
2007 225.33
2008 440.00
2009 460.00
2010 371.33
2011 356.67
2012 442.00
2013 422.67
2014 420.00
2015 160.67
2016 371.33
2017 490.67
2018 324.00
2019 296.00
2020 404.00
2021 457.33
2022 222.67
2023 191.33
2024 335.33
2025 369.33
2026 420.00
2027 389.33
2028 420.00
2029 358.00
2030 378.67
2031 256.67
2032 215.33
2033 461.33
2034 404.00
2035 480.00
2036 325.33
2037 454.00
2038 367.33
2039 382.67
2040 374.67
2041 420.00
2042 481.33
2043 420.00
2044 281.33
2045 308.67
2046 454.67
2047 414.00
2048 298.67
2049 318.67
2050 370.00
2051 367.33
2052 386.00
2053 394.00
2054 282.00
2055 238.00
2056 322.67
2057 255.33
2058 228.00
2059 384.67
2060 335.33
2061 218.67
2062 203.33
2063 278.67
2064 295.33
2065 247.33
2066 283.33
2067 285.33
2068 340.00
2069 335.33
2070 313.33
2071 311.33
2072 296.00
2073 252.00
2074 262.00
2075 284.00
2076 356.00
2077 340.00
2078 404.00
2079 292.00
2080 460.00
2081 325.33
2082 313.33
2083 361.33
2084 451.33
2085 230.67
2086 264.67
2087 306.67
2088 378.67
2089 465.33
2090 222.67
2091 450.67
2092 447.33
2093 268.00
2094 304.00
2095 299.33
2096 295.33
2097 385.33
2098 331.33
2099 211.33
2100 486.00
2101 428.00
2102 407.33
2103 390.67
2104 341.33
2105 328.67
2106 460.00
2107 414.67
2108 254.00
2109 420.67
2110 412.00
2111 338.00
2112 274.00
2113 238.00
2114 262.00
2115 434.00
2116 338.00
2117 273.33
2118 304.00
2119 330.67
2120 245.33
2121 335.33
2122 134.00
2123 206.00
2124 332.00
2125 312.67
2126 216.00
2127 305.33
2128 286.00
2129 250.00
2130 184.67
2131 328.00
2132 430.67
2133 369.33
2134 312.00
2135 258.00
2136 490.67
2137 346.00
2138 376.67
2139 288.67
2140 298.67
2141 239.33
2142 412.67
2143 300.00
2144 328.67
2145 275.33
2146 434.00
2147 282.00
2148 244.67
2149 309.33
2150 260.00
2151 412.00
2152 272.00
2153 310.00
2154 467.33
2155 367.33
2156 335.33
2157 309.33
2158 278.00
2159 448.00
2160 377.33
2161 408.00
2162 436.67
2163 340.67
2164 352.67
2165 411.33
2166 181.33
2167 212.67
2168 220.00
2169 398.67
2170 360.67
2171 355.33
2172 232.67
2173 440.00
2174 200.67
2175 273.33
2176 476.00
2177 292.67
2178 432.00
2179 180.00
2180 400.00
2181 211.33
2182 232.67
2183 378.00
2184 334.67
2185 286.67
2186 406.00
2187 396.67
2188 368.00
2189 298.00
2190 206.67
2191 333.33
2192 358.00
2193 385.33
2194 354.67
2195 352.00
2196 324.00
2197 402.00
2198 373.33
2199 315.33
2200 494.67
2201 360.00
2202 345.33
2203 265.33
2204 284.00
2205 294.00
2206 313.33
2207 125.33
2208 332.00
2209 300.00
2210 348.00
2211 310.00
2212 326.67
2213 280.67
2214 277.33
2215 340.00
2216 252.67
2217 306.00
2218 304.67
2219 289.33
2220 462.00
2221 320.67
2222 226.00
2223 347.33
2224 378.67
2225 258.67
2226 444.00
2227 404.00
2228 171.33
2229 446.67
2230 372.00
2231 213.33
2232 454.67
2233 393.33
2234 328.00
2235 272.67
2236 390.00
2237 267.33
2238 255.33
2239 280.00
2240 452.00
2241 234.00
2242 350.67
2243 250.67
2244 297.33
2245 303.33
2246 266.00
2247 404.67
2248 362.00
2249 302.67
2250 354.67
2251 407.33
2252 243.33
2253 357.33
2254 344.67
2255 228.00
2256 412.67
2257 270.00
2258 248.67
2259 387.33
2260 342.67
2261 439.33
2262 288.00
2263 433.33
2264 378.00
2265 314.00
2266 377.33
2267 480.67
2268 306.00
2269 346.67
2270 313.33
2271 265.33
2272 287.33
2273 316.00
2274 266.00
2275 318.00
2276 327.33
2277 336.00
2278 347.33
2279 359.33
2280 358.67
2281 303.33
2282 297.33
2283 329.33
2284 482.67
2285 216.00
2286 327.33
2287 243.33
2288 474.67
2289 284.00
2290 370.67
2291 250.00
2292 329.33
2293 388.00
2294 274.00
2295 253.33
2296 411.33
2297 260.67
2298 244.00
2299 229.33
2300 433.33
2301 288.67
2302 315.33
2303 316.67
2304 244.00
2305 325.33
2306 305.33
2307 362.00
2308 238.00
2309 264.67
2310 388.67
2311 273.33
2312 451.33
2313 263.33
2314 308.67
2315 302.67
2316 258.67
2317 158.00
2318 290.00
2319 190.67
2320 316.00
2321 267.33
2322 305.33
2323 399.33
2324 221.33
2325 355.33
2326 406.67
2327 232.67
2328 310.67
2329 320.67
2330 322.00
2331 352.67
2332 292.67
2333 453.33
2334 214.00
2335 382.00
2336 305.33
2337 296.67
2338 338.67
2339 300.67
2340 244.67
2341 278.00
2342 261.33
2343 304.67
2344 308.00
2345 421.33
2346 245.33
2347 288.00
2348 310.00
2349 329.33
2350 472.00
2351 345.33
2352 378.00
2353 452.00
2354 341.33
2355 321.33
2356 252.67
2357 234.00
2358 396.67
2359 308.00
2360 400.67
2361 312.00
2362 219.33
2363 476.00
2364 256.00
2365 399.33
2366 478.67
2367 322.67
2368 410.67
2369 347.33
2370 287.33
2371 251.33
2372 307.33
2373 289.33
2374 224.00
2375 350.67
2376 272.67
2377 326.00
2378 316.67
2379 338.00
2380 436.00
2381 260.00
2382 356.67
2383 453.33
2384 370.67
2385 277.33
2386 333.33
2387 289.33
2388 297.33
2389 358.67
2390 427.33
2391 410.00
2392 466.00
2393 483.33
2394 442.00
2395 321.33
2396 378.67
2397 270.67
2398 334.67
2399 342.67
2400 349.33
2401 339.33
2402 316.67
2403 313.33
2404 436.67
2405 352.00
2406 330.00
2407 317.33
2408 322.67
2409 300.00
2410 285.33
2411 338.67
2412 319.33
2413 260.00
2414 299.33
2415 318.00
2416 275.33
2417 382.67
2418 296.00
2419 292.00
2420 298.67
2421 278.67
2422 367.33
2423 383.33
2424 286.67
2425 311.33
2426 320.67
2427 276.00
2428 344.67
2429 306.00
2430 288.00
2431 369.33
2432 344.67
2433 292.67
2434 266.00
2435 420.00
2436 258.00
2437 232.67
2438 340.00
2439 272.67
2440 325.33
2441 214.00
2442 185.33
2443 288.67
2444 356.00
2445 288.67
2446 287.33
2447 315.33
2448 278.00
2449 342.67
2450 422.67
2451 400.00
2452 226.67
2453 276.00
2454 458.00
2455 342.00
2456 440.67
2457 358.00
2458 160.00
2459 305.33
2460 371.33
2461 332.00
2462 310.00
2463 282.67
2464 316.67
2465 322.00
2466 286.67
2467 264.00
2468 310.67
2469 294.67
2470 298.00
2471 165.33
2472 327.33
2473 272.67
2474 306.00
2475 330.00
2476 221.33
2477 454.00
2478 314.00
2479 268.67
2480 418.00
2481 369.33
2482 353.33
2483 288.00
2484 212.00
2485 222.67
2486 347.33
2487 286.00
2488 181.33
2489 360.00
2490 278.67
2491 354.00
2492 376.67
2493 301.33
2494 309.33
2495 336.67
2496 190.00
2497 205.33
2498 400.00
2499 314.00
2500 275.33
2501 316.00
2502 345.33
2503 350.67
2504 360.67
2505 332.00
2506 440.67
2507 268.67
2508 271.33
2509 328.67
2510 348.67
2511 422.67
2512 247.33
2513 444.00
2514 253.33
2515 356.00
2516 410.67
2517 460.00
2518 283.33
2519 356.67
2520 310.67
2521 301.33
2522 335.33
2523 302.67
2524 344.00
2525 368.00
2526 446.00
2527 331.33
2528 454.67
2529 463.33
2530 447.33
2531 174.00
2532 264.67
2533 172.00
2534 292.67
2535 312.00
2536 428.00
2537 316.67
2538 384.67
2539 448.67
2540 354.00
2541 206.00
2542 283.33
2543 315.33
2544 307.33
2545 273.33
2546 344.67
2547 370.67
2548 352.67
2549 278.67
2550 372.67
2551 298.00
2552 404.00
2553 320.67
2554 328.67
2555 273.33
2556 366.67
2557 382.00
2558 367.33
2559 343.33
2560 303.33
2561 257.33
2562 340.00
2563 290.00
2564 390.00
2565 280.00
2566 304.67
2567 251.33
2568 311.33
2569 278.00
2570 262.00
2571 286.67
2572 453.33
2573 278.67
2574 228.00
2575 302.00
2576 350.00
2577 271.33
2578 339.33
2579 247.33
2580 425.33
2581 260.67
2582 353.33
2583 376.00
2584 322.00
2585 264.00
2586 324.00
2587 354.00
2588 308.00
2589 482.67
2590 370.67
2591 441.33
2592 366.67
2593 338.67
2594 251.33
2595 202.00
2596 432.00
2597 314.00
2598 301.33
2599 330.00
2600 366.67
2601 346.67
2602 480.00
2603 324.00
2604 466.67
2605 300.00
2606 398.67
2607 413.33
2608 360.00
2609 340.00
2610 409.33
2611 313.33
2612 326.67
2613 432.00
2614 353.33
2615 364.67
2616 301.33
2617 338.67
2618 374.67
2619 380.00
2620 406.67
2621 286.67
2622 354.00
2623 276.67
2624 304.67
2625 180.00
2626 321.33
2627 376.00
2628 328.00
2629 326.67
2630 376.00
2631 225.33
2632 392.67
2633 379.33
2634 294.00
2635 327.33
2636 263.33
2637 424.00
2638 140.00
2639 338.67
2640 308.67
2641 474.67
2642 420.00
2643 324.00
2644 446.00
2645 288.67
2646 397.33
2647 431.33
2648 418.67
2649 320.00
2650 314.67
2651 302.00
2652 480.00
2653 308.67
2654 357.33
2655 322.00
2656 364.00
2657 340.00
2658 338.67
2659 263.33
2660 249.33
2661 274.67
2662 266.00
2663 339.33
2664 257.33
2665 162.00
2666 243.33
2667 306.67
2668 370.00
2669 262.00
2670 334.67
2671 262.67
2672 404.67
2673 310.00
2674 330.67
2675 339.33
2676 328.00
2677 251.33
2678 274.67
2679 313.33
2680 322.00
2681 310.00
2682 308.00
2683 266.67
2684 183.33
2685 274.00
2686 294.00
2687 415.33
2688 395.33
2689 389.33
2690 457.33
2691 280.00
2692 317.33
2693 470.00
2694 444.00
2695 333.33
2696 433.33
2697 340.00
2698 398.00
2699 279.33
2700 242.67
2701 333.33
2702 316.00
2703 410.67
2704 319.33
2705 352.67
2706 234.00
2707 228.67
2708 373.33
2709 314.00
2710 459.33
2711 231.33
2712 477.33
2713 374.67
2714 311.33
2715 318.00
2716 448.67
2717 288.67
2718 304.67
2719 350.67
2720 210.67
2721 370.67
2722 320.00
2723 384.67
2724 312.67
2725 410.00
2726 387.33
2727 294.00
2728 439.33
2729 188.67
2730 324.67
2731 296.00
2732 404.67
2733 386.00
2734 140.00
2735 314.67
2736 286.00
2737 344.67
2738 308.67
2739 264.00
2740 311.33
2741 251.33
2742 364.67
2743 430.00
2744 300.00
2745 388.00
2746 306.00
2747 360.67
2748 394.67
2749 263.33
2750 440.00
2751 368.67
2752 290.00
2753 253.33
2754 288.67
2755 352.67
2756 282.67
2757 278.67
2758 261.33
2759 446.00
2760 379.33
2761 324.00
2762 330.67
2763 326.67
2764 365.33
2765 423.33
2766 345.33
2767 313.33
2768 301.33
2769 370.00
2770 347.33
2771 324.00
2772 298.00
2773 235.33
2774 258.67
2775 323.33
2776 346.67
2777 357.33
2778 358.67
2779 317.33
2780 475.33
2781 236.67
2782 240.67
2783 333.33
2784 312.00
2785 320.00
2786 284.00
2787 339.33
2788 230.67
2789 404.67
2790 307.33
2791 369.33
2792 453.33
2793 169.33
2794 329.33
2795 195.33
2796 265.33
2797 453.33
2798 382.00
2799 341.33
2800 274.00
2801 354.00
2802 294.67
2803 230.67
2804 312.00
2805 328.00
2806 308.00
2807 320.00
2808 303.33
2809 396.00
2810 348.67
2811 330.00
2812 242.67
2813 320.00
2814 360.00
2815 285.33
2816 302.00
2817 313.33
2818 327.33
2819 380.00
2820 300.00
2821 249.33
2822 380.00
2823 372.00
2824 450.00
2825 376.67
2826 362.67
2827 310.00
2828 418.00
2829 416.00
2830 309.33
2831 433.33
2832 259.33
2833 299.33
2834 346.00
2835 261.33
2836 252.67
2837 332.67
2838 376.67
2839 321.33
2840 434.00
2841 421.33
2842 364.67
2843 347.33
2844 378.67
2845 339.33
2846 479.33
2847 392.67
2848 248.67
2849 304.67
2850 259.33
2851 354.00
2852 327.33
2853 316.00
2854 252.00
2855 340.00
2856 340.00
2857 336.67
2858 346.67
2859 347.33
2860 330.00
2861 406.00
2862 276.00
2863 329.33
2864 298.00
2865 264.00
2866 342.67
2867 278.00
2868 352.00
2869 458.00
2870 327.33
2871 268.67
2872 356.67
2873 182.67
2874 359.33
2875 318.67
2876 291.33
2877 328.67
2878 258.00
2879 357.33
2880 230.67
2881 311.33
2882 312.67
2883 275.33
2884 276.00
2885 356.67
2886 398.67
2887 354.67
2888 322.67
2889 441.33
2890 315.33
2891 288.67
2892 301.33
2893 272.00
2894 252.00
2895 360.67
2896 158.67
2897 307.33
2898 277.33
2899 280.67
2900 357.33
2901 301.33
2902 378.00
2903 316.67
2904 289.33
2905 296.67
2906 220.67
2907 200.00
2908 309.33
2909 246.67
2910 216.00
2911 256.67
2912 281.33
2913 372.67
2914 377.33
2915 420.00
2916 369.33
2917 239.33
2918 297.33
2919 341.33
2920 387.33
2921 290.00
2922 329.33
2923 266.00
2924 296.00
2925 203.33
2926 346.00
2927 218.67
2928 285.33
2929 394.00
2930 327.33
2931 408.67
2932 324.00
2933 394.67
2934 345.33
2935 272.67
2936 265.33
2937 290.00
2938 287.33
2939 326.00
2940 408.67
2941 224.67
2942 296.67
2943 360.67
2944 315.33
2945 294.00
2946 292.67
2947 294.67
2948 327.33
2949 244.67
2950 340.67
2951 422.00
2952 414.00
2953 308.67
2954 372.67
2955 292.67
2956 331.33
2957 336.00
2958 350.67
2959 359.33
2960 208.00
2961 328.67
2962 278.00
2963 364.67
2964 390.67
2965 339.33
2966 354.00
2967 390.00
2968 326.00
2969 305.33
2970 376.67
2971 306.00
2972 150.67
2973 326.67
2974 328.00
2975 470.67
2976 464.00
2977 327.33
2978 328.67
2979 274.00
2980 329.33
2981 304.00
2982 312.67
2983 318.00
2984 313.33
2985 302.67
2986 386.00
2987 292.67
2988 289.33
2989 321.33
2990 378.00
2991 339.33
2992 314.00
2993 310.67
2994 360.00
2995 390.67
2996 328.67
2997 168.00
2998 296.00
2999 316.67
