0 180.00
1 340.00
2 240.00
3 240.00
4 240.00
5 240.00
6 500.00
7 280.00
8 140.00
9 240.00
10 240.00
11 240.00
12 80.00
13 220.00
14 240.00
15 380.00
16 240.00
17 280.00
18 240.00
19 240.00
20 480.00
21 240.00
22 260.00
23 280.00
24 500.00
25 240.00
26 260.00
27 240.00
28 200.00
29 300.00
30 240.00
31 220.00
32 240.00
33 220.00
34 200.00
35 240.00
36 440.00
37 240.00
38 240.00
39 240.00
40 240.00
41 200.00
42 480.00
43 240.00
44 480.00
45 240.00
46 240.00
47 240.00
48 460.00
49 500.00
50 240.00
51 480.00
52 220.00
53 320.00
54 480.00
55 500.00
56 240.00
57 300.00
58 480.00
59 240.00
60 480.00
61 240.00
62 240.00
63 240.00
64 240.00
65 460.00
66 240.00
67 240.00
68 240.00
69 240.00
70 240.00
71 240.00
72 220.00
73 500.00
74 240.00
75 240.00
76 220.00
77 240.00
78 220.00
79 180.00
80 180.00
81 220.00
82 220.00
83 240.00
84 460.00
85 220.00
86 240.00
87 240.00
88 500.00
89 440.00
90 220.00
91 240.00
92 260.00
93 240.00
94 500.00
95 500.00
96 240.00
97 240.00
98 500.00
99 240.00
100 500.00
101 500.00
102 480.00
103 220.00
104 240.00
105 480.00
106 240.00
107 480.00
108 220.00
109 240.00
110 240.00
111 220.00
112 440.00
113 240.00
114 240.00
115 220.00
116 500.00
117 220.00
118 500.00
119 220.00
120 260.00
121 220.00
122 220.00
123 240.00
124 240.00
125 480.00
126 240.00
127 240.00
128 240.00
129 240.00
130 500.00
131 480.00
132 240.00
133 240.00
134 200.00
135 240.00
136 500.00
137 240.00
138 220.00
139 240.00
140 460.00
141 480.00
142 240.00
143 240.00
144 240.00
145 220.00
146 220.00
147 240.00
148 500.00
149 240.00
150 240.00
151 240.00
152 260.00
153 240.00
154 240.00
155 220.00
156 500.00
157 240.00
158 240.00
159 280.00
160 240.00
161 240.00
162 260.00
163 240.00
164 500.00
165 240.00
166 220.00
167 240.00
168 220.00
169 240.00
170 480.00
171 240.00
172 240.00
173 220.00
174 240.00
175 220.00
176 240.00
177 240.00
178 340.00
179 240.00
180 240.00
181 240.00
182 460.00
183 500.00
184 240.00
185 240.00
186 240.00
187 240.00
188 280.00
189 480.00
190 240.00
191 220.00
192 260.00
193 340.00
194 240.00
195 200.00
196 420.00
197 200.00
198 400.00
199 160.00
200 220.00
201 200.00
202 360.00
203 320.00
204 300.00
205 480.00
206 240.00
207 360.00
208 200.00
209 220.00
210 460.00
211 220.00
212 240.00
213 260.00
214 240.00
215 180.00
216 180.00
217 100.00
218 160.00
219 160.00
220 180.00
221 220.00
222 100.00
223 220.00
224 120.00
225 140.00
226 420.00
227 380.00
228 340.00
229 100.00
230 200.00
231 60.00
232 240.00
233 200.00
234 200.00
235 440.00
236 220.00
237 160.00
238 120.00
239 460.00
240 200.00
241 400.00
242 440.00
243 240.00
244 340.00
245 200.00
246 240.00
247 320.00
248 220.00
249 280.00
250 200.00
251 320.00
252 300.00
253 160.00
254 440.00
255 240.00
256 200.00
257 220.00
258 280.00
259 480.00
260 160.00
261 240.00
262 200.00
263 300.00
264 380.00
265 140.00
266 360.00
267 260.00
268 440.00
269 380.00
270 200.00
271 200.00
272 420.00
273 180.00
274 420.00
275 240.00
276 400.00
277 440.00
278 320.00
279 480.00
280 440.00
281 380.00
282 260.00
283 200.00
284 240.00
285 180.00
286 220.00
287 340.00
288 180.00
289 400.00
290 300.00
291 200.00
292 380.00
293 460.00
294 200.00
295 300.00
296 340.00
297 200.00
298 280.00
299 240.00
300 200.00
301 180.00
302 400.00
303 400.00
304 380.00
305 220.00
306 280.00
307 400.00
308 260.00
309 280.00
310 220.00
311 280.00
312 440.00
313 300.00
314 220.00
315 420.00
316 200.00
317 240.00
318 240.00
319 220.00
320 280.00
321 240.00
322 360.00
323 280.00
324 240.00
325 420.00
326 260.00
327 280.00
328 240.00
329 200.00
330 320.00
331 240.00
332 240.00
333 300.00
334 400.00
335 240.00
336 260.00
337 380.00
338 220.00
339 320.00
340 240.00
341 240.00
342 220.00
343 380.00
344 380.00
345 400.00
346 220.00
347 240.00
348 200.00
349 220.00
350 220.00
351 200.00
352 380.00
353 260.00
354 460.00
355 240.00
356 500.00
357 200.00
358 240.00
359 400.00
360 200.00
361 220.00
362 400.00
363 420.00
364 400.00
365 340.00
366 220.00
367 220.00
368 480.00
369 440.00
370 240.00
371 380.00
372 380.00
373 240.00
374 280.00
375 220.00
376 180.00
377 280.00
378 240.00
379 240.00
380 180.00
381 240.00
382 240.00
383 380.00
384 260.00
385 180.00
386 240.00
387 200.00
388 280.00
389 480.00
390 220.00
391 440.00
392 340.00
393 200.00
394 240.00
395 220.00
396 360.00
397 220.00
398 160.00
399 220.00
400 320.00
401 240.00
402 180.00
403 400.00
404 300.00
405 180.00
406 300.00
407 140.00
408 240.00
409 360.00
410 160.00
411 300.00
412 420.00
413 320.00
414 240.00
415 280.00
416 200.00
417 300.00
418 360.00
419 480.00
420 220.00
421 240.00
422 320.00
423 240.00
424 360.00
425 320.00
426 200.00
427 440.00
428 200.00
429 240.00
430 200.00
431 200.00
432 180.00
433 360.00
434 140.00
435 220.00
436 460.00
437 200.00
438 420.00
439 200.00
440 100.00
441 240.00
442 240.00
443 300.00
444 340.00
445 440.00
446 260.00
447 480.00
448 200.00
449 320.00
450 240.00
451 260.00
452 380.00
453 200.00
454 240.00
455 340.00
456 220.00
457 420.00
458 240.00
459 160.00
460 400.00
461 380.00
462 180.00
463 380.00
464 240.00
465 260.00
466 140.00
467 300.00
468 220.00
469 380.00
470 220.00
471 340.00
472 440.00
473 200.00
474 400.00
475 480.00
476 240.00
477 260.00
478 220.00
479 220.00
480 300.00
481 220.00
482 200.00
483 240.00
484 180.00
485 260.00
486 160.00
487 220.00
488 280.00
489 380.00
490 400.00
491 320.00
492 180.00
493 460.00
494 360.00
495 240.00
496 220.00
497 180.00
498 260.00
499 220.00
500 240.00
501 400.00
502 180.00
503 220.00
504 380.00
505 180.00
506 360.00
507 240.00
508 220.00
509 160.00
510 260.00
511 200.00
512 200.00
513 400.00
514 260.00
515 220.00
516 200.00
517 200.00
518 280.00
519 200.00
520 220.00
521 280.00
522 180.00
523 260.00
524 220.00
525 300.00
526 320.00
527 240.00
528 60.00
529 40.00
530 100.00
531 460.00
532 340.00
533 200.00
534 340.00
535 380.00
536 240.00
537 200.00
538 460.00
539 220.00
540 340.00
541 220.00
542 320.00
543 340.00
544 160.00
545 440.00
546 440.00
547 200.00
548 240.00
549 240.00
550 380.00
551 220.00
552 200.00
553 220.00
554 260.00
555 160.00
556 200.00
557 100.00
558 240.00
559 140.00
560 360.00
561 180.00
562 160.00
563 440.00
564 260.00
565 500.00
566 400.00
567 240.00
568 280.00
569 400.00
570 200.00
571 460.00
572 240.00
573 460.00
574 460.00
575 220.00
576 360.00
577 480.00
578 380.00
579 240.00
580 240.00
581 220.00
582 460.00
583 240.00
584 300.00
585 300.00
586 240.00
587 240.00
588 240.00
589 220.00
590 220.00
591 500.00
592 240.00
593 280.00
594 240.00
595 300.00
596 240.00
597 360.00
598 240.00
599 460.00
600 220.00
601 160.00
602 260.00
603 420.00
604 120.00
605 240.00
606 460.00
607 260.00
608 420.00
609 400.00
610 200.00
611 220.00
612 220.00
613 240.00
614 340.00
615 360.00
616 200.00
617 400.00
618 220.00
619 380.00
620 280.00
621 180.00
622 320.00
623 160.00
624 180.00
625 220.00
626 40.00
627 240.00
628 320.00
629 240.00
630 360.00
631 160.00
632 220.00
633 180.00
634 420.00
635 160.00
636 40.00
637 160.00
638 320.00
639 500.00
640 200.00
641 160.00
642 280.00
643 400.00
644 160.00
645 420.00
646 200.00
647 360.00
648 220.00
649 240.00
650 480.00
651 240.00
652 240.00
653 240.00
654 500.00
655 200.00
656 500.00
657 220.00
658 220.00
659 340.00
660 160.00
661 200.00
662 360.00
663 240.00
664 360.00
665 360.00
666 220.00
667 240.00
668 440.00
669 360.00
670 160.00
671 240.00
672 340.00
673 240.00
674 200.00
675 180.00
676 400.00
677 360.00
678 220.00
679 240.00
680 220.00
681 280.00
682 380.00
683 360.00
684 160.00
685 380.00
686 220.00
687 180.00
688 420.00
689 360.00
690 460.00
691 460.00
692 220.00
693 220.00
694 420.00
695 220.00
696 220.00
697 460.00
698 240.00
699 200.00
700 200.00
701 280.00
702 360.00
703 280.00
704 200.00
705 200.00
706 400.00
707 400.00
708 400.00
709 180.00
710 240.00
711 200.00
712 140.00
713 240.00
714 240.00
715 460.00
716 260.00
717 240.00
718 360.00
719 220.00
720 340.00
721 440.00
722 440.00
723 500.00
724 80.00
725 160.00
726 200.00
727 500.00
728 200.00
729 240.00
730 240.00
731 200.00
732 380.00
733 380.00
734 140.00
735 120.00
736 240.00
737 300.00
738 240.00
739 380.00
740 260.00
741 260.00
742 400.00
743 460.00
744 340.00
745 360.00
746 220.00
747 220.00
748 220.00
749 440.00
750 240.00
751 220.00
752 200.00
753 360.00
754 240.00
755 320.00
756 20.00
757 380.00
758 360.00
759 380.00
760 240.00
761 220.00
762 200.00
763 20.00
764 420.00
765 200.00
766 400.00
767 240.00
768 240.00
769 180.00
770 220.00
771 240.00
772 340.00
773 360.00
774 340.00
775 340.00
776 240.00
777 140.00
778 380.00
779 180.00
780 200.00
781 360.00
782 20.00
783 260.00
784 360.00
785 280.00
786 400.00
787 200.00
788 300.00
789 160.00
790 240.00
791 180.00
792 280.00
793 160.00
794 320.00
795 260.00
796 200.00
797 200.00
798 220.00
799 360.00
800 140.00
801 340.00
802 340.00
803 280.00
804 180.00
805 220.00
806 300.00
807 340.00
808 320.00
809 340.00
810 300.00
811 200.00
812 340.00
813 380.00
814 260.00
815 240.00
816 240.00
817 320.00
818 260.00
819 360.00
820 280.00
821 180.00
822 400.00
823 280.00
824 160.00
825 100.00
826 200.00
827 480.00
828 360.00
829 340.00
830 340.00
831 260.00
832 380.00
833 340.00
834 200.00
835 180.00
836 240.00
837 340.00
838 360.00
839 360.00
840 400.00
841 220.00
842 480.00
843 240.00
844 180.00
845 320.00
846 300.00
847 340.00
848 280.00
849 380.00
850 240.00
851 480.00
852 160.00
853 280.00
854 280.00
855 200.00
856 320.00
857 220.00
858 280.00
859 320.00
860 80.00
861 260.00
862 260.00
863 200.00
864 400.00
865 260.00
866 300.00
867 380.00
868 220.00
869 260.00
870 180.00
871 220.00
872 120.00
873 440.00
874 140.00
875 460.00
876 220.00
877 240.00
878 80.00
879 340.00
880 100.00
881 300.00
882 220.00
883 320.00
884 380.00
885 220.00
886 420.00
887 360.00
888 380.00
889 240.00
890 280.00
891 280.00
892 300.00
893 300.00
894 400.00
895 200.00
896 240.00
897 340.00
898 220.00
899 140.00
900 140.00
901 180.00
902 180.00
903 240.00
904 320.00
905 220.00
906 340.00
907 380.00
908 220.00
909 300.00
910 280.00
911 340.00
912 220.00
913 340.00
914 420.00
915 200.00
916 200.00
917 240.00
918 440.00
919 240.00
920 180.00
921 340.00
922 440.00
923 240.00
924 360.00
925 400.00
926 420.00
927 200.00
928 280.00
929 320.00
930 440.00
931 240.00
932 380.00
933 420.00
934 120.00
935 240.00
936 160.00
937 300.00
938 200.00
939 220.00
940 140.00
941 240.00
942 240.00
943 240.00
944 180.00
945 240.00
946 300.00
947 300.00
948 360.00
949 460.00
950 440.00
951 300.00
952 300.00
953 260.00
954 220.00
955 260.00
956 300.00
957 340.00
958 320.00
959 160.00
960 460.00
961 280.00
962 480.00
963 400.00
964 340.00
965 340.00
966 280.00
967 200.00
968 300.00
969 180.00
970 180.00
971 160.00
972 380.00
973 340.00
974 380.00
975 360.00
976 180.00
977 380.00
978 240.00
979 220.00
980 320.00
981 400.00
982 360.00
983 480.00
984 400.00
985 380.00
986 200.00
987 400.00
988 360.00
989 80.00
990 440.00
991 240.00
992 220.00
993 220.00
994 360.00
995 300.00
996 480.00
997 240.00
998 280.00
999 240.00
1000 340.00
1001 180.00
1002 200.00
1003 240.00
1004 220.00
1005 240.00
1006 420.00
1007 240.00
1008 400.00
1009 320.00
1010 240.00
1011 200.00
1012 340.00
1013 180.00
1014 380.00
1015 140.00
1016 140.00
1017 360.00
1018 420.00
1019 220.00
1020 400.00
1021 200.00
1022 400.00
1023 400.00
1024 400.00
1025 120.00
1026 340.00
1027 240.00
1028 240.00
1029 220.00
1030 300.00
1031 400.00
1032 180.00
1033 300.00
1034 380.00
1035 340.00
1036 260.00
1037 480.00
1038 460.00
1039 340.00
1040 120.00
1041 180.00
1042 220.00
1043 220.00
1044 240.00
1045 280.00
1046 200.00
1047 440.00
1048 480.00
1049 300.00
1050 120.00
1051 260.00
1052 320.00
1053 100.00
1054 400.00
1055 400.00
1056 360.00
1057 220.00
1058 220.00
1059 320.00
1060 240.00
1061 220.00
1062 280.00
1063 280.00
1064 180.00
1065 440.00
1066 380.00
1067 280.00
1068 380.00
1069 460.00
1070 220.00
1071 300.00
1072 280.00
1073 400.00
1074 280.00
1075 380.00
1076 440.00
1077 500.00
1078 220.00
1079 360.00
1080 220.00
1081 380.00
1082 340.00
1083 300.00
1084 180.00
1085 360.00
1086 160.00
1087 500.00
1088 420.00
1089 240.00
1090 460.00
1091 440.00
1092 240.00
1093 460.00
1094 340.00
1095 220.00
1096 400.00
1097 500.00
1098 340.00
1099 40.00
1100 340.00
1101 400.00
1102 220.00
1103 440.00
1104 340.00
1105 340.00
1106 340.00
1107 340.00
1108 360.00
1109 180.00
1110 340.00
1111 420.00
1112 220.00
1113 340.00
1114 480.00
1115 440.00
1116 240.00
1117 220.00
1118 400.00
1119 220.00
1120 500.00
1121 360.00
1122 440.00
1123 320.00
1124 400.00
1125 240.00
1126 320.00
1127 240.00
1128 200.00
1129 260.00
1130 220.00
1131 340.00
1132 220.00
1133 220.00
1134 200.00
1135 320.00
1136 360.00
1137 320.00
1138 260.00
1139 500.00
1140 240.00
1141 340.00
1142 320.00
1143 400.00
1144 380.00
1145 240.00
1146 380.00
1147 240.00
1148 300.00
1149 320.00
1150 300.00
1151 380.00
1152 340.00
1153 480.00
1154 240.00
1155 400.00
1156 320.00
1157 380.00
1158 200.00
1159 220.00
1160 480.00
1161 180.00
1162 220.00
1163 260.00
1164 320.00
1165 240.00
1166 60.00
1167 340.00
1168 380.00
1169 260.00
1170 400.00
1171 380.00
1172 460.00
1173 220.00
1174 240.00
1175 180.00
1176 420.00
1177 280.00
1178 460.00
1179 280.00
1180 360.00
1181 340.00
1182 200.00
1183 380.00
1184 420.00
1185 340.00
1186 340.00
1187 460.00
1188 320.00
1189 460.00
1190 200.00
1191 260.00
1192 440.00
1193 460.00
1194 400.00
1195 500.00
1196 240.00
1197 460.00
1198 400.00
1199 240.00
1200 200.00
1201 340.00
1202 400.00
1203 440.00
1204 440.00
1205 400.00
1206 240.00
1207 480.00
1208 440.00
1209 260.00
1210 400.00
1211 300.00
1212 340.00
1213 220.00
1214 460.00
1215 260.00
1216 260.00
1217 380.00
1218 420.00
1219 220.00
1220 360.00
1221 180.00
1222 300.00
1223 300.00
1224 400.00
1225 240.00
1226 440.00
1227 420.00
1228 260.00
1229 260.00
1230 480.00
1231 420.00
1232 140.00
1233 180.00
1234 320.00
1235 280.00
1236 380.00
1237 360.00
1238 320.00
1239 220.00
1240 460.00
1241 360.00
1242 360.00
1243 200.00
1244 300.00
1245 240.00
1246 240.00
1247 240.00
1248 280.00
1249 380.00
1250 300.00
1251 200.00
1252 340.00
1253 220.00
1254 400.00
1255 180.00
1256 360.00
1257 400.00
1258 260.00
1259 320.00
1260 320.00
1261 320.00
1262 260.00
1263 380.00
1264 400.00
1265 200.00
1266 340.00
1267 200.00
1268 220.00
1269 140.00
1270 460.00
1271 220.00
1272 400.00
1273 380.00
1274 440.00
1275 340.00
1276 220.00
1277 120.00
1278 260.00
1279 340.00
1280 140.00
1281 120.00
1282 400.00
1283 360.00
1284 480.00
1285 380.00
1286 420.00
1287 200.00
1288 400.00
1289 420.00
1290 160.00
1291 480.00
1292 360.00
1293 240.00
1294 240.00
1295 480.00
1296 380.00
1297 420.00
1298 240.00
1299 300.00
1300 220.00
1301 420.00
1302 500.00
1303 240.00
1304 420.00
1305 440.00
1306 80.00
1307 440.00
1308 360.00
1309 260.00
1310 400.00
1311 460.00
1312 240.00
1313 300.00
1314 320.00
1315 240.00
1316 220.00
1317 240.00
1318 340.00
1319 300.00
1320 340.00
1321 360.00
1322 220.00
1323 340.00
1324 380.00
1325 300.00
1326 380.00
1327 340.00
1328 240.00
1329 380.00
1330 240.00
1331 260.00
1332 360.00
1333 400.00
1334 420.00
1335 380.00
1336 260.00
1337 340.00
1338 420.00
1339 360.00
1340 240.00
1341 260.00
1342 240.00
1343 380.00
1344 200.00
1345 360.00
1346 500.00
1347 240.00
1348 340.00
1349 260.00
1350 380.00
1351 320.00
1352 360.00
1353 280.00
1354 220.00
1355 380.00
1356 260.00
1357 200.00
1358 400.00
1359 400.00
1360 380.00
1361 420.00
1362 240.00
1363 220.00
1364 220.00
1365 320.00
1366 300.00
1367 180.00
1368 240.00
1369 220.00
1370 380.00
1371 400.00
1372 380.00
1373 180.00
1374 380.00
1375 320.00
1376 200.00
1377 360.00
1378 360.00
1379 380.00
1380 460.00
1381 220.00
1382 400.00
1383 240.00
1384 420.00
1385 460.00
1386 400.00
1387 380.00
1388 360.00
1389 340.00
1390 340.00
1391 440.00
1392 240.00
1393 280.00
1394 400.00
1395 440.00
1396 380.00
1397 200.00
1398 480.00
1399 220.00
1400 200.00
1401 360.00
1402 460.00
1403 220.00
1404 400.00
1405 420.00
1406 160.00
1407 180.00
1408 360.00
1409 260.00
1410 320.00
1411 240.00
1412 380.00
1413 140.00
1414 180.00
1415 200.00
1416 280.00
1417 60.00
1418 200.00
1419 220.00
1420 80.00
1421 180.00
1422 280.00
1423 180.00
1424 220.00
1425 300.00
1426 240.00
1427 320.00
1428 300.00
1429 320.00
1430 220.00
1431 280.00
1432 340.00
1433 200.00
1434 200.00
1435 380.00
1436 320.00
1437 240.00
1438 480.00
1439 280.00
1440 180.00
1441 480.00
1442 140.00
1443 220.00
1444 300.00
1445 220.00
1446 340.00
1447 240.00
1448 240.00
1449 220.00
1450 420.00
1451 460.00
1452 360.00
1453 400.00
1454 180.00
1455 180.00
1456 200.00
1457 260.00
1458 220.00
1459 300.00
1460 160.00
1461 200.00
1462 300.00
1463 260.00
1464 260.00
1465 480.00
1466 140.00
1467 280.00
1468 180.00
1469 500.00
1470 180.00
1471 120.00
1472 260.00
1473 420.00
1474 340.00
1475 320.00
1476 300.00
1477 160.00
1478 300.00
1479 320.00
1480 420.00
1481 500.00
1482 360.00
1483 240.00
1484 240.00
1485 500.00
1486 180.00
1487 160.00
1488 360.00
1489 420.00
1490 220.00
1491 220.00
1492 480.00
1493 400.00
1494 440.00
1495 400.00
1496 400.00
1497 360.00
1498 280.00
1499 420.00
1500 400.00
1501 240.00
1502 480.00
1503 440.00
1504 180.00
1505 220.00
1506 280.00
1507 200.00
1508 380.00
1509 220.00
1510 200.00
1511 240.00
1512 60.00
1513 380.00
1514 220.00
1515 380.00
1516 400.00
1517 380.00
1518 380.00
1519 380.00
1520 460.00
1521 440.00
1522 240.00
1523 420.00
1524 440.00
1525 440.00
1526 400.00
1527 400.00
1528 380.00
1529 280.00
1530 360.00
1531 420.00
1532 340.00
1533 340.00
1534 280.00
1535 500.00
1536 300.00
1537 220.00
1538 420.00
1539 340.00
1540 480.00
1541 220.00
1542 240.00
1543 280.00
1544 360.00
1545 240.00
1546 140.00
1547 220.00
1548 260.00
1549 460.00
1550 340.00
1551 220.00
1552 340.00
1553 400.00
1554 200.00
1555 380.00
1556 400.00
1557 260.00
1558 420.00
1559 340.00
1560 180.00
1561 240.00
1562 260.00
1563 360.00
1564 300.00
1565 220.00
1566 300.00
1567 240.00
1568 40.00
1569 200.00
1570 160.00
1571 500.00
1572 340.00
1573 200.00
1574 480.00
1575 500.00
1576 420.00
1577 60.00
1578 400.00
1579 340.00
1580 360.00
1581 380.00
1582 420.00
1583 360.00
1584 380.00
1585 200.00
1586 220.00
1587 460.00
1588 160.00
1589 440.00
1590 280.00
1591 380.00
1592 400.00
1593 400.00
1594 360.00
1595 480.00
1596 220.00
1597 240.00
1598 240.00
1599 220.00
1600 160.00
1601 200.00
1602 380.00
1603 380.00
1604 340.00
1605 400.00
1606 380.00
1607 400.00
1608 240.00
1609 400.00
1610 240.00
1611 460.00
1612 180.00
1613 460.00
1614 340.00
1615 500.00
1616 380.00
1617 280.00
1618 340.00
1619 200.00
1620 200.00
1621 340.00
1622 160.00
1623 320.00
1624 460.00
1625 220.00
1626 380.00
1627 220.00
1628 260.00
1629 240.00
1630 400.00
1631 380.00
1632 220.00
1633 380.00
1634 360.00
1635 220.00
1636 420.00
1637 400.00
1638 480.00
1639 200.00
1640 480.00
1641 380.00
1642 240.00
1643 440.00
1644 340.00
1645 220.00
1646 180.00
1647 380.00
1648 340.00
1649 360.00
1650 240.00
1651 360.00
1652 140.00
1653 360.00
1654 280.00
1655 280.00
1656 380.00
1657 460.00
1658 480.00
1659 260.00
1660 200.00
1661 180.00
1662 440.00
1663 280.00
1664 360.00
1665 180.00
1666 360.00
1667 340.00
1668 360.00
1669 300.00
1670 320.00
1671 400.00
1672 380.00
1673 200.00
1674 480.00
1675 420.00
1676 400.00
1677 500.00
1678 380.00
1679 400.00
1680 240.00
1681 200.00
1682 200.00
1683 460.00
1684 220.00
1685 420.00
1686 60.00
1687 440.00
1688 240.00
1689 180.00
1690 500.00
1691 380.00
1692 180.00
1693 440.00
1694 400.00
1695 200.00
1696 360.00
1697 240.00
1698 340.00
1699 360.00
1700 240.00
1701 260.00
1702 440.00
1703 200.00
1704 440.00
1705 280.00
1706 400.00
1707 280.00
1708 400.00
1709 180.00
1710 320.00
1711 240.00
1712 420.00
1713 400.00
1714 260.00
1715 380.00
1716 360.00
1717 360.00
1718 340.00
1719 360.00
1720 280.00
1721 240.00
1722 260.00
1723 340.00
1724 420.00
1725 240.00
1726 180.00
1727 280.00
1728 340.00
1729 280.00
1730 380.00
1731 400.00
1732 360.00
1733 220.00
1734 440.00
1735 260.00
1736 340.00
1737 460.00
1738 180.00
1739 220.00
1740 500.00
1741 280.00
1742 500.00
1743 420.00
1744 300.00
1745 400.00
1746 360.00
1747 220.00
1748 400.00
1749 320.00
1750 440.00
1751 340.00
1752 380.00
1753 360.00
1754 460.00
1755 420.00
1756 260.00
1757 460.00
1758 380.00
1759 120.00
1760 440.00
1761 420.00
1762 380.00
1763 240.00
1764 460.00
1765 400.00
1766 360.00
1767 280.00
1768 220.00
1769 280.00
1770 380.00
1771 420.00
1772 500.00
1773 340.00
1774 360.00
1775 480.00
1776 360.00
1777 500.00
1778 420.00
1779 380.00
1780 400.00
1781 360.00
1782 320.00
1783 400.00
1784 340.00
1785 400.00
1786 180.00
1787 180.00
1788 400.00
1789 200.00
1790 320.00
1791 280.00
1792 400.00
1793 400.00
1794 480.00
1795 400.00
1796 160.00
1797 340.00
1798 200.00
1799 280.00
1800 420.00
1801 400.00
1802 240.00
1803 160.00
1804 420.00
1805 380.00
1806 380.00
1807 240.00
1808 380.00
1809 220.00
1810 400.00
1811 500.00
1812 380.00
1813 260.00
1814 380.00
1815 220.00
1816 340.00
1817 200.00
1818 380.00
1819 400.00
1820 360.00
1821 220.00
1822 500.00
1823 440.00
1824 220.00
1825 480.00
1826 180.00
1827 200.00
1828 360.00
1829 200.00
1830 400.00
1831 480.00
1832 120.00
1833 320.00
1834 360.00
1835 420.00
1836 320.00
1837 400.00
1838 200.00
1839 240.00
1840 400.00
1841 400.00
1842 180.00
1843 500.00
1844 360.00
1845 220.00
1846 340.00
1847 340.00
1848 220.00
1849 240.00
1850 360.00
1851 260.00
1852 200.00
1853 240.00
1854 400.00
1855 120.00
1856 240.00
1857 100.00
1858 420.00
1859 460.00
1860 240.00
1861 360.00
1862 140.00
1863 380.00
1864 480.00
1865 200.00
1866 420.00
1867 360.00
1868 420.00
1869 480.00
1870 240.00
1871 220.00
1872 340.00
1873 400.00
1874 180.00
1875 180.00
1876 360.00
1877 420.00
1878 340.00
1879 240.00
1880 340.00
1881 340.00
1882 380.00
1883 480.00
1884 300.00
1885 200.00
1886 340.00
1887 340.00
1888 400.00
1889 360.00
1890 500.00
1891 320.00
1892 200.00
1893 200.00
1894 280.00
1895 440.00
1896 260.00
1897 280.00
1898 300.00
1899 420.00
1900 140.00
1901 340.00
1902 480.00
1903 340.00
1904 500.00
1905 360.00
1906 340.00
1907 400.00
1908 240.00
1909 240.00
1910 300.00
1911 320.00
1912 400.00
1913 100.00
1914 340.00
1915 240.00
1916 480.00
1917 220.00
1918 500.00
1919 180.00
1920 420.00
1921 200.00
1922 320.00
1923 460.00
1924 240.00
1925 380.00
1926 480.00
1927 400.00
1928 480.00
1929 300.00
1930 440.00
1931 360.00
1932 220.00
1933 400.00
1934 460.00
1935 300.00
1936 320.00
1937 400.00
1938 320.00
1939 220.00
1940 440.00
1941 260.00
1942 400.00
1943 460.00
1944 380.00
1945 320.00
1946 400.00
1947 360.00
1948 400.00
1949 200.00
1950 360.00
1951 360.00
1952 400.00
1953 500.00
1954 140.00
1955 400.00
1956 440.00
1957 340.00
1958 480.00
1959 360.00
1960 220.00
1961 480.00
1962 420.00
1963 240.00
1964 240.00
1965 400.00
1966 280.00
1967 360.00
1968 340.00
1969 500.00
1970 440.00
1971 360.00
1972 320.00
1973 400.00
1974 220.00
1975 420.00
1976 200.00
1977 400.00
1978 240.00
1979 200.00
1980 220.00
1981 220.00
1982 140.00
1983 360.00
1984 320.00
1985 320.00
1986 160.00
1987 260.00
1988 160.00
1989 160.00
1990 180.00
1991 460.00
1992 360.00
1993 360.00
1994 360.00
1995 200.00
1996 380.00
1997 460.00
1998 420.00
1999 200.00
2000 480.00
2001 420.00
2002 340.00
2003 280.00
2004 200.00
2005 160.00
2006 140.00
2007 360.00
2008 280.00
2009 100.00
2010 140.00
2011 200.00
2012 120.00
2013 180.00
2014 340.00
2015 400.00
2016 240.00
2017 300.00
2018 280.00
2019 340.00
2020 380.00
2021 300.00
2022 360.00
2023 360.00
2024 400.00
2025 400.00
2026 500.00
2027 400.00
2028 460.00
2029 240.00
2030 440.00
2031 400.00
2032 180.00
2033 500.00
2034 500.00
2035 400.00
2036 340.00
2037 200.00
2038 260.00
2039 500.00
2040 380.00
2041 360.00
2042 420.00
2043 420.00
2044 460.00
2045 460.00
2046 240.00
2047 140.00
2048 480.00
2049 460.00
2050 340.00
2051 440.00
2052 240.00
2053 420.00
2054 320.00
2055 500.00
2056 320.00
2057 460.00
2058 460.00
2059 380.00
2060 380.00
2061 360.00
2062 460.00
2063 340.00
2064 400.00
2065 360.00
2066 360.00
2067 200.00
2068 360.00
2069 400.00
2070 200.00
2071 180.00
2072 240.00
2073 280.00
2074 500.00
2075 440.00
2076 420.00
2077 400.00
2078 220.00
2079 280.00
2080 380.00
2081 360.00
2082 200.00
2083 440.00
2084 400.00
2085 260.00
2086 240.00
2087 220.00
2088 420.00
2089 500.00
2090 140.00
2091 380.00
2092 420.00
2093 500.00
2094 220.00
2095 300.00
2096 360.00
2097 240.00
2098 200.00
2099 240.00
2100 340.00
2101 200.00
2102 240.00
2103 460.00
2104 260.00
2105 280.00
2106 280.00
2107 260.00
2108 440.00
2109 260.00
2110 240.00
2111 320.00
2112 440.00
2113 240.00
2114 400.00
2115 240.00
2116 440.00
2117 480.00
2118 440.00
2119 440.00
2120 320.00
2121 480.00
2122 420.00
2123 320.00
2124 120.00
2125 420.00
2126 380.00
2127 300.00
2128 300.00
2129 260.00
2130 420.00
2131 200.00
2132 140.00
2133 380.00
2134 420.00
2135 360.00
2136 200.00
2137 440.00
2138 300.00
2139 380.00
2140 400.00
2141 380.00
2142 400.00
2143 420.00
2144 380.00
2145 360.00
2146 440.00
2147 420.00
2148 440.00
2149 200.00
2150 420.00
2151 340.00
2152 460.00
2153 200.00
2154 500.00
2155 380.00
2156 220.00
2157 160.00
2158 320.00
2159 380.00
2160 280.00
2161 420.00
2162 220.00
2163 240.00
2164 200.00
2165 500.00
2166 360.00
2167 220.00
2168 160.00
2169 220.00
2170 240.00
2171 400.00
2172 380.00
2173 500.00
2174 320.00
2175 160.00
2176 140.00
2177 260.00
2178 160.00
2179 360.00
2180 160.00
2181 320.00
2182 420.00
2183 300.00
2184 460.00
2185 340.00
2186 280.00
2187 420.00
2188 360.00
2189 320.00
2190 260.00
2191 380.00
2192 400.00
2193 260.00
2194 200.00
2195 200.00
2196 400.00
2197 160.00
2198 300.00
2199 240.00
2200 380.00
2201 480.00
2202 340.00
2203 360.00
2204 200.00
2205 320.00
2206 300.00
2207 400.00
2208 140.00
2209 280.00
2210 440.00
2211 380.00
2212 240.00
2213 240.00
2214 340.00
2215 200.00
2216 460.00
2217 360.00
2218 360.00
2219 180.00
2220 340.00
2221 340.00
2222 220.00
2223 460.00
2224 260.00
2225 360.00
2226 480.00
2227 160.00
2228 480.00
2229 440.00
2230 440.00
2231 220.00
2232 240.00
2233 400.00
2234 420.00
2235 340.00
2236 360.00
2237 200.00
2238 500.00
2239 220.00
2240 480.00
2241 220.00
2242 20.00
2243 280.00
2244 420.00
2245 200.00
2246 440.00
2247 440.00
2248 460.00
2249 220.00
2250 420.00
2251 300.00
2252 440.00
2253 140.00
2254 440.00
2255 440.00
2256 380.00
2257 420.00
2258 340.00
2259 420.00
2260 500.00
2261 220.00
2262 380.00
2263 400.00
2264 420.00
2265 380.00
2266 400.00
2267 140.00
2268 400.00
2269 380.00
2270 220.00
2271 260.00
2272 420.00
2273 160.00
2274 160.00
2275 300.00
2276 440.00
2277 300.00
2278 300.00
2279 340.00
2280 220.00
2281 200.00
2282 340.00
2283 120.00
2284 440.00
2285 340.00
2286 280.00
2287 320.00
2288 400.00
2289 380.00
2290 220.00
2291 160.00
2292 400.00
2293 160.00
2294 360.00
2295 200.00
2296 320.00
2297 500.00
2298 340.00
2299 220.00
2300 460.00
2301 320.00
2302 460.00
2303 180.00
2304 280.00
2305 100.00
2306 320.00
2307 140.00
2308 100.00
2309 420.00
2310 340.00
2311 220.00
2312 140.00
2313 440.00
2314 480.00
2315 300.00
2316 380.00
2317 400.00
2318 380.00
2319 400.00
2320 400.00
2321 200.00
2322 220.00
2323 300.00
2324 140.00
2325 360.00
2326 440.00
2327 260.00
2328 220.00
2329 240.00
2330 420.00
2331 420.00
2332 200.00
2333 300.00
2334 40.00
2335 400.00
2336 380.00
2337 440.00
2338 180.00
2339 380.00
2340 200.00
2341 420.00
2342 420.00
2343 220.00
2344 400.00
2345 440.00
2346 460.00
2347 480.00
2348 360.00
2349 380.00
2350 400.00
2351 480.00
2352 200.00
2353 380.00
2354 240.00
2355 480.00
2356 440.00
2357 220.00
2358 380.00
2359 420.00
2360 340.00
2361 260.00
2362 300.00
2363 380.00
2364 180.00
2365 320.00
2366 420.00
2367 420.00
2368 500.00
2369 320.00
2370 200.00
2371 440.00
2372 380.00
2373 220.00
2374 360.00
2375 320.00
2376 400.00
2377 500.00
2378 460.00
2379 340.00
2380 340.00
2381 240.00
2382 320.00
2383 400.00
2384 420.00
2385 440.00
2386 200.00
2387 480.00
2388 120.00
2389 300.00
2390 380.00
2391 100.00
2392 380.00
2393 240.00
2394 220.00
2395 400.00
2396 460.00
2397 420.00
2398 460.00
2399 340.00
2400 460.00
2401 480.00
2402 400.00
2403 360.00
2404 240.00
2405 260.00
2406 440.00
2407 380.00
2408 460.00
2409 420.00
2410 380.00
2411 220.00
2412 220.00
2413 120.00
2414 480.00
2415 400.00
2416 420.00
2417 380.00
2418 460.00
2419 40.00
2420 260.00
2421 400.00
2422 220.00
2423 420.00
2424 320.00
2425 220.00
2426 220.00
2427 460.00
2428 500.00
2429 380.00
2430 420.00
2431 260.00
2432 380.00
2433 480.00
2434 420.00
2435 200.00
2436 380.00
2437 340.00
2438 240.00
2439 220.00
2440 360.00
2441 340.00
2442 160.00
2443 400.00
2444 240.00
2445 280.00
2446 340.00
2447 360.00
2448 500.00
2449 180.00
2450 220.00
2451 280.00
2452 160.00
2453 460.00
2454 480.00
2455 440.00
2456 400.00
2457 200.00
2458 280.00
2459 260.00
2460 380.00
2461 220.00
2462 440.00
2463 300.00
2464 460.00
2465 420.00
2466 460.00
2467 340.00
2468 360.00
2469 140.00
2470 500.00
2471 220.00
2472 420.00
2473 240.00
2474 280.00
2475 400.00
2476 340.00
2477 220.00
2478 320.00
2479 400.00
2480 440.00
2481 460.00
2482 80.00
2483 240.00
2484 320.00
2485 340.00
2486 400.00
2487 380.00
2488 200.00
2489 180.00
2490 340.00
2491 400.00
2492 180.00
2493 480.00
2494 460.00
2495 180.00
2496 440.00
2497 280.00
2498 240.00
2499 180.00
2500 360.00
2501 420.00
2502 180.00
2503 380.00
2504 220.00
2505 480.00
2506 440.00
2507 480.00
2508 180.00
2509 320.00
2510 420.00
2511 220.00
2512 420.00
2513 260.00
2514 460.00
2515 280.00
2516 240.00
2517 180.00
2518 340.00
2519 340.00
2520 400.00
2521 360.00
2522 440.00
2523 280.00
2524 460.00
2525 480.00
2526 400.00
2527 440.00
2528 340.00
2529 300.00
2530 260.00
2531 420.00
2532 380.00
2533 480.00
2534 220.00
2535 420.00
2536 480.00
2537 400.00
2538 440.00
2539 480.00
2540 220.00
2541 360.00
2542 240.00
2543 280.00
2544 400.00
2545 400.00
2546 320.00
2547 420.00
2548 160.00
2549 360.00
2550 320.00
2551 200.00
2552 380.00
2553 120.00
2554 460.00
2555 160.00
2556 340.00
2557 140.00
2558 380.00
2559 400.00
2560 420.00
2561 320.00
2562 240.00
2563 500.00
2564 420.00
2565 420.00
2566 420.00
2567 240.00
2568 180.00
2569 220.00
2570 400.00
2571 480.00
2572 440.00
2573 180.00
2574 340.00
2575 380.00
2576 200.00
2577 320.00
2578 340.00
2579 180.00
2580 440.00
2581 200.00
2582 360.00
2583 380.00
2584 440.00
2585 460.00
2586 400.00
2587 400.00
2588 360.00
2589 260.00
2590 240.00
2591 380.00
2592 460.00
2593 500.00
2594 420.00
2595 280.00
2596 160.00
2597 340.00
2598 340.00
2599 160.00
2600 500.00
2601 280.00
2602 320.00
2603 180.00
2604 440.00
2605 500.00
2606 400.00
2607 280.00
2608 380.00
2609 400.00
2610 280.00
2611 440.00
2612 100.00
2613 160.00
2614 280.00
2615 340.00
2616 360.00
2617 320.00
2618 280.00
2619 380.00
2620 120.00
2621 240.00
2622 380.00
2623 220.00
2624 140.00
2625 360.00
2626 400.00
2627 280.00
2628 260.00
2629 320.00
2630 260.00
2631 380.00
2632 300.00
2633 360.00
2634 140.00
2635 160.00
2636 340.00
2637 280.00
2638 280.00
2639 280.00
2640 400.00
2641 320.00
2642 220.00
2643 220.00
2644 240.00
2645 240.00
2646 240.00
2647 180.00
2648 280.00
2649 120.00
2650 360.00
2651 440.00
2652 280.00
2653 200.00
2654 320.00
2655 320.00
2656 380.00
2657 460.00
2658 260.00
2659 200.00
2660 460.00
2661 340.00
2662 460.00
2663 320.00
2664 300.00
2665 420.00
2666 420.00
2667 300.00
2668 220.00
2669 200.00
2670 300.00
2671 240.00
2672 300.00
2673 320.00
2674 340.00
2675 340.00
2676 320.00
2677 340.00
2678 320.00
2679 340.00
2680 320.00
2681 440.00
2682 180.00
2683 320.00
2684 260.00
2685 160.00
2686 320.00
2687 240.00
2688 140.00
2689 340.00
2690 440.00
2691 300.00
2692 280.00
2693 280.00
2694 240.00
2695 240.00
2696 260.00
2697 340.00
2698 260.00
2699 440.00
2700 300.00
2701 440.00
2702 340.00
2703 420.00
2704 320.00
2705 360.00
2706 280.00
2707 420.00
2708 220.00
2709 300.00
2710 420.00
2711 320.00
2712 240.00
2713 480.00
2714 260.00
2715 380.00
2716 500.00
2717 500.00
2718 320.00
2719 360.00
2720 360.00
2721 360.00
2722 260.00
2723 360.00
2724 500.00
2725 300.00
2726 320.00
2727 300.00
2728 440.00
2729 260.00
2730 280.00
2731 460.00
2732 320.00
2733 480.00
2734 160.00
2735 440.00
2736 480.00
2737 200.00
2738 220.00
2739 360.00
2740 460.00
2741 420.00
2742 240.00
2743 300.00
2744 440.00
2745 440.00
2746 200.00
2747 280.00
2748 300.00
2749 240.00
2750 300.00
2751 320.00
2752 360.00
2753 200.00
2754 260.00
2755 180.00
2756 300.00
2757 420.00
2758 400.00
2759 380.00
2760 380.00
2761 440.00
2762 380.00
2763 260.00
2764 320.00
2765 320.00
2766 220.00
2767 360.00
2768 420.00
2769 300.00
2770 300.00
2771 340.00
2772 360.00
2773 500.00
2774 320.00
2775 340.00
2776 280.00
2777 240.00
2778 280.00
2779 320.00
2780 260.00
2781 340.00
2782 320.00
2783 400.00
2784 260.00
2785 240.00
2786 360.00
2787 220.00
2788 380.00
2789 440.00
2790 180.00
2791 280.00
2792 340.00
2793 260.00
2794 360.00
2795 240.00
2796 380.00
2797 440.00
2798 420.00
2799 280.00
2800 380.00
2801 200.00
2802 380.00
2803 360.00
2804 380.00
2805 400.00
2806 320.00
2807 160.00
2808 240.00
2809 260.00
2810 320.00
2811 280.00
2812 440.00
2813 280.00
2814 500.00
2815 480.00
2816 440.00
2817 340.00
2818 240.00
2819 220.00
2820 400.00
2821 280.00
2822 320.00
2823 280.00
2824 380.00
2825 300.00
2826 480.00
2827 440.00
2828 480.00
2829 360.00
2830 440.00
2831 420.00
2832 360.00
2833 460.00
2834 360.00
2835 340.00
2836 160.00
2837 240.00
2838 380.00
2839 220.00
2840 200.00
2841 180.00
2842 220.00
2843 360.00
2844 360.00
2845 340.00
2846 300.00
2847 380.00
2848 320.00
2849 220.00
2850 340.00
2851 400.00
2852 280.00
2853 320.00
2854 400.00
2855 280.00
2856 400.00
2857 380.00
2858 320.00
2859 300.00
2860 380.00
2861 180.00
2862 340.00
2863 320.00
2864 300.00
2865 260.00
2866 360.00
2867 440.00
2868 260.00
2869 300.00
2870 260.00
2871 240.00
2872 280.00
2873 400.00
2874 320.00
2875 340.00
2876 420.00
2877 280.00
2878 440.00
2879 360.00
2880 240.00
2881 340.00
2882 340.00
2883 280.00
2884 360.00
2885 420.00
2886 180.00
2887 360.00
2888 420.00
2889 500.00
2890 420.00
2891 360.00
2892 280.00
2893 400.00
2894 220.00
2895 180.00
2896 220.00
2897 300.00
2898 220.00
2899 480.00
2900 360.00
2901 480.00
2902 200.00
2903 260.00
2904 220.00
2905 340.00
2906 340.00
2907 380.00
2908 320.00
2909 420.00
2910 300.00
2911 400.00
2912 320.00
2913 400.00
2914 300.00
2915 500.00
2916 320.00
2917 260.00
2918 460.00
2919 240.00
2920 180.00
2921 480.00
2922 360.00
2923 240.00
2924 380.00
2925 300.00
2926 200.00
2927 180.00
2928 420.00
2929 360.00
2930 320.00
2931 360.00
2932 380.00
2933 220.00
2934 320.00
2935 500.00
2936 220.00
2937 360.00
2938 380.00
2939 440.00
2940 200.00
2941 180.00
2942 220.00
2943 300.00
2944 220.00
2945 280.00
2946 420.00
2947 440.00
2948 260.00
2949 380.00
2950 320.00
2951 280.00
2952 360.00
2953 360.00
2954 340.00
2955 340.00
2956 380.00
2957 180.00
2958 420.00
2959 340.00
2960 180.00
2961 320.00
2962 440.00
2963 420.00
2964 460.00
2965 280.00
2966 200.00
2967 500.00
2968 480.00
2969 220.00
2970 340.00
2971 440.00
2972 340.00
2973 460.00
2974 240.00
2975 420.00
2976 400.00
2977 380.00
2978 380.00
2979 400.00
2980 340.00
2981 120.00
2982 500.00
2983 420.00
2984 380.00
2985 340.00
2986 380.00
2987 400.00
2988 400.00
2989 240.00
2990 400.00
2991 360.00
2992 240.00
2993 380.00
2994 380.00
2995 360.00
2996 260.00
2997 260.00
2998 400.00
2999 440.00
