0 176.67
1 288.67
2 161.33
3 184.00
4 166.67
5 238.00
6 299.33
7 243.33
8 176.00
9 174.67
10 208.00
11 210.67
12 196.67
13 222.00
14 204.67
15 278.67
16 223.33
17 251.33
18 229.33
19 247.33
20 363.33
21 228.00
22 216.67
23 229.33
24 349.33
25 220.00
26 210.67
27 235.33
28 184.00
29 354.67
30 216.00
31 236.67
32 217.33
33 208.67
34 190.67
35 227.33
36 299.33
37 279.33
38 254.00
39 207.33
40 222.00
41 224.00
42 338.00
43 228.67
44 399.33
45 278.00
46 264.67
47 259.33
48 368.00
49 330.67
50 231.33
51 326.67
52 219.33
53 282.67
54 304.67
55 335.33
56 263.33
57 285.33
58 326.00
59 239.33
60 421.33
61 232.00
62 246.67
63 228.67
64 218.00
65 338.67
66 200.67
67 220.00
68 233.33
69 234.00
70 230.00
71 218.00
72 188.67
73 380.67
74 236.00
75 264.67
76 228.67
77 214.00
78 213.33
79 216.00
80 208.00
81 184.67
82 205.33
83 255.33
84 352.00
85 204.00
86 259.33
87 246.67
88 292.67
89 294.67
90 210.67
91 209.33
92 208.00
93 228.00
94 352.67
95 366.00
96 261.33
97 234.67
98 417.33
99 220.00
100 352.00
101 330.67
102 273.33
103 242.67
104 222.67
105 366.00
106 230.67
107 316.67
108 216.00
109 273.33
110 220.67
111 190.67
112 358.00
113 226.00
114 215.33
115 228.00
116 330.67
117 247.33
118 370.00
119 205.33
120 304.67
121 221.33
122 230.00
123 256.67
124 240.67
125 314.67
126 220.00
127 249.33
128 214.67
129 301.33
130 359.33
131 315.33
132 227.33
133 231.33
134 214.00
135 214.00
136 360.00
137 208.00
138 204.67
139 221.33
140 372.67
141 387.33
142 236.67
143 260.67
144 220.67
145 243.33
146 264.67
147 233.33
148 357.33
149 210.67
150 218.67
151 222.67
152 261.33
153 199.33
154 203.33
155 264.00
156 349.33
157 233.33
158 214.00
159 259.33
160 276.00
161 217.33
162 255.33
163 236.67
164 362.00
165 286.00
166 202.00
167 200.67
168 246.67
169 251.33
170 354.00
171 239.33
172 240.00
173 229.33
174 234.00
175 251.33
176 246.00
177 228.67
178 286.00
179 294.67
180 254.67
181 256.00
182 276.67
183 367.33
184 238.67
185 242.00
186 241.33
187 238.67
188 262.00
189 350.00
190 316.67
191 216.67
192 224.67
193 358.00
194 225.33
195 242.00
196 325.33
197 242.67
198 288.00
199 235.33
200 234.00
201 214.00
202 236.00
203 376.67
204 310.67
205 318.67
206 239.33
207 330.00
208 218.67
209 278.67
210 344.67
211 228.00
212 241.33
213 276.67
214 210.67
215 236.00
216 208.67
217 204.67
218 226.67
219 240.67
220 218.00
221 216.00
222 178.67
223 229.33
224 198.00
225 196.67
226 396.00
227 203.33
228 233.33
229 226.67
230 196.67
231 226.67
232 226.00
233 226.67
234 181.33
235 404.00
236 220.67
237 169.33
238 206.00
239 354.67
240 273.33
241 362.00
242 272.67
243 228.00
244 208.00
245 223.33
246 215.33
247 230.67
248 218.00
249 190.67
250 209.33
251 195.33
252 266.67
253 179.33
254 288.67
255 188.00
256 244.00
257 231.33
258 252.00
259 264.00
260 249.33
261 190.00
262 198.67
263 230.00
264 239.33
265 228.67
266 220.00
267 262.67
268 381.33
269 314.67
270 252.00
271 246.67
272 351.33
273 233.33
274 348.00
275 226.00
276 262.00
277 235.33
278 246.67
279 310.67
280 257.33
281 266.00
282 260.67
283 241.33
284 212.00
285 228.67
286 211.33
287 306.00
288 198.00
289 360.00
290 230.00
291 269.33
292 363.33
293 310.67
294 211.33
295 206.67
296 272.67
297 243.33
298 236.67
299 298.67
300 232.67
301 192.67
302 317.33
303 310.00
304 406.00
305 258.00
306 254.67
307 261.33
308 223.33
309 200.00
310 298.67
311 248.67
312 369.33
313 259.33
314 198.00
315 384.00
316 199.33
317 234.00
318 250.00
319 224.00
320 237.33
321 262.00
322 243.33
323 303.33
324 251.33
325 242.00
326 240.67
327 254.67
328 282.00
329 207.33
330 246.67
331 224.67
332 221.33
333 351.33
334 240.67
335 232.67
336 293.33
337 246.67
338 242.67
339 234.00
340 226.00
341 206.67
342 194.67
343 304.00
344 249.33
345 218.00
346 195.33
347 188.00
348 267.33
349 225.33
350 230.00
351 230.67
352 378.00
353 280.00
354 400.00
355 250.00
356 342.00
357 302.00
358 218.67
359 374.00
360 196.00
361 217.33
362 332.67
363 247.33
364 459.33
365 288.67
366 279.33
367 206.00
368 413.33
369 402.00
370 224.00
371 418.67
372 381.33
373 240.67
374 286.67
375 232.67
376 276.00
377 277.33
378 274.00
379 254.67
380 236.67
381 232.67
382 274.67
383 322.00
384 308.67
385 267.33
386 211.33
387 216.67
388 306.00
389 250.00
390 201.33
391 276.00
392 330.67
393 219.33
394 252.00
395 224.67
396 364.67
397 234.00
398 194.67
399 218.00
400 353.33
401 240.00
402 160.00
403 432.00
404 214.00
405 209.33
406 277.33
407 226.67
408 288.00
409 290.67
410 207.33
411 192.00
412 172.00
413 303.33
414 236.67
415 220.00
416 267.33
417 277.33
418 297.33
419 347.33
420 236.00
421 256.67
422 314.00
423 224.00
424 238.00
425 332.00
426 180.67
427 436.67
428 234.00
429 321.33
430 214.00
431 211.33
432 203.33
433 207.33
434 206.00
435 218.67
436 184.00
437 184.00
438 190.67
439 163.33
440 214.67
441 219.33
442 230.67
443 324.00
444 223.33
445 427.33
446 211.33
447 407.33
448 200.67
449 254.67
450 219.33
451 186.67
452 316.00
453 219.33
454 310.67
455 209.33
456 190.00
457 394.67
458 182.67
459 186.00
460 161.33
461 268.00
462 173.33
463 327.33
464 148.67
465 244.67
466 195.33
467 264.67
468 316.67
469 214.67
470 214.67
471 273.33
472 414.67
473 175.33
474 295.33
475 470.67
476 236.00
477 203.33
478 246.00
479 232.00
480 321.33
481 266.67
482 206.67
483 194.00
484 201.33
485 325.33
486 187.33
487 215.33
488 337.33
489 370.00
490 248.00
491 261.33
492 191.33
493 336.67
494 258.00
495 274.00
496 272.67
497 242.00
498 254.67
499 208.00
500 199.33
501 392.00
502 218.00
503 206.67
504 388.00
505 237.33
506 315.33
507 226.67
508 238.67
509 192.67
510 245.33
511 210.00
512 234.67
513 239.33
514 226.67
515 219.33
516 206.00
517 214.00
518 263.33
519 191.33
520 180.67
521 273.33
522 178.00
523 200.00
524 189.33
525 314.00
526 310.67
527 222.00
528 232.00
529 187.33
530 232.00
531 426.67
532 303.33
533 252.00
534 236.00
535 252.00
536 330.67
537 240.00
538 422.00
539 198.67
540 314.67
541 227.33
542 279.33
543 281.33
544 207.33
545 396.67
546 288.00
547 285.33
548 192.00
549 230.00
550 306.67
551 316.00
552 184.00
553 237.33
554 273.33
555 148.00
556 226.67
557 225.33
558 182.67
559 232.00
560 238.00
561 236.00
562 204.67
563 414.00
564 331.33
565 266.00
566 338.00
567 192.67
568 232.67
569 291.33
570 221.33
571 241.33
572 235.33
573 328.00
574 258.67
575 295.33
576 254.00
577 314.67
578 247.33
579 238.67
580 220.00
581 282.00
582 289.33
583 287.33
584 260.00
585 308.00
586 226.67
587 219.33
588 192.67
589 242.67
590 252.00
591 484.67
592 251.33
593 295.33
594 244.67
595 348.67
596 215.33
597 300.67
598 190.67
599 299.33
600 236.00
601 344.67
602 258.00
603 276.00
604 200.00
605 288.00
606 288.67
607 252.67
608 250.00
609 426.00
610 228.67
611 262.67
612 342.67
613 230.67
614 250.67
615 278.00
616 242.67
617 269.33
618 184.00
619 333.33
620 212.00
621 196.67
622 143.33
623 246.00
624 284.00
625 251.33
626 214.00
627 162.67
628 241.33
629 199.33
630 198.00
631 313.33
632 215.33
633 208.00
634 428.67
635 174.67
636 250.67
637 180.00
638 322.67
639 381.33
640 196.00
641 238.67
642 260.67
643 274.00
644 181.33
645 136.00
646 194.67
647 229.33
648 243.33
649 219.33
650 400.00
651 210.67
652 234.00
653 210.00
654 495.33
655 208.67
656 498.00
657 199.33
658 208.00
659 210.67
660 211.33
661 181.33
662 226.67
663 185.33
664 333.33
665 214.00
666 207.33
667 245.33
668 310.00
669 236.00
670 247.33
671 170.67
672 198.67
673 216.00
674 212.67
675 198.67
676 264.00
677 242.00
678 251.33
679 189.33
680 212.67
681 236.67
682 303.33
683 240.67
684 163.33
685 294.00
686 199.33
687 212.67
688 270.67
689 214.00
690 412.00
691 344.00
692 175.33
693 356.00
694 352.67
695 193.33
696 212.67
697 348.00
698 236.00
699 226.67
700 236.00
701 232.00
702 248.00
703 192.00
704 224.67
705 196.00
706 236.67
707 260.67
708 233.33
709 252.67
710 196.67
711 276.00
712 169.33
713 173.33
714 276.67
715 410.67
716 232.00
717 210.00
718 242.67
719 274.67
720 268.67
721 315.33
722 329.33
723 424.00
724 180.67
725 228.00
726 222.00
727 461.33
728 198.00
729 250.67
730 230.67
731 196.00
732 282.00
733 226.00
734 210.00
735 216.67
736 202.67
737 224.67
738 254.67
739 218.67
740 311.33
741 298.00
742 348.00
743 355.33
744 287.33
745 219.33
746 240.67
747 174.67
748 180.00
749 218.67
750 231.33
751 173.33
752 274.67
753 236.00
754 179.33
755 234.00
756 329.33
757 293.33
758 290.67
759 346.00
760 247.33
761 166.00
762 350.00
763 170.67
764 359.33
765 186.00
766 226.00
767 176.00
768 202.67
769 188.67
770 153.33
771 145.33
772 240.67
773 248.67
774 246.67
775 286.00
776 240.67
777 194.67
778 291.33
779 228.67
780 242.00
781 272.00
782 181.33
783 218.67
784 252.67
785 206.00
786 427.33
787 155.33
788 252.00
789 195.33
790 249.33
791 216.00
792 244.00
793 211.33
794 256.67
795 210.00
796 271.33
797 208.67
798 240.00
799 400.67
800 158.67
801 372.67
802 364.67
803 293.33
804 184.67
805 257.33
806 322.67
807 285.33
808 392.00
809 221.33
810 318.00
811 240.00
812 288.00
813 310.00
814 274.00
815 267.33
816 341.33
817 336.00
818 252.67
819 315.33
820 292.67
821 238.67
822 326.00
823 267.33
824 181.33
825 252.67
826 262.67
827 450.00
828 344.67
829 240.00
830 293.33
831 262.67
832 343.33
833 277.33
834 230.67
835 208.67
836 286.67
837 266.67
838 287.33
839 368.67
840 365.33
841 209.33
842 462.67
843 183.33
844 214.00
845 255.33
846 302.67
847 180.67
848 256.67
849 288.67
850 233.33
851 356.00
852 218.67
853 268.67
854 286.00
855 202.67
856 274.00
857 236.00
858 250.67
859 320.00
860 146.00
861 254.00
862 325.33
863 258.00
864 391.33
865 351.33
866 252.00
867 320.67
868 228.00
869 302.00
870 174.00
871 287.33
872 268.67
873 427.33
874 160.67
875 414.67
876 294.00
877 243.33
878 212.67
879 339.33
880 226.00
881 314.00
882 205.33
883 294.00
884 348.00
885 210.00
886 291.33
887 334.00
888 353.33
889 201.33
890 238.67
891 283.33
892 330.67
893 321.33
894 257.33
895 263.33
896 241.33
897 338.67
898 187.33
899 263.33
900 179.33
901 175.33
902 220.67
903 225.33
904 327.33
905 253.33
906 318.00
907 277.33
908 238.67
909 272.67
910 251.33
911 283.33
912 231.33
913 313.33
914 236.00
915 234.67
916 202.00
917 233.33
918 311.33
919 213.33
920 232.00
921 268.00
922 353.33
923 210.00
924 279.33
925 375.33
926 260.00
927 184.00
928 252.00
929 302.00
930 317.33
931 274.00
932 336.67
933 312.00
934 215.33
935 228.00
936 252.67
937 270.67
938 166.00
939 164.00
940 210.00
941 231.33
942 255.33
943 188.00
944 202.00
945 241.33
946 242.00
947 323.33
948 362.67
949 375.33
950 301.33
951 284.00
952 211.33
953 285.33
954 233.33
955 349.33
956 296.00
957 267.33
958 226.67
959 204.00
960 236.00
961 276.67
962 326.00
963 245.33
964 283.33
965 306.67
966 242.67
967 250.00
968 284.67
969 230.00
970 243.33
971 152.00
972 330.67
973 245.33
974 254.00
975 366.67
976 244.67
977 352.00
978 229.33
979 267.33
980 256.67
981 404.67
982 363.33
983 395.33
984 328.67
985 243.33
986 266.00
987 264.67
988 366.67
989 172.00
990 293.33
991 273.33
992 346.00
993 303.33
994 290.00
995 215.33
996 407.33
997 268.00
998 270.00
999 255.33
1000 386.67
1001 202.67
1002 206.67
1003 232.67
1004 256.67
1005 248.67
1006 446.67
1007 266.67
1008 303.33
1009 356.67
1010 261.33
1011 193.33
1012 346.00
1013 219.33
1014 297.33
1015 181.33
1016 178.00
1017 402.67
1018 371.33
1019 274.00
1020 245.33
1021 209.33
1022 308.67
1023 414.00
1024 334.00
1025 192.67
1026 362.00
1027 228.00
1028 268.00
1029 228.67
1030 266.67
1031 372.00
1032 178.00
1033 254.67
1034 417.33
1035 306.67
1036 208.00
1037 337.33
1038 404.67
1039 240.00
1040 146.67
1041 227.33
1042 302.00
1043 204.00
1044 294.00
1045 314.67
1046 201.33
1047 377.33
1048 467.33
1049 276.67
1050 148.67
1051 229.33
1052 323.33
1053 144.00
1054 337.33
1055 347.33
1056 422.67
1057 207.33
1058 224.00
1059 309.33
1060 308.00
1061 200.67
1062 353.33
1063 355.33
1064 200.00
1065 374.67
1066 289.33
1067 326.00
1068 345.33
1069 434.00
1070 206.00
1071 263.33
1072 237.33
1073 320.00
1074 249.33
1075 325.33
1076 378.67
1077 483.33
1078 202.67
1079 317.33
1080 289.33
1081 404.00
1082 340.00
1083 274.67
1084 257.33
1085 316.67
1086 196.00
1087 447.33
1088 338.67
1089 244.67
1090 411.33
1091 290.00
1092 217.33
1093 404.00
1094 345.33
1095 270.00
1096 389.33
1097 463.33
1098 294.00
1099 276.00
1100 266.00
1101 357.33
1102 210.67
1103 281.33
1104 288.00
1105 291.33
1106 354.67
1107 296.67
1108 284.67
1109 272.00
1110 377.33
1111 379.33
1112 232.00
1113 322.67
1114 322.67
1115 305.33
1116 286.00
1117 286.00
1118 342.00
1119 252.67
1120 493.33
1121 412.00
1122 390.67
1123 304.00
1124 357.33
1125 237.33
1126 286.00
1127 244.00
1128 298.00
1129 295.33
1130 223.33
1131 286.00
1132 232.00
1133 272.00
1134 243.33
1135 192.00
1136 288.00
1137 341.33
1138 290.00
1139 436.67
1140 315.33
1141 356.67
1142 347.33
1143 348.00
1144 356.00
1145 328.00
1146 348.67
1147 281.33
1148 340.00
1149 353.33
1150 354.00
1151 354.67
1152 312.67
1153 476.67
1154 226.00
1155 428.67
1156 290.67
1157 383.33
1158 253.33
1159 231.33
1160 426.00
1161 194.67
1162 263.33
1163 280.00
1164 308.00
1165 262.00
1166 150.67
1167 368.67
1168 310.00
1169 247.33
1170 322.00
1171 336.67
1172 452.67
1173 224.67
1174 186.00
1175 286.00
1176 346.00
1177 320.67
1178 488.00
1179 251.33
1180 361.33
1181 296.67
1182 258.00
1183 347.33
1184 280.67
1185 352.00
1186 362.00
1187 471.33
1188 358.00
1189 479.33
1190 239.33
1191 280.00
1192 380.00
1193 432.67
1194 361.33
1195 462.00
1196 280.00
1197 479.33
1198 350.00
1199 218.67
1200 282.00
1201 284.00
1202 424.00
1203 241.33
1204 310.00
1205 365.33
1206 206.67
1207 487.33
1208 477.33
1209 297.33
1210 254.67
1211 327.33
1212 340.00
1213 238.67
1214 450.67
1215 197.33
1216 240.00
1217 380.00
1218 401.33
1219 228.00
1220 331.33
1221 238.67
1222 301.33
1223 312.00
1224 400.67
1225 236.67
1226 262.00
1227 401.33
1228 182.67
1229 260.00
1230 456.00
1231 376.00
1232 116.67
1233 226.67
1234 250.00
1235 250.67
1236 380.00
1237 341.33
1238 303.33
1239 207.33
1240 306.67
1241 316.00
1242 318.00
1243 248.67
1244 218.00
1245 222.00
1246 212.67
1247 224.00
1248 280.00
1249 356.00
1250 293.33
1251 248.00
1252 342.67
1253 266.00
1254 318.00
1255 336.67
1256 382.67
1257 394.00
1258 258.00
1259 349.33
1260 348.67
1261 344.00
1262 237.33
1263 361.33
1264 260.00
1265 244.67
1266 324.00
1267 215.33
1268 242.00
1269 158.00
1270 471.33
1271 268.00
1272 377.33
1273 284.67
1274 433.33
1275 328.67
1276 207.33
1277 174.00
1278 234.00
1279 336.00
1280 197.33
1281 167.33
1282 398.00
1283 356.67
1284 265.33
1285 356.00
1286 315.33
1287 232.00
1288 417.33
1289 378.67
1290 256.00
1291 464.00
1292 338.00
1293 238.67
1294 226.00
1295 464.00
1296 377.33
1297 438.00
1298 307.33
1299 254.67
1300 220.00
1301 258.00
1302 495.33
1303 342.00
1304 357.33
1305 398.00
1306 78.00
1307 430.67
1308 374.00
1309 259.33
1310 374.00
1311 458.67
1312 242.67
1313 297.33
1314 308.67
1315 229.33
1316 236.67
1317 300.00
1318 312.67
1319 238.00
1320 385.33
1321 232.67
1322 268.67
1323 361.33
1324 363.33
1325 307.33
1326 353.33
1327 296.67
1328 205.33
1329 358.00
1330 278.00
1331 211.33
1332 378.00
1333 313.33
1334 388.67
1335 357.33
1336 200.00
1337 351.33
1338 430.67
1339 344.67
1340 128.00
1341 328.67
1342 210.00
1343 358.67
1344 258.67
1345 391.33
1346 499.33
1347 235.33
1348 330.00
1349 236.67
1350 258.00
1351 288.67
1352 363.33
1353 293.33
1354 201.33
1355 378.67
1356 271.33
1357 185.33
1358 365.33
1359 378.00
1360 380.00
1361 260.00
1362 230.00
1363 184.67
1364 209.33
1365 313.33
1366 360.00
1367 190.00
1368 230.00
1369 223.33
1370 356.00
1371 378.00
1372 353.33
1373 186.00
1374 368.00
1375 274.00
1376 236.00
1377 356.00
1378 358.67
1379 364.00
1380 299.33
1381 224.00
1382 390.67
1383 236.67
1384 409.33
1385 262.00
1386 336.67
1387 346.00
1388 336.00
1389 323.33
1390 293.33
1391 437.33
1392 278.00
1393 287.33
1394 390.00
1395 453.33
1396 362.00
1397 238.00
1398 477.33
1399 205.33
1400 188.67
1401 360.00
1402 460.00
1403 220.00
1404 400.00
1405 397.33
1406 147.33
1407 316.00
1408 391.33
1409 288.67
1410 309.33
1411 196.67
1412 284.67
1413 205.33
1414 227.33
1415 207.33
1416 313.33
1417 42.00
1418 227.33
1419 290.00
1420 167.33
1421 198.00
1422 334.67
1423 220.67
1424 241.33
1425 375.33
1426 290.00
1427 288.67
1428 308.00
1429 329.33
1430 269.33
1431 334.67
1432 347.33
1433 185.33
1434 215.33
1435 396.67
1436 290.67
1437 246.67
1438 370.67
1439 267.33
1440 247.33
1441 477.33
1442 140.00
1443 216.00
1444 292.67
1445 210.00
1446 169.33
1447 240.00
1448 138.00
1449 168.00
1450 220.00
1451 254.67
1452 342.67
1453 239.33
1454 187.33
1455 230.00
1456 254.67
1457 141.33
1458 205.33
1459 294.67
1460 175.33
1461 187.33
1462 290.67
1463 222.67
1464 235.33
1465 270.00
1466 173.33
1467 318.67
1468 183.33
1469 466.00
1470 324.67
1471 266.00
1472 286.67
1473 358.67
1474 306.00
1475 206.67
1476 228.67
1477 298.67
1478 268.67
1479 307.33
1480 393.33
1481 492.00
1482 328.67
1483 261.33
1484 351.33
1485 496.00
1486 180.67
1487 153.33
1488 320.00
1489 376.00
1490 266.67
1491 219.33
1492 477.33
1493 388.67
1494 458.00
1495 387.33
1496 391.33
1497 348.00
1498 315.33
1499 278.00
1500 398.00
1501 222.67
1502 263.33
1503 372.67
1504 168.00
1505 224.67
1506 279.33
1507 210.67
1508 381.33
1509 272.00
1510 219.33
1511 232.00
1512 67.33
1513 351.33
1514 244.00
1515 363.33
1516 384.00
1517 372.67
1518 380.00
1519 367.33
1520 448.67
1521 428.67
1522 240.00
1523 416.00
1524 418.67
1525 436.67
1526 371.33
1527 407.33
1528 373.33
1529 280.00
1530 330.67
1531 406.67
1532 337.33
1533 328.67
1534 268.67
1535 490.00
1536 275.33
1537 249.33
1538 389.33
1539 368.67
1540 486.00
1541 306.67
1542 240.00
1543 281.33
1544 312.00
1545 267.33
1546 244.67
1547 218.67
1548 260.00
1549 434.00
1550 310.00
1551 268.00
1552 345.33
1553 404.67
1554 238.00
1555 335.33
1556 370.00
1557 222.00
1558 436.00
1559 245.33
1560 229.33
1561 240.67
1562 296.00
1563 330.67
1564 321.33
1565 251.33
1566 248.00
1567 224.67
1568 237.33
1569 306.67
1570 198.67
1571 484.00
1572 278.00
1573 340.67
1574 480.00
1575 498.67
1576 412.67
1577 68.00
1578 395.33
1579 340.00
1580 322.00
1581 395.33
1582 412.00
1583 416.00
1584 375.33
1585 179.33
1586 220.67
1587 458.67
1588 155.33
1589 428.00
1590 230.67
1591 350.67
1592 276.67
1593 389.33
1594 360.00
1595 446.67
1596 238.67
1597 276.67
1598 260.67
1599 216.67
1600 248.00
1601 248.00
1602 368.00
1603 360.67
1604 348.67
1605 384.00
1606 281.33
1607 380.67
1608 240.00
1609 374.67
1610 220.67
1611 456.67
1612 200.00
1613 450.67
1614 340.00
1615 477.33
1616 378.00
1617 276.00
1618 340.00
1619 185.33
1620 213.33
1621 336.67
1622 157.33
1623 267.33
1624 470.00
1625 198.67
1626 295.33
1627 244.00
1628 268.67
1629 210.00
1630 405.33
1631 389.33
1632 231.33
1633 404.67
1634 347.33
1635 206.67
1636 438.67
1637 396.00
1638 477.33
1639 162.00
1640 481.33
1641 366.00
1642 252.00
1643 429.33
1644 340.00
1645 206.67
1646 203.33
1647 377.33
1648 328.67
1649 354.67
1650 237.33
1651 312.00
1652 264.67
1653 352.67
1654 248.67
1655 293.33
1656 381.33
1657 440.00
1658 479.33
1659 254.67
1660 207.33
1661 238.00
1662 437.33
1663 227.33
1664 283.33
1665 212.00
1666 342.00
1667 328.00
1668 391.33
1669 297.33
1670 299.33
1671 389.33
1672 383.33
1673 218.67
1674 480.00
1675 425.33
1676 403.33
1677 493.33
1678 337.33
1679 392.67
1680 234.67
1681 168.00
1682 203.33
1683 450.00
1684 192.67
1685 396.00
1686 114.00
1687 440.00
1688 231.33
1689 232.00
1690 500.00
1691 414.67
1692 267.33
1693 440.00
1694 395.33
1695 191.33
1696 352.67
1697 232.00
1698 328.00
1699 352.67
1700 235.33
1701 258.67
1702 413.33
1703 224.00
1704 459.33
1705 264.67
1706 277.33
1707 303.33
1708 398.00
1709 209.33
1710 269.33
1711 254.67
1712 277.33
1713 391.33
1714 248.00
1715 375.33
1716 362.00
1717 347.33
1718 259.33
1719 280.67
1720 268.67
1721 238.67
1722 278.67
1723 346.67
1724 292.00
1725 216.67
1726 184.00
1727 262.67
1728 300.67
1729 310.00
1730 390.67
1731 344.67
1732 354.67
1733 250.67
1734 430.00
1735 241.33
1736 345.33
1737 436.00
1738 194.00
1739 212.00
1740 496.00
1741 280.00
1742 500.00
1743 413.33
1744 307.33
1745 398.00
1746 383.33
1747 249.33
1748 393.33
1749 377.33
1750 426.00
1751 305.33
1752 406.00
1753 374.67
1754 444.67
1755 420.00
1756 250.67
1757 415.33
1758 328.00
1759 258.67
1760 385.33
1761 419.33
1762 384.00
1763 239.33
1764 460.00
1765 369.33
1766 308.67
1767 279.33
1768 220.00
1769 278.67
1770 380.00
1771 423.33
1772 496.00
1773 336.00
1774 360.67
1775 462.00
1776 284.00
1777 500.00
1778 236.00
1779 372.67
1780 399.33
1781 322.67
1782 356.00
1783 393.33
1784 376.00
1785 327.33
1786 265.33
1787 185.33
1788 253.33
1789 192.67
1790 312.00
1791 295.33
1792 396.67
1793 406.67
1794 490.00
1795 311.33
1796 234.00
1797 310.00
1798 231.33
1799 268.00
1800 428.00
1801 392.00
1802 240.00
1803 176.00
1804 428.00
1805 380.00
1806 373.33
1807 240.00
1808 308.00
1809 220.00
1810 408.00
1811 499.33
1812 374.00
1813 260.00
1814 356.00
1815 207.33
1816 346.67
1817 219.33
1818 362.00
1819 422.67
1820 307.33
1821 213.33
1822 500.00
1823 451.33
1824 206.67
1825 351.33
1826 184.67
1827 182.00
1828 343.33
1829 226.67
1830 386.00
1831 480.00
1832 130.67
1833 286.00
1834 338.00
1835 398.00
1836 296.67
1837 386.00
1838 298.67
1839 248.67
1840 406.00
1841 250.67
1842 208.00
1843 500.00
1844 348.00
1845 260.00
1846 382.00
1847 302.67
1848 217.33
1849 245.33
1850 386.00
1851 224.00
1852 370.67
1853 220.00
1854 411.33
1855 164.67
1856 224.67
1857 101.33
1858 459.33
1859 458.00
1860 218.67
1861 318.00
1862 150.67
1863 336.00
1864 471.33
1865 207.33
1866 352.67
1867 360.00
1868 418.67
1869 479.33
1870 235.33
1871 219.33
1872 225.33
1873 380.67
1874 200.00
1875 166.00
1876 344.67
1877 420.00
1878 287.33
1879 244.00
1880 326.67
1881 224.67
1882 386.67
1883 479.33
1884 261.33
1885 247.33
1886 347.33
1887 304.67
1888 431.33
1889 391.33
1890 500.00
1891 327.33
1892 230.00
1893 275.33
1894 301.33
1895 432.67
1896 281.33
1897 265.33
1898 329.33
1899 415.33
1900 182.67
1901 346.67
1902 493.33
1903 366.67
1904 491.33
1905 354.00
1906 281.33
1907 394.00
1908 266.67
1909 240.00
1910 254.67
1911 384.00
1912 399.33
1913 216.67
1914 291.33
1915 294.67
1916 480.00
1917 220.00
1918 476.00
1919 288.00
1920 408.67
1921 232.67
1922 313.33
1923 381.33
1924 216.67
1925 241.33
1926 472.00
1927 374.00
1928 484.67
1929 314.67
1930 454.00
1931 348.00
1932 211.33
1933 394.67
1934 456.67
1935 300.00
1936 298.67
1937 398.00
1938 330.67
1939 234.67
1940 416.67
1941 236.67
1942 287.33
1943 447.33
1944 388.67
1945 325.33
1946 214.67
1947 340.67
1948 424.00
1949 247.33
1950 346.67
1951 350.00
1952 379.33
1953 484.00
1954 208.00
1955 317.33
1956 427.33
1957 292.67
1958 480.00
1959 347.33
1960 212.00
1961 472.67
1962 410.67
1963 232.67
1964 222.67
1965 388.67
1966 276.00
1967 324.67
1968 321.33
1969 498.00
1970 214.00
1971 318.67
1972 321.33
1973 360.00
1974 195.33
1975 308.67
1976 222.00
1977 263.33
1978 182.00
1979 306.00
1980 179.33
1981 256.67
1982 244.00
1983 348.67
1984 330.00
1985 237.33
1986 162.00
1987 279.33
1988 211.33
1989 202.00
1990 180.00
1991 441.33
1992 286.00
1993 282.67
1994 362.67
1995 198.67
1996 366.00
1997 421.33
1998 412.00
1999 269.33
2000 480.00
2001 356.67
2002 340.00
2003 280.00
2004 200.00
2005 160.00
2006 304.00
2007 308.67
2008 242.00
2009 162.67
2010 208.00
2011 197.33
2012 240.67
2013 234.67
2014 352.00
2015 400.00
2016 233.33
2017 241.33
2018 286.67
2019 244.67
2020 362.00
2021 321.33
2022 349.33
2023 296.67
2024 385.33
2025 331.33
2026 498.00
2027 404.00
2028 448.67
2029 207.33
2030 407.33
2031 382.00
2032 226.67
2033 496.67
2034 500.00
2035 409.33
2036 342.00
2037 250.67
2038 269.33
2039 498.67
2040 366.67
2041 287.33
2042 390.67
2043 402.00
2044 457.33
2045 425.33
2046 241.33
2047 192.67
2048 424.00
2049 458.00
2050 308.00
2051 390.67
2052 230.00
2053 414.67
2054 240.00
2055 500.00
2056 280.00
2057 456.67
2058 396.00
2059 380.00
2060 373.33
2061 368.00
2062 256.67
2063 243.33
2064 254.00
2065 346.67
2066 338.67
2067 203.33
2068 342.67
2069 361.33
2070 231.33
2071 246.67
2072 302.67
2073 272.67
2074 496.00
2075 328.67
2076 447.33
2077 304.00
2078 198.00
2079 246.00
2080 382.00
2081 351.33
2082 208.00
2083 452.00
2084 320.00
2085 235.33
2086 266.00
2087 309.33
2088 316.67
2089 499.33
2090 204.67
2091 386.00
2092 390.00
2093 500.00
2094 286.00
2095 227.33
2096 318.67
2097 252.67
2098 210.67
2099 240.67
2100 270.00
2101 233.33
2102 236.00
2103 480.00
2104 283.33
2105 197.33
2106 311.33
2107 348.00
2108 324.67
2109 310.00
2110 316.00
2111 292.67
2112 356.67
2113 240.67
2114 380.00
2115 328.67
2116 480.67
2117 493.33
2118 462.67
2119 452.67
2120 320.00
2121 484.00
2122 341.33
2123 354.67
2124 260.67
2125 432.00
2126 398.00
2127 260.67
2128 360.00
2129 275.33
2130 379.33
2131 237.33
2132 264.00
2133 353.33
2134 416.67
2135 350.67
2136 188.00
2137 433.33
2138 326.00
2139 350.67
2140 319.33
2141 266.67
2142 352.67
2143 289.33
2144 366.67
2145 372.67
2146 440.00
2147 324.00
2148 410.67
2149 198.00
2150 376.00
2151 298.00
2152 412.67
2153 186.00
2154 499.33
2155 384.00
2156 223.33
2157 180.67
2158 320.00
2159 340.00
2160 288.00
2161 402.00
2162 226.00
2163 256.00
2164 308.67
2165 499.33
2166 360.00
2167 238.67
2168 189.33
2169 284.67
2170 243.33
2171 400.00
2172 332.67
2173 488.67
2174 280.00
2175 162.00
2176 197.33
2177 282.67
2178 307.33
2179 358.00
2180 188.67
2181 282.67
2182 268.67
2183 326.67
2184 244.67
2185 353.33
2186 273.33
2187 377.33
2188 368.00
2189 342.67
2190 263.33
2191 378.00
2192 386.00
2193 321.33
2194 203.33
2195 344.67
2196 384.00
2197 199.33
2198 276.00
2199 247.33
2200 255.33
2201 492.00
2202 317.33
2203 306.67
2204 225.33
2205 376.67
2206 300.00
2207 400.00
2208 120.67
2209 303.33
2210 435.33
2211 374.00
2212 278.67
2213 255.33
2214 294.67
2215 184.00
2216 456.67
2217 353.33
2218 272.67
2219 354.00
2220 346.00
2221 390.00
2222 194.00
2223 466.67
2224 233.33
2225 333.33
2226 470.67
2227 188.67
2228 459.33
2229 436.67
2230 420.00
2231 280.67
2232 237.33
2233 350.67
2234 273.33
2235 387.33
2236 267.33
2237 204.67
2238 500.00
2239 223.33
2240 478.00
2241 217.33
2242 97.33
2243 340.00
2244 370.00
2245 242.00
2246 432.00
2247 440.00
2248 432.00
2249 227.33
2250 390.67
2251 218.67
2252 412.67
2253 208.00
2254 434.00
2255 329.33
2256 347.33
2257 386.00
2258 203.33
2259 403.33
2260 500.00
2261 239.33
2262 376.67
2263 366.67
2264 211.33
2265 375.33
2266 334.67
2267 137.33
2268 382.67
2269 380.00
2270 206.67
2271 222.67
2272 426.67
2273 221.33
2274 290.67
2275 226.67
2276 418.00
2277 304.67
2278 318.67
2279 308.00
2280 220.67
2281 242.00
2282 357.33
2283 124.00
2284 264.00
2285 244.67
2286 258.00
2287 282.00
2288 374.00
2289 366.67
2290 181.33
2291 175.33
2292 304.00
2293 200.00
2294 234.00
2295 211.33
2296 312.00
2297 475.33
2298 341.33
2299 222.00
2300 458.00
2301 234.00
2302 435.33
2303 179.33
2304 184.00
2305 180.00
2306 310.67
2307 180.67
2308 101.33
2309 447.33
2310 325.33
2311 198.67
2312 189.33
2313 467.33
2314 473.33
2315 294.00
2316 372.67
2317 397.33
2318 361.33
2319 355.33
2320 290.67
2321 251.33
2322 242.00
2323 256.67
2324 306.67
2325 357.33
2326 386.67
2327 256.00
2328 256.67
2329 292.00
2330 272.67
2331 266.67
2332 246.67
2333 411.33
2334 93.33
2335 344.00
2336 288.67
2337 416.00
2338 204.67
2339 345.33
2340 298.67
2341 384.67
2342 366.00
2343 196.67
2344 400.67
2345 403.33
2346 456.67
2347 499.33
2348 330.67
2349 406.67
2350 308.67
2351 484.00
2352 280.00
2353 320.00
2354 230.67
2355 449.33
2356 426.67
2357 236.00
2358 381.33
2359 406.67
2360 340.00
2361 260.67
2362 231.33
2363 332.00
2364 230.00
2365 347.33
2366 410.00
2367 415.33
2368 480.67
2369 240.67
2370 196.67
2371 435.33
2372 375.33
2373 216.00
2374 296.67
2375 265.33
2376 376.67
2377 493.33
2378 456.67
2379 358.00
2380 352.67
2381 303.33
2382 304.00
2383 400.00
2384 223.33
2385 440.00
2386 192.00
2387 389.33
2388 260.67
2389 296.67
2390 234.67
2391 239.33
2392 368.67
2393 278.00
2394 300.00
2395 368.67
2396 449.33
2397 307.33
2398 460.00
2399 299.33
2400 460.00
2401 480.00
2402 400.00
2403 360.00
2404 312.00
2405 260.00
2406 440.00
2407 371.33
2408 460.00
2409 419.33
2410 380.00
2411 222.00
2412 215.33
2413 106.67
2414 480.00
2415 400.00
2416 420.00
2417 369.33
2418 460.00
2419 40.00
2420 258.67
2421 348.00
2422 219.33
2423 418.67
2424 330.00
2425 249.33
2426 204.00
2427 460.00
2428 492.67
2429 380.00
2430 420.00
2431 220.67
2432 370.00
2433 478.00
2434 408.00
2435 200.00
2436 378.67
2437 333.33
2438 226.67
2439 290.67
2440 354.67
2441 354.00
2442 190.00
2443 396.67
2444 282.67
2445 242.67
2446 372.00
2447 352.00
2448 500.00
2449 316.00
2450 278.00
2451 280.00
2452 162.67
2453 472.67
2454 496.00
2455 468.00
2456 400.00
2457 244.00
2458 277.33
2459 302.67
2460 370.00
2461 282.00
2462 422.00
2463 296.67
2464 247.33
2465 392.00
2466 414.00
2467 259.33
2468 300.00
2469 164.00
2470 500.00
2471 245.33
2472 392.00
2473 234.67
2474 264.00
2475 380.67
2476 335.33
2477 225.33
2478 320.00
2479 390.67
2480 426.00
2481 458.67
2482 227.33
2483 286.00
2484 340.67
2485 246.67
2486 400.00
2487 380.00
2488 221.33
2489 215.33
2490 329.33
2491 389.33
2492 216.00
2493 480.00
2494 462.00
2495 203.33
2496 440.00
2497 254.67
2498 285.33
2499 219.33
2500 358.67
2501 424.67
2502 231.33
2503 389.33
2504 244.00
2505 475.33
2506 434.67
2507 446.00
2508 197.33
2509 324.00
2510 298.00
2511 356.00
2512 402.00
2513 327.33
2514 467.33
2515 286.00
2516 248.67
2517 214.00
2518 354.67
2519 328.67
2520 375.33
2521 360.00
2522 411.33
2523 292.00
2524 460.67
2525 478.67
2526 395.33
2527 440.00
2528 340.00
2529 306.67
2530 253.33
2531 413.33
2532 375.33
2533 466.00
2534 208.67
2535 420.00
2536 478.00
2537 388.00
2538 445.33
2539 469.33
2540 247.33
2541 327.33
2542 251.33
2543 280.00
2544 157.33
2545 409.33
2546 318.67
2547 392.67
2548 248.67
2549 239.33
2550 322.00
2551 198.67
2552 340.67
2553 184.67
2554 365.33
2555 300.67
2556 398.67
2557 292.00
2558 346.67
2559 382.67
2560 334.67
2561 203.33
2562 244.67
2563 499.33
2564 419.33
2565 362.67
2566 362.00
2567 272.67
2568 190.00
2569 207.33
2570 400.00
2571 436.00
2572 390.67
2573 202.67
2574 260.67
2575 342.00
2576 269.33
2577 313.33
2578 324.00
2579 238.67
2580 364.00
2581 255.33
2582 284.00
2583 352.67
2584 410.67
2585 454.67
2586 254.00
2587 382.67
2588 289.33
2589 278.67
2590 234.67
2591 382.00
2592 460.00
2593 498.67
2594 392.00
2595 280.00
2596 187.33
2597 306.00
2598 364.00
2599 158.67
2600 486.67
2601 280.00
2602 266.67
2603 201.33
2604 445.33
2605 500.00
2606 400.00
2607 281.33
2608 338.00
2609 408.00
2610 282.67
2611 434.67
2612 160.67
2613 197.33
2614 251.33
2615 306.00
2616 364.67
2617 272.67
2618 304.67
2619 372.00
2620 158.67
2621 279.33
2622 370.00
2623 211.33
2624 175.33
2625 308.00
2626 373.33
2627 344.00
2628 237.33
2629 320.67
2630 294.00
2631 337.33
2632 318.67
2633 272.67
2634 134.00
2635 142.00
2636 340.00
2637 273.33
2638 287.33
2639 238.00
2640 318.67
2641 222.00
2642 250.00
2643 245.33
2644 237.33
2645 241.33
2646 238.67
2647 195.33
2648 273.33
2649 283.33
2650 340.00
2651 430.67
2652 275.33
2653 238.67
2654 275.33
2655 310.67
2656 392.00
2657 472.00
2658 297.33
2659 209.33
2660 467.33
2661 300.00
2662 460.00
2663 340.67
2664 286.67
2665 476.00
2666 381.33
2667 300.00
2668 232.67
2669 222.00
2670 298.00
2671 236.00
2672 277.33
2673 317.33
2674 321.33
2675 278.67
2676 292.00
2677 380.00
2678 290.00
2679 296.00
2680 308.00
2681 420.00
2682 238.00
2683 238.00
2684 250.00
2685 230.67
2686 314.67
2687 205.33
2688 222.67
2689 346.67
2690 431.33
2691 310.00
2692 268.67
2693 322.67
2694 322.67
2695 267.33
2696 272.67
2697 350.00
2698 230.00
2699 436.00
2700 299.33
2701 441.33
2702 321.33
2703 352.67
2704 354.67
2705 346.67
2706 264.00
2707 417.33
2708 168.67
2709 284.67
2710 412.67
2711 237.33
2712 208.67
2713 480.67
2714 259.33
2715 301.33
2716 500.00
2717 491.33
2718 312.00
2719 285.33
2720 300.00
2721 331.33
2722 276.67
2723 322.00
2724 440.67
2725 296.67
2726 419.33
2727 318.67
2728 440.00
2729 346.00
2730 269.33
2731 459.33
2732 289.33
2733 478.67
2734 266.00
2735 327.33
2736 477.33
2737 233.33
2738 276.00
2739 332.00
2740 438.67
2741 356.00
2742 207.33
2743 269.33
2744 421.33
2745 427.33
2746 210.67
2747 300.67
2748 271.33
2749 344.00
2750 348.00
2751 320.00
2752 304.00
2753 256.00
2754 230.67
2755 198.67
2756 296.67
2757 306.00
2758 291.33
2759 286.00
2760 378.67
2761 440.00
2762 256.67
2763 222.67
2764 263.33
2765 281.33
2766 257.33
2767 328.00
2768 405.33
2769 308.67
2770 338.67
2771 299.33
2772 374.67
2773 471.33
2774 280.00
2775 289.33
2776 310.67
2777 285.33
2778 277.33
2779 337.33
2780 254.00
2781 337.33
2782 291.33
2783 400.00
2784 308.67
2785 237.33
2786 312.67
2787 224.67
2788 366.67
2789 262.67
2790 184.00
2791 196.00
2792 317.33
2793 254.00
2794 216.67
2795 254.00
2796 271.33
2797 410.00
2798 284.67
2799 258.67
2800 332.00
2801 194.67
2802 380.00
2803 354.67
2804 351.33
2805 351.33
2806 320.00
2807 186.67
2808 244.67
2809 260.00
2810 276.00
2811 281.33
2812 424.00
2813 268.67
2814 500.00
2815 478.00
2816 336.00
2817 324.00
2818 271.33
2819 231.33
2820 392.67
2821 264.67
2822 310.67
2823 277.33
2824 377.33
2825 349.33
2826 479.33
2827 438.67
2828 480.00
2829 275.33
2830 372.00
2831 331.33
2832 312.00
2833 457.33
2834 363.33
2835 296.00
2836 186.00
2837 293.33
2838 380.00
2839 225.33
2840 276.00
2841 246.67
2842 306.67
2843 360.00
2844 346.00
2845 336.00
2846 260.00
2847 386.00
2848 311.33
2849 263.33
2850 321.33
2851 396.00
2852 310.00
2853 309.33
2854 385.33
2855 269.33
2856 382.67
2857 291.33
2858 363.33
2859 322.67
2860 350.00
2861 209.33
2862 272.00
2863 320.00
2864 294.67
2865 253.33
2866 373.33
2867 430.00
2868 276.00
2869 322.00
2870 294.00
2871 240.00
2872 286.00
2873 338.00
2874 348.00
2875 331.33
2876 416.00
2877 308.67
2878 375.33
2879 360.00
2880 240.00
2881 292.00
2882 323.33
2883 277.33
2884 356.00
2885 403.33
2886 294.67
2887 296.00
2888 355.33
2889 348.00
2890 368.00
2891 338.00
2892 322.67
2893 397.33
2894 218.67
2895 272.00
2896 204.00
2897 294.00
2898 292.00
2899 481.33
2900 360.67
2901 467.33
2902 208.00
2903 333.33
2904 191.33
2905 316.00
2906 292.00
2907 334.00
2908 334.67
2909 306.00
2910 300.00
2911 358.00
2912 299.33
2913 381.33
2914 332.00
2915 482.67
2916 271.33
2917 272.67
2918 461.33
2919 266.00
2920 234.00
2921 480.00
2922 364.67
2923 246.00
2924 360.67
2925 307.33
2926 201.33
2927 249.33
2928 420.00
2929 310.67
2930 316.67
2931 358.67
2932 362.67
2933 272.67
2934 320.00
2935 492.67
2936 226.00
2937 337.33
2938 398.00
2939 422.00
2940 226.00
2941 255.33
2942 216.00
2943 308.67
2944 236.00
2945 305.33
2946 431.33
2947 350.67
2948 225.33
2949 321.33
2950 318.00
2951 272.67
2952 362.67
2953 321.33
2954 352.00
2955 329.33
2956 370.00
2957 176.67
2958 420.67
2959 348.67
2960 226.67
2961 307.33
2962 452.00
2963 250.00
2964 414.00
2965 278.00
2966 228.67
2967 304.00
2968 450.67
2969 371.33
2970 296.67
2971 435.33
2972 305.33
2973 458.67
2974 233.33
2975 330.67
2976 365.33
2977 343.33
2978 362.67
2979 400.00
2980 234.00
2981 147.33
2982 500.00
2983 401.33
2984 275.33
2985 340.00
2986 355.33
2987 376.00
2988 317.33
2989 324.67
2990 410.67
2991 358.67
2992 282.00
2993 372.00
2994 356.00
2995 359.33
2996 262.00
2997 298.67
2998 388.00
2999 438.67
