0 232.40
30 268.78
60 248.87
90 270.80
120 263.20
150 252.09
180 271.96
210 237.53
240 241.84
270 263.20
300 261.51
330 260.47
360 284.47
390 257.58
420 248.98
450 249.69
480 259.56
510 247.69
540 259.29
570 268.18
600 253.11
630 257.36
660 229.62
690 254.36
720 259.11
750 237.89
780 258.78
810 287.47
840 273.11
870 277.49
900 257.13
930 260.89
960 280.93
990 285.13
1020 286.24
1050 295.44
1080 312.40
1110 307.62
1140 316.56
1170 342.13
1200 312.00
1230 293.29
1260 297.80
1290 319.16
1320 312.07
1350 293.13
1380 325.18
1410 266.02
1440 239.71
1470 324.49
1500 319.82
1530 322.33
1560 318.16
1590 320.18
1620 315.31
1650 335.02
1680 305.98
1710 298.78
1740 359.04
1770 339.24
1800 320.24
1830 312.96
1860 314.53
1890 335.98
1920 339.82
1950 322.78
1980 283.49
2010 334.18
2040 344.31
2070 314.33
2100 342.82
2130 328.64
2160 304.36
2190 311.98
2220 331.31
2250 319.38
2280 270.02
2310 307.33
2340 351.82
2370 331.24
2400 347.22
2430 335.60
2460 321.24
2490 336.24
2520 354.98
2550 313.51
2580 339.89
2610 278.73
2640 307.11
2670 299.07
2700 341.02
2730 316.42
2760 313.38
2790 300.42
2820 331.80
2850 324.98
2880 317.24
2910 336.84
2940 314.36
2970 344.29
