0 283.88
30 294.88
60 293.77
90 292.37
120 292.61
150 283.43
180 284.13
210 285.60
240 295.35
270 293.44
300 299.19
330 292.20
360 280.31
390 291.99
420 301.00
450 298.43
480 297.32
510 298.11
540 285.51
570 289.83
600 322.75
630 335.04
660 341.37
690 341.15
720 331.61
750 325.25
780 327.67
810 317.31
840 328.77
870 322.08
900 321.03
930 315.37
960 320.85
990 320.21
1020 312.00
1050 324.92
1080 333.64
1110 325.84
1140 321.37
1170 323.76
1200 340.96
1230 332.84
1260 336.69
1290 323.68
1320 321.29
1350 328.92
1380 351.51
1410 359.05
1440 365.17
1470 366.09
1500 364.53
1530 359.75
1560 360.97
1590 368.08
1620 360.47
1650 349.43
1680 349.33
1710 344.84
1740 346.27
1770 366.79
1800 332.53
1830 338.84
1860 322.72
1890 328.83
1920 312.29
1950 294.35
1980 317.37
2010 333.49
2040 351.40
2070 354.37
2100 351.84
2130 334.91
2160 331.53
2190 350.91
2220 352.40
2250 371.77
2280 362.48
2310 343.23
2340 341.99
2370 364.08
2400 345.47
2430 347.24
2460 346.01
2490 347.68
2520 329.32
2550 338.28
2580 357.85
2610 384.35
2640 382.32
2670 377.23
2700 378.56
2730 356.09
2760 367.64
2790 366.99
2820 347.88
2850 350.95
2880 356.01
2910 344.48
2940 335.77
2970 352.55
