0 138.67
1 142.67
2 147.33
3 234.67
4 160.67
5 168.00
6 129.33
7 159.33
8 224.00
9 173.33
10 216.67
11 275.33
12 170.00
13 184.00
14 187.33
15 170.00
16 196.00
17 220.00
18 241.33
19 202.00
20 174.67
21 194.00
22 202.67
23 175.33
24 168.00
25 208.67
26 157.33
27 150.67
28 220.00
29 187.33
30 166.00
31 194.67
32 236.00
33 164.00
34 163.33
35 214.67
36 218.67
37 176.67
38 164.67
39 158.00
40 184.00
41 159.33
42 256.67
43 194.00
44 192.67
45 168.00
46 214.67
47 218.67
48 179.33
49 223.33
50 194.67
51 188.00
52 241.33
53 291.33
54 166.00
55 164.00
56 285.33
57 223.33
58 171.33
59 181.33
60 169.33
61 180.00
62 213.33
63 156.00
64 203.33
65 239.33
66 160.67
67 199.33
68 156.00
69 210.67
70 212.00
71 181.33
72 228.67
73 188.67
74 238.67
75 183.33
76 243.33
77 208.67
78 237.33
79 234.67
80 196.67
81 243.33
82 294.67
83 179.33
84 219.33
85 178.67
86 190.00
87 199.33
88 164.67
89 184.00
90 252.00
91 178.67
92 233.33
93 150.67
94 193.33
95 186.67
96 216.67
97 243.33
98 174.00
99 266.67
100 199.33
101 181.33
102 169.33
103 195.33
104 191.33
105 328.67
106 216.00
107 308.67
108 184.67
109 182.00
110 184.67
111 181.33
112 252.67
113 188.00
114 295.33
115 201.33
116 164.00
117 268.00
118 178.00
119 229.33
120 185.33
121 178.00
122 183.33
123 176.00
124 242.67
125 254.00
126 313.33
127 192.00
128 272.67
129 255.33
130 302.00
131 270.67
132 179.33
133 179.33
134 200.67
135 255.33
136 182.67
137 174.67
138 199.33
139 188.00
140 176.67
141 204.00
142 193.33
143 308.67
144 206.67
145 179.33
146 211.33
147 234.67
148 174.67
149 213.33
150 192.00
151 233.33
152 190.00
153 206.00
154 186.00
155 317.33
156 206.67
157 225.33
158 180.67
159 182.00
160 188.00
161 278.00
162 202.00
163 174.67
164 196.00
165 282.67
166 198.00
167 202.00
168 181.33
169 202.67
170 203.33
171 216.00
172 190.00
173 222.67
174 252.00
175 221.33
176 333.33
177 310.00
178 352.67
179 188.00
180 198.00
181 202.00
182 187.33
183 252.67
184 190.00
185 201.33
186 190.00
187 338.67
188 180.67
189 215.33
190 190.67
191 246.67
192 176.67
193 176.00
194 333.33
195 208.00
196 190.67
197 230.67
198 217.33
199 205.33
200 240.00
201 292.00
202 240.00
203 280.00
204 240.00
205 313.33
206 246.00
207 236.00
208 220.67
209 235.33
210 235.33
211 232.67
212 241.33
213 364.00
214 237.33
215 260.67
216 229.33
217 216.00
218 236.00
219 236.00
220 225.33
221 228.00
222 242.67
223 226.00
224 233.33
225 224.00
226 214.67
227 226.67
228 224.00
229 436.67
230 335.33
231 241.33
232 238.67
233 242.00
234 224.00
235 249.33
236 369.33
237 246.67
238 255.33
239 243.33
240 232.67
241 182.67
242 196.67
243 316.67
244 220.67
245 226.00
246 217.33
247 224.67
248 424.00
249 223.33
250 359.33
251 402.00
252 230.67
253 249.33
254 228.00
255 200.00
256 310.00
257 239.33
258 246.00
259 208.67
260 225.33
261 198.67
262 232.67
263 291.33
264 289.33
265 184.00
266 223.33
267 264.67
268 238.67
269 238.00
270 232.00
271 243.33
272 234.67
273 235.33
274 210.00
275 227.33
276 348.67
277 176.67
278 192.67
279 294.67
280 354.00
281 233.33
282 200.67
283 234.67
284 228.67
285 213.33
286 186.00
287 236.00
288 240.67
289 234.67
290 206.67
291 257.33
292 217.33
293 329.33
294 211.33
295 311.33
296 296.67
297 240.67
298 226.00
299 236.67
300 172.67
301 264.00
302 279.33
303 234.67
304 217.33
305 224.67
306 185.33
307 268.67
308 265.33
309 182.00
310 219.33
311 232.00
312 362.00
313 285.33
314 220.67
315 223.33
316 298.00
317 225.33
318 322.00
319 232.00
320 264.67
321 315.33
322 412.67
323 376.00
324 212.00
325 244.00
326 255.33
327 224.00
328 226.67
329 228.67
330 226.67
331 163.33
332 188.00
333 416.00
334 227.33
335 236.00
336 254.00
337 214.00
338 230.00
339 257.33
340 209.33
341 297.33
342 238.67
343 245.33
344 286.67
345 224.67
346 228.67
347 224.67
348 204.67
349 215.33
350 222.00
351 334.67
352 285.33
353 229.33
354 402.00
355 219.33
356 215.33
357 231.33
358 237.33
359 259.33
360 235.33
361 188.00
362 236.00
363 245.33
364 226.00
365 234.67
366 231.33
367 244.67
368 236.00
369 228.67
370 229.33
371 270.67
372 296.00
373 190.00
374 225.33
375 201.33
376 232.67
377 214.00
378 230.00
379 202.67
380 198.67
381 341.33
382 250.67
383 163.33
384 237.33
385 227.33
386 214.00
387 253.33
388 253.33
389 282.00
390 205.33
391 246.67
392 246.00
393 210.67
394 202.00
395 238.00
396 261.33
397 302.00
398 230.67
399 227.33
400 200.00
401 386.67
402 229.33
403 240.00
404 240.00
405 190.67
406 214.67
407 418.67
408 286.67
409 307.33
410 280.67
411 238.00
412 163.33
413 350.67
414 234.67
415 242.67
416 322.67
417 165.33
418 415.33
419 229.33
420 205.33
421 196.00
422 277.33
423 200.00
424 192.00
425 286.67
426 354.00
427 214.67
428 205.33
429 319.33
430 356.67
431 237.33
432 220.67
433 238.67
434 288.00
435 224.00
436 255.33
437 237.33
438 248.67
439 240.67
440 207.33
441 268.67
442 242.00
443 225.33
444 272.00
445 186.00
446 209.33
447 220.67
448 233.33
449 209.33
450 233.33
451 284.00
452 227.33
453 201.33
454 202.67
455 220.67
456 352.67
457 248.67
458 185.33
459 261.33
460 216.67
461 348.67
462 235.33
463 204.67
464 188.67
465 237.33
466 249.33
467 227.33
468 302.00
469 281.33
470 259.33
471 298.67
472 260.00
473 293.33
474 224.00
475 212.00
476 215.33
477 213.33
478 222.00
479 302.00
480 203.33
481 222.00
482 196.00
483 206.67
484 258.67
485 242.67
486 238.00
487 224.67
488 300.67
489 242.67
490 310.00
491 228.67
492 216.00
493 177.33
494 301.33
495 292.67
496 359.33
497 231.33
498 268.67
499 241.33
500 300.00
501 248.00
502 203.33
503 215.33
504 341.33
505 351.33
506 209.33
507 237.33
508 208.00
509 320.67
510 226.67
511 266.00
512 208.00
513 252.00
514 224.00
515 212.00
516 362.00
517 250.67
518 242.00
519 272.00
520 255.33
521 206.67
522 261.33
523 207.33
524 250.67
525 254.67
526 245.33
527 278.00
528 285.33
529 263.33
530 228.67
531 268.67
532 355.33
533 288.00
534 213.33
535 242.00
536 232.00
537 208.67
538 244.67
539 250.00
540 244.00
541 273.33
542 212.67
543 252.67
544 225.33
545 237.33
546 240.00
547 304.67
548 236.00
549 374.67
550 222.67
551 206.67
552 332.67
553 362.67
554 283.33
555 223.33
556 262.67
557 236.67
558 179.33
559 322.67
560 392.67
561 238.00
562 222.67
563 234.00
564 247.33
565 288.67
566 216.67
567 243.33
568 216.00
569 182.67
570 247.33
571 239.33
572 320.00
573 215.33
574 259.33
575 233.33
576 250.67
577 322.67
578 250.00
579 201.33
580 322.67
581 258.67
582 196.67
583 241.33
584 379.33
585 245.33
586 296.67
587 216.00
588 233.33
589 218.67
590 260.67
591 233.33
592 314.00
593 259.33
594 239.33
595 204.00
596 246.00
597 232.00
598 257.33
599 283.33
600 308.67
601 304.00
602 208.00
603 314.67
604 226.00
605 320.00
606 372.67
607 284.00
608 301.33
609 280.67
610 322.67
611 397.33
612 223.33
613 428.00
614 266.00
615 234.00
616 240.00
617 188.67
618 366.67
619 312.67
620 219.33
621 248.67
622 227.33
623 346.67
624 239.33
625 427.33
626 262.67
627 193.33
628 228.67
629 248.00
630 214.00
631 245.33
632 260.67
633 224.00
634 376.67
635 222.67
636 266.67
637 216.67
638 239.33
639 279.33
640 277.33
641 200.00
642 282.67
643 379.33
644 232.00
645 254.67
646 241.33
647 310.67
648 276.67
649 257.33
650 250.00
651 319.33
652 271.33
653 248.67
654 214.00
655 260.67
656 313.33
657 354.67
658 328.00
659 344.67
660 244.00
661 247.33
662 221.33
663 281.33
664 195.33
665 228.00
666 259.33
667 200.00
668 335.33
669 192.67
670 292.00
671 206.00
672 234.67
673 255.33
674 273.33
675 332.00
676 275.33
677 196.67
678 307.33
679 239.33
680 226.67
681 222.67
682 249.33
683 288.67
684 285.33
685 253.33
686 214.67
687 237.33
688 212.67
689 232.00
690 216.67
691 262.00
692 251.33
693 210.00
694 264.67
695 219.33
696 199.33
697 351.33
698 371.33
699 236.00
700 253.33
701 206.00
702 213.33
703 242.00
704 262.00
705 237.33
706 274.67
707 232.67
708 230.00
709 270.00
710 435.33
711 336.00
712 244.00
713 231.33
714 284.67
715 226.00
716 304.67
717 220.67
718 248.67
719 238.00
720 284.00
721 266.00
722 227.33
723 295.33
724 225.33
725 238.67
726 256.00
727 237.33
728 240.00
729 310.00
730 217.33
731 254.67
732 230.00
733 221.33
734 358.67
735 402.00
736 238.67
737 406.67
738 257.33
739 292.00
740 270.00
741 234.67
742 196.00
743 326.00
744 258.00
745 336.00
746 291.33
747 221.33
748 222.00
749 356.67
750 241.33
751 410.67
752 225.33
753 202.00
754 354.00
755 290.00
756 288.67
757 222.00
758 214.00
759 328.67
760 274.67
761 274.00
762 339.33
763 240.67
764 356.67
765 402.67
766 260.67
767 244.00
768 231.33
769 374.00
770 250.00
771 256.67
772 236.67
773 302.00
774 329.33
775 368.00
776 330.67
777 405.33
778 260.00
779 263.33
780 226.00
781 212.67
782 212.67
783 198.00
784 232.00
785 328.00
786 310.00
787 334.67
788 252.67
789 244.67
790 324.00
791 256.00
792 306.00
793 208.00
794 237.33
795 369.33
796 264.00
797 310.00
798 342.67
799 315.33
800 452.00
801 240.00
802 240.00
803 378.67
804 498.67
805 240.00
806 484.00
807 220.00
808 240.00
809 280.00
810 316.00
811 261.33
812 310.00
813 356.67
814 242.67
815 394.00
816 262.67
817 308.00
818 240.00
819 219.33
820 254.67
821 290.67
822 344.00
823 162.67
824 241.33
825 398.00
826 310.67
827 330.67
828 240.00
829 280.00
830 200.67
831 234.67
832 224.00
833 221.33
834 299.33
835 133.33
836 303.33
837 302.00
838 232.67
839 358.00
840 330.67
841 432.67
842 254.00
843 409.33
844 288.00
845 140.67
846 260.00
847 250.00
848 312.67
849 196.00
850 215.33
851 248.67
852 409.33
853 212.00
854 275.33
855 257.33
856 217.33
857 196.00
858 291.33
859 340.00
860 228.67
861 326.00
862 392.67
863 254.67
864 256.67
865 340.00
866 324.00
867 342.00
868 382.67
869 412.00
870 220.00
871 296.00
872 398.00
873 233.33
874 394.67
875 212.67
876 234.67
877 339.33
878 446.67
879 475.33
880 274.00
881 318.00
882 279.33
883 376.67
884 188.67
885 288.00
886 314.00
887 219.33
888 244.67
889 215.33
890 282.67
891 232.00
892 386.67
893 266.67
894 274.00
895 356.00
896 296.00
897 208.67
898 242.00
899 242.67
900 206.00
901 300.67
902 267.33
903 227.33
904 287.33
905 252.00
906 220.67
907 257.33
908 261.33
909 241.33
910 442.00
911 451.33
912 295.33
913 240.67
914 187.33
915 234.67
916 402.67
917 240.00
918 316.00
919 328.00
920 323.33
921 332.67
922 304.67
923 350.00
924 227.33
925 414.00
926 238.67
927 434.67
928 254.00
929 238.67
930 248.67
931 222.00
932 247.33
933 269.33
934 209.33
935 436.00
936 389.33
937 235.33
938 235.33
939 233.33
940 238.00
941 297.33
942 238.67
943 332.00
944 290.67
945 238.67
946 408.00
947 246.00
948 394.00
949 274.00
950 252.67
951 223.33
952 218.67
953 487.33
954 316.67
955 262.00
956 350.00
957 199.33
958 309.33
959 274.00
960 302.67
961 266.00
962 166.00
963 208.67
964 260.00
965 278.00
966 318.67
967 266.00
968 210.00
969 288.00
970 265.33
971 497.33
972 233.33
973 260.00
974 264.67
975 245.33
976 397.33
977 232.67
978 352.67
979 336.67
980 192.00
981 280.00
982 260.67
983 246.67
984 257.33
985 324.00
986 428.67
987 345.33
988 245.33
989 262.00
990 426.67
991 229.33
992 462.00
993 378.67
994 418.67
995 350.00
996 429.33
997 250.00
998 252.00
999 243.33
1000 302.00
1001 240.00
1002 240.00
1003 360.00
1004 288.00
1005 264.00
1006 374.00
1007 298.67
1008 240.00
1009 358.67
1010 298.67
1011 231.33
1012 220.00
1013 315.33
1014 173.33
1015 275.33
1016 227.33
1017 374.67
1018 286.67
1019 481.33
1020 245.33
1021 286.67
1022 252.00
1023 238.67
1024 314.67
1025 282.00
1026 219.33
1027 220.00
1028 428.00
1029 382.00
1030 232.67
1031 295.33
1032 336.00
1033 324.67
1034 338.67
1035 308.67
1036 326.00
1037 447.33
1038 430.00
1039 362.67
1040 271.33
1041 290.00
1042 285.33
1043 267.33
1044 300.67
1045 376.00
1046 236.00
1047 239.33
1048 350.00
1049 336.00
1050 313.33
1051 342.67
1052 312.67
1053 448.00
1054 246.00
1055 438.00
1056 341.33
1057 290.67
1058 479.33
1059 347.33
1060 366.67
1061 407.33
1062 350.67
1063 240.00
1064 231.33
1065 272.00
1066 268.67
1067 217.33
1068 206.67
1069 384.00
1070 241.33
1071 251.33
1072 302.00
1073 248.67
1074 385.33
1075 305.33
1076 330.67
1077 288.67
1078 321.33
1079 352.00
1080 242.00
1081 285.33
1082 309.33
1083 335.33
1084 230.67
1085 207.33
1086 184.00
1087 244.67
1088 328.00
1089 364.67
1090 324.67
1091 316.00
1092 206.00
1093 352.67
1094 363.33
1095 236.00
1096 304.67
1097 313.33
1098 247.33
1099 310.67
1100 236.00
1101 340.67
1102 461.33
1103 307.33
1104 290.00
1105 250.00
1106 439.33
1107 337.33
1108 308.00
1109 438.00
1110 238.00
1111 234.00
1112 340.67
1113 234.67
1114 280.00
1115 338.00
1116 212.00
1117 336.00
1118 250.67
1119 308.00
1120 260.67
1121 289.33
1122 298.00
1123 267.33
1124 309.33
1125 223.33
1126 340.00
1127 284.00
1128 343.33
1129 430.00
1130 305.33
1131 284.00
1132 403.33
1133 290.67
1134 300.67
1135 223.33
1136 282.00
1137 248.00
1138 299.33
1139 317.33
1140 460.00
1141 218.00
1142 351.33
1143 361.33
1144 240.67
1145 400.00
1146 277.33
1147 280.00
1148 225.33
1149 442.67
1150 304.67
1151 294.00
1152 225.33
1153 302.67
1154 144.00
1155 322.00
1156 136.00
1157 306.00
1158 228.67
1159 207.33
1160 304.00
1161 130.00
1162 307.33
1163 253.33
1164 364.00
1165 256.00
1166 298.67
1167 262.67
1168 186.00
1169 255.33
1170 338.67
1171 257.33
1172 286.00
1173 406.00
1174 291.33
1175 226.67
1176 163.33
1177 258.67
1178 314.00
1179 280.67
1180 286.00
1181 173.33
1182 255.33
1183 344.67
1184 416.67
1185 348.67
1186 456.67
1187 399.33
1188 288.00
1189 372.00
1190 287.33
1191 182.00
1192 312.00
1193 234.67
1194 186.67
1195 278.67
1196 281.33
1197 351.33
1198 264.00
1199 266.67
1200 253.33
1201 394.00
1202 400.00
1203 333.33
1204 295.33
1205 300.00
1206 303.33
1207 495.33
1208 469.33
1209 319.33
1210 384.67
1211 216.00
1212 328.67
1213 326.67
1214 351.33
1215 376.00
1216 381.33
1217 280.00
1218 369.33
1219 221.33
1220 232.00
1221 422.67
1222 254.00
1223 286.67
1224 336.00
1225 325.33
1226 321.33
1227 315.33
1228 292.00
1229 223.33
1230 327.33
1231 293.33
1232 388.00
1233 243.33
1234 436.00
1235 262.00
1236 325.33
1237 302.00
1238 217.33
1239 473.33
1240 310.00
1241 349.33
1242 373.33
1243 326.00
1244 298.00
1245 283.33
1246 407.33
1247 276.67
1248 224.67
1249 362.00
1250 338.67
1251 420.67
1252 316.67
1253 269.33
1254 244.00
1255 417.33
1256 456.00
1257 376.67
1258 282.67
1259 409.33
1260 161.33
1261 392.00
1262 299.33
1263 351.33
1264 340.67
1265 460.00
1266 343.33
1267 218.67
1268 336.00
1269 217.33
1270 324.00
1271 260.00
1272 251.33
1273 272.00
1274 266.00
1275 380.00
1276 422.67
1277 270.67
1278 341.33
1279 264.67
1280 274.00
1281 216.67
1282 233.33
1283 378.67
1284 223.33
1285 276.00
1286 240.00
1287 453.33
1288 350.00
1289 365.33
1290 408.67
1291 336.00
1292 224.00
1293 395.33
1294 452.67
1295 312.00
1296 365.33
1297 188.67
1298 375.33
1299 226.67
1300 304.00
1301 327.33
1302 381.33
1303 310.67
1304 306.00
1305 292.00
1306 384.00
1307 398.00
1308 292.00
1309 290.67
1310 294.00
1311 282.67
1312 308.67
1313 302.00
1314 278.67
1315 265.33
1316 416.00
1317 263.33
1318 286.67
1319 210.67
1320 205.33
1321 308.00
1322 300.00
1323 408.67
1324 277.33
1325 244.00
1326 301.33
1327 356.67
1328 260.00
1329 361.33
1330 309.33
1331 406.00
1332 437.33
1333 286.67
1334 416.00
1335 336.67
1336 280.67
1337 389.33
1338 422.67
1339 250.00
1340 262.00
1341 379.33
1342 296.67
1343 228.00
1344 255.33
1345 242.67
1346 368.00
1347 234.00
1348 292.67
1349 437.33
1350 366.00
1351 214.67
1352 308.67
1353 341.33
1354 300.00
1355 418.00
1356 337.33
1357 313.33
1358 276.67
1359 403.33
1360 287.33
1361 360.00
1362 320.00
1363 323.33
1364 355.33
1365 385.33
1366 446.67
1367 234.00
1368 408.67
1369 441.33
1370 274.67
1371 431.33
1372 377.33
1373 441.33
1374 204.67
1375 330.00
1376 335.33
1377 284.00
1378 288.00
1379 268.00
1380 381.33
1381 238.00
1382 286.67
1383 484.67
1384 393.33
1385 432.67
1386 489.33
1387 345.33
1388 464.67
1389 350.67
1390 210.67
1391 254.00
1392 264.67
1393 237.33
1394 406.67
1395 356.67
1396 398.67
1397 290.67
1398 392.00
1399 326.67
1400 402.00
1401 226.00
1402 322.00
1403 244.00
1404 484.67
1405 303.33
1406 306.00
1407 327.33
1408 185.33
1409 338.67
1410 337.33
1411 200.00
1412 307.33
1413 417.33
1414 483.33
1415 424.00
1416 227.33
1417 374.00
1418 279.33
1419 390.67
1420 300.67
1421 274.00
1422 364.00
1423 319.33
1424 379.33
1425 232.00
1426 401.33
1427 439.33
1428 423.33
1429 360.00
1430 233.33
1431 360.00
1432 307.33
1433 342.00
1434 351.33
1435 352.00
1436 196.67
1437 303.33
1438 289.33
1439 258.67
1440 300.67
1441 365.33
1442 434.00
1443 276.67
1444 144.67
1445 347.33
1446 421.33
1447 278.67
1448 417.33
1449 303.33
1450 285.33
1451 240.00
1452 371.33
1453 273.33
1454 371.33
1455 310.00
1456 452.67
1457 335.33
1458 324.67
1459 322.00
1460 182.67
1461 186.00
1462 335.33
1463 316.67
1464 336.00
1465 329.33
1466 250.00
1467 284.00
1468 389.33
1469 222.67
1470 348.00
1471 226.67
1472 302.00
1473 367.33
1474 338.00
1475 262.00
1476 489.33
1477 439.33
1478 410.67
1479 286.67
1480 314.67
1481 342.67
1482 318.67
1483 210.00
1484 281.33
1485 414.67
1486 368.67
1487 306.67
1488 391.33
1489 221.33
1490 373.33
1491 195.33
1492 240.67
1493 368.00
1494 354.67
1495 440.67
1496 215.33
1497 380.67
1498 408.67
1499 198.67
1500 365.33
1501 256.67
1502 231.33
1503 382.00
1504 374.67
1505 208.67
1506 332.00
1507 223.33
1508 330.67
1509 214.67
1510 394.67
1511 352.67
1512 285.33
1513 354.67
1514 326.67
1515 201.33
1516 336.67
1517 334.00
1518 272.67
1519 288.00
1520 364.00
1521 245.33
1522 424.00
1523 499.33
1524 370.67
1525 454.67
1526 312.67
1527 214.67
1528 303.33
1529 300.00
1530 342.00
1531 363.33
1532 290.00
1533 350.00
1534 218.00
1535 240.00
1536 198.67
1537 352.00
1538 328.00
1539 356.00
1540 365.33
1541 386.67
1542 338.00
1543 349.33
1544 313.33
1545 305.33
1546 192.67
1547 344.67
1548 440.00
1549 320.00
1550 383.33
1551 319.33
1552 337.33
1553 321.33
1554 391.33
1555 304.00
1556 170.00
1557 280.00
1558 242.67
1559 385.33
1560 314.67
1561 258.00
1562 395.33
1563 354.00
1564 282.00
1565 382.00
1566 342.67
1567 353.33
1568 368.67
1569 270.67
1570 256.00
1571 310.00
1572 424.67
1573 246.67
1574 413.33
1575 280.67
1576 289.33
1577 322.00
1578 286.00
1579 387.33
1580 430.67
1581 226.00
1582 243.33
1583 386.00
1584 252.67
1585 447.33
1586 309.33
1587 324.67
1588 428.67
1589 379.33
1590 250.67
1591 339.33
1592 352.67
1593 240.00
1594 346.67
1595 432.00
1596 386.00
1597 173.33
1598 401.33
1599 317.33
1600 356.00
1601 308.00
1602 392.67
1603 228.67
1604 249.33
1605 270.67
1606 280.00
1607 436.67
1608 226.00
1609 433.33
1610 240.00
1611 440.00
1612 206.00
1613 490.67
1614 375.33
1615 495.33
1616 376.67
1617 419.33
1618 257.33
1619 259.33
1620 218.00
1621 387.33
1622 282.67
1623 304.00
1624 388.67
1625 386.67
1626 270.67
1627 296.67
1628 420.00
1629 212.67
1630 350.00
1631 241.33
1632 420.67
1633 348.67
1634 394.67
1635 395.33
1636 398.67
1637 236.00
1638 294.00
1639 400.67
1640 411.33
1641 358.00
1642 234.00
1643 398.00
1644 323.33
1645 320.67
1646 420.67
1647 396.67
1648 336.00
1649 281.33
1650 355.33
1651 459.33
1652 240.00
1653 408.00
1654 474.67
1655 218.00
1656 368.00
1657 343.33
1658 376.00
1659 324.67
1660 323.33
1661 242.67
1662 217.33
1663 260.67
1664 356.67
1665 264.00
1666 438.00
1667 298.00
1668 240.00
1669 232.67
1670 448.00
1671 297.33
1672 360.00
1673 286.67
1674 365.33
1675 463.33
1676 228.00
1677 379.33
1678 460.00
1679 355.33
1680 227.33
1681 378.00
1682 400.67
1683 369.33
1684 312.00
1685 413.33
1686 331.33
1687 268.67
1688 341.33
1689 432.00
1690 447.33
1691 475.33
1692 344.00
1693 328.00
1694 348.67
1695 276.67
1696 390.00
1697 446.00
1698 354.67
1699 383.33
1700 410.00
1701 205.33
1702 262.67
1703 328.00
1704 244.00
1705 246.00
1706 422.67
1707 184.67
1708 467.33
1709 266.00
1710 464.67
1711 352.67
1712 312.00
1713 357.33
1714 222.67
1715 459.33
1716 320.00
1717 214.00
1718 273.33
1719 213.33
1720 292.67
1721 304.67
1722 245.33
1723 394.67
1724 302.67
1725 439.33
1726 203.33
1727 446.00
1728 310.00
1729 421.33
1730 378.67
1731 388.00
1732 236.00
1733 244.67
1734 363.33
1735 235.33
1736 358.00
1737 272.00
1738 484.00
1739 278.00
1740 270.00
1741 276.00
1742 231.33
1743 225.33
1744 356.00
1745 345.33
1746 499.33
1747 230.00
1748 260.67
1749 230.67
1750 451.33
1751 314.00
1752 230.67
1753 376.67
1754 384.67
1755 324.00
1756 398.67
1757 470.00
1758 407.33
1759 316.00
1760 323.33
1761 280.00
1762 434.67
1763 441.33
1764 325.33
1765 306.67
1766 240.00
1767 260.00
1768 255.33
1769 256.00
1770 500.00
1771 242.67
1772 330.00
1773 291.33
1774 400.67
1775 421.33
1776 231.33
1777 212.67
1778 304.67
1779 439.33
1780 311.33
1781 359.33
1782 240.00
1783 272.67
1784 364.67
1785 339.33
1786 421.33
1787 201.33
1788 352.00
1789 296.00
1790 238.00
1791 459.33
1792 211.33
1793 298.00
1794 277.33
1795 177.33
1796 266.00
1797 200.00
1798 409.33
1799 314.00
1800 466.00
1801 218.00
1802 178.67
1803 387.33
1804 420.00
1805 240.00
1806 320.00
1807 188.00
1808 436.67
1809 232.67
1810 288.67
1811 460.00
1812 306.67
1813 351.33
1814 334.67
1815 392.67
1816 273.33
1817 193.33
1818 387.33
1819 240.67
1820 420.00
1821 287.33
1822 149.33
1823 192.00
1824 314.00
1825 315.33
1826 330.67
1827 366.00
1828 337.33
1829 246.00
1830 432.67
1831 237.33
1832 440.00
1833 320.67
1834 242.67
1835 428.00
1836 491.33
1837 237.33
1838 259.33
1839 340.00
1840 262.67
1841 159.33
1842 337.33
1843 453.33
1844 236.00
1845 450.67
1846 217.33
1847 481.33
1848 398.00
1849 358.67
1850 300.00
1851 370.00
1852 316.00
1853 270.00
1854 298.67
1855 438.67
1856 349.33
1857 265.33
1858 288.67
1859 336.00
1860 352.00
1861 232.67
1862 420.00
1863 298.67
1864 270.67
1865 326.67
1866 324.00
1867 297.33
1868 420.00
1869 319.33
1870 484.67
1871 400.00
1872 366.00
1873 313.33
1874 294.67
1875 396.00
1876 373.33
1877 440.67
1878 368.67
1879 280.00
1880 262.00
1881 440.00
1882 275.33
1883 200.67
1884 500.00
1885 283.33
1886 310.00
1887 318.67
1888 405.33
1889 340.67
1890 453.33
1891 419.33
1892 310.00
1893 234.00
1894 267.33
1895 335.33
1896 342.00
1897 230.67
1898 182.00
1899 480.00
1900 322.00
1901 322.00
1902 350.00
1903 422.00
1904 291.33
1905 373.33
1906 452.00
1907 200.67
1908 424.00
1909 294.67
1910 268.00
1911 438.67
1912 290.00
1913 420.00
1914 301.33
1915 244.67
1916 293.33
1917 244.67
1918 317.33
1919 260.67
1920 500.00
1921 275.33
1922 438.67
1923 484.67
1924 330.00
1925 375.33
1926 268.67
1927 254.67
1928 238.67
1929 295.33
1930 368.00
1931 345.33
1932 363.33
1933 432.00
1934 467.33
1935 232.67
1936 353.33
1937 350.00
1938 306.00
1939 400.67
1940 488.67
1941 464.67
1942 198.67
1943 326.00
1944 283.33
1945 354.67
1946 440.00
1947 234.67
1948 210.00
1949 362.00
1950 218.00
1951 282.00
1952 371.33
1953 351.33
1954 379.33
1955 386.67
1956 479.33
1957 440.00
1958 392.67
1959 421.33
1960 278.00
1961 376.00
1962 320.00
1963 368.67
1964 260.67
1965 254.67
1966 240.00
1967 441.33
1968 384.00
1969 292.00
1970 260.00
1971 206.00
1972 335.33
1973 274.00
1974 212.67
1975 499.33
1976 444.67
1977 302.00
1978 271.33
1979 358.00
1980 279.33
1981 478.00
1982 254.00
1983 372.67
1984 188.00
1985 300.00
1986 353.33
1987 364.00
1988 298.67
1989 357.33
1990 318.00
1991 224.00
1992 237.33
1993 343.33
1994 318.00
1995 197.33
1996 233.33
1997 338.67
1998 429.33
1999 319.33
2000 400.00
2001 384.67
2002 380.00
2003 472.00
2004 316.00
2005 400.00
2006 400.00
2007 320.00
2008 462.00
2009 467.33
2010 240.00
2011 400.00
2012 480.67
2013 256.00
2014 296.67
2015 202.67
2016 256.00
2017 278.67
2018 376.00
2019 385.33
2020 482.00
2021 489.33
2022 456.00
2023 245.33
2024 200.00
2025 278.00
2026 333.33
2027 228.00
2028 211.33
2029 344.67
2030 220.00
2031 336.00
2032 460.00
2033 385.33
2034 315.33
2035 264.00
2036 398.00
2037 408.67
2038 480.00
2039 305.33
2040 460.00
2041 362.00
2042 354.67
2043 188.00
2044 232.00
2045 168.67
2046 334.00
2047 311.33
2048 448.67
2049 346.67
2050 372.67
2051 370.00
2052 240.00
2053 198.67
2054 362.67
2055 334.00
2056 186.00
2057 320.67
2058 325.33
2059 310.67
2060 319.33
2061 226.67
2062 229.33
2063 285.33
2064 294.67
2065 351.33
2066 270.67
2067 348.00
2068 233.33
2069 381.33
2070 318.00
2071 322.67
2072 334.00
2073 274.00
2074 284.00
2075 447.33
2076 390.00
2077 285.33
2078 422.67
2079 247.33
2080 376.00
2081 471.33
2082 401.33
2083 402.67
2084 236.67
2085 340.00
2086 313.33
2087 373.33
2088 278.00
2089 256.00
2090 476.00
2091 366.00
2092 345.33
2093 298.00
2094 293.33
2095 455.33
2096 350.67
2097 350.00
2098 216.00
2099 338.00
2100 308.00
2101 299.33
2102 438.67
2103 339.33
2104 356.67
2105 151.33
2106 320.00
2107 334.67
2108 479.33
2109 384.67
2110 500.00
2111 244.00
2112 376.67
2113 306.67
2114 380.00
2115 259.33
2116 438.67
2117 378.00
2118 448.00
2119 317.33
2120 260.00
2121 231.33
2122 233.33
2123 378.67
2124 200.00
2125 320.67
2126 237.33
2127 315.33
2128 344.67
2129 440.00
2130 306.00
2131 327.33
2132 254.00
2133 260.67
2134 430.00
2135 428.00
2136 262.00
2137 478.67
2138 330.67
2139 360.00
2140 340.67
2141 346.67
2142 226.67
2143 286.67
2144 348.00
2145 499.33
2146 351.33
2147 232.67
2148 249.33
2149 363.33
2150 359.33
2151 198.67
2152 282.67
2153 375.33
2154 433.33
2155 195.33
2156 401.33
2157 209.33
2158 210.67
2159 189.33
2160 484.00
2161 446.00
2162 226.00
2163 215.33
2164 500.00
2165 364.67
2166 346.67
2167 391.33
2168 272.00
2169 350.00
2170 246.67
2171 280.67
2172 373.33
2173 264.00
2174 329.33
2175 418.00
2176 200.67
2177 198.67
2178 302.67
2179 242.67
2180 375.33
2181 405.33
2182 419.33
2183 289.33
2184 359.33
2185 231.33
2186 498.00
2187 371.33
2188 402.67
2189 369.33
2190 469.33
2191 403.33
2192 400.00
2193 281.33
2194 412.00
2195 488.00
2196 374.00
2197 454.67
2198 376.67
2199 240.00
2200 480.00
2201 260.00
2202 380.00
2203 341.33
2204 317.33
2205 440.00
2206 208.00
2207 460.00
2208 385.33
2209 400.00
2210 137.33
2211 420.00
2212 460.00
2213 238.67
2214 356.00
2215 130.00
2216 327.33
2217 500.00
2218 208.67
2219 256.67
2220 284.00
2221 204.67
2222 374.67
2223 380.67
2224 500.00
2225 412.67
2226 290.67
2227 217.33
2228 337.33
2229 320.67
2230 279.33
2231 328.67
2232 413.33
2233 336.00
2234 412.00
2235 277.33
2236 324.00
2237 356.67
2238 389.33
2239 347.33
2240 254.67
2241 298.67
2242 270.00
2243 327.33
2244 197.33
2245 262.67
2246 480.00
2247 350.67
2248 396.00
2249 419.33
2250 500.00
2251 401.33
2252 250.67
2253 260.00
2254 480.00
2255 216.00
2256 260.00
2257 348.00
2258 380.00
2259 225.33
2260 348.67
2261 383.33
2262 143.33
2263 206.67
2264 441.33
2265 465.33
2266 232.00
2267 354.00
2268 289.33
2269 480.00
2270 326.00
2271 360.00
2272 387.33
2273 302.00
2274 206.67
2275 366.00
2276 248.00
2277 319.33
2278 460.00
2279 479.33
2280 258.67
2281 465.33
2282 458.67
2283 241.33
2284 308.00
2285 425.33
2286 354.67
2287 315.33
2288 326.00
2289 322.67
2290 252.67
2291 184.67
2292 306.00
2293 258.67
2294 345.33
2295 415.33
2296 391.33
2297 331.33
2298 343.33
2299 288.67
2300 230.00
2301 256.00
2302 213.33
2303 330.67
2304 295.33
2305 177.33
2306 258.67
2307 476.67
2308 296.00
2309 314.00
2310 334.67
2311 416.67
2312 308.00
2313 282.67
2314 417.33
2315 343.33
2316 306.67
2317 284.67
2318 293.33
2319 278.67
2320 287.33
2321 198.00
2322 330.67
2323 355.33
2324 361.33
2325 227.33
2326 265.33
2327 246.67
2328 381.33
2329 343.33
2330 368.67
2331 240.67
2332 293.33
2333 231.33
2334 440.00
2335 250.67
2336 384.67
2337 441.33
2338 396.67
2339 274.67
2340 336.67
2341 356.67
2342 391.33
2343 247.33
2344 342.00
2345 374.00
2346 447.33
2347 317.33
2348 500.00
2349 354.00
2350 322.00
2351 464.67
2352 265.33
2353 268.67
2354 250.67
2355 248.00
2356 449.33
2357 266.00
2358 240.00
2359 440.00
2360 285.33
2361 372.00
2362 383.33
2363 206.67
2364 445.33
2365 356.67
2366 464.67
2367 333.33
2368 448.67
2369 304.00
2370 443.33
2371 422.00
2372 270.67
2373 438.67
2374 397.33
2375 326.67
2376 390.67
2377 237.33
2378 273.33
2379 204.00
2380 240.00
2381 194.00
2382 440.00
2383 196.67
2384 478.67
2385 366.67
2386 486.00
2387 434.67
2388 372.67
2389 462.67
2390 179.33
2391 450.00
2392 340.00
2393 246.67
2394 416.00
2395 334.67
2396 358.67
2397 374.00
2398 252.00
2399 481.33
2400 306.67
2401 460.00
2402 406.67
2403 220.00
2404 220.00
2405 350.67
2406 400.00
2407 308.67
2408 478.67
2409 288.00
2410 282.00
2411 173.33
2412 485.33
2413 240.00
2414 278.67
2415 374.67
2416 460.00
2417 378.67
2418 332.67
2419 320.00
2420 423.33
2421 376.00
2422 380.00
2423 260.00
2424 414.67
2425 500.00
2426 208.00
2427 103.33
2428 280.00
2429 346.67
2430 340.00
2431 370.67
2432 181.33
2433 415.33
2434 337.33
2435 390.00
2436 265.33
2437 433.33
2438 347.33
2439 254.00
2440 328.67
2441 349.33
2442 227.33
2443 384.67
2444 300.00
2445 324.00
2446 480.00
2447 276.00
2448 314.67
2449 300.67
2450 400.00
2451 217.33
2452 214.67
2453 428.67
2454 360.00
2455 462.00
2456 366.67
2457 340.00
2458 384.67
2459 302.67
2460 245.33
2461 196.00
2462 436.67
2463 243.33
2464 290.67
2465 425.33
2466 418.00
2467 296.00
2468 252.67
2469 202.00
2470 383.33
2471 364.00
2472 288.67
2473 285.33
2474 413.33
2475 230.00
2476 343.33
2477 172.00
2478 230.67
2479 361.33
2480 305.33
2481 500.00
2482 410.00
2483 422.67
2484 301.33
2485 371.33
2486 499.33
2487 397.33
2488 273.33
2489 248.00
2490 294.67
2491 360.00
2492 248.67
2493 276.00
2494 457.33
2495 455.33
2496 240.67
2497 377.33
2498 286.00
2499 296.00
2500 366.00
2501 329.33
2502 498.67
2503 299.33
2504 192.67
2505 400.67
2506 266.00
2507 246.00
2508 238.00
2509 408.67
2510 348.67
2511 292.00
2512 355.33
2513 336.67
2514 308.00
2515 360.00
2516 414.67
2517 331.33
2518 247.33
2519 247.33
2520 384.67
2521 396.00
2522 315.33
2523 335.33
2524 246.00
2525 280.67
2526 255.33
2527 258.67
2528 280.00
2529 312.67
2530 218.00
2531 203.33
2532 227.33
2533 357.33
2534 359.33
2535 346.67
2536 350.67
2537 188.00
2538 269.33
2539 282.00
2540 292.67
2541 485.33
2542 440.67
2543 301.33
2544 392.67
2545 397.33
2546 342.67
2547 204.00
2548 197.33
2549 302.67
2550 187.33
2551 240.00
2552 380.67
2553 244.67
2554 316.00
2555 353.33
2556 279.33
2557 358.00
2558 340.67
2559 393.33
2560 320.67
2561 440.00
2562 314.00
2563 221.33
2564 280.00
2565 316.67
2566 235.33
2567 416.67
2568 224.67
2569 254.67
2570 273.33
2571 302.00
2572 291.33
2573 294.67
2574 418.67
2575 479.33
2576 398.67
2577 254.00
2578 194.67
2579 270.67
2580 237.33
2581 354.67
2582 316.67
2583 449.33
2584 331.33
2585 236.67
2586 236.67
2587 350.00
2588 400.00
2589 371.33
2590 478.00
2591 293.33
2592 335.33
2593 338.67
2594 366.67
2595 319.33
2596 224.00
2597 434.67
2598 240.67
2599 287.33
2600 340.00
2601 380.00
2602 320.00
2603 360.00
2604 340.00
2605 456.00
2606 500.00
2607 220.00
2608 364.00
2609 428.00
2610 400.00
2611 404.67
2612 244.00
2613 320.00
2614 236.00
2615 360.00
2616 292.00
2617 342.67
2618 317.33
2619 496.00
2620 266.00
2621 240.00
2622 340.00
2623 328.67
2624 460.00
2625 178.67
2626 400.00
2627 210.00
2628 454.67
2629 280.00
2630 432.00
2631 216.00
2632 390.67
2633 460.00
2634 280.00
2635 290.00
2636 380.00
2637 351.33
2638 291.33
2639 368.67
2640 258.00
2641 314.00
2642 250.00
2643 282.00
2644 318.00
2645 274.00
2646 428.00
2647 340.00
2648 340.67
2649 125.33
2650 268.67
2651 209.33
2652 444.67
2653 221.33
2654 285.33
2655 242.00
2656 228.67
2657 238.67
2658 349.33
2659 221.33
2660 334.67
2661 403.33
2662 230.00
2663 305.33
2664 223.33
2665 282.00
2666 395.33
2667 400.00
2668 287.33
2669 358.00
2670 364.67
2671 220.67
2672 310.00
2673 272.67
2674 446.00
2675 383.33
2676 496.00
2677 177.33
2678 262.00
2679 274.00
2680 116.00
2681 313.33
2682 316.67
2683 304.67
2684 267.33
2685 204.00
2686 380.00
2687 373.33
2688 276.67
2689 268.67
2690 324.67
2691 203.33
2692 350.67
2693 292.67
2694 266.00
2695 242.00
2696 340.67
2697 295.33
2698 290.67
2699 279.33
2700 419.33
2701 282.00
2702 457.33
2703 252.67
2704 360.00
2705 424.00
2706 340.00
2707 377.33
2708 296.00
2709 354.67
2710 364.67
2711 464.67
2712 491.33
2713 367.33
2714 262.00
2715 480.00
2716 248.00
2717 474.00
2718 462.00
2719 258.00
2720 360.67
2721 394.67
2722 288.00
2723 207.33
2724 254.67
2725 256.67
2726 305.33
2727 340.67
2728 355.33
2729 292.00
2730 434.67
2731 268.67
2732 214.00
2733 386.67
2734 460.00
2735 265.33
2736 333.33
2737 312.67
2738 289.33
2739 350.67
2740 378.67
2741 320.00
2742 240.67
2743 206.67
2744 187.33
2745 406.67
2746 345.33
2747 310.00
2748 284.00
2749 436.00
2750 405.33
2751 240.00
2752 400.67
2753 212.67
2754 366.67
2755 420.00
2756 313.33
2757 464.00
2758 410.00
2759 366.67
2760 500.00
2761 338.00
2762 400.67
2763 332.67
2764 429.33
2765 421.33
2766 217.33
2767 254.00
2768 390.67
2769 344.00
2770 479.33
2771 401.33
2772 240.67
2773 234.67
2774 436.67
2775 459.33
2776 247.33
2777 356.00
2778 261.33
2779 291.33
2780 334.00
2781 207.33
2782 208.67
2783 200.67
2784 264.67
2785 472.00
2786 500.00
2787 249.33
2788 365.33
2789 356.67
2790 480.00
2791 344.00
2792 373.33
2793 443.33
2794 448.00
2795 374.00
2796 344.00
2797 358.00
2798 380.00
2799 396.67
2800 292.00
2801 366.00
2802 302.67
2803 462.67
2804 293.33
2805 353.33
2806 346.67
2807 280.00
2808 442.00
2809 480.00
2810 374.00
2811 400.00
2812 292.00
2813 301.33
2814 261.33
2815 252.00
2816 353.33
2817 196.00
2818 432.00
2819 416.00
2820 254.67
2821 288.00
2822 357.33
2823 391.33
2824 282.67
2825 256.67
2826 348.67
2827 390.00
2828 337.33
2829 442.67
2830 466.00
2831 410.00
2832 418.67
2833 441.33
2834 497.33
2835 269.33
2836 440.67
2837 359.33
2838 484.00
2839 438.67
2840 312.67
2841 276.00
2842 380.67
2843 304.00
2844 323.33
2845 226.00
2846 267.33
2847 472.00
2848 434.00
2849 315.33
2850 223.33
2851 359.33
2852 380.00
2853 352.00
2854 288.00
2855 318.67
2856 316.67
2857 337.33
2858 404.00
2859 483.33
2860 481.33
2861 305.33
2862 412.67
2863 429.33
2864 333.33
2865 361.33
2866 286.00
2867 480.00
2868 355.33
2869 416.00
2870 260.00
2871 327.33
2872 362.00
2873 428.67
2874 281.33
2875 300.00
2876 250.67
2877 308.67
2878 412.00
2879 289.33
2880 341.33
2881 339.33
2882 500.00
2883 360.67
2884 395.33
2885 376.67
2886 360.67
2887 500.00
2888 346.67
2889 328.67
2890 316.67
2891 314.00
2892 314.00
2893 382.00
2894 434.67
2895 307.33
2896 224.67
2897 458.67
2898 414.00
2899 334.00
2900 360.67
2901 341.33
2902 237.33
2903 408.00
2904 373.33
2905 186.00
2906 338.67
2907 238.67
2908 336.67
2909 198.00
2910 330.67
2911 378.67
2912 388.67
2913 375.33
2914 348.00
2915 396.00
2916 357.33
2917 301.33
2918 210.67
2919 280.00
2920 477.33
2921 332.00
2922 236.00
2923 410.00
2924 250.67
2925 308.67
2926 328.00
2927 226.00
2928 251.33
2929 314.67
2930 368.67
2931 364.00
2932 299.33
2933 226.67
2934 272.00
2935 400.67
2936 339.33
2937 372.67
2938 282.67
2939 255.33
2940 385.33
2941 282.67
2942 398.67
2943 356.67
2944 370.67
2945 325.33
2946 280.67
2947 369.33
2948 480.00
2949 299.33
2950 268.67
2951 325.33
2952 417.33
2953 317.33
2954 394.67
2955 395.33
2956 322.00
2957 480.00
2958 400.00
2959 480.00
2960 241.33
2961 334.67
2962 290.00
2963 294.67
2964 349.33
2965 246.00
2966 212.67
2967 360.67
2968 420.00
2969 380.67
2970 236.00
2971 214.67
2972 410.00
2973 376.00
2974 358.00
2975 180.67
2976 231.33
2977 413.33
2978 262.67
2979 296.00
2980 299.33
2981 285.33
2982 339.33
2983 460.00
2984 365.33
2985 276.67
2986 328.67
2987 396.67
2988 186.00
2989 337.33
2990 400.67
2991 440.00
2992 273.33
2993 293.33
2994 341.33
2995 438.67
2996 308.67
2997 350.00
2998 242.00
2999 310.67
