0 0.05
30 0.08
60 0.14
90 0.24
120 -0.19
150 0.05
180 0.40
210 0.22
240 0.16
270 -0.04
300 0.08
330 0.15
360 0.14
390 -0.06
420 0.00
450 0.21
480 0.34
510 0.13
540 0.27
570 0.29
600 0.27
630 0.28
660 0.38
690 0.44
720 0.36
750 0.31
780 0.36
810 0.34
840 0.27
870 0.08
900 0.24
930 0.35
960 0.29
990 0.32
1020 0.31
1050 0.31
1080 0.36
1110 0.33
1140 0.37
1170 0.32
1200 0.37
1230 0.36
1260 0.39
1290 0.38
1320 0.31
1350 0.40
1380 0.33
1410 0.33
1440 0.38
1470 0.40
1500 0.37
1530 0.37
1560 0.39
1590 0.36
1620 0.15
1650 0.23
1680 0.34
1710 0.33
1740 0.29
1770 0.33
1800 0.38
1830 0.32
1860 0.36
1890 0.37
1920 0.41
1950 0.38
1980 0.34
2010 0.36
2040 0.38
2070 0.39
2100 0.37
2130 0.41
2160 0.35
2190 0.35
2220 0.36
2250 0.39
2280 0.37
2310 0.35
2340 0.39
2370 0.43
2400 0.36
2430 0.37
2460 0.36
2490 0.38
2520 0.40
2550 0.33
2580 0.32
2610 0.34
2640 0.40
2670 0.39
2700 0.40
2730 0.38
2760 0.24
2790 0.30
2820 0.44
2850 0.39
2880 0.42
2910 0.40
2940 0.37
2970 0.30
