0 -0.34
1 -0.25
2 -0.19
3 -0.20
4 -0.00
5 -0.00
6 -0.28
7 -0.23
8 -0.09
9 0.46
10 0.49
11 -0.34
12 0.49
13 -0.28
14 0.49
15 0.44
16 0.49
17 -0.32
18 -0.36
19 -0.26
20 0.44
21 -0.36
22 -0.31
23 0.49
24 0.49
25 0.49
26 0.49
27 0.44
28 -0.31
29 -0.19
30 0.49
31 0.49
32 -0.25
33 -0.32
34 -0.34
35 0.49
36 -0.29
37 -0.28
38 -0.12
39 0.49
40 0.40
41 0.49
42 -0.31
43 0.49
44 -0.28
45 -0.29
46 0.49
47 0.49
48 -0.28
49 -0.29
50 -0.26
51 0.49
52 0.49
53 -0.25
54 -0.23
55 -0.34
56 0.49
57 -0.09
58 0.46
59 0.44
60 -0.32
61 0.40
62 -0.31
63 0.49
64 -0.36
65 0.49
66 0.49
67 -0.04
68 -0.07
69 -0.17
70 0.49
71 0.49
72 0.49
73 -0.28
74 -0.34
75 -0.28
76 0.49
77 -0.13
78 -0.29
79 0.49
80 -0.32
81 0.49
82 0.42
83 0.49
84 0.44
85 0.49
86 -0.29
87 0.49
88 0.49
89 -0.09
90 -0.34
91 -0.31
92 0.49
93 -0.25
94 0.49
95 -0.08
96 0.49
97 -0.32
98 0.49
99 -0.15
100 0.46
101 0.49
102 0.49
103 0.46
104 0.42
105 -0.12
106 0.49
107 0.49
108 -0.19
109 0.26
110 0.49
111 0.46
112 0.49
113 0.42
114 -0.08
115 0.44
116 0.49
117 0.49
118 0.49
119 -0.25
120 -0.28
121 -0.31
122 -0.12
123 -0.14
124 -0.31
125 -0.31
126 -0.29
127 -0.26
128 -0.24
129 -0.31
130 -0.25
131 -0.24
132 -0.34
133 -0.23
134 -0.34
135 -0.21
136 0.46
137 0.49
138 -0.38
139 -0.28
140 -0.32
141 0.05
142 -0.28
143 -0.04
144 -0.17
145 -0.24
146 -0.21
147 -0.40
148 -0.20
149 0.11
150 -0.34
151 0.49
152 0.49
153 0.49
154 -0.07
155 -0.36
156 -0.02
157 -0.23
158 -0.38
159 -0.28
160 -0.01
161 -0.29
162 -0.29
163 0.44
164 0.49
165 -0.28
166 -0.32
167 -0.34
168 0.49
169 0.49
170 0.49
171 -0.09
172 0.49
173 -0.32
174 0.49
175 -0.24
176 0.49
177 0.44
178 -0.25
179 -0.14
180 0.49
181 0.36
182 0.49
183 0.42
184 0.49
185 0.49
186 0.44
187 0.44
188 0.49
189 0.49
190 0.49
191 0.49
192 0.49
193 0.31
194 0.46
195 -0.36
196 0.49
197 0.29
198 0.31
199 0.49
200 0.49
201 0.49
202 0.28
203 0.46
204 0.46
205 -0.07
206 0.49
207 0.49
208 0.46
209 0.44
210 0.49
211 0.44
212 0.49
213 -0.10
214 0.46
215 0.46
216 0.49
217 -0.12
218 -0.25
219 -0.21
220 0.46
221 -0.26
222 0.44
223 0.46
224 0.49
225 0.49
226 0.49
227 -0.14
228 0.36
229 0.49
230 0.49
231 0.40
232 -0.09
233 -0.18
234 -0.21
235 0.44
236 -0.25
237 0.44
238 0.44
239 -0.29
240 -0.21
241 0.42
242 0.49
243 0.49
244 0.44
245 -0.09
246 0.49
247 -0.32
248 0.46
249 -0.10
250 0.46
251 0.46
252 0.49
253 0.49
254 0.49
255 0.46
256 0.49
257 -0.10
258 0.49
259 -0.25
260 0.46
261 -0.25
262 -0.31
263 0.46
264 -0.34
265 -0.34
266 -0.29
267 -0.05
268 -0.05
269 -0.17
270 -0.17
271 -0.19
272 -0.20
273 0.18
274 -0.08
275 0.19
276 -0.03
277 -0.02
278 -0.02
279 -0.00
280 -0.09
281 -0.23
282 -0.16
283 -0.34
284 -0.10
285 -0.23
286 -0.21
287 -0.02
288 -0.00
289 -0.25
290 -0.17
291 -0.17
292 -0.17
293 -0.04
294 0.14
295 0.18
296 0.34
297 0.49
298 0.46
299 -0.32
300 -0.26
301 0.38
302 0.49
303 -0.32
304 -0.31
305 0.40
306 -0.17
307 -0.26
308 0.38
309 0.46
310 0.49
311 0.36
312 0.46
313 -0.08
314 -0.09
315 0.46
316 0.46
317 -0.31
318 0.49
319 0.44
320 -0.32
321 -0.34
322 0.46
323 -0.10
324 0.42
325 -0.29
326 -0.25
327 -0.28
328 -0.24
329 -0.06
330 -0.03
331 0.20
332 0.26
333 0.42
334 0.49
335 0.46
336 -0.09
337 0.49
338 -0.38
339 0.46
340 0.36
341 0.49
342 0.42
343 -0.31
344 -0.10
345 -0.11
346 0.38
347 0.42
348 -0.24
349 0.46
350 -0.36
351 -0.32
352 -0.26
353 0.19
354 -0.09
355 0.18
356 0.44
357 0.49
358 0.44
359 -0.31
360 0.36
361 -0.26
362 -0.31
363 -0.26
364 0.20
365 -0.08
366 0.17
367 0.19
368 0.46
369 0.46
370 0.38
371 0.49
372 -0.36
373 -0.25
374 -0.08
375 0.44
376 0.46
377 0.49
378 0.46
379 -0.32
380 0.44
381 0.44
382 0.46
383 -0.10
384 0.44
385 0.49
386 -0.38
387 -0.23
388 -0.28
389 0.34
390 -0.26
391 -0.10
392 0.14
393 -0.03
394 0.14
395 0.17
396 -0.04
397 0.15
398 0.17
399 -0.03
400 -0.21
401 -0.03
402 0.02
403 -0.02
404 -0.21
405 0.13
406 0.19
407 -0.21
408 -0.21
409 -0.02
410 -0.14
411 -0.14
412 -0.34
413 -0.19
414 -0.14
415 -0.02
416 -0.23
417 -0.15
418 -0.18
419 -0.04
420 -0.10
421 -0.02
422 -0.09
423 -0.05
424 -0.18
425 -0.23
426 0.14
427 -0.17
428 -0.18
429 -0.24
430 -0.01
431 -0.08
432 -0.19
433 -0.24
434 -0.13
435 -0.15
436 -0.00
437 -0.00
438 -0.15
439 -0.12
440 -0.02
441 0.06
442 0.40
443 -0.16
444 0.40
445 0.42
446 0.49
447 0.44
448 0.49
449 -0.31
450 -0.28
451 0.44
452 -0.31
453 0.08
454 0.44
455 0.49
456 0.14
457 0.49
458 -0.01
459 0.46
460 0.12
461 -0.28
462 0.46
463 -0.07
464 0.49
465 0.44
466 -0.34
467 -0.01
468 0.40
469 -0.12
470 0.40
471 0.49
472 0.49
473 0.49
474 0.49
475 -0.29
476 0.46
477 0.49
478 -0.26
479 0.46
480 0.46
481 0.49
482 -0.31
483 0.44
484 0.46
485 0.46
486 0.46
487 0.49
488 -0.34
489 0.49
490 -0.19
491 -0.32
492 0.44
493 0.42
494 0.46
495 0.04
496 0.44
497 0.49
498 0.44
499 0.49
500 0.40
501 0.46
502 0.46
503 0.40
504 0.49
505 0.46
506 0.46
507 0.44
508 0.44
509 0.46
510 0.49
511 0.40
512 0.44
513 -0.01
514 0.40
515 -0.04
516 0.46
517 0.49
518 0.46
519 0.49
520 0.40
521 0.44
522 0.49
523 0.10
524 0.40
525 0.46
526 0.36
527 0.40
528 -0.09
529 -0.31
530 -0.34
531 -0.31
532 -0.28
533 -0.26
534 -0.36
535 -0.14
536 -0.20
537 -0.24
538 -0.23
539 0.11
540 0.00
541 0.10
542 -0.04
543 -0.17
544 -0.11
545 0.00
546 0.23
547 0.36
548 0.49
549 0.12
550 0.02
551 0.44
552 0.46
553 0.46
554 0.46
555 0.46
556 0.49
557 0.44
558 0.49
559 0.49
560 0.49
561 0.49
562 -0.34
563 0.01
564 0.07
565 0.42
566 0.36
567 0.49
568 0.44
569 0.49
570 -0.32
571 0.46
572 -0.04
573 0.38
574 0.44
575 -0.25
576 0.38
577 0.08
578 0.36
579 0.40
580 0.21
581 0.38
582 0.42
583 -0.29
584 0.49
585 0.49
586 0.42
587 0.44
588 0.46
589 0.46
590 0.49
591 -0.36
592 0.02
593 0.42
594 0.44
595 0.36
596 0.42
597 0.46
598 0.49
599 0.49
600 0.38
601 0.42
602 -0.09
603 0.36
604 -0.28
605 0.38
606 0.46
607 0.31
608 0.36
609 0.04
610 0.42
611 0.42
612 0.49
613 0.44
614 0.42
615 0.40
616 0.10
617 0.42
618 0.38
619 0.42
620 0.46
621 0.40
622 0.46
623 0.25
624 0.44
625 -0.01
626 0.20
627 -0.00
628 -0.17
629 -0.02
630 -0.21
631 -0.14
632 0.36
633 -0.03
634 -0.06
635 -0.00
636 0.34
637 0.26
638 0.42
639 0.42
640 0.25
641 0.46
642 0.49
643 0.49
644 0.26
645 0.46
646 0.44
647 0.49
648 0.40
649 0.26
650 0.46
651 0.46
652 -0.25
653 0.49
654 0.42
655 -0.11
656 0.38
657 0.46
658 0.13
659 0.46
660 0.46
661 0.46
662 0.44
663 -0.34
664 0.49
665 0.36
666 0.46
667 0.42
668 0.44
669 0.46
670 0.24
671 0.46
672 0.44
673 0.40
674 0.44
675 0.46
676 0.49
677 0.44
678 0.38
679 0.44
680 0.46
681 -0.08
682 0.42
683 0.40
684 0.42
685 0.49
686 -0.02
687 0.49
688 0.44
689 0.42
690 0.46
691 0.46
692 0.46
693 0.42
694 0.46
695 0.42
696 0.44
697 0.40
698 0.49
699 0.42
700 0.44
701 0.32
702 0.49
703 0.49
704 0.42
705 0.46
706 0.44
707 0.46
708 0.49
709 0.49
710 0.46
711 0.44
712 0.42
713 0.25
714 0.34
715 0.36
716 0.49
717 0.44
718 0.49
719 0.46
720 0.46
721 0.42
722 0.40
723 0.46
724 0.34
725 0.49
726 0.09
727 0.49
728 0.31
729 0.46
730 0.44
731 0.46
732 0.49
733 0.40
734 -0.03
735 -0.07
736 0.02
737 0.28
738 0.16
739 0.09
740 0.49
741 0.49
742 0.46
743 0.49
744 0.49
745 0.49
746 0.49
747 0.46
748 0.42
749 0.46
750 0.49
751 0.44
752 0.46
753 -0.31
754 0.42
755 0.49
756 0.44
757 0.49
758 0.42
759 0.46
760 0.49
761 0.46
762 0.49
763 0.49
764 0.44
765 -0.29
766 0.34
767 -0.17
768 0.28
769 0.25
770 0.46
771 0.46
772 -0.16
773 0.46
774 0.38
775 0.49
776 -0.24
777 0.36
778 0.28
779 0.10
780 0.26
781 -0.01
782 0.17
783 0.40
784 0.38
785 0.44
786 0.12
787 0.46
788 0.42
789 0.46
790 0.40
791 0.31
792 0.19
793 0.42
794 0.42
795 0.38
796 0.49
797 0.40
798 0.49
799 0.49
800 0.44
801 0.40
802 0.42
803 0.38
804 0.49
805 0.04
806 0.44
807 0.44
808 0.40
809 0.42
810 0.21
811 0.49
812 0.46
813 0.07
814 -0.09
815 0.25
816 0.42
817 0.25
818 0.44
819 0.40
820 0.49
821 0.38
822 0.40
823 0.49
824 0.28
825 0.49
826 0.40
827 0.49
828 -0.04
829 0.31
830 0.46
831 0.49
832 0.44
833 -0.28
834 0.42
835 0.42
836 0.46
837 0.46
838 0.46
839 0.15
840 0.49
841 0.44
842 0.44
843 -0.34
844 0.42
845 -0.07
846 0.42
847 0.34
848 0.42
849 0.49
850 0.46
851 0.49
852 0.46
853 0.44
854 0.44
855 0.42
856 0.03
857 0.32
858 -0.04
859 0.44
860 0.11
861 -0.13
862 0.38
863 0.40
864 -0.05
865 -0.10
866 0.32
867 0.28
868 0.32
869 0.14
870 0.25
871 0.10
872 0.03
873 -0.09
874 0.32
875 0.09
876 -0.26
877 0.15
878 -0.02
879 0.05
880 0.14
881 -0.09
882 -0.07
883 -0.10
884 -0.19
885 0.04
886 -0.17
887 0.32
888 -0.17
889 0.49
890 0.49
891 0.49
892 -0.34
893 0.42
894 0.46
895 0.44
896 -0.07
897 -0.17
898 -0.28
899 0.17
900 -0.05
901 0.00
902 0.02
903 0.40
904 0.49
905 -0.10
906 0.38
907 0.42
908 -0.25
909 -0.05
910 0.44
911 0.36
912 0.36
913 0.40
914 0.49
915 0.42
916 0.44
917 0.40
918 0.40
919 0.42
920 -0.25
921 0.49
922 0.49
923 -0.31
924 0.38
925 0.46
926 0.40
927 -0.31
928 0.04
929 0.46
930 -0.32
931 -0.07
932 0.38
933 0.46
934 0.24
935 0.49
936 0.49
937 0.42
938 0.46
939 0.49
940 0.46
941 0.49
942 0.14
943 0.49
944 0.46
945 0.49
946 0.44
947 0.42
948 0.36
949 0.05
950 0.46
951 0.49
952 0.24
953 0.46
954 -0.09
955 0.36
956 0.46
957 0.49
958 0.46
959 0.40
960 0.42
961 -0.32
962 0.38
963 0.38
964 0.40
965 0.28
966 0.49
967 -0.34
968 0.44
969 0.42
970 0.49
971 0.44
972 0.42
973 0.38
974 0.49
975 0.42
976 0.40
977 0.49
978 0.36
979 -0.21
980 0.17
981 0.38
982 0.44
983 0.42
984 0.19
985 -0.00
986 0.18
987 0.40
988 -0.02
989 0.42
990 -0.31
991 0.42
992 0.40
993 0.31
994 0.38
995 0.42
996 0.46
997 0.49
998 0.44
999 0.49
1000 0.42
1001 -0.28
1002 0.44
1003 0.40
1004 0.42
1005 0.40
1006 -0.16
1007 0.44
1008 0.40
1009 0.36
1010 0.44
1011 0.40
1012 0.36
1013 0.34
1014 0.19
1015 0.38
1016 0.38
1017 0.01
1018 0.42
1019 0.34
1020 0.31
1021 0.38
1022 -0.29
1023 -0.02
1024 0.40
1025 0.38
1026 -0.18
1027 -0.07
1028 0.38
1029 0.34
1030 0.42
1031 0.42
1032 0.34
1033 0.44
1034 0.38
1035 0.42
1036 0.38
1037 0.44
1038 0.25
1039 0.42
1040 0.38
1041 0.40
1042 0.42
1043 0.44
1044 0.19
1045 0.42
1046 0.36
1047 0.32
1048 0.40
1049 0.44
1050 0.34
1051 0.44
1052 0.49
1053 0.49
1054 0.44
1055 0.49
1056 -0.28
1057 0.46
1058 -0.25
1059 -0.08
1060 0.36
1061 0.44
1062 0.42
1063 0.38
1064 0.26
1065 0.31
1066 0.42
1067 0.36
1068 0.38
1069 0.26
1070 0.40
1071 0.40
1072 0.44
1073 0.38
1074 0.01
1075 0.40
1076 0.38
1077 0.08
1078 0.44
1079 0.38
1080 0.42
1081 0.44
1082 0.40
1083 0.44
1084 0.44
1085 0.14
1086 0.34
1087 0.38
1088 0.40
1089 0.38
1090 0.49
1091 0.40
1092 0.36
1093 0.31
1094 0.40
1095 0.49
1096 0.36
1097 0.36
1098 0.40
1099 0.32
1100 0.40
1101 0.38
1102 -0.21
1103 0.44
1104 0.42
1105 -0.07
1106 0.42
1107 0.40
1108 0.42
1109 0.44
1110 -0.34
1111 0.38
1112 0.38
1113 0.36
1114 0.42
1115 0.44
1116 0.40
1117 0.36
1118 0.42
1119 0.31
1120 0.49
1121 0.28
1122 0.49
1123 0.46
1124 0.36
1125 0.49
1126 0.38
1127 0.38
1128 0.42
1129 0.04
1130 0.17
1131 0.44
1132 0.18
1133 0.38
1134 0.36
1135 0.38
1136 -0.09
1137 0.31
1138 0.42
1139 0.44
1140 0.40
1141 0.34
1142 0.40
1143 0.42
1144 0.34
1145 0.32
1146 0.38
1147 0.44
1148 0.40
1149 0.20
1150 0.44
1151 0.36
1152 0.25
1153 0.40
1154 0.29
1155 0.42
1156 0.49
1157 0.42
1158 0.38
1159 0.36
1160 0.42
1161 0.12
1162 0.44
1163 0.44
1164 0.40
1165 0.38
1166 0.38
1167 0.38
1168 0.34
1169 0.40
1170 0.44
1171 0.19
1172 0.20
1173 0.19
1174 0.09
1175 0.42
1176 0.40
1177 0.42
1178 0.44
1179 0.15
1180 0.44
1181 0.40
1182 0.36
1183 0.29
1184 0.44
1185 0.49
1186 0.46
1187 0.31
1188 0.44
1189 0.26
1190 0.36
1191 0.44
1192 0.16
1193 0.34
1194 -0.25
1195 0.36
1196 0.49
1197 0.21
1198 0.38
1199 0.40
1200 0.38
1201 0.36
1202 0.38
1203 0.38
1204 -0.34
1205 0.42
1206 0.44
1207 0.44
1208 0.44
1209 0.42
1210 0.44
1211 0.42
1212 0.40
1213 0.44
1214 0.49
1215 0.01
1216 0.40
1217 0.38
1218 0.44
1219 0.42
1220 0.44
1221 0.42
1222 0.38
1223 0.36
1224 0.42
1225 0.34
1226 0.38
1227 0.36
1228 0.42
1229 0.38
1230 0.36
1231 0.42
1232 0.44
1233 0.42
1234 0.36
1235 0.38
1236 0.40
1237 0.38
1238 0.42
1239 0.44
1240 0.40
1241 0.12
1242 0.42
1243 0.38
1244 0.40
1245 0.44
1246 0.40
1247 0.32
1248 0.18
1249 0.10
1250 0.42
1251 0.44
1252 0.25
1253 0.42
1254 0.38
1255 0.32
1256 0.29
1257 0.36
1258 0.38
1259 0.42
1260 0.38
1261 0.40
1262 0.40
1263 0.49
1264 0.46
1265 0.44
1266 0.15
1267 0.34
1268 0.31
1269 0.38
1270 0.10
1271 0.44
1272 0.44
1273 0.46
1274 0.49
1275 0.49
1276 0.18
1277 0.34
1278 0.42
1279 0.40
1280 0.42
1281 0.44
1282 0.49
1283 0.34
1284 0.49
1285 0.44
1286 0.44
1287 0.20
1288 0.42
1289 0.46
1290 0.34
1291 0.44
1292 0.12
1293 0.36
1294 0.40
1295 0.32
1296 0.38
1297 0.44
1298 0.44
1299 0.46
1300 0.42
1301 0.46
1302 0.44
1303 0.44
1304 0.31
1305 0.46
1306 0.49
1307 0.42
1308 0.08
1309 0.25
1310 0.42
1311 0.44
1312 0.46
1313 0.44
1314 0.46
1315 0.44
1316 0.28
1317 0.46
1318 0.46
1319 0.08
1320 0.38
1321 0.49
1322 0.46
1323 0.44
1324 0.44
1325 0.10
1326 0.31
1327 0.20
1328 0.44
1329 0.29
1330 0.36
1331 0.42
1332 0.34
1333 -0.36
1334 0.11
1335 0.44
1336 0.49
1337 0.36
1338 0.49
1339 0.42
1340 0.46
1341 0.49
1342 -0.31
1343 0.46
1344 0.44
1345 -0.29
1346 0.46
1347 0.09
1348 0.34
1349 0.49
1350 0.46
1351 0.49
1352 0.46
1353 -0.23
1354 0.42
1355 0.42
1356 0.44
1357 0.40
1358 0.42
1359 0.46
1360 0.44
1361 0.42
1362 0.46
1363 0.44
1364 0.44
1365 0.44
1366 0.42
1367 0.40
1368 0.38
1369 0.38
1370 0.36
1371 0.42
1372 0.46
1373 0.29
1374 0.44
1375 0.46
1376 0.49
1377 0.40
1378 0.40
1379 0.46
1380 -0.25
1381 0.42
1382 0.40
1383 0.42
1384 0.44
1385 0.28
1386 0.26
1387 0.46
1388 0.42
1389 0.25
1390 0.40
1391 0.36
1392 0.44
1393 -0.14
1394 0.10
1395 0.31
1396 0.40
1397 0.42
1398 0.46
1399 0.49
1400 0.46
1401 0.38
1402 0.36
1403 0.42
1404 0.44
1405 0.38
1406 0.34
1407 0.23
1408 0.28
1409 0.34
1410 0.26
1411 0.38
1412 0.44
1413 -0.02
1414 0.34
1415 0.09
1416 0.49
1417 0.44
1418 -0.26
1419 0.24
1420 0.32
1421 0.49
1422 0.44
1423 0.46
1424 0.44
1425 -0.26
1426 0.38
1427 0.49
1428 0.42
1429 0.46
1430 0.36
1431 0.25
1432 0.40
1433 0.11
1434 0.42
1435 0.44
1436 0.49
1437 0.44
1438 0.44
1439 0.44
1440 0.46
1441 0.40
1442 0.44
1443 0.40
1444 -0.28
1445 0.40
1446 0.40
1447 -0.08
1448 0.23
1449 0.25
1450 0.42
1451 0.42
1452 0.42
1453 0.49
1454 0.49
1455 0.31
1456 0.49
1457 0.49
1458 0.44
1459 0.40
1460 0.42
1461 0.49
1462 0.49
1463 0.36
1464 0.32
1465 0.46
1466 0.46
1467 0.42
1468 0.46
1469 0.46
1470 0.42
1471 0.49
1472 0.14
1473 0.42
1474 0.42
1475 0.40
1476 0.40
1477 0.46
1478 0.40
1479 0.46
1480 0.40
1481 0.44
1482 0.40
1483 0.44
1484 0.26
1485 0.40
1486 0.44
1487 0.42
1488 0.42
1489 0.38
1490 0.46
1491 0.44
1492 0.40
1493 0.36
1494 0.31
1495 0.44
1496 0.42
1497 0.46
1498 0.31
1499 0.36
1500 0.29
1501 0.34
1502 0.34
1503 0.44
1504 0.31
1505 0.40
1506 -0.19
1507 0.34
1508 0.40
1509 0.34
1510 0.32
1511 0.44
1512 0.44
1513 0.46
1514 0.38
1515 0.44
1516 0.44
1517 0.49
1518 0.49
1519 0.49
1520 0.46
1521 0.40
1522 0.46
1523 0.40
1524 0.46
1525 0.49
1526 -0.29
1527 0.46
1528 0.36
1529 0.38
1530 0.28
1531 0.46
1532 -0.31
1533 0.12
1534 0.42
1535 0.42
1536 0.42
1537 0.40
1538 0.44
1539 0.29
1540 0.24
1541 0.44
1542 0.40
1543 0.29
1544 0.40
1545 0.44
1546 0.42
1547 0.40
1548 0.40
1549 0.46
1550 0.44
1551 0.46
1552 0.40
1553 0.32
1554 0.49
1555 0.49
1556 0.46
1557 0.38
1558 0.40
1559 0.38
1560 0.49
1561 0.40
1562 0.32
1563 0.40
1564 0.40
1565 0.42
1566 0.42
1567 0.44
1568 0.42
1569 0.40
1570 0.46
1571 0.46
1572 0.32
1573 0.42
1574 0.46
1575 0.42
1576 0.32
1577 0.29
1578 0.42
1579 0.26
1580 0.49
1581 0.49
1582 0.21
1583 0.46
1584 0.38
1585 0.42
1586 0.40
1587 0.44
1588 0.42
1589 0.19
1590 0.34
1591 0.40
1592 0.44
1593 0.19
1594 -0.40
1595 0.25
1596 0.44
1597 0.25
1598 0.44
1599 0.42
1600 0.49
1601 0.21
1602 0.49
1603 0.44
1604 0.46
1605 0.49
1606 -0.31
1607 0.34
1608 0.44
1609 0.44
1610 0.49
1611 0.42
1612 0.49
1613 0.44
1614 0.34
1615 0.44
1616 0.49
1617 0.49
1618 0.44
1619 0.38
1620 0.44
1621 -0.29
1622 -0.29
1623 0.21
1624 -0.25
1625 0.26
1626 -0.03
1627 0.18
1628 0.26
1629 0.28
1630 0.29
1631 -0.23
1632 0.40
1633 0.42
1634 0.26
1635 0.40
1636 -0.24
1637 0.02
1638 0.36
1639 0.24
1640 0.38
1641 0.00
1642 0.16
1643 0.17
1644 0.32
1645 0.31
1646 0.34
1647 -0.32
1648 0.26
1649 0.25
1650 0.26
1651 0.28
1652 -0.19
1653 0.10
1654 0.21
1655 0.34
1656 0.40
1657 0.34
1658 0.44
1659 0.10
1660 0.31
1661 0.32
1662 0.09
1663 0.26
1664 0.21
1665 0.28
1666 -0.23
1667 0.26
1668 0.02
1669 0.31
1670 0.26
1671 0.26
1672 -0.01
1673 0.40
1674 0.44
1675 0.42
1676 0.36
1677 0.46
1678 0.49
1679 -0.36
1680 0.49
1681 0.49
1682 0.46
1683 -0.32
1684 -0.32
1685 -0.04
1686 0.38
1687 0.44
1688 0.46
1689 0.42
1690 0.49
1691 0.32
1692 -0.08
1693 0.29
1694 0.46
1695 0.46
1696 0.40
1697 0.44
1698 0.46
1699 0.42
1700 0.46
1701 0.10
1702 0.49
1703 0.42
1704 0.28
1705 0.42
1706 0.46
1707 0.46
1708 0.40
1709 0.46
1710 0.29
1711 0.46
1712 0.46
1713 -0.28
1714 0.42
1715 0.46
1716 0.44
1717 0.34
1718 0.46
1719 0.44
1720 0.46
1721 0.44
1722 0.32
1723 0.46
1724 0.15
1725 0.31
1726 0.44
1727 0.49
1728 0.13
1729 0.32
1730 0.36
1731 0.44
1732 0.40
1733 0.44
1734 0.44
1735 0.42
1736 -0.08
1737 0.19
1738 -0.03
1739 0.34
1740 0.36
1741 0.21
1742 0.38
1743 0.38
1744 0.44
1745 0.38
1746 0.31
1747 0.49
1748 0.40
1749 0.40
1750 -0.06
1751 0.38
1752 0.31
1753 0.38
1754 0.34
1755 -0.09
1756 0.40
1757 -0.06
1758 -0.03
1759 -0.24
1760 0.44
1761 0.42
1762 0.42
1763 0.40
1764 0.42
1765 0.49
1766 0.49
1767 -0.29
1768 0.44
1769 0.42
1770 0.42
1771 0.42
1772 0.32
1773 0.08
1774 -0.26
1775 0.31
1776 0.32
1777 0.34
1778 0.46
1779 0.46
1780 0.46
1781 0.34
1782 0.44
1783 0.40
1784 0.42
1785 0.49
1786 0.44
1787 0.44
1788 0.46
1789 -0.31
1790 0.40
1791 0.40
1792 0.46
1793 -0.36
1794 0.49
1795 0.49
1796 0.46
1797 0.34
1798 0.44
1799 0.40
1800 0.49
1801 0.46
1802 0.49
1803 0.44
1804 0.38
1805 0.44
1806 0.46
1807 0.31
1808 0.34
1809 0.40
1810 0.49
1811 0.42
1812 0.49
1813 0.46
1814 0.38
1815 0.42
1816 0.46
1817 0.49
1818 0.46
1819 0.42
1820 0.36
1821 0.46
1822 0.49
1823 0.17
1824 0.26
1825 -0.17
1826 0.34
1827 0.40
1828 0.49
1829 0.07
1830 -0.36
1831 0.40
1832 0.46
1833 0.46
1834 0.28
1835 0.49
1836 0.44
1837 0.46
1838 0.31
1839 0.42
1840 0.40
1841 0.42
1842 0.46
1843 0.49
1844 -0.34
1845 0.46
1846 0.38
1847 0.44
1848 0.38
1849 0.44
1850 0.44
1851 -0.29
1852 0.12
1853 0.44
1854 0.38
1855 0.31
1856 0.28
1857 0.46
1858 0.40
1859 0.18
1860 0.36
1861 0.11
1862 0.40
1863 0.42
1864 0.38
1865 0.12
1866 0.34
1867 0.44
1868 0.19
1869 0.29
1870 -0.11
1871 0.19
1872 0.42
1873 0.25
1874 0.42
1875 0.21
1876 0.40
1877 0.44
1878 0.49
1879 0.49
1880 0.49
1881 0.42
1882 0.40
1883 0.49
1884 0.40
1885 0.46
1886 0.40
1887 0.49
1888 0.49
1889 0.49
1890 0.44
1891 0.38
1892 -0.26
1893 0.44
1894 0.38
1895 0.44
1896 0.44
1897 0.46
1898 -0.26
1899 0.49
1900 0.49
1901 0.34
1902 0.49
1903 0.46
1904 0.49
1905 0.44
1906 0.46
1907 0.42
1908 -0.29
1909 0.49
1910 0.42
1911 0.46
1912 0.49
1913 0.42
1914 0.49
1915 0.44
1916 0.46
1917 0.31
1918 0.44
1919 0.46
1920 0.46
1921 0.46
1922 0.44
1923 0.46
1924 0.46
1925 0.46
1926 0.46
1927 0.32
1928 0.42
1929 0.42
1930 0.46
1931 0.44
1932 0.36
1933 0.36
1934 0.46
1935 0.42
1936 0.34
1937 0.46
1938 0.36
1939 0.44
1940 0.44
1941 0.44
1942 0.44
1943 0.42
1944 0.38
1945 0.44
1946 0.38
1947 0.34
1948 0.32
1949 0.36
1950 0.42
1951 0.42
1952 0.42
1953 0.46
1954 0.34
1955 0.44
1956 0.46
1957 0.46
1958 0.42
1959 0.40
1960 0.15
1961 0.42
1962 0.44
1963 0.38
1964 0.29
1965 0.40
1966 0.40
1967 0.40
1968 -0.31
1969 0.26
1970 0.44
1971 0.36
1972 0.44
1973 0.44
1974 0.46
1975 0.49
1976 0.36
1977 0.40
1978 0.49
1979 0.32
1980 0.46
1981 0.36
1982 0.46
1983 0.42
1984 0.40
1985 0.34
1986 0.38
1987 0.28
1988 0.14
1989 0.46
1990 0.15
1991 0.42
1992 0.46
1993 0.44
1994 0.46
1995 0.07
1996 0.42
1997 0.44
1998 -0.08
1999 0.19
2000 0.32
2001 0.11
2002 0.36
2003 0.40
2004 0.15
2005 0.44
2006 0.46
2007 0.49
2008 0.44
2009 0.21
2010 0.40
2011 -0.36
2012 0.40
2013 0.44
2014 0.46
2015 0.42
2016 0.46
2017 0.42
2018 0.44
2019 -0.34
2020 0.44
2021 0.44
2022 0.46
2023 0.44
2024 0.42
2025 0.34
2026 0.36
2027 0.38
2028 0.38
2029 0.42
2030 0.38
2031 0.46
2032 0.49
2033 0.40
2034 0.49
2035 0.42
2036 0.44
2037 0.40
2038 0.42
2039 0.25
2040 0.46
2041 0.49
2042 0.46
2043 0.49
2044 0.38
2045 0.49
2046 0.46
2047 0.44
2048 0.49
2049 0.42
2050 0.49
2051 0.44
2052 0.24
2053 0.24
2054 0.46
2055 0.34
2056 0.29
2057 0.49
2058 0.44
2059 0.46
2060 0.24
2061 0.49
2062 0.49
2063 0.46
2064 -0.13
2065 0.40
2066 0.46
2067 0.46
2068 -0.15
2069 0.07
2070 0.38
2071 0.49
2072 0.44
2073 0.42
2074 0.42
2075 0.34
2076 0.42
2077 0.44
2078 -0.32
2079 0.42
2080 0.44
2081 0.44
2082 0.44
2083 0.38
2084 0.49
2085 0.38
2086 0.49
2087 0.42
2088 0.46
2089 0.46
2090 0.49
2091 0.40
2092 0.46
2093 0.44
2094 0.46
2095 0.44
2096 0.42
2097 0.44
2098 0.09
2099 0.32
2100 0.38
2101 0.28
2102 0.28
2103 0.44
2104 0.25
2105 0.40
2106 0.46
2107 0.46
2108 0.46
2109 0.46
2110 -0.28
2111 0.46
2112 0.26
2113 0.46
2114 0.40
2115 0.38
2116 0.44
2117 0.42
2118 0.36
2119 0.49
2120 0.40
2121 0.42
2122 0.46
2123 0.42
2124 0.26
2125 0.42
2126 0.49
2127 0.29
2128 0.44
2129 0.38
2130 0.40
2131 0.46
2132 0.38
2133 0.42
2134 0.46
2135 0.44
2136 0.46
2137 0.34
2138 -0.13
2139 0.42
2140 0.46
2141 0.46
2142 0.44
2143 0.44
2144 0.46
2145 0.42
2146 0.49
2147 0.36
2148 0.46
2149 0.49
2150 0.40
2151 0.42
2152 0.49
2153 0.46
2154 0.40
2155 0.42
2156 0.42
2157 0.40
2158 0.44
2159 0.40
2160 0.36
2161 0.42
2162 0.49
2163 0.46
2164 0.44
2165 0.46
2166 0.46
2167 0.42
2168 0.46
2169 0.49
2170 0.44
2171 0.44
2172 0.40
2173 0.38
2174 0.49
2175 0.49
2176 0.42
2177 0.42
2178 -0.28
2179 0.19
2180 0.13
2181 0.13
2182 -0.09
2183 0.40
2184 0.31
2185 0.34
2186 0.49
2187 0.09
2188 0.44
2189 0.42
2190 0.34
2191 -0.12
2192 0.32
2193 0.40
2194 0.34
2195 0.49
2196 0.42
2197 0.40
2198 0.46
2199 0.42
2200 -0.06
2201 0.44
2202 0.42
2203 0.42
2204 0.40
2205 0.49
2206 0.42
2207 0.09
2208 0.09
2209 0.38
2210 0.42
2211 0.38
2212 0.46
2213 0.38
2214 0.16
2215 0.49
2216 0.46
2217 0.40
2218 0.42
2219 0.40
2220 0.38
2221 0.36
2222 0.38
2223 0.44
2224 0.44
2225 0.34
2226 0.44
2227 -0.26
2228 0.26
2229 0.46
2230 0.46
2231 0.46
2232 0.46
2233 0.42
2234 0.49
2235 0.42
2236 0.44
2237 0.49
2238 0.38
2239 0.36
2240 0.42
2241 0.40
2242 0.32
2243 0.40
2244 0.46
2245 -0.20
2246 0.26
2247 0.34
2248 0.31
2249 0.49
2250 0.49
2251 0.42
2252 0.44
2253 0.38
2254 0.46
2255 0.49
2256 0.14
2257 0.42
2258 0.44
2259 0.38
2260 0.44
2261 0.49
2262 0.44
2263 0.44
2264 0.49
2265 0.19
2266 0.19
2267 0.23
2268 0.28
2269 0.26
2270 0.32
2271 0.38
2272 0.40
2273 0.40
2274 0.40
2275 0.46
2276 0.44
2277 0.36
2278 0.49
2279 0.44
2280 0.44
2281 0.44
2282 0.29
2283 0.49
2284 0.13
2285 0.44
2286 0.46
2287 0.40
2288 0.49
2289 0.42
2290 0.40
2291 0.49
2292 0.49
2293 0.46
2294 0.49
2295 -0.25
2296 0.40
2297 0.44
2298 0.42
2299 0.49
2300 0.42
2301 0.10
2302 0.36
2303 0.08
2304 0.38
2305 0.40
2306 0.38
2307 0.24
2308 0.49
2309 0.34
2310 0.46
2311 0.44
2312 0.46
2313 0.36
2314 0.44
2315 0.49
2316 0.49
2317 0.44
2318 0.44
2319 0.44
2320 0.36
2321 0.44
2322 0.49
2323 0.42
2324 0.42
2325 0.42
2326 0.49
2327 0.49
2328 0.46
2329 -0.20
2330 0.19
2331 0.42
2332 0.12
2333 0.26
2334 0.21
2335 0.29
2336 0.19
2337 0.09
2338 0.28
2339 0.25
2340 0.40
2341 0.44
2342 0.46
2343 0.31
2344 0.29
2345 0.18
2346 0.26
2347 0.26
2348 0.38
2349 0.42
2350 0.44
2351 0.44
2352 0.42
2353 0.49
2354 0.49
2355 0.49
2356 0.34
2357 0.40
2358 0.44
2359 0.40
2360 -0.13
2361 0.44
2362 0.49
2363 0.46
2364 0.46
2365 0.38
2366 0.46
2367 0.44
2368 0.49
2369 0.44
2370 0.44
2371 0.40
2372 0.46
2373 0.44
2374 0.44
2375 0.44
2376 0.32
2377 0.42
2378 0.49
2379 0.44
2380 0.46
2381 0.36
2382 0.40
2383 0.44
2384 0.31
2385 0.46
2386 0.49
2387 0.44
2388 0.49
2389 0.42
2390 0.42
2391 0.38
2392 0.44
2393 0.49
2394 0.42
2395 0.38
2396 0.49
2397 0.46
2398 0.40
2399 0.34
2400 0.14
2401 0.42
2402 0.36
2403 0.40
2404 0.26
2405 0.42
2406 0.29
2407 0.38
2408 0.38
2409 0.36
2410 0.34
2411 0.40
2412 0.34
2413 0.46
2414 0.46
2415 0.40
2416 0.28
2417 0.49
2418 0.44
2419 0.44
2420 0.36
2421 0.49
2422 0.49
2423 0.36
2424 0.46
2425 0.21
2426 -0.25
2427 0.38
2428 0.34
2429 0.44
2430 0.49
2431 0.40
2432 0.40
2433 0.46
2434 0.34
2435 0.46
2436 0.49
2437 0.44
2438 0.25
2439 0.36
2440 -0.29
2441 0.49
2442 0.46
2443 -0.20
2444 0.42
2445 0.38
2446 0.44
2447 0.42
2448 0.36
2449 0.34
2450 0.36
2451 0.29
2452 0.49
2453 0.44
2454 0.49
2455 0.49
2456 0.38
2457 0.49
2458 0.21
2459 0.44
2460 0.44
2461 0.36
2462 0.44
2463 0.40
2464 0.42
2465 0.29
2466 0.44
2467 0.38
2468 0.46
2469 0.49
2470 0.46
2471 0.44
2472 -0.36
2473 0.49
2474 0.36
2475 0.46
2476 0.46
2477 0.13
2478 0.28
2479 0.44
2480 0.16
2481 0.44
2482 0.42
2483 0.44
2484 0.49
2485 0.32
2486 0.40
2487 0.12
2488 0.29
2489 0.44
2490 0.46
2491 0.42
2492 0.42
2493 0.46
2494 0.46
2495 -0.29
2496 0.28
2497 0.49
2498 0.44
2499 0.44
2500 0.49
2501 0.44
2502 0.46
2503 0.44
2504 0.42
2505 0.49
2506 0.49
2507 0.49
2508 0.46
2509 0.44
2510 0.49
2511 0.36
2512 0.42
2513 0.29
2514 0.49
2515 0.32
2516 0.49
2517 -0.18
2518 0.19
2519 0.19
2520 0.25
2521 0.49
2522 0.34
2523 0.46
2524 0.49
2525 0.46
2526 0.44
2527 0.42
2528 0.46
2529 0.44
2530 0.46
2531 0.38
2532 0.44
2533 0.44
2534 0.49
2535 0.44
2536 0.31
2537 0.44
2538 0.46
2539 0.44
2540 0.44
2541 0.46
2542 0.42
2543 0.44
2544 0.38
2545 0.40
2546 0.46
2547 0.42
2548 0.46
2549 -0.32
2550 0.49
2551 0.17
2552 0.36
2553 -0.21
2554 0.32
2555 0.40
2556 0.21
2557 0.31
2558 0.19
2559 0.28
2560 0.46
2561 0.20
2562 0.46
2563 0.42
2564 0.24
2565 0.40
2566 0.38
2567 0.42
2568 0.42
2569 0.42
2570 -0.34
2571 0.49
2572 0.46
2573 0.46
2574 0.40
2575 0.42
2576 0.49
2577 0.49
2578 0.23
2579 0.46
2580 0.36
2581 -0.17
2582 0.46
2583 -0.28
2584 0.42
2585 0.42
2586 0.44
2587 0.44
2588 -0.34
2589 0.38
2590 0.44
2591 0.49
2592 0.44
2593 0.46
2594 0.40
2595 0.49
2596 0.44
2597 0.49
2598 0.38
2599 0.40
2600 0.42
2601 0.40
2602 0.05
2603 0.25
2604 -0.07
2605 0.32
2606 0.40
2607 0.38
2608 0.44
2609 0.40
2610 0.44
2611 0.49
2612 -0.12
2613 0.46
2614 0.44
2615 0.38
2616 0.44
2617 0.24
2618 0.44
2619 0.36
2620 0.44
2621 0.46
2622 -0.10
2623 0.32
2624 0.32
2625 -0.29
2626 0.23
2627 0.25
2628 0.28
2629 0.28
2630 0.42
2631 0.46
2632 0.49
2633 0.46
2634 0.46
2635 0.44
2636 0.49
2637 0.44
2638 0.38
2639 0.34
2640 0.49
2641 0.49
2642 0.49
2643 0.46
2644 0.49
2645 0.44
2646 0.36
2647 0.49
2648 0.42
2649 0.49
2650 -0.18
2651 0.49
2652 0.46
2653 0.44
2654 0.38
2655 0.49
2656 0.44
2657 0.49
2658 -0.23
2659 0.42
2660 0.12
2661 0.40
2662 0.46
2663 0.44
2664 0.46
2665 0.42
2666 0.46
2667 0.34
2668 0.46
2669 0.49
2670 0.10
2671 0.49
2672 0.46
2673 0.23
2674 0.42
2675 0.49
2676 0.40
2677 0.44
2678 -0.24
2679 0.40
2680 0.46
2681 0.44
2682 0.44
2683 0.42
2684 0.40
2685 0.38
2686 0.44
2687 0.38
2688 0.46
2689 0.44
2690 0.49
2691 0.44
2692 0.46
2693 0.40
2694 0.49
2695 0.46
2696 0.49
2697 0.40
2698 0.38
2699 0.26
2700 0.40
2701 0.49
2702 0.42
2703 0.46
2704 0.46
2705 0.44
2706 0.46
2707 -0.25
2708 0.44
2709 0.46
2710 0.42
2711 0.42
2712 0.49
2713 0.49
2714 0.31
2715 0.46
2716 0.49
2717 0.44
2718 0.44
2719 0.49
2720 0.46
2721 0.40
2722 0.46
2723 0.36
2724 0.49
2725 0.49
2726 0.46
2727 -0.34
2728 0.40
2729 0.46
2730 0.49
2731 0.44
2732 0.44
2733 0.46
2734 0.46
2735 0.49
2736 0.46
2737 0.42
2738 0.40
2739 0.46
2740 0.40
2741 0.38
2742 0.34
2743 0.46
2744 0.42
2745 0.40
2746 0.46
2747 0.49
2748 0.34
2749 0.44
2750 0.44
2751 0.38
2752 0.44
2753 0.44
2754 0.36
2755 -0.24
2756 0.24
2757 0.05
2758 0.24
2759 0.29
2760 0.31
2761 -0.17
2762 0.20
2763 0.29
2764 0.18
2765 0.28
2766 0.21
2767 0.34
2768 0.21
2769 0.32
2770 0.26
2771 0.19
2772 0.16
2773 -0.14
2774 0.34
2775 0.28
2776 0.23
2777 -0.12
2778 0.26
2779 0.32
2780 0.20
2781 0.24
2782 0.23
2783 0.32
2784 0.38
2785 0.38
2786 0.28
2787 0.49
2788 0.46
2789 0.40
2790 0.42
2791 0.49
2792 0.49
2793 0.46
2794 0.49
2795 0.49
2796 0.40
2797 0.42
2798 0.49
2799 0.46
2800 0.40
2801 -0.29
2802 -0.21
2803 0.38
2804 0.42
2805 0.40
2806 0.20
2807 -0.04
2808 0.18
2809 0.21
2810 0.12
2811 0.23
2812 0.38
2813 0.40
2814 0.46
2815 0.08
2816 0.42
2817 0.36
2818 0.07
2819 0.19
2820 0.44
2821 0.44
2822 0.42
2823 0.44
2824 0.34
2825 0.49
2826 0.49
2827 0.46
2828 0.49
2829 0.49
2830 0.49
2831 0.49
2832 0.42
2833 0.44
2834 0.49
2835 0.44
2836 0.46
2837 0.46
2838 0.49
2839 0.44
2840 0.34
2841 0.46
2842 0.44
2843 0.21
2844 0.36
2845 0.49
2846 0.49
2847 0.49
2848 0.44
2849 0.42
2850 0.28
2851 0.46
2852 0.44
2853 0.49
2854 0.34
2855 0.42
2856 0.38
2857 0.44
2858 0.49
2859 0.46
2860 0.49
2861 0.49
2862 0.44
2863 0.49
2864 0.44
2865 0.46
2866 0.46
2867 0.42
2868 0.42
2869 0.46
2870 0.32
2871 0.46
2872 0.49
2873 -0.12
2874 0.46
2875 -0.21
2876 0.49
2877 0.36
2878 0.42
2879 0.26
2880 0.46
2881 0.44
2882 0.38
2883 0.49
2884 0.46
2885 0.46
2886 0.34
2887 0.36
2888 0.34
2889 0.34
2890 0.40
2891 0.42
2892 0.46
2893 0.49
2894 0.42
2895 0.44
2896 0.49
2897 0.49
2898 0.38
2899 0.17
2900 0.40
2901 0.49
2902 0.36
2903 0.49
2904 0.42
2905 0.44
2906 0.49
2907 0.42
2908 0.49
2909 0.46
2910 0.49
2911 0.46
2912 0.36
2913 0.40
2914 0.34
2915 -0.16
2916 0.23
2917 0.49
2918 0.46
2919 0.44
2920 0.40
2921 0.28
2922 0.49
2923 0.40
2924 0.46
2925 0.49
2926 0.28
2927 0.46
2928 0.49
2929 0.46
2930 0.42
2931 0.49
2932 0.44
2933 0.36
2934 0.38
2935 0.42
2936 0.38
2937 0.49
2938 0.46
2939 0.42
2940 0.46
2941 0.46
2942 0.49
2943 -0.23
2944 0.49
2945 0.32
2946 0.49
2947 0.46
2948 0.42
2949 0.40
2950 0.44
2951 0.44
2952 0.11
2953 0.49
2954 0.40
2955 0.40
2956 0.46
2957 0.49
2958 0.38
2959 -0.16
2960 0.36
2961 0.46
2962 0.42
2963 0.42
2964 0.40
2965 0.26
2966 0.40
2967 0.42
2968 0.36
2969 0.44
2970 0.49
2971 -0.21
2972 0.44
2973 0.42
2974 -0.14
2975 0.26
2976 0.32
2977 0.49
2978 0.38
2979 0.44
2980 0.46
2981 0.14
2982 0.46
2983 0.49
2984 0.42
2985 0.49
2986 0.42
2987 0.31
2988 -0.15
2989 0.36
2990 0.46
2991 0.49
2992 0.31
2993 0.49
2994 0.49
2995 0.31
2996 -0.32
2997 -0.29
2998 0.38
2999 0.49
