0 0.31
1 0.31
2 0.31
3 0.31
4 0.31
5 0.31
6 0.31
7 0.31
8 0.31
9 0.31
10 0.31
11 0.31
12 0.31
13 0.31
14 0.31
15 0.31
16 0.31
17 0.31
18 0.31
19 0.31
20 0.31
21 0.31
22 0.31
23 0.31
24 0.31
25 0.31
26 0.31
27 0.31
28 0.31
29 0.31
30 0.31
31 0.31
32 0.31
33 0.31
34 0.31
35 0.31
36 0.31
37 0.31
38 0.31
39 0.31
40 0.31
41 0.31
42 0.31
43 0.31
44 0.31
45 0.31
46 0.31
47 0.31
48 0.31
49 0.31
50 0.31
51 0.31
52 0.31
53 0.31
54 0.31
55 0.31
56 0.31
57 0.31
58 0.31
59 0.31
60 0.31
61 0.31
62 0.31
63 0.31
64 0.31
65 0.31
66 0.31
67 0.31
68 0.31
69 0.31
70 0.31
71 0.31
72 0.31
73 0.31
74 0.31
75 0.31
76 0.31
77 0.31
78 0.31
79 0.31
80 0.31
81 0.31
82 0.31
83 0.31
84 0.31
85 0.31
86 0.31
87 0.31
88 0.31
89 0.31
90 0.31
91 0.31
92 0.31
93 0.31
94 0.31
95 0.31
96 0.31
97 0.31
98 0.31
99 0.31
100 0.31
101 0.31
102 0.31
103 0.31
104 0.31
105 0.31
106 0.31
107 0.31
108 0.31
109 0.31
110 0.31
111 0.31
112 0.31
113 0.31
114 0.31
115 0.31
116 0.31
117 0.31
118 0.31
119 0.31
120 0.31
121 0.31
122 0.31
123 0.31
124 0.31
125 0.31
126 0.31
127 0.31
128 0.31
129 0.31
130 0.31
131 0.31
132 0.31
133 0.31
134 0.31
135 0.31
136 0.31
137 0.31
138 0.31
139 0.31
140 0.31
141 0.31
142 0.31
143 0.31
144 0.31
145 0.31
146 0.31
147 0.31
148 0.31
149 0.31
150 0.31
151 0.31
152 0.31
153 0.31
154 0.31
155 0.31
156 0.31
157 0.31
158 0.31
159 0.31
160 0.31
161 0.31
162 0.31
163 0.31
164 0.31
165 0.31
166 0.31
167 0.31
168 0.31
169 0.31
170 0.31
171 0.31
172 0.31
173 0.31
174 0.31
175 0.31
176 0.31
177 0.31
178 0.31
179 0.31
180 0.31
181 0.31
182 0.31
183 0.31
184 0.31
185 0.31
186 0.31
187 0.31
188 0.31
189 0.31
190 0.31
191 0.31
192 0.31
193 0.31
194 0.31
195 0.31
196 0.31
197 0.31
198 0.31
199 0.31
200 0.06
201 0.06
202 0.06
203 0.06
204 0.06
205 0.06
206 0.06
207 0.06
208 0.06
209 0.06
210 0.06
211 0.06
212 0.06
213 0.06
214 0.06
215 0.06
216 0.06
217 0.06
218 0.06
219 0.06
220 0.06
221 0.06
222 0.06
223 0.06
224 0.06
225 0.06
226 0.06
227 0.06
228 0.06
229 0.06
230 0.06
231 0.06
232 0.06
233 0.06
234 0.06
235 0.06
236 0.06
237 0.06
238 0.06
239 0.06
240 0.06
241 0.06
242 0.06
243 0.06
244 0.06
245 0.06
246 0.06
247 0.06
248 0.06
249 0.06
250 0.06
251 0.06
252 0.06
253 0.06
254 0.06
255 0.06
256 0.06
257 0.06
258 0.06
259 0.06
260 0.06
261 0.06
262 0.06
263 0.06
264 0.06
265 0.06
266 0.06
267 0.06
268 0.06
269 0.06
270 0.06
271 0.06
272 0.06
273 0.06
274 0.06
275 0.06
276 0.06
277 0.06
278 0.06
279 0.06
280 0.06
281 0.06
282 0.06
283 0.06
284 0.06
285 0.06
286 0.06
287 0.06
288 0.06
289 0.06
290 0.06
291 0.06
292 0.06
293 0.06
294 0.06
295 0.06
296 0.06
297 0.06
298 0.06
299 0.06
300 0.06
301 0.06
302 0.06
303 0.06
304 0.06
305 0.06
306 0.06
307 0.06
308 0.06
309 0.06
310 0.06
311 0.06
312 0.06
313 0.06
314 0.06
315 0.06
316 0.06
317 0.06
318 0.06
319 0.06
320 0.06
321 0.06
322 0.06
323 0.06
324 0.06
325 0.06
326 0.06
327 0.06
328 0.06
329 0.06
330 0.06
331 0.06
332 0.06
333 0.06
334 0.06
335 0.06
336 0.06
337 0.06
338 0.06
339 0.06
340 0.06
341 0.06
342 0.06
343 0.06
344 0.06
345 0.06
346 0.06
347 0.06
348 0.06
349 0.06
350 0.06
351 0.06
352 0.06
353 0.06
354 0.06
355 0.06
356 0.06
357 0.06
358 0.06
359 0.06
360 0.06
361 0.06
362 0.06
363 0.06
364 0.06
365 0.06
366 0.06
367 0.06
368 0.06
369 0.06
370 0.06
371 0.06
372 0.06
373 0.06
374 0.06
375 0.06
376 0.06
377 0.06
378 0.06
379 0.06
380 0.06
381 0.06
382 0.06
383 0.06
384 0.06
385 0.06
386 0.06
387 0.06
388 0.06
389 0.06
390 0.06
391 0.06
392 0.06
393 0.06
394 0.06
395 0.06
396 0.06
397 0.06
398 0.06
399 0.06
400 0.31
401 0.31
402 0.31
403 0.31
404 0.31
405 0.31
406 0.31
407 0.31
408 0.31
409 0.31
410 0.31
411 0.31
412 0.31
413 0.31
414 0.31
415 0.31
416 0.31
417 0.31
418 0.31
419 0.31
420 0.31
421 0.31
422 0.31
423 0.31
424 0.31
425 0.31
426 0.31
427 0.31
428 0.31
429 0.31
430 0.31
431 0.31
432 0.31
433 0.31
434 0.31
435 0.31
436 0.31
437 0.31
438 0.31
439 0.31
440 0.31
441 0.31
442 0.31
443 0.31
444 0.31
445 0.31
446 0.31
447 0.31
448 0.31
449 0.31
450 0.31
451 0.31
452 0.31
453 0.31
454 0.31
455 0.31
456 0.31
457 0.31
458 0.31
459 0.31
460 0.31
461 0.31
462 0.31
463 0.31
464 0.31
465 0.31
466 0.31
467 0.31
468 0.31
469 0.31
470 0.31
471 0.31
472 0.31
473 0.31
474 0.31
475 0.31
476 0.31
477 0.31
478 0.31
479 0.31
480 0.31
481 0.31
482 0.31
483 0.31
484 0.31
485 0.31
486 0.31
487 0.31
488 0.31
489 0.31
490 0.31
491 0.31
492 0.31
493 0.31
494 0.31
495 0.31
496 0.31
497 0.31
498 0.31
499 0.31
500 0.31
501 0.31
502 0.31
503 0.31
504 0.31
505 0.31
506 0.31
507 0.31
508 0.31
509 0.31
510 0.31
511 0.31
512 0.31
513 0.31
514 0.31
515 0.31
516 0.31
517 0.31
518 0.31
519 0.31
520 0.31
521 0.31
522 0.31
523 0.31
524 0.31
525 0.31
526 0.31
527 0.31
528 0.31
529 0.31
530 0.31
531 0.31
532 0.31
533 0.31
534 0.31
535 0.31
536 0.31
537 0.31
538 0.31
539 0.31
540 0.31
541 0.31
542 0.31
543 0.31
544 0.31
545 0.31
546 0.31
547 0.31
548 0.31
549 0.31
550 0.31
551 0.31
552 0.31
553 0.31
554 0.31
555 0.31
556 0.31
557 0.31
558 0.31
559 0.31
560 0.31
561 0.31
562 0.31
563 0.31
564 0.31
565 0.31
566 0.31
567 0.31
568 0.31
569 0.31
570 0.31
571 0.31
572 0.31
573 0.31
574 0.31
575 0.31
576 0.31
577 0.31
578 0.31
579 0.31
580 0.31
581 0.31
582 0.31
583 0.31
584 0.31
585 0.31
586 0.31
587 0.31
588 0.31
589 0.31
590 0.31
591 0.31
592 0.31
593 0.31
594 0.31
595 0.31
596 0.31
597 0.31
598 0.31
599 0.31
600 0.40
601 0.40
602 0.40
603 0.40
604 0.40
605 0.40
606 0.40
607 0.40
608 0.40
609 0.40
610 0.40
611 0.40
612 0.40
613 0.40
614 0.40
615 0.40
616 0.40
617 0.40
618 0.40
619 0.40
620 0.40
621 0.40
622 0.40
623 0.40
624 0.40
625 0.40
626 0.40
627 0.40
628 0.40
629 0.40
630 0.40
631 0.40
632 0.40
633 0.40
634 0.40
635 0.40
636 0.40
637 0.40
638 0.40
639 0.40
640 0.40
641 0.40
642 0.40
643 0.40
644 0.40
645 0.40
646 0.40
647 0.40
648 0.40
649 0.40
650 0.40
651 0.40
652 0.40
653 0.40
654 0.40
655 0.40
656 0.40
657 0.40
658 0.40
659 0.40
660 0.40
661 0.40
662 0.40
663 0.40
664 0.40
665 0.40
666 0.40
667 0.40
668 0.40
669 0.40
670 0.40
671 0.40
672 0.40
673 0.40
674 0.40
675 0.40
676 0.40
677 0.40
678 0.40
679 0.40
680 0.40
681 0.40
682 0.40
683 0.40
684 0.40
685 0.40
686 0.40
687 0.40
688 0.40
689 0.40
690 0.40
691 0.40
692 0.40
693 0.40
694 0.40
695 0.40
696 0.40
697 0.40
698 0.40
699 0.40
700 0.40
701 0.40
702 0.40
703 0.40
704 0.40
705 0.40
706 0.40
707 0.40
708 0.40
709 0.40
710 0.40
711 0.40
712 0.40
713 0.40
714 0.40
715 0.40
716 0.40
717 0.40
718 0.40
719 0.40
720 0.40
721 0.40
722 0.40
723 0.40
724 0.40
725 0.40
726 0.40
727 0.40
728 0.40
729 0.40
730 0.40
731 0.40
732 0.40
733 0.40
734 0.40
735 0.40
736 0.40
737 0.40
738 0.40
739 0.40
740 0.40
741 0.40
742 0.40
743 0.40
744 0.40
745 0.40
746 0.40
747 0.40
748 0.40
749 0.40
750 0.40
751 0.40
752 0.40
753 0.40
754 0.40
755 0.40
756 0.40
757 0.40
758 0.40
759 0.40
760 0.40
761 0.40
762 0.40
763 0.40
764 0.40
765 0.40
766 0.40
767 0.40
768 0.40
769 0.40
770 0.40
771 0.40
772 0.40
773 0.40
774 0.40
775 0.40
776 0.40
777 0.40
778 0.40
779 0.40
780 0.40
781 0.40
782 0.40
783 0.40
784 0.40
785 0.40
786 0.40
787 0.40
788 0.40
789 0.40
790 0.40
791 0.40
792 0.40
793 0.40
794 0.40
795 0.40
796 0.40
797 0.40
798 0.40
799 0.40
800 0.42
801 0.42
802 0.42
803 0.42
804 0.42
805 0.42
806 0.42
807 0.42
808 0.42
809 0.42
810 0.42
811 0.42
812 0.42
813 0.42
814 0.42
815 0.42
816 0.42
817 0.42
818 0.42
819 0.42
820 0.42
821 0.42
822 0.42
823 0.42
824 0.42
825 0.42
826 0.42
827 0.42
828 0.42
829 0.42
830 0.42
831 0.42
832 0.42
833 0.42
834 0.42
835 0.42
836 0.42
837 0.42
838 0.42
839 0.42
840 0.42
841 0.42
842 0.42
843 0.42
844 0.42
845 0.42
846 0.42
847 0.42
848 0.42
849 0.42
850 0.42
851 0.42
852 0.42
853 0.42
854 0.42
855 0.42
856 0.42
857 0.42
858 0.42
859 0.42
860 0.42
861 0.42
862 0.42
863 0.42
864 0.42
865 0.42
866 0.42
867 0.42
868 0.42
869 0.42
870 0.42
871 0.42
872 0.42
873 0.42
874 0.42
875 0.42
876 0.42
877 0.42
878 0.42
879 0.42
880 0.42
881 0.42
882 0.42
883 0.42
884 0.42
885 0.42
886 0.42
887 0.42
888 0.42
889 0.42
890 0.42
891 0.42
892 0.42
893 0.42
894 0.42
895 0.42
896 0.42
897 0.42
898 0.42
899 0.42
900 0.42
901 0.42
902 0.42
903 0.42
904 0.42
905 0.42
906 0.42
907 0.42
908 0.42
909 0.42
910 0.42
911 0.42
912 0.42
913 0.42
914 0.42
915 0.42
916 0.42
917 0.42
918 0.42
919 0.42
920 0.42
921 0.42
922 0.42
923 0.42
924 0.42
925 0.42
926 0.42
927 0.42
928 0.42
929 0.42
930 0.42
931 0.42
932 0.42
933 0.42
934 0.42
935 0.42
936 0.42
937 0.42
938 0.42
939 0.42
940 0.42
941 0.42
942 0.42
943 0.42
944 0.42
945 0.42
946 0.42
947 0.42
948 0.42
949 0.42
950 0.42
951 0.42
952 0.42
953 0.42
954 0.42
955 0.42
956 0.42
957 0.42
958 0.42
959 0.42
960 0.42
961 0.42
962 0.42
963 0.42
964 0.42
965 0.42
966 0.42
967 0.42
968 0.42
969 0.42
970 0.42
971 0.42
972 0.42
973 0.42
974 0.42
975 0.42
976 0.42
977 0.42
978 0.42
979 0.42
980 0.42
981 0.42
982 0.42
983 0.42
984 0.42
985 0.42
986 0.42
987 0.42
988 0.42
989 0.42
990 0.42
991 0.42
992 0.42
993 0.42
994 0.42
995 0.42
996 0.42
997 0.42
998 0.42
999 0.42
1000 0.41
1001 0.41
1002 0.41
1003 0.41
1004 0.41
1005 0.41
1006 0.41
1007 0.41
1008 0.41
1009 0.41
1010 0.41
1011 0.41
1012 0.41
1013 0.41
1014 0.41
1015 0.41
1016 0.41
1017 0.41
1018 0.41
1019 0.41
1020 0.41
1021 0.41
1022 0.41
1023 0.41
1024 0.41
1025 0.41
1026 0.41
1027 0.41
1028 0.41
1029 0.41
1030 0.41
1031 0.41
1032 0.41
1033 0.41
1034 0.41
1035 0.41
1036 0.41
1037 0.41
1038 0.41
1039 0.41
1040 0.41
1041 0.41
1042 0.41
1043 0.41
1044 0.41
1045 0.41
1046 0.41
1047 0.41
1048 0.41
1049 0.41
1050 0.41
1051 0.41
1052 0.41
1053 0.41
1054 0.41
1055 0.41
1056 0.41
1057 0.41
1058 0.41
1059 0.41
1060 0.41
1061 0.41
1062 0.41
1063 0.41
1064 0.41
1065 0.41
1066 0.41
1067 0.41
1068 0.41
1069 0.41
1070 0.41
1071 0.41
1072 0.41
1073 0.41
1074 0.41
1075 0.41
1076 0.41
1077 0.41
1078 0.41
1079 0.41
1080 0.41
1081 0.41
1082 0.41
1083 0.41
1084 0.41
1085 0.41
1086 0.41
1087 0.41
1088 0.41
1089 0.41
1090 0.41
1091 0.41
1092 0.41
1093 0.41
1094 0.41
1095 0.41
1096 0.41
1097 0.41
1098 0.41
1099 0.41
1100 0.41
1101 0.41
1102 0.41
1103 0.41
1104 0.41
1105 0.41
1106 0.41
1107 0.41
1108 0.41
1109 0.41
1110 0.41
1111 0.41
1112 0.41
1113 0.41
1114 0.41
1115 0.41
1116 0.41
1117 0.41
1118 0.41
1119 0.41
1120 0.41
1121 0.41
1122 0.41
1123 0.41
1124 0.41
1125 0.41
1126 0.41
1127 0.41
1128 0.41
1129 0.41
1130 0.41
1131 0.41
1132 0.41
1133 0.41
1134 0.41
1135 0.41
1136 0.41
1137 0.41
1138 0.41
1139 0.41
1140 0.41
1141 0.41
1142 0.41
1143 0.41
1144 0.41
1145 0.41
1146 0.41
1147 0.41
1148 0.41
1149 0.41
1150 0.41
1151 0.41
1152 0.41
1153 0.41
1154 0.41
1155 0.41
1156 0.41
1157 0.41
1158 0.41
1159 0.41
1160 0.41
1161 0.41
1162 0.41
1163 0.41
1164 0.41
1165 0.41
1166 0.41
1167 0.41
1168 0.41
1169 0.41
1170 0.41
1171 0.41
1172 0.41
1173 0.41
1174 0.41
1175 0.41
1176 0.41
1177 0.41
1178 0.41
1179 0.41
1180 0.41
1181 0.41
1182 0.41
1183 0.41
1184 0.41
1185 0.41
1186 0.41
1187 0.41
1188 0.41
1189 0.41
1190 0.41
1191 0.41
1192 0.41
1193 0.41
1194 0.41
1195 0.41
1196 0.41
1197 0.41
1198 0.41
1199 0.41
1200 0.45
1201 0.45
1202 0.45
1203 0.45
1204 0.45
1205 0.45
1206 0.45
1207 0.45
1208 0.45
1209 0.45
1210 0.45
1211 0.45
1212 0.45
1213 0.45
1214 0.45
1215 0.45
1216 0.45
1217 0.45
1218 0.45
1219 0.45
1220 0.45
1221 0.45
1222 0.45
1223 0.45
1224 0.45
1225 0.45
1226 0.45
1227 0.45
1228 0.45
1229 0.45
1230 0.45
1231 0.45
1232 0.45
1233 0.45
1234 0.45
1235 0.45
1236 0.45
1237 0.45
1238 0.45
1239 0.45
1240 0.45
1241 0.45
1242 0.45
1243 0.45
1244 0.45
1245 0.45
1246 0.45
1247 0.45
1248 0.45
1249 0.45
1250 0.45
1251 0.45
1252 0.45
1253 0.45
1254 0.45
1255 0.45
1256 0.45
1257 0.45
1258 0.45
1259 0.45
1260 0.45
1261 0.45
1262 0.45
1263 0.45
1264 0.45
1265 0.45
1266 0.45
1267 0.45
1268 0.45
1269 0.45
1270 0.45
1271 0.45
1272 0.45
1273 0.45
1274 0.45
1275 0.45
1276 0.45
1277 0.45
1278 0.45
1279 0.45
1280 0.45
1281 0.45
1282 0.45
1283 0.45
1284 0.45
1285 0.45
1286 0.45
1287 0.45
1288 0.45
1289 0.45
1290 0.45
1291 0.45
1292 0.45
1293 0.45
1294 0.45
1295 0.45
1296 0.45
1297 0.45
1298 0.45
1299 0.45
1300 0.45
1301 0.45
1302 0.45
1303 0.45
1304 0.45
1305 0.45
1306 0.45
1307 0.45
1308 0.45
1309 0.45
1310 0.45
1311 0.45
1312 0.45
1313 0.45
1314 0.45
1315 0.45
1316 0.45
1317 0.45
1318 0.45
1319 0.45
1320 0.45
1321 0.45
1322 0.45
1323 0.45
1324 0.45
1325 0.45
1326 0.45
1327 0.45
1328 0.45
1329 0.45
1330 0.45
1331 0.45
1332 0.45
1333 0.45
1334 0.45
1335 0.45
1336 0.45
1337 0.45
1338 0.45
1339 0.45
1340 0.45
1341 0.45
1342 0.45
1343 0.45
1344 0.45
1345 0.45
1346 0.45
1347 0.45
1348 0.45
1349 0.45
1350 0.45
1351 0.45
1352 0.45
1353 0.45
1354 0.45
1355 0.45
1356 0.45
1357 0.45
1358 0.45
1359 0.45
1360 0.45
1361 0.45
1362 0.45
1363 0.45
1364 0.45
1365 0.45
1366 0.45
1367 0.45
1368 0.45
1369 0.45
1370 0.45
1371 0.45
1372 0.45
1373 0.45
1374 0.45
1375 0.45
1376 0.45
1377 0.45
1378 0.45
1379 0.45
1380 0.45
1381 0.45
1382 0.45
1383 0.45
1384 0.45
1385 0.45
1386 0.45
1387 0.45
1388 0.45
1389 0.45
1390 0.45
1391 0.45
1392 0.45
1393 0.45
1394 0.45
1395 0.45
1396 0.45
1397 0.45
1398 0.45
1399 0.45
1400 0.44
1401 0.44
1402 0.44
1403 0.44
1404 0.44
1405 0.44
1406 0.44
1407 0.44
1408 0.44
1409 0.44
1410 0.44
1411 0.44
1412 0.44
1413 0.44
1414 0.44
1415 0.44
1416 0.44
1417 0.44
1418 0.44
1419 0.44
1420 0.44
1421 0.44
1422 0.44
1423 0.44
1424 0.44
1425 0.44
1426 0.44
1427 0.44
1428 0.44
1429 0.44
1430 0.44
1431 0.44
1432 0.44
1433 0.44
1434 0.44
1435 0.44
1436 0.44
1437 0.44
1438 0.44
1439 0.44
1440 0.44
1441 0.44
1442 0.44
1443 0.44
1444 0.44
1445 0.44
1446 0.44
1447 0.44
1448 0.44
1449 0.44
1450 0.44
1451 0.44
1452 0.44
1453 0.44
1454 0.44
1455 0.44
1456 0.44
1457 0.44
1458 0.44
1459 0.44
1460 0.44
1461 0.44
1462 0.44
1463 0.44
1464 0.44
1465 0.44
1466 0.44
1467 0.44
1468 0.44
1469 0.44
1470 0.44
1471 0.44
1472 0.44
1473 0.44
1474 0.44
1475 0.44
1476 0.44
1477 0.44
1478 0.44
1479 0.44
1480 0.44
1481 0.44
1482 0.44
1483 0.44
1484 0.44
1485 0.44
1486 0.44
1487 0.44
1488 0.44
1489 0.44
1490 0.44
1491 0.44
1492 0.44
1493 0.44
1494 0.44
1495 0.44
1496 0.44
1497 0.44
1498 0.44
1499 0.44
1500 0.44
1501 0.44
1502 0.44
1503 0.44
1504 0.44
1505 0.44
1506 0.44
1507 0.44
1508 0.44
1509 0.44
1510 0.44
1511 0.44
1512 0.44
1513 0.44
1514 0.44
1515 0.44
1516 0.44
1517 0.44
1518 0.44
1519 0.44
1520 0.44
1521 0.44
1522 0.44
1523 0.44
1524 0.44
1525 0.44
1526 0.44
1527 0.44
1528 0.44
1529 0.44
1530 0.44
1531 0.44
1532 0.44
1533 0.44
1534 0.44
1535 0.44
1536 0.44
1537 0.44
1538 0.44
1539 0.44
1540 0.44
1541 0.44
1542 0.44
1543 0.44
1544 0.44
1545 0.44
1546 0.44
1547 0.44
1548 0.44
1549 0.44
1550 0.44
1551 0.44
1552 0.44
1553 0.44
1554 0.44
1555 0.44
1556 0.44
1557 0.44
1558 0.44
1559 0.44
1560 0.44
1561 0.44
1562 0.44
1563 0.44
1564 0.44
1565 0.44
1566 0.44
1567 0.44
1568 0.44
1569 0.44
1570 0.44
1571 0.44
1572 0.44
1573 0.44
1574 0.44
1575 0.44
1576 0.44
1577 0.44
1578 0.44
1579 0.44
1580 0.44
1581 0.44
1582 0.44
1583 0.44
1584 0.44
1585 0.44
1586 0.44
1587 0.44
1588 0.44
1589 0.44
1590 0.44
1591 0.44
1592 0.44
1593 0.44
1594 0.44
1595 0.44
1596 0.44
1597 0.44
1598 0.44
1599 0.44
1600 0.45
1601 0.45
1602 0.45
1603 0.45
1604 0.45
1605 0.45
1606 0.45
1607 0.45
1608 0.45
1609 0.45
1610 0.45
1611 0.45
1612 0.45
1613 0.45
1614 0.45
1615 0.45
1616 0.45
1617 0.45
1618 0.45
1619 0.45
1620 0.45
1621 0.45
1622 0.45
1623 0.45
1624 0.45
1625 0.45
1626 0.45
1627 0.45
1628 0.45
1629 0.45
1630 0.45
1631 0.45
1632 0.45
1633 0.45
1634 0.45
1635 0.45
1636 0.45
1637 0.45
1638 0.45
1639 0.45
1640 0.45
1641 0.45
1642 0.45
1643 0.45
1644 0.45
1645 0.45
1646 0.45
1647 0.45
1648 0.45
1649 0.45
1650 0.45
1651 0.45
1652 0.45
1653 0.45
1654 0.45
1655 0.45
1656 0.45
1657 0.45
1658 0.45
1659 0.45
1660 0.45
1661 0.45
1662 0.45
1663 0.45
1664 0.45
1665 0.45
1666 0.45
1667 0.45
1668 0.45
1669 0.45
1670 0.45
1671 0.45
1672 0.45
1673 0.45
1674 0.45
1675 0.45
1676 0.45
1677 0.45
1678 0.45
1679 0.45
1680 0.45
1681 0.45
1682 0.45
1683 0.45
1684 0.45
1685 0.45
1686 0.45
1687 0.45
1688 0.45
1689 0.45
1690 0.45
1691 0.45
1692 0.45
1693 0.45
1694 0.45
1695 0.45
1696 0.45
1697 0.45
1698 0.45
1699 0.45
1700 0.45
1701 0.45
1702 0.45
1703 0.45
1704 0.45
1705 0.45
1706 0.45
1707 0.45
1708 0.45
1709 0.45
1710 0.45
1711 0.45
1712 0.45
1713 0.45
1714 0.45
1715 0.45
1716 0.45
1717 0.45
1718 0.45
1719 0.45
1720 0.45
1721 0.45
1722 0.45
1723 0.45
1724 0.45
1725 0.45
1726 0.45
1727 0.45
1728 0.45
1729 0.45
1730 0.45
1731 0.45
1732 0.45
1733 0.45
1734 0.45
1735 0.45
1736 0.45
1737 0.45
1738 0.45
1739 0.45
1740 0.45
1741 0.45
1742 0.45
1743 0.45
1744 0.45
1745 0.45
1746 0.45
1747 0.45
1748 0.45
1749 0.45
1750 0.45
1751 0.45
1752 0.45
1753 0.45
1754 0.45
1755 0.45
1756 0.45
1757 0.45
1758 0.45
1759 0.45
1760 0.45
1761 0.45
1762 0.45
1763 0.45
1764 0.45
1765 0.45
1766 0.45
1767 0.45
1768 0.45
1769 0.45
1770 0.45
1771 0.45
1772 0.45
1773 0.45
1774 0.45
1775 0.45
1776 0.45
1777 0.45
1778 0.45
1779 0.45
1780 0.45
1781 0.45
1782 0.45
1783 0.45
1784 0.45
1785 0.45
1786 0.45
1787 0.45
1788 0.45
1789 0.45
1790 0.45
1791 0.45
1792 0.45
1793 0.45
1794 0.45
1795 0.45
1796 0.45
1797 0.45
1798 0.45
1799 0.45
1800 0.27
1801 0.27
1802 0.27
1803 0.27
1804 0.27
1805 0.27
1806 0.27
1807 0.27
1808 0.27
1809 0.27
1810 0.27
1811 0.27
1812 0.27
1813 0.27
1814 0.27
1815 0.27
1816 0.27
1817 0.27
1818 0.27
1819 0.27
1820 0.27
1821 0.27
1822 0.27
1823 0.27
1824 0.27
1825 0.27
1826 0.27
1827 0.27
1828 0.27
1829 0.27
1830 0.27
1831 0.27
1832 0.27
1833 0.27
1834 0.27
1835 0.27
1836 0.27
1837 0.27
1838 0.27
1839 0.27
1840 0.27
1841 0.27
1842 0.27
1843 0.27
1844 0.27
1845 0.27
1846 0.27
1847 0.27
1848 0.27
1849 0.27
1850 0.27
1851 0.27
1852 0.27
1853 0.27
1854 0.27
1855 0.27
1856 0.27
1857 0.27
1858 0.27
1859 0.27
1860 0.27
1861 0.27
1862 0.27
1863 0.27
1864 0.27
1865 0.27
1866 0.27
1867 0.27
1868 0.27
1869 0.27
1870 0.27
1871 0.27
1872 0.27
1873 0.27
1874 0.27
1875 0.27
1876 0.27
1877 0.27
1878 0.27
1879 0.27
1880 0.27
1881 0.27
1882 0.27
1883 0.27
1884 0.27
1885 0.27
1886 0.27
1887 0.27
1888 0.27
1889 0.27
1890 0.27
1891 0.27
1892 0.27
1893 0.27
1894 0.27
1895 0.27
1896 0.27
1897 0.27
1898 0.27
1899 0.27
1900 0.27
1901 0.27
1902 0.27
1903 0.27
1904 0.27
1905 0.27
1906 0.27
1907 0.27
1908 0.27
1909 0.27
1910 0.27
1911 0.27
1912 0.27
1913 0.27
1914 0.27
1915 0.27
1916 0.27
1917 0.27
1918 0.27
1919 0.27
1920 0.27
1921 0.27
1922 0.27
1923 0.27
1924 0.27
1925 0.27
1926 0.27
1927 0.27
1928 0.27
1929 0.27
1930 0.27
1931 0.27
1932 0.27
1933 0.27
1934 0.27
1935 0.27
1936 0.27
1937 0.27
1938 0.27
1939 0.27
1940 0.27
1941 0.27
1942 0.27
1943 0.27
1944 0.27
1945 0.27
1946 0.27
1947 0.27
1948 0.27
1949 0.27
1950 0.27
1951 0.27
1952 0.27
1953 0.27
1954 0.27
1955 0.27
1956 0.27
1957 0.27
1958 0.27
1959 0.27
1960 0.27
1961 0.27
1962 0.27
1963 0.27
1964 0.27
1965 0.27
1966 0.27
1967 0.27
1968 0.27
1969 0.27
1970 0.27
1971 0.27
1972 0.27
1973 0.27
1974 0.27
1975 0.27
1976 0.27
1977 0.27
1978 0.27
1979 0.27
1980 0.27
1981 0.27
1982 0.27
1983 0.27
1984 0.27
1985 0.27
1986 0.27
1987 0.27
1988 0.27
1989 0.27
1990 0.27
1991 0.27
1992 0.27
1993 0.27
1994 0.27
1995 0.27
1996 0.27
1997 0.27
1998 0.27
1999 0.27
2000 0.44
2001 0.44
2002 0.44
2003 0.44
2004 0.44
2005 0.44
2006 0.44
2007 0.44
2008 0.44
2009 0.44
2010 0.44
2011 0.44
2012 0.44
2013 0.44
2014 0.44
2015 0.44
2016 0.44
2017 0.44
2018 0.44
2019 0.44
2020 0.44
2021 0.44
2022 0.44
2023 0.44
2024 0.44
2025 0.44
2026 0.44
2027 0.44
2028 0.44
2029 0.44
2030 0.44
2031 0.44
2032 0.44
2033 0.44
2034 0.44
2035 0.44
2036 0.44
2037 0.44
2038 0.44
2039 0.44
2040 0.44
2041 0.44
2042 0.44
2043 0.44
2044 0.44
2045 0.44
2046 0.44
2047 0.44
2048 0.44
2049 0.44
2050 0.44
2051 0.44
2052 0.44
2053 0.44
2054 0.44
2055 0.44
2056 0.44
2057 0.44
2058 0.44
2059 0.44
2060 0.44
2061 0.44
2062 0.44
2063 0.44
2064 0.44
2065 0.44
2066 0.44
2067 0.44
2068 0.44
2069 0.44
2070 0.44
2071 0.44
2072 0.44
2073 0.44
2074 0.44
2075 0.44
2076 0.44
2077 0.44
2078 0.44
2079 0.44
2080 0.44
2081 0.44
2082 0.44
2083 0.44
2084 0.44
2085 0.44
2086 0.44
2087 0.44
2088 0.44
2089 0.44
2090 0.44
2091 0.44
2092 0.44
2093 0.44
2094 0.44
2095 0.44
2096 0.44
2097 0.44
2098 0.44
2099 0.44
2100 0.44
2101 0.44
2102 0.44
2103 0.44
2104 0.44
2105 0.44
2106 0.44
2107 0.44
2108 0.44
2109 0.44
2110 0.44
2111 0.44
2112 0.44
2113 0.44
2114 0.44
2115 0.44
2116 0.44
2117 0.44
2118 0.44
2119 0.44
2120 0.44
2121 0.44
2122 0.44
2123 0.44
2124 0.44
2125 0.44
2126 0.44
2127 0.44
2128 0.44
2129 0.44
2130 0.44
2131 0.44
2132 0.44
2133 0.44
2134 0.44
2135 0.44
2136 0.44
2137 0.44
2138 0.44
2139 0.44
2140 0.44
2141 0.44
2142 0.44
2143 0.44
2144 0.44
2145 0.44
2146 0.44
2147 0.44
2148 0.44
2149 0.44
2150 0.44
2151 0.44
2152 0.44
2153 0.44
2154 0.44
2155 0.44
2156 0.44
2157 0.44
2158 0.44
2159 0.44
2160 0.44
2161 0.44
2162 0.44
2163 0.44
2164 0.44
2165 0.44
2166 0.44
2167 0.44
2168 0.44
2169 0.44
2170 0.44
2171 0.44
2172 0.44
2173 0.44
2174 0.44
2175 0.44
2176 0.44
2177 0.44
2178 0.44
2179 0.44
2180 0.44
2181 0.44
2182 0.44
2183 0.44
2184 0.44
2185 0.44
2186 0.44
2187 0.44
2188 0.44
2189 0.44
2190 0.44
2191 0.44
2192 0.44
2193 0.44
2194 0.44
2195 0.44
2196 0.44
2197 0.44
2198 0.44
2199 0.44
2200 0.45
2201 0.45
2202 0.45
2203 0.45
2204 0.45
2205 0.45
2206 0.45
2207 0.45
2208 0.45
2209 0.45
2210 0.45
2211 0.45
2212 0.45
2213 0.45
2214 0.45
2215 0.45
2216 0.45
2217 0.45
2218 0.45
2219 0.45
2220 0.45
2221 0.45
2222 0.45
2223 0.45
2224 0.45
2225 0.45
2226 0.45
2227 0.45
2228 0.45
2229 0.45
2230 0.45
2231 0.45
2232 0.45
2233 0.45
2234 0.45
2235 0.45
2236 0.45
2237 0.45
2238 0.45
2239 0.45
2240 0.45
2241 0.45
2242 0.45
2243 0.45
2244 0.45
2245 0.45
2246 0.45
2247 0.45
2248 0.45
2249 0.45
2250 0.45
2251 0.45
2252 0.45
2253 0.45
2254 0.45
2255 0.45
2256 0.45
2257 0.45
2258 0.45
2259 0.45
2260 0.45
2261 0.45
2262 0.45
2263 0.45
2264 0.45
2265 0.45
2266 0.45
2267 0.45
2268 0.45
2269 0.45
2270 0.45
2271 0.45
2272 0.45
2273 0.45
2274 0.45
2275 0.45
2276 0.45
2277 0.45
2278 0.45
2279 0.45
2280 0.45
2281 0.45
2282 0.45
2283 0.45
2284 0.45
2285 0.45
2286 0.45
2287 0.45
2288 0.45
2289 0.45
2290 0.45
2291 0.45
2292 0.45
2293 0.45
2294 0.45
2295 0.45
2296 0.45
2297 0.45
2298 0.45
2299 0.45
2300 0.45
2301 0.45
2302 0.45
2303 0.45
2304 0.45
2305 0.45
2306 0.45
2307 0.45
2308 0.45
2309 0.45
2310 0.45
2311 0.45
2312 0.45
2313 0.45
2314 0.45
2315 0.45
2316 0.45
2317 0.45
2318 0.45
2319 0.45
2320 0.45
2321 0.45
2322 0.45
2323 0.45
2324 0.45
2325 0.45
2326 0.45
2327 0.45
2328 0.45
2329 0.45
2330 0.45
2331 0.45
2332 0.45
2333 0.45
2334 0.45
2335 0.45
2336 0.45
2337 0.45
2338 0.45
2339 0.45
2340 0.45
2341 0.45
2342 0.45
2343 0.45
2344 0.45
2345 0.45
2346 0.45
2347 0.45
2348 0.45
2349 0.45
2350 0.45
2351 0.45
2352 0.45
2353 0.45
2354 0.45
2355 0.45
2356 0.45
2357 0.45
2358 0.45
2359 0.45
2360 0.45
2361 0.45
2362 0.45
2363 0.45
2364 0.45
2365 0.45
2366 0.45
2367 0.45
2368 0.45
2369 0.45
2370 0.45
2371 0.45
2372 0.45
2373 0.45
2374 0.45
2375 0.45
2376 0.45
2377 0.45
2378 0.45
2379 0.45
2380 0.45
2381 0.45
2382 0.45
2383 0.45
2384 0.45
2385 0.45
2386 0.45
2387 0.45
2388 0.45
2389 0.45
2390 0.45
2391 0.45
2392 0.45
2393 0.45
2394 0.45
2395 0.45
2396 0.45
2397 0.45
2398 0.45
2399 0.45
2400 0.45
2401 0.45
2402 0.45
2403 0.45
2404 0.45
2405 0.45
2406 0.45
2407 0.45
2408 0.45
2409 0.45
2410 0.45
2411 0.45
2412 0.45
2413 0.45
2414 0.45
2415 0.45
2416 0.45
2417 0.45
2418 0.45
2419 0.45
2420 0.45
2421 0.45
2422 0.45
2423 0.45
2424 0.45
2425 0.45
2426 0.45
2427 0.45
2428 0.45
2429 0.45
2430 0.45
2431 0.45
2432 0.45
2433 0.45
2434 0.45
2435 0.45
2436 0.45
2437 0.45
2438 0.45
2439 0.45
2440 0.45
2441 0.45
2442 0.45
2443 0.45
2444 0.45
2445 0.45
2446 0.45
2447 0.45
2448 0.45
2449 0.45
2450 0.45
2451 0.45
2452 0.45
2453 0.45
2454 0.45
2455 0.45
2456 0.45
2457 0.45
2458 0.45
2459 0.45
2460 0.45
2461 0.45
2462 0.45
2463 0.45
2464 0.45
2465 0.45
2466 0.45
2467 0.45
2468 0.45
2469 0.45
2470 0.45
2471 0.45
2472 0.45
2473 0.45
2474 0.45
2475 0.45
2476 0.45
2477 0.45
2478 0.45
2479 0.45
2480 0.45
2481 0.45
2482 0.45
2483 0.45
2484 0.45
2485 0.45
2486 0.45
2487 0.45
2488 0.45
2489 0.45
2490 0.45
2491 0.45
2492 0.45
2493 0.45
2494 0.45
2495 0.45
2496 0.45
2497 0.45
2498 0.45
2499 0.45
2500 0.45
2501 0.45
2502 0.45
2503 0.45
2504 0.45
2505 0.45
2506 0.45
2507 0.45
2508 0.45
2509 0.45
2510 0.45
2511 0.45
2512 0.45
2513 0.45
2514 0.45
2515 0.45
2516 0.45
2517 0.45
2518 0.45
2519 0.45
2520 0.45
2521 0.45
2522 0.45
2523 0.45
2524 0.45
2525 0.45
2526 0.45
2527 0.45
2528 0.45
2529 0.45
2530 0.45
2531 0.45
2532 0.45
2533 0.45
2534 0.45
2535 0.45
2536 0.45
2537 0.45
2538 0.45
2539 0.45
2540 0.45
2541 0.45
2542 0.45
2543 0.45
2544 0.45
2545 0.45
2546 0.45
2547 0.45
2548 0.45
2549 0.45
2550 0.45
2551 0.45
2552 0.45
2553 0.45
2554 0.45
2555 0.45
2556 0.45
2557 0.45
2558 0.45
2559 0.45
2560 0.45
2561 0.45
2562 0.45
2563 0.45
2564 0.45
2565 0.45
2566 0.45
2567 0.45
2568 0.45
2569 0.45
2570 0.45
2571 0.45
2572 0.45
2573 0.45
2574 0.45
2575 0.45
2576 0.45
2577 0.45
2578 0.45
2579 0.45
2580 0.45
2581 0.45
2582 0.45
2583 0.45
2584 0.45
2585 0.45
2586 0.45
2587 0.45
2588 0.45
2589 0.45
2590 0.45
2591 0.45
2592 0.45
2593 0.45
2594 0.45
2595 0.45
2596 0.45
2597 0.45
2598 0.45
2599 0.45
2600 0.46
2601 0.46
2602 0.46
2603 0.46
2604 0.46
2605 0.46
2606 0.46
2607 0.46
2608 0.46
2609 0.46
2610 0.46
2611 0.46
2612 0.46
2613 0.46
2614 0.46
2615 0.46
2616 0.46
2617 0.46
2618 0.46
2619 0.46
2620 0.46
2621 0.46
2622 0.46
2623 0.46
2624 0.46
2625 0.46
2626 0.46
2627 0.46
2628 0.46
2629 0.46
2630 0.46
2631 0.46
2632 0.46
2633 0.46
2634 0.46
2635 0.46
2636 0.46
2637 0.46
2638 0.46
2639 0.46
2640 0.46
2641 0.46
2642 0.46
2643 0.46
2644 0.46
2645 0.46
2646 0.46
2647 0.46
2648 0.46
2649 0.46
2650 0.46
2651 0.46
2652 0.46
2653 0.46
2654 0.46
2655 0.46
2656 0.46
2657 0.46
2658 0.46
2659 0.46
2660 0.46
2661 0.46
2662 0.46
2663 0.46
2664 0.46
2665 0.46
2666 0.46
2667 0.46
2668 0.46
2669 0.46
2670 0.46
2671 0.46
2672 0.46
2673 0.46
2674 0.46
2675 0.46
2676 0.46
2677 0.46
2678 0.46
2679 0.46
2680 0.46
2681 0.46
2682 0.46
2683 0.46
2684 0.46
2685 0.46
2686 0.46
2687 0.46
2688 0.46
2689 0.46
2690 0.46
2691 0.46
2692 0.46
2693 0.46
2694 0.46
2695 0.46
2696 0.46
2697 0.46
2698 0.46
2699 0.46
2700 0.46
2701 0.46
2702 0.46
2703 0.46
2704 0.46
2705 0.46
2706 0.46
2707 0.46
2708 0.46
2709 0.46
2710 0.46
2711 0.46
2712 0.46
2713 0.46
2714 0.46
2715 0.46
2716 0.46
2717 0.46
2718 0.46
2719 0.46
2720 0.46
2721 0.46
2722 0.46
2723 0.46
2724 0.46
2725 0.46
2726 0.46
2727 0.46
2728 0.46
2729 0.46
2730 0.46
2731 0.46
2732 0.46
2733 0.46
2734 0.46
2735 0.46
2736 0.46
2737 0.46
2738 0.46
2739 0.46
2740 0.46
2741 0.46
2742 0.46
2743 0.46
2744 0.46
2745 0.46
2746 0.46
2747 0.46
2748 0.46
2749 0.46
2750 0.46
2751 0.46
2752 0.46
2753 0.46
2754 0.46
2755 0.46
2756 0.46
2757 0.46
2758 0.46
2759 0.46
2760 0.46
2761 0.46
2762 0.46
2763 0.46
2764 0.46
2765 0.46
2766 0.46
2767 0.46
2768 0.46
2769 0.46
2770 0.46
2771 0.46
2772 0.46
2773 0.46
2774 0.46
2775 0.46
2776 0.46
2777 0.46
2778 0.46
2779 0.46
2780 0.46
2781 0.46
2782 0.46
2783 0.46
2784 0.46
2785 0.46
2786 0.46
2787 0.46
2788 0.46
2789 0.46
2790 0.46
2791 0.46
2792 0.46
2793 0.46
2794 0.46
2795 0.46
2796 0.46
2797 0.46
2798 0.46
2799 0.46
2800 0.37
2801 0.37
2802 0.37
2803 0.37
2804 0.37
2805 0.37
2806 0.37
2807 0.37
2808 0.37
2809 0.37
2810 0.37
2811 0.37
2812 0.37
2813 0.37
2814 0.37
2815 0.37
2816 0.37
2817 0.37
2818 0.37
2819 0.37
2820 0.37
2821 0.37
2822 0.37
2823 0.37
2824 0.37
2825 0.37
2826 0.37
2827 0.37
2828 0.37
2829 0.37
2830 0.37
2831 0.37
2832 0.37
2833 0.37
2834 0.37
2835 0.37
2836 0.37
2837 0.37
2838 0.37
2839 0.37
2840 0.37
2841 0.37
2842 0.37
2843 0.37
2844 0.37
2845 0.37
2846 0.37
2847 0.37
2848 0.37
2849 0.37
2850 0.37
2851 0.37
2852 0.37
2853 0.37
2854 0.37
2855 0.37
2856 0.37
2857 0.37
2858 0.37
2859 0.37
2860 0.37
2861 0.37
2862 0.37
2863 0.37
2864 0.37
2865 0.37
2866 0.37
2867 0.37
2868 0.37
2869 0.37
2870 0.37
2871 0.37
2872 0.37
2873 0.37
2874 0.37
2875 0.37
2876 0.37
2877 0.37
2878 0.37
2879 0.37
2880 0.37
2881 0.37
2882 0.37
2883 0.37
2884 0.37
2885 0.37
2886 0.37
2887 0.37
2888 0.37
2889 0.37
2890 0.37
2891 0.37
2892 0.37
2893 0.37
2894 0.37
2895 0.37
2896 0.37
2897 0.37
2898 0.37
2899 0.37
2900 0.37
2901 0.37
2902 0.37
2903 0.37
2904 0.37
2905 0.37
2906 0.37
2907 0.37
2908 0.37
2909 0.37
2910 0.37
2911 0.37
2912 0.37
2913 0.37
2914 0.37
2915 0.37
2916 0.37
2917 0.37
2918 0.37
2919 0.37
2920 0.37
2921 0.37
2922 0.37
2923 0.37
2924 0.37
2925 0.37
2926 0.37
2927 0.37
2928 0.37
2929 0.37
2930 0.37
2931 0.37
2932 0.37
2933 0.37
2934 0.37
2935 0.37
2936 0.37
2937 0.37
2938 0.37
2939 0.37
2940 0.37
2941 0.37
2942 0.37
2943 0.37
2944 0.37
2945 0.37
2946 0.37
2947 0.37
2948 0.37
2949 0.37
2950 0.37
2951 0.37
2952 0.37
2953 0.37
2954 0.37
2955 0.37
2956 0.37
2957 0.37
2958 0.37
2959 0.37
2960 0.37
2961 0.37
2962 0.37
2963 0.37
2964 0.37
2965 0.37
2966 0.37
2967 0.37
2968 0.37
2969 0.37
2970 0.37
2971 0.37
2972 0.37
2973 0.37
2974 0.37
2975 0.37
2976 0.37
2977 0.37
2978 0.37
2979 0.37
2980 0.37
2981 0.37
2982 0.37
2983 0.37
2984 0.37
2985 0.37
2986 0.37
2987 0.37
2988 0.37
2989 0.37
2990 0.37
2991 0.37
2992 0.37
2993 0.37
2994 0.37
2995 0.37
2996 0.37
2997 0.37
2998 0.37
2999 0.37
