0 -0.10
30 -0.11
60 -0.05
90 -0.04
120 -0.04
150 -0.05
180 -0.06
210 -0.04
240 -0.03
270 0.05
300 0.03
330 0.02
360 -0.07
390 0.09
420 0.08
450 -0.01
480 0.13
510 0.09
540 0.02
570 0.06
600 0.21
630 0.23
660 0.18
690 0.26
720 0.18
750 0.12
780 0.25
810 0.35
840 0.30
870 0.28
900 0.30
930 0.27
960 0.29
990 0.24
1020 0.30
1050 0.32
1080 0.23
1110 0.36
1140 0.35
1170 0.31
1200 0.40
1230 0.32
1260 0.36
1290 0.32
1320 0.34
1350 0.35
1380 0.33
1410 0.41
1440 0.32
1470 0.32
1500 0.36
1530 0.38
1560 0.39
1590 0.37
1620 0.37
1650 0.42
1680 0.42
1710 0.38
1740 0.41
1770 0.39
1800 0.40
1830 0.43
1860 0.39
1890 0.36
1920 0.41
1950 0.40
1980 0.40
2010 0.35
2040 0.37
2070 0.38
2100 0.37
2130 0.34
2160 0.37
2190 0.41
2220 0.38
2250 0.36
2280 0.40
2310 0.41
2340 0.40
2370 0.32
2400 0.43
2430 0.39
2460 0.36
2490 0.42
2520 0.39
2550 0.35
2580 0.41
2610 0.43
2640 0.30
2670 0.38
2700 0.36
2730 0.42
2760 0.39
2790 0.36
2820 0.40
2850 0.36
2880 0.37
2910 0.38
2940 0.39
2970 0.40
