0 -0.23
1 -0.12
2 -0.23
3 -0.21
4 -0.15
5 -0.10
6 -0.08
7 -0.14
8 -0.19
9 -0.16
10 -0.00
11 -0.12
12 -0.01
13 -0.03
14 -0.01
15 -0.01
16 -0.01
17 -0.12
18 -0.15
19 -0.12
20 -0.01
21 -0.03
22 -0.18
23 -0.03
24 -0.18
25 -0.00
26 -0.15
27 -0.04
28 -0.18
29 0.01
30 0.03
31 -0.05
32 -0.09
33 0.01
34 -0.14
35 -0.20
36 -0.19
37 -0.05
38 -0.18
39 -0.14
40 -0.02
41 -0.08
42 -0.16
43 -0.09
44 -0.19
45 -0.22
46 -0.15
47 -0.05
48 -0.17
49 -0.06
50 -0.12
51 -0.16
52 0.00
53 -0.06
54 0.04
55 -0.16
56 -0.17
57 -0.19
58 -0.15
59 -0.15
60 -0.14
61 -0.13
62 -0.15
63 -0.16
64 -0.12
65 0.01
66 -0.19
67 -0.03
68 -0.02
69 -0.20
70 -0.08
71 -0.02
72 0.05
73 -0.16
74 -0.17
75 0.04
76 0.04
77 0.08
78 -0.17
79 0.07
80 0.01
81 -0.08
82 -0.24
83 0.03
84 0.05
85 0.05
86 0.06
87 0.08
88 -0.16
89 0.06
90 0.06
91 -0.20
92 -0.17
93 -0.22
94 -0.17
95 0.05
96 0.03
97 0.06
98 0.03
99 0.02
100 0.01
101 0.09
102 0.13
103 -0.12
104 0.03
105 -0.19
106 -0.10
107 -0.11
108 -0.01
109 -0.05
110 -0.18
111 0.05
112 0.05
113 0.02
114 0.00
115 -0.06
116 -0.06
117 -0.24
118 0.03
119 0.00
120 0.07
121 -0.21
122 -0.06
123 -0.09
124 0.07
125 -0.21
126 0.01
127 0.03
128 -0.12
129 -0.07
130 -0.11
131 -0.02
132 0.00
133 0.07
134 0.04
135 0.04
136 0.01
137 -0.06
138 0.07
139 0.08
140 0.05
141 0.10
142 -0.17
143 -0.13
144 0.10
145 -0.17
146 -0.03
147 -0.21
148 -0.13
149 -0.06
150 -0.03
151 -0.15
152 -0.06
153 -0.16
154 -0.19
155 -0.14
156 -0.06
157 -0.20
158 -0.20
159 -0.13
160 -0.10
161 -0.16
162 0.05
163 0.01
164 0.06
165 -0.17
166 0.06
167 -0.17
168 0.10
169 -0.16
170 0.11
171 0.13
172 -0.22
173 -0.10
174 0.08
175 -0.07
176 0.13
177 0.11
178 0.10
179 0.13
180 -0.16
181 0.13
182 0.11
183 -0.27
184 -0.16
185 0.10
186 0.10
187 0.07
188 -0.24
189 0.09
190 -0.06
191 0.08
192 -0.21
193 0.09
194 -0.17
195 0.10
196 -0.12
197 -0.21
198 0.05
199 0.07
200 -0.04
201 0.00
202 -0.23
203 0.00
204 -0.03
205 -0.17
206 -0.14
207 -0.04
208 -0.21
209 -0.21
210 -0.11
211 -0.17
212 -0.05
213 -0.16
214 0.05
215 -0.14
216 0.04
217 0.00
218 0.06
219 -0.19
220 -0.21
221 0.11
222 -0.20
223 -0.16
224 0.04
225 -0.17
226 0.06
227 0.05
228 0.07
229 0.09
230 0.05
231 0.10
232 -0.13
233 -0.24
234 -0.15
235 -0.05
236 -0.18
237 0.12
238 0.12
239 0.10
240 -0.21
241 0.12
242 0.14
243 0.15
244 -0.25
245 -0.20
246 0.15
247 0.09
248 0.16
249 -0.20
250 -0.16
251 0.13
252 -0.22
253 -0.11
254 0.07
255 -0.19
256 0.12
257 -0.12
258 -0.27
259 0.09
260 -0.20
261 0.13
262 0.14
263 0.11
264 -0.21
265 0.04
266 0.14
267 -0.18
268 -0.16
269 0.15
270 0.11
271 0.10
272 0.09
273 -0.22
274 -0.14
275 0.15
276 0.10
277 0.14
278 -0.14
279 0.13
280 0.21
281 -0.18
282 0.14
283 -0.19
284 0.18
285 0.19
286 -0.19
287 -0.22
288 -0.20
289 0.15
290 0.12
291 0.18
292 0.11
293 0.17
294 -0.02
295 0.17
296 0.19
297 -0.08
298 0.21
299 0.22
300 -0.27
301 -0.27
302 0.19
303 -0.19
304 0.15
305 0.22
306 -0.19
307 0.19
308 -0.25
309 0.19
310 0.18
311 0.23
312 -0.07
313 -0.03
314 0.21
315 -0.24
316 0.03
317 0.21
318 0.21
319 0.17
320 -0.24
321 -0.23
322 0.18
323 -0.22
324 0.16
325 0.19
326 0.13
327 -0.19
328 0.19
329 0.22
330 -0.01
331 0.23
332 0.20
333 -0.19
334 0.17
335 0.20
336 -0.21
337 0.20
338 0.23
339 0.23
340 0.20
341 0.01
342 0.18
343 -0.23
344 -0.20
345 0.21
346 -0.16
347 0.19
348 -0.24
349 0.16
350 0.17
351 -0.20
352 -0.24
353 0.12
354 -0.24
355 0.20
356 -0.04
357 -0.15
358 0.02
359 -0.19
360 -0.17
361 0.08
362 -0.12
363 -0.15
364 0.01
365 0.04
366 -0.14
367 -0.18
368 -0.11
369 -0.14
370 -0.15
371 0.02
372 -0.17
373 0.06
374 0.07
375 -0.17
376 0.14
377 -0.02
378 -0.14
379 -0.12
380 -0.04
381 -0.24
382 -0.09
383 -0.17
384 -0.12
385 -0.02
386 -0.08
387 0.00
388 0.06
389 -0.14
390 0.08
391 0.10
392 0.06
393 -0.21
394 0.07
395 0.12
396 0.13
397 -0.22
398 -0.18
399 0.16
400 0.41
401 0.46
402 -0.11
403 0.43
404 0.37
405 0.03
406 0.38
407 0.42
408 -0.21
409 -0.07
410 -0.04
411 -0.07
412 -0.09
413 -0.21
414 0.28
415 0.34
416 -0.07
417 0.29
418 0.29
419 -0.17
420 -0.17
421 0.28
422 0.08
423 0.33
424 0.30
425 0.33
426 0.07
427 -0.10
428 -0.13
429 0.31
430 0.32
431 0.16
432 -0.18
433 -0.13
434 -0.05
435 -0.15
436 -0.13
437 0.14
438 -0.07
439 -0.03
440 -0.11
441 0.13
442 0.22
443 0.20
444 -0.08
445 0.26
446 0.26
447 0.28
448 -0.09
449 0.08
450 -0.12
451 -0.12
452 -0.13
453 -0.03
454 -0.13
455 0.06
456 -0.14
457 -0.08
458 0.01
459 -0.19
460 -0.09
461 0.03
462 -0.01
463 -0.16
464 0.00
465 0.06
466 -0.17
467 0.16
468 -0.19
469 -0.15
470 0.19
471 0.18
472 0.23
473 0.21
474 0.24
475 -0.13
476 -0.13
477 0.25
478 -0.19
479 0.22
480 0.22
481 0.27
482 0.03
483 -0.14
484 0.21
485 0.02
486 0.21
487 0.27
488 0.29
489 0.30
490 0.26
491 0.05
492 0.05
493 0.15
494 -0.18
495 0.16
496 -0.13
497 0.20
498 -0.14
499 0.26
500 0.28
501 0.31
502 0.31
503 -0.14
504 0.28
505 -0.06
506 0.18
507 0.20
508 0.29
509 -0.08
510 0.23
511 -0.11
512 0.26
513 0.29
514 0.29
515 -0.16
516 0.07
517 0.27
518 0.23
519 -0.21
520 -0.18
521 -0.23
522 0.20
523 0.26
524 -0.16
525 -0.08
526 0.06
527 0.25
528 0.26
529 -0.11
530 0.25
531 0.27
532 -0.11
533 0.27
534 0.30
535 -0.15
536 -0.08
537 0.24
538 0.28
539 -0.15
540 0.28
541 0.25
542 -0.20
543 -0.08
544 -0.16
545 0.17
546 -0.11
547 0.07
548 0.23
549 0.20
550 0.28
551 -0.06
552 0.23
553 -0.12
554 0.21
555 -0.23
556 0.28
557 -0.22
558 -0.11
559 -0.20
560 -0.13
561 0.12
562 0.02
563 0.16
564 0.18
565 -0.20
566 -0.13
567 -0.10
568 -0.22
569 0.12
570 0.16
571 -0.13
572 -0.21
573 -0.13
574 0.15
575 0.06
576 0.06
577 -0.10
578 0.17
579 0.20
580 0.22
581 0.04
582 -0.12
583 0.25
584 -0.14
585 0.24
586 0.25
587 0.23
588 0.16
589 -0.12
590 0.25
591 0.24
592 0.23
593 -0.03
594 -0.14
595 0.21
596 -0.12
597 -0.04
598 0.22
599 -0.13
600 0.32
601 0.39
602 0.24
603 0.17
604 0.14
605 0.27
606 -0.06
607 0.16
608 0.33
609 0.30
610 0.15
611 0.34
612 0.30
613 0.15
614 0.20
615 0.30
616 0.39
617 0.34
618 -0.07
619 0.09
620 0.30
621 0.37
622 -0.26
623 0.34
624 0.08
625 0.16
626 -0.05
627 0.12
628 0.32
629 0.34
630 0.12
631 0.37
632 0.29
633 0.33
634 0.32
635 0.35
636 0.23
637 0.34
638 0.20
639 0.34
640 0.33
641 0.29
642 0.20
643 0.20
644 0.36
645 0.20
646 0.33
647 0.16
648 0.22
649 0.23
650 0.13
651 0.13
652 0.25
653 0.20
654 0.09
655 0.26
656 0.18
657 0.09
658 0.11
659 -0.05
660 0.25
661 0.18
662 0.30
663 0.07
664 0.33
665 0.37
666 0.21
667 -0.21
668 0.31
669 0.06
670 0.15
671 -0.18
672 0.34
673 0.24
674 0.07
675 0.34
676 -0.09
677 0.38
678 0.20
679 0.09
680 0.19
681 0.27
682 0.27
683 0.26
684 0.34
685 0.32
686 0.10
687 0.15
688 0.08
689 -0.09
690 -0.11
691 0.38
692 0.21
693 0.33
694 0.24
695 0.21
696 0.23
697 0.19
698 0.29
699 0.34
700 0.31
701 0.27
702 0.21
703 0.32
704 0.23
705 0.22
706 0.22
707 0.21
708 0.17
709 0.29
710 0.34
711 0.35
712 0.15
713 0.35
714 0.36
715 0.38
716 0.39
717 0.23
718 0.20
719 0.23
720 0.19
721 0.19
722 0.25
723 0.17
724 0.31
725 0.26
726 0.31
727 0.16
728 0.29
729 0.16
730 -0.16
731 0.27
732 0.29
733 0.23
734 0.36
735 0.37
736 0.13
737 0.23
738 -0.06
739 -0.04
740 0.10
741 0.30
742 0.14
743 0.14
744 0.06
745 0.24
746 0.30
747 0.20
748 0.12
749 0.03
750 0.23
751 0.21
752 0.18
753 0.25
754 0.10
755 0.08
756 0.12
757 0.03
758 -0.01
759 0.08
760 0.12
761 0.26
762 0.16
763 0.20
764 -0.04
765 0.11
766 0.16
767 0.09
768 0.19
769 -0.11
770 0.23
771 0.26
772 0.12
773 0.02
774 0.22
775 0.08
776 0.14
777 -0.05
778 -0.03
779 0.20
780 0.16
781 0.26
782 0.21
783 0.15
784 0.25
785 0.29
786 0.29
787 -0.05
788 0.08
789 0.12
790 0.29
791 0.06
792 0.30
793 0.32
794 0.04
795 0.27
796 0.17
797 0.14
798 -0.04
799 0.27
800 0.35
801 0.38
802 0.40
803 0.37
804 0.36
805 0.43
806 0.36
807 0.41
808 0.45
809 0.40
810 0.39
811 0.38
812 0.39
813 0.41
814 0.38
815 0.38
816 0.22
817 0.43
818 0.41
819 0.40
820 0.39
821 0.06
822 0.41
823 0.32
824 0.24
825 0.35
826 0.36
827 0.13
828 0.40
829 0.40
830 0.34
831 0.40
832 0.21
833 0.34
834 0.43
835 0.33
836 0.35
837 0.36
838 0.43
839 0.37
840 0.32
841 0.29
842 0.35
843 0.36
844 0.40
845 0.38
846 0.30
847 0.21
848 0.23
849 0.26
850 0.29
851 0.36
852 0.37
853 0.19
854 0.32
855 0.33
856 0.30
857 0.32
858 0.30
859 0.32
860 0.38
861 -0.09
862 0.31
863 0.32
864 0.24
865 0.33
866 0.24
867 0.31
868 0.37
869 0.38
870 0.36
871 0.33
872 0.41
873 0.31
874 0.19
875 0.36
876 0.36
877 0.36
878 0.36
879 0.26
880 0.33
881 0.02
882 0.35
883 0.39
884 0.25
885 0.31
886 0.18
887 -0.03
888 0.22
889 0.24
890 0.30
891 0.32
892 0.32
893 0.31
894 0.39
895 0.33
896 0.28
897 0.08
898 0.13
899 0.34
900 0.31
901 0.31
902 0.33
903 0.24
904 0.32
905 0.22
906 0.30
907 0.25
908 0.32
909 0.35
910 0.28
911 0.31
912 0.31
913 0.21
914 0.35
915 0.29
916 0.18
917 0.26
918 0.22
919 0.27
920 0.32
921 0.38
922 0.33
923 0.32
924 0.33
925 0.39
926 0.36
927 0.33
928 0.40
929 0.29
930 0.05
931 0.41
932 0.35
933 0.06
934 0.31
935 0.23
936 0.15
937 0.30
938 0.30
939 0.21
940 0.28
941 0.26
942 0.30
943 0.36
944 0.26
945 0.30
946 0.16
947 0.28
948 0.32
949 0.35
950 0.26
951 0.29
952 0.28
953 0.29
954 0.33
955 0.28
956 0.29
957 0.37
958 0.23
959 0.33
960 0.37
961 0.33
962 0.26
963 0.30
964 0.30
965 0.36
966 0.32
967 0.31
968 0.38
969 0.29
970 -0.00
971 0.30
972 0.26
973 0.34
974 0.22
975 0.28
976 0.34
977 0.37
978 0.37
979 0.29
980 0.26
981 0.31
982 0.38
983 0.35
984 0.34
985 0.40
986 0.28
987 -0.04
988 0.24
989 0.29
990 0.30
991 0.27
992 0.31
993 0.33
994 0.28
995 0.31
996 0.25
997 0.32
998 0.03
999 -0.06
1000 0.03
1001 0.16
1002 0.13
1003 0.24
1004 0.21
1005 0.14
1006 0.26
1007 0.32
1008 0.34
1009 0.17
1010 0.37
1011 0.38
1012 0.36
1013 0.07
1014 0.35
1015 0.38
1016 0.35
1017 0.35
1018 0.01
1019 0.36
1020 0.37
1021 0.15
1022 0.18
1023 0.12
1024 0.29
1025 0.30
1026 0.34
1027 0.33
1028 0.35
1029 0.17
1030 0.30
1031 0.34
1032 0.37
1033 0.35
1034 0.34
1035 0.39
1036 0.17
1037 -0.00
1038 0.39
1039 0.39
1040 0.26
1041 0.43
1042 0.39
1043 0.33
1044 0.38
1045 0.46
1046 0.20
1047 0.39
1048 0.33
1049 0.31
1050 0.39
1051 0.45
1052 0.32
1053 0.29
1054 -0.26
1055 0.34
1056 0.28
1057 0.35
1058 0.35
1059 0.33
1060 0.34
1061 0.44
1062 0.34
1063 0.46
1064 0.32
1065 0.30
1066 0.41
1067 0.39
1068 0.45
1069 0.45
1070 0.37
1071 0.46
1072 0.38
1073 0.31
1074 0.11
1075 0.40
1076 0.41
1077 0.35
1078 -0.19
1079 0.35
1080 0.39
1081 0.36
1082 0.13
1083 0.37
1084 0.14
1085 0.31
1086 0.01
1087 0.16
1088 -0.13
1089 0.06
1090 0.14
1091 0.18
1092 -0.08
1093 0.27
1094 0.20
1095 0.22
1096 0.15
1097 0.29
1098 0.29
1099 0.33
1100 0.28
1101 0.35
1102 0.29
1103 0.37
1104 0.18
1105 0.32
1106 0.28
1107 0.36
1108 0.34
1109 0.41
1110 0.34
1111 0.17
1112 0.40
1113 0.36
1114 0.33
1115 0.33
1116 0.33
1117 0.43
1118 0.21
1119 0.30
1120 0.39
1121 0.11
1122 0.43
1123 0.44
1124 0.45
1125 0.45
1126 0.41
1127 0.37
1128 0.39
1129 0.29
1130 0.40
1131 0.44
1132 0.39
1133 0.36
1134 0.36
1135 0.34
1136 0.41
1137 0.42
1138 0.46
1139 0.38
1140 0.38
1141 0.42
1142 0.33
1143 0.39
1144 0.41
1145 0.37
1146 0.45
1147 0.22
1148 0.38
1149 0.38
1150 0.23
1151 0.44
1152 0.30
1153 0.39
1154 0.26
1155 0.04
1156 0.35
1157 0.37
1158 0.37
1159 0.38
1160 0.42
1161 0.36
1162 0.33
1163 0.41
1164 0.41
1165 0.37
1166 0.40
1167 0.29
1168 0.31
1169 0.45
1170 0.36
1171 -0.05
1172 0.43
1173 0.38
1174 0.35
1175 0.37
1176 0.39
1177 0.41
1178 0.31
1179 0.12
1180 0.38
1181 0.37
1182 0.40
1183 0.44
1184 -0.18
1185 0.13
1186 0.42
1187 -0.26
1188 0.34
1189 0.39
1190 0.39
1191 0.36
1192 0.12
1193 0.41
1194 0.39
1195 0.38
1196 0.38
1197 0.44
1198 0.40
1199 0.45
1200 0.40
1201 0.44
1202 0.44
1203 0.46
1204 0.41
1205 0.38
1206 0.44
1207 0.42
1208 0.40
1209 0.37
1210 0.46
1211 0.39
1212 0.46
1213 0.49
1214 0.49
1215 0.35
1216 0.49
1217 0.37
1218 0.34
1219 0.44
1220 0.42
1221 0.35
1222 -0.10
1223 0.31
1224 0.45
1225 0.41
1226 0.48
1227 0.44
1228 0.39
1229 0.39
1230 0.46
1231 -0.32
1232 -0.21
1233 0.29
1234 0.42
1235 0.38
1236 0.41
1237 0.37
1238 0.45
1239 0.45
1240 0.41
1241 0.49
1242 0.49
1243 0.46
1244 0.49
1245 0.37
1246 -0.17
1247 0.37
1248 0.35
1249 0.48
1250 0.28
1251 0.20
1252 0.03
1253 0.19
1254 0.34
1255 0.40
1256 0.38
1257 0.40
1258 0.46
1259 0.43
1260 0.45
1261 0.33
1262 0.39
1263 0.48
1264 0.45
1265 0.49
1266 0.34
1267 0.49
1268 0.44
1269 -0.03
1270 0.39
1271 0.44
1272 0.41
1273 0.46
1274 0.03
1275 0.42
1276 0.41
1277 -0.11
1278 0.24
1279 0.36
1280 0.39
1281 0.35
1282 0.43
1283 0.37
1284 0.30
1285 0.39
1286 0.41
1287 0.39
1288 0.39
1289 0.43
1290 0.36
1291 0.44
1292 0.33
1293 0.44
1294 0.40
1295 -0.19
1296 0.17
1297 0.34
1298 0.42
1299 -0.27
1300 0.28
1301 0.40
1302 0.33
1303 0.39
1304 0.40
1305 0.41
1306 0.36
1307 0.39
1308 0.39
1309 0.44
1310 -0.17
1311 0.35
1312 0.33
1313 0.38
1314 0.31
1315 0.48
1316 0.42
1317 0.43
1318 0.43
1319 0.48
1320 0.45
1321 0.43
1322 0.18
1323 0.46
1324 0.46
1325 0.44
1326 0.48
1327 0.46
1328 0.44
1329 0.46
1330 0.42
1331 -0.06
1332 0.35
1333 -0.07
1334 0.32
1335 0.28
1336 -0.32
1337 0.34
1338 0.46
1339 0.37
1340 0.34
1341 0.43
1342 0.35
1343 0.36
1344 0.34
1345 0.42
1346 0.43
1347 0.47
1348 0.39
1349 0.31
1350 0.31
1351 0.48
1352 0.43
1353 0.48
1354 0.39
1355 0.48
1356 0.45
1357 0.44
1358 0.43
1359 0.42
1360 -0.12
1361 -0.17
1362 0.37
1363 0.25
1364 0.38
1365 0.36
1366 0.45
1367 0.40
1368 0.45
1369 0.23
1370 0.48
1371 0.42
1372 0.45
1373 0.48
1374 0.46
1375 0.46
1376 0.42
1377 0.26
1378 0.39
1379 -0.20
1380 0.37
1381 0.41
1382 0.36
1383 -0.24
1384 0.33
1385 0.38
1386 0.32
1387 0.43
1388 0.45
1389 0.42
1390 0.47
1391 0.42
1392 0.48
1393 0.36
1394 0.26
1395 0.42
1396 0.48
1397 -0.08
1398 0.39
1399 0.44
1400 0.35
1401 -0.01
1402 0.47
1403 0.48
1404 0.41
1405 0.34
1406 0.46
1407 -0.24
1408 0.43
1409 0.48
1410 0.41
1411 0.40
1412 -0.21
1413 0.48
1414 0.45
1415 0.40
1416 0.44
1417 0.45
1418 0.44
1419 0.44
1420 0.49
1421 0.44
1422 0.44
1423 0.34
1424 0.41
1425 0.39
1426 0.46
1427 0.44
1428 0.49
1429 0.46
1430 0.46
1431 0.37
1432 0.33
1433 0.44
1434 0.49
1435 0.39
1436 0.44
1437 0.41
1438 0.46
1439 0.46
1440 0.49
1441 0.46
1442 0.49
1443 -0.17
1444 0.44
1445 0.40
1446 0.36
1447 0.48
1448 0.48
1449 0.37
1450 0.35
1451 0.44
1452 0.41
1453 0.30
1454 0.42
1455 0.48
1456 0.47
1457 -0.25
1458 0.40
1459 0.36
1460 0.46
1461 0.48
1462 0.45
1463 -0.19
1464 -0.12
1465 0.22
1466 0.33
1467 0.17
1468 0.33
1469 0.35
1470 0.36
1471 0.25
1472 0.32
1473 -0.15
1474 0.38
1475 0.35
1476 -0.21
1477 0.12
1478 0.25
1479 0.29
1480 0.32
1481 0.45
1482 0.41
1483 0.47
1484 0.33
1485 0.37
1486 0.48
1487 0.39
1488 0.44
1489 0.23
1490 0.41
1491 0.41
1492 0.41
1493 0.43
1494 0.40
1495 0.41
1496 0.44
1497 0.45
1498 -0.10
1499 0.44
1500 0.42
1501 -0.09
1502 0.44
1503 0.42
1504 0.47
1505 -0.04
1506 0.34
1507 0.42
1508 0.47
1509 0.43
1510 0.47
1511 0.42
1512 0.39
1513 0.44
1514 0.35
1515 0.35
1516 0.36
1517 0.40
1518 0.48
1519 0.42
1520 0.39
1521 0.43
1522 0.31
1523 0.41
1524 0.20
1525 0.42
1526 0.40
1527 0.42
1528 0.26
1529 0.32
1530 0.45
1531 0.40
1532 0.40
1533 0.44
1534 0.44
1535 0.43
1536 0.45
1537 0.02
1538 0.41
1539 0.45
1540 0.48
1541 0.44
1542 0.43
1543 0.46
1544 0.21
1545 0.45
1546 0.43
1547 -0.23
1548 0.24
1549 0.39
1550 0.43
1551 0.28
1552 0.36
1553 0.40
1554 0.43
1555 0.47
1556 0.44
1557 0.46
1558 0.45
1559 0.45
1560 0.48
1561 0.45
1562 0.45
1563 0.35
1564 0.40
1565 0.39
1566 0.45
1567 0.44
1568 0.36
1569 0.37
1570 0.43
1571 0.40
1572 0.40
1573 0.42
1574 0.41
1575 0.41
1576 0.41
1577 0.43
1578 0.43
1579 0.39
1580 0.39
1581 0.45
1582 0.42
1583 0.43
1584 0.45
1585 0.39
1586 0.49
1587 0.34
1588 -0.17
1589 0.30
1590 0.08
1591 0.33
1592 0.17
1593 0.22
1594 0.24
1595 0.26
1596 0.37
1597 0.35
1598 0.31
1599 0.39
1600 0.39
1601 0.39
1602 0.20
1603 0.43
1604 0.41
1605 0.38
1606 0.47
1607 0.42
1608 0.48
1609 0.46
1610 0.46
1611 0.49
1612 0.46
1613 0.46
1614 0.46
1615 0.35
1616 0.42
1617 0.33
1618 0.42
1619 0.39
1620 0.11
1621 0.41
1622 0.40
1623 0.38
1624 0.37
1625 0.31
1626 0.38
1627 0.45
1628 0.46
1629 0.37
1630 0.45
1631 0.44
1632 0.40
1633 0.46
1634 0.37
1635 -0.21
1636 0.21
1637 0.28
1638 0.37
1639 0.34
1640 0.29
1641 0.42
1642 0.47
1643 0.48
1644 0.46
1645 0.40
1646 0.46
1647 0.48
1648 0.37
1649 0.36
1650 0.47
1651 0.38
1652 0.37
1653 0.46
1654 0.42
1655 0.42
1656 0.38
1657 0.44
1658 0.49
1659 0.38
1660 0.46
1661 0.46
1662 0.46
1663 0.46
1664 0.44
1665 0.46
1666 0.35
1667 0.01
1668 0.37
1669 0.45
1670 0.48
1671 0.39
1672 0.35
1673 0.46
1674 0.49
1675 0.46
1676 0.49
1677 0.49
1678 0.46
1679 0.46
1680 0.49
1681 0.33
1682 0.46
1683 0.42
1684 0.48
1685 0.44
1686 0.44
1687 0.49
1688 0.49
1689 0.46
1690 0.34
1691 0.36
1692 0.44
1693 0.44
1694 0.44
1695 0.46
1696 0.44
1697 0.46
1698 0.44
1699 0.27
1700 0.45
1701 0.49
1702 0.46
1703 0.44
1704 0.05
1705 0.46
1706 0.48
1707 0.42
1708 0.44
1709 0.46
1710 0.42
1711 0.39
1712 0.48
1713 0.40
1714 0.49
1715 0.40
1716 0.44
1717 0.28
1718 0.33
1719 0.21
1720 0.42
1721 0.44
1722 0.31
1723 0.40
1724 -0.03
1725 0.23
1726 0.39
1727 0.44
1728 0.44
1729 0.43
1730 0.45
1731 0.33
1732 0.26
1733 0.45
1734 0.46
1735 0.41
1736 0.48
1737 0.41
1738 0.48
1739 0.46
1740 0.36
1741 0.42
1742 0.44
1743 0.46
1744 0.46
1745 0.44
1746 0.46
1747 0.46
1748 0.49
1749 0.38
1750 0.38
1751 0.44
1752 0.46
1753 0.40
1754 0.32
1755 0.46
1756 0.45
1757 0.48
1758 0.44
1759 0.46
1760 0.49
1761 0.49
1762 0.40
1763 0.44
1764 0.22
1765 0.38
1766 0.41
1767 0.32
1768 0.16
1769 0.28
1770 0.28
1771 0.33
1772 0.33
1773 0.39
1774 0.38
1775 0.45
1776 0.32
1777 0.38
1778 0.40
1779 0.03
1780 0.44
1781 0.46
1782 0.35
1783 0.43
1784 0.44
1785 0.46
1786 0.37
1787 0.41
1788 0.46
1789 0.39
1790 0.30
1791 0.46
1792 0.44
1793 0.46
1794 0.47
1795 0.32
1796 0.46
1797 0.43
1798 0.46
1799 0.41
1800 0.42
1801 0.49
1802 -0.11
1803 0.49
1804 0.42
1805 0.49
1806 0.36
1807 0.40
1808 0.46
1809 0.49
1810 0.49
1811 0.44
1812 0.46
1813 -0.12
1814 0.46
1815 0.44
1816 0.39
1817 0.38
1818 0.43
1819 0.35
1820 0.43
1821 0.43
1822 0.44
1823 0.46
1824 0.42
1825 0.40
1826 0.49
1827 0.44
1828 0.44
1829 0.49
1830 0.46
1831 0.49
1832 0.46
1833 0.42
1834 0.42
1835 0.46
1836 0.46
1837 0.42
1838 0.38
1839 0.44
1840 0.46
1841 0.42
1842 0.42
1843 0.46
1844 0.44
1845 0.49
1846 0.46
1847 0.49
1848 0.44
1849 0.46
1850 0.49
1851 0.42
1852 0.38
1853 0.38
1854 0.37
1855 0.44
1856 0.46
1857 0.26
1858 0.41
1859 0.46
1860 0.42
1861 0.46
1862 0.36
1863 0.44
1864 0.46
1865 0.34
1866 0.43
1867 -0.27
1868 0.41
1869 0.39
1870 0.44
1871 0.47
1872 0.46
1873 0.46
1874 0.46
1875 0.46
1876 0.42
1877 0.44
1878 0.48
1879 0.48
1880 0.46
1881 0.44
1882 0.36
1883 0.48
1884 0.40
1885 0.44
1886 -0.09
1887 0.43
1888 0.44
1889 0.39
1890 0.04
1891 0.35
1892 0.11
1893 0.43
1894 0.26
1895 0.39
1896 -0.18
1897 0.43
1898 0.17
1899 0.38
1900 0.36
1901 0.39
1902 0.43
1903 0.48
1904 0.38
1905 0.34
1906 0.36
1907 0.41
1908 0.46
1909 0.45
1910 0.40
1911 0.45
1912 0.44
1913 0.49
1914 0.36
1915 0.41
1916 0.49
1917 0.45
1918 0.45
1919 0.49
1920 0.44
1921 0.49
1922 0.46
1923 0.32
1924 0.44
1925 0.49
1926 0.42
1927 0.34
1928 0.49
1929 0.43
1930 0.49
1931 -0.25
1932 0.48
1933 0.44
1934 0.48
1935 0.42
1936 0.43
1937 0.34
1938 0.48
1939 0.44
1940 0.49
1941 0.44
1942 0.45
1943 0.36
1944 0.46
1945 0.39
1946 0.43
1947 0.35
1948 0.48
1949 0.43
1950 0.45
1951 0.48
1952 -0.28
1953 0.45
1954 0.48
1955 0.44
1956 0.48
1957 0.44
1958 0.37
1959 0.44
1960 0.43
1961 0.42
1962 0.48
1963 0.45
1964 0.28
1965 0.24
1966 0.39
1967 0.44
1968 0.43
1969 0.41
1970 0.43
1971 0.43
1972 0.39
1973 0.44
1974 0.39
1975 0.48
1976 0.37
1977 0.47
1978 0.42
1979 0.48
1980 0.46
1981 0.46
1982 0.45
1983 0.43
1984 0.07
1985 0.38
1986 0.42
1987 0.36
1988 0.45
1989 0.43
1990 0.39
1991 0.38
1992 0.16
1993 0.38
1994 0.47
1995 0.48
1996 0.48
1997 0.48
1998 0.48
1999 0.34
2000 0.42
2001 0.42
2002 0.41
2003 0.26
2004 0.44
2005 0.34
2006 0.44
2007 0.47
2008 0.48
2009 0.39
2010 0.46
2011 0.46
2012 0.48
2013 0.42
2014 0.38
2015 0.20
2016 0.40
2017 -0.06
2018 0.31
2019 0.30
2020 0.44
2021 0.42
2022 0.47
2023 0.45
2024 0.41
2025 0.46
2026 -0.11
2027 0.36
2028 0.37
2029 0.44
2030 0.47
2031 0.16
2032 0.47
2033 0.00
2034 0.36
2035 0.38
2036 0.46
2037 0.39
2038 0.47
2039 0.37
2040 0.39
2041 0.42
2042 0.33
2043 0.42
2044 0.45
2045 0.48
2046 0.36
2047 0.40
2048 0.45
2049 -0.16
2050 0.45
2051 0.18
2052 0.26
2053 0.46
2054 0.41
2055 0.41
2056 0.45
2057 0.48
2058 0.42
2059 0.40
2060 0.43
2061 0.48
2062 0.37
2063 0.44
2064 0.45
2065 0.33
2066 -0.03
2067 0.42
2068 0.41
2069 0.31
2070 0.17
2071 0.36
2072 0.33
2073 0.34
2074 0.40
2075 0.42
2076 0.43
2077 0.38
2078 0.44
2079 0.44
2080 0.42
2081 0.40
2082 0.47
2083 0.17
2084 0.36
2085 0.43
2086 0.41
2087 0.43
2088 0.48
2089 0.40
2090 0.43
2091 0.42
2092 0.45
2093 0.45
2094 0.45
2095 0.43
2096 0.48
2097 0.45
2098 -0.00
2099 0.29
2100 0.27
2101 0.39
2102 0.31
2103 0.33
2104 0.42
2105 0.40
2106 0.41
2107 0.38
2108 0.45
2109 0.36
2110 0.47
2111 0.43
2112 0.40
2113 0.39
2114 -0.27
2115 0.46
2116 0.47
2117 0.41
2118 0.46
2119 0.38
2120 0.40
2121 0.42
2122 0.20
2123 0.41
2124 0.43
2125 0.39
2126 0.28
2127 0.38
2128 0.36
2129 0.41
2130 0.46
2131 0.47
2132 0.42
2133 0.37
2134 0.41
2135 0.40
2136 0.43
2137 0.31
2138 0.48
2139 0.44
2140 0.44
2141 -0.14
2142 0.44
2143 0.43
2144 0.43
2145 -0.30
2146 0.31
2147 0.44
2148 0.42
2149 0.35
2150 0.28
2151 0.46
2152 0.42
2153 0.37
2154 0.46
2155 0.43
2156 -0.12
2157 0.17
2158 0.45
2159 0.38
2160 0.39
2161 0.34
2162 0.41
2163 0.27
2164 0.41
2165 0.35
2166 0.17
2167 0.44
2168 0.35
2169 0.40
2170 0.03
2171 0.38
2172 0.42
2173 0.43
2174 0.29
2175 0.43
2176 0.40
2177 0.33
2178 0.36
2179 0.46
2180 0.30
2181 0.43
2182 0.43
2183 0.42
2184 0.46
2185 0.41
2186 0.43
2187 0.39
2188 0.44
2189 0.45
2190 0.30
2191 0.43
2192 -0.34
2193 0.39
2194 0.40
2195 0.46
2196 0.42
2197 0.45
2198 0.45
2199 0.44
2200 0.38
2201 0.46
2202 0.43
2203 0.49
2204 0.44
2205 0.46
2206 0.49
2207 0.46
2208 0.44
2209 0.42
2210 0.36
2211 0.49
2212 0.38
2213 0.46
2214 0.46
2215 0.49
2216 0.44
2217 0.46
2218 0.36
2219 0.46
2220 0.38
2221 0.16
2222 0.45
2223 0.46
2224 0.44
2225 0.46
2226 0.44
2227 0.33
2228 0.44
2229 0.40
2230 0.41
2231 0.44
2232 0.44
2233 0.48
2234 -0.38
2235 0.34
2236 0.28
2237 0.41
2238 0.44
2239 0.40
2240 0.37
2241 0.29
2242 0.41
2243 0.39
2244 0.39
2245 0.45
2246 0.45
2247 0.42
2248 0.48
2249 0.49
2250 0.33
2251 0.49
2252 0.42
2253 0.44
2254 0.44
2255 0.29
2256 0.34
2257 0.42
2258 0.37
2259 -0.34
2260 0.38
2261 0.35
2262 0.45
2263 0.45
2264 0.44
2265 0.39
2266 0.26
2267 0.43
2268 0.38
2269 0.43
2270 0.46
2271 0.39
2272 0.44
2273 0.44
2274 0.35
2275 -0.21
2276 0.45
2277 0.45
2278 0.36
2279 0.38
2280 0.35
2281 0.40
2282 0.43
2283 0.44
2284 0.47
2285 0.48
2286 0.48
2287 0.44
2288 0.29
2289 0.48
2290 0.30
2291 0.41
2292 0.42
2293 0.47
2294 0.42
2295 0.45
2296 0.30
2297 0.45
2298 0.40
2299 0.38
2300 0.42
2301 0.47
2302 0.41
2303 0.48
2304 0.36
2305 0.43
2306 -0.07
2307 0.42
2308 0.45
2309 0.43
2310 0.41
2311 0.43
2312 0.37
2313 0.46
2314 0.38
2315 0.45
2316 0.41
2317 0.44
2318 0.48
2319 0.43
2320 0.34
2321 0.46
2322 0.40
2323 0.46
2324 0.44
2325 0.40
2326 0.49
2327 0.42
2328 0.46
2329 0.49
2330 0.46
2331 0.42
2332 0.39
2333 0.46
2334 0.49
2335 0.44
2336 0.38
2337 0.49
2338 0.38
2339 -0.13
2340 0.45
2341 0.28
2342 0.39
2343 0.45
2344 0.45
2345 0.44
2346 0.40
2347 0.45
2348 0.48
2349 0.39
2350 0.40
2351 0.47
2352 0.39
2353 0.38
2354 0.48
2355 0.48
2356 0.48
2357 0.41
2358 0.48
2359 0.46
2360 0.46
2361 0.46
2362 0.44
2363 -0.20
2364 0.26
2365 0.43
2366 0.48
2367 0.22
2368 0.47
2369 0.45
2370 0.37
2371 0.04
2372 -0.22
2373 0.36
2374 0.37
2375 0.40
2376 0.40
2377 0.46
2378 0.40
2379 0.40
2380 0.38
2381 0.39
2382 0.40
2383 0.40
2384 0.43
2385 0.37
2386 0.36
2387 0.45
2388 0.48
2389 0.35
2390 -0.16
2391 0.45
2392 0.41
2393 -0.13
2394 0.35
2395 0.33
2396 0.35
2397 0.45
2398 0.21
2399 0.42
2400 0.43
2401 0.43
2402 0.41
2403 0.45
2404 0.44
2405 0.41
2406 0.40
2407 0.46
2408 0.40
2409 0.46
2410 0.43
2411 0.44
2412 0.48
2413 0.43
2414 0.37
2415 0.45
2416 0.44
2417 0.48
2418 0.46
2419 0.36
2420 0.44
2421 0.40
2422 0.43
2423 0.46
2424 0.37
2425 0.46
2426 0.48
2427 0.46
2428 0.44
2429 0.46
2430 0.41
2431 0.41
2432 0.40
2433 0.33
2434 0.47
2435 0.44
2436 -0.10
2437 0.35
2438 0.47
2439 0.45
2440 0.43
2441 0.48
2442 0.44
2443 0.46
2444 0.45
2445 0.41
2446 0.45
2447 0.43
2448 0.46
2449 0.44
2450 0.44
2451 0.44
2452 0.48
2453 -0.18
2454 0.33
2455 0.42
2456 0.40
2457 0.41
2458 0.36
2459 0.46
2460 0.44
2461 0.09
2462 0.35
2463 0.46
2464 0.40
2465 -0.00
2466 0.34
2467 0.40
2468 0.34
2469 -0.24
2470 0.37
2471 0.36
2472 0.39
2473 0.43
2474 0.34
2475 0.37
2476 0.46
2477 0.44
2478 0.46
2479 0.38
2480 0.39
2481 0.45
2482 0.38
2483 0.43
2484 0.35
2485 0.37
2486 0.43
2487 0.45
2488 0.43
2489 0.48
2490 0.44
2491 0.48
2492 0.44
2493 0.34
2494 0.36
2495 0.44
2496 0.43
2497 0.43
2498 0.30
2499 0.48
2500 0.42
2501 0.46
2502 0.48
2503 -0.12
2504 0.44
2505 0.44
2506 0.48
2507 0.44
2508 0.42
2509 0.46
2510 0.43
2511 0.42
2512 0.42
2513 0.48
2514 0.46
2515 0.39
2516 0.49
2517 0.42
2518 0.44
2519 0.44
2520 0.44
2521 0.32
2522 0.49
2523 0.49
2524 0.42
2525 0.46
2526 0.46
2527 0.46
2528 0.42
2529 0.46
2530 0.42
2531 0.42
2532 0.49
2533 0.46
2534 0.44
2535 0.42
2536 0.49
2537 0.44
2538 0.42
2539 0.44
2540 0.09
2541 0.46
2542 0.39
2543 0.16
2544 0.38
2545 0.41
2546 0.40
2547 0.44
2548 0.42
2549 -0.18
2550 0.36
2551 0.34
2552 0.42
2553 0.34
2554 0.35
2555 0.47
2556 0.42
2557 0.42
2558 0.42
2559 0.32
2560 -0.17
2561 0.41
2562 0.42
2563 0.44
2564 0.36
2565 0.42
2566 0.47
2567 0.47
2568 0.48
2569 -0.18
2570 0.13
2571 0.28
2572 0.43
2573 0.43
2574 0.37
2575 0.44
2576 0.37
2577 0.46
2578 0.42
2579 0.33
2580 0.47
2581 0.37
2582 0.38
2583 0.46
2584 0.47
2585 0.34
2586 0.41
2587 0.41
2588 0.47
2589 0.42
2590 0.31
2591 0.41
2592 0.43
2593 0.46
2594 0.34
2595 0.45
2596 0.40
2597 0.44
2598 0.48
2599 0.33
2600 0.49
2601 0.42
2602 0.19
2603 0.28
2604 0.45
2605 0.44
2606 0.41
2607 0.44
2608 0.45
2609 0.46
2610 0.49
2611 0.44
2612 0.42
2613 0.46
2614 0.44
2615 0.46
2616 0.49
2617 0.38
2618 0.49
2619 0.32
2620 0.49
2621 0.49
2622 0.49
2623 0.42
2624 0.44
2625 0.29
2626 0.44
2627 0.46
2628 0.39
2629 0.42
2630 0.44
2631 0.49
2632 0.46
2633 0.34
2634 0.38
2635 0.38
2636 0.41
2637 0.45
2638 0.46
2639 0.40
2640 0.44
2641 0.36
2642 0.40
2643 0.42
2644 0.46
2645 0.05
2646 -0.03
2647 0.34
2648 0.40
2649 0.41
2650 0.07
2651 0.37
2652 0.13
2653 0.31
2654 0.31
2655 0.41
2656 0.41
2657 0.15
2658 0.38
2659 0.15
2660 0.18
2661 0.29
2662 0.32
2663 0.27
2664 0.34
2665 0.37
2666 0.37
2667 0.33
2668 0.36
2669 0.31
2670 0.46
2671 0.26
2672 0.43
2673 0.45
2674 0.44
2675 0.41
2676 0.44
2677 -0.16
2678 0.36
2679 0.44
2680 0.43
2681 0.43
2682 0.48
2683 0.42
2684 0.37
2685 0.46
2686 0.40
2687 0.42
2688 0.42
2689 0.30
2690 0.48
2691 0.40
2692 0.44
2693 0.46
2694 0.36
2695 0.04
2696 0.38
2697 0.47
2698 0.41
2699 0.36
2700 0.45
2701 0.36
2702 0.40
2703 0.37
2704 0.43
2705 0.32
2706 -0.02
2707 0.43
2708 0.44
2709 0.18
2710 0.43
2711 0.45
2712 0.16
2713 0.45
2714 0.46
2715 -0.10
2716 0.40
2717 0.40
2718 0.35
2719 0.42
2720 0.48
2721 0.46
2722 0.37
2723 -0.01
2724 0.43
2725 0.44
2726 0.42
2727 0.47
2728 0.47
2729 0.45
2730 0.44
2731 0.43
2732 0.43
2733 0.44
2734 0.20
2735 0.27
2736 0.43
2737 0.39
2738 0.42
2739 0.48
2740 0.46
2741 0.44
2742 0.46
2743 0.40
2744 0.46
2745 0.46
2746 0.44
2747 0.44
2748 0.46
2749 0.46
2750 0.34
2751 0.46
2752 0.44
2753 0.39
2754 0.34
2755 0.48
2756 0.48
2757 0.46
2758 0.46
2759 0.44
2760 0.42
2761 0.44
2762 0.48
2763 0.38
2764 0.44
2765 0.46
2766 0.48
2767 0.42
2768 0.44
2769 0.44
2770 0.46
2771 0.40
2772 0.40
2773 0.40
2774 0.04
2775 0.44
2776 0.46
2777 0.44
2778 0.44
2779 0.27
2780 0.38
2781 0.24
2782 0.42
2783 0.47
2784 0.42
2785 0.47
2786 -0.06
2787 0.41
2788 0.40
2789 0.31
2790 0.36
2791 0.43
2792 0.40
2793 0.38
2794 0.47
2795 0.40
2796 0.33
2797 0.36
2798 0.06
2799 0.42
2800 0.44
2801 0.39
2802 0.39
2803 0.44
2804 0.35
2805 0.42
2806 0.28
2807 0.47
2808 0.43
2809 0.36
2810 0.43
2811 0.43
2812 0.18
2813 0.38
2814 0.38
2815 0.34
2816 0.44
2817 0.41
2818 -0.20
2819 0.43
2820 0.11
2821 0.44
2822 0.47
2823 0.39
2824 0.29
2825 0.41
2826 0.40
2827 0.43
2828 0.39
2829 0.43
2830 0.36
2831 0.38
2832 0.40
2833 0.48
2834 0.48
2835 0.39
2836 0.39
2837 0.48
2838 0.43
2839 0.48
2840 0.42
2841 0.41
2842 0.03
2843 0.47
2844 0.48
2845 0.44
2846 0.39
2847 0.44
2848 0.43
2849 0.48
2850 0.42
2851 0.45
2852 0.42
2853 0.33
2854 0.31
2855 0.46
2856 0.36
2857 0.42
2858 0.41
2859 0.22
2860 0.36
2861 0.39
2862 0.44
2863 0.48
2864 0.48
2865 -0.31
2866 0.42
2867 0.40
2868 0.45
2869 0.13
2870 0.35
2871 0.13
2872 0.45
2873 0.34
2874 0.40
2875 0.43
2876 0.45
2877 0.37
2878 0.28
2879 0.43
2880 0.46
2881 0.20
2882 0.43
2883 0.42
2884 0.47
2885 0.48
2886 0.34
2887 0.43
2888 0.00
2889 0.41
2890 0.47
2891 0.44
2892 0.44
2893 0.46
2894 0.19
2895 0.47
2896 0.46
2897 0.44
2898 0.31
2899 0.37
2900 0.42
2901 0.15
2902 0.41
2903 0.40
2904 0.30
2905 0.38
2906 0.41
2907 0.24
2908 0.35
2909 0.40
2910 0.36
2911 0.43
2912 0.13
2913 0.37
2914 0.34
2915 0.40
2916 0.43
2917 0.47
2918 0.44
2919 0.41
2920 0.41
2921 0.46
2922 0.46
2923 0.44
2924 0.05
2925 0.47
2926 0.47
2927 0.37
2928 0.45
2929 0.36
2930 0.48
2931 0.42
2932 0.37
2933 -0.12
2934 0.42
2935 0.42
2936 0.45
2937 0.45
2938 0.40
2939 0.32
2940 0.31
2941 0.35
2942 0.43
2943 0.25
2944 0.41
2945 0.42
2946 0.47
2947 0.40
2948 0.41
2949 0.42
2950 0.40
2951 0.48
2952 -0.19
2953 0.47
2954 0.20
2955 0.38
2956 0.44
2957 0.40
2958 0.42
2959 0.44
2960 0.48
2961 0.46
2962 0.43
2963 0.44
2964 0.42
2965 0.41
2966 0.42
2967 0.43
2968 0.33
2969 0.44
2970 0.30
2971 0.46
2972 0.44
2973 0.46
2974 0.48
2975 0.44
2976 0.46
2977 0.40
2978 0.46
2979 0.43
2980 0.41
2981 0.48
2982 0.48
2983 0.03
2984 0.45
2985 0.33
2986 0.45
2987 0.34
2988 0.46
2989 0.41
2990 0.48
2991 0.48
2992 0.38
2993 0.48
2994 0.41
2995 0.44
2996 -0.30
2997 0.45
2998 0.44
2999 0.45
