0 338.40
1 333.20
2 330.80
3 334.00
4 334.80
5 334.80
6 334.00
7 330.80
8 332.00
9 332.80
10 330.40
11 332.80
12 330.40
13 334.40
14 333.60
15 334.80
16 329.60
17 330.40
18 326.80
19 326.00
20 320.80
21 324.00
22 324.00
23 318.80
24 318.00
25 319.60
26 322.40
27 320.40
28 319.20
29 320.80
30 318.40
31 312.80
32 310.00
33 308.00
34 312.40
35 312.40
36 313.60
37 313.20
38 313.20
39 313.20
40 317.20
41 317.20
42 312.80
43 312.80
44 308.00
45 312.00
46 310.00
47 308.00
48 308.00
49 305.20
50 300.00
51 300.00
52 300.40
53 302.00
54 300.40
55 301.20
56 302.40
57 305.60
58 300.80
59 304.00
60 304.80
61 301.20
62 303.20
63 298.00
64 296.80
65 295.60
66 300.00
67 304.00
68 303.20
69 306.40
70 310.40
71 307.20
72 306.40
73 306.40
74 310.40
75 308.80
76 305.20
77 304.40
78 306.80
79 304.40
80 301.60
81 302.80
82 303.60
83 301.60
84 296.00
85 296.40
86 301.20
87 301.60
88 303.20
89 303.20
90 300.00
91 300.00
92 301.20
93 302.40
94 302.80
95 301.60
96 302.00
97 304.00
98 304.00
99 304.00
100 308.00
101 308.80
102 308.80
103 305.60
104 307.60
105 310.40
106 311.20
107 308.00
108 308.80
109 306.00
110 307.60
111 307.20
112 306.80
113 306.80
114 311.20
115 315.60
116 311.20
117 306.80
118 310.40
119 307.20
120 304.40
121 307.60
122 313.60
123 313.60
124 309.60
125 309.60
126 309.60
127 312.80
128 308.80
129 312.00
130 312.00
131 314.80
132 316.40
133 320.40
134 326.80
135 326.40
136 321.20
137 319.60
138 322.80
139 322.80
140 322.80
141 322.80
142 322.80
143 326.80
144 328.40
145 328.00
146 324.80
147 327.20
148 327.20
149 330.00
150 328.00
151 332.40
152 334.40
153 332.80
154 331.60
155 328.00
156 326.80
157 330.00
158 332.80
159 331.60
160 331.60
161 333.20
162 334.00
163 335.20
164 332.80
165 328.40
166 333.60
167 333.20
168 334.00
169 334.80
170 338.80
171 335.60
172 330.40
173 335.60
174 336.40
175 336.40
176 337.20
177 336.80
178 339.60
179 337.20
180 342.40
181 344.00
182 344.40
183 344.40
184 339.20
185 339.20
186 338.40
187 340.00
188 335.20
189 335.20
190 334.40
191 334.40
192 337.60
193 332.40
194 335.20
195 332.80
196 337.60
197 335.20
198 335.20
199 335.20
200 313.60
201 309.60
202 313.20
203 314.80
204 315.60
205 315.60
206 315.60
207 312.80
208 311.20
209 312.80
210 312.40
211 314.80
212 315.60
213 314.80
214 314.80
215 317.20
216 315.60
217 313.20
218 311.20
219 311.20
220 307.20
221 309.60
222 309.60
223 309.20
224 307.20
225 306.80
226 306.80
227 303.60
228 300.80
229 303.60
230 301.60
231 299.60
232 301.20
233 301.20
234 304.40
235 308.40
236 308.00
237 311.20
238 310.80
239 310.80
240 314.40
241 314.40
242 314.80
243 314.80
244 315.20
245 318.80
246 317.20
247 315.20
248 315.20
249 312.80
250 312.40
251 314.00
252 310.40
253 312.00
254 309.20
255 310.40
256 312.80
257 315.20
258 315.20
259 316.40
260 317.20
261 313.60
262 316.00
263 314.80
264 315.60
265 313.60
266 314.40
267 314.00
268 312.40
269 315.20
270 317.20
271 315.20
272 318.80
273 318.40
274 320.80
275 321.20
276 318.80
277 324.00
278 327.60
279 324.00
280 320.40
281 320.00
282 316.80
283 314.40
284 311.20
285 310.00
286 315.20
287 314.80
288 317.60
289 317.60
290 316.00
291 316.80
292 316.80
293 319.60
294 320.80
295 320.80
296 319.60
297 321.20
298 321.60
299 325.20
300 323.60
301 325.20
302 325.20
303 319.60
304 322.80
305 324.80
306 325.20
307 322.80
308 324.00
309 321.60
310 322.00
311 320.80
312 319.20
313 318.80
314 317.20
315 317.60
316 316.40
317 316.80
318 318.80
319 315.60
320 315.60
321 318.00
322 318.40
323 320.00
324 318.00
325 318.40
326 317.20
327 312.00
328 308.80
329 311.20
330 312.40
331 316.40
332 318.80
333 320.00
334 324.80
335 322.40
336 316.80
337 314.40
338 315.20
339 315.60
340 316.00
341 316.40
342 317.20
343 317.20
344 318.00
345 316.80
346 315.60
347 314.80
348 316.40
349 316.00
350 317.20
351 318.00
352 318.00
353 320.40
354 319.20
355 316.00
356 313.20
357 316.00
358 316.40
359 316.00
360 315.20
361 317.60
362 316.00
363 318.40
364 319.20
365 318.40
366 320.40
367 322.80
368 324.40
369 324.80
370 326.80
371 324.00
372 320.00
373 319.20
374 320.80
375 320.40
376 324.00
377 327.20
378 329.60
379 328.00
380 332.40
381 330.80
382 330.00
383 331.20
384 326.40
385 326.00
386 326.80
387 326.40
388 323.20
389 322.80
390 320.40
391 319.20
392 318.00
393 315.20
394 312.80
395 310.40
396 314.40
397 315.60
398 313.60
399 312.80
400 392.80
401 389.60
402 389.60
403 389.20
404 389.60
405 386.00
406 390.00
407 390.00
408 391.20
409 390.00
410 388.80
411 390.40
412 389.60
413 391.60
414 391.20
415 389.60
416 384.00
417 381.60
418 378.80
419 378.40
420 378.40
421 381.60
422 377.20
423 376.00
424 371.20
425 366.40
426 366.80
427 362.80
428 359.20
429 360.80
430 358.40
431 354.00
432 356.80
433 355.60
434 355.60
435 357.20
436 351.20
437 354.40
438 352.40
439 354.80
440 360.00
441 360.00
442 361.20
443 360.40
444 359.20
445 365.60
446 364.00
447 364.80
448 364.80
449 365.20
450 366.00
451 364.80
452 368.80
453 370.00
454 365.60
455 367.60
456 366.40
457 366.40
458 362.80
459 364.40
460 364.80
461 362.00
462 363.60
463 362.80
464 365.60
465 367.20
466 371.60
467 371.60
468 374.00
469 376.00
470 375.60
471 376.00
472 381.20
473 380.80
474 387.20
475 388.00
476 388.40
477 394.00
478 398.00
479 392.80
480 390.00
481 388.00
482 386.40
483 384.00
484 382.80
485 380.40
486 386.40
487 386.40
488 391.20
489 387.60
490 385.60
491 389.60
492 388.80
493 388.80
494 388.00
495 387.20
496 388.00
497 386.40
498 384.00
499 384.00
500 382.80
501 387.20
502 381.60
503 376.00
504 380.40
505 382.40
506 382.80
507 380.00
508 381.60
509 379.20
510 380.40
511 382.80
512 382.00
513 377.60
514 376.00
515 376.00
516 372.00
517 372.40
518 372.00
519 370.00
520 368.80
521 368.40
522 368.40
523 368.40
524 368.00
525 372.00
526 373.20
527 368.00
528 368.40
529 371.60
530 375.20
531 382.40
532 382.00
533 385.20
534 387.20
535 388.00
536 383.20
537 380.80
538 382.80
539 387.20
540 386.80
541 386.80
542 385.60
543 387.60
544 387.60
545 389.20
546 389.20
547 391.20
548 394.80
549 394.80
550 393.60
551 393.60
552 395.20
553 400.00
554 399.60
555 399.20
556 396.00
557 398.80
558 399.60
559 401.60
560 401.20
561 400.00
562 400.00
563 403.20
564 402.40
565 402.40
566 407.60
567 409.60
568 410.40
569 410.80
570 412.40
571 409.20
572 408.40
573 410.00
574 408.80
575 408.80
576 406.80
577 410.40
578 409.60
579 410.00
580 411.60
581 410.80
582 410.00
583 410.40
584 409.60
585 409.60
586 414.40
587 413.60
588 408.80
589 405.60
590 402.80
591 398.80
592 399.60
593 398.40
594 400.40
595 393.20
596 394.00
597 392.80
598 391.60
599 391.20
600 356.00
601 352.00
602 351.20
603 351.20
604 351.60
605 351.60
606 346.40
607 346.40
608 347.20
609 350.00
610 352.80
611 354.80
612 349.60
613 351.60
614 350.00
615 351.20
616 346.00
617 343.60
618 338.80
619 337.60
620 332.40
621 332.40
622 332.40
623 332.00
624 328.80
625 329.60
626 330.00
627 328.80
628 334.00
629 339.20
630 334.40
631 332.00
632 337.20
633 338.80
634 338.80
635 344.00
636 339.20
637 334.80
638 334.80
639 334.80
640 340.00
641 340.00
642 344.00
643 344.00
644 343.60
645 348.00
646 347.60
647 344.40
648 344.40
649 344.40
650 344.40
651 348.40
652 348.40
653 353.60
654 350.00
655 350.80
656 352.00
657 356.80
658 352.00
659 353.60
660 354.40
661 349.60
662 354.80
663 349.60
664 353.20
665 352.00
666 352.00
667 354.40
668 354.00
669 356.40
670 357.20
671 362.00
672 367.20
673 362.40
674 363.20
675 362.40
676 358.00
677 363.20
678 362.40
679 362.40
680 362.40
681 359.60
682 354.40
683 350.80
684 353.20
685 348.00
686 352.40
687 354.80
688 358.00
689 358.00
690 357.20
691 357.20
692 352.80
693 356.40
694 352.00
695 347.60
696 348.00
697 348.40
698 348.40
699 348.40
700 343.60
701 343.20
702 343.20
703 343.20
704 344.40
705 343.60
706 346.00
707 341.20
708 344.00
709 338.80
710 335.20
711 334.80
712 329.60
713 329.60
714 328.80
715 328.80
716 328.80
717 326.80
718 331.20
719 329.20
720 329.20
721 324.40
722 324.00
723 324.00
724 323.20
725 323.20
726 328.40
727 324.00
728 319.60
729 314.40
730 314.40
731 319.60
732 323.20
733 323.60
734 326.00
735 326.00
736 321.20
737 318.00
738 320.00
739 320.00
740 318.40
741 318.40
742 321.60
743 323.20
744 326.80
745 329.20
746 324.40
747 323.60
748 328.40
749 329.60
750 332.80
751 333.20
752 334.00
753 328.80
754 330.80
755 330.80
756 332.40
757 332.40
758 333.60
759 334.40
760 334.40
761 337.60
762 342.80
763 346.00
764 344.80
765 344.80
766 350.00
767 352.00
768 352.80
769 353.60
770 358.00
771 358.00
772 353.20
773 358.40
774 361.60
775 361.60
776 360.40
777 360.80
778 360.80
779 360.80
780 365.60
781 365.60
782 362.00
783 363.60
784 358.80
785 358.80
786 364.00
787 369.20
788 364.00
789 364.00
790 361.20
791 361.20
792 358.40
793 353.20
794 354.40
795 352.00
796 356.80
797 360.40
798 355.60
799 354.40
800 408.00
801 404.00
802 402.80
803 403.20
804 403.20
805 403.20
806 398.40
807 394.80
808 395.60
809 394.40
810 395.60
811 397.60
812 396.40
813 398.00
814 399.60
815 398.40
816 392.80
817 391.20
818 389.60
819 389.20
820 385.20
821 384.80
822 384.80
823 384.00
824 380.40
825 376.80
826 377.20
827 373.60
828 375.60
829 377.20
830 375.60
831 373.20
832 378.40
833 377.60
834 377.60
835 383.20
836 377.60
837 376.00
838 378.80
839 378.80
840 383.20
841 383.20
842 384.00
843 383.20
844 382.40
845 386.80
846 386.40
847 386.00
848 380.80
849 382.00
850 382.40
851 386.40
852 391.20
853 392.40
854 388.80
855 390.40
856 391.20
857 395.60
858 394.00
859 396.00
860 394.40
861 390.80
862 392.40
863 391.60
864 392.80
865 393.60
866 398.00
867 399.60
868 400.00
869 402.00
870 404.00
871 404.40
872 409.60
873 409.60
874 412.40
875 412.40
876 409.60
877 415.20
878 414.40
879 414.40
880 411.60
881 408.80
882 407.60
883 408.00
884 406.80
885 405.20
886 410.80
887 410.40
888 409.20
889 408.80
890 407.60
891 411.60
892 410.80
893 414.40
894 413.60
895 413.60
896 413.20
897 413.20
898 418.00
899 418.00
900 416.40
901 415.60
902 410.80
903 410.80
904 414.40
905 415.60
906 418.00
907 413.20
908 413.20
909 408.00
910 409.60
911 408.40
912 407.20
913 403.20
914 402.00
915 402.00
916 398.00
917 396.40
918 396.40
919 394.40
920 394.80
921 394.00
922 393.60
923 393.20
924 394.00
925 397.60
926 401.60
927 397.20
928 396.80
929 394.80
930 398.40
931 403.60
932 401.60
933 400.80
934 403.20
935 403.60
936 398.40
937 395.20
938 396.40
939 400.80
940 400.00
941 400.00
942 399.20
943 401.20
944 401.20
945 400.40
946 400.00
947 400.40
948 400.40
949 400.00
950 400.00
951 400.80
952 402.00
953 400.40
954 400.40
955 397.60
956 399.20
957 403.20
958 404.00
959 408.40
960 407.20
961 410.00
962 410.80
963 414.00
964 412.40
965 412.80
966 418.00
967 419.60
968 420.80
969 421.20
970 422.80
971 423.60
972 418.80
973 420.00
974 420.00
975 420.00
976 418.40
977 420.80
978 420.00
979 420.40
980 421.20
981 421.20
982 419.20
983 420.40
984 419.20
985 414.80
986 420.00
987 425.20
988 422.40
989 418.40
990 416.00
991 412.00
992 412.80
993 408.00
994 409.60
995 406.00
996 407.20
997 407.20
998 407.60
999 406.80
1000 398.40
1001 394.40
1002 393.20
1003 392.80
1004 393.20
1005 393.20
1006 388.40
1007 384.80
1008 390.40
1009 389.20
1010 390.40
1011 392.00
1012 390.80
1013 392.80
1014 392.80
1015 392.00
1016 386.40
1017 384.40
1018 381.20
1019 380.40
1020 376.80
1021 380.40
1022 380.40
1023 379.60
1024 376.80
1025 373.20
1026 373.20
1027 369.20
1028 371.20
1029 371.60
1030 370.00
1031 367.60
1032 372.80
1033 371.20
1034 371.20
1035 376.80
1036 371.20
1037 369.60
1038 370.40
1039 370.40
1040 374.80
1041 374.80
1042 376.00
1043 371.60
1044 371.20
1045 370.80
1046 370.00
1047 370.00
1048 369.60
1049 370.00
1050 370.80
1051 374.80
1052 378.80
1053 380.40
1054 376.40
1055 378.00
1056 378.80
1057 383.20
1058 382.00
1059 384.00
1060 383.60
1061 380.40
1062 382.00
1063 381.20
1064 384.40
1065 385.20
1066 389.60
1067 391.60
1068 393.20
1069 395.60
1070 397.20
1071 398.00
1072 403.20
1073 402.40
1074 406.00
1075 406.40
1076 408.40
1077 414.00
1078 412.40
1079 413.60
1080 410.80
1081 408.00
1082 406.80
1083 408.00
1084 406.80
1085 404.40
1086 410.00
1087 409.60
1088 408.00
1089 408.00
1090 407.20
1091 410.80
1092 410.00
1093 414.00
1094 413.20
1095 418.00
1096 418.40
1097 418.40
1098 414.40
1099 415.20
1100 412.80
1101 412.00
1102 412.80
1103 412.80
1104 416.80
1105 418.00
1106 420.40
1107 415.20
1108 414.00
1109 408.80
1110 409.60
1111 407.20
1112 406.00
1113 401.60
1114 399.60
1115 399.60
1116 395.20
1117 392.80
1118 392.40
1119 389.60
1120 389.60
1121 389.20
1122 389.20
1123 389.20
1124 389.60
1125 392.40
1126 393.20
1127 388.80
1128 389.20
1129 387.20
1130 390.80
1131 396.00
1132 395.20
1133 394.80
1134 397.20
1135 398.00
1136 392.00
1137 388.00
1138 390.00
1139 392.00
1140 390.40
1141 390.80
1142 390.00
1143 391.60
1144 390.80
1145 390.00
1146 389.20
1147 389.60
1148 393.60
1149 393.20
1150 393.60
1151 394.40
1152 390.80
1153 389.60
1154 389.20
1155 386.40
1156 388.00
1157 392.40
1158 389.20
1159 393.60
1160 392.00
1161 396.00
1162 396.80
1163 400.00
1164 398.80
1165 398.80
1166 404.40
1167 406.80
1168 408.80
1169 410.00
1170 412.00
1171 408.00
1172 402.80
1173 404.40
1174 403.20
1175 403.60
1176 400.80
1177 403.60
1178 402.80
1179 403.20
1180 404.00
1181 404.00
1182 400.80
1183 401.60
1184 400.40
1185 396.40
1186 402.40
1187 408.40
1188 407.20
1189 405.20
1190 403.20
1191 399.20
1192 399.60
1193 398.40
1194 400.40
1195 396.80
1196 398.00
1197 397.60
1198 398.00
1199 397.20
1200 327.60
1201 324.00
1202 323.60
1203 325.20
1204 325.20
1205 325.60
1206 318.00
1207 315.20
1208 318.40
1209 317.20
1210 317.20
1211 320.40
1212 318.80
1213 318.40
1214 317.60
1215 322.00
1216 318.40
1217 314.80
1218 311.20
1219 311.20
1220 305.60
1221 310.40
1222 310.00
1223 304.40
1224 300.40
1225 298.00
1226 298.80
1227 294.80
1228 297.60
1229 301.60
1230 298.80
1231 298.00
1232 303.20
1233 302.40
1234 299.20
1235 306.40
1236 300.00
1237 298.80
1238 299.60
1239 305.20
1240 313.20
1241 312.40
1242 314.80
1243 315.20
1244 311.60
1245 313.20
1246 311.60
1247 308.00
1248 308.40
1249 307.20
1250 308.40
1251 310.40
1252 310.40
1253 311.60
1254 311.60
1255 314.40
1256 318.00
1257 322.00
1258 319.60
1259 323.20
1260 322.40
1261 318.40
1262 321.20
1263 318.40
1264 320.80
1265 320.40
1266 323.20
1267 324.80
1268 324.40
1269 326.80
1270 328.80
1271 329.60
1272 335.60
1273 334.40
1274 338.00
1275 338.40
1276 340.40
1277 346.80
1278 344.40
1279 346.40
1280 341.60
1281 340.80
1282 334.00
1283 328.40
1284 332.40
1285 329.20
1286 334.40
1287 333.20
1288 336.80
1289 336.40
1290 335.20
1291 338.00
1292 336.00
1293 337.20
1294 340.40
1295 340.00
1296 339.60
1297 342.80
1298 344.00
1299 346.80
1300 342.80
1301 340.80
1302 340.80
1303 340.80
1304 340.80
1305 343.20
1306 344.40
1307 342.00
1308 342.00
1309 336.80
1310 340.00
1311 336.80
1312 333.60
1313 336.40
1314 335.20
1315 334.40
1316 330.80
1317 329.60
1318 331.20
1319 328.80
1320 330.80
1321 331.20
1322 331.60
1323 336.80
1324 332.00
1325 331.60
1326 332.80
1327 328.40
1328 327.20
1329 325.20
1330 330.40
1331 333.60
1332 336.80
1333 341.60
1334 343.20
1335 344.00
1336 337.60
1337 332.80
1338 336.00
1339 335.60
1340 334.40
1341 336.00
1342 332.80
1343 332.80
1344 331.60
1345 333.20
1346 333.20
1347 334.80
1348 335.20
1349 335.20
1350 336.80
1351 340.40
1352 340.80
1353 338.00
1354 338.00
1355 332.40
1356 335.20
1357 336.40
1358 335.60
1359 338.40
1360 336.00
1361 340.00
1362 342.00
1363 342.40
1364 342.00
1365 338.80
1366 343.20
1367 346.40
1368 348.80
1369 348.80
1370 350.40
1371 344.40
1372 338.40
1373 340.00
1374 345.20
1375 347.60
1376 343.60
1377 345.60
1378 346.40
1379 342.40
1380 344.80
1381 343.20
1382 341.60
1383 343.20
1384 340.80
1385 336.00
1386 343.60
1387 350.80
1388 343.20
1389 338.40
1390 332.80
1391 329.20
1392 332.00
1393 330.40
1394 332.00
1395 329.20
1396 331.20
1397 330.00
1398 328.00
1399 326.40
1400 378.40
1401 374.80
1402 374.00
1403 374.00
1404 372.80
1405 377.60
1406 371.60
1407 369.20
1408 374.80
1409 374.00
1410 374.80
1411 376.80
1412 374.80
1413 377.20
1414 377.20
1415 380.00
1416 379.20
1417 376.80
1418 372.00
1419 372.40
1420 372.00
1421 371.60
1422 366.40
1423 364.00
1424 360.40
1425 356.80
1426 355.60
1427 351.20
1428 348.80
1429 352.00
1430 350.80
1431 349.20
1432 353.20
1433 351.60
1434 350.40
1435 355.60
1436 350.00
1437 350.00
1438 347.20
1439 346.80
1440 351.20
1441 351.20
1442 350.80
1443 346.40
1444 343.20
1445 346.00
1446 344.40
1447 345.20
1448 349.60
1449 349.60
1450 349.20
1451 351.20
1452 355.20
1453 356.40
1454 354.00
1455 351.60
1456 354.00
1457 359.60
1458 357.20
1459 358.80
1460 358.40
1461 355.20
1462 357.60
1463 356.80
1464 359.60
1465 359.60
1466 358.40
1467 360.80
1468 363.20
1469 365.20
1470 363.60
1471 364.40
1472 369.60
1473 370.40
1474 374.00
1475 376.80
1476 376.80
1477 382.80
1478 386.00
1479 386.80
1480 382.40
1481 378.00
1482 378.00
1483 378.80
1484 379.60
1485 378.40
1486 384.00
1487 383.20
1488 388.40
1489 382.80
1490 378.40
1491 382.00
1492 382.40
1493 385.20
1494 388.00
1495 389.20
1496 390.00
1497 390.00
1498 388.80
1499 390.80
1500 389.60
1501 389.20
1502 384.00
1503 379.20
1504 382.40
1505 383.60
1506 384.80
1507 382.40
1508 382.00
1509 376.80
1510 377.60
1511 380.00
1512 378.40
1513 373.20
1514 369.60
1515 369.60
1516 364.80
1517 362.40
1518 362.40
1519 360.00
1520 360.80
1521 360.00
1522 359.20
1523 359.20
1524 357.20
1525 357.60
1526 360.40
1527 355.60
1528 354.40
1529 353.20
1530 357.60
1531 364.40
1532 363.60
1533 364.00
1534 366.80
1535 367.60
1536 366.00
1537 367.20
1538 369.20
1539 375.20
1540 378.00
1541 379.20
1542 377.60
1543 380.00
1544 378.80
1545 377.60
1546 377.60
1547 377.20
1548 376.40
1549 375.60
1550 374.80
1551 376.80
1552 378.80
1553 382.40
1554 382.80
1555 379.20
1556 381.60
1557 380.80
1558 378.00
1559 382.40
1560 381.20
1561 380.00
1562 381.20
1563 384.80
1564 385.60
1565 382.80
1566 389.60
1567 392.00
1568 394.40
1569 394.40
1570 395.60
1571 396.00
1572 396.80
1573 398.40
1574 400.40
1575 400.80
1576 399.20
1577 402.40
1578 402.80
1579 400.00
1580 401.20
1581 400.40
1582 397.20
1583 397.60
1584 395.20
1585 390.40
1586 392.00
1587 391.60
1588 387.20
1589 387.20
1590 384.40
1591 379.60
1592 381.20
1593 380.40
1594 382.00
1595 379.20
1596 380.00
1597 379.60
1598 377.20
1599 376.00
1600 384.80
1601 381.20
1602 380.00
1603 379.60
1604 379.60
1605 384.40
1606 379.20
1607 375.60
1608 376.80
1609 380.00
1610 380.00
1611 381.60
1612 381.20
1613 383.20
1614 383.20
1615 382.40
1616 382.00
1617 380.00
1618 378.80
1619 378.40
1620 378.00
1621 377.20
1622 376.40
1623 374.80
1624 371.20
1625 370.40
1626 370.80
1627 367.20
1628 366.40
1629 369.60
1630 367.60
1631 366.00
1632 367.60
1633 366.40
1634 366.00
1635 371.20
1636 367.60
1637 368.80
1638 363.20
1639 364.00
1640 368.00
1641 368.40
1642 368.00
1643 362.80
1644 363.60
1645 367.60
1646 366.80
1647 367.20
1648 371.60
1649 372.80
1650 372.80
1651 375.60
1652 374.00
1653 375.20
1654 371.60
1655 369.20
1656 372.40
1657 375.60
1658 374.00
1659 375.60
1660 376.00
1661 372.80
1662 374.40
1663 373.60
1664 376.00
1665 376.40
1666 375.60
1667 377.60
1668 377.60
1669 379.60
1670 376.00
1671 376.00
1672 380.80
1673 381.60
1674 385.20
1675 385.60
1676 384.00
1677 390.00
1678 392.00
1679 388.80
1680 385.20
1681 382.00
1682 382.40
1683 383.60
1684 383.20
1685 382.80
1686 388.40
1687 388.00
1688 392.00
1689 391.60
1690 391.60
1691 396.00
1692 396.40
1693 400.00
1694 398.80
1695 399.60
1696 399.20
1697 398.80
1698 398.40
1699 398.40
1700 395.20
1701 394.80
1702 394.40
1703 391.20
1704 395.20
1705 396.40
1706 397.20
1707 392.40
1708 391.60
1709 388.80
1710 389.60
1711 386.40
1712 385.20
1713 380.00
1714 379.60
1715 379.60
1716 374.00
1717 371.60
1718 371.20
1719 368.80
1720 371.60
1721 372.40
1722 372.00
1723 371.20
1724 370.00
1725 370.00
1726 374.00
1727 370.40
1728 369.20
1729 371.20
1730 375.20
1731 380.80
1732 380.40
1733 380.00
1734 382.00
1735 382.00
1736 375.60
1737 371.20
1738 373.20
1739 378.00
1740 376.80
1741 376.80
1742 374.80
1743 376.80
1744 376.00
1745 376.40
1746 376.80
1747 377.60
1748 377.60
1749 376.80
1750 378.80
1751 380.00
1752 383.20
1753 385.60
1754 385.20
1755 381.60
1756 382.80
1757 388.00
1758 389.20
1759 387.20
1760 386.00
1761 390.80
1762 390.80
1763 394.80
1764 392.80
1765 393.20
1766 400.00
1767 402.40
1768 404.00
1769 404.80
1770 406.00
1771 406.00
1772 402.40
1773 404.00
1774 405.20
1775 405.60
1776 402.80
1777 404.00
1778 404.00
1779 402.00
1780 403.60
1781 402.80
1782 401.20
1783 401.60
1784 400.40
1785 395.60
1786 400.00
1787 403.60
1788 403.20
1789 398.00
1790 395.20
1791 390.40
1792 392.40
1793 392.00
1794 393.20
1795 388.00
1796 388.80
1797 388.00
1798 384.00
1799 383.60
1800 376.00
1801 373.20
1802 374.80
1803 374.40
1804 374.40
1805 374.00
1806 375.20
1807 375.20
1808 377.60
1809 380.40
1810 380.80
1811 382.40
1812 380.80
1813 382.40
1814 381.60
1815 380.40
1816 381.60
1817 379.20
1818 377.60
1819 377.20
1820 374.40
1821 374.40
1822 374.00
1823 373.20
1824 369.60
1825 366.00
1826 365.60
1827 362.40
1828 360.40
1829 362.00
1830 359.60
1831 360.00
1832 363.60
1833 362.80
1834 362.40
1835 368.40
1836 366.40
1837 369.20
1838 364.40
1839 365.60
1840 367.60
1841 366.40
1842 366.80
1843 361.60
1844 362.40
1845 366.40
1846 365.20
1847 365.20
1848 364.00
1849 365.20
1850 366.00
1851 368.40
1852 369.60
1853 370.80
1854 367.20
1855 373.20
1856 373.20
1857 373.20
1858 371.60
1859 373.60
1860 372.00
1861 372.00
1862 374.40
1863 372.80
1864 375.60
1865 376.40
1866 376.40
1867 379.20
1868 379.60
1869 382.80
1870 384.00
1871 384.00
1872 388.40
1873 387.60
1874 391.20
1875 391.60
1876 391.20
1877 396.40
1878 400.00
1879 398.40
1880 395.20
1881 389.20
1882 388.40
1883 389.20
1884 390.00
1885 388.40
1886 393.20
1887 392.40
1888 395.60
1889 390.80
1890 388.80
1891 394.00
1892 393.60
1893 397.60
1894 396.40
1895 396.80
1896 396.80
1897 396.00
1898 401.60
1899 402.00
1900 400.00
1901 399.20
1902 400.00
1903 396.00
1904 400.00
1905 398.00
1906 399.60
1907 394.80
1908 394.00
1909 388.80
1910 389.60
1911 386.40
1912 385.60
1913 381.20
1914 380.80
1915 380.40
1916 374.80
1917 372.00
1918 372.00
1919 370.00
1920 370.40
1921 370.80
1922 370.80
1923 370.80
1924 370.40
1925 373.20
1926 374.00
1927 373.60
1928 373.60
1929 372.80
1930 376.80
1931 383.20
1932 382.40
1933 381.60
1934 382.00
1935 382.40
1936 377.60
1937 374.40
1938 376.80
1939 382.00
1940 382.40
1941 382.80
1942 381.60
1943 383.60
1944 384.00
1945 384.80
1946 385.20
1947 386.40
1948 386.40
1949 385.60
1950 384.40
1951 385.60
1952 382.00
1953 385.20
1954 384.80
1955 381.20
1956 378.40
1957 383.20
1958 383.20
1959 383.60
1960 384.00
1961 385.60
1962 385.60
1963 390.00
1964 388.40
1965 389.20
1966 393.60
1967 396.00
1968 397.20
1969 396.40
1970 397.60
1971 397.20
1972 393.20
1973 394.80
1974 395.20
1975 395.60
1976 395.60
1977 394.00
1978 392.40
1979 393.20
1980 394.80
1981 394.00
1982 392.00
1983 392.80
1984 392.00
1985 387.20
1986 389.20
1987 390.40
1988 389.60
1989 388.00
1990 387.60
1991 383.20
1992 384.40
1993 383.60
1994 383.60
1995 378.40
1996 379.20
1997 378.80
1998 374.40
1999 373.60
2000 396.00
2001 392.80
2002 394.00
2003 393.60
2004 393.20
2005 392.80
2006 393.60
2007 390.40
2008 391.20
2009 390.00
2010 390.40
2011 392.40
2012 391.60
2013 393.60
2014 395.20
2015 393.60
2016 392.80
2017 391.20
2018 389.60
2019 390.00
2020 389.20
2021 389.60
2022 389.60
2023 388.40
2024 385.20
2025 381.60
2026 382.00
2027 378.80
2028 376.40
2029 380.40
2030 378.40
2031 378.40
2032 380.00
2033 379.60
2034 380.00
2035 385.20
2036 381.20
2037 379.60
2038 375.20
2039 375.60
2040 379.60
2041 379.60
2042 380.80
2043 376.80
2044 377.20
2045 380.80
2046 379.20
2047 379.20
2048 379.60
2049 380.80
2050 381.60
2051 385.20
2052 386.80
2053 388.00
2054 385.20
2055 387.20
2056 387.20
2057 390.40
2058 388.80
2059 390.80
2060 389.20
2061 386.40
2062 387.60
2063 382.80
2064 384.00
2065 384.40
2066 384.00
2067 385.60
2068 386.00
2069 387.60
2070 388.40
2071 389.20
2072 394.00
2073 392.80
2074 396.00
2075 396.40
2076 395.60
2077 401.20
2078 405.20
2079 404.40
2080 401.20
2081 396.80
2082 395.60
2083 396.00
2084 397.60
2085 396.40
2086 401.20
2087 401.20
2088 404.40
2089 405.20
2090 404.40
2091 408.00
2092 406.80
2093 409.60
2094 408.40
2095 409.20
2096 409.20
2097 408.40
2098 412.40
2099 412.40
2100 410.00
2101 408.40
2102 404.40
2103 404.00
2104 407.20
2105 408.40
2106 410.40
2107 407.20
2108 406.80
2109 402.00
2110 403.60
2111 402.40
2112 401.60
2113 401.60
2114 398.80
2115 399.20
2116 398.80
2117 397.20
2118 397.20
2119 395.20
2120 394.00
2121 393.60
2122 394.00
2123 394.80
2124 393.20
2125 396.00
2126 397.60
2127 393.20
2128 392.80
2129 391.20
2130 394.80
2131 400.00
2132 398.40
2133 397.60
2134 398.00
2135 397.60
2136 396.00
2137 392.40
2138 394.40
2139 391.60
2140 390.80
2141 391.20
2142 390.40
2143 392.40
2144 392.80
2145 392.00
2146 392.40
2147 393.60
2148 394.00
2149 393.60
2150 393.60
2151 394.80
2152 396.00
2153 395.60
2154 395.60
2155 392.80
2156 390.00
2157 393.20
2158 394.40
2159 398.40
2160 398.00
2161 400.00
2162 400.40
2163 403.20
2164 403.20
2165 404.00
2166 405.60
2167 407.20
2168 408.40
2169 408.40
2170 409.60
2171 408.80
2172 403.60
2173 405.20
2174 406.80
2175 407.20
2176 406.00
2177 408.00
2178 406.80
2179 405.20
2180 406.80
2181 406.00
2182 407.20
2183 408.00
2184 405.60
2185 402.00
2186 402.80
2187 408.00
2188 407.20
2189 408.80
2190 406.40
2191 402.40
2192 403.20
2193 402.40
2194 402.80
2195 399.20
2196 400.40
2197 400.00
2198 395.20
2199 394.40
2200 383.20
2201 380.40
2202 381.60
2203 381.20
2204 380.80
2205 380.80
2206 383.20
2207 381.60
2208 382.80
2209 381.60
2210 383.20
2211 384.40
2212 384.00
2213 385.60
2214 387.20
2215 386.80
2216 386.00
2217 384.80
2218 384.00
2219 383.60
2220 379.20
2221 379.20
2222 376.00
2223 374.40
2224 374.40
2225 372.00
2226 372.40
2227 368.40
2228 365.60
2229 368.80
2230 366.80
2231 366.80
2232 371.20
2233 370.80
2234 372.00
2235 377.60
2236 373.60
2237 373.20
2238 369.60
2239 372.00
2240 376.40
2241 376.80
2242 377.60
2243 374.00
2244 374.40
2245 377.60
2246 376.40
2247 376.40
2248 381.60
2249 382.80
2250 383.60
2251 386.80
2252 388.00
2253 389.20
2254 386.00
2255 388.40
2256 386.80
2257 389.60
2258 387.60
2259 389.20
2260 387.60
2261 387.60
2262 388.80
2263 387.60
2264 388.80
2265 388.80
2266 388.40
2267 390.00
2268 390.40
2269 392.00
2270 392.40
2271 393.60
2272 398.00
2273 396.80
2274 397.20
2275 400.40
2276 399.60
2277 406.00
2278 410.00
2279 409.20
2280 410.00
2281 405.20
2282 404.80
2283 404.80
2284 405.20
2285 403.20
2286 408.40
2287 407.60
2288 411.20
2289 407.20
2290 406.40
2291 410.40
2292 409.60
2293 412.80
2294 412.00
2295 412.00
2296 412.00
2297 411.20
2298 410.40
2299 410.40
2300 408.40
2301 407.20
2302 403.20
2303 402.80
2304 406.40
2305 407.60
2306 409.60
2307 406.40
2308 405.60
2309 400.80
2310 403.20
2311 399.20
2312 398.40
2313 394.00
2314 392.80
2315 393.20
2316 392.40
2317 390.80
2318 390.00
2319 388.00
2320 390.80
2321 390.80
2322 391.60
2323 392.80
2324 390.80
2325 389.60
2326 391.20
2327 386.80
2328 385.20
2329 384.00
2330 383.60
2331 389.20
2332 387.20
2333 386.80
2334 387.60
2335 388.00
2336 382.80
2337 380.00
2338 382.00
2339 383.60
2340 382.80
2341 382.80
2342 382.00
2343 384.00
2344 384.00
2345 386.00
2346 385.60
2347 386.80
2348 386.40
2349 385.60
2350 384.40
2351 385.20
2352 386.80
2353 386.40
2354 386.40
2355 382.80
2356 380.00
2357 382.00
2358 383.60
2359 388.00
2360 385.60
2361 388.40
2362 388.40
2363 392.40
2364 390.80
2365 390.80
2366 392.80
2367 394.00
2368 395.20
2369 396.00
2370 397.20
2371 396.00
2372 394.00
2373 395.60
2374 397.20
2375 397.60
2376 396.40
2377 398.40
2378 398.80
2379 397.60
2380 399.20
2381 398.40
2382 396.40
2383 397.20
2384 394.80
2385 390.80
2386 394.80
2387 398.80
2388 396.80
2389 396.80
2390 394.00
2391 389.60
2392 390.40
2393 388.80
2394 389.20
2395 384.00
2396 385.60
2397 385.20
2398 381.20
2399 380.80
2400 362.80
2401 360.40
2402 358.80
2403 358.40
2404 355.60
2405 355.20
2406 356.00
2407 357.60
2408 360.40
2409 359.20
2410 359.20
2411 360.40
2412 360.00
2413 363.60
2414 364.00
2415 363.20
2416 360.00
2417 357.60
2418 354.40
2419 353.60
2420 350.80
2421 350.80
2422 350.40
2423 348.00
2424 349.20
2425 344.80
2426 345.20
2427 343.60
2428 341.20
2429 341.60
2430 339.60
2431 340.00
2432 340.80
2433 338.40
2434 337.60
2435 341.20
2436 336.80
2437 338.40
2438 335.60
2439 338.00
2440 340.80
2441 340.00
2442 339.20
2443 334.80
2444 334.40
2445 336.00
2446 334.40
2447 335.60
2448 336.00
2449 336.40
2450 335.60
2451 336.40
2452 338.80
2453 340.00
2454 340.40
2455 342.80
2456 344.00
2457 343.60
2458 341.60
2459 343.20
2460 342.40
2461 340.40
2462 341.60
2463 339.20
2464 340.40
2465 338.40
2466 337.20
2467 340.00
2468 342.00
2469 344.00
2470 344.40
2471 342.40
2472 346.40
2473 344.80
2474 344.40
2475 345.20
2476 343.20
2477 348.00
2478 350.40
2479 352.80
2480 348.40
2481 342.80
2482 340.80
2483 342.40
2484 344.00
2485 343.20
2486 349.60
2487 350.00
2488 354.00
2489 348.80
2490 348.80
2491 352.80
2492 353.60
2493 355.60
2494 358.40
2495 361.60
2496 362.00
2497 361.20
2498 365.20
2499 365.20
2500 364.80
2501 364.80
2502 360.00
2503 356.00
2504 359.60
2505 360.80
2506 360.00
2507 359.60
2508 359.20
2509 356.80
2510 356.80
2511 358.00
2512 353.20
2513 349.60
2514 349.60
2515 352.00
2516 354.00
2517 351.60
2518 351.20
2519 349.60
2520 350.80
2521 350.80
2522 352.40
2523 354.80
2524 354.80
2525 358.00
2526 360.00
2527 357.20
2528 353.60
2529 352.80
2530 357.60
2531 362.40
2532 363.60
2533 363.20
2534 365.60
2535 367.20
2536 360.00
2537 356.80
2538 358.40
2539 364.00
2540 363.60
2541 364.00
2542 362.40
2543 366.00
2544 365.20
2545 366.00
2546 366.40
2547 366.80
2548 366.40
2549 366.00
2550 364.80
2551 366.40
2552 370.40
2553 373.60
2554 372.40
2555 369.20
2556 368.00
2557 367.20
2558 366.80
2559 368.80
2560 369.60
2561 369.20
2562 373.20
2563 375.60
2564 374.00
2565 374.40
2566 376.80
2567 378.80
2568 380.40
2569 380.80
2570 382.00
2571 384.00
2572 378.80
2573 380.40
2574 379.60
2575 380.00
2576 379.60
2577 379.20
2578 382.80
2579 380.80
2580 382.40
2581 382.80
2582 382.80
2583 384.00
2584 380.80
2585 376.40
2586 381.60
2587 382.80
2588 380.00
2589 377.20
2590 374.80
2591 371.20
2592 372.80
2593 371.60
2594 370.00
2595 364.40
2596 365.20
2597 364.40
2598 360.40
2599 360.40
2600 380.40
2601 378.40
2602 378.00
2603 377.20
2604 376.40
2605 373.60
2606 373.60
2607 374.40
2608 376.00
2609 374.80
2610 376.80
2611 378.40
2612 377.60
2613 379.60
2614 381.20
2615 380.80
2616 381.20
2617 380.00
2618 379.20
2619 379.60
2620 378.00
2621 377.60
2622 372.00
2623 375.60
2624 376.40
2625 372.00
2626 373.20
2627 369.60
2628 366.40
2629 368.00
2630 366.00
2631 366.40
2632 367.60
2633 367.20
2634 368.40
2635 374.00
2636 369.60
2637 372.80
2638 374.80
2639 375.60
2640 378.80
2641 378.00
2642 378.40
2643 374.40
2644 372.40
2645 372.80
2646 371.20
2647 371.60
2648 372.40
2649 373.60
2650 373.20
2651 374.40
2652 374.40
2653 376.00
2654 372.80
2655 374.00
2656 372.80
2657 373.20
2658 371.60
2659 373.20
2660 372.00
2661 372.00
2662 373.60
2663 371.20
2664 371.60
2665 370.80
2666 371.60
2667 370.80
2668 371.20
2669 372.40
2670 372.00
2671 372.00
2672 377.20
2673 375.20
2674 375.20
2675 378.80
2676 377.60
2677 382.40
2678 387.20
2679 388.00
2680 388.80
2681 382.80
2682 381.20
2683 381.20
2684 381.20
2685 379.60
2686 385.60
2687 385.60
2688 385.60
2689 381.20
2690 380.00
2691 384.00
2692 383.60
2693 386.00
2694 388.40
2695 389.20
2696 389.60
2697 388.80
2698 388.40
2699 388.80
2700 387.60
2701 387.60
2702 383.60
2703 382.40
2704 386.00
2705 387.20
2706 386.80
2707 384.00
2708 383.60
2709 378.00
2710 378.00
2711 374.40
2712 373.60
2713 370.80
2714 370.40
2715 372.00
2716 370.80
2717 371.60
2718 371.60
2719 369.20
2720 369.60
2721 366.40
2722 367.60
2723 370.00
2724 368.40
2725 365.60
2726 366.00
2727 362.00
2728 360.40
2729 359.60
2730 359.20
2731 365.60
2732 366.00
2733 365.60
2734 367.20
2735 367.60
2736 366.00
2737 363.60
2738 365.60
2739 368.00
2740 368.40
2741 368.40
2742 366.80
2743 370.00
2744 369.20
2745 370.00
2746 369.60
2747 370.80
2748 370.40
2749 369.20
2750 367.60
2751 368.40
2752 372.80
2753 373.20
2754 373.60
2755 374.00
2756 375.60
2757 377.20
2758 377.60
2759 382.80
2760 382.00
2761 384.00
2762 384.00
2763 387.20
2764 385.60
2765 385.20
2766 385.20
2767 386.40
2768 386.80
2769 387.60
2770 389.20
2771 392.80
2772 392.00
2773 388.00
2774 388.80
2775 392.40
2776 392.00
2777 394.80
2778 394.80
2779 393.20
2780 394.80
2781 394.00
2782 394.00
2783 394.80
2784 392.00
2785 387.60
2786 387.60
2787 386.80
2788 382.80
2789 384.00
2790 381.60
2791 378.40
2792 380.00
2793 378.40
2794 378.80
2795 376.80
2796 378.40
2797 377.60
2798 377.60
2799 377.20
2800 396.00
2801 393.60
2802 395.60
2803 395.20
2804 394.80
2805 394.80
2806 394.00
2807 389.60
2808 391.20
2809 390.00
2810 392.40
2811 394.00
2812 393.60
2813 395.20
2814 396.80
2815 395.20
2816 393.60
2817 392.00
2818 390.80
2819 390.80
2820 387.20
2821 387.20
2822 387.20
2823 386.40
2824 383.60
2825 384.00
2826 384.40
2827 381.20
2828 378.40
2829 379.60
2830 377.60
2831 378.00
2832 378.80
2833 378.00
2834 377.60
2835 382.40
2836 379.60
2837 377.60
2838 372.40
2839 372.80
2840 376.40
2841 376.40
2842 377.20
2843 372.80
2844 374.00
2845 378.00
2846 377.20
2847 377.60
2848 372.80
2849 370.00
2850 370.40
2851 372.80
2852 369.60
2853 371.20
2854 368.40
2855 370.00
2856 371.60
2857 376.00
2858 372.00
2859 373.60
2860 372.00
2861 368.80
2862 370.00
2863 368.80
2864 369.20
2865 370.40
2866 370.80
2867 372.40
2868 372.80
2869 374.40
2870 376.80
2871 376.40
2872 380.80
2873 376.00
2874 379.20
2875 378.80
2876 376.00
2877 380.40
2878 384.40
2879 382.80
2880 379.20
2881 373.60
2882 373.60
2883 374.00
2884 375.60
2885 374.40
2886 379.20
2887 379.20
2888 382.80
2889 382.40
2890 382.80
2891 387.20
2892 386.40
2893 389.20
2894 388.40
2895 388.80
2896 388.80
2897 387.60
2898 392.00
2899 396.00
2900 394.40
2901 393.20
2902 393.20
2903 392.40
2904 395.60
2905 396.80
2906 398.80
2907 395.60
2908 397.20
2909 392.40
2910 392.80
2911 391.20
2912 390.40
2913 386.80
2914 386.40
2915 386.00
2916 386.00
2917 384.40
2918 384.00
2919 382.00
2920 382.00
2921 382.40
2922 383.20
2923 387.60
2924 385.60
2925 389.60
2926 392.40
2927 389.20
2928 388.80
2929 388.40
2930 392.40
2931 398.00
2932 396.00
2933 395.60
2934 395.60
2935 396.00
2936 390.40
2937 387.20
2938 389.20
2939 393.60
2940 392.80
2941 388.40
2942 387.60
2943 389.60
2944 389.60
2945 388.80
2946 388.80
2947 390.00
2948 390.00
2949 389.60
2950 388.80
2951 390.00
2952 391.20
2953 390.80
2954 390.80
2955 388.00
2956 385.20
2957 388.40
2958 389.20
2959 393.60
2960 392.40
2961 395.60
2962 395.60
2963 398.80
2964 397.20
2965 398.00
2966 399.20
2967 400.80
2968 402.00
2969 402.40
2970 403.60
2971 403.60
2972 398.40
2973 399.60
2974 401.20
2975 397.20
2976 396.80
2977 398.80
2978 398.00
2979 398.80
2980 400.40
2981 400.00
2982 401.20
2983 402.00
2984 400.80
2985 396.80
2986 400.40
2987 405.60
2988 405.20
2989 400.80
2990 397.60
2991 397.60
2992 398.40
2993 398.00
2994 397.60
2995 394.00
2996 394.80
2997 394.40
2998 394.80
2999 394.00
