0 242.00
30 247.33
60 280.67
90 291.33
120 272.00
150 281.33
180 314.00
210 272.67
240 262.00
270 301.33
300 310.67
330 303.33
360 258.67
390 245.33
420 310.00
450 264.67
480 274.00
510 287.33
540 264.67
570 292.00
600 276.67
630 272.67
660 332.00
690 328.00
720 318.67
750 276.67
780 313.33
810 310.67
840 292.00
870 313.33
900 308.67
930 298.00
960 344.00
990 332.67
1020 325.33
1050 336.00
1080 348.67
1110 294.67
1140 353.33
1170 364.67
1200 368.67
1230 330.67
1260 361.33
1290 356.67
1320 354.67
1350 377.33
1380 365.33
1410 332.67
1440 346.00
1470 328.00
1500 352.67
1530 354.00
1560 334.00
1590 350.00
1620 354.67
1650 342.00
1680 375.33
1710 366.67
1740 356.67
1770 364.67
1800 385.33
1830 354.00
1860 361.33
1890 374.00
1920 320.67
1950 376.67
1980 371.33
2010 350.67
2040 383.33
2070 370.67
2100 380.00
2130 336.00
2160 391.33
2190 370.00
2220 394.67
2250 364.67
2280 354.67
2310 326.67
2340 366.00
2370 377.33
2400 357.33
2430 334.00
2460 369.33
2490 350.00
2520 353.33
2550 360.67
2580 346.00
2610 360.00
2640 372.00
2670 390.67
2700 369.33
2730 385.33
2760 376.00
2790 360.67
2820 316.00
2850 360.00
2880 358.67
2910 408.67
2940 340.67
2970 381.33
