0 -0.18
1 -0.21
2 -0.25
3 -0.19
4 -0.24
5 -0.18
6 -0.16
7 -0.15
8 -0.20
9 -0.18
10 -0.14
11 -0.15
12 -0.10
13 -0.17
14 -0.12
15 -0.12
16 -0.13
17 -0.12
18 -0.16
19 -0.13
20 -0.07
21 -0.19
22 -0.11
23 -0.10
24 -0.13
25 0.00
26 -0.17
27 0.02
28 -0.14
29 -0.12
30 -0.18
31 -0.21
32 -0.25
33 -0.08
34 -0.15
35 -0.07
36 -0.01
37 -0.12
38 -0.22
39 -0.14
40 -0.19
41 -0.18
42 -0.11
43 -0.11
44 -0.15
45 -0.12
46 -0.14
47 -0.13
48 -0.18
49 -0.20
50 -0.01
51 0.02
52 -0.08
53 -0.16
54 0.03
55 -0.13
56 -0.22
57 -0.15
58 -0.03
59 -0.11
60 0.03
61 -0.15
62 -0.17
63 -0.03
64 -0.05
65 -0.08
66 -0.18
67 -0.10
68 -0.09
69 -0.22
70 -0.03
71 -0.26
72 0.01
73 -0.01
74 -0.06
75 -0.11
76 0.05
77 0.03
78 0.02
79 -0.13
80 0.04
81 0.07
82 -0.19
83 -0.12
84 -0.19
85 -0.09
86 -0.07
87 -0.02
88 0.03
89 -0.00
90 0.02
91 -0.14
92 0.10
93 0.03
94 0.12
95 0.15
96 0.13
97 -0.20
98 -0.19
99 -0.08
100 0.06
101 -0.23
102 0.08
103 -0.14
104 0.11
105 -0.20
106 0.02
107 -0.21
108 -0.06
109 -0.28
110 -0.22
111 -0.12
112 -0.12
113 0.05
114 -0.03
115 0.03
116 -0.12
117 0.06
118 0.11
119 -0.21
120 -0.13
121 0.06
122 -0.12
123 -0.18
124 -0.02
125 -0.21
126 -0.22
127 -0.18
128 -0.13
129 -0.16
130 -0.12
131 -0.16
132 -0.21
133 -0.09
134 -0.14
135 -0.07
136 -0.19
137 -0.12
138 -0.09
139 -0.10
140 -0.18
141 -0.17
142 -0.15
143 0.01
144 -0.18
145 0.08
146 0.03
147 -0.14
148 0.09
149 -0.17
150 0.09
151 -0.07
152 0.05
153 -0.17
154 -0.17
155 -0.17
156 -0.02
157 -0.12
158 0.03
159 -0.00
160 -0.01
161 0.07
162 -0.05
163 -0.10
164 -0.17
165 -0.07
166 0.05
167 -0.04
168 -0.17
169 -0.08
170 -0.10
171 -0.08
172 -0.13
173 -0.01
174 -0.15
175 -0.01
176 -0.13
177 -0.20
178 -0.00
179 -0.18
180 -0.00
181 -0.13
182 -0.21
183 -0.12
184 -0.15
185 -0.20
186 -0.06
187 -0.18
188 -0.12
189 -0.12
190 -0.03
191 -0.11
192 0.03
193 -0.16
194 0.01
195 -0.20
196 -0.15
197 -0.11
198 -0.03
199 0.02
200 0.33
201 0.30
202 0.30
203 0.39
204 0.33
205 -0.21
206 -0.26
207 0.03
208 -0.32
209 0.32
210 0.34
211 0.30
212 0.36
213 -0.26
214 0.34
215 0.38
216 0.37
217 0.34
218 0.39
219 -0.20
220 -0.21
221 0.38
222 0.12
223 0.39
224 -0.23
225 0.35
226 0.37
227 0.42
228 0.42
229 -0.35
230 -0.22
231 0.40
232 -0.30
233 -0.17
234 0.29
235 -0.22
236 0.30
237 0.36
238 -0.18
239 0.05
240 0.10
241 0.16
242 0.24
243 -0.15
244 0.32
245 0.36
246 0.33
247 0.32
248 0.33
249 0.36
250 0.12
251 -0.20
252 0.36
253 0.36
254 -0.19
255 0.33
256 -0.23
257 0.35
258 0.38
259 0.37
260 0.36
261 0.38
262 0.38
263 -0.25
264 -0.15
265 0.25
266 -0.12
267 -0.11
268 -0.26
269 -0.22
270 -0.08
271 -0.20
272 -0.11
273 -0.06
274 -0.26
275 -0.10
276 -0.16
277 0.08
278 0.14
279 0.18
280 0.22
281 0.06
282 -0.17
283 -0.14
284 -0.15
285 -0.14
286 0.09
287 -0.14
288 -0.12
289 0.01
290 0.05
291 -0.19
292 0.05
293 -0.15
294 -0.06
295 -0.17
296 -0.02
297 0.16
298 -0.13
299 0.13
300 -0.20
301 -0.13
302 -0.18
303 0.04
304 0.06
305 -0.19
306 -0.20
307 -0.00
308 -0.16
309 0.01
310 -0.21
311 0.15
312 -0.16
313 -0.01
314 0.13
315 0.19
316 0.15
317 -0.15
318 0.29
319 0.28
320 0.02
321 0.24
322 -0.17
323 0.24
324 0.30
325 0.28
326 0.31
327 -0.12
328 0.33
329 0.33
330 -0.10
331 0.35
332 0.34
333 0.35
334 0.33
335 -0.14
336 0.30
337 0.37
338 0.37
339 -0.25
340 0.38
341 -0.23
342 0.32
343 0.37
344 0.31
345 0.39
346 0.34
347 0.10
348 -0.14
349 0.07
350 -0.16
351 -0.20
352 0.17
353 0.22
354 0.10
355 0.15
356 -0.17
357 -0.20
358 0.07
359 -0.24
360 0.05
361 0.15
362 -0.19
363 0.30
364 0.24
365 0.12
366 -0.21
367 0.27
368 -0.10
369 -0.20
370 -0.20
371 -0.12
372 0.10
373 -0.12
374 0.10
375 0.13
376 -0.22
377 -0.13
378 -0.22
379 0.01
380 0.07
381 -0.25
382 -0.25
383 -0.05
384 0.05
385 -0.14
386 0.08
387 -0.19
388 -0.05
389 -0.20
390 -0.21
391 -0.09
392 -0.14
393 -0.11
394 0.05
395 -0.18
396 -0.22
397 0.09
398 -0.05
399 0.07
400 0.05
401 -0.31
402 0.20
403 0.26
404 0.06
405 0.20
406 0.30
407 0.27
408 0.32
409 0.05
410 0.17
411 0.23
412 0.09
413 0.32
414 0.09
415 0.33
416 0.22
417 0.36
418 -0.15
419 0.36
420 -0.16
421 0.17
422 0.15
423 0.06
424 0.05
425 -0.14
426 -0.19
427 0.16
428 0.36
429 0.23
430 0.21
431 0.13
432 -0.08
433 0.27
434 -0.15
435 -0.16
436 0.26
437 0.03
438 0.18
439 0.14
440 -0.01
441 0.26
442 0.26
443 0.10
444 0.12
445 -0.19
446 0.19
447 -0.10
448 0.25
449 0.17
450 0.28
451 -0.10
452 -0.17
453 0.06
454 0.32
455 0.30
456 -0.26
457 -0.18
458 0.23
459 0.19
460 0.30
461 0.32
462 0.34
463 -0.19
464 -0.25
465 -0.10
466 0.26
467 0.17
468 -0.25
469 0.21
470 -0.04
471 0.16
472 0.28
473 0.28
474 -0.13
475 -0.10
476 -0.15
477 0.25
478 0.15
479 -0.06
480 0.03
481 -0.03
482 0.25
483 -0.16
484 0.24
485 -0.13
486 0.25
487 0.03
488 0.12
489 0.17
490 0.27
491 -0.02
492 -0.19
493 -0.17
494 -0.15
495 0.05
496 -0.18
497 -0.14
498 0.07
499 -0.06
500 0.04
501 0.15
502 -0.05
503 -0.21
504 -0.13
505 0.10
506 0.16
507 0.17
508 0.16
509 0.13
510 0.21
511 0.21
512 -0.19
513 0.09
514 -0.25
515 0.09
516 -0.04
517 0.21
518 -0.14
519 -0.13
520 0.14
521 0.16
522 0.23
523 0.18
524 0.24
525 0.21
526 -0.15
527 0.27
528 -0.10
529 -0.10
530 0.21
531 0.26
532 -0.00
533 0.16
534 0.20
535 0.22
536 0.23
537 0.26
538 0.29
539 -0.08
540 -0.15
541 -0.25
542 -0.16
543 -0.05
544 0.23
545 -0.08
546 0.22
547 -0.05
548 -0.15
549 -0.23
550 0.12
551 -0.14
552 0.17
553 0.21
554 0.20
555 0.20
556 -0.10
557 0.22
558 0.23
559 -0.17
560 -0.11
561 0.26
562 -0.04
563 0.00
564 -0.12
565 0.14
566 -0.07
567 0.23
568 -0.24
569 -0.06
570 -0.19
571 0.14
572 0.12
573 -0.13
574 0.18
575 -0.09
576 -0.20
577 -0.10
578 -0.15
579 -0.05
580 -0.12
581 0.12
582 0.15
583 0.21
584 0.05
585 0.07
586 -0.15
587 -0.17
588 -0.10
589 0.14
590 -0.12
591 0.14
592 0.21
593 0.14
594 0.21
595 0.25
596 -0.21
597 0.28
598 -0.21
599 0.10
600 -0.36
601 0.40
602 -0.29
603 0.45
604 -0.38
605 -0.32
606 0.27
607 0.31
608 0.31
609 0.36
610 0.34
611 -0.28
612 0.36
613 0.36
614 -0.28
615 0.39
616 -0.24
617 -0.31
618 0.23
619 -0.25
620 0.30
621 0.18
622 0.35
623 0.42
624 0.42
625 0.42
626 0.42
627 0.41
628 0.41
629 -0.33
630 0.34
631 0.41
632 0.27
633 -0.32
634 0.21
635 0.27
636 0.21
637 0.28
638 -0.10
639 -0.21
640 0.23
641 -0.27
642 -0.01
643 0.26
644 -0.19
645 -0.16
646 -0.22
647 -0.12
648 -0.12
649 -0.12
650 0.12
651 -0.16
652 0.20
653 0.19
654 0.26
655 -0.18
656 0.25
657 -0.27
658 -0.15
659 0.17
660 0.13
661 -0.24
662 -0.14
663 0.06
664 -0.10
665 0.08
666 -0.04
667 -0.04
668 0.17
669 -0.23
670 0.09
671 0.20
672 0.15
673 -0.20
674 -0.16
675 0.18
676 0.17
677 0.18
678 -0.08
679 0.21
680 -0.14
681 0.22
682 0.15
683 0.20
684 0.20
685 0.23
686 -0.19
687 0.28
688 -0.22
689 0.26
690 -0.04
691 0.22
692 0.27
693 -0.06
694 0.26
695 -0.16
696 0.23
697 0.29
698 0.28
699 0.25
700 -0.06
701 0.10
702 0.18
703 -0.06
704 0.25
705 0.24
706 0.27
707 0.27
708 0.30
709 0.27
710 0.31
711 0.36
712 0.36
713 -0.23
714 0.34
715 0.29
716 0.23
717 -0.23
718 0.28
719 -0.08
720 -0.13
721 0.21
722 0.20
723 0.32
724 0.33
725 0.36
726 -0.12
727 -0.09
728 -0.06
729 -0.18
730 -0.07
731 0.07
732 -0.07
733 0.17
734 -0.18
735 0.18
736 -0.02
737 -0.09
738 0.15
739 -0.11
740 -0.20
741 0.25
742 -0.09
743 0.20
744 -0.11
745 -0.19
746 -0.15
747 0.03
748 0.19
749 -0.20
750 0.11
751 0.19
752 0.08
753 -0.04
754 0.21
755 0.13
756 0.22
757 -0.10
758 0.26
759 0.28
760 0.29
761 -0.20
762 0.25
763 0.29
764 -0.16
765 0.27
766 0.25
767 0.26
768 -0.10
769 0.26
770 -0.12
771 -0.10
772 -0.10
773 0.21
774 0.26
775 0.19
776 -0.05
777 0.24
778 0.27
779 -0.03
780 0.28
781 0.19
782 0.34
783 -0.10
784 0.22
785 -0.14
786 0.23
787 -0.14
788 -0.17
789 0.25
790 0.22
791 0.25
792 -0.08
793 0.30
794 -0.13
795 0.29
796 -0.07
797 0.30
798 0.33
799 0.32
800 0.44
801 0.03
802 -0.38
803 -0.22
804 0.44
805 0.41
806 -0.23
807 0.36
808 -0.22
809 -0.23
810 -0.07
811 -0.06
812 0.12
813 -0.18
814 -0.06
815 0.08
816 0.11
817 0.14
818 0.12
819 -0.24
820 0.17
821 -0.16
822 -0.11
823 0.12
824 0.10
825 -0.03
826 0.02
827 -0.19
828 0.13
829 0.06
830 -0.05
831 -0.16
832 -0.09
833 0.07
834 -0.14
835 -0.02
836 -0.02
837 -0.14
838 -0.03
839 -0.10
840 -0.17
841 -0.12
842 -0.04
843 0.01
844 -0.22
845 -0.10
846 -0.04
847 -0.13
848 -0.22
849 -0.08
850 -0.15
851 -0.13
852 -0.07
853 -0.07
854 -0.13
855 -0.15
856 -0.05
857 -0.06
858 -0.03
859 -0.03
860 -0.04
861 0.04
862 -0.14
863 -0.19
864 -0.02
865 -0.02
866 -0.21
867 0.02
868 0.04
869 -0.11
870 0.04
871 -0.20
872 -0.14
873 0.02
874 -0.15
875 0.02
876 0.02
877 0.04
878 0.00
879 0.04
880 -0.19
881 -0.10
882 0.07
883 0.01
884 0.03
885 -0.16
886 0.08
887 0.11
888 -0.01
889 0.08
890 -0.17
891 -0.00
892 -0.16
893 -0.14
894 0.02
895 0.07
896 0.05
897 0.04
898 -0.19
899 -0.15
900 -0.19
901 0.05
902 -0.09
903 -0.03
904 -0.06
905 -0.20
906 -0.00
907 0.04
908 -0.09
909 -0.19
910 -0.14
911 -0.03
912 -0.18
913 -0.08
914 -0.23
915 0.05
916 -0.07
917 0.03
918 -0.07
919 -0.05
920 0.02
921 0.01
922 0.12
923 -0.19
924 0.06
925 0.06
926 -0.12
927 -0.09
928 -0.18
929 -0.10
930 -0.19
931 -0.16
932 -0.10
933 -0.16
934 -0.21
935 -0.05
936 -0.06
937 -0.04
938 -0.09
939 0.11
940 -0.20
941 -0.09
942 -0.04
943 -0.00
944 0.12
945 -0.07
946 -0.07
947 0.11
948 -0.10
949 -0.18
950 -0.16
951 -0.01
952 0.10
953 0.05
954 0.08
955 0.15
956 -0.16
957 -0.09
958 -0.13
959 0.03
960 0.07
961 -0.19
962 0.12
963 0.11
964 0.10
965 0.13
966 -0.14
967 -0.15
968 -0.00
969 0.08
970 0.11
971 0.13
972 0.15
973 0.14
974 -0.10
975 0.09
976 -0.12
977 0.15
978 0.15
979 -0.16
980 -0.12
981 -0.07
982 0.12
983 -0.15
984 0.13
985 -0.08
986 0.13
987 0.15
988 0.16
989 0.07
990 0.16
991 0.18
992 0.18
993 -0.04
994 -0.03
995 0.13
996 -0.14
997 0.20
998 -0.12
999 0.03
1000 0.06
1001 -0.03
1002 0.18
1003 0.26
1004 0.26
1005 0.23
1006 0.36
1007 0.07
1008 0.08
1009 0.38
1010 0.41
1011 -0.27
1012 0.05
1013 0.03
1014 0.03
1015 0.31
1016 0.05
1017 0.03
1018 0.01
1019 0.23
1020 -0.11
1021 -0.08
1022 -0.06
1023 -0.08
1024 -0.06
1025 -0.03
1026 0.00
1027 0.11
1028 -0.07
1029 -0.03
1030 -0.14
1031 0.13
1032 -0.21
1033 -0.17
1034 -0.13
1035 0.07
1036 -0.15
1037 -0.23
1038 -0.06
1039 -0.22
1040 -0.11
1041 -0.05
1042 -0.05
1043 0.07
1044 0.01
1045 -0.12
1046 -0.16
1047 0.11
1048 -0.22
1049 0.17
1050 -0.14
1051 0.09
1052 0.23
1053 0.13
1054 0.07
1055 -0.12
1056 -0.15
1057 -0.09
1058 0.17
1059 0.07
1060 0.23
1061 0.24
1062 0.26
1063 0.16
1064 0.20
1065 -0.18
1066 -0.14
1067 -0.11
1068 -0.10
1069 0.19
1070 -0.12
1071 0.17
1072 0.27
1073 -0.14
1074 -0.13
1075 0.19
1076 -0.01
1077 0.19
1078 -0.04
1079 -0.06
1080 0.21
1081 -0.14
1082 -0.01
1083 0.25
1084 0.27
1085 0.26
1086 0.01
1087 0.29
1088 0.19
1089 0.04
1090 0.26
1091 0.29
1092 -0.10
1093 0.30
1094 0.31
1095 -0.08
1096 -0.12
1097 0.35
1098 -0.10
1099 -0.06
1100 -0.09
1101 0.25
1102 -0.02
1103 0.28
1104 0.25
1105 -0.07
1106 0.22
1107 -0.08
1108 0.23
1109 0.22
1110 0.07
1111 -0.02
1112 0.12
1113 0.30
1114 0.10
1115 -0.12
1116 -0.05
1117 0.07
1118 0.06
1119 -0.06
1120 0.16
1121 0.29
1122 0.29
1123 0.34
1124 -0.05
1125 0.30
1126 0.34
1127 -0.07
1128 -0.10
1129 0.15
1130 -0.04
1131 -0.07
1132 0.22
1133 0.00
1134 0.19
1135 0.08
1136 -0.04
1137 -0.02
1138 0.15
1139 0.17
1140 0.23
1141 0.25
1142 0.25
1143 0.32
1144 0.27
1145 -0.08
1146 -0.01
1147 0.22
1148 -0.07
1149 0.27
1150 0.23
1151 0.12
1152 0.26
1153 0.12
1154 0.30
1155 0.24
1156 0.13
1157 -0.18
1158 0.04
1159 0.08
1160 -0.13
1161 -0.02
1162 0.03
1163 0.24
1164 -0.01
1165 0.25
1166 0.19
1167 -0.02
1168 -0.04
1169 0.06
1170 0.01
1171 0.26
1172 0.22
1173 -0.11
1174 -0.09
1175 0.22
1176 -0.04
1177 0.25
1178 -0.01
1179 -0.09
1180 -0.09
1181 0.21
1182 0.23
1183 0.26
1184 0.28
1185 0.27
1186 0.29
1187 0.02
1188 0.28
1189 0.19
1190 -0.04
1191 0.01
1192 0.01
1193 0.25
1194 0.19
1195 -0.08
1196 0.13
1197 -0.05
1198 0.06
1199 -0.03
1200 0.39
1201 0.38
1202 0.15
1203 0.32
1204 0.21
1205 0.13
1206 0.15
1207 -0.05
1208 0.11
1209 0.22
1210 0.27
1211 0.25
1212 0.24
1213 0.03
1214 0.09
1215 0.11
1216 0.15
1217 0.19
1218 0.09
1219 0.16
1220 0.09
1221 -0.09
1222 0.17
1223 0.11
1224 -0.05
1225 0.06
1226 0.00
1227 0.08
1228 0.06
1229 0.15
1230 0.16
1231 0.12
1232 0.20
1233 0.27
1234 0.10
1235 0.09
1236 0.08
1237 0.17
1238 0.25
1239 -0.05
1240 0.23
1241 0.07
1242 0.21
1243 0.19
1244 0.14
1245 0.22
1246 0.29
1247 0.25
1248 0.23
1249 0.31
1250 0.06
1251 0.22
1252 0.27
1253 0.07
1254 0.25
1255 0.20
1256 0.09
1257 0.03
1258 0.20
1259 -0.06
1260 0.21
1261 0.21
1262 0.13
1263 -0.08
1264 0.19
1265 0.16
1266 0.23
1267 0.17
1268 0.19
1269 0.06
1270 0.21
1271 0.08
1272 0.13
1273 0.20
1274 -0.09
1275 0.20
1276 0.03
1277 -0.13
1278 0.05
1279 0.12
1280 0.25
1281 0.25
1282 0.05
1283 0.19
1284 0.06
1285 0.03
1286 0.22
1287 0.25
1288 0.29
1289 0.28
1290 0.33
1291 0.31
1292 0.04
1293 0.35
1294 0.35
1295 0.38
1296 0.37
1297 0.02
1298 0.30
1299 0.34
1300 0.03
1301 0.01
1302 0.09
1303 0.15
1304 -0.08
1305 0.13
1306 0.30
1307 0.27
1308 0.08
1309 0.21
1310 0.28
1311 0.11
1312 -0.01
1313 0.24
1314 -0.08
1315 0.24
1316 0.32
1317 0.32
1318 0.31
1319 0.34
1320 0.02
1321 0.31
1322 0.32
1323 0.25
1324 -0.07
1325 0.19
1326 0.29
1327 0.17
1328 -0.05
1329 0.04
1330 0.01
1331 0.11
1332 0.07
1333 0.25
1334 0.29
1335 0.32
1336 0.26
1337 0.35
1338 -0.00
1339 0.34
1340 0.15
1341 0.33
1342 0.07
1343 0.33
1344 0.24
1345 0.11
1346 0.09
1347 0.23
1348 -0.01
1349 -0.02
1350 0.24
1351 0.30
1352 0.33
1353 0.05
1354 0.32
1355 0.00
1356 0.30
1357 0.18
1358 -0.06
1359 0.18
1360 0.13
1361 -0.12
1362 0.28
1363 0.29
1364 0.33
1365 0.02
1366 0.17
1367 0.33
1368 0.35
1369 0.34
1370 0.13
1371 -0.12
1372 0.12
1373 0.19
1374 -0.21
1375 -0.06
1376 0.23
1377 0.22
1378 0.18
1379 0.25
1380 0.22
1381 0.27
1382 -0.03
1383 0.28
1384 -0.11
1385 0.03
1386 0.21
1387 0.19
1388 0.06
1389 0.24
1390 0.26
1391 0.31
1392 0.09
1393 0.33
1394 0.18
1395 0.29
1396 0.04
1397 0.33
1398 0.06
1399 0.37
1400 -0.28
1401 0.36
1402 0.03
1403 0.16
1404 0.17
1405 0.38
1406 0.14
1407 0.29
1408 0.32
1409 0.33
1410 0.29
1411 0.18
1412 0.19
1413 0.08
1414 0.34
1415 0.34
1416 0.25
1417 -0.11
1418 0.24
1419 0.27
1420 0.27
1421 0.11
1422 0.10
1423 -0.03
1424 0.20
1425 0.20
1426 0.24
1427 0.27
1428 0.19
1429 0.22
1430 0.19
1431 0.16
1432 0.17
1433 0.16
1434 0.23
1435 0.08
1436 0.21
1437 0.12
1438 0.29
1439 0.15
1440 0.21
1441 0.15
1442 0.19
1443 0.25
1444 0.24
1445 0.07
1446 0.20
1447 0.33
1448 0.27
1449 0.29
1450 -0.01
1451 0.28
1452 0.06
1453 0.13
1454 0.28
1455 0.12
1456 0.26
1457 0.25
1458 0.15
1459 0.24
1460 0.18
1461 0.27
1462 0.24
1463 0.26
1464 0.10
1465 0.21
1466 -0.16
1467 0.13
1468 0.10
1469 0.21
1470 0.19
1471 0.22
1472 -0.17
1473 0.24
1474 0.13
1475 0.18
1476 0.25
1477 0.28
1478 0.38
1479 0.22
1480 0.33
1481 0.21
1482 0.34
1483 0.25
1484 0.29
1485 0.22
1486 0.26
1487 0.02
1488 -0.03
1489 0.06
1490 -0.06
1491 0.19
1492 0.16
1493 0.10
1494 0.17
1495 0.18
1496 0.28
1497 0.17
1498 0.24
1499 0.21
1500 0.24
1501 0.08
1502 0.17
1503 0.21
1504 0.19
1505 0.28
1506 0.24
1507 0.22
1508 0.24
1509 0.19
1510 0.22
1511 0.29
1512 0.16
1513 0.28
1514 0.16
1515 0.13
1516 0.16
1517 -0.10
1518 0.08
1519 0.24
1520 0.16
1521 0.28
1522 0.20
1523 0.21
1524 0.35
1525 0.31
1526 0.32
1527 0.26
1528 0.25
1529 0.18
1530 0.17
1531 0.35
1532 0.27
1533 0.34
1534 0.33
1535 0.04
1536 0.16
1537 0.17
1538 0.24
1539 0.24
1540 0.27
1541 0.07
1542 0.12
1543 0.21
1544 0.08
1545 0.18
1546 0.24
1547 0.16
1548 0.02
1549 0.21
1550 0.25
1551 0.27
1552 0.16
1553 0.30
1554 0.28
1555 0.04
1556 0.17
1557 0.20
1558 0.32
1559 0.26
1560 0.34
1561 0.29
1562 0.17
1563 0.37
1564 0.13
1565 -0.02
1566 0.18
1567 0.35
1568 0.14
1569 0.20
1570 0.19
1571 0.17
1572 0.23
1573 0.20
1574 0.33
1575 0.31
1576 0.18
1577 0.32
1578 0.17
1579 0.32
1580 0.23
1581 0.17
1582 0.21
1583 0.25
1584 0.25
1585 0.11
1586 0.21
1587 0.22
1588 0.21
1589 0.23
1590 0.23
1591 0.35
1592 0.24
1593 0.19
1594 0.16
1595 0.22
1596 0.30
1597 0.26
1598 0.25
1599 0.29
1600 0.38
1601 0.35
1602 0.42
1603 0.42
1604 0.38
1605 0.34
1606 0.42
1607 0.40
1608 0.37
1609 0.34
1610 0.08
1611 -0.33
1612 0.36
1613 0.25
1614 0.31
1615 0.31
1616 0.08
1617 0.24
1618 0.19
1619 0.13
1620 0.18
1621 0.11
1622 0.06
1623 0.10
1624 0.20
1625 0.20
1626 0.21
1627 0.16
1628 0.27
1629 0.32
1630 0.31
1631 0.20
1632 0.09
1633 -0.01
1634 0.16
1635 0.11
1636 0.02
1637 0.21
1638 0.11
1639 0.20
1640 -0.02
1641 0.27
1642 0.27
1643 0.16
1644 0.20
1645 0.15
1646 0.28
1647 0.22
1648 0.23
1649 0.10
1650 0.26
1651 0.24
1652 0.20
1653 0.25
1654 0.10
1655 0.22
1656 0.27
1657 0.26
1658 0.04
1659 0.05
1660 0.17
1661 0.27
1662 0.01
1663 0.08
1664 0.15
1665 0.10
1666 0.18
1667 0.20
1668 0.17
1669 0.23
1670 0.14
1671 0.18
1672 0.31
1673 0.15
1674 0.23
1675 0.27
1676 0.35
1677 0.38
1678 0.42
1679 0.41
1680 0.08
1681 0.37
1682 0.38
1683 0.42
1684 0.42
1685 0.43
1686 0.04
1687 0.43
1688 0.44
1689 0.44
1690 0.07
1691 0.44
1692 0.44
1693 0.43
1694 0.15
1695 0.04
1696 0.41
1697 0.14
1698 0.19
1699 0.17
1700 0.22
1701 0.16
1702 0.11
1703 0.32
1704 0.13
1705 0.10
1706 0.28
1707 0.02
1708 0.29
1709 0.31
1710 0.12
1711 0.26
1712 0.35
1713 0.40
1714 0.22
1715 0.10
1716 0.15
1717 0.03
1718 0.11
1719 0.20
1720 0.20
1721 0.12
1722 0.27
1723 0.01
1724 0.18
1725 0.33
1726 0.30
1727 0.11
1728 -0.05
1729 0.31
1730 0.13
1731 0.25
1732 0.35
1733 0.40
1734 0.38
1735 0.12
1736 0.38
1737 0.19
1738 0.19
1739 0.27
1740 0.41
1741 0.14
1742 0.11
1743 0.40
1744 0.40
1745 0.32
1746 0.39
1747 0.04
1748 0.41
1749 -0.04
1750 0.15
1751 0.14
1752 0.29
1753 0.33
1754 0.07
1755 0.20
1756 0.20
1757 0.23
1758 0.28
1759 0.21
1760 0.34
1761 0.03
1762 0.32
1763 0.33
1764 0.31
1765 0.32
1766 0.39
1767 0.40
1768 0.30
1769 0.32
1770 0.16
1771 0.31
1772 0.00
1773 0.31
1774 0.30
1775 0.27
1776 0.36
1777 0.29
1778 0.28
1779 0.16
1780 0.32
1781 0.34
1782 0.17
1783 0.14
1784 0.34
1785 0.37
1786 0.10
1787 0.23
1788 0.43
1789 0.39
1790 0.19
1791 -0.27
1792 0.36
1793 0.09
1794 0.30
1795 0.30
1796 0.35
1797 0.35
1798 -0.25
1799 0.25
1800 0.41
1801 0.44
1802 0.30
1803 -0.19
1804 0.34
1805 0.27
1806 0.34
1807 0.29
1808 0.35
1809 0.05
1810 0.29
1811 0.28
1812 0.41
1813 0.33
1814 0.39
1815 0.40
1816 0.33
1817 0.44
1818 0.22
1819 0.42
1820 0.44
1821 0.40
1822 0.15
1823 0.40
1824 0.14
1825 0.30
1826 0.16
1827 0.26
1828 0.31
1829 0.38
1830 0.34
1831 -0.01
1832 0.29
1833 0.19
1834 0.25
1835 0.31
1836 0.03
1837 0.34
1838 0.30
1839 0.13
1840 0.26
1841 0.23
1842 0.14
1843 0.28
1844 0.32
1845 0.32
1846 0.23
1847 0.05
1848 0.17
1849 -0.29
1850 0.23
1851 0.28
1852 0.18
1853 0.27
1854 0.39
1855 0.23
1856 0.24
1857 0.14
1858 0.36
1859 0.34
1860 0.18
1861 0.41
1862 0.05
1863 0.39
1864 0.24
1865 0.41
1866 0.42
1867 0.23
1868 0.40
1869 0.42
1870 0.38
1871 0.35
1872 -0.02
1873 0.33
1874 0.32
1875 0.16
1876 0.21
1877 0.34
1878 0.06
1879 0.09
1880 0.34
1881 0.26
1882 0.28
1883 0.08
1884 0.21
1885 0.28
1886 0.28
1887 0.05
1888 0.17
1889 0.21
1890 0.34
1891 0.29
1892 0.23
1893 0.38
1894 0.29
1895 0.28
1896 0.33
1897 0.06
1898 0.29
1899 0.20
1900 0.17
1901 0.36
1902 0.26
1903 -0.02
1904 0.29
1905 0.12
1906 0.27
1907 0.39
1908 0.07
1909 -0.06
1910 0.17
1911 0.28
1912 0.23
1913 0.04
1914 0.22
1915 0.21
1916 0.18
1917 0.33
1918 0.26
1919 0.31
1920 0.26
1921 0.35
1922 0.24
1923 0.30
1924 0.15
1925 0.13
1926 0.18
1927 0.25
1928 0.26
1929 0.28
1930 0.35
1931 0.33
1932 0.15
1933 0.22
1934 0.32
1935 0.22
1936 0.27
1937 0.27
1938 0.34
1939 0.39
1940 0.17
1941 0.16
1942 0.24
1943 0.33
1944 0.28
1945 0.23
1946 0.33
1947 0.15
1948 0.34
1949 0.20
1950 0.31
1951 0.12
1952 0.33
1953 0.16
1954 0.34
1955 0.26
1956 0.28
1957 0.32
1958 0.29
1959 0.32
1960 0.38
1961 0.19
1962 0.26
1963 0.35
1964 0.29
1965 0.29
1966 0.29
1967 0.21
1968 0.23
1969 0.19
1970 0.19
1971 0.34
1972 0.11
1973 0.33
1974 0.39
1975 0.15
1976 0.42
1977 0.31
1978 0.34
1979 0.08
1980 0.29
1981 0.25
1982 0.34
1983 0.24
1984 0.32
1985 0.40
1986 0.38
1987 0.37
1988 0.38
1989 0.41
1990 0.38
1991 0.23
1992 0.10
1993 0.09
1994 0.31
1995 0.09
1996 0.37
1997 0.36
1998 0.14
1999 0.28
2000 0.22
2001 -0.00
2002 0.14
2003 0.37
2004 0.23
2005 0.35
2006 0.12
2007 0.38
2008 0.37
2009 0.32
2010 0.27
2011 0.41
2012 0.39
2013 0.23
2014 0.38
2015 0.37
2016 0.32
2017 0.08
2018 0.16
2019 0.39
2020 0.26
2021 0.34
2022 0.31
2023 0.22
2024 0.13
2025 0.07
2026 0.32
2027 0.19
2028 0.34
2029 0.34
2030 0.20
2031 0.33
2032 0.11
2033 0.21
2034 0.29
2035 0.30
2036 0.18
2037 0.20
2038 0.32
2039 0.32
2040 0.24
2041 0.27
2042 0.36
2043 0.31
2044 0.25
2045 0.25
2046 0.15
2047 0.07
2048 0.17
2049 0.11
2050 0.07
2051 0.34
2052 0.14
2053 0.29
2054 0.34
2055 0.27
2056 0.38
2057 0.18
2058 0.31
2059 0.34
2060 0.12
2061 0.15
2062 0.25
2063 0.31
2064 0.34
2065 0.32
2066 0.37
2067 0.20
2068 0.18
2069 0.26
2070 0.29
2071 0.16
2072 0.19
2073 0.20
2074 0.35
2075 0.38
2076 0.07
2077 0.33
2078 0.31
2079 0.29
2080 0.29
2081 -0.04
2082 0.31
2083 0.34
2084 0.25
2085 0.17
2086 0.35
2087 0.32
2088 0.21
2089 0.29
2090 0.32
2091 0.30
2092 0.18
2093 0.37
2094 0.12
2095 0.37
2096 0.15
2097 0.22
2098 -0.23
2099 0.35
2100 0.34
2101 0.04
2102 0.18
2103 0.10
2104 0.24
2105 0.13
2106 0.28
2107 0.03
2108 0.26
2109 0.29
2110 0.17
2111 0.25
2112 0.02
2113 0.28
2114 -0.15
2115 -0.01
2116 0.28
2117 0.06
2118 0.21
2119 0.12
2120 0.13
2121 0.20
2122 0.31
2123 0.16
2124 0.02
2125 0.32
2126 0.24
2127 0.30
2128 -0.09
2129 0.23
2130 0.12
2131 0.21
2132 0.20
2133 0.20
2134 0.27
2135 0.32
2136 0.31
2137 0.28
2138 0.17
2139 0.03
2140 0.22
2141 -0.11
2142 0.18
2143 0.21
2144 0.11
2145 0.20
2146 -0.03
2147 0.24
2148 0.20
2149 0.18
2150 0.30
2151 0.25
2152 0.22
2153 0.13
2154 0.21
2155 0.17
2156 0.21
2157 0.25
2158 0.28
2159 0.15
2160 0.26
2161 -0.17
2162 0.20
2163 -0.12
2164 0.21
2165 0.05
2166 0.14
2167 0.09
2168 0.24
2169 0.24
2170 0.20
2171 0.12
2172 0.15
2173 0.24
2174 0.16
2175 0.26
2176 0.20
2177 0.29
2178 0.22
2179 0.11
2180 0.28
2181 0.18
2182 0.15
2183 0.28
2184 0.08
2185 0.29
2186 0.25
2187 0.19
2188 0.17
2189 0.19
2190 0.20
2191 0.28
2192 0.24
2193 0.25
2194 0.28
2195 0.14
2196 0.34
2197 0.34
2198 0.28
2199 0.34
2200 0.36
2201 0.39
2202 0.36
2203 0.44
2204 0.41
2205 0.44
2206 -0.17
2207 0.39
2208 0.44
2209 0.28
2210 0.40
2211 -0.12
2212 0.32
2213 0.40
2214 0.40
2215 0.21
2216 0.44
2217 0.44
2218 0.25
2219 0.40
2220 0.30
2221 0.38
2222 0.08
2223 0.35
2224 0.36
2225 0.18
2226 0.11
2227 0.37
2228 0.36
2229 0.38
2230 0.42
2231 0.36
2232 0.40
2233 0.36
2234 0.39
2235 0.36
2236 0.10
2237 0.33
2238 0.36
2239 0.28
2240 0.07
2241 0.32
2242 0.33
2243 0.27
2244 0.23
2245 0.32
2246 0.26
2247 0.32
2248 0.38
2249 0.02
2250 0.15
2251 -0.09
2252 0.26
2253 -0.05
2254 -0.01
2255 0.09
2256 0.16
2257 0.17
2258 0.11
2259 0.11
2260 0.12
2261 0.23
2262 0.20
2263 0.15
2264 0.17
2265 0.28
2266 0.22
2267 0.18
2268 0.17
2269 0.05
2270 0.20
2271 0.19
2272 0.18
2273 -0.04
2274 0.23
2275 0.25
2276 0.19
2277 0.23
2278 0.04
2279 0.14
2280 0.16
2281 0.06
2282 0.13
2283 0.26
2284 0.10
2285 0.02
2286 0.18
2287 0.18
2288 0.20
2289 0.25
2290 0.27
2291 0.32
2292 0.10
2293 0.31
2294 0.16
2295 0.24
2296 0.08
2297 0.21
2298 0.12
2299 0.14
2300 0.27
2301 0.16
2302 0.16
2303 0.21
2304 0.28
2305 0.32
2306 0.30
2307 0.23
2308 0.23
2309 0.19
2310 0.28
2311 -0.01
2312 0.32
2313 0.23
2314 0.23
2315 -0.02
2316 0.27
2317 -0.02
2318 0.29
2319 0.25
2320 0.23
2321 0.25
2322 0.31
2323 0.31
2324 0.33
2325 0.15
2326 0.30
2327 0.15
2328 0.33
2329 0.21
2330 0.35
2331 0.19
2332 -0.20
2333 0.30
2334 0.38
2335 0.17
2336 0.32
2337 0.25
2338 0.13
2339 0.33
2340 0.06
2341 0.32
2342 0.32
2343 0.18
2344 0.32
2345 0.12
2346 0.27
2347 0.33
2348 0.16
2349 0.18
2350 0.32
2351 0.29
2352 0.33
2353 0.21
2354 0.37
2355 0.14
2356 0.24
2357 0.31
2358 0.33
2359 0.40
2360 0.29
2361 0.31
2362 0.30
2363 0.27
2364 0.33
2365 -0.04
2366 0.31
2367 0.33
2368 0.18
2369 0.29
2370 0.22
2371 0.36
2372 0.30
2373 0.42
2374 0.06
2375 0.32
2376 0.28
2377 0.30
2378 0.16
2379 0.23
2380 0.31
2381 0.39
2382 0.11
2383 0.30
2384 0.29
2385 0.05
2386 0.37
2387 0.37
2388 0.02
2389 0.39
2390 0.23
2391 0.32
2392 0.35
2393 0.37
2394 0.20
2395 0.22
2396 0.19
2397 0.30
2398 0.28
2399 0.15
2400 0.01
2401 0.23
2402 0.34
2403 0.38
2404 0.33
2405 0.14
2406 0.14
2407 0.08
2408 -0.05
2409 0.11
2410 0.01
2411 0.13
2412 0.23
2413 0.04
2414 0.15
2415 0.10
2416 -0.10
2417 0.12
2418 0.18
2419 -0.07
2420 -0.01
2421 0.17
2422 0.17
2423 0.12
2424 0.11
2425 0.13
2426 0.22
2427 0.10
2428 0.30
2429 0.18
2430 0.24
2431 0.23
2432 0.15
2433 0.14
2434 0.14
2435 0.22
2436 0.16
2437 0.28
2438 0.35
2439 0.35
2440 -0.06
2441 0.13
2442 0.23
2443 0.05
2444 0.28
2445 0.25
2446 0.28
2447 0.15
2448 0.12
2449 0.13
2450 0.30
2451 0.27
2452 0.09
2453 0.29
2454 0.20
2455 0.17
2456 0.12
2457 0.27
2458 0.35
2459 0.26
2460 0.27
2461 0.27
2462 0.41
2463 0.34
2464 0.25
2465 0.42
2466 0.20
2467 0.42
2468 0.28
2469 0.22
2470 0.35
2471 0.32
2472 0.29
2473 0.40
2474 0.29
2475 0.40
2476 0.34
2477 0.23
2478 0.38
2479 0.32
2480 0.36
2481 0.40
2482 0.39
2483 0.21
2484 0.35
2485 0.34
2486 0.22
2487 0.41
2488 0.42
2489 0.37
2490 0.41
2491 0.16
2492 0.35
2493 0.16
2494 0.37
2495 0.32
2496 0.23
2497 0.24
2498 0.21
2499 0.37
2500 -0.28
2501 0.18
2502 0.33
2503 0.22
2504 0.24
2505 0.13
2506 0.40
2507 0.34
2508 0.30
2509 -0.04
2510 0.25
2511 0.35
2512 0.41
2513 0.38
2514 0.35
2515 0.32
2516 0.04
2517 0.28
2518 0.34
2519 0.22
2520 0.33
2521 0.38
2522 0.24
2523 0.41
2524 0.34
2525 0.36
2526 0.38
2527 0.43
2528 0.31
2529 0.13
2530 0.40
2531 0.31
2532 0.37
2533 0.10
2534 0.40
2535 0.27
2536 0.31
2537 0.37
2538 0.16
2539 0.34
2540 0.21
2541 0.28
2542 0.16
2543 0.26
2544 0.32
2545 0.10
2546 -0.04
2547 0.20
2548 0.30
2549 0.36
2550 0.26
2551 0.35
2552 0.30
2553 0.08
2554 0.30
2555 0.37
2556 0.30
2557 0.23
2558 0.31
2559 0.25
2560 0.39
2561 0.33
2562 0.30
2563 0.16
2564 0.32
2565 0.32
2566 0.21
2567 0.39
2568 0.12
2569 0.27
2570 0.31
2571 0.32
2572 0.22
2573 0.30
2574 0.35
2575 0.21
2576 0.39
2577 0.25
2578 0.37
2579 0.38
2580 0.21
2581 0.29
2582 0.31
2583 0.38
2584 0.40
2585 0.34
2586 0.38
2587 0.27
2588 0.40
2589 0.40
2590 0.33
2591 0.37
2592 0.27
2593 0.19
2594 0.34
2595 -0.27
2596 0.31
2597 0.19
2598 0.35
2599 0.38
2600 0.38
2601 0.33
2602 0.25
2603 0.25
2604 0.26
2605 0.33
2606 0.40
2607 0.36
2608 0.30
2609 0.36
2610 0.26
2611 0.29
2612 0.36
2613 0.28
2614 0.18
2615 0.11
2616 0.24
2617 0.30
2618 0.24
2619 0.35
2620 0.03
2621 0.26
2622 0.27
2623 0.27
2624 0.31
2625 0.15
2626 0.25
2627 0.12
2628 0.28
2629 0.31
2630 0.04
2631 0.29
2632 0.10
2633 0.32
2634 0.33
2635 0.37
2636 0.35
2637 0.27
2638 0.25
2639 0.22
2640 0.35
2641 0.28
2642 0.34
2643 0.36
2644 0.12
2645 0.39
2646 0.30
2647 0.19
2648 0.36
2649 0.34
2650 0.37
2651 0.33
2652 0.42
2653 0.34
2654 0.25
2655 -0.21
2656 0.10
2657 0.29
2658 0.08
2659 0.19
2660 0.31
2661 0.32
2662 0.31
2663 0.14
2664 0.27
2665 0.16
2666 0.13
2667 0.21
2668 0.19
2669 0.19
2670 0.24
2671 0.25
2672 0.33
2673 0.35
2674 0.33
2675 0.24
2676 0.11
2677 0.25
2678 0.07
2679 0.35
2680 0.32
2681 0.41
2682 0.15
2683 0.27
2684 0.15
2685 0.22
2686 0.28
2687 0.31
2688 0.22
2689 0.28
2690 0.13
2691 0.21
2692 0.23
2693 0.30
2694 0.22
2695 0.27
2696 0.27
2697 0.28
2698 0.07
2699 0.20
2700 0.20
2701 0.27
2702 0.33
2703 0.29
2704 0.34
2705 0.34
2706 0.28
2707 -0.23
2708 0.31
2709 0.41
2710 0.36
2711 0.25
2712 -0.01
2713 0.03
2714 0.22
2715 0.27
2716 0.30
2717 0.35
2718 0.38
2719 0.36
2720 0.35
2721 0.22
2722 0.39
2723 0.34
2724 0.40
2725 0.40
2726 0.30
2727 0.28
2728 0.09
2729 0.42
2730 0.39
2731 0.38
2732 -0.20
2733 0.29
2734 0.25
2735 0.26
2736 0.35
2737 0.16
2738 0.28
2739 0.31
2740 0.37
2741 0.31
2742 0.24
2743 0.24
2744 0.27
2745 0.27
2746 0.11
2747 0.30
2748 0.29
2749 0.29
2750 0.25
2751 0.28
2752 0.22
2753 0.03
2754 0.34
2755 0.24
2756 0.36
2757 0.30
2758 0.37
2759 0.32
2760 0.31
2761 0.40
2762 0.17
2763 0.38
2764 0.32
2765 0.33
2766 0.40
2767 0.30
2768 0.26
2769 0.06
2770 0.08
2771 0.14
2772 0.05
2773 0.26
2774 0.02
2775 0.24
2776 0.20
2777 0.16
2778 0.29
2779 0.21
2780 0.34
2781 0.25
2782 -0.06
2783 0.20
2784 0.27
2785 0.27
2786 0.27
2787 0.31
2788 0.12
2789 0.32
2790 0.37
2791 0.37
2792 0.34
2793 0.17
2794 0.23
2795 0.32
2796 0.32
2797 0.15
2798 0.33
2799 0.28
2800 0.46
2801 0.33
2802 0.35
2803 -0.19
2804 0.43
2805 0.37
2806 0.25
2807 0.33
2808 0.42
2809 0.44
2810 0.39
2811 -0.13
2812 0.37
2813 -0.15
2814 0.34
2815 0.28
2816 -0.04
2817 0.24
2818 0.21
2819 0.30
2820 0.28
2821 0.30
2822 0.11
2823 0.33
2824 0.32
2825 -0.04
2826 0.35
2827 -0.01
2828 0.22
2829 0.04
2830 0.23
2831 0.33
2832 0.35
2833 0.36
2834 0.36
2835 0.36
2836 0.32
2837 0.35
2838 0.29
2839 0.39
2840 0.36
2841 0.25
2842 0.37
2843 0.06
2844 0.38
2845 0.08
2846 0.25
2847 0.37
2848 0.24
2849 0.23
2850 0.16
2851 0.22
2852 -0.12
2853 0.30
2854 0.28
2855 0.34
2856 0.39
2857 0.40
2858 0.38
2859 0.27
2860 0.31
2861 0.33
2862 0.39
2863 0.12
2864 0.30
2865 0.31
2866 0.38
2867 0.29
2868 0.31
2869 -0.13
2870 0.19
2871 -0.11
2872 0.25
2873 0.28
2874 0.19
2875 0.20
2876 0.34
2877 0.25
2878 0.33
2879 0.23
2880 0.40
2881 0.35
2882 0.39
2883 0.42
2884 0.41
2885 0.15
2886 0.02
2887 0.34
2888 0.43
2889 0.44
2890 0.38
2891 0.13
2892 -0.04
2893 0.39
2894 0.35
2895 0.12
2896 0.39
2897 -0.02
2898 0.34
2899 -0.14
2900 0.21
2901 0.31
2902 0.26
2903 0.31
2904 0.25
2905 0.39
2906 0.27
2907 0.33
2908 0.40
2909 0.36
2910 0.37
2911 0.38
2912 0.42
2913 0.36
2914 0.42
2915 0.33
2916 0.10
2917 0.37
2918 0.40
2919 0.24
2920 0.25
2921 0.34
2922 0.40
2923 0.32
2924 0.37
2925 -0.27
2926 0.26
2927 0.13
2928 0.25
2929 0.30
2930 0.29
2931 0.39
2932 0.33
2933 0.34
2934 0.18
2935 0.41
2936 0.38
2937 0.43
2938 0.43
2939 0.42
2940 0.39
2941 0.43
2942 0.19
2943 0.46
2944 0.41
2945 0.28
2946 0.43
2947 -0.02
2948 0.35
2949 0.38
2950 0.43
2951 0.24
2952 0.35
2953 0.39
2954 0.29
2955 0.38
2956 0.36
2957 0.35
2958 0.31
2959 0.39
2960 0.37
2961 0.36
2962 -0.07
2963 0.33
2964 0.20
2965 0.32
2966 0.07
2967 0.29
2968 0.24
2969 0.34
2970 0.35
2971 0.07
2972 0.31
2973 0.28
2974 0.28
2975 0.22
2976 0.31
2977 0.29
2978 0.32
2979 0.32
2980 0.27
2981 0.27
2982 0.23
2983 0.37
2984 -0.07
2985 0.12
2986 0.29
2987 0.37
2988 0.23
2989 0.42
2990 0.29
2991 0.42
2992 0.37
2993 0.32
2994 0.04
2995 0.22
2996 0.35
2997 0.31
2998 0.21
2999 0.32
