0 0.22
30 0.22
60 0.22
90 0.22
120 0.22
150 0.22
180 0.26
210 0.33
240 0.33
270 0.33
300 0.33
330 0.33
360 0.33
390 0.26
420 0.22
450 0.22
480 0.22
510 0.22
540 0.22
570 0.22
600 0.30
630 0.30
660 0.30
690 0.30
720 0.30
750 0.30
780 0.31
810 0.31
840 0.31
870 0.31
900 0.31
930 0.31
960 0.31
990 0.37
1020 0.40
1050 0.40
1080 0.40
1110 0.40
1140 0.40
1170 0.40
1200 -0.22
1230 -0.22
1260 -0.22
1290 -0.22
1320 -0.22
1350 -0.22
1380 -0.01
1410 0.40
1440 0.40
1470 0.40
1500 0.40
1530 0.40
1560 0.40
1590 0.40
1620 0.40
1650 0.40
1680 0.40
1710 0.40
1740 0.40
1770 0.40
1800 0.29
1830 0.29
1860 0.29
1890 0.29
1920 0.29
1950 0.29
1980 0.32
2010 0.39
2040 0.39
2070 0.39
2100 0.39
2130 0.39
2160 0.39
2190 0.37
2220 0.35
2250 0.35
2280 0.35
2310 0.35
2340 0.35
2370 0.35
2400 0.36
2430 0.36
2460 0.36
2490 0.36
2520 0.36
2550 0.36
2580 0.34
2610 0.32
2640 0.32
2670 0.32
2700 0.32
2730 0.32
2760 0.32
2790 0.34
2820 0.36
2850 0.36
2880 0.36
2910 0.36
2940 0.36
2970 0.36
