0 -0.15
1 -0.18
2 -0.20
3 -0.20
4 -0.16
5 -0.13
6 -0.16
7 -0.11
8 -0.06
9 -0.11
10 -0.04
11 -0.14
12 -0.21
13 -0.08
14 -0.19
15 -0.03
16 -0.18
17 -0.15
18 -0.12
19 -0.18
20 -0.09
21 -0.14
22 -0.04
23 -0.17
24 -0.21
25 -0.17
26 -0.05
27 -0.14
28 -0.15
29 -0.16
30 -0.14
31 -0.11
32 -0.14
33 -0.18
34 -0.19
35 -0.13
36 -0.10
37 -0.06
38 -0.14
39 -0.13
40 -0.11
41 -0.15
42 -0.06
43 -0.12
44 -0.16
45 -0.07
46 -0.15
47 -0.10
48 -0.02
49 -0.14
50 -0.05
51 -0.03
52 -0.10
53 -0.07
54 -0.19
55 -0.09
56 -0.09
57 -0.16
58 0.00
59 -0.16
60 -0.04
61 0.05
62 -0.16
63 -0.17
64 0.01
65 -0.08
66 -0.22
67 0.04
68 -0.06
69 -0.12
70 0.02
71 0.03
72 0.05
73 0.03
74 0.06
75 0.08
76 0.06
77 -0.13
78 0.09
79 0.06
80 -0.23
81 -0.22
82 -0.26
83 -0.18
84 -0.22
85 -0.02
86 -0.20
87 -0.03
88 -0.17
89 -0.00
90 0.00
91 0.06
92 0.09
93 0.09
94 -0.25
95 -0.17
96 -0.03
97 0.03
98 0.04
99 0.05
100 0.05
101 0.09
102 -0.06
103 -0.25
104 -0.21
105 0.11
106 0.01
107 -0.11
108 -0.10
109 0.02
110 0.02
111 0.06
112 0.12
113 0.12
114 -0.20
115 0.09
116 -0.22
117 0.09
118 0.19
119 -0.18
120 -0.16
121 0.07
122 0.08
123 -0.05
124 0.11
125 -0.18
126 -0.10
127 0.07
128 0.02
129 0.10
130 -0.23
131 -0.23
132 0.07
133 -0.12
134 -0.23
135 -0.13
136 -0.05
137 0.07
138 -0.15
139 -0.12
140 -0.11
141 -0.18
142 -0.00
143 0.02
144 -0.16
145 -0.20
146 -0.01
147 -0.01
148 0.03
149 0.06
150 -0.12
151 0.05
152 -0.23
153 -0.22
154 0.02
155 -0.16
156 -0.01
157 0.05
158 0.01
159 0.07
160 0.06
161 0.04
162 -0.18
163 0.08
164 -0.14
165 0.07
166 0.04
167 -0.16
168 0.06
169 -0.19
170 -0.07
171 0.01
172 -0.17
173 -0.05
174 -0.17
175 -0.07
176 -0.19
177 -0.21
178 -0.00
179 -0.12
180 -0.02
181 -0.17
182 0.01
183 -0.05
184 -0.04
185 0.03
186 -0.19
187 -0.16
188 -0.19
189 0.01
190 0.03
191 0.00
192 0.07
193 0.06
194 0.02
195 0.00
196 0.05
197 -0.14
198 0.03
199 0.06
200 0.09
201 -0.12
202 -0.19
203 -0.19
204 -0.13
205 -0.14
206 0.01
207 -0.16
208 -0.19
209 -0.15
210 -0.13
211 -0.20
212 -0.14
213 -0.06
214 -0.09
215 -0.13
216 -0.21
217 -0.04
218 -0.04
219 0.01
220 -0.17
221 0.01
222 0.05
223 -0.14
224 -0.10
225 -0.15
226 0.05
227 0.01
228 0.05
229 -0.19
230 -0.01
231 0.07
232 -0.13
233 0.00
234 -0.13
235 -0.14
236 0.00
237 -0.21
238 0.06
239 -0.04
240 -0.16
241 -0.17
242 -0.18
243 0.00
244 0.01
245 0.00
246 0.02
247 0.09
248 -0.17
249 0.06
250 0.08
251 -0.17
252 0.04
253 -0.15
254 -0.16
255 -0.10
256 0.03
257 0.01
258 -0.22
259 -0.08
260 0.02
261 -0.18
262 -0.01
263 0.04
264 0.05
265 -0.01
266 -0.14
267 -0.18
268 -0.17
269 0.05
270 -0.06
271 0.06
272 -0.05
273 -0.19
274 -0.09
275 -0.18
276 -0.09
277 -0.12
278 -0.10
279 -0.10
280 -0.01
281 -0.15
282 0.00
283 -0.20
284 0.00
285 0.04
286 0.06
287 0.06
288 0.01
289 -0.10
290 0.02
291 0.07
292 0.03
293 0.03
294 -0.15
295 -0.07
296 -0.20
297 0.00
298 0.06
299 0.07
300 -0.19
301 0.07
302 0.07
303 0.07
304 0.03
305 0.07
306 0.08
307 -0.10
308 -0.14
309 0.12
310 -0.19
311 0.05
312 -0.05
313 0.09
314 -0.19
315 0.08
316 -0.11
317 0.09
318 0.13
319 -0.17
320 -0.08
321 -0.16
322 0.10
323 0.03
324 -0.05
325 0.06
326 -0.17
327 0.06
328 0.15
329 0.14
330 -0.01
331 -0.21
332 0.16
333 -0.13
334 0.10
335 -0.13
336 -0.16
337 0.02
338 -0.25
339 -0.16
340 -0.19
341 -0.10
342 -0.20
343 -0.03
344 -0.19
345 0.01
346 -0.04
347 -0.14
348 0.01
349 -0.18
350 -0.14
351 -0.11
352 0.06
353 -0.01
354 -0.20
355 -0.14
356 0.03
357 -0.05
358 -0.23
359 -0.12
360 0.01
361 -0.21
362 -0.22
363 -0.07
364 -0.13
365 -0.04
366 -0.05
367 -0.15
368 -0.14
369 -0.11
370 -0.16
371 -0.16
372 -0.03
373 -0.03
374 -0.12
375 -0.06
376 -0.08
377 -0.05
378 -0.14
379 -0.16
380 -0.10
381 -0.19
382 -0.16
383 -0.12
384 -0.15
385 -0.15
386 -0.13
387 -0.05
388 -0.04
389 -0.08
390 -0.14
391 0.01
392 -0.12
393 -0.03
394 -0.10
395 -0.01
396 -0.19
397 -0.05
398 -0.10
399 -0.08
400 -0.03
401 0.05
402 -0.13
403 -0.15
404 0.02
405 0.04
406 -0.19
407 0.05
408 -0.10
409 -0.09
410 -0.18
411 -0.23
412 -0.03
413 -0.14
414 0.01
415 -0.03
416 -0.19
417 -0.06
418 -0.12
419 -0.14
420 0.01
421 -0.15
422 -0.15
423 -0.04
424 -0.13
425 -0.14
426 -0.01
427 -0.19
428 -0.14
429 -0.13
430 -0.09
431 -0.16
432 -0.12
433 0.02
434 -0.21
435 0.03
436 -0.16
437 -0.11
438 0.02
439 0.03
440 -0.15
441 0.01
442 -0.19
443 0.05
444 -0.04
445 0.08
446 0.02
447 0.08
448 -0.13
449 0.11
450 0.04
451 0.05
452 0.10
453 0.07
454 -0.15
455 0.06
456 0.01
457 0.03
458 0.10
459 -0.17
460 -0.14
461 -0.19
462 0.05
463 -0.23
464 0.07
465 0.09
466 -0.16
467 0.08
468 0.09
469 -0.07
470 -0.15
471 0.05
472 -0.17
473 0.10
474 -0.01
475 0.10
476 0.08
477 0.01
478 -0.09
479 -0.03
480 0.05
481 0.12
482 0.15
483 0.15
484 0.05
485 0.05
486 -0.12
487 -0.14
488 -0.14
489 0.03
490 -0.11
491 -0.15
492 -0.07
493 0.07
494 0.07
495 -0.08
496 0.10
497 0.08
498 -0.12
499 -0.13
500 -0.17
501 -0.25
502 0.07
503 0.12
504 -0.14
505 -0.25
506 0.02
507 -0.05
508 0.06
509 0.11
510 0.15
511 -0.16
512 -0.11
513 -0.19
514 0.03
515 -0.13
516 0.06
517 0.08
518 0.11
519 0.08
520 0.11
521 0.03
522 -0.13
523 0.14
524 0.08
525 0.23
526 0.24
527 0.23
528 -0.02
529 0.17
530 -0.19
531 0.13
532 0.18
533 -0.23
534 0.19
535 -0.24
536 0.16
537 0.19
538 0.12
539 0.24
540 -0.18
541 -0.10
542 -0.17
543 -0.23
544 -0.17
545 -0.02
546 -0.00
547 -0.20
548 0.03
549 0.04
550 0.13
551 0.14
552 0.14
553 -0.21
554 -0.18
555 -0.14
556 -0.13
557 -0.01
558 0.06
559 0.01
560 -0.07
561 0.10
562 0.16
563 -0.20
564 0.08
565 0.11
566 0.18
567 0.14
568 0.16
569 -0.09
570 0.21
571 0.01
572 0.19
573 0.17
574 0.26
575 -0.19
576 0.26
577 0.02
578 0.01
579 -0.21
580 -0.16
581 0.09
582 0.16
583 0.15
584 0.20
585 -0.14
586 0.17
587 0.24
588 0.26
589 0.20
590 -0.21
591 -0.15
592 0.25
593 -0.21
594 -0.18
595 -0.17
596 0.15
597 0.22
598 -0.15
599 -0.14
600 0.18
601 0.17
602 0.07
603 0.20
604 -0.03
605 0.13
606 0.27
607 0.21
608 -0.23
609 0.05
610 -0.15
611 0.27
612 -0.21
613 -0.09
614 0.14
615 0.25
616 0.23
617 -0.15
618 -0.14
619 0.22
620 0.22
621 -0.21
622 0.24
623 0.26
624 -0.18
625 0.28
626 -0.12
627 0.10
628 0.30
629 0.31
630 0.18
631 0.31
632 0.28
633 0.28
634 -0.08
635 -0.22
636 -0.12
637 -0.16
638 0.23
639 -0.16
640 0.05
641 -0.22
642 -0.11
643 0.04
644 -0.20
645 -0.18
646 0.01
647 -0.14
648 -0.17
649 0.11
650 0.06
651 0.14
652 -0.17
653 0.11
654 -0.07
655 -0.12
656 0.07
657 0.00
658 0.20
659 0.19
660 0.22
661 -0.12
662 0.22
663 -0.09
664 0.09
665 0.25
666 -0.10
667 -0.04
668 -0.17
669 -0.11
670 0.18
671 -0.08
672 0.20
673 -0.22
674 -0.02
675 0.14
676 0.11
677 -0.15
678 0.16
679 0.20
680 0.07
681 -0.10
682 0.21
683 -0.05
684 0.24
685 0.25
686 0.26
687 0.25
688 -0.15
689 0.18
690 0.26
691 -0.17
692 0.18
693 -0.19
694 -0.10
695 -0.13
696 -0.14
697 0.06
698 0.12
699 0.06
700 0.18
701 -0.08
702 -0.18
703 0.18
704 0.14
705 0.15
706 0.24
707 0.18
708 0.24
709 -0.15
710 -0.23
711 -0.14
712 0.09
713 0.04
714 0.20
715 0.19
716 -0.16
717 -0.13
718 0.09
719 0.23
720 0.18
721 0.27
722 0.24
723 -0.10
724 -0.13
725 -0.03
726 0.23
727 0.26
728 0.25
729 0.05
730 0.28
731 -0.06
732 0.27
733 0.22
734 0.28
735 0.28
736 0.22
737 0.24
738 -0.14
739 0.10
740 -0.21
741 -0.04
742 0.14
743 0.04
744 0.24
745 0.25
746 0.03
747 -0.11
748 -0.15
749 0.17
750 0.03
751 0.15
752 0.12
753 0.02
754 0.17
755 -0.20
756 -0.16
757 0.10
758 0.00
759 -0.06
760 0.21
761 -0.16
762 0.15
763 0.20
764 -0.14
765 -0.14
766 0.01
767 -0.12
768 0.12
769 -0.08
770 -0.05
771 0.05
772 0.09
773 0.14
774 0.04
775 0.15
776 0.24
777 0.24
778 -0.18
779 0.25
780 -0.13
781 -0.10
782 -0.15
783 -0.12
784 -0.19
785 -0.18
786 0.11
787 0.11
788 -0.12
789 -0.09
790 -0.08
791 0.11
792 0.12
793 -0.07
794 0.17
795 -0.06
796 -0.13
797 -0.04
798 0.10
799 0.17
800 -0.09
801 0.12
802 0.24
803 0.05
804 0.20
805 -0.12
806 0.11
807 -0.12
808 -0.16
809 0.19
810 0.11
811 -0.10
812 -0.09
813 0.24
814 0.23
815 0.23
816 0.24
817 -0.01
818 0.28
819 -0.17
820 -0.12
821 0.18
822 -0.06
823 0.20
824 -0.17
825 0.16
826 0.23
827 0.22
828 -0.04
829 -0.14
830 0.20
831 0.06
832 0.22
833 -0.06
834 0.13
835 -0.08
836 -0.12
837 -0.11
838 0.06
839 -0.03
840 -0.13
841 -0.20
842 -0.11
843 -0.07
844 -0.02
845 0.00
846 0.06
847 -0.06
848 -0.08
849 0.03
850 -0.09
851 -0.03
852 -0.15
853 -0.14
854 -0.07
855 -0.05
856 -0.04
857 0.07
858 0.14
859 0.09
860 0.15
861 -0.18
862 0.12
863 -0.16
864 -0.08
865 0.15
866 0.18
867 0.19
868 -0.12
869 -0.12
870 0.20
871 -0.01
872 -0.05
873 -0.15
874 0.09
875 0.16
876 -0.01
877 -0.03
878 -0.04
879 -0.05
880 -0.12
881 0.17
882 -0.05
883 0.13
884 -0.04
885 -0.16
886 -0.06
887 -0.06
888 0.06
889 0.15
890 -0.25
891 0.11
892 0.08
893 0.08
894 0.17
895 -0.06
896 -0.02
897 -0.20
898 0.15
899 -0.03
900 0.11
901 0.22
902 0.24
903 -0.18
904 -0.13
905 0.23
906 -0.10
907 0.06
908 0.25
909 -0.07
910 0.23
911 0.19
912 -0.14
913 -0.08
914 0.17
915 0.27
916 -0.15
917 0.22
918 0.16
919 -0.15
920 0.19
921 0.27
922 0.28
923 0.22
924 0.06
925 -0.19
926 0.28
927 -0.16
928 -0.17
929 -0.05
930 0.19
931 0.16
932 0.07
933 -0.00
934 0.03
935 -0.22
936 0.04
937 -0.04
938 0.15
939 -0.17
940 -0.20
941 -0.13
942 0.05
943 -0.25
944 0.11
945 0.20
946 -0.17
947 0.22
948 0.13
949 -0.06
950 -0.09
951 0.14
952 0.23
953 0.20
954 0.20
955 0.03
956 -0.17
957 -0.14
958 0.15
959 0.20
960 -0.12
961 -0.16
962 -0.16
963 0.06
964 0.17
965 0.24
966 -0.04
967 0.24
968 -0.06
969 0.25
970 -0.08
971 -0.17
972 -0.03
973 -0.13
974 0.22
975 0.12
976 -0.04
977 -0.06
978 -0.01
979 0.21
980 0.20
981 -0.01
982 -0.13
983 0.08
984 0.21
985 -0.25
986 0.22
987 0.23
988 0.21
989 -0.04
990 -0.06
991 -0.17
992 0.18
993 0.24
994 0.24
995 0.02
996 0.25
997 0.15
998 0.28
999 0.24
1000 0.49
1001 0.49
1002 0.36
1003 -0.14
1004 0.41
1005 0.47
1006 0.45
1007 0.47
1008 -0.09
1009 0.38
1010 0.45
1011 -0.21
1012 0.22
1013 -0.22
1014 0.38
1015 0.05
1016 0.44
1017 -0.11
1018 0.28
1019 0.33
1020 -0.14
1021 0.05
1022 -0.15
1023 -0.13
1024 0.05
1025 0.07
1026 -0.14
1027 -0.23
1028 -0.03
1029 -0.20
1030 -0.09
1031 -0.06
1032 -0.15
1033 -0.06
1034 0.03
1035 0.09
1036 0.08
1037 -0.25
1038 0.03
1039 -0.10
1040 0.01
1041 0.07
1042 -0.04
1043 -0.15
1044 0.11
1045 0.10
1046 -0.15
1047 0.16
1048 0.19
1049 -0.15
1050 -0.06
1051 0.11
1052 -0.04
1053 0.19
1054 0.12
1055 -0.16
1056 0.05
1057 -0.20
1058 -0.05
1059 -0.01
1060 -0.17
1061 0.03
1062 -0.17
1063 0.05
1064 -0.04
1065 -0.12
1066 -0.13
1067 -0.08
1068 -0.02
1069 0.06
1070 0.02
1071 0.08
1072 0.07
1073 0.05
1074 0.12
1075 0.14
1076 -0.24
1077 0.14
1078 -0.06
1079 -0.15
1080 -0.16
1081 0.04
1082 0.11
1083 -0.19
1084 0.07
1085 0.09
1086 -0.21
1087 0.02
1088 -0.24
1089 0.08
1090 -0.10
1091 -0.22
1092 -0.05
1093 -0.10
1094 -0.03
1095 0.05
1096 0.06
1097 -0.24
1098 0.05
1099 0.07
1100 0.10
1101 -0.15
1102 0.05
1103 -0.10
1104 -0.01
1105 -0.03
1106 0.14
1107 0.05
1108 0.14
1109 -0.22
1110 -0.02
1111 -0.10
1112 -0.19
1113 -0.01
1114 -0.09
1115 0.08
1116 -0.04
1117 -0.30
1118 0.15
1119 0.04
1120 0.03
1121 0.11
1122 -0.09
1123 0.09
1124 -0.17
1125 0.20
1126 -0.16
1127 -0.07
1128 0.16
1129 -0.18
1130 -0.17
1131 -0.14
1132 0.04
1133 -0.06
1134 0.13
1135 0.21
1136 0.22
1137 0.23
1138 -0.13
1139 0.22
1140 0.21
1141 0.23
1142 0.24
1143 -0.15
1144 0.23
1145 0.25
1146 0.28
1147 -0.06
1148 -0.18
1149 -0.18
1150 -0.10
1151 0.19
1152 -0.27
1153 0.24
1154 0.26
1155 -0.11
1156 0.20
1157 -0.17
1158 0.22
1159 0.24
1160 0.26
1161 0.27
1162 -0.12
1163 -0.11
1164 -0.12
1165 0.17
1166 0.13
1167 -0.02
1168 -0.09
1169 0.08
1170 0.17
1171 0.18
1172 -0.16
1173 -0.18
1174 -0.10
1175 -0.14
1176 -0.01
1177 -0.04
1178 -0.05
1179 0.05
1180 -0.02
1181 -0.03
1182 0.09
1183 0.14
1184 0.06
1185 -0.21
1186 -0.14
1187 -0.11
1188 -0.12
1189 0.07
1190 0.09
1191 -0.17
1192 0.04
1193 -0.16
1194 0.03
1195 0.06
1196 -0.12
1197 0.04
1198 -0.12
1199 0.02
1200 -0.09
1201 -0.12
1202 -0.10
1203 -0.11
1204 -0.11
1205 -0.16
1206 -0.09
1207 -0.06
1208 0.00
1209 -0.11
1210 -0.11
1211 0.07
1212 0.08
1213 0.14
1214 -0.21
1215 0.13
1216 -0.14
1217 -0.15
1218 -0.10
1219 0.02
1220 -0.12
1221 0.02
1222 -0.13
1223 -0.15
1224 -0.10
1225 -0.11
1226 -0.11
1227 -0.14
1228 0.02
1229 0.01
1230 -0.02
1231 -0.13
1232 -0.14
1233 0.02
1234 -0.15
1235 -0.05
1236 0.05
1237 -0.07
1238 -0.06
1239 -0.01
1240 0.09
1241 -0.11
1242 -0.17
1243 0.12
1244 -0.14
1245 0.05
1246 0.08
1247 -0.09
1248 -0.10
1249 -0.03
1250 0.02
1251 -0.12
1252 -0.13
1253 -0.01
1254 0.10
1255 0.16
1256 -0.08
1257 -0.19
1258 -0.07
1259 0.10
1260 0.10
1261 -0.06
1262 0.16
1263 0.15
1264 -0.09
1265 0.11
1266 -0.01
1267 0.16
1268 0.13
1269 0.19
1270 0.20
1271 -0.05
1272 -0.10
1273 -0.10
1274 0.03
1275 -0.03
1276 -0.10
1277 0.03
1278 -0.15
1279 0.12
1280 0.14
1281 0.05
1282 0.15
1283 -0.08
1284 -0.02
1285 0.14
1286 0.21
1287 0.24
1288 -0.03
1289 -0.10
1290 -0.08
1291 -0.10
1292 0.06
1293 -0.20
1294 0.05
1295 0.12
1296 -0.18
1297 -0.16
1298 -0.09
1299 0.08
1300 0.08
1301 0.16
1302 0.02
1303 0.17
1304 -0.12
1305 0.02
1306 0.04
1307 -0.05
1308 0.20
1309 0.14
1310 -0.17
1311 -0.11
1312 -0.04
1313 0.04
1314 0.14
1315 0.23
1316 0.26
1317 -0.08
1318 0.29
1319 0.07
1320 -0.07
1321 0.29
1322 0.27
1323 0.27
1324 0.22
1325 0.31
1326 0.03
1327 0.27
1328 -0.07
1329 -0.09
1330 -0.12
1331 0.25
1332 -0.13
1333 -0.15
1334 0.14
1335 0.25
1336 -0.09
1337 0.24
1338 0.27
1339 0.31
1340 0.26
1341 -0.06
1342 -0.01
1343 0.30
1344 0.34
1345 -0.11
1346 0.03
1347 0.25
1348 0.24
1349 -0.13
1350 -0.29
1351 -0.06
1352 -0.03
1353 0.20
1354 -0.21
1355 -0.15
1356 0.04
1357 -0.09
1358 0.18
1359 -0.18
1360 -0.17
1361 -0.02
1362 -0.00
1363 -0.11
1364 -0.21
1365 0.10
1366 0.14
1367 -0.11
1368 -0.03
1369 0.18
1370 -0.24
1371 -0.15
1372 -0.06
1373 -0.11
1374 0.09
1375 -0.21
1376 0.13
1377 0.12
1378 0.21
1379 0.17
1380 -0.25
1381 0.24
1382 0.22
1383 -0.24
1384 -0.16
1385 0.13
1386 0.22
1387 0.20
1388 -0.11
1389 0.26
1390 -0.12
1391 -0.02
1392 0.02
1393 -0.11
1394 0.06
1395 -0.16
1396 -0.05
1397 -0.11
1398 -0.07
1399 -0.10
1400 0.06
1401 0.07
1402 0.04
1403 -0.16
1404 0.09
1405 0.15
1406 0.15
1407 0.24
1408 -0.08
1409 0.19
1410 0.20
1411 -0.16
1412 0.15
1413 -0.30
1414 -0.16
1415 -0.15
1416 0.01
1417 -0.05
1418 0.09
1419 -0.05
1420 -0.17
1421 -0.01
1422 -0.04
1423 0.11
1424 -0.08
1425 0.07
1426 -0.03
1427 0.23
1428 -0.05
1429 0.16
1430 -0.13
1431 0.21
1432 0.20
1433 0.00
1434 0.07
1435 0.25
1436 0.21
1437 0.21
1438 0.28
1439 -0.05
1440 0.19
1441 0.17
1442 0.14
1443 0.20
1444 0.28
1445 -0.04
1446 -0.03
1447 0.20
1448 -0.07
1449 0.24
1450 0.10
1451 -0.09
1452 -0.17
1453 -0.16
1454 -0.08
1455 -0.06
1456 -0.16
1457 0.11
1458 0.13
1459 0.20
1460 -0.20
1461 0.14
1462 -0.13
1463 -0.10
1464 0.01
1465 -0.07
1466 0.09
1467 -0.20
1468 -0.07
1469 0.15
1470 -0.04
1471 -0.15
1472 0.17
1473 0.26
1474 0.20
1475 0.25
1476 0.30
1477 0.03
1478 0.26
1479 0.29
1480 -0.15
1481 -0.15
1482 -0.20
1483 0.17
1484 0.23
1485 -0.07
1486 0.20
1487 0.22
1488 0.01
1489 -0.16
1490 0.21
1491 -0.15
1492 0.22
1493 0.02
1494 -0.01
1495 -0.14
1496 0.13
1497 -0.04
1498 -0.07
1499 -0.07
1500 0.39
1501 -0.12
1502 -0.17
1503 0.37
1504 0.39
1505 -0.25
1506 0.06
1507 -0.14
1508 0.07
1509 0.09
1510 0.01
1511 0.06
1512 0.26
1513 0.25
1514 0.34
1515 0.32
1516 0.34
1517 -0.06
1518 0.33
1519 -0.20
1520 0.20
1521 -0.19
1522 0.08
1523 0.24
1524 0.08
1525 0.03
1526 0.01
1527 0.09
1528 -0.03
1529 0.01
1530 0.12
1531 -0.22
1532 0.07
1533 -0.15
1534 -0.09
1535 -0.12
1536 -0.08
1537 0.05
1538 0.12
1539 -0.12
1540 0.12
1541 -0.17
1542 0.14
1543 -0.13
1544 0.18
1545 -0.02
1546 -0.18
1547 0.05
1548 0.21
1549 -0.16
1550 0.13
1551 0.14
1552 0.17
1553 0.07
1554 -0.03
1555 0.02
1556 -0.16
1557 -0.16
1558 0.13
1559 -0.06
1560 0.20
1561 0.01
1562 0.06
1563 0.16
1564 0.04
1565 -0.05
1566 -0.05
1567 0.05
1568 0.20
1569 0.04
1570 -0.15
1571 0.13
1572 0.22
1573 0.03
1574 0.06
1575 0.20
1576 -0.11
1577 -0.13
1578 0.03
1579 0.06
1580 0.20
1581 0.23
1582 -0.05
1583 0.24
1584 0.24
1585 0.31
1586 0.10
1587 0.28
1588 0.02
1589 -0.11
1590 -0.02
1591 0.03
1592 0.01
1593 0.13
1594 0.13
1595 0.17
1596 -0.02
1597 0.18
1598 0.05
1599 0.29
1600 -0.10
1601 -0.06
1602 0.08
1603 0.12
1604 0.20
1605 0.22
1606 0.11
1607 -0.01
1608 0.16
1609 -0.04
1610 -0.12
1611 0.10
1612 0.17
1613 0.20
1614 0.25
1615 0.16
1616 -0.02
1617 0.25
1618 0.00
1619 -0.20
1620 -0.06
1621 0.05
1622 0.13
1623 -0.02
1624 -0.10
1625 0.15
1626 0.08
1627 -0.07
1628 0.18
1629 0.12
1630 -0.17
1631 -0.06
1632 0.19
1633 0.05
1634 0.16
1635 0.17
1636 0.15
1637 -0.00
1638 -0.05
1639 -0.12
1640 -0.05
1641 0.12
1642 0.17
1643 0.16
1644 0.24
1645 0.15
1646 0.08
1647 0.21
1648 -0.04
1649 -0.02
1650 0.07
1651 0.11
1652 0.17
1653 0.05
1654 -0.20
1655 0.16
1656 0.12
1657 0.22
1658 0.24
1659 0.19
1660 -0.02
1661 0.27
1662 0.25
1663 0.24
1664 0.29
1665 0.29
1666 0.31
1667 -0.09
1668 0.28
1669 -0.06
1670 0.22
1671 -0.03
1672 0.03
1673 0.16
1674 0.28
1675 -0.05
1676 0.25
1677 -0.07
1678 -0.03
1679 0.17
1680 -0.06
1681 0.20
1682 -0.01
1683 -0.00
1684 -0.02
1685 0.04
1686 -0.03
1687 0.02
1688 -0.08
1689 0.12
1690 0.07
1691 0.19
1692 0.22
1693 0.19
1694 0.00
1695 -0.02
1696 0.18
1697 0.22
1698 -0.13
1699 0.00
1700 0.10
1701 -0.04
1702 0.06
1703 0.13
1704 -0.05
1705 0.03
1706 -0.05
1707 -0.14
1708 -0.02
1709 0.12
1710 0.18
1711 -0.04
1712 -0.11
1713 -0.00
1714 -0.18
1715 0.09
1716 0.13
1717 -0.05
1718 0.08
1719 0.16
1720 -0.03
1721 0.01
1722 0.06
1723 0.01
1724 0.06
1725 0.13
1726 -0.00
1727 0.06
1728 0.04
1729 0.03
1730 0.00
1731 -0.11
1732 0.11
1733 0.10
1734 0.06
1735 0.18
1736 0.11
1737 -0.05
1738 0.00
1739 -0.06
1740 0.08
1741 0.07
1742 0.07
1743 0.18
1744 0.24
1745 -0.00
1746 0.09
1747 0.23
1748 0.27
1749 0.23
1750 0.01
1751 0.21
1752 -0.18
1753 0.05
1754 0.19
1755 0.23
1756 -0.01
1757 0.22
1758 0.27
1759 -0.02
1760 0.24
1761 0.13
1762 0.27
1763 0.26
1764 0.26
1765 0.04
1766 -0.09
1767 0.16
1768 0.09
1769 0.07
1770 0.06
1771 0.23
1772 0.26
1773 0.01
1774 0.32
1775 -0.05
1776 -0.11
1777 0.07
1778 0.13
1779 0.14
1780 0.13
1781 0.00
1782 -0.00
1783 -0.01
1784 0.21
1785 0.18
1786 0.08
1787 0.02
1788 0.16
1789 0.08
1790 0.15
1791 -0.01
1792 0.19
1793 0.23
1794 0.09
1795 0.03
1796 -0.01
1797 -0.04
1798 0.00
1799 0.05
1800 0.07
1801 0.20
1802 0.21
1803 -0.02
1804 -0.08
1805 -0.07
1806 0.15
1807 0.07
1808 0.17
1809 -0.08
1810 0.02
1811 0.13
1812 -0.00
1813 0.07
1814 0.13
1815 0.22
1816 0.00
1817 -0.03
1818 0.15
1819 0.06
1820 0.22
1821 0.11
1822 0.14
1823 0.18
1824 0.21
1825 0.00
1826 0.19
1827 0.31
1828 0.01
1829 0.04
1830 0.17
1831 0.16
1832 0.12
1833 0.08
1834 0.22
1835 0.28
1836 0.19
1837 0.29
1838 -0.04
1839 0.25
1840 0.09
1841 0.08
1842 0.02
1843 0.12
1844 0.07
1845 -0.02
1846 0.10
1847 0.02
1848 0.12
1849 0.21
1850 -0.13
1851 -0.01
1852 0.00
1853 0.06
1854 0.08
1855 -0.14
1856 0.03
1857 0.01
1858 0.11
1859 0.13
1860 0.15
1861 -0.08
1862 0.04
1863 0.20
1864 0.23
1865 0.12
1866 0.27
1867 0.27
1868 -0.12
1869 0.18
1870 0.06
1871 0.23
1872 0.24
1873 0.22
1874 0.28
1875 0.31
1876 0.02
1877 0.28
1878 0.12
1879 0.22
1880 0.28
1881 0.06
1882 0.12
1883 0.07
1884 0.23
1885 0.28
1886 -0.01
1887 0.26
1888 0.10
1889 0.13
1890 0.03
1891 0.22
1892 0.26
1893 -0.05
1894 0.03
1895 0.03
1896 0.16
1897 -0.12
1898 0.20
1899 -0.04
1900 0.03
1901 0.06
1902 0.23
1903 0.07
1904 0.26
1905 0.01
1906 0.16
1907 0.24
1908 0.20
1909 0.09
1910 0.16
1911 0.04
1912 0.19
1913 0.22
1914 0.12
1915 0.08
1916 0.03
1917 0.24
1918 0.26
1919 -0.09
1920 0.19
1921 -0.04
1922 0.16
1923 -0.20
1924 0.09
1925 -0.03
1926 -0.02
1927 0.07
1928 0.13
1929 0.21
1930 0.17
1931 0.24
1932 0.10
1933 0.08
1934 0.19
1935 0.14
1936 0.15
1937 0.08
1938 0.19
1939 -0.16
1940 0.17
1941 0.03
1942 0.07
1943 0.22
1944 0.19
1945 0.23
1946 0.12
1947 0.30
1948 0.26
1949 0.02
1950 0.27
1951 -0.17
1952 0.06
1953 0.09
1954 0.07
1955 0.25
1956 0.00
1957 0.07
1958 0.02
1959 0.21
1960 0.06
1961 -0.06
1962 0.07
1963 0.11
1964 0.17
1965 -0.14
1966 0.02
1967 0.05
1968 -0.09
1969 0.01
1970 0.08
1971 0.08
1972 -0.02
1973 0.13
1974 0.07
1975 -0.18
1976 -0.06
1977 0.10
1978 0.14
1979 0.19
1980 -0.11
1981 0.06
1982 0.16
1983 0.04
1984 0.08
1985 0.23
1986 0.08
1987 0.05
1988 -0.01
1989 0.10
1990 0.02
1991 0.10
1992 0.01
1993 0.09
1994 0.03
1995 0.05
1996 0.16
1997 0.05
1998 0.11
1999 0.14
2000 0.06
2001 -0.10
2002 0.31
2003 -0.03
2004 0.15
2005 0.07
2006 0.28
2007 0.38
2008 0.35
2009 0.02
2010 -0.08
2011 0.01
2012 0.30
2013 0.29
2014 0.31
2015 0.35
2016 0.35
2017 0.27
2018 0.07
2019 0.07
2020 0.36
2021 0.39
2022 0.39
2023 0.06
2024 0.20
2025 0.37
2026 0.37
2027 0.40
2028 0.41
2029 -0.18
2030 0.03
2031 0.24
2032 -0.16
2033 0.11
2034 0.05
2035 0.05
2036 -0.02
2037 -0.04
2038 0.04
2039 0.03
2040 0.24
2041 0.25
2042 0.14
2043 0.13
2044 0.26
2045 0.21
2046 0.26
2047 0.06
2048 0.29
2049 0.08
2050 -0.02
2051 0.21
2052 -0.02
2053 -0.00
2054 0.09
2055 0.15
2056 0.22
2057 0.05
2058 0.11
2059 -0.00
2060 0.18
2061 -0.04
2062 0.21
2063 0.04
2064 -0.21
2065 0.00
2066 0.22
2067 -0.17
2068 0.08
2069 0.16
2070 0.21
2071 0.18
2072 0.07
2073 0.18
2074 0.19
2075 0.33
2076 0.24
2077 0.24
2078 0.15
2079 0.17
2080 0.34
2081 0.21
2082 0.36
2083 0.11
2084 0.39
2085 0.38
2086 0.18
2087 0.38
2088 0.07
2089 0.29
2090 0.04
2091 0.05
2092 0.14
2093 0.14
2094 0.21
2095 0.33
2096 0.13
2097 0.04
2098 0.12
2099 0.05
2100 -0.13
2101 0.08
2102 0.16
2103 0.18
2104 0.15
2105 0.23
2106 0.15
2107 0.33
2108 0.28
2109 -0.13
2110 0.05
2111 0.23
2112 0.29
2113 0.24
2114 0.29
2115 0.25
2116 0.06
2117 0.25
2118 0.07
2119 0.07
2120 0.24
2121 0.26
2122 -0.12
2123 -0.03
2124 0.01
2125 -0.02
2126 0.02
2127 0.03
2128 0.16
2129 0.01
2130 0.02
2131 0.09
2132 0.10
2133 0.04
2134 -0.10
2135 0.16
2136 0.02
2137 0.15
2138 0.13
2139 -0.12
2140 0.11
2141 0.15
2142 0.26
2143 0.03
2144 0.07
2145 -0.08
2146 0.20
2147 0.30
2148 0.27
2149 0.15
2150 0.33
2151 0.02
2152 0.14
2153 0.28
2154 0.35
2155 0.36
2156 0.08
2157 0.13
2158 0.08
2159 0.07
2160 -0.09
2161 0.30
2162 0.28
2163 0.29
2164 0.32
2165 0.31
2166 0.33
2167 0.34
2168 0.33
2169 0.37
2170 0.33
2171 0.36
2172 0.32
2173 0.14
2174 0.13
2175 0.35
2176 0.07
2177 0.03
2178 0.08
2179 0.37
2180 0.19
2181 0.35
2182 0.14
2183 0.24
2184 0.16
2185 0.02
2186 0.24
2187 0.08
2188 0.16
2189 0.14
2190 0.05
2191 0.16
2192 0.17
2193 -0.05
2194 0.23
2195 -0.23
2196 0.15
2197 0.25
2198 0.01
2199 0.27
2200 0.28
2201 0.30
2202 0.10
2203 0.25
2204 0.34
2205 0.28
2206 0.15
2207 0.31
2208 0.31
2209 0.01
2210 0.30
2211 0.22
2212 0.30
2213 0.02
2214 0.10
2215 0.18
2216 -0.12
2217 0.06
2218 0.27
2219 0.14
2220 0.34
2221 0.15
2222 0.13
2223 0.12
2224 0.12
2225 0.16
2226 0.11
2227 0.30
2228 0.35
2229 0.31
2230 -0.25
2231 0.34
2232 0.23
2233 0.32
2234 0.29
2235 -0.21
2236 0.36
2237 0.26
2238 0.33
2239 0.10
2240 0.39
2241 -0.23
2242 0.21
2243 0.28
2244 0.14
2245 0.08
2246 -0.09
2247 -0.10
2248 0.13
2249 0.16
2250 0.10
2251 0.34
2252 0.33
2253 0.31
2254 0.33
2255 0.09
2256 0.07
2257 0.27
2258 0.06
2259 0.09
2260 0.12
2261 0.17
2262 0.07
2263 0.11
2264 -0.12
2265 0.09
2266 0.13
2267 -0.11
2268 0.05
2269 0.11
2270 0.26
2271 0.33
2272 0.09
2273 0.31
2274 0.28
2275 0.01
2276 0.11
2277 0.24
2278 0.15
2279 0.32
2280 0.11
2281 0.27
2282 0.29
2283 0.10
2284 0.07
2285 0.18
2286 0.10
2287 0.28
2288 0.12
2289 0.22
2290 0.28
2291 0.11
2292 0.07
2293 0.13
2294 0.26
2295 0.25
2296 0.19
2297 0.29
2298 0.11
2299 0.20
2300 0.12
2301 0.11
2302 0.15
2303 0.25
2304 0.14
2305 0.15
2306 -0.06
2307 0.07
2308 0.15
2309 0.10
2310 0.16
2311 0.15
2312 0.22
2313 0.18
2314 0.23
2315 0.35
2316 0.11
2317 0.35
2318 0.37
2319 0.16
2320 0.25
2321 0.30
2322 0.19
2323 0.24
2324 -0.14
2325 0.28
2326 0.04
2327 0.30
2328 -0.09
2329 0.16
2330 -0.02
2331 0.32
2332 0.27
2333 -0.09
2334 0.19
2335 -0.00
2336 0.21
2337 0.03
2338 -0.03
2339 -0.06
2340 0.05
2341 0.24
2342 0.17
2343 0.24
2344 0.06
2345 0.05
2346 -0.00
2347 0.26
2348 0.27
2349 0.28
2350 0.31
2351 0.24
2352 -0.10
2353 0.27
2354 0.25
2355 0.16
2356 -0.02
2357 0.06
2358 0.21
2359 0.26
2360 0.31
2361 0.19
2362 0.20
2363 0.28
2364 0.12
2365 0.29
2366 0.29
2367 0.08
2368 0.17
2369 0.36
2370 0.32
2371 0.30
2372 0.15
2373 0.12
2374 -0.17
2375 0.10
2376 0.32
2377 0.36
2378 0.16
2379 0.35
2380 0.32
2381 0.09
2382 0.35
2383 0.38
2384 0.19
2385 0.14
2386 0.26
2387 0.10
2388 0.32
2389 0.06
2390 0.35
2391 0.06
2392 0.27
2393 0.08
2394 0.30
2395 0.31
2396 0.13
2397 0.34
2398 0.24
2399 0.35
2400 0.03
2401 0.11
2402 0.34
2403 0.36
2404 0.12
2405 0.06
2406 0.04
2407 0.18
2408 0.30
2409 0.28
2410 0.14
2411 0.13
2412 0.34
2413 0.36
2414 0.04
2415 0.28
2416 0.31
2417 0.27
2418 0.21
2419 0.24
2420 0.12
2421 0.21
2422 0.35
2423 0.08
2424 0.19
2425 0.13
2426 0.21
2427 0.35
2428 0.13
2429 0.36
2430 0.13
2431 0.23
2432 0.33
2433 0.09
2434 0.34
2435 -0.24
2436 0.30
2437 0.26
2438 0.36
2439 0.16
2440 0.36
2441 0.31
2442 0.32
2443 0.13
2444 0.22
2445 0.21
2446 0.17
2447 0.26
2448 0.30
2449 0.24
2450 0.31
2451 0.14
2452 0.20
2453 0.30
2454 0.16
2455 0.28
2456 0.11
2457 0.24
2458 0.32
2459 0.28
2460 0.20
2461 0.18
2462 0.06
2463 0.25
2464 0.21
2465 0.28
2466 0.09
2467 0.13
2468 0.14
2469 0.15
2470 0.30
2471 0.35
2472 0.15
2473 0.14
2474 0.06
2475 0.17
2476 0.27
2477 0.11
2478 0.30
2479 0.15
2480 0.13
2481 0.23
2482 0.19
2483 0.08
2484 0.27
2485 0.11
2486 0.28
2487 0.32
2488 0.16
2489 0.25
2490 0.28
2491 0.34
2492 0.15
2493 -0.03
2494 0.34
2495 0.10
2496 0.00
2497 0.34
2498 0.08
2499 0.11
2500 0.26
2501 0.33
2502 0.23
2503 0.28
2504 0.34
2505 0.13
2506 0.33
2507 0.29
2508 0.32
2509 0.30
2510 0.31
2511 0.32
2512 0.30
2513 0.29
2514 0.30
2515 0.32
2516 0.33
2517 0.31
2518 0.21
2519 0.35
2520 0.31
2521 0.33
2522 0.30
2523 0.31
2524 0.32
2525 0.29
2526 -0.16
2527 0.22
2528 -0.05
2529 0.21
2530 0.26
2531 0.21
2532 0.32
2533 0.30
2534 0.26
2535 -0.10
2536 0.27
2537 0.27
2538 0.22
2539 0.23
2540 0.12
2541 0.21
2542 0.24
2543 0.26
2544 0.27
2545 0.22
2546 0.33
2547 0.28
2548 0.34
2549 0.34
2550 0.36
2551 0.36
2552 0.30
2553 0.07
2554 -0.10
2555 0.25
2556 0.30
2557 0.17
2558 0.22
2559 0.24
2560 0.34
2561 0.33
2562 0.29
2563 0.05
2564 0.33
2565 0.27
2566 0.35
2567 0.19
2568 0.36
2569 0.24
2570 0.29
2571 0.32
2572 0.35
2573 0.35
2574 0.40
2575 0.23
2576 0.19
2577 0.35
2578 0.27
2579 0.30
2580 0.30
2581 0.40
2582 0.35
2583 0.04
2584 0.33
2585 0.27
2586 -0.09
2587 0.00
2588 0.21
2589 0.20
2590 0.19
2591 0.21
2592 0.28
2593 0.21
2594 0.28
2595 0.14
2596 -0.16
2597 0.26
2598 0.30
2599 0.26
2600 0.24
2601 0.31
2602 0.29
2603 0.25
2604 0.31
2605 0.23
2606 0.20
2607 0.28
2608 0.30
2609 0.20
2610 0.23
2611 0.28
2612 0.35
2613 0.20
2614 0.04
2615 0.33
2616 0.34
2617 0.16
2618 0.24
2619 0.27
2620 0.18
2621 0.16
2622 0.25
2623 0.05
2624 0.26
2625 0.22
2626 -0.07
2627 0.24
2628 0.26
2629 0.06
2630 0.15
2631 0.25
2632 0.22
2633 0.02
2634 -0.03
2635 0.09
2636 0.19
2637 0.25
2638 0.21
2639 0.24
2640 0.30
2641 0.27
2642 0.21
2643 0.20
2644 0.27
2645 0.20
2646 0.30
2647 0.31
2648 0.36
2649 0.08
2650 0.30
2651 0.35
2652 0.27
2653 0.26
2654 0.29
2655 0.37
2656 0.36
2657 0.28
2658 -0.03
2659 0.30
2660 0.20
2661 0.26
2662 0.25
2663 -0.09
2664 0.14
2665 0.30
2666 0.33
2667 0.28
2668 0.38
2669 0.01
2670 0.24
2671 0.22
2672 0.19
2673 0.08
2674 0.19
2675 0.29
2676 0.26
2677 0.35
2678 0.27
2679 0.28
2680 0.31
2681 0.26
2682 0.31
2683 0.18
2684 0.34
2685 0.37
2686 0.35
2687 -0.16
2688 0.33
2689 0.37
2690 0.24
2691 0.24
2692 0.29
2693 0.03
2694 -0.19
2695 0.22
2696 0.25
2697 0.31
2698 0.14
2699 0.21
2700 0.34
2701 0.27
2702 0.33
2703 0.36
2704 0.33
2705 0.25
2706 0.35
2707 0.36
2708 0.39
2709 0.28
2710 0.39
2711 0.28
2712 0.40
2713 0.41
2714 0.40
2715 0.32
2716 0.16
2717 0.16
2718 0.36
2719 0.35
2720 0.14
2721 0.27
2722 0.25
2723 0.34
2724 0.14
2725 0.16
2726 0.30
2727 0.32
2728 0.22
2729 0.27
2730 0.19
2731 0.22
2732 0.34
2733 0.36
2734 0.27
2735 0.36
2736 0.06
2737 0.32
2738 -0.06
2739 0.31
2740 0.34
2741 0.34
2742 0.33
2743 0.14
2744 0.30
2745 0.24
2746 0.16
2747 0.10
2748 0.29
2749 0.27
2750 0.30
2751 0.28
2752 0.30
2753 0.39
2754 0.31
2755 0.34
2756 0.30
2757 0.17
2758 0.08
2759 0.35
2760 0.34
2761 0.39
2762 0.31
2763 0.39
2764 0.01
2765 0.03
2766 0.28
2767 0.33
2768 0.31
2769 0.32
2770 0.35
2771 0.23
2772 0.33
2773 0.29
2774 0.30
2775 0.32
2776 0.30
2777 0.34
2778 0.24
2779 0.34
2780 0.30
2781 0.33
2782 0.35
2783 0.33
2784 0.36
2785 0.11
2786 0.38
2787 0.37
2788 0.11
2789 0.34
2790 0.34
2791 0.36
2792 0.27
2793 0.38
2794 0.34
2795 0.25
2796 0.23
2797 0.25
2798 0.29
2799 0.29
2800 0.35
2801 0.32
2802 0.18
2803 0.11
2804 0.31
2805 0.34
2806 0.31
2807 0.29
2808 0.28
2809 0.33
2810 0.06
2811 0.24
2812 0.32
2813 0.20
2814 0.25
2815 0.01
2816 -0.06
2817 0.03
2818 0.25
2819 0.28
2820 0.35
2821 0.37
2822 -0.23
2823 0.22
2824 0.28
2825 0.33
2826 0.23
2827 0.35
2828 0.39
2829 0.34
2830 0.23
2831 0.33
2832 0.32
2833 0.34
2834 0.39
2835 0.32
2836 0.36
2837 0.39
2838 0.18
2839 0.32
2840 0.22
2841 0.34
2842 0.36
2843 0.21
2844 0.36
2845 0.33
2846 0.29
2847 0.29
2848 0.31
2849 0.34
2850 0.33
2851 0.26
2852 0.37
2853 0.24
2854 0.30
2855 0.33
2856 0.29
2857 0.20
2858 0.28
2859 0.25
2860 0.27
2861 0.31
2862 0.28
2863 0.32
2864 0.30
2865 0.29
2866 0.37
2867 0.38
2868 0.27
2869 0.10
2870 0.37
2871 0.35
2872 0.24
2873 0.09
2874 0.18
2875 0.36
2876 0.28
2877 0.16
2878 0.35
2879 0.32
2880 0.24
2881 0.39
2882 0.17
2883 0.37
2884 0.40
2885 0.34
2886 0.20
2887 0.29
2888 0.32
2889 0.29
2890 0.34
2891 0.36
2892 0.30
2893 0.31
2894 0.34
2895 0.27
2896 0.26
2897 0.29
2898 0.28
2899 0.28
2900 0.30
2901 0.33
2902 0.36
2903 0.35
2904 0.24
2905 0.34
2906 0.24
2907 0.36
2908 0.35
2909 0.35
2910 0.30
2911 0.33
2912 0.39
2913 0.38
2914 0.16
2915 0.35
2916 0.35
2917 0.32
2918 0.37
2919 0.02
2920 0.37
2921 0.38
2922 0.28
2923 0.30
2924 0.35
2925 0.38
2926 0.26
2927 0.42
2928 0.38
2929 0.40
2930 0.37
2931 0.41
2932 0.25
2933 0.37
2934 0.31
2935 0.33
2936 0.38
2937 0.29
2938 0.24
2939 0.29
2940 0.39
2941 0.27
2942 0.38
2943 0.26
2944 0.30
2945 0.34
2946 0.42
2947 0.33
2948 0.36
2949 0.38
2950 0.38
2951 0.39
2952 0.39
2953 0.25
2954 0.30
2955 0.32
2956 0.38
2957 0.31
2958 0.31
2959 0.26
2960 0.12
2961 0.32
2962 0.32
2963 -0.04
2964 0.30
2965 0.31
2966 0.27
2967 0.26
2968 0.35
2969 0.36
2970 0.08
2971 0.32
2972 0.35
2973 0.27
2974 0.32
2975 0.34
2976 0.23
2977 0.42
2978 0.39
2979 0.11
2980 0.35
2981 0.38
2982 0.35
2983 0.38
2984 0.39
2985 0.38
2986 0.36
2987 0.30
2988 0.38
2989 0.30
2990 0.41
2991 0.41
2992 0.27
2993 0.37
2994 0.28
2995 0.26
2996 0.38
2997 0.38
2998 0.42
2999 0.39
3000 -0.01
3001 0.33
3002 0.29
3003 0.32
3004 0.33
3005 0.38
3006 0.29
3007 0.30
3008 0.26
3009 0.31
3010 0.30
3011 0.40
3012 0.29
3013 0.34
3014 0.23
3015 -0.16
3016 0.17
3017 0.28
3018 -0.06
3019 0.25
3020 -0.11
3021 0.32
3022 0.30
3023 0.28
3024 0.31
3025 -0.14
3026 0.30
3027 0.27
3028 0.29
3029 0.20
3030 0.30
3031 0.25
3032 0.34
3033 0.39
3034 0.35
3035 0.22
3036 0.17
3037 -0.15
3038 0.27
3039 0.31
3040 0.24
3041 0.31
3042 0.29
3043 0.24
3044 0.27
3045 0.30
3046 0.35
3047 0.35
3048 0.35
3049 0.29
3050 0.30
3051 0.30
3052 0.13
3053 -0.19
3054 0.18
3055 -0.00
3056 0.25
3057 0.17
3058 0.31
3059 0.32
3060 0.35
3061 0.34
3062 0.28
3063 0.35
3064 0.30
3065 0.24
3066 0.31
3067 0.31
3068 0.33
3069 0.35
3070 0.33
3071 0.34
3072 0.29
3073 0.35
3074 0.27
3075 0.32
3076 0.29
3077 0.38
3078 0.36
3079 0.32
3080 0.36
3081 0.37
3082 0.30
3083 0.33
3084 0.37
3085 0.33
3086 -0.06
3087 0.29
3088 0.26
3089 0.25
3090 0.30
3091 0.31
3092 0.32
3093 -0.10
3094 0.28
3095 0.34
3096 0.28
3097 0.30
3098 0.32
3099 0.35
3100 0.34
3101 0.37
3102 0.33
3103 0.25
3104 0.28
3105 0.31
3106 0.37
3107 0.35
3108 0.32
3109 0.29
3110 0.18
3111 0.28
3112 -0.17
3113 0.21
3114 0.18
3115 0.25
3116 0.23
3117 0.25
3118 0.25
3119 0.05
3120 0.26
3121 0.30
3122 0.29
3123 0.35
3124 0.19
3125 0.32
3126 0.30
3127 0.07
3128 -0.01
3129 0.16
3130 -0.08
3131 0.18
3132 0.23
3133 0.27
3134 -0.15
3135 0.09
3136 0.18
3137 0.21
3138 0.24
3139 0.23
3140 0.20
3141 0.25
3142 0.34
3143 0.25
3144 0.27
3145 0.27
3146 0.28
3147 0.33
3148 0.35
3149 0.32
3150 0.34
3151 0.32
3152 0.30
3153 0.18
3154 0.33
3155 0.29
3156 0.30
3157 0.38
3158 0.35
3159 0.33
3160 0.30
3161 0.16
3162 0.30
3163 -0.05
3164 0.24
3165 0.15
3166 0.22
3167 0.25
3168 0.25
3169 0.28
3170 0.33
3171 0.27
3172 0.16
3173 0.32
3174 0.32
3175 0.29
3176 0.27
3177 0.30
3178 0.29
3179 0.23
3180 0.32
3181 0.33
3182 0.29
3183 0.28
3184 0.23
3185 0.27
3186 0.29
3187 0.27
3188 0.24
3189 0.28
3190 0.29
3191 0.26
3192 -0.27
3193 0.09
3194 0.00
3195 0.22
3196 0.23
3197 0.25
3198 0.30
3199 0.20
3200 0.28
3201 0.33
3202 0.30
3203 -0.19
3204 0.29
3205 0.28
3206 0.20
3207 0.20
3208 0.24
3209 0.20
3210 0.27
3211 0.27
3212 0.26
3213 0.32
3214 0.28
3215 0.30
3216 0.14
3217 0.18
3218 0.24
3219 0.36
3220 0.27
3221 0.22
3222 0.32
3223 0.33
3224 0.38
3225 0.37
3226 0.31
3227 0.35
3228 0.28
3229 0.33
3230 0.08
3231 0.31
3232 0.33
3233 0.37
3234 0.28
3235 -0.23
3236 0.28
3237 0.37
3238 0.31
3239 0.39
3240 0.39
3241 0.30
3242 0.32
3243 0.04
3244 0.28
3245 0.23
3246 -0.19
3247 0.25
3248 0.22
3249 0.17
3250 0.26
3251 0.17
3252 0.17
3253 0.27
3254 0.30
3255 0.31
3256 0.31
3257 0.29
3258 0.32
3259 0.34
3260 0.16
3261 0.28
3262 0.19
3263 0.24
3264 0.27
3265 0.23
3266 0.25
3267 0.20
3268 -0.11
3269 0.26
3270 0.27
3271 0.29
3272 0.28
3273 0.29
3274 0.31
3275 0.14
3276 0.05
3277 0.20
3278 0.11
3279 0.21
3280 0.16
3281 0.15
3282 0.17
3283 0.30
3284 0.33
3285 0.14
3286 0.33
3287 0.36
3288 0.32
3289 -0.30
3290 0.26
3291 0.20
3292 0.27
3293 0.21
3294 0.22
3295 0.26
3296 0.25
3297 0.33
3298 0.23
3299 0.15
3300 0.31
3301 0.31
3302 0.26
3303 0.30
3304 0.37
3305 0.30
3306 0.27
3307 0.38
3308 0.35
3309 0.33
3310 0.36
3311 0.14
3312 0.29
3313 0.30
3314 0.34
3315 0.23
3316 -0.09
3317 0.27
3318 0.19
3319 0.23
3320 0.21
3321 0.31
3322 0.26
3323 0.32
3324 0.28
3325 0.10
3326 0.27
3327 0.26
3328 0.38
3329 0.34
3330 0.36
3331 0.24
3332 0.34
3333 0.35
3334 0.34
3335 0.33
3336 -0.18
3337 0.23
3338 0.35
3339 0.34
3340 0.31
3341 0.25
3342 0.21
3343 0.37
3344 0.32
3345 0.39
3346 0.38
3347 0.40
3348 0.34
3349 0.35
3350 0.35
3351 0.34
3352 0.39
3353 0.32
3354 0.33
3355 0.16
3356 0.34
3357 0.25
3358 0.22
3359 0.34
3360 0.34
3361 0.35
3362 0.21
3363 0.35
3364 0.12
3365 0.31
3366 0.32
3367 0.37
3368 0.34
3369 0.33
3370 0.29
3371 -0.01
3372 0.33
3373 0.24
3374 0.20
3375 0.22
3376 0.10
3377 0.23
3378 0.27
3379 0.16
3380 0.24
3381 0.31
3382 0.33
3383 0.16
3384 0.10
3385 0.27
3386 0.31
3387 0.22
3388 0.37
3389 0.35
3390 0.27
3391 0.34
3392 0.31
3393 0.19
3394 0.36
3395 0.28
3396 0.16
3397 0.33
3398 0.20
3399 -0.02
3400 0.34
3401 0.21
3402 0.29
3403 0.21
3404 0.32
3405 0.29
3406 0.23
3407 0.28
3408 0.39
3409 0.30
3410 0.26
3411 0.33
3412 0.36
3413 0.33
3414 0.35
3415 0.31
3416 -0.13
3417 -0.20
3418 0.27
3419 0.26
3420 -0.11
3421 0.23
3422 0.31
3423 0.27
3424 0.35
3425 0.28
3426 0.42
3427 0.32
3428 0.37
3429 0.36
3430 -0.07
3431 0.23
3432 0.35
3433 0.27
3434 0.28
3435 0.08
3436 0.27
3437 0.35
3438 0.37
3439 0.27
3440 0.20
3441 0.32
3442 0.34
3443 0.33
3444 0.34
3445 0.33
3446 0.27
3447 0.34
3448 0.33
3449 0.23
3450 0.24
3451 0.24
3452 0.14
3453 0.32
3454 0.03
3455 0.33
3456 0.32
3457 0.24
3458 0.26
3459 0.29
3460 0.29
3461 0.20
3462 -0.20
3463 0.36
3464 0.25
3465 0.23
3466 0.37
3467 0.15
3468 0.40
3469 0.33
3470 0.33
3471 0.35
3472 0.30
3473 0.35
3474 0.36
3475 0.38
3476 0.37
3477 0.36
3478 0.15
3479 0.16
3480 0.33
3481 0.33
3482 0.34
3483 0.37
3484 0.31
3485 0.39
3486 0.33
3487 0.33
3488 0.41
3489 0.40
3490 0.34
3491 0.34
3492 0.40
3493 0.25
3494 0.32
3495 0.23
3496 0.28
3497 0.32
3498 0.34
3499 0.36
3500 0.35
3501 0.39
3502 0.37
3503 0.42
3504 0.46
3505 0.42
3506 0.38
3507 0.31
3508 0.33
3509 0.30
3510 0.36
3511 0.31
3512 0.27
3513 0.35
3514 0.34
3515 0.27
3516 0.34
3517 0.40
3518 0.29
3519 0.35
3520 0.40
3521 0.42
3522 0.37
3523 0.41
3524 0.33
3525 0.09
3526 0.30
3527 0.16
3528 0.25
3529 0.30
3530 0.31
3531 0.35
3532 0.34
3533 0.30
3534 0.36
3535 0.37
3536 0.42
3537 0.21
3538 0.35
3539 0.36
3540 0.35
3541 0.38
3542 0.18
3543 0.05
3544 0.17
3545 0.37
3546 -0.22
3547 0.35
3548 0.30
3549 0.32
3550 0.26
3551 0.32
3552 0.34
3553 0.35
3554 0.19
3555 0.30
3556 0.33
3557 0.35
3558 0.24
3559 0.25
3560 0.32
3561 0.38
3562 0.33
3563 0.41
3564 0.37
3565 0.29
3566 0.39
3567 0.13
3568 0.25
3569 0.27
3570 0.28
3571 0.29
3572 0.31
3573 0.40
3574 0.07
3575 0.23
3576 0.29
3577 0.36
3578 0.35
3579 0.32
3580 0.36
3581 0.32
3582 0.29
3583 0.37
3584 0.21
3585 0.36
3586 0.25
3587 0.31
3588 0.33
3589 0.35
3590 0.26
3591 0.39
3592 -0.09
3593 0.35
3594 -0.13
3595 0.18
3596 0.20
3597 0.25
3598 0.19
3599 0.13
3600 0.20
3601 0.25
3602 0.31
3603 0.27
3604 0.22
3605 -0.15
3606 0.27
3607 0.26
3608 0.33
3609 0.36
3610 0.29
3611 0.09
3612 0.29
3613 0.37
3614 0.32
3615 0.22
3616 0.19
3617 0.02
3618 0.04
3619 0.32
3620 0.33
3621 0.26
3622 0.35
3623 0.39
3624 0.16
3625 0.28
3626 -0.23
3627 0.25
3628 0.27
3629 0.27
3630 0.25
3631 0.27
3632 0.29
3633 0.32
3634 -0.12
3635 0.34
3636 0.39
3637 0.37
3638 0.41
3639 0.24
3640 0.28
3641 0.34
3642 0.38
3643 0.38
3644 0.28
3645 0.31
3646 0.34
3647 0.30
3648 0.30
3649 0.13
3650 0.28
3651 0.35
3652 0.37
3653 0.36
3654 0.40
3655 0.29
3656 0.38
3657 0.35
3658 0.37
3659 0.17
3660 0.33
3661 0.37
3662 0.39
3663 0.20
3664 0.06
3665 0.31
3666 0.36
3667 0.35
3668 0.38
3669 0.22
3670 -0.07
3671 0.35
3672 0.39
3673 0.29
3674 0.34
3675 0.39
3676 0.39
3677 0.40
3678 0.32
3679 0.19
3680 0.38
3681 0.34
3682 0.43
3683 0.39
3684 0.34
3685 0.28
3686 0.02
3687 0.40
3688 0.36
3689 0.19
3690 0.36
3691 0.24
3692 0.31
3693 0.22
3694 0.41
3695 0.27
3696 0.35
3697 0.31
3698 0.39
3699 0.40
3700 0.25
3701 -0.17
3702 0.31
3703 0.37
3704 0.35
3705 0.37
3706 0.30
3707 0.33
3708 0.20
3709 0.33
3710 0.07
3711 0.33
3712 0.24
3713 0.30
3714 0.26
3715 0.26
3716 0.40
3717 0.34
3718 0.35
3719 0.35
3720 0.40
3721 0.31
3722 0.40
3723 0.37
3724 0.18
3725 0.28
3726 0.35
3727 0.29
3728 0.14
3729 0.34
3730 0.37
3731 0.31
3732 0.08
3733 0.29
3734 0.33
3735 0.23
3736 0.26
3737 0.32
3738 0.24
3739 0.10
3740 0.11
3741 0.34
3742 0.33
3743 0.28
3744 0.37
3745 0.34
3746 0.34
3747 0.18
3748 0.26
3749 0.26
3750 0.24
3751 0.36
3752 0.06
3753 0.27
3754 0.38
3755 0.37
3756 0.33
3757 0.09
3758 0.33
3759 -0.14
3760 0.13
3761 0.22
3762 0.34
3763 0.11
3764 0.37
3765 0.24
3766 0.24
3767 0.35
3768 0.36
3769 0.38
3770 0.30
3771 0.32
3772 0.35
3773 0.29
3774 0.37
3775 0.35
3776 0.40
3777 0.39
3778 0.37
3779 0.35
3780 0.33
3781 0.36
3782 0.17
3783 0.33
3784 0.32
3785 0.35
3786 0.17
3787 0.36
3788 0.40
3789 0.36
3790 0.33
3791 0.42
3792 0.40
3793 0.35
3794 0.36
3795 0.32
3796 0.43
3797 0.39
3798 0.33
3799 0.26
3800 0.38
3801 0.40
3802 0.42
3803 0.33
3804 0.33
3805 0.43
3806 0.40
3807 0.41
3808 0.33
3809 0.37
3810 0.34
3811 0.36
3812 0.41
3813 0.43
3814 0.43
3815 0.34
3816 0.18
3817 0.24
3818 0.32
3819 0.21
3820 0.10
3821 0.27
3822 0.30
3823 0.28
3824 0.31
3825 0.30
3826 0.31
3827 0.28
3828 0.19
3829 0.38
3830 0.42
3831 0.34
3832 0.39
3833 0.42
3834 0.38
3835 0.36
3836 0.26
3837 0.39
3838 0.11
3839 0.29
3840 0.33
3841 0.38
3842 0.34
3843 0.36
3844 0.40
3845 0.38
3846 0.26
3847 0.38
3848 0.37
3849 0.31
3850 0.32
3851 0.23
3852 0.30
3853 0.38
3854 0.41
3855 0.42
3856 0.28
3857 0.41
3858 0.30
3859 0.26
3860 0.34
3861 0.23
3862 0.27
3863 0.41
3864 0.38
3865 0.40
3866 0.38
3867 -0.15
3868 0.33
3869 0.40
3870 0.37
3871 0.28
3872 0.40
3873 0.37
3874 0.38
3875 0.39
3876 0.39
3877 0.43
3878 0.41
3879 0.39
3880 0.43
3881 0.45
3882 0.36
3883 -0.25
3884 0.38
3885 0.32
3886 -0.12
3887 0.14
3888 0.40
3889 0.42
3890 0.34
3891 0.34
3892 0.39
3893 0.41
3894 0.34
3895 0.20
3896 0.31
3897 0.32
3898 0.36
3899 0.40
3900 0.34
3901 0.41
3902 0.36
3903 0.30
3904 0.21
3905 0.41
3906 0.37
3907 0.36
3908 0.29
3909 0.41
3910 0.15
3911 0.23
3912 0.25
3913 0.35
3914 0.36
3915 0.34
3916 0.33
3917 0.40
3918 0.33
3919 0.37
3920 0.35
3921 0.32
3922 0.36
3923 0.34
3924 0.37
3925 0.39
3926 0.20
3927 0.26
3928 0.39
3929 0.39
3930 0.37
3931 0.38
3932 0.10
3933 0.39
3934 0.29
3935 0.38
3936 0.37
3937 0.32
3938 0.35
3939 0.31
3940 0.42
3941 0.35
3942 0.42
3943 0.41
3944 0.17
3945 0.28
3946 0.33
3947 0.25
3948 0.26
3949 0.34
3950 0.08
3951 0.34
3952 0.37
3953 0.37
3954 0.41
3955 0.39
3956 0.37
3957 0.38
3958 0.31
3959 0.17
3960 0.18
3961 0.28
3962 0.32
3963 0.27
3964 0.38
3965 0.39
3966 0.29
3967 0.39
3968 0.38
3969 0.41
3970 0.35
3971 0.37
3972 0.20
3973 0.39
3974 0.43
3975 0.39
3976 0.32
3977 0.13
3978 0.39
3979 0.41
3980 0.34
3981 0.37
3982 0.32
3983 0.31
3984 0.35
3985 0.38
3986 0.34
3987 0.37
3988 0.28
3989 0.27
3990 0.33
3991 0.39
3992 0.32
3993 0.27
3994 0.34
3995 0.37
3996 0.21
3997 0.28
3998 0.31
3999 0.37
4000 0.38
4001 0.37
4002 0.30
4003 0.39
4004 0.40
4005 0.44
4006 0.39
4007 0.25
4008 0.15
4009 0.32
4010 0.39
4011 0.41
4012 0.32
4013 0.31
4014 0.30
4015 0.30
4016 0.05
4017 0.38
4018 0.38
4019 0.33
4020 0.27
4021 0.37
4022 0.39
4023 0.43
4024 0.41
4025 0.41
4026 0.40
4027 0.42
4028 0.46
4029 0.44
4030 0.33
4031 0.44
4032 0.44
4033 0.13
4034 0.27
4035 0.43
4036 0.43
4037 0.42
4038 0.43
4039 0.34
4040 0.47
4041 0.46
4042 0.19
4043 0.09
4044 -0.12
4045 0.32
4046 0.21
4047 0.41
4048 0.24
4049 0.37
4050 0.34
4051 0.25
4052 0.32
4053 -0.21
4054 0.24
4055 0.26
4056 0.27
4057 0.30
4058 0.31
4059 0.31
4060 0.39
4061 0.37
4062 0.13
4063 0.33
4064 0.41
4065 0.42
4066 0.41
4067 0.46
4068 0.42
4069 0.46
4070 0.44
4071 0.42
4072 0.36
4073 -0.22
4074 0.26
4075 0.43
4076 0.39
4077 0.44
4078 0.44
4079 0.37
4080 0.35
4081 0.29
4082 0.33
4083 0.41
4084 0.24
4085 0.35
4086 0.39
4087 0.25
4088 0.38
4089 0.17
4090 0.37
4091 0.24
4092 0.11
4093 0.31
4094 0.19
4095 0.39
4096 0.39
4097 0.41
4098 0.36
4099 0.36
4100 0.42
4101 0.36
4102 0.38
4103 0.27
4104 0.33
4105 0.39
4106 0.40
4107 0.39
4108 0.07
4109 -0.13
4110 0.26
4111 0.35
4112 0.41
4113 0.42
4114 0.44
4115 0.39
4116 0.42
4117 0.43
4118 0.43
4119 0.35
4120 0.38
4121 0.44
4122 0.36
4123 0.36
4124 0.40
4125 0.44
4126 0.25
4127 0.41
4128 0.42
4129 0.04
4130 0.43
4131 0.37
4132 0.35
4133 0.32
4134 0.44
4135 0.40
4136 0.46
4137 0.32
4138 0.41
4139 0.46
4140 -0.15
4141 0.30
4142 0.46
4143 0.36
4144 0.43
4145 0.42
4146 0.43
4147 0.38
4148 0.40
4149 0.25
4150 0.31
4151 0.32
4152 0.35
4153 0.39
4154 0.38
4155 0.31
4156 0.42
4157 0.36
4158 0.39
4159 0.37
4160 0.42
4161 0.38
4162 0.43
4163 0.40
4164 0.42
4165 0.29
4166 0.30
4167 0.38
4168 0.23
4169 0.29
4170 0.38
4171 0.35
4172 0.38
4173 0.43
4174 0.43
4175 0.46
4176 0.41
4177 0.43
4178 0.44
4179 0.38
4180 0.39
4181 0.38
4182 0.43
4183 0.40
4184 0.43
4185 0.40
4186 0.37
4187 0.34
4188 0.16
4189 0.39
4190 0.41
4191 0.34
4192 0.35
4193 0.39
4194 0.35
4195 0.38
4196 0.25
4197 0.44
4198 0.29
4199 0.39
4200 0.40
4201 0.38
4202 -0.09
4203 0.06
4204 0.28
4205 0.33
4206 0.41
4207 0.38
4208 -0.07
4209 0.35
4210 0.40
4211 0.42
4212 0.37
4213 0.45
4214 0.41
4215 -0.11
4216 0.43
4217 0.34
4218 0.39
4219 0.35
4220 -0.07
4221 0.27
4222 0.36
4223 0.44
4224 0.39
4225 0.43
4226 0.44
4227 0.45
4228 0.41
4229 0.40
4230 0.42
4231 0.42
4232 0.39
4233 0.27
4234 0.41
4235 0.33
4236 0.36
4237 0.33
4238 0.42
4239 0.43
4240 0.32
4241 0.35
4242 0.26
4243 0.39
4244 0.39
4245 0.32
4246 0.23
4247 0.31
4248 0.32
4249 0.40
4250 0.40
4251 0.39
4252 0.42
4253 0.42
4254 0.23
4255 0.39
4256 -0.06
4257 0.32
4258 0.15
4259 0.25
4260 0.31
4261 0.04
4262 0.31
4263 0.31
4264 0.39
4265 0.37
4266 0.37
4267 0.22
4268 0.34
4269 0.35
4270 0.37
4271 0.41
4272 0.29
4273 0.42
4274 0.31
4275 0.41
4276 0.31
4277 0.34
4278 0.39
4279 0.35
4280 0.39
4281 0.33
4282 0.42
4283 0.45
4284 0.44
4285 0.36
4286 0.40
4287 0.46
4288 0.33
4289 0.46
4290 0.43
4291 0.44
4292 0.35
4293 0.40
4294 0.35
4295 0.26
4296 0.44
4297 0.45
4298 0.40
4299 0.46
4300 0.35
4301 -0.25
4302 0.42
4303 0.31
4304 0.35
4305 0.40
4306 0.39
4307 0.36
4308 0.34
4309 0.34
4310 -0.09
4311 0.08
4312 0.36
4313 0.35
4314 0.39
4315 0.34
4316 0.29
4317 0.43
4318 0.34
4319 0.41
4320 0.41
4321 0.40
4322 0.34
4323 0.45
4324 0.41
4325 0.41
4326 0.37
4327 0.42
4328 0.42
4329 0.29
4330 0.44
4331 0.39
4332 0.41
4333 0.36
4334 0.39
4335 0.39
4336 0.38
4337 0.45
4338 0.46
4339 0.05
4340 0.38
4341 0.40
4342 0.38
4343 0.38
4344 0.38
4345 0.39
4346 0.37
4347 0.31
4348 0.40
4349 0.44
4350 0.36
4351 0.38
4352 0.42
4353 0.38
4354 0.43
4355 0.27
4356 0.11
4357 0.31
4358 0.24
4359 0.39
4360 0.41
4361 0.43
4362 0.38
4363 0.34
4364 0.29
4365 0.27
4366 0.35
4367 0.34
4368 0.42
4369 0.42
4370 0.36
4371 0.37
4372 0.28
4373 0.37
4374 0.41
4375 0.05
4376 0.27
4377 0.35
4378 0.24
4379 0.32
4380 0.23
4381 0.35
4382 0.40
4383 0.39
4384 -0.08
4385 0.08
4386 0.29
4387 0.34
4388 0.35
4389 0.29
4390 0.40
4391 0.42
4392 0.25
4393 0.37
4394 0.32
4395 0.39
4396 0.36
4397 0.44
4398 0.44
4399 0.45
4400 0.33
4401 0.31
4402 0.38
4403 0.36
4404 0.31
4405 0.38
4406 0.44
4407 0.19
4408 0.41
4409 0.31
4410 0.35
4411 0.42
4412 0.31
4413 0.29
4414 0.42
4415 0.33
4416 0.32
4417 0.37
4418 0.40
4419 0.30
4420 0.25
4421 0.34
4422 0.35
4423 0.40
4424 0.34
4425 -0.04
4426 0.37
4427 0.41
4428 0.38
4429 0.34
4430 0.12
4431 0.16
4432 0.30
4433 0.27
4434 0.33
4435 0.23
4436 0.29
4437 0.28
4438 -0.07
4439 0.30
4440 0.39
4441 0.37
4442 0.35
4443 0.32
4444 0.36
4445 0.10
4446 0.35
4447 0.33
4448 0.28
4449 0.40
4450 0.38
4451 0.38
4452 0.28
4453 0.37
4454 0.31
4455 0.40
4456 0.42
4457 0.44
4458 0.35
4459 0.02
4460 0.26
4461 0.35
4462 0.44
4463 0.46
4464 0.33
4465 0.45
4466 0.30
4467 0.41
4468 0.42
4469 0.45
4470 0.39
4471 0.35
4472 0.40
4473 0.23
4474 0.40
4475 0.45
4476 0.36
4477 0.36
4478 0.42
4479 0.44
4480 0.25
4481 0.32
4482 0.28
4483 0.28
4484 0.40
4485 0.36
4486 0.42
4487 0.45
4488 0.42
4489 0.29
4490 0.35
4491 0.40
4492 -0.17
4493 0.30
4494 0.34
4495 0.36
4496 0.42
4497 0.43
4498 0.34
4499 0.35
4500 0.40
4501 0.46
4502 0.44
4503 0.32
4504 0.38
4505 0.42
4506 0.26
4507 0.49
4508 0.40
4509 0.49
4510 0.46
4511 0.39
4512 0.44
4513 0.42
4514 0.37
4515 0.46
4516 0.44
4517 0.44
4518 0.38
4519 0.42
4520 0.40
4521 0.46
4522 0.42
4523 0.49
4524 0.44
4525 0.44
4526 0.38
4527 0.44
4528 0.49
4529 0.49
4530 0.46
4531 0.24
4532 0.46
4533 0.44
4534 0.38
4535 0.42
4536 0.42
4537 0.40
4538 0.49
4539 0.46
4540 -0.32
4541 0.17
4542 0.38
4543 -0.14
4544 0.27
4545 0.27
4546 0.35
4547 0.33
4548 0.32
4549 0.47
4550 0.44
4551 0.41
4552 0.34
4553 0.40
4554 0.46
4555 0.46
4556 0.43
4557 0.46
4558 0.41
4559 0.48
4560 0.49
4561 0.36
4562 0.49
4563 -0.26
4564 0.39
4565 0.42
4566 0.48
4567 0.47
4568 0.48
4569 0.32
4570 0.41
4571 0.44
4572 0.37
4573 0.41
4574 -0.04
4575 0.43
4576 0.35
4577 0.39
4578 0.41
4579 -0.29
4580 0.38
4581 0.36
4582 0.45
4583 0.44
4584 0.40
4585 0.39
4586 0.48
4587 0.42
4588 0.42
4589 0.42
4590 0.46
4591 0.46
4592 0.48
4593 0.39
4594 0.45
4595 0.47
4596 0.36
4597 0.47
4598 0.41
4599 0.36
4600 0.45
4601 0.48
4602 0.48
4603 0.31
4604 0.32
4605 0.49
4606 0.41
4607 0.40
4608 0.44
4609 0.46
4610 0.46
4611 0.46
4612 0.45
4613 0.40
4614 0.49
4615 0.42
4616 0.44
4617 0.49
4618 0.49
4619 0.46
4620 0.03
4621 0.44
4622 0.41
4623 0.43
4624 0.46
4625 0.46
4626 0.31
4627 0.48
4628 0.42
4629 0.44
4630 -0.36
4631 0.28
4632 0.42
4633 0.44
4634 0.28
4635 0.38
4636 0.45
4637 0.35
4638 0.29
4639 0.22
4640 0.22
4641 0.36
4642 0.39
4643 0.40
4644 0.23
4645 0.38
4646 0.34
4647 0.28
4648 0.19
4649 -0.28
4650 0.27
4651 0.17
4652 0.40
4653 0.38
4654 0.44
4655 -0.29
4656 0.44
4657 0.43
4658 0.39
4659 0.37
4660 0.47
4661 0.48
4662 0.48
4663 0.45
4664 0.45
4665 0.39
4666 0.46
4667 0.42
4668 0.48
4669 0.42
4670 0.44
4671 0.46
4672 0.15
4673 0.46
4674 0.42
4675 0.48
4676 0.42
4677 0.42
4678 0.44
4679 0.44
4680 0.46
4681 0.49
4682 0.40
4683 0.40
4684 0.44
4685 0.46
4686 0.46
4687 0.46
4688 -0.20
4689 0.48
4690 0.43
4691 0.40
4692 0.46
4693 0.42
4694 0.46
4695 -0.31
4696 -0.21
4697 0.35
4698 0.32
4699 0.29
4700 0.30
4701 0.36
4702 0.38
4703 0.34
4704 0.45
4705 -0.33
4706 0.23
4707 0.29
4708 0.40
4709 -0.24
4710 0.30
4711 0.40
4712 0.41
4713 0.33
4714 0.46
4715 0.43
4716 0.33
4717 0.30
4718 -0.11
4719 0.43
4720 0.38
4721 0.37
4722 0.42
4723 0.46
4724 0.49
4725 0.46
4726 0.49
4727 0.43
4728 0.46
4729 0.28
4730 0.44
4731 0.45
4732 0.20
4733 0.47
4734 0.40
4735 0.38
4736 0.31
4737 0.44
4738 0.43
4739 0.42
4740 0.41
4741 0.47
4742 0.37
4743 0.41
4744 0.49
4745 0.44
4746 0.46
4747 0.49
4748 0.44
4749 0.46
4750 0.44
4751 0.46
4752 0.40
4753 0.08
4754 0.48
4755 0.40
4756 0.26
4757 -0.17
4758 0.38
4759 0.45
4760 0.41
4761 0.44
4762 0.49
4763 0.41
4764 0.44
4765 0.36
4766 0.32
4767 0.30
4768 0.38
4769 0.41
4770 0.47
4771 0.44
4772 0.49
4773 0.42
4774 0.36
4775 0.41
4776 0.01
4777 0.35
4778 0.38
4779 0.34
4780 0.37
4781 0.42
4782 0.47
4783 0.43
4784 0.28
4785 0.39
4786 0.35
4787 0.43
4788 0.14
4789 0.38
4790 0.12
4791 0.24
4792 0.32
4793 0.39
4794 0.21
4795 0.38
4796 0.14
4797 0.32
4798 0.36
4799 0.32
4800 0.37
4801 0.44
4802 0.46
4803 0.38
4804 0.48
4805 0.49
4806 0.46
4807 0.44
4808 0.46
4809 0.49
4810 0.49
4811 0.24
4812 0.39
4813 0.46
4814 0.49
4815 0.49
4816 0.44
4817 0.49
4818 0.46
4819 0.28
4820 0.40
4821 0.46
4822 0.49
4823 0.46
4824 0.49
4825 0.49
4826 0.25
4827 0.39
4828 0.41
4829 0.41
4830 0.41
4831 0.46
4832 0.44
4833 0.42
4834 0.44
4835 0.46
4836 0.36
4837 0.38
4838 0.33
4839 0.48
4840 0.42
4841 0.48
4842 0.44
4843 0.46
4844 0.41
4845 0.44
4846 0.46
4847 0.40
4848 0.40
4849 -0.05
4850 0.37
4851 0.30
4852 0.32
4853 0.43
4854 0.46
4855 0.40
4856 0.48
4857 0.21
4858 0.34
4859 0.34
4860 0.35
4861 0.45
4862 0.39
4863 0.48
4864 0.43
4865 0.49
4866 0.46
4867 0.46
4868 0.40
4869 0.42
4870 0.41
4871 0.43
4872 0.31
4873 0.39
4874 0.39
4875 0.48
4876 0.42
4877 0.43
4878 0.44
4879 0.46
4880 0.40
4881 0.38
4882 0.48
4883 0.32
4884 0.48
4885 0.44
4886 0.42
4887 0.46
4888 0.42
4889 0.48
4890 0.36
4891 0.34
4892 0.49
4893 0.42
4894 0.36
4895 0.42
4896 0.22
4897 0.31
4898 0.48
4899 0.42
4900 0.01
4901 0.31
4902 0.36
4903 0.35
4904 0.48
4905 0.48
4906 0.46
4907 0.48
4908 0.40
4909 0.38
4910 0.39
4911 0.48
4912 0.48
4913 0.41
4914 0.29
4915 0.42
4916 0.39
4917 0.44
4918 0.43
4919 0.45
4920 0.44
4921 0.46
4922 0.44
4923 0.40
4924 0.43
4925 0.43
4926 0.44
4927 0.39
4928 0.31
4929 0.36
4930 0.38
4931 0.42
4932 0.46
4933 0.40
4934 0.37
4935 0.42
4936 0.43
4937 0.45
4938 0.43
4939 0.44
4940 0.46
4941 0.39
4942 0.49
4943 0.33
4944 0.48
4945 0.44
4946 0.49
4947 0.49
4948 0.36
4949 0.46
4950 0.43
4951 0.36
4952 0.37
4953 0.48
4954 0.38
4955 0.38
4956 0.44
4957 0.38
4958 0.41
4959 0.43
4960 0.47
4961 0.07
4962 0.16
4963 0.45
4964 0.35
4965 0.48
4966 0.48
4967 0.35
4968 0.43
4969 0.44
4970 0.27
4971 0.43
4972 0.40
4973 0.31
4974 0.41
4975 0.47
4976 0.34
4977 0.48
4978 0.49
4979 0.37
4980 0.37
4981 0.43
4982 0.44
4983 -0.03
4984 0.22
4985 0.22
4986 -0.07
4987 0.32
4988 0.38
4989 -0.01
4990 0.26
4991 0.23
4992 0.31
4993 0.35
4994 0.36
4995 0.43
4996 0.43
4997 0.37
4998 0.47
4999 0.43
