0 0.29
1 0.29
2 0.29
3 0.29
4 0.29
5 0.29
6 0.29
7 0.30
8 0.30
9 0.30
10 0.30
11 0.30
12 0.30
13 0.30
14 0.30
15 0.30
16 0.30
17 0.30
18 0.30
19 0.30
20 0.31
21 0.31
22 0.31
23 0.31
24 0.31
25 0.31
26 0.31
27 0.31
28 0.31
29 0.31
30 0.31
31 0.31
32 0.31
33 0.31
34 0.31
35 0.31
36 0.32
37 0.32
38 0.33
39 0.33
40 0.33
41 0.33
42 0.33
43 0.33
44 0.34
45 0.34
46 0.34
47 0.34
48 0.34
49 0.34
50 0.34
51 0.34
52 0.34
53 0.34
54 0.34
55 0.34
56 0.34
57 0.34
58 0.34
59 0.34
60 0.34
61 0.34
62 0.34
63 0.33
64 0.33
65 0.33
66 0.33
67 0.33
68 0.33
69 0.33
70 0.34
71 0.34
72 0.34
73 0.33
74 0.33
75 0.34
76 0.34
77 0.34
78 0.34
79 0.34
80 0.34
81 0.34
82 0.34
83 0.34
84 0.34
85 0.34
86 0.34
87 0.34
88 0.34
89 0.34
90 0.34
91 0.34
92 0.34
93 0.34
94 0.34
95 0.34
96 0.34
97 0.34
98 0.34
99 0.34
100 0.34
101 0.34
102 0.34
103 0.34
104 0.34
105 0.34
106 0.34
107 0.34
108 0.34
109 0.34
110 0.34
111 0.34
112 0.34
113 0.34
114 0.34
115 0.34
116 0.34
117 0.34
118 0.34
119 0.34
120 0.34
121 0.34
122 0.34
123 0.34
124 0.34
125 0.34
126 0.34
127 0.34
128 0.34
129 0.34
130 0.34
131 0.34
132 0.34
133 0.34
134 0.34
135 0.34
136 0.34
137 0.34
138 0.34
139 0.34
140 0.34
141 0.34
142 0.34
143 0.34
144 0.34
145 0.34
146 0.34
147 0.34
148 0.34
149 0.35
150 0.35
151 0.35
152 0.34
153 0.34
154 0.34
155 0.34
156 0.34
157 0.34
158 0.35
159 0.35
160 0.35
161 0.35
162 0.35
163 0.35
164 0.35
165 0.35
166 0.35
167 0.35
168 0.35
169 0.35
170 0.35
171 0.35
172 0.35
173 0.35
174 0.35
175 0.35
176 0.35
177 0.35
178 0.36
179 0.36
180 0.35
181 0.35
182 0.35
183 0.35
184 0.35
185 0.35
186 0.35
187 0.35
188 0.35
189 0.35
190 0.35
191 0.35
192 0.35
193 0.35
194 0.35
195 0.35
196 0.35
197 0.35
198 0.35
199 0.35
200 0.35
201 0.35
202 0.35
203 0.35
204 0.35
205 0.35
206 0.35
207 0.35
208 0.35
209 0.35
210 0.35
211 0.35
212 0.35
213 0.35
214 0.35
215 0.35
216 0.34
217 0.34
218 0.34
219 0.34
220 0.34
221 0.34
222 0.34
223 0.34
224 0.34
225 0.34
226 0.34
227 0.34
228 0.34
229 0.34
230 0.34
231 0.34
232 0.34
233 0.34
234 0.34
235 0.34
236 0.34
237 0.34
238 0.34
239 0.34
240 0.34
241 0.34
242 0.34
243 0.34
244 0.34
245 0.33
246 0.33
247 0.33
248 0.33
249 0.33
250 0.33
251 0.33
252 0.33
253 0.33
254 0.33
255 0.33
256 0.33
257 0.33
258 0.33
259 0.34
260 0.33
261 0.33
262 0.33
263 0.33
264 0.33
265 0.33
266 0.33
267 0.33
268 0.33
269 0.33
270 0.33
271 0.33
272 0.33
273 0.33
274 0.33
275 0.33
276 0.33
277 0.33
278 0.32
279 0.32
280 0.33
281 0.33
282 0.32
283 0.32
284 0.33
285 0.33
286 0.33
287 0.33
288 0.33
289 0.33
290 0.33
291 0.33
292 0.33
293 0.33
294 0.33
295 0.33
296 0.33
297 0.33
298 0.33
299 0.33
300 0.33
301 0.33
302 0.33
303 0.33
304 0.33
305 0.33
306 0.33
307 0.32
308 0.32
309 0.32
310 0.32
311 0.32
312 0.32
313 0.32
314 0.32
315 0.32
316 0.32
317 0.32
318 0.32
319 0.32
320 0.32
321 0.32
322 0.32
323 0.32
324 0.32
325 0.31
326 0.31
327 0.31
328 0.31
329 0.31
330 0.31
331 0.32
332 0.32
333 0.32
334 0.32
335 0.32
336 0.32
337 0.31
338 0.31
339 0.31
340 0.31
341 0.30
342 0.30
343 0.31
344 0.30
345 0.30
346 0.30
347 0.30
348 0.30
349 0.30
350 0.29
351 0.29
352 0.29
353 0.29
354 0.29
355 0.29
356 0.29
357 0.29
358 0.30
359 0.29
360 0.29
361 0.29
362 0.29
363 0.29
364 0.29
365 0.29
366 0.29
367 0.29
368 0.29
369 0.29
370 0.29
371 0.29
372 0.29
373 0.29
374 0.29
375 0.29
376 0.29
377 0.29
378 0.29
379 0.28
380 0.29
381 0.28
382 0.28
383 0.28
384 0.28
385 0.28
386 0.29
387 0.29
388 0.29
389 0.29
390 0.28
391 0.29
392 0.29
393 0.29
394 0.29
395 0.29
396 0.29
397 0.29
398 0.29
399 0.29
400 0.29
401 0.29
402 0.28
403 0.28
404 0.29
405 0.29
406 0.29
407 0.29
408 0.29
409 0.29
410 0.29
411 0.29
412 0.29
413 0.29
414 0.29
415 0.29
416 0.29
417 0.30
418 0.30
419 0.30
420 0.29
421 0.29
422 0.29
423 0.29
424 0.29
425 0.29
426 0.29
427 0.29
428 0.29
429 0.29
430 0.29
431 0.29
432 0.29
433 0.29
434 0.29
435 0.29
436 0.29
437 0.29
438 0.29
439 0.29
440 0.28
441 0.28
442 0.28
443 0.28
444 0.28
445 0.28
446 0.29
447 0.29
448 0.29
449 0.29
450 0.29
451 0.29
452 0.29
453 0.29
454 0.29
455 0.29
456 0.29
457 0.29
458 0.29
459 0.29
460 0.29
461 0.29
462 0.29
463 0.29
464 0.29
465 0.29
466 0.29
467 0.29
468 0.29
469 0.29
470 0.29
471 0.29
472 0.29
473 0.29
474 0.29
475 0.29
476 0.29
477 0.29
478 0.29
479 0.29
480 0.29
481 0.29
482 0.29
483 0.30
484 0.30
485 0.30
486 0.30
487 0.30
488 0.29
489 0.29
490 0.29
491 0.29
492 0.29
493 0.29
494 0.29
495 0.29
496 0.29
497 0.29
498 0.29
499 0.29
500 0.29
501 0.29
502 0.29
503 0.29
504 0.29
505 0.29
506 0.29
507 0.30
508 0.30
509 0.30
510 0.30
511 0.30
512 0.30
513 0.30
514 0.30
515 0.30
516 0.30
517 0.30
518 0.30
519 0.30
520 0.31
521 0.31
522 0.31
523 0.31
524 0.31
525 0.31
526 0.31
527 0.31
528 0.31
529 0.31
530 0.31
531 0.31
532 0.31
533 0.31
534 0.31
535 0.31
536 0.32
537 0.32
538 0.33
539 0.33
540 0.33
541 0.33
542 0.33
543 0.33
544 0.34
545 0.34
546 0.34
547 0.34
548 0.34
549 0.34
550 0.34
551 0.34
552 0.34
553 0.34
554 0.34
555 0.34
556 0.34
557 0.34
558 0.34
559 0.34
560 0.34
561 0.34
562 0.34
563 0.33
564 0.33
565 0.33
566 0.33
567 0.33
568 0.33
569 0.33
570 0.34
571 0.34
572 0.34
573 0.33
574 0.33
575 0.34
576 0.34
577 0.34
578 0.34
579 0.34
580 0.34
581 0.34
582 0.34
583 0.34
584 0.34
585 0.34
586 0.34
587 0.34
588 0.34
589 0.34
590 0.34
591 0.34
592 0.34
593 0.34
594 0.34
595 0.34
596 0.34
597 0.34
598 0.34
599 0.34
600 0.34
601 0.34
602 0.34
603 0.34
604 0.34
605 0.34
606 0.34
607 0.34
608 0.34
609 0.34
610 0.34
611 0.34
612 0.34
613 0.34
614 0.34
615 0.34
616 0.34
617 0.34
618 0.34
619 0.34
620 0.34
621 0.34
622 0.34
623 0.34
624 0.34
625 0.34
626 0.34
627 0.34
628 0.34
629 0.34
630 0.34
631 0.34
632 0.34
633 0.34
634 0.34
635 0.34
636 0.34
637 0.34
638 0.34
639 0.34
640 0.34
641 0.34
642 0.34
643 0.34
644 0.34
645 0.34
646 0.34
647 0.34
648 0.34
649 0.35
650 0.35
651 0.35
652 0.34
653 0.34
654 0.34
655 0.34
656 0.34
657 0.34
658 0.35
659 0.35
660 0.35
661 0.35
662 0.35
663 0.35
664 0.35
665 0.35
666 0.35
667 0.35
668 0.35
669 0.35
670 0.35
671 0.35
672 0.35
673 0.35
674 0.35
675 0.35
676 0.35
677 0.35
678 0.36
679 0.36
680 0.35
681 0.35
682 0.35
683 0.35
684 0.35
685 0.35
686 0.35
687 0.35
688 0.35
689 0.35
690 0.35
691 0.35
692 0.35
693 0.35
694 0.35
695 0.35
696 0.35
697 0.35
698 0.35
699 0.35
700 0.35
701 0.35
702 0.35
703 0.35
704 0.35
705 0.35
706 0.35
707 0.35
708 0.35
709 0.35
710 0.35
711 0.35
712 0.35
713 0.35
714 0.35
715 0.35
716 0.34
717 0.34
718 0.34
719 0.34
720 0.34
721 0.34
722 0.34
723 0.34
724 0.34
725 0.34
726 0.34
727 0.34
728 0.34
729 0.34
730 0.34
731 0.34
732 0.34
733 0.34
734 0.34
735 0.34
736 0.34
737 0.34
738 0.34
739 0.34
740 0.34
741 0.34
742 0.34
743 0.34
744 0.34
745 0.33
746 0.33
747 0.33
748 0.33
749 0.33
750 0.33
751 0.33
752 0.33
753 0.33
754 0.33
755 0.33
756 0.33
757 0.33
758 0.33
759 0.34
760 0.33
761 0.33
762 0.33
763 0.33
764 0.33
765 0.33
766 0.33
767 0.33
768 0.33
769 0.33
770 0.33
771 0.33
772 0.33
773 0.33
774 0.33
775 0.33
776 0.33
777 0.33
778 0.32
779 0.32
780 0.33
781 0.33
782 0.32
783 0.32
784 0.33
785 0.33
786 0.33
787 0.33
788 0.33
789 0.33
790 0.33
791 0.33
792 0.33
793 0.33
794 0.33
795 0.33
796 0.33
797 0.33
798 0.33
799 0.33
800 0.33
801 0.33
802 0.33
803 0.33
804 0.33
805 0.33
806 0.33
807 0.32
808 0.32
809 0.32
810 0.32
811 0.32
812 0.32
813 0.32
814 0.32
815 0.32
816 0.32
817 0.32
818 0.32
819 0.32
820 0.32
821 0.32
822 0.32
823 0.32
824 0.32
825 0.31
826 0.31
827 0.31
828 0.31
829 0.31
830 0.31
831 0.32
832 0.32
833 0.32
834 0.32
835 0.32
836 0.32
837 0.31
838 0.31
839 0.31
840 0.31
841 0.30
842 0.30
843 0.31
844 0.30
845 0.30
846 0.30
847 0.30
848 0.30
849 0.30
850 0.29
851 0.29
852 0.29
853 0.29
854 0.29
855 0.29
856 0.29
857 0.29
858 0.30
859 0.29
860 0.29
861 0.29
862 0.29
863 0.29
864 0.29
865 0.29
866 0.29
867 0.29
868 0.29
869 0.29
870 0.29
871 0.29
872 0.29
873 0.29
874 0.29
875 0.29
876 0.29
877 0.29
878 0.29
879 0.28
880 0.29
881 0.28
882 0.28
883 0.28
884 0.28
885 0.28
886 0.29
887 0.29
888 0.29
889 0.29
890 0.28
891 0.29
892 0.29
893 0.29
894 0.29
895 0.29
896 0.29
897 0.29
898 0.29
899 0.29
900 0.29
901 0.29
902 0.28
903 0.28
904 0.29
905 0.29
906 0.29
907 0.29
908 0.29
909 0.29
910 0.29
911 0.29
912 0.29
913 0.29
914 0.29
915 0.29
916 0.29
917 0.30
918 0.30
919 0.30
920 0.29
921 0.29
922 0.29
923 0.29
924 0.29
925 0.29
926 0.29
927 0.29
928 0.29
929 0.29
930 0.29
931 0.29
932 0.29
933 0.29
934 0.29
935 0.29
936 0.29
937 0.29
938 0.29
939 0.29
940 0.28
941 0.28
942 0.28
943 0.28
944 0.28
945 0.28
946 0.29
947 0.29
948 0.29
949 0.29
950 0.29
951 0.29
952 0.29
953 0.29
954 0.29
955 0.29
956 0.29
957 0.29
958 0.29
959 0.29
960 0.29
961 0.29
962 0.29
963 0.29
964 0.29
965 0.29
966 0.29
967 0.29
968 0.29
969 0.29
970 0.29
971 0.29
972 0.29
973 0.29
974 0.29
975 0.29
976 0.29
977 0.29
978 0.29
979 0.29
980 0.29
981 0.29
982 0.29
983 0.30
984 0.30
985 0.30
986 0.30
987 0.30
988 0.29
989 0.29
990 0.29
991 0.29
992 0.29
993 0.29
994 0.29
995 0.29
996 0.29
997 0.29
998 0.29
999 0.29
1000 0.29
1001 0.29
1002 0.29
1003 0.29
1004 0.29
1005 0.29
1006 0.29
1007 0.30
1008 0.30
1009 0.30
1010 0.30
1011 0.30
1012 0.30
1013 0.30
1014 0.30
1015 0.30
1016 0.30
1017 0.30
1018 0.30
1019 0.30
1020 0.31
1021 0.31
1022 0.31
1023 0.31
1024 0.31
1025 0.31
1026 0.31
1027 0.31
1028 0.31
1029 0.31
1030 0.31
1031 0.31
1032 0.31
1033 0.31
1034 0.31
1035 0.31
1036 0.32
1037 0.32
1038 0.33
1039 0.33
1040 0.33
1041 0.33
1042 0.33
1043 0.33
1044 0.34
1045 0.34
1046 0.34
1047 0.34
1048 0.34
1049 0.34
1050 0.34
1051 0.34
1052 0.34
1053 0.34
1054 0.34
1055 0.34
1056 0.34
1057 0.34
1058 0.34
1059 0.34
1060 0.34
1061 0.34
1062 0.34
1063 0.33
1064 0.33
1065 0.33
1066 0.33
1067 0.33
1068 0.33
1069 0.33
1070 0.34
1071 0.34
1072 0.34
1073 0.33
1074 0.33
1075 0.34
1076 0.34
1077 0.34
1078 0.34
1079 0.34
1080 0.34
1081 0.34
1082 0.34
1083 0.34
1084 0.34
1085 0.34
1086 0.34
1087 0.34
1088 0.34
1089 0.34
1090 0.34
1091 0.34
1092 0.34
1093 0.34
1094 0.34
1095 0.34
1096 0.34
1097 0.34
1098 0.34
1099 0.34
1100 0.34
1101 0.34
1102 0.34
1103 0.34
1104 0.34
1105 0.34
1106 0.34
1107 0.34
1108 0.34
1109 0.34
1110 0.34
1111 0.34
1112 0.34
1113 0.34
1114 0.34
1115 0.34
1116 0.34
1117 0.34
1118 0.34
1119 0.34
1120 0.34
1121 0.34
1122 0.34
1123 0.34
1124 0.34
1125 0.34
1126 0.34
1127 0.34
1128 0.34
1129 0.34
1130 0.34
1131 0.34
1132 0.34
1133 0.34
1134 0.34
1135 0.34
1136 0.34
1137 0.34
1138 0.34
1139 0.34
1140 0.34
1141 0.34
1142 0.34
1143 0.34
1144 0.34
1145 0.34
1146 0.34
1147 0.34
1148 0.34
1149 0.35
1150 0.35
1151 0.35
1152 0.34
1153 0.34
1154 0.34
1155 0.34
1156 0.34
1157 0.34
1158 0.35
1159 0.35
1160 0.35
1161 0.35
1162 0.35
1163 0.35
1164 0.35
1165 0.35
1166 0.35
1167 0.35
1168 0.35
1169 0.35
1170 0.35
1171 0.35
1172 0.35
1173 0.35
1174 0.35
1175 0.35
1176 0.35
1177 0.35
1178 0.36
1179 0.36
1180 0.35
1181 0.35
1182 0.35
1183 0.35
1184 0.35
1185 0.35
1186 0.35
1187 0.35
1188 0.35
1189 0.35
1190 0.35
1191 0.35
1192 0.35
1193 0.35
1194 0.35
1195 0.35
1196 0.35
1197 0.35
1198 0.35
1199 0.35
1200 0.35
1201 0.35
1202 0.35
1203 0.35
1204 0.35
1205 0.35
1206 0.35
1207 0.35
1208 0.35
1209 0.35
1210 0.35
1211 0.35
1212 0.35
1213 0.35
1214 0.35
1215 0.35
1216 0.34
1217 0.34
1218 0.34
1219 0.34
1220 0.34
1221 0.34
1222 0.34
1223 0.34
1224 0.34
1225 0.34
1226 0.34
1227 0.34
1228 0.34
1229 0.34
1230 0.34
1231 0.34
1232 0.34
1233 0.34
1234 0.34
1235 0.34
1236 0.34
1237 0.34
1238 0.34
1239 0.34
1240 0.34
1241 0.34
1242 0.34
1243 0.34
1244 0.34
1245 0.33
1246 0.33
1247 0.33
1248 0.33
1249 0.33
1250 0.33
1251 0.33
1252 0.33
1253 0.33
1254 0.33
1255 0.33
1256 0.33
1257 0.33
1258 0.33
1259 0.34
1260 0.33
1261 0.33
1262 0.33
1263 0.33
1264 0.33
1265 0.33
1266 0.33
1267 0.33
1268 0.33
1269 0.33
1270 0.33
1271 0.33
1272 0.33
1273 0.33
1274 0.33
1275 0.33
1276 0.33
1277 0.33
1278 0.32
1279 0.32
1280 0.33
1281 0.33
1282 0.32
1283 0.32
1284 0.33
1285 0.33
1286 0.33
1287 0.33
1288 0.33
1289 0.33
1290 0.33
1291 0.33
1292 0.33
1293 0.33
1294 0.33
1295 0.33
1296 0.33
1297 0.33
1298 0.33
1299 0.33
1300 0.33
1301 0.33
1302 0.33
1303 0.33
1304 0.33
1305 0.33
1306 0.33
1307 0.32
1308 0.32
1309 0.32
1310 0.32
1311 0.32
1312 0.32
1313 0.32
1314 0.32
1315 0.32
1316 0.32
1317 0.32
1318 0.32
1319 0.32
1320 0.32
1321 0.32
1322 0.32
1323 0.32
1324 0.32
1325 0.31
1326 0.31
1327 0.31
1328 0.31
1329 0.31
1330 0.31
1331 0.32
1332 0.32
1333 0.32
1334 0.32
1335 0.32
1336 0.32
1337 0.31
1338 0.31
1339 0.31
1340 0.31
1341 0.30
1342 0.30
1343 0.31
1344 0.30
1345 0.30
1346 0.30
1347 0.30
1348 0.30
1349 0.30
1350 0.29
1351 0.29
1352 0.29
1353 0.29
1354 0.29
1355 0.29
1356 0.29
1357 0.29
1358 0.30
1359 0.29
1360 0.29
1361 0.29
1362 0.29
1363 0.29
1364 0.29
1365 0.29
1366 0.29
1367 0.29
1368 0.29
1369 0.29
1370 0.29
1371 0.29
1372 0.29
1373 0.29
1374 0.29
1375 0.29
1376 0.29
1377 0.29
1378 0.29
1379 0.28
1380 0.29
1381 0.28
1382 0.28
1383 0.28
1384 0.28
1385 0.28
1386 0.29
1387 0.29
1388 0.29
1389 0.29
1390 0.28
1391 0.29
1392 0.29
1393 0.29
1394 0.29
1395 0.29
1396 0.29
1397 0.29
1398 0.29
1399 0.29
1400 0.29
1401 0.29
1402 0.28
1403 0.28
1404 0.29
1405 0.29
1406 0.29
1407 0.29
1408 0.29
1409 0.29
1410 0.29
1411 0.29
1412 0.29
1413 0.29
1414 0.29
1415 0.29
1416 0.29
1417 0.30
1418 0.30
1419 0.30
1420 0.29
1421 0.29
1422 0.29
1423 0.29
1424 0.29
1425 0.29
1426 0.29
1427 0.29
1428 0.29
1429 0.29
1430 0.29
1431 0.29
1432 0.29
1433 0.29
1434 0.29
1435 0.29
1436 0.29
1437 0.29
1438 0.29
1439 0.29
1440 0.28
1441 0.28
1442 0.28
1443 0.28
1444 0.28
1445 0.28
1446 0.29
1447 0.29
1448 0.29
1449 0.29
1450 0.29
1451 0.29
1452 0.29
1453 0.29
1454 0.29
1455 0.29
1456 0.29
1457 0.29
1458 0.29
1459 0.29
1460 0.29
1461 0.29
1462 0.29
1463 0.29
1464 0.29
1465 0.29
1466 0.29
1467 0.29
1468 0.29
1469 0.29
1470 0.29
1471 0.29
1472 0.29
1473 0.29
1474 0.29
1475 0.29
1476 0.29
1477 0.29
1478 0.29
1479 0.29
1480 0.29
1481 0.29
1482 0.29
1483 0.30
1484 0.30
1485 0.30
1486 0.30
1487 0.30
1488 0.29
1489 0.29
1490 0.29
1491 0.29
1492 0.29
1493 0.29
1494 0.29
1495 0.29
1496 0.29
1497 0.29
1498 0.29
1499 0.29
1500 0.28
1501 0.28
1502 0.28
1503 0.28
1504 0.28
1505 0.28
1506 0.28
1507 0.28
1508 0.28
1509 0.28
1510 0.28
1511 0.28
1512 0.28
1513 0.28
1514 0.28
1515 0.28
1516 0.28
1517 0.28
1518 0.28
1519 0.28
1520 0.28
1521 0.28
1522 0.28
1523 0.28
1524 0.28
1525 0.28
1526 0.28
1527 0.28
1528 0.28
1529 0.28
1530 0.28
1531 0.28
1532 0.28
1533 0.28
1534 0.28
1535 0.28
1536 0.28
1537 0.28
1538 0.28
1539 0.28
1540 0.28
1541 0.28
1542 0.28
1543 0.28
1544 0.28
1545 0.28
1546 0.28
1547 0.28
1548 0.28
1549 0.28
1550 0.28
1551 0.28
1552 0.28
1553 0.28
1554 0.29
1555 0.29
1556 0.29
1557 0.28
1558 0.29
1559 0.29
1560 0.29
1561 0.29
1562 0.29
1563 0.29
1564 0.29
1565 0.29
1566 0.29
1567 0.29
1568 0.29
1569 0.29
1570 0.29
1571 0.29
1572 0.29
1573 0.29
1574 0.29
1575 0.29
1576 0.29
1577 0.29
1578 0.29
1579 0.29
1580 0.29
1581 0.29
1582 0.29
1583 0.29
1584 0.29
1585 0.29
1586 0.29
1587 0.29
1588 0.29
1589 0.29
1590 0.29
1591 0.29
1592 0.29
1593 0.29
1594 0.29
1595 0.29
1596 0.29
1597 0.29
1598 0.29
1599 0.29
1600 0.29
1601 0.29
1602 0.28
1603 0.28
1604 0.28
1605 0.28
1606 0.29
1607 0.29
1608 0.29
1609 0.29
1610 0.28
1611 0.28
1612 0.28
1613 0.29
1614 0.29
1615 0.29
1616 0.29
1617 0.29
1618 0.29
1619 0.29
1620 0.28
1621 0.28
1622 0.28
1623 0.28
1624 0.28
1625 0.28
1626 0.28
1627 0.28
1628 0.28
1629 0.28
1630 0.28
1631 0.28
1632 0.28
1633 0.28
1634 0.28
1635 0.28
1636 0.28
1637 0.28
1638 0.28
1639 0.28
1640 0.28
1641 0.28
1642 0.28
1643 0.28
1644 0.28
1645 0.28
1646 0.28
1647 0.28
1648 0.29
1649 0.29
1650 0.29
1651 0.29
1652 0.29
1653 0.29
1654 0.29
1655 0.29
1656 0.29
1657 0.29
1658 0.29
1659 0.29
1660 0.29
1661 0.29
1662 0.29
1663 0.29
1664 0.29
1665 0.29
1666 0.29
1667 0.29
1668 0.29
1669 0.29
1670 0.29
1671 0.29
1672 0.29
1673 0.29
1674 0.29
1675 0.29
1676 0.29
1677 0.29
1678 0.29
1679 0.29
1680 0.29
1681 0.29
1682 0.29
1683 0.29
1684 0.29
1685 0.29
1686 0.29
1687 0.29
1688 0.29
1689 0.29
1690 0.29
1691 0.29
1692 0.29
1693 0.29
1694 0.29
1695 0.29
1696 0.29
1697 0.29
1698 0.29
1699 0.29
1700 0.29
1701 0.29
1702 0.29
1703 0.29
1704 0.29
1705 0.29
1706 0.29
1707 0.29
1708 0.29
1709 0.29
1710 0.29
1711 0.29
1712 0.29
1713 0.29
1714 0.29
1715 0.29
1716 0.29
1717 0.29
1718 0.29
1719 0.29
1720 0.29
1721 0.29
1722 0.29
1723 0.29
1724 0.29
1725 0.29
1726 0.29
1727 0.29
1728 0.29
1729 0.29
1730 0.29
1731 0.29
1732 0.29
1733 0.29
1734 0.29
1735 0.29
1736 0.29
1737 0.29
1738 0.29
1739 0.29
1740 0.29
1741 0.29
1742 0.29
1743 0.29
1744 0.29
1745 0.29
1746 0.29
1747 0.29
1748 0.29
1749 0.29
1750 0.29
1751 0.29
1752 0.29
1753 0.29
1754 0.29
1755 0.29
1756 0.29
1757 0.29
1758 0.29
1759 0.29
1760 0.29
1761 0.29
1762 0.29
1763 0.29
1764 0.29
1765 0.28
1766 0.28
1767 0.28
1768 0.28
1769 0.28
1770 0.28
1771 0.28
1772 0.28
1773 0.28
1774 0.28
1775 0.28
1776 0.28
1777 0.28
1778 0.28
1779 0.28
1780 0.29
1781 0.29
1782 0.29
1783 0.29
1784 0.29
1785 0.29
1786 0.29
1787 0.29
1788 0.29
1789 0.29
1790 0.29
1791 0.29
1792 0.29
1793 0.29
1794 0.29
1795 0.29
1796 0.29
1797 0.29
1798 0.29
1799 0.29
1800 0.29
1801 0.29
1802 0.29
1803 0.29
1804 0.29
1805 0.29
1806 0.29
1807 0.29
1808 0.29
1809 0.29
1810 0.29
1811 0.29
1812 0.29
1813 0.29
1814 0.29
1815 0.29
1816 0.29
1817 0.29
1818 0.29
1819 0.29
1820 0.29
1821 0.29
1822 0.29
1823 0.29
1824 0.29
1825 0.29
1826 0.29
1827 0.29
1828 0.29
1829 0.29
1830 0.29
1831 0.29
1832 0.29
1833 0.29
1834 0.29
1835 0.29
1836 0.29
1837 0.29
1838 0.29
1839 0.29
1840 0.29
1841 0.29
1842 0.29
1843 0.29
1844 0.29
1845 0.29
1846 0.29
1847 0.29
1848 0.29
1849 0.29
1850 0.29
1851 0.29
1852 0.29
1853 0.29
1854 0.29
1855 0.29
1856 0.29
1857 0.29
1858 0.29
1859 0.28
1860 0.28
1861 0.28
1862 0.28
1863 0.28
1864 0.28
1865 0.28
1866 0.28
1867 0.28
1868 0.28
1869 0.28
1870 0.28
1871 0.28
1872 0.28
1873 0.28
1874 0.28
1875 0.28
1876 0.28
1877 0.28
1878 0.28
1879 0.28
1880 0.28
1881 0.28
1882 0.28
1883 0.28
1884 0.28
1885 0.28
1886 0.28
1887 0.28
1888 0.28
1889 0.28
1890 0.28
1891 0.28
1892 0.28
1893 0.28
1894 0.28
1895 0.28
1896 0.28
1897 0.28
1898 0.28
1899 0.28
1900 0.28
1901 0.28
1902 0.28
1903 0.28
1904 0.28
1905 0.28
1906 0.28
1907 0.28
1908 0.28
1909 0.28
1910 0.28
1911 0.28
1912 0.28
1913 0.28
1914 0.28
1915 0.28
1916 0.28
1917 0.28
1918 0.28
1919 0.28
1920 0.28
1921 0.28
1922 0.28
1923 0.29
1924 0.29
1925 0.29
1926 0.29
1927 0.29
1928 0.29
1929 0.29
1930 0.29
1931 0.29
1932 0.29
1933 0.29
1934 0.29
1935 0.29
1936 0.29
1937 0.29
1938 0.29
1939 0.29
1940 0.29
1941 0.29
1942 0.29
1943 0.29
1944 0.29
1945 0.29
1946 0.28
1947 0.28
1948 0.28
1949 0.28
1950 0.28
1951 0.28
1952 0.28
1953 0.28
1954 0.28
1955 0.28
1956 0.28
1957 0.28
1958 0.28
1959 0.28
1960 0.28
1961 0.28
1962 0.28
1963 0.28
1964 0.28
1965 0.28
1966 0.28
1967 0.28
1968 0.28
1969 0.28
1970 0.28
1971 0.28
1972 0.29
1973 0.29
1974 0.28
1975 0.29
1976 0.29
1977 0.29
1978 0.29
1979 0.29
1980 0.28
1981 0.28
1982 0.28
1983 0.28
1984 0.28
1985 0.28
1986 0.28
1987 0.28
1988 0.28
1989 0.28
1990 0.28
1991 0.28
1992 0.28
1993 0.28
1994 0.28
1995 0.28
1996 0.28
1997 0.28
1998 0.28
1999 0.28
2000 0.29
2001 0.29
2002 0.29
2003 0.29
2004 0.29
2005 0.29
2006 0.29
2007 0.29
2008 0.29
2009 0.29
2010 0.29
2011 0.29
2012 0.29
2013 0.29
2014 0.29
2015 0.29
2016 0.29
2017 0.29
2018 0.29
2019 0.29
2020 0.29
2021 0.29
2022 0.29
2023 0.29
2024 0.29
2025 0.29
2026 0.29
2027 0.29
2028 0.29
2029 0.29
2030 0.29
2031 0.29
2032 0.29
2033 0.29
2034 0.29
2035 0.29
2036 0.29
2037 0.29
2038 0.29
2039 0.29
2040 0.29
2041 0.29
2042 0.29
2043 0.29
2044 0.29
2045 0.29
2046 0.29
2047 0.29
2048 0.29
2049 0.29
2050 0.29
2051 0.29
2052 0.29
2053 0.29
2054 0.29
2055 0.29
2056 0.29
2057 0.29
2058 0.29
2059 0.29
2060 0.29
2061 0.29
2062 0.29
2063 0.29
2064 0.29
2065 0.29
2066 0.29
2067 0.29
2068 0.29
2069 0.29
2070 0.29
2071 0.29
2072 0.29
2073 0.29
2074 0.29
2075 0.29
2076 0.29
2077 0.29
2078 0.29
2079 0.29
2080 0.29
2081 0.29
2082 0.29
2083 0.29
2084 0.29
2085 0.29
2086 0.29
2087 0.29
2088 0.29
2089 0.29
2090 0.29
2091 0.29
2092 0.29
2093 0.29
2094 0.29
2095 0.29
2096 0.29
2097 0.29
2098 0.29
2099 0.29
2100 0.29
2101 0.29
2102 0.29
2103 0.29
2104 0.29
2105 0.29
2106 0.29
2107 0.29
2108 0.29
2109 0.29
2110 0.29
2111 0.29
2112 0.29
2113 0.29
2114 0.29
2115 0.29
2116 0.29
2117 0.29
2118 0.29
2119 0.29
2120 0.29
2121 0.29
2122 0.29
2123 0.29
2124 0.29
2125 0.29
2126 0.29
2127 0.29
2128 0.29
2129 0.29
2130 0.29
2131 0.29
2132 0.29
2133 0.29
2134 0.29
2135 0.29
2136 0.29
2137 0.29
2138 0.29
2139 0.29
2140 0.29
2141 0.29
2142 0.29
2143 0.29
2144 0.29
2145 0.29
2146 0.29
2147 0.29
2148 0.29
2149 0.29
2150 0.29
2151 0.29
2152 0.29
2153 0.29
2154 0.29
2155 0.29
2156 0.29
2157 0.29
2158 0.29
2159 0.29
2160 0.29
2161 0.29
2162 0.29
2163 0.29
2164 0.29
2165 0.29
2166 0.29
2167 0.29
2168 0.29
2169 0.29
2170 0.29
2171 0.29
2172 0.29
2173 0.29
2174 0.29
2175 0.29
2176 0.29
2177 0.29
2178 0.29
2179 0.29
2180 0.29
2181 0.29
2182 0.29
2183 0.29
2184 0.29
2185 0.29
2186 0.29
2187 0.29
2188 0.29
2189 0.29
2190 0.29
2191 0.29
2192 0.29
2193 0.29
2194 0.29
2195 0.29
2196 0.29
2197 0.29
2198 0.29
2199 0.29
2200 0.29
2201 0.29
2202 0.29
2203 0.29
2204 0.29
2205 0.29
2206 0.29
2207 0.29
2208 0.29
2209 0.29
2210 0.29
2211 0.29
2212 0.29
2213 0.29
2214 0.29
2215 0.29
2216 0.29
2217 0.29
2218 0.29
2219 0.29
2220 0.29
2221 0.29
2222 0.29
2223 0.29
2224 0.29
2225 0.29
2226 0.29
2227 0.29
2228 0.29
2229 0.29
2230 0.29
2231 0.29
2232 0.29
2233 0.29
2234 0.29
2235 0.29
2236 0.29
2237 0.29
2238 0.29
2239 0.29
2240 0.29
2241 0.29
2242 0.29
2243 0.29
2244 0.29
2245 0.29
2246 0.29
2247 0.29
2248 0.29
2249 0.29
2250 0.29
2251 0.29
2252 0.29
2253 0.29
2254 0.29
2255 0.29
2256 0.29
2257 0.29
2258 0.29
2259 0.29
2260 0.29
2261 0.29
2262 0.29
2263 0.29
2264 0.29
2265 0.29
2266 0.29
2267 0.29
2268 0.29
2269 0.29
2270 0.29
2271 0.29
2272 0.29
2273 0.29
2274 0.29
2275 0.29
2276 0.29
2277 0.29
2278 0.29
2279 0.29
2280 0.29
2281 0.29
2282 0.29
2283 0.29
2284 0.29
2285 0.29
2286 0.29
2287 0.29
2288 0.29
2289 0.29
2290 0.29
2291 0.29
2292 0.29
2293 0.29
2294 0.29
2295 0.29
2296 0.29
2297 0.29
2298 0.29
2299 0.29
2300 0.29
2301 0.29
2302 0.29
2303 0.29
2304 0.29
2305 0.29
2306 0.29
2307 0.29
2308 0.29
2309 0.29
2310 0.29
2311 0.29
2312 0.29
2313 0.29
2314 0.29
2315 0.29
2316 0.29
2317 0.29
2318 0.29
2319 0.29
2320 0.29
2321 0.29
2322 0.29
2323 0.29
2324 0.29
2325 0.29
2326 0.29
2327 0.29
2328 0.29
2329 0.29
2330 0.29
2331 0.29
2332 0.29
2333 0.29
2334 0.29
2335 0.29
2336 0.29
2337 0.29
2338 0.29
2339 0.29
2340 0.29
2341 0.29
2342 0.29
2343 0.29
2344 0.29
2345 0.29
2346 0.29
2347 0.29
2348 0.29
2349 0.29
2350 0.29
2351 0.29
2352 0.29
2353 0.29
2354 0.29
2355 0.29
2356 0.29
2357 0.29
2358 0.29
2359 0.29
2360 0.29
2361 0.29
2362 0.29
2363 0.29
2364 0.29
2365 0.29
2366 0.29
2367 0.29
2368 0.29
2369 0.29
2370 0.29
2371 0.29
2372 0.29
2373 0.29
2374 0.29
2375 0.29
2376 0.29
2377 0.29
2378 0.29
2379 0.29
2380 0.29
2381 0.29
2382 0.29
2383 0.29
2384 0.29
2385 0.29
2386 0.29
2387 0.29
2388 0.29
2389 0.29
2390 0.29
2391 0.29
2392 0.29
2393 0.29
2394 0.29
2395 0.29
2396 0.29
2397 0.29
2398 0.29
2399 0.29
2400 0.29
2401 0.29
2402 0.29
2403 0.29
2404 0.29
2405 0.29
2406 0.29
2407 0.29
2408 0.29
2409 0.29
2410 0.29
2411 0.29
2412 0.29
2413 0.29
2414 0.29
2415 0.29
2416 0.29
2417 0.29
2418 0.29
2419 0.29
2420 0.29
2421 0.29
2422 0.29
2423 0.29
2424 0.29
2425 0.29
2426 0.29
2427 0.29
2428 0.29
2429 0.29
2430 0.29
2431 0.29
2432 0.29
2433 0.29
2434 0.29
2435 0.29
2436 0.29
2437 0.29
2438 0.29
2439 0.29
2440 0.29
2441 0.29
2442 0.29
2443 0.29
2444 0.29
2445 0.29
2446 0.29
2447 0.29
2448 0.29
2449 0.29
2450 0.29
2451 0.29
2452 0.29
2453 0.29
2454 0.29
2455 0.29
2456 0.29
2457 0.29
2458 0.29
2459 0.29
2460 0.29
2461 0.29
2462 0.29
2463 0.29
2464 0.29
2465 0.29
2466 0.29
2467 0.29
2468 0.29
2469 0.29
2470 0.29
2471 0.29
2472 0.29
2473 0.29
2474 0.29
2475 0.29
2476 0.29
2477 0.29
2478 0.29
2479 0.29
2480 0.29
2481 0.29
2482 0.29
2483 0.29
2484 0.29
2485 0.29
2486 0.29
2487 0.29
2488 0.29
2489 0.29
2490 0.29
2491 0.29
2492 0.29
2493 0.29
2494 0.29
2495 0.29
2496 0.29
2497 0.29
2498 0.29
2499 0.29
2500 0.37
2501 0.38
2502 0.37
2503 0.37
2504 0.37
2505 0.37
2506 0.37
2507 0.37
2508 0.37
2509 0.37
2510 0.37
2511 0.37
2512 0.38
2513 0.38
2514 0.38
2515 0.38
2516 0.37
2517 0.38
2518 0.38
2519 0.38
2520 0.38
2521 0.38
2522 0.38
2523 0.38
2524 0.38
2525 0.38
2526 0.38
2527 0.38
2528 0.38
2529 0.38
2530 0.38
2531 0.38
2532 0.38
2533 0.38
2534 0.38
2535 0.38
2536 0.38
2537 0.38
2538 0.38
2539 0.38
2540 0.38
2541 0.38
2542 0.38
2543 0.38
2544 0.38
2545 0.38
2546 0.38
2547 0.38
2548 0.38
2549 0.38
2550 0.38
2551 0.38
2552 0.38
2553 0.38
2554 0.37
2555 0.37
2556 0.37
2557 0.37
2558 0.37
2559 0.37
2560 0.37
2561 0.37
2562 0.37
2563 0.37
2564 0.37
2565 0.37
2566 0.37
2567 0.37
2568 0.37
2569 0.37
2570 0.37
2571 0.37
2572 0.37
2573 0.37
2574 0.37
2575 0.37
2576 0.37
2577 0.37
2578 0.37
2579 0.37
2580 0.37
2581 0.37
2582 0.37
2583 0.37
2584 0.37
2585 0.37
2586 0.37
2587 0.37
2588 0.37
2589 0.37
2590 0.37
2591 0.37
2592 0.37
2593 0.37
2594 0.37
2595 0.38
2596 0.38
2597 0.38
2598 0.38
2599 0.38
2600 0.38
2601 0.38
2602 0.38
2603 0.38
2604 0.38
2605 0.38
2606 0.38
2607 0.38
2608 0.38
2609 0.38
2610 0.38
2611 0.38
2612 0.38
2613 0.38
2614 0.38
2615 0.38
2616 0.38
2617 0.38
2618 0.38
2619 0.38
2620 0.38
2621 0.37
2622 0.37
2623 0.38
2624 0.37
2625 0.37
2626 0.37
2627 0.37
2628 0.37
2629 0.37
2630 0.37
2631 0.37
2632 0.37
2633 0.37
2634 0.37
2635 0.37
2636 0.37
2637 0.37
2638 0.37
2639 0.37
2640 0.37
2641 0.37
2642 0.37
2643 0.37
2644 0.37
2645 0.38
2646 0.38
2647 0.38
2648 0.38
2649 0.38
2650 0.38
2651 0.38
2652 0.38
2653 0.38
2654 0.38
2655 0.38
2656 0.38
2657 0.38
2658 0.38
2659 0.38
2660 0.38
2661 0.38
2662 0.38
2663 0.38
2664 0.38
2665 0.38
2666 0.38
2667 0.38
2668 0.38
2669 0.38
2670 0.38
2671 0.38
2672 0.38
2673 0.38
2674 0.38
2675 0.38
2676 0.38
2677 0.38
2678 0.38
2679 0.38
2680 0.38
2681 0.38
2682 0.38
2683 0.38
2684 0.38
2685 0.38
2686 0.38
2687 0.38
2688 0.38
2689 0.38
2690 0.38
2691 0.38
2692 0.38
2693 0.38
2694 0.38
2695 0.38
2696 0.38
2697 0.38
2698 0.38
2699 0.38
2700 0.38
2701 0.38
2702 0.38
2703 0.38
2704 0.38
2705 0.38
2706 0.38
2707 0.38
2708 0.38
2709 0.38
2710 0.38
2711 0.38
2712 0.38
2713 0.38
2714 0.38
2715 0.38
2716 0.38
2717 0.38
2718 0.38
2719 0.38
2720 0.38
2721 0.38
2722 0.38
2723 0.38
2724 0.38
2725 0.38
2726 0.38
2727 0.38
2728 0.38
2729 0.38
2730 0.38
2731 0.38
2732 0.38
2733 0.38
2734 0.38
2735 0.38
2736 0.38
2737 0.38
2738 0.38
2739 0.38
2740 0.38
2741 0.38
2742 0.38
2743 0.38
2744 0.38
2745 0.38
2746 0.38
2747 0.38
2748 0.38
2749 0.38
2750 0.38
2751 0.38
2752 0.38
2753 0.38
2754 0.38
2755 0.38
2756 0.38
2757 0.38
2758 0.38
2759 0.38
2760 0.38
2761 0.38
2762 0.38
2763 0.38
2764 0.38
2765 0.38
2766 0.38
2767 0.38
2768 0.38
2769 0.38
2770 0.38
2771 0.38
2772 0.38
2773 0.38
2774 0.38
2775 0.38
2776 0.38
2777 0.38
2778 0.38
2779 0.38
2780 0.38
2781 0.38
2782 0.38
2783 0.38
2784 0.38
2785 0.38
2786 0.38
2787 0.38
2788 0.38
2789 0.38
2790 0.38
2791 0.38
2792 0.38
2793 0.38
2794 0.38
2795 0.38
2796 0.38
2797 0.38
2798 0.38
2799 0.38
2800 0.38
2801 0.38
2802 0.38
2803 0.38
2804 0.38
2805 0.38
2806 0.38
2807 0.38
2808 0.38
2809 0.38
2810 0.38
2811 0.38
2812 0.38
2813 0.38
2814 0.38
2815 0.38
2816 0.38
2817 0.38
2818 0.38
2819 0.38
2820 0.38
2821 0.38
2822 0.38
2823 0.38
2824 0.38
2825 0.38
2826 0.38
2827 0.38
2828 0.38
2829 0.38
2830 0.38
2831 0.38
2832 0.38
2833 0.38
2834 0.38
2835 0.38
2836 0.38
2837 0.38
2838 0.38
2839 0.38
2840 0.38
2841 0.38
2842 0.38
2843 0.38
2844 0.38
2845 0.38
2846 0.38
2847 0.38
2848 0.38
2849 0.38
2850 0.38
2851 0.38
2852 0.38
2853 0.38
2854 0.38
2855 0.38
2856 0.38
2857 0.38
2858 0.38
2859 0.38
2860 0.38
2861 0.38
2862 0.38
2863 0.38
2864 0.38
2865 0.38
2866 0.38
2867 0.38
2868 0.38
2869 0.38
2870 0.38
2871 0.38
2872 0.38
2873 0.38
2874 0.38
2875 0.38
2876 0.38
2877 0.38
2878 0.38
2879 0.38
2880 0.38
2881 0.38
2882 0.38
2883 0.38
2884 0.38
2885 0.38
2886 0.38
2887 0.38
2888 0.38
2889 0.38
2890 0.38
2891 0.38
2892 0.38
2893 0.38
2894 0.38
2895 0.38
2896 0.38
2897 0.38
2898 0.38
2899 0.38
2900 0.38
2901 0.38
2902 0.38
2903 0.38
2904 0.38
2905 0.38
2906 0.38
2907 0.38
2908 0.38
2909 0.38
2910 0.38
2911 0.38
2912 0.38
2913 0.38
2914 0.38
2915 0.38
2916 0.38
2917 0.38
2918 0.38
2919 0.38
2920 0.38
2921 0.38
2922 0.38
2923 0.38
2924 0.38
2925 0.38
2926 0.38
2927 0.38
2928 0.38
2929 0.38
2930 0.38
2931 0.38
2932 0.38
2933 0.38
2934 0.38
2935 0.38
2936 0.38
2937 0.38
2938 0.38
2939 0.38
2940 0.38
2941 0.38
2942 0.38
2943 0.38
2944 0.38
2945 0.38
2946 0.38
2947 0.38
2948 0.38
2949 0.38
2950 0.38
2951 0.38
2952 0.38
2953 0.38
2954 0.38
2955 0.38
2956 0.38
2957 0.38
2958 0.38
2959 0.38
2960 0.38
2961 0.38
2962 0.38
2963 0.38
2964 0.38
2965 0.38
2966 0.38
2967 0.38
2968 0.38
2969 0.38
2970 0.38
2971 0.38
2972 0.38
2973 0.38
2974 0.38
2975 0.38
2976 0.38
2977 0.38
2978 0.38
2979 0.38
2980 0.38
2981 0.38
2982 0.38
2983 0.38
2984 0.38
2985 0.38
2986 0.38
2987 0.38
2988 0.38
2989 0.38
2990 0.37
2991 0.38
2992 0.37
2993 0.37
2994 0.38
2995 0.38
2996 0.38
2997 0.38
2998 0.38
2999 0.37
3000 0.39
3001 0.39
3002 0.39
3003 0.39
3004 0.39
3005 0.39
3006 0.39
3007 0.39
3008 0.39
3009 0.39
3010 0.39
3011 0.39
3012 0.39
3013 0.39
3014 0.39
3015 0.39
3016 0.39
3017 0.39
3018 0.39
3019 0.39
3020 0.39
3021 0.39
3022 0.39
3023 0.39
3024 0.40
3025 0.40
3026 0.40
3027 0.39
3028 0.39
3029 0.39
3030 0.39
3031 0.39
3032 0.39
3033 0.39
3034 0.39
3035 0.39
3036 0.39
3037 0.40
3038 0.40
3039 0.40
3040 0.40
3041 0.40
3042 0.39
3043 0.39
3044 0.39
3045 0.39
3046 0.40
3047 0.40
3048 0.40
3049 0.40
3050 0.40
3051 0.40
3052 0.40
3053 0.40
3054 0.40
3055 0.40
3056 0.40
3057 0.39
3058 0.39
3059 0.39
3060 0.39
3061 0.39
3062 0.39
3063 0.39
3064 0.39
3065 0.39
3066 0.39
3067 0.39
3068 0.39
3069 0.39
3070 0.39
3071 0.39
3072 0.40
3073 0.40
3074 0.40
3075 0.40
3076 0.39
3077 0.39
3078 0.39
3079 0.40
3080 0.39
3081 0.39
3082 0.40
3083 0.39
3084 0.40
3085 0.39
3086 0.40
3087 0.40
3088 0.40
3089 0.40
3090 0.40
3091 0.40
3092 0.40
3093 0.40
3094 0.40
3095 0.40
3096 0.40
3097 0.40
3098 0.40
3099 0.40
3100 0.40
3101 0.40
3102 0.40
3103 0.39
3104 0.39
3105 0.39
3106 0.39
3107 0.39
3108 0.39
3109 0.39
3110 0.39
3111 0.39
3112 0.39
3113 0.39
3114 0.39
3115 0.40
3116 0.40
3117 0.39
3118 0.39
3119 0.39
3120 0.39
3121 0.39
3122 0.39
3123 0.39
3124 0.39
3125 0.39
3126 0.39
3127 0.39
3128 0.39
3129 0.39
3130 0.39
3131 0.39
3132 0.39
3133 0.39
3134 0.39
3135 0.39
3136 0.39
3137 0.39
3138 0.39
3139 0.39
3140 0.39
3141 0.39
3142 0.39
3143 0.39
3144 0.39
3145 0.39
3146 0.39
3147 0.39
3148 0.39
3149 0.39
3150 0.39
3151 0.39
3152 0.39
3153 0.39
3154 0.39
3155 0.39
3156 0.39
3157 0.40
3158 0.40
3159 0.40
3160 0.40
3161 0.40
3162 0.40
3163 0.40
3164 0.40
3165 0.40
3166 0.40
3167 0.40
3168 0.40
3169 0.40
3170 0.40
3171 0.40
3172 0.40
3173 0.40
3174 0.40
3175 0.40
3176 0.40
3177 0.40
3178 0.40
3179 0.40
3180 0.40
3181 0.40
3182 0.40
3183 0.40
3184 0.39
3185 0.40
3186 0.40
3187 0.40
3188 0.40
3189 0.40
3190 0.40
3191 0.40
3192 0.40
3193 0.40
3194 0.40
3195 0.40
3196 0.40
3197 0.40
3198 0.40
3199 0.40
3200 0.40
3201 0.40
3202 0.40
3203 0.40
3204 0.40
3205 0.40
3206 0.40
3207 0.40
3208 0.40
3209 0.40
3210 0.40
3211 0.40
3212 0.40
3213 0.40
3214 0.40
3215 0.40
3216 0.40
3217 0.40
3218 0.40
3219 0.40
3220 0.40
3221 0.40
3222 0.40
3223 0.40
3224 0.40
3225 0.40
3226 0.40
3227 0.40
3228 0.40
3229 0.40
3230 0.40
3231 0.40
3232 0.40
3233 0.40
3234 0.40
3235 0.40
3236 0.40
3237 0.39
3238 0.39
3239 0.39
3240 0.39
3241 0.40
3242 0.40
3243 0.40
3244 0.40
3245 0.40
3246 0.40
3247 0.40
3248 0.40
3249 0.40
3250 0.40
3251 0.40
3252 0.40
3253 0.40
3254 0.40
3255 0.40
3256 0.40
3257 0.40
3258 0.40
3259 0.40
3260 0.40
3261 0.40
3262 0.40
3263 0.40
3264 0.40
3265 0.40
3266 0.40
3267 0.40
3268 0.40
3269 0.40
3270 0.40
3271 0.40
3272 0.40
3273 0.40
3274 0.40
3275 0.40
3276 0.40
3277 0.40
3278 0.40
3279 0.40
3280 0.40
3281 0.40
3282 0.40
3283 0.40
3284 0.40
3285 0.40
3286 0.40
3287 0.40
3288 0.40
3289 0.40
3290 0.40
3291 0.40
3292 0.40
3293 0.40
3294 0.40
3295 0.40
3296 0.40
3297 0.40
3298 0.40
3299 0.40
3300 0.40
3301 0.40
3302 0.40
3303 0.40
3304 0.40
3305 0.40
3306 0.40
3307 0.40
3308 0.40
3309 0.40
3310 0.40
3311 0.40
3312 0.40
3313 0.40
3314 0.40
3315 0.40
3316 0.40
3317 0.40
3318 0.40
3319 0.40
3320 0.40
3321 0.40
3322 0.40
3323 0.40
3324 0.40
3325 0.40
3326 0.40
3327 0.40
3328 0.40
3329 0.40
3330 0.40
3331 0.40
3332 0.40
3333 0.40
3334 0.40
3335 0.40
3336 0.40
3337 0.40
3338 0.40
3339 0.40
3340 0.40
3341 0.40
3342 0.40
3343 0.40
3344 0.40
3345 0.40
3346 0.40
3347 0.40
3348 0.40
3349 0.40
3350 0.40
3351 0.40
3352 0.40
3353 0.40
3354 0.40
3355 0.40
3356 0.40
3357 0.40
3358 0.40
3359 0.40
3360 0.40
3361 0.40
3362 0.40
3363 0.40
3364 0.40
3365 0.40
3366 0.40
3367 0.40
3368 0.40
3369 0.40
3370 0.39
3371 0.40
3372 0.39
3373 0.39
3374 0.39
3375 0.39
3376 0.39
3377 0.39
3378 0.39
3379 0.39
3380 0.39
3381 0.39
3382 0.39
3383 0.40
3384 0.39
3385 0.40
3386 0.40
3387 0.39
3388 0.39
3389 0.39
3390 0.39
3391 0.39
3392 0.39
3393 0.39
3394 0.39
3395 0.39
3396 0.39
3397 0.39
3398 0.39
3399 0.39
3400 0.39
3401 0.39
3402 0.39
3403 0.39
3404 0.39
3405 0.39
3406 0.39
3407 0.39
3408 0.39
3409 0.39
3410 0.39
3411 0.39
3412 0.39
3413 0.39
3414 0.39
3415 0.39
3416 0.39
3417 0.39
3418 0.39
3419 0.39
3420 0.39
3421 0.39
3422 0.39
3423 0.39
3424 0.39
3425 0.39
3426 0.39
3427 0.39
3428 0.39
3429 0.39
3430 0.39
3431 0.39
3432 0.39
3433 0.39
3434 0.39
3435 0.39
3436 0.39
3437 0.39
3438 0.39
3439 0.39
3440 0.39
3441 0.39
3442 0.39
3443 0.39
3444 0.39
3445 0.39
3446 0.39
3447 0.39
3448 0.39
3449 0.39
3450 0.39
3451 0.39
3452 0.39
3453 0.39
3454 0.39
3455 0.39
3456 0.39
3457 0.39
3458 0.39
3459 0.39
3460 0.39
3461 0.39
3462 0.39
3463 0.39
3464 0.39
3465 0.39
3466 0.39
3467 0.39
3468 0.39
3469 0.39
3470 0.39
3471 0.39
3472 0.39
3473 0.39
3474 0.39
3475 0.39
3476 0.39
3477 0.39
3478 0.39
3479 0.39
3480 0.39
3481 0.39
3482 0.39
3483 0.39
3484 0.39
3485 0.39
3486 0.39
3487 0.39
3488 0.39
3489 0.39
3490 0.39
3491 0.39
3492 0.39
3493 0.39
3494 0.39
3495 0.39
3496 0.39
3497 0.39
3498 0.39
3499 0.39
3500 0.45
3501 0.45
3502 0.45
3503 0.45
3504 0.45
3505 0.45
3506 0.45
3507 0.45
3508 0.45
3509 0.45
3510 0.45
3511 0.45
3512 0.45
3513 0.45
3514 0.45
3515 0.45
3516 0.45
3517 0.45
3518 0.45
3519 0.45
3520 0.45
3521 0.45
3522 0.45
3523 0.45
3524 0.45
3525 0.45
3526 0.45
3527 0.45
3528 0.45
3529 0.45
3530 0.45
3531 0.45
3532 0.45
3533 0.45
3534 0.45
3535 0.45
3536 0.45
3537 0.45
3538 0.45
3539 0.45
3540 0.45
3541 0.45
3542 0.45
3543 0.45
3544 0.45
3545 0.45
3546 0.45
3547 0.45
3548 0.45
3549 0.45
3550 0.45
3551 0.45
3552 0.45
3553 0.45
3554 0.45
3555 0.45
3556 0.45
3557 0.45
3558 0.45
3559 0.45
3560 0.45
3561 0.45
3562 0.45
3563 0.45
3564 0.45
3565 0.45
3566 0.45
3567 0.45
3568 0.45
3569 0.45
3570 0.45
3571 0.45
3572 0.45
3573 0.45
3574 0.45
3575 0.45
3576 0.45
3577 0.45
3578 0.45
3579 0.45
3580 0.45
3581 0.45
3582 0.45
3583 0.45
3584 0.45
3585 0.45
3586 0.45
3587 0.45
3588 0.45
3589 0.45
3590 0.45
3591 0.45
3592 0.45
3593 0.45
3594 0.45
3595 0.45
3596 0.45
3597 0.45
3598 0.45
3599 0.45
3600 0.45
3601 0.45
3602 0.45
3603 0.45
3604 0.45
3605 0.45
3606 0.45
3607 0.45
3608 0.45
3609 0.45
3610 0.45
3611 0.45
3612 0.45
3613 0.45
3614 0.45
3615 0.45
3616 0.45
3617 0.45
3618 0.45
3619 0.45
3620 0.45
3621 0.45
3622 0.45
3623 0.45
3624 0.45
3625 0.45
3626 0.45
3627 0.45
3628 0.45
3629 0.45
3630 0.45
3631 0.45
3632 0.45
3633 0.45
3634 0.45
3635 0.45
3636 0.45
3637 0.45
3638 0.45
3639 0.45
3640 0.45
3641 0.45
3642 0.45
3643 0.45
3644 0.45
3645 0.45
3646 0.45
3647 0.45
3648 0.45
3649 0.45
3650 0.45
3651 0.45
3652 0.45
3653 0.45
3654 0.45
3655 0.45
3656 0.45
3657 0.45
3658 0.45
3659 0.45
3660 0.45
3661 0.45
3662 0.45
3663 0.45
3664 0.45
3665 0.45
3666 0.45
3667 0.45
3668 0.45
3669 0.45
3670 0.45
3671 0.45
3672 0.45
3673 0.45
3674 0.45
3675 0.45
3676 0.45
3677 0.45
3678 0.45
3679 0.45
3680 0.45
3681 0.45
3682 0.45
3683 0.45
3684 0.45
3685 0.45
3686 0.45
3687 0.45
3688 0.45
3689 0.45
3690 0.45
3691 0.45
3692 0.45
3693 0.45
3694 0.45
3695 0.45
3696 0.45
3697 0.45
3698 0.45
3699 0.45
3700 0.45
3701 0.45
3702 0.45
3703 0.45
3704 0.45
3705 0.45
3706 0.45
3707 0.45
3708 0.45
3709 0.45
3710 0.45
3711 0.45
3712 0.45
3713 0.45
3714 0.45
3715 0.45
3716 0.45
3717 0.45
3718 0.45
3719 0.45
3720 0.45
3721 0.45
3722 0.45
3723 0.45
3724 0.45
3725 0.45
3726 0.45
3727 0.45
3728 0.45
3729 0.45
3730 0.45
3731 0.45
3732 0.45
3733 0.45
3734 0.45
3735 0.45
3736 0.45
3737 0.45
3738 0.45
3739 0.45
3740 0.45
3741 0.45
3742 0.45
3743 0.45
3744 0.45
3745 0.45
3746 0.45
3747 0.45
3748 0.45
3749 0.45
3750 0.45
3751 0.45
3752 0.45
3753 0.45
3754 0.45
3755 0.45
3756 0.45
3757 0.45
3758 0.45
3759 0.45
3760 0.45
3761 0.45
3762 0.45
3763 0.45
3764 0.45
3765 0.45
3766 0.45
3767 0.45
3768 0.45
3769 0.45
3770 0.45
3771 0.45
3772 0.45
3773 0.45
3774 0.45
3775 0.45
3776 0.45
3777 0.45
3778 0.45
3779 0.45
3780 0.45
3781 0.45
3782 0.45
3783 0.45
3784 0.46
3785 0.46
3786 0.45
3787 0.45
3788 0.46
3789 0.46
3790 0.46
3791 0.45
3792 0.45
3793 0.45
3794 0.46
3795 0.46
3796 0.46
3797 0.46
3798 0.45
3799 0.45
3800 0.45
3801 0.45
3802 0.45
3803 0.45
3804 0.45
3805 0.45
3806 0.45
3807 0.45
3808 0.45
3809 0.45
3810 0.45
3811 0.45
3812 0.45
3813 0.45
3814 0.45
3815 0.45
3816 0.45
3817 0.45
3818 0.45
3819 0.45
3820 0.45
3821 0.45
3822 0.45
3823 0.45
3824 0.45
3825 0.45
3826 0.45
3827 0.45
3828 0.45
3829 0.46
3830 0.46
3831 0.46
3832 0.46
3833 0.46
3834 0.46
3835 0.46
3836 0.46
3837 0.46
3838 0.46
3839 0.46
3840 0.46
3841 0.46
3842 0.46
3843 0.46
3844 0.46
3845 0.46
3846 0.46
3847 0.46
3848 0.46
3849 0.46
3850 0.46
3851 0.46
3852 0.46
3853 0.46
3854 0.46
3855 0.46
3856 0.45
3857 0.45
3858 0.45
3859 0.45
3860 0.45
3861 0.45
3862 0.45
3863 0.45
3864 0.46
3865 0.46
3866 0.46
3867 0.46
3868 0.46
3869 0.46
3870 0.46
3871 0.46
3872 0.46
3873 0.46
3874 0.46
3875 0.46
3876 0.46
3877 0.46
3878 0.46
3879 0.46
3880 0.46
3881 0.46
3882 0.46
3883 0.46
3884 0.46
3885 0.46
3886 0.46
3887 0.46
3888 0.46
3889 0.46
3890 0.46
3891 0.46
3892 0.46
3893 0.46
3894 0.46
3895 0.46
3896 0.46
3897 0.46
3898 0.46
3899 0.46
3900 0.46
3901 0.46
3902 0.46
3903 0.46
3904 0.46
3905 0.46
3906 0.46
3907 0.46
3908 0.46
3909 0.46
3910 0.46
3911 0.46
3912 0.46
3913 0.46
3914 0.46
3915 0.46
3916 0.46
3917 0.46
3918 0.46
3919 0.46
3920 0.46
3921 0.46
3922 0.46
3923 0.46
3924 0.46
3925 0.46
3926 0.46
3927 0.46
3928 0.46
3929 0.46
3930 0.46
3931 0.46
3932 0.46
3933 0.46
3934 0.46
3935 0.46
3936 0.46
3937 0.46
3938 0.46
3939 0.46
3940 0.46
3941 0.46
3942 0.46
3943 0.46
3944 0.46
3945 0.46
3946 0.46
3947 0.46
3948 0.46
3949 0.46
3950 0.46
3951 0.46
3952 0.45
3953 0.45
3954 0.45
3955 0.45
3956 0.46
3957 0.45
3958 0.45
3959 0.45
3960 0.45
3961 0.45
3962 0.45
3963 0.45
3964 0.45
3965 0.45
3966 0.46
3967 0.46
3968 0.46
3969 0.46
3970 0.46
3971 0.46
3972 0.46
3973 0.46
3974 0.46
3975 0.45
3976 0.45
3977 0.45
3978 0.45
3979 0.45
3980 0.45
3981 0.45
3982 0.45
3983 0.45
3984 0.45
3985 0.45
3986 0.45
3987 0.45
3988 0.45
3989 0.45
3990 0.45
3991 0.45
3992 0.45
3993 0.45
3994 0.45
3995 0.45
3996 0.45
3997 0.45
3998 0.45
3999 0.45
4000 0.45
4001 0.45
4002 0.45
4003 0.45
4004 0.45
4005 0.45
4006 0.45
4007 0.45
4008 0.45
4009 0.45
4010 0.45
4011 0.45
4012 0.45
4013 0.45
4014 0.45
4015 0.45
4016 0.45
4017 0.45
4018 0.45
4019 0.45
4020 0.45
4021 0.45
4022 0.45
4023 0.45
4024 0.45
4025 0.45
4026 0.45
4027 0.45
4028 0.45
4029 0.45
4030 0.45
4031 0.45
4032 0.45
4033 0.45
4034 0.45
4035 0.45
4036 0.45
4037 0.45
4038 0.45
4039 0.45
4040 0.45
4041 0.45
4042 0.45
4043 0.45
4044 0.45
4045 0.45
4046 0.45
4047 0.45
4048 0.45
4049 0.45
4050 0.45
4051 0.45
4052 0.45
4053 0.45
4054 0.45
4055 0.45
4056 0.45
4057 0.45
4058 0.45
4059 0.45
4060 0.45
4061 0.45
4062 0.45
4063 0.45
4064 0.45
4065 0.45
4066 0.45
4067 0.45
4068 0.45
4069 0.45
4070 0.45
4071 0.45
4072 0.45
4073 0.45
4074 0.45
4075 0.45
4076 0.45
4077 0.45
4078 0.45
4079 0.45
4080 0.45
4081 0.45
4082 0.45
4083 0.45
4084 0.45
4085 0.45
4086 0.45
4087 0.45
4088 0.45
4089 0.45
4090 0.45
4091 0.45
4092 0.45
4093 0.45
4094 0.45
4095 0.45
4096 0.45
4097 0.45
4098 0.45
4099 0.45
4100 0.45
4101 0.45
4102 0.45
4103 0.45
4104 0.45
4105 0.45
4106 0.45
4107 0.45
4108 0.45
4109 0.45
4110 0.45
4111 0.45
4112 0.45
4113 0.45
4114 0.45
4115 0.45
4116 0.45
4117 0.45
4118 0.45
4119 0.45
4120 0.45
4121 0.45
4122 0.45
4123 0.45
4124 0.45
4125 0.45
4126 0.45
4127 0.45
4128 0.45
4129 0.45
4130 0.45
4131 0.45
4132 0.45
4133 0.45
4134 0.45
4135 0.45
4136 0.45
4137 0.45
4138 0.45
4139 0.45
4140 0.45
4141 0.45
4142 0.45
4143 0.45
4144 0.45
4145 0.45
4146 0.45
4147 0.45
4148 0.45
4149 0.45
4150 0.45
4151 0.45
4152 0.45
4153 0.45
4154 0.45
4155 0.45
4156 0.45
4157 0.45
4158 0.45
4159 0.45
4160 0.45
4161 0.45
4162 0.45
4163 0.45
4164 0.45
4165 0.45
4166 0.45
4167 0.45
4168 0.45
4169 0.45
4170 0.45
4171 0.45
4172 0.45
4173 0.45
4174 0.45
4175 0.45
4176 0.45
4177 0.45
4178 0.45
4179 0.45
4180 0.45
4181 0.45
4182 0.45
4183 0.45
4184 0.45
4185 0.45
4186 0.45
4187 0.45
4188 0.45
4189 0.45
4190 0.45
4191 0.45
4192 0.45
4193 0.45
4194 0.45
4195 0.45
4196 0.45
4197 0.45
4198 0.45
4199 0.45
4200 0.45
4201 0.45
4202 0.45
4203 0.45
4204 0.45
4205 0.45
4206 0.45
4207 0.45
4208 0.45
4209 0.45
4210 0.45
4211 0.45
4212 0.45
4213 0.45
4214 0.45
4215 0.45
4216 0.45
4217 0.45
4218 0.45
4219 0.45
4220 0.45
4221 0.45
4222 0.45
4223 0.45
4224 0.45
4225 0.45
4226 0.45
4227 0.45
4228 0.45
4229 0.45
4230 0.45
4231 0.45
4232 0.45
4233 0.45
4234 0.45
4235 0.45
4236 0.45
4237 0.45
4238 0.45
4239 0.45
4240 0.45
4241 0.45
4242 0.45
4243 0.45
4244 0.45
4245 0.45
4246 0.45
4247 0.45
4248 0.45
4249 0.45
4250 0.45
4251 0.45
4252 0.45
4253 0.45
4254 0.45
4255 0.45
4256 0.45
4257 0.45
4258 0.45
4259 0.45
4260 0.45
4261 0.45
4262 0.45
4263 0.45
4264 0.45
4265 0.45
4266 0.45
4267 0.45
4268 0.45
4269 0.45
4270 0.45
4271 0.45
4272 0.45
4273 0.45
4274 0.45
4275 0.45
4276 0.45
4277 0.45
4278 0.45
4279 0.45
4280 0.45
4281 0.45
4282 0.45
4283 0.45
4284 0.45
4285 0.45
4286 0.45
4287 0.45
4288 0.45
4289 0.45
4290 0.45
4291 0.45
4292 0.45
4293 0.45
4294 0.45
4295 0.45
4296 0.45
4297 0.45
4298 0.45
4299 0.45
4300 0.45
4301 0.45
4302 0.45
4303 0.45
4304 0.45
4305 0.45
4306 0.45
4307 0.45
4308 0.45
4309 0.45
4310 0.45
4311 0.45
4312 0.45
4313 0.45
4314 0.45
4315 0.45
4316 0.45
4317 0.45
4318 0.45
4319 0.45
4320 0.45
4321 0.45
4322 0.45
4323 0.45
4324 0.45
4325 0.45
4326 0.45
4327 0.45
4328 0.45
4329 0.45
4330 0.45
4331 0.45
4332 0.45
4333 0.45
4334 0.45
4335 0.45
4336 0.45
4337 0.45
4338 0.45
4339 0.45
4340 0.45
4341 0.45
4342 0.45
4343 0.45
4344 0.45
4345 0.45
4346 0.45
4347 0.45
4348 0.45
4349 0.45
4350 0.45
4351 0.45
4352 0.45
4353 0.45
4354 0.45
4355 0.45
4356 0.45
4357 0.45
4358 0.45
4359 0.45
4360 0.45
4361 0.45
4362 0.45
4363 0.45
4364 0.45
4365 0.45
4366 0.45
4367 0.45
4368 0.45
4369 0.45
4370 0.45
4371 0.45
4372 0.45
4373 0.45
4374 0.45
4375 0.45
4376 0.45
4377 0.45
4378 0.45
4379 0.45
4380 0.45
4381 0.45
4382 0.45
4383 0.45
4384 0.45
4385 0.45
4386 0.45
4387 0.45
4388 0.45
4389 0.45
4390 0.45
4391 0.45
4392 0.45
4393 0.45
4394 0.45
4395 0.45
4396 0.45
4397 0.45
4398 0.45
4399 0.45
4400 0.45
4401 0.45
4402 0.45
4403 0.45
4404 0.45
4405 0.45
4406 0.45
4407 0.45
4408 0.45
4409 0.45
4410 0.45
4411 0.45
4412 0.45
4413 0.45
4414 0.45
4415 0.45
4416 0.45
4417 0.45
4418 0.45
4419 0.45
4420 0.45
4421 0.45
4422 0.45
4423 0.45
4424 0.45
4425 0.45
4426 0.45
4427 0.45
4428 0.45
4429 0.45
4430 0.45
4431 0.45
4432 0.45
4433 0.45
4434 0.45
4435 0.45
4436 0.45
4437 0.45
4438 0.45
4439 0.45
4440 0.45
4441 0.45
4442 0.45
4443 0.45
4444 0.45
4445 0.45
4446 0.45
4447 0.45
4448 0.45
4449 0.45
4450 0.45
4451 0.45
4452 0.45
4453 0.45
4454 0.45
4455 0.45
4456 0.45
4457 0.45
4458 0.45
4459 0.45
4460 0.45
4461 0.45
4462 0.45
4463 0.45
4464 0.45
4465 0.45
4466 0.45
4467 0.45
4468 0.45
4469 0.45
4470 0.45
4471 0.45
4472 0.45
4473 0.45
4474 0.45
4475 0.45
4476 0.45
4477 0.45
4478 0.45
4479 0.45
4480 0.45
4481 0.45
4482 0.45
4483 0.45
4484 0.45
4485 0.45
4486 0.45
4487 0.45
4488 0.45
4489 0.45
4490 0.45
4491 0.45
4492 0.45
4493 0.45
4494 0.45
4495 0.45
4496 0.45
4497 0.45
4498 0.45
4499 0.45
4500 0.45
4501 0.45
4502 0.45
4503 0.45
4504 0.45
4505 0.45
4506 0.45
4507 0.45
4508 0.45
4509 0.45
4510 0.45
4511 0.45
4512 0.45
4513 0.45
4514 0.45
4515 0.45
4516 0.45
4517 0.45
4518 0.45
4519 0.45
4520 0.45
4521 0.45
4522 0.45
4523 0.45
4524 0.45
4525 0.45
4526 0.45
4527 0.45
4528 0.45
4529 0.45
4530 0.45
4531 0.45
4532 0.45
4533 0.45
4534 0.45
4535 0.45
4536 0.45
4537 0.45
4538 0.45
4539 0.45
4540 0.45
4541 0.45
4542 0.45
4543 0.45
4544 0.45
4545 0.45
4546 0.45
4547 0.45
4548 0.45
4549 0.45
4550 0.45
4551 0.45
4552 0.45
4553 0.45
4554 0.45
4555 0.45
4556 0.45
4557 0.45
4558 0.45
4559 0.45
4560 0.45
4561 0.45
4562 0.45
4563 0.45
4564 0.45
4565 0.45
4566 0.45
4567 0.45
4568 0.45
4569 0.45
4570 0.45
4571 0.45
4572 0.45
4573 0.45
4574 0.45
4575 0.45
4576 0.45
4577 0.45
4578 0.45
4579 0.45
4580 0.45
4581 0.45
4582 0.45
4583 0.45
4584 0.45
4585 0.45
4586 0.45
4587 0.45
4588 0.45
4589 0.45
4590 0.45
4591 0.45
4592 0.45
4593 0.45
4594 0.45
4595 0.45
4596 0.45
4597 0.45
4598 0.45
4599 0.45
4600 0.45
4601 0.45
4602 0.45
4603 0.45
4604 0.45
4605 0.45
4606 0.45
4607 0.45
4608 0.45
4609 0.45
4610 0.45
4611 0.45
4612 0.45
4613 0.45
4614 0.45
4615 0.45
4616 0.45
4617 0.45
4618 0.45
4619 0.45
4620 0.45
4621 0.45
4622 0.45
4623 0.45
4624 0.45
4625 0.45
4626 0.45
4627 0.45
4628 0.45
4629 0.45
4630 0.45
4631 0.45
4632 0.45
4633 0.45
4634 0.45
4635 0.45
4636 0.45
4637 0.45
4638 0.45
4639 0.45
4640 0.45
4641 0.45
4642 0.45
4643 0.45
4644 0.45
4645 0.45
4646 0.45
4647 0.45
4648 0.45
4649 0.45
4650 0.45
4651 0.45
4652 0.45
4653 0.45
4654 0.45
4655 0.45
4656 0.45
4657 0.45
4658 0.46
4659 0.45
4660 0.45
4661 0.45
4662 0.45
4663 0.45
4664 0.45
4665 0.45
4666 0.45
4667 0.45
4668 0.45
4669 0.45
4670 0.45
4671 0.45
4672 0.45
4673 0.45
4674 0.45
4675 0.45
4676 0.45
4677 0.45
4678 0.45
4679 0.45
4680 0.45
4681 0.45
4682 0.45
4683 0.45
4684 0.45
4685 0.45
4686 0.45
4687 0.45
4688 0.45
4689 0.45
4690 0.45
4691 0.45
4692 0.45
4693 0.45
4694 0.45
4695 0.45
4696 0.45
4697 0.45
4698 0.45
4699 0.45
4700 0.45
4701 0.45
4702 0.45
4703 0.45
4704 0.45
4705 0.45
4706 0.45
4707 0.45
4708 0.45
4709 0.45
4710 0.45
4711 0.45
4712 0.45
4713 0.45
4714 0.45
4715 0.45
4716 0.45
4717 0.45
4718 0.45
4719 0.45
4720 0.45
4721 0.45
4722 0.45
4723 0.45
4724 0.45
4725 0.45
4726 0.45
4727 0.45
4728 0.45
4729 0.45
4730 0.45
4731 0.45
4732 0.45
4733 0.45
4734 0.45
4735 0.45
4736 0.45
4737 0.45
4738 0.45
4739 0.45
4740 0.45
4741 0.45
4742 0.45
4743 0.45
4744 0.45
4745 0.45
4746 0.45
4747 0.45
4748 0.45
4749 0.45
4750 0.45
4751 0.45
4752 0.45
4753 0.45
4754 0.45
4755 0.45
4756 0.45
4757 0.45
4758 0.45
4759 0.45
4760 0.45
4761 0.45
4762 0.45
4763 0.45
4764 0.45
4765 0.45
4766 0.45
4767 0.45
4768 0.45
4769 0.45
4770 0.45
4771 0.45
4772 0.45
4773 0.45
4774 0.45
4775 0.45
4776 0.45
4777 0.45
4778 0.45
4779 0.45
4780 0.45
4781 0.45
4782 0.45
4783 0.45
4784 0.46
4785 0.46
4786 0.45
4787 0.45
4788 0.46
4789 0.46
4790 0.46
4791 0.45
4792 0.45
4793 0.45
4794 0.46
4795 0.46
4796 0.46
4797 0.46
4798 0.45
4799 0.45
4800 0.45
4801 0.45
4802 0.45
4803 0.45
4804 0.45
4805 0.45
4806 0.45
4807 0.45
4808 0.45
4809 0.45
4810 0.45
4811 0.45
4812 0.45
4813 0.45
4814 0.45
4815 0.45
4816 0.45
4817 0.45
4818 0.45
4819 0.45
4820 0.45
4821 0.45
4822 0.45
4823 0.46
4824 0.45
4825 0.45
4826 0.45
4827 0.45
4828 0.45
4829 0.46
4830 0.46
4831 0.46
4832 0.46
4833 0.46
4834 0.46
4835 0.46
4836 0.46
4837 0.46
4838 0.46
4839 0.46
4840 0.46
4841 0.46
4842 0.46
4843 0.46
4844 0.46
4845 0.46
4846 0.46
4847 0.46
4848 0.46
4849 0.46
4850 0.46
4851 0.46
4852 0.46
4853 0.46
4854 0.46
4855 0.46
4856 0.46
4857 0.45
4858 0.45
4859 0.45
4860 0.45
4861 0.46
4862 0.46
4863 0.45
4864 0.46
4865 0.46
4866 0.46
4867 0.46
4868 0.46
4869 0.46
4870 0.46
4871 0.46
4872 0.46
4873 0.46
4874 0.46
4875 0.46
4876 0.46
4877 0.46
4878 0.46
4879 0.46
4880 0.46
4881 0.46
4882 0.46
4883 0.46
4884 0.46
4885 0.46
4886 0.46
4887 0.46
4888 0.46
4889 0.46
4890 0.46
4891 0.46
4892 0.46
4893 0.46
4894 0.46
4895 0.46
4896 0.46
4897 0.46
4898 0.46
4899 0.46
4900 0.46
4901 0.46
4902 0.46
4903 0.46
4904 0.46
4905 0.46
4906 0.46
4907 0.46
4908 0.46
4909 0.46
4910 0.46
4911 0.46
4912 0.46
4913 0.46
4914 0.46
4915 0.46
4916 0.46
4917 0.46
4918 0.46
4919 0.46
4920 0.46
4921 0.46
4922 0.46
4923 0.46
4924 0.46
4925 0.46
4926 0.46
4927 0.46
4928 0.46
4929 0.46
4930 0.46
4931 0.46
4932 0.46
4933 0.46
4934 0.46
4935 0.46
4936 0.46
4937 0.46
4938 0.46
4939 0.46
4940 0.46
4941 0.46
4942 0.46
4943 0.46
4944 0.46
4945 0.46
4946 0.46
4947 0.46
4948 0.46
4949 0.46
4950 0.46
4951 0.46
4952 0.45
4953 0.45
4954 0.45
4955 0.45
4956 0.46
4957 0.45
4958 0.45
4959 0.45
4960 0.45
4961 0.45
4962 0.45
4963 0.45
4964 0.45
4965 0.45
4966 0.46
4967 0.46
4968 0.46
4969 0.46
4970 0.46
4971 0.46
4972 0.46
4973 0.46
4974 0.46
4975 0.45
4976 0.45
4977 0.45
4978 0.45
4979 0.45
4980 0.45
4981 0.45
4982 0.45
4983 0.45
4984 0.45
4985 0.45
4986 0.45
4987 0.45
4988 0.45
4989 0.45
4990 0.45
4991 0.45
4992 0.45
4993 0.45
4994 0.45
4995 0.45
4996 0.45
4997 0.45
4998 0.45
4999 0.45
