0 -0.15
1 -0.14
2 -0.20
3 -0.18
4 -0.21
5 -0.14
6 -0.09
7 0.34
8 0.46
9 0.42
10 0.49
11 -0.11
12 -0.32
13 0.40
14 -0.31
15 0.49
16 -0.26
17 -0.32
18 -0.20
19 -0.34
20 0.44
21 -0.31
22 0.49
23 -0.07
24 -0.31
25 -0.31
26 0.44
27 -0.00
28 -0.36
29 -0.18
30 -0.04
31 -0.17
32 -0.14
33 -0.21
34 -0.34
35 -0.15
36 -0.05
37 -0.15
38 -0.24
39 -0.25
40 -0.24
41 -0.21
42 0.44
43 -0.29
44 -0.31
45 0.31
46 -0.29
47 -0.24
48 0.44
49 -0.32
50 0.49
51 0.49
52 0.42
53 0.44
54 -0.16
55 0.36
56 0.44
57 -0.18
58 0.46
59 -0.20
60 0.46
61 0.49
62 -0.26
63 -0.25
64 0.49
65 -0.09
66 -0.32
67 0.49
68 0.46
69 0.31
70 0.49
71 0.49
72 0.44
73 0.49
74 0.49
75 0.49
76 0.49
77 0.36
78 0.49
79 0.42
80 -0.19
81 -0.26
82 -0.29
83 -0.34
84 -0.24
85 0.49
86 -0.26
87 0.46
88 -0.34
89 0.49
90 0.46
91 0.46
92 0.49
93 0.49
94 -0.32
95 -0.20
96 0.42
97 0.49
98 0.49
99 0.49
100 0.46
101 0.49
102 -0.09
103 -0.32
104 -0.34
105 0.49
106 0.44
107 0.40
108 -0.12
109 0.49
110 0.42
111 0.49
112 0.49
113 0.49
114 0.34
115 0.49
116 -0.36
117 0.46
118 0.49
119 -0.29
120 0.32
121 0.49
122 0.46
123 -0.09
124 0.49
125 -0.21
126 0.40
127 0.49
128 0.49
129 0.49
130 -0.36
131 -0.34
132 0.46
133 0.40
134 -0.32
135 -0.24
136 0.44
137 0.46
138 -0.34
139 -0.19
140 0.31
141 -0.34
142 0.49
143 0.49
144 -0.28
145 -0.31
146 0.46
147 0.49
148 0.44
149 0.49
150 -0.10
151 0.49
152 -0.36
153 -0.31
154 0.46
155 0.42
156 0.44
157 0.49
158 0.49
159 0.49
160 0.49
161 0.49
162 -0.07
163 0.49
164 0.44
165 0.49
166 0.49
167 -0.26
168 0.49
169 -0.23
170 -0.08
171 -0.18
172 -0.25
173 -0.24
174 -0.15
175 -0.32
176 -0.09
177 -0.25
178 -0.16
179 -0.24
180 -0.17
181 -0.31
182 -0.29
183 -0.10
184 -0.31
185 -0.09
186 -0.29
187 -0.23
188 -0.31
189 -0.02
190 -0.14
191 -0.16
192 0.49
193 0.49
194 0.46
195 0.44
196 0.49
197 -0.26
198 0.44
199 0.49
200 0.46
201 -0.31
202 -0.31
203 -0.31
204 -0.01
205 -0.03
206 0.49
207 -0.31
208 -0.32
209 -0.31
210 -0.24
211 -0.25
212 -0.20
213 0.49
214 0.49
215 -0.32
216 -0.29
217 0.49
218 0.49
219 0.49
220 -0.28
221 0.49
222 0.49
223 -0.28
224 -0.28
225 0.12
226 0.49
227 0.49
228 0.49
229 -0.00
230 -0.20
231 0.46
232 0.11
233 0.44
234 0.11
235 -0.29
236 0.44
237 -0.38
238 0.49
239 0.40
240 -0.32
241 -0.26
242 -0.38
243 0.44
244 0.49
245 0.46
246 0.44
247 0.49
248 -0.34
249 0.49
250 0.49
251 0.12
252 0.49
253 -0.21
254 -0.23
255 -0.28
256 0.49
257 0.46
258 -0.36
259 -0.02
260 0.49
261 -0.32
262 0.46
263 0.49
264 0.46
265 0.46
266 -0.29
267 -0.31
268 -0.32
269 0.49
270 0.44
271 0.49
272 0.42
273 -0.29
274 -0.28
275 -0.24
276 -0.04
277 -0.32
278 -0.28
279 -0.21
280 0.44
281 -0.36
282 0.46
283 -0.32
284 0.49
285 0.49
286 0.46
287 0.49
288 0.49
289 -0.26
290 0.46
291 0.49
292 0.46
293 0.49
294 -0.32
295 -0.10
296 -0.36
297 0.46
298 0.46
299 0.49
300 -0.34
301 0.49
302 0.46
303 0.49
304 0.46
305 0.49
306 0.49
307 0.40
308 -0.26
309 0.46
310 -0.26
311 0.49
312 -0.31
313 0.49
314 -0.25
315 0.46
316 -0.11
317 0.49
318 0.49
319 -0.09
320 -0.10
321 -0.26
322 0.46
323 0.46
324 -0.09
325 0.46
326 -0.32
327 0.46
328 0.49
329 0.49
330 -0.01
331 -0.23
332 0.49
333 -0.26
334 0.49
335 -0.36
336 -0.28
337 -0.25
338 -0.26
339 -0.28
340 -0.11
341 -0.09
342 -0.32
343 -0.19
344 -0.32
345 -0.19
346 -0.08
347 -0.24
348 -0.04
349 -0.01
350 -0.14
351 -0.01
352 0.49
353 0.46
354 -0.23
355 -0.28
356 0.49
357 -0.09
358 -0.32
359 0.11
360 0.46
361 -0.34
362 -0.17
363 0.40
364 0.26
365 0.49
366 0.49
367 -0.34
368 -0.32
369 0.44
370 -0.34
371 -0.36
372 0.49
373 0.49
374 -0.09
375 0.38
376 0.46
377 0.44
378 -0.28
379 -0.19
380 -0.26
381 -0.34
382 -0.10
383 -0.28
384 -0.24
385 -0.23
386 -0.24
387 0.44
388 0.49
389 -0.28
390 -0.36
391 0.49
392 -0.25
393 0.49
394 -0.00
395 0.46
396 -0.36
397 0.49
398 -0.29
399 0.09
400 0.44
401 0.46
402 -0.18
403 -0.32
404 0.49
405 0.49
406 -0.11
407 0.44
408 -0.21
409 0.44
410 -0.32
411 -0.34
412 0.49
413 -0.25
414 0.49
415 0.49
416 -0.32
417 -0.24
418 0.21
419 -0.28
420 0.49
421 -0.38
422 0.10
423 0.44
424 0.29
425 -0.32
426 0.49
427 -0.34
428 -0.26
429 -0.28
430 -0.29
431 -0.26
432 -0.14
433 0.49
434 -0.34
435 0.49
436 -0.29
437 -0.29
438 0.49
439 0.49
440 -0.29
441 0.49
442 -0.28
443 0.49
444 -0.10
445 0.46
446 0.44
447 0.49
448 -0.32
449 0.49
450 0.49
451 0.49
452 0.49
453 0.49
454 -0.31
455 0.46
456 0.40
457 0.42
458 0.46
459 -0.29
460 -0.26
461 -0.29
462 0.38
463 -0.34
464 0.49
465 0.46
466 -0.34
467 0.49
468 0.49
469 0.31
470 -0.21
471 0.44
472 -0.25
473 0.49
474 0.44
475 0.49
476 0.44
477 0.49
478 0.24
479 0.42
480 0.49
481 0.49
482 0.49
483 0.49
484 0.46
485 0.46
486 0.40
487 -0.17
488 -0.31
489 0.49
490 0.38
491 -0.16
492 0.40
493 0.44
494 0.46
495 0.40
496 0.49
497 0.46
498 -0.07
499 -0.26
500 -0.12
501 -0.31
502 -0.10
503 -0.28
504 -0.15
505 -0.34
506 -0.13
507 -0.28
508 -0.19
509 0.49
510 0.46
511 -0.11
512 -0.06
513 -0.09
514 -0.23
515 -0.17
516 -0.36
517 -0.05
518 -0.10
519 -0.26
520 0.49
521 0.49
522 -0.26
523 0.49
524 -0.09
525 0.49
526 0.49
527 0.49
528 -0.09
529 0.46
530 0.34
531 0.46
532 0.49
533 -0.29
534 0.49
535 -0.36
536 0.49
537 0.49
538 0.42
539 0.49
540 -0.28
541 0.40
542 -0.04
543 -0.05
544 -0.12
545 0.44
546 0.46
547 -0.28
548 0.49
549 0.46
550 0.49
551 0.49
552 0.49
553 -0.24
554 -0.29
555 -0.14
556 -0.29
557 -0.21
558 -0.06
559 -0.31
560 -0.18
561 -0.09
562 -0.03
563 -0.18
564 -0.14
565 0.40
566 0.49
567 0.40
568 0.46
569 -0.11
570 0.49
571 0.40
572 0.44
573 0.49
574 0.49
575 -0.29
576 0.49
577 0.40
578 0.38
579 -0.14
580 -0.09
581 0.49
582 0.49
583 0.44
584 0.49
585 -0.13
586 0.44
587 0.49
588 0.49
589 0.49
590 -0.17
591 -0.10
592 0.49
593 -0.14
594 -0.18
595 -0.12
596 -0.15
597 -0.10
598 -0.31
599 -0.04
600 -0.18
601 -0.25
602 -0.12
603 -0.17
604 -0.24
605 -0.28
606 0.49
607 0.46
608 -0.32
609 -0.08
610 -0.03
611 -0.15
612 -0.32
613 -0.21
614 -0.01
615 -0.00
616 -0.20
617 -0.29
618 -0.26
619 -0.10
620 -0.14
621 -0.18
622 0.44
623 0.49
624 -0.02
625 0.49
626 -0.26
627 -0.10
628 0.49
629 0.49
630 0.49
631 0.49
632 0.42
633 0.42
634 -0.19
635 -0.34
636 -0.24
637 -0.01
638 0.49
639 -0.01
640 0.49
641 -0.29
642 0.36
643 -0.07
644 -0.26
645 -0.38
646 -0.18
647 -0.32
648 -0.18
649 0.49
650 0.49
651 0.49
652 -0.23
653 0.49
654 0.44
655 -0.31
656 0.49
657 -0.09
658 0.49
659 0.49
660 0.49
661 -0.29
662 0.49
663 -0.32
664 0.44
665 0.46
666 0.40
667 0.40
668 -0.20
669 -0.11
670 0.49
671 -0.19
672 0.46
673 -0.36
674 -0.13
675 0.42
676 0.49
677 -0.07
678 -0.19
679 -0.06
680 -0.32
681 -0.16
682 0.49
683 -0.34
684 0.49
685 0.49
686 0.49
687 0.49
688 -0.31
689 0.49
690 0.49
691 -0.29
692 0.44
693 -0.34
694 -0.07
695 -0.19
696 -0.03
697 -0.25
698 -0.12
699 -0.21
700 0.49
701 -0.08
702 -0.12
703 0.49
704 0.49
705 0.46
706 0.49
707 0.46
708 0.46
709 -0.08
710 -0.36
711 -0.31
712 0.40
713 -0.11
714 0.49
715 0.49
716 -0.26
717 -0.11
718 0.46
719 0.49
720 0.49
721 0.49
722 0.46
723 0.36
724 -0.28
725 -0.04
726 0.49
727 0.49
728 0.44
729 -0.09
730 0.49
731 -0.20
732 0.49
733 0.49
734 0.49
735 0.49
736 0.49
737 0.49
738 -0.26
739 -0.13
740 -0.26
741 -0.12
742 0.44
743 -0.12
744 0.49
745 0.49
746 -0.12
747 -0.23
748 -0.19
749 0.49
750 -0.09
751 -0.24
752 0.49
753 -0.14
754 0.11
755 -0.32
756 -0.28
757 -0.10
758 -0.12
759 -0.17
760 0.42
761 -0.14
762 0.49
763 0.49
764 -0.28
765 -0.12
766 -0.11
767 -0.17
768 -0.18
769 -0.15
770 -0.14
771 -0.32
772 -0.16
773 -0.10
774 -0.21
775 -0.01
776 -0.16
777 -0.00
778 -0.17
779 0.49
780 -0.36
781 -0.34
782 0.44
783 -0.08
784 -0.09
785 -0.24
786 -0.20
787 0.49
788 -0.32
789 -0.34
790 -0.10
791 -0.05
792 -0.03
793 -0.03
794 -0.25
795 -0.09
796 -0.34
797 -0.17
798 -0.21
799 0.49
800 -0.26
801 0.46
802 0.49
803 -0.11
804 0.49
805 -0.29
806 0.49
807 -0.31
808 -0.38
809 0.46
810 -0.09
811 -0.25
812 -0.14
813 0.49
814 0.49
815 0.49
816 0.46
817 0.36
818 0.49
819 -0.20
820 -0.07
821 0.49
822 -0.20
823 0.49
824 -0.05
825 -0.19
826 0.49
827 0.49
828 0.44
829 -0.21
830 0.49
831 -0.11
832 0.46
833 0.38
834 0.49
835 -0.05
836 -0.10
837 -0.05
838 -0.18
839 -0.17
840 -0.19
841 -0.28
842 -0.17
843 0.28
844 0.46
845 0.49
846 0.49
847 0.44
848 -0.28
849 0.46
850 -0.32
851 0.44
852 -0.14
853 -0.06
854 -0.05
855 -0.09
856 0.49
857 0.49
858 0.49
859 0.44
860 0.49
861 -0.29
862 0.44
863 -0.24
864 -0.26
865 0.49
866 0.46
867 0.49
868 0.36
869 -0.31
870 0.49
871 0.38
872 0.40
873 -0.36
874 0.46
875 0.49
876 0.40
877 -0.15
878 -0.15
879 -0.20
880 -0.08
881 0.49
882 -0.03
883 -0.15
884 -0.20
885 -0.36
886 -0.05
887 -0.11
888 -0.18
889 -0.36
890 -0.09
891 -0.23
892 -0.32
893 -0.00
894 -0.12
895 -0.14
896 -0.26
897 -0.20
898 0.49
899 -0.31
900 -0.11
901 0.49
902 0.49
903 -0.28
904 -0.36
905 0.49
906 -0.29
907 -0.09
908 0.49
909 -0.25
910 0.49
911 0.49
912 -0.32
913 -0.26
914 0.46
915 0.49
916 -0.36
917 0.46
918 0.49
919 -0.32
920 0.49
921 0.49
922 0.49
923 0.49
924 -0.10
925 -0.34
926 0.49
927 -0.19
928 -0.28
929 -0.21
930 0.44
931 0.46
932 -0.12
933 -0.09
934 -0.21
935 -0.09
936 0.49
937 -0.28
938 0.46
939 -0.31
940 -0.38
941 -0.03
942 -0.10
943 -0.14
944 -0.15
945 -0.20
946 -0.31
947 0.49
948 0.49
949 0.38
950 -0.31
951 0.46
952 0.49
953 0.49
954 0.49
955 -0.12
956 -0.28
957 -0.24
958 0.44
959 0.46
960 -0.09
961 -0.28
962 -0.34
963 0.44
964 0.44
965 0.49
966 0.42
967 0.49
968 0.44
969 0.49
970 0.32
971 -0.24
972 0.44
973 -0.31
974 0.49
975 0.46
976 0.40
977 -0.06
978 -0.11
979 0.49
980 0.49
981 -0.11
982 -0.01
983 -0.12
984 0.49
985 -0.36
986 0.46
987 0.49
988 0.49
989 0.44
990 0.40
991 -0.24
992 0.49
993 0.49
994 0.49
995 -0.13
996 0.49
997 0.49
998 0.49
999 0.46
1000 0.49
1001 0.49
1002 0.36
1003 -0.24
1004 0.46
1005 0.49
1006 0.46
1007 0.49
1008 0.36
1009 0.44
1010 0.49
1011 -0.31
1012 0.42
1013 -0.32
1014 0.49
1015 -0.13
1016 0.46
1017 -0.12
1018 0.49
1019 0.49
1020 -0.08
1021 -0.07
1022 -0.15
1023 -0.08
1024 -0.06
1025 -0.09
1026 -0.32
1027 -0.10
1028 -0.16
1029 -0.26
1030 -0.19
1031 -0.26
1032 -0.01
1033 -0.08
1034 0.49
1035 0.49
1036 0.40
1037 -0.38
1038 0.49
1039 0.07
1040 0.49
1041 0.49
1042 -0.31
1043 -0.29
1044 0.49
1045 0.46
1046 -0.03
1047 0.49
1048 0.49
1049 -0.34
1050 -0.09
1051 0.49
1052 -0.29
1053 0.46
1054 0.49
1055 0.38
1056 -0.00
1057 -0.18
1058 -0.25
1059 -0.01
1060 -0.10
1061 -0.01
1062 -0.29
1063 0.01
1064 0.49
1065 -0.25
1066 -0.29
1067 0.49
1068 0.44
1069 0.49
1070 0.42
1071 0.46
1072 0.49
1073 0.49
1074 0.46
1075 0.46
1076 -0.29
1077 0.49
1078 -0.03
1079 -0.31
1080 -0.31
1081 0.49
1082 0.49
1083 -0.34
1084 0.49
1085 0.49
1086 -0.32
1087 0.42
1088 -0.31
1089 0.46
1090 -0.01
1091 -0.17
1092 -0.25
1093 -0.19
1094 -0.12
1095 -0.11
1096 -0.19
1097 -0.36
1098 -0.14
1099 -0.21
1100 0.38
1101 -0.26
1102 0.49
1103 -0.29
1104 -0.32
1105 -0.31
1106 -0.21
1107 -0.25
1108 -0.24
1109 -0.38
1110 -0.29
1111 -0.05
1112 -0.21
1113 -0.20
1114 0.46
1115 0.49
1116 -0.32
1117 -0.36
1118 0.49
1119 -0.32
1120 -0.31
1121 0.40
1122 -0.34
1123 0.49
1124 -0.29
1125 0.49
1126 -0.34
1127 -0.29
1128 0.49
1129 -0.32
1130 -0.31
1131 -0.17
1132 0.49
1133 -0.25
1134 0.44
1135 0.49
1136 0.49
1137 0.49
1138 0.17
1139 0.49
1140 0.49
1141 0.49
1142 0.49
1143 -0.32
1144 0.49
1145 0.49
1146 0.49
1147 -0.12
1148 -0.31
1149 -0.32
1150 0.26
1151 0.49
1152 -0.34
1153 0.49
1154 0.49
1155 -0.32
1156 0.49
1157 -0.17
1158 0.44
1159 0.49
1160 0.49
1161 0.49
1162 -0.24
1163 -0.19
1164 0.23
1165 0.49
1166 0.44
1167 -0.08
1168 0.42
1169 0.49
1170 0.49
1171 0.49
1172 -0.09
1173 0.31
1174 -0.08
1175 0.26
1176 -0.02
1177 -0.13
1178 -0.29
1179 -0.23
1180 -0.17
1181 -0.34
1182 -0.10
1183 0.40
1184 0.49
1185 -0.29
1186 -0.23
1187 -0.31
1188 -0.29
1189 -0.16
1190 -0.02
1191 -0.04
1192 -0.00
1193 -0.15
1194 -0.17
1195 -0.14
1196 -0.29
1197 0.49
1198 -0.32
1199 0.44
1200 -0.26
1201 0.40
1202 0.40
1203 -0.24
1204 -0.20
1205 -0.12
1206 0.49
1207 0.44
1208 0.40
1209 -0.29
1210 0.34
1211 0.46
1212 0.44
1213 0.49
1214 -0.12
1215 -0.12
1216 -0.25
1217 -0.24
1218 -0.17
1219 -0.07
1220 -0.17
1221 -0.09
1222 -0.19
1223 -0.10
1224 -0.17
1225 -0.29
1226 -0.12
1227 -0.12
1228 -0.14
1229 -0.15
1230 -0.16
1231 -0.31
1232 -0.10
1233 -0.14
1234 -0.40
1235 -0.25
1236 0.49
1237 -0.26
1238 -0.13
1239 -0.04
1240 -0.03
1241 -0.14
1242 -0.36
1243 -0.12
1244 -0.19
1245 -0.14
1246 -0.10
1247 -0.23
1248 -0.20
1249 -0.06
1250 -0.12
1251 -0.10
1252 -0.17
1253 -0.20
1254 -0.00
1255 0.49
1256 -0.34
1257 -0.38
1258 -0.31
1259 0.49
1260 0.49
1261 -0.32
1262 0.46
1263 0.44
1264 0.24
1265 0.49
1266 -0.32
1267 0.46
1268 0.42
1269 0.46
1270 0.49
1271 -0.31
1272 -0.31
1273 0.17
1274 -0.09
1275 -0.01
1276 -0.20
1277 0.49
1278 -0.36
1279 0.44
1280 0.46
1281 -0.04
1282 0.42
1283 -0.24
1284 -0.28
1285 0.46
1286 0.49
1287 0.49
1288 -0.19
1289 -0.26
1290 -0.23
1291 -0.29
1292 -0.25
1293 -0.31
1294 -0.18
1295 -0.25
1296 -0.38
1297 -0.26
1298 -0.19
1299 -0.19
1300 -0.20
1301 -0.03
1302 -0.21
1303 -0.19
1304 -0.15
1305 0.40
1306 0.49
1307 0.40
1308 0.49
1309 0.49
1310 -0.31
1311 -0.34
1312 0.36
1313 -0.09
1314 0.44
1315 0.44
1316 0.49
1317 -0.28
1318 0.49
1319 -0.11
1320 -0.26
1321 0.49
1322 0.46
1323 0.46
1324 0.46
1325 0.49
1326 0.42
1327 0.46
1328 -0.28
1329 -0.31
1330 -0.23
1331 0.49
1332 -0.11
1333 -0.28
1334 0.49
1335 0.44
1336 0.38
1337 0.46
1338 0.49
1339 0.49
1340 0.49
1341 -0.29
1342 -0.26
1343 0.46
1344 0.49
1345 -0.08
1346 -0.29
1347 -0.07
1348 -0.16
1349 0.24
1350 -0.38
1351 0.25
1352 0.46
1353 0.46
1354 -0.26
1355 -0.32
1356 0.49
1357 -0.23
1358 0.49
1359 -0.36
1360 -0.19
1361 -0.12
1362 -0.21
1363 -0.05
1364 -0.26
1365 -0.17
1366 -0.21
1367 -0.28
1368 -0.05
1369 -0.28
1370 -0.31
1371 -0.21
1372 -0.00
1373 -0.06
1374 0.16
1375 -0.32
1376 0.49
1377 0.46
1378 0.49
1379 0.44
1380 -0.26
1381 0.49
1382 0.49
1383 -0.36
1384 -0.26
1385 0.49
1386 0.49
1387 0.46
1388 -0.24
1389 0.49
1390 -0.26
1391 0.40
1392 -0.11
1393 -0.09
1394 -0.26
1395 -0.26
1396 -0.14
1397 -0.19
1398 -0.17
1399 -0.20
1400 0.49
1401 0.46
1402 0.46
1403 -0.29
1404 0.46
1405 0.49
1406 0.49
1407 0.49
1408 -0.23
1409 0.49
1410 0.46
1411 -0.32
1412 0.49
1413 -0.36
1414 -0.32
1415 -0.32
1416 0.49
1417 -0.29
1418 0.49
1419 -0.28
1420 -0.34
1421 0.49
1422 -0.32
1423 0.49
1424 -0.32
1425 0.38
1426 -0.40
1427 0.49
1428 -0.26
1429 0.49
1430 -0.34
1431 0.49
1432 0.46
1433 0.46
1434 -0.10
1435 0.49
1436 0.46
1437 0.49
1438 0.49
1439 0.34
1440 0.46
1441 0.49
1442 0.49
1443 0.49
1444 0.49
1445 0.40
1446 -0.28
1447 0.49
1448 -0.28
1449 0.46
1450 0.49
1451 -0.28
1452 -0.13
1453 -0.26
1454 -0.11
1455 -0.09
1456 -0.24
1457 -0.18
1458 0.42
1459 0.46
1460 -0.24
1461 -0.20
1462 -0.03
1463 -0.17
1464 -0.07
1465 -0.07
1466 -0.25
1467 -0.19
1468 -0.13
1469 -0.17
1470 -0.28
1471 -0.10
1472 -0.26
1473 0.49
1474 0.49
1475 0.49
1476 0.49
1477 -0.09
1478 0.44
1479 0.46
1480 -0.04
1481 -0.01
1482 -0.21
1483 -0.26
1484 -0.14
1485 -0.21
1486 0.44
1487 0.49
1488 0.44
1489 -0.08
1490 0.49
1491 -0.29
1492 0.49
1493 0.42
1494 -0.29
1495 0.28
1496 0.49
1497 -0.29
1498 0.40
1499 -0.32
1500 0.34
1501 0.21
1502 -0.31
1503 0.17
1504 0.18
1505 -0.28
1506 0.17
1507 -0.09
1508 0.18
1509 0.14
1510 0.17
1511 -0.21
1512 -0.09
1513 0.20
1514 0.23
1515 0.17
1516 0.15
1517 0.19
1518 0.24
1519 -0.36
1520 0.21
1521 0.21
1522 -0.31
1523 0.36
1524 0.40
1525 -0.36
1526 -0.29
1527 0.23
1528 0.26
1529 -0.20
1530 0.08
1531 0.21
1532 0.17
1533 0.14
1534 0.10
1535 -0.19
1536 0.19
1537 0.25
1538 0.16
1539 0.28
1540 0.21
1541 -0.28
1542 0.17
1543 0.16
1544 0.29
1545 -0.36
1546 -0.12
1547 0.17
1548 0.32
1549 -0.36
1550 0.23
1551 0.17
1552 0.18
1553 -0.21
1554 0.10
1555 0.16
1556 -0.20
1557 -0.28
1558 0.21
1559 0.14
1560 0.23
1561 0.21
1562 0.11
1563 0.17
1564 0.28
1565 0.21
1566 0.17
1567 0.24
1568 0.36
1569 0.32
1570 -0.17
1571 0.36
1572 0.42
1573 0.36
1574 0.40
1575 0.44
1576 -0.36
1577 0.18
1578 0.21
1579 0.32
1580 0.09
1581 0.28
1582 0.23
1583 0.26
1584 0.17
1585 0.32
1586 0.32
1587 0.28
1588 0.26
1589 0.14
1590 0.18
1591 0.28
1592 0.25
1593 0.16
1594 -0.23
1595 0.16
1596 0.24
1597 -0.12
1598 0.16
1599 0.26
1600 -0.13
1601 0.15
1602 0.32
1603 0.14
1604 0.29
1605 0.29
1606 -0.17
1607 0.23
1608 0.13
1609 0.21
1610 -0.21
1611 0.25
1612 0.14
1613 0.20
1614 0.23
1615 -0.28
1616 0.18
1617 0.25
1618 -0.02
1619 0.10
1620 0.14
1621 0.13
1622 0.10
1623 0.12
1624 0.14
1625 0.16
1626 0.14
1627 -0.10
1628 0.16
1629 0.24
1630 -0.29
1631 0.17
1632 0.17
1633 0.15
1634 0.19
1635 0.25
1636 0.21
1637 -0.17
1638 0.28
1639 0.17
1640 0.21
1641 0.40
1642 0.40
1643 0.40
1644 0.40
1645 0.31
1646 0.36
1647 0.38
1648 -0.03
1649 0.16
1650 0.14
1651 0.25
1652 0.14
1653 0.23
1654 -0.19
1655 0.24
1656 0.18
1657 0.14
1658 0.14
1659 -0.26
1660 0.20
1661 0.05
1662 0.17
1663 0.10
1664 0.20
1665 0.08
1666 0.12
1667 0.18
1668 0.15
1669 -0.13
1670 0.12
1671 0.14
1672 0.16
1673 -0.32
1674 0.17
1675 -0.12
1676 0.34
1677 -0.09
1678 0.26
1679 -0.29
1680 -0.19
1681 -0.05
1682 -0.17
1683 0.26
1684 0.31
1685 0.32
1686 0.21
1687 0.42
1688 0.36
1689 0.42
1690 0.40
1691 0.32
1692 0.42
1693 0.31
1694 0.25
1695 0.38
1696 0.42
1697 0.42
1698 -0.31
1699 0.12
1700 0.29
1701 0.17
1702 0.20
1703 0.10
1704 -0.10
1705 0.31
1706 -0.31
1707 0.10
1708 -0.34
1709 0.40
1710 0.38
1711 0.13
1712 0.24
1713 0.40
1714 -0.34
1715 0.34
1716 0.38
1717 0.13
1718 0.34
1719 0.34
1720 -0.03
1721 0.20
1722 -0.25
1723 0.24
1724 0.17
1725 0.17
1726 0.20
1727 0.26
1728 0.21
1729 0.25
1730 0.21
1731 -0.10
1732 0.36
1733 0.40
1734 0.16
1735 0.42
1736 -0.10
1737 0.19
1738 0.25
1739 0.15
1740 0.38
1741 0.17
1742 0.36
1743 0.19
1744 0.36
1745 0.29
1746 0.26
1747 0.40
1748 0.38
1749 -0.32
1750 0.32
1751 0.42
1752 0.18
1753 0.23
1754 0.40
1755 0.40
1756 0.31
1757 0.40
1758 0.28
1759 0.08
1760 0.29
1761 0.29
1762 0.42
1763 0.40
1764 0.42
1765 0.38
1766 -0.26
1767 0.34
1768 0.21
1769 0.29
1770 0.36
1771 0.42
1772 0.40
1773 0.25
1774 0.42
1775 0.13
1776 0.28
1777 0.34
1778 0.32
1779 0.36
1780 0.42
1781 0.29
1782 0.23
1783 0.21
1784 0.32
1785 0.31
1786 0.19
1787 0.38
1788 0.31
1789 0.21
1790 0.28
1791 0.20
1792 0.34
1793 0.34
1794 0.38
1795 -0.32
1796 0.23
1797 0.08
1798 0.21
1799 0.20
1800 0.15
1801 0.18
1802 0.20
1803 -0.19
1804 -0.28
1805 0.18
1806 0.20
1807 0.17
1808 0.40
1809 0.23
1810 0.19
1811 0.28
1812 -0.07
1813 0.18
1814 0.28
1815 0.42
1816 0.21
1817 0.29
1818 0.31
1819 0.38
1820 0.42
1821 0.26
1822 0.16
1823 0.42
1824 0.34
1825 0.25
1826 0.42
1827 0.44
1828 0.12
1829 0.40
1830 0.42
1831 0.34
1832 0.21
1833 0.32
1834 0.36
1835 0.23
1836 0.31
1837 0.36
1838 0.13
1839 0.36
1840 0.31
1841 0.36
1842 0.19
1843 0.34
1844 0.28
1845 0.17
1846 0.24
1847 -0.25
1848 -0.09
1849 -0.09
1850 0.25
1851 0.21
1852 0.11
1853 0.23
1854 0.23
1855 -0.14
1856 -0.16
1857 0.24
1858 0.42
1859 0.40
1860 0.42
1861 -0.17
1862 0.21
1863 0.42
1864 0.38
1865 0.26
1866 0.42
1867 0.42
1868 -0.20
1869 0.38
1870 0.38
1871 0.40
1872 0.34
1873 0.42
1874 0.42
1875 0.38
1876 0.29
1877 0.17
1878 0.38
1879 0.34
1880 0.42
1881 0.31
1882 0.36
1883 0.29
1884 0.40
1885 0.42
1886 0.26
1887 0.42
1888 0.38
1889 0.26
1890 0.32
1891 0.40
1892 0.42
1893 0.25
1894 0.29
1895 0.21
1896 0.38
1897 -0.29
1898 0.34
1899 -0.09
1900 0.34
1901 0.28
1902 0.25
1903 0.28
1904 0.36
1905 0.25
1906 0.21
1907 0.40
1908 0.26
1909 0.32
1910 0.32
1911 0.26
1912 0.40
1913 0.42
1914 0.19
1915 0.31
1916 0.38
1917 0.38
1918 0.36
1919 -0.18
1920 -0.29
1921 0.19
1922 0.38
1923 -0.32
1924 0.42
1925 -0.31
1926 0.17
1927 0.23
1928 0.36
1929 0.40
1930 0.40
1931 0.36
1932 0.26
1933 0.13
1934 0.24
1935 0.21
1936 0.20
1937 0.18
1938 0.26
1939 -0.23
1940 0.28
1941 0.26
1942 0.28
1943 0.36
1944 0.17
1945 0.40
1946 0.34
1947 0.40
1948 0.42
1949 0.26
1950 0.32
1951 -0.40
1952 0.32
1953 0.34
1954 0.23
1955 0.40
1956 0.36
1957 0.36
1958 0.36
1959 0.36
1960 0.29
1961 0.29
1962 0.36
1963 0.42
1964 0.42
1965 -0.40
1966 0.17
1967 0.17
1968 -0.31
1969 0.24
1970 0.19
1971 0.17
1972 0.18
1973 0.40
1974 0.38
1975 -0.31
1976 -0.04
1977 0.40
1978 0.28
1979 0.40
1980 -0.38
1981 0.24
1982 0.26
1983 0.21
1984 0.21
1985 0.26
1986 0.19
1987 0.25
1988 0.14
1989 0.23
1990 0.21
1991 0.29
1992 0.17
1993 0.26
1994 0.12
1995 0.25
1996 0.34
1997 0.31
1998 -0.26
1999 0.28
2000 0.28
2001 -0.08
2002 0.25
2003 0.14
2004 0.17
2005 0.17
2006 0.32
2007 0.40
2008 0.40
2009 0.28
2010 -0.32
2011 0.24
2012 0.32
2013 0.14
2014 0.18
2015 0.31
2016 0.40
2017 0.38
2018 0.28
2019 0.25
2020 0.28
2021 0.42
2022 0.42
2023 0.29
2024 0.42
2025 0.42
2026 0.40
2027 0.42
2028 0.42
2029 0.05
2030 0.20
2031 0.17
2032 -0.28
2033 0.16
2034 0.25
2035 0.28
2036 0.04
2037 0.14
2038 0.20
2039 0.21
2040 0.38
2041 -0.31
2042 0.17
2043 -0.21
2044 0.20
2045 0.10
2046 0.18
2047 0.23
2048 0.21
2049 0.17
2050 0.15
2051 0.34
2052 -0.29
2053 0.14
2054 0.32
2055 0.24
2056 0.28
2057 0.18
2058 0.26
2059 0.20
2060 0.29
2061 -0.24
2062 0.17
2063 0.17
2064 -0.29
2065 -0.29
2066 -0.09
2067 -0.29
2068 0.12
2069 -0.10
2070 0.32
2071 0.40
2072 0.18
2073 0.38
2074 0.44
2075 0.44
2076 0.34
2077 0.38
2078 0.17
2079 0.36
2080 0.38
2081 0.29
2082 0.40
2083 0.34
2084 0.40
2085 0.44
2086 0.38
2087 0.44
2088 0.28
2089 0.24
2090 -0.17
2091 0.19
2092 0.23
2093 0.26
2094 0.31
2095 0.36
2096 0.31
2097 0.23
2098 0.28
2099 0.23
2100 -0.19
2101 0.28
2102 0.32
2103 0.40
2104 0.32
2105 0.42
2106 0.40
2107 0.42
2108 0.36
2109 -0.19
2110 0.23
2111 0.31
2112 0.32
2113 0.20
2114 0.32
2115 0.29
2116 0.23
2117 0.31
2118 0.19
2119 0.17
2120 0.17
2121 0.07
2122 -0.38
2123 0.28
2124 0.17
2125 0.18
2126 0.13
2127 0.15
2128 0.24
2129 0.21
2130 -0.05
2131 0.16
2132 0.23
2133 -0.21
2134 0.20
2135 0.26
2136 0.29
2137 0.36
2138 0.36
2139 -0.12
2140 0.31
2141 0.31
2142 0.28
2143 0.36
2144 0.36
2145 0.36
2146 0.36
2147 0.40
2148 0.40
2149 0.40
2150 0.40
2151 0.29
2152 0.36
2153 0.38
2154 0.40
2155 0.40
2156 0.40
2157 0.31
2158 0.38
2159 0.16
2160 -0.40
2161 0.19
2162 0.13
2163 0.20
2164 0.25
2165 0.29
2166 0.23
2167 0.28
2168 0.36
2169 0.36
2170 0.34
2171 0.14
2172 0.36
2173 0.29
2174 0.31
2175 0.34
2176 0.24
2177 -0.20
2178 0.31
2179 0.24
2180 0.18
2181 0.26
2182 0.17
2183 0.26
2184 0.09
2185 -0.28
2186 0.20
2187 0.34
2188 0.40
2189 0.14
2190 0.40
2191 0.32
2192 0.36
2193 0.34
2194 0.32
2195 -0.34
2196 0.10
2197 0.36
2198 0.32
2199 0.34
2200 0.32
2201 0.40
2202 -0.13
2203 0.32
2204 0.40
2205 0.31
2206 0.36
2207 0.31
2208 0.40
2209 0.36
2210 0.36
2211 0.34
2212 0.38
2213 -0.09
2214 0.28
2215 0.36
2216 -0.26
2217 0.26
2218 0.28
2219 0.36
2220 0.40
2221 0.21
2222 0.28
2223 0.34
2224 0.34
2225 0.32
2226 0.40
2227 0.34
2228 0.38
2229 0.40
2230 0.20
2231 0.34
2232 0.40
2233 0.36
2234 0.40
2235 -0.34
2236 0.38
2237 0.32
2238 0.40
2239 0.34
2240 0.40
2241 0.36
2242 0.38
2243 0.38
2244 0.31
2245 0.25
2246 -0.13
2247 -0.32
2248 0.32
2249 0.34
2250 0.29
2251 0.40
2252 0.38
2253 0.18
2254 0.36
2255 0.32
2256 0.28
2257 0.40
2258 0.31
2259 0.29
2260 0.38
2261 0.40
2262 0.36
2263 0.29
2264 -0.15
2265 0.34
2266 0.32
2267 -0.26
2268 0.29
2269 0.26
2270 0.40
2271 0.40
2272 -0.09
2273 0.38
2274 0.23
2275 0.25
2276 0.40
2277 0.34
2278 0.38
2279 0.40
2280 0.36
2281 0.36
2282 0.36
2283 0.31
2284 0.31
2285 0.38
2286 0.36
2287 0.40
2288 0.21
2289 0.34
2290 0.40
2291 0.36
2292 0.36
2293 0.36
2294 0.42
2295 0.32
2296 0.25
2297 0.31
2298 0.29
2299 0.31
2300 0.38
2301 0.36
2302 0.34
2303 0.38
2304 -0.08
2305 0.23
2306 0.12
2307 0.28
2308 0.36
2309 0.21
2310 0.38
2311 0.34
2312 0.40
2313 0.28
2314 0.36
2315 0.40
2316 0.24
2317 0.40
2318 0.40
2319 0.29
2320 0.36
2321 0.40
2322 0.28
2323 0.40
2324 0.42
2325 0.40
2326 0.25
2327 0.31
2328 -0.10
2329 0.36
2330 -0.17
2331 0.36
2332 0.29
2333 0.36
2334 0.36
2335 0.38
2336 0.40
2337 0.28
2338 -0.28
2339 -0.23
2340 -0.16
2341 0.36
2342 0.09
2343 0.24
2344 0.40
2345 -0.10
2346 0.17
2347 0.15
2348 0.36
2349 0.23
2350 0.23
2351 0.18
2352 -0.19
2353 0.34
2354 0.28
2355 0.25
2356 0.26
2357 0.31
2358 0.34
2359 0.38
2360 0.40
2361 0.36
2362 0.32
2363 0.40
2364 0.24
2365 0.42
2366 0.40
2367 0.34
2368 0.34
2369 0.40
2370 0.34
2371 0.34
2372 0.34
2373 0.36
2374 0.28
2375 0.38
2376 0.40
2377 0.40
2378 0.36
2379 0.40
2380 0.36
2381 -0.21
2382 0.38
2383 0.42
2384 0.38
2385 0.38
2386 0.34
2387 0.32
2388 0.20
2389 -0.29
2390 0.38
2391 0.36
2392 0.31
2393 0.25
2394 0.42
2395 0.34
2396 -0.40
2397 0.40
2398 0.34
2399 0.40
2400 0.03
2401 0.32
2402 0.38
2403 0.38
2404 0.32
2405 0.25
2406 0.29
2407 0.36
2408 0.40
2409 0.40
2410 0.40
2411 0.36
2412 0.40
2413 0.40
2414 0.34
2415 0.36
2416 0.32
2417 0.31
2418 0.32
2419 0.38
2420 0.36
2421 0.25
2422 0.31
2423 0.34
2424 0.24
2425 0.38
2426 0.34
2427 0.36
2428 0.34
2429 0.36
2430 0.38
2431 0.32
2432 0.40
2433 0.34
2434 0.38
2435 -0.31
2436 0.28
2437 0.38
2438 0.36
2439 -0.10
2440 0.26
2441 0.36
2442 0.32
2443 0.36
2444 0.29
2445 0.34
2446 0.31
2447 0.40
2448 0.40
2449 0.34
2450 0.40
2451 0.38
2452 0.34
2453 0.36
2454 0.31
2455 -0.08
2456 0.31
2457 0.38
2458 0.40
2459 0.26
2460 0.38
2461 0.26
2462 0.34
2463 0.31
2464 0.26
2465 0.36
2466 0.36
2467 0.31
2468 0.34
2469 0.32
2470 0.42
2471 0.40
2472 0.36
2473 0.25
2474 0.28
2475 0.32
2476 0.32
2477 0.31
2478 0.36
2479 0.25
2480 0.34
2481 0.40
2482 0.38
2483 -0.31
2484 0.38
2485 0.23
2486 0.42
2487 0.36
2488 0.38
2489 0.31
2490 0.28
2491 0.42
2492 0.38
2493 0.28
2494 0.42
2495 0.28
2496 0.34
2497 0.36
2498 -0.25
2499 0.38
2500 0.28
2501 0.38
2502 0.26
2503 0.38
2504 0.38
2505 0.34
2506 0.36
2507 0.25
2508 0.31
2509 0.25
2510 0.32
2511 0.32
2512 0.28
2513 0.34
2514 0.29
2515 0.40
2516 0.36
2517 0.34
2518 0.20
2519 0.32
2520 0.32
2521 0.38
2522 0.32
2523 0.21
2524 0.38
2525 0.28
2526 -0.17
2527 0.15
2528 -0.31
2529 -0.05
2530 0.23
2531 0.09
2532 0.19
2533 0.23
2534 0.23
2535 0.15
2536 0.29
2537 0.25
2538 0.29
2539 0.23
2540 0.31
2541 0.20
2542 0.32
2543 0.28
2544 0.34
2545 0.28
2546 0.36
2547 0.38
2548 0.40
2549 0.40
2550 0.42
2551 0.42
2552 0.40
2553 0.42
2554 -0.18
2555 0.40
2556 0.40
2557 0.42
2558 0.34
2559 0.34
2560 0.38
2561 0.36
2562 0.36
2563 -0.26
2564 0.40
2565 0.26
2566 0.42
2567 0.34
2568 0.40
2569 0.29
2570 0.31
2571 0.42
2572 0.42
2573 0.38
2574 0.42
2575 0.26
2576 0.29
2577 0.42
2578 0.31
2579 0.40
2580 0.25
2581 0.42
2582 0.38
2583 -0.16
2584 0.36
2585 0.40
2586 -0.29
2587 0.26
2588 0.23
2589 0.16
2590 0.17
2591 0.24
2592 0.26
2593 0.18
2594 0.28
2595 0.19
2596 0.11
2597 0.25
2598 0.26
2599 0.21
2600 0.28
2601 0.09
2602 0.17
2603 -0.20
2604 -0.04
2605 0.09
2606 0.00
2607 -0.07
2608 0.07
2609 0.14
2610 0.19
2611 0.25
2612 0.25
2613 0.17
2614 -0.31
2615 0.38
2616 0.40
2617 0.25
2618 0.40
2619 0.36
2620 0.40
2621 0.44
2622 0.38
2623 -0.14
2624 0.34
2625 0.36
2626 -0.17
2627 0.42
2628 0.23
2629 0.29
2630 0.38
2631 0.31
2632 0.32
2633 0.29
2634 0.09
2635 0.20
2636 0.23
2637 0.40
2638 0.31
2639 0.21
2640 0.31
2641 0.42
2642 0.14
2643 0.32
2644 0.28
2645 0.13
2646 0.31
2647 0.36
2648 0.42
2649 0.23
2650 0.20
2651 0.14
2652 0.21
2653 -0.17
2654 0.17
2655 0.34
2656 0.32
2657 0.32
2658 0.14
2659 0.28
2660 0.18
2661 0.23
2662 0.24
2663 -0.32
2664 0.15
2665 0.42
2666 0.21
2667 0.32
2668 0.32
2669 0.25
2670 0.40
2671 0.06
2672 0.08
2673 0.17
2674 0.20
2675 0.15
2676 0.34
2677 0.40
2678 0.28
2679 0.32
2680 0.38
2681 0.08
2682 0.29
2683 0.20
2684 0.38
2685 0.42
2686 0.32
2687 -0.17
2688 0.38
2689 0.40
2690 0.19
2691 -0.12
2692 0.10
2693 -0.25
2694 -0.14
2695 0.29
2696 0.28
2697 0.40
2698 0.34
2699 0.40
2700 0.40
2701 0.06
2702 0.40
2703 0.42
2704 0.08
2705 0.32
2706 0.40
2707 0.42
2708 0.34
2709 0.17
2710 0.34
2711 0.19
2712 0.42
2713 0.42
2714 0.42
2715 0.32
2716 -0.24
2717 0.26
2718 0.42
2719 0.42
2720 -0.17
2721 0.26
2722 0.02
2723 0.23
2724 -0.14
2725 0.14
2726 0.14
2727 0.17
2728 0.34
2729 0.36
2730 0.14
2731 0.36
2732 0.40
2733 0.40
2734 0.18
2735 0.40
2736 0.07
2737 0.38
2738 -0.29
2739 0.40
2740 0.42
2741 0.40
2742 0.40
2743 -0.08
2744 0.34
2745 0.36
2746 0.28
2747 -0.28
2748 0.36
2749 0.29
2750 0.42
2751 0.36
2752 0.40
2753 0.42
2754 0.32
2755 0.26
2756 0.40
2757 0.36
2758 0.38
2759 0.42
2760 0.14
2761 -0.17
2762 0.28
2763 0.42
2764 0.15
2765 0.17
2766 0.18
2767 0.32
2768 0.19
2769 0.32
2770 0.29
2771 0.15
2772 0.28
2773 0.28
2774 0.18
2775 0.40
2776 0.19
2777 0.25
2778 0.17
2779 0.25
2780 0.26
2781 0.25
2782 0.18
2783 0.21
2784 0.23
2785 0.34
2786 0.21
2787 0.38
2788 -0.36
2789 0.42
2790 0.40
2791 0.12
2792 0.40
2793 0.26
2794 0.34
2795 0.40
2796 0.29
2797 0.36
2798 -0.20
2799 0.24
2800 0.29
2801 0.36
2802 0.36
2803 -0.38
2804 0.19
2805 0.14
2806 0.36
2807 0.34
2808 0.20
2809 0.42
2810 0.25
2811 0.17
2812 0.12
2813 0.17
2814 0.14
2815 0.14
2816 -0.10
2817 -0.26
2818 0.17
2819 -0.20
2820 -0.42
2821 0.42
2822 -0.38
2823 0.12
2824 0.17
2825 0.21
2826 0.32
2827 0.38
2828 0.36
2829 0.14
2830 0.23
2831 0.40
2832 0.17
2833 0.29
2834 0.40
2835 0.36
2836 0.32
2837 0.34
2838 0.16
2839 0.23
2840 0.40
2841 0.36
2842 0.29
2843 0.12
2844 0.32
2845 0.11
2846 0.17
2847 0.40
2848 0.29
2849 0.29
2850 0.24
2851 -0.06
2852 -0.18
2853 0.23
2854 0.21
2855 0.26
2856 0.20
2857 -0.25
2858 0.31
2859 0.25
2860 0.10
2861 0.29
2862 0.32
2863 0.25
2864 -0.07
2865 -0.02
2866 -0.07
2867 0.06
2868 -0.06
2869 -0.13
2870 0.14
2871 0.26
2872 0.23
2873 -0.28
2874 0.17
2875 0.13
2876 0.36
2877 0.31
2878 0.40
2879 0.38
2880 0.40
2881 0.40
2882 0.09
2883 0.38
2884 0.40
2885 0.38
2886 0.29
2887 0.36
2888 0.34
2889 0.40
2890 0.25
2891 0.38
2892 0.14
2893 0.40
2894 0.38
2895 0.13
2896 0.31
2897 0.34
2898 0.40
2899 0.34
2900 0.36
2901 0.34
2902 0.25
2903 0.20
2904 0.26
2905 0.36
2906 0.29
2907 0.32
2908 0.40
2909 0.42
2910 0.34
2911 0.38
2912 0.42
2913 0.40
2914 0.28
2915 0.38
2916 0.40
2917 0.40
2918 0.38
2919 -0.17
2920 0.38
2921 0.38
2922 0.34
2923 0.34
2924 0.38
2925 0.42
2926 -0.02
2927 0.38
2928 0.42
2929 0.26
2930 0.40
2931 0.38
2932 0.32
2933 0.38
2934 0.28
2935 0.36
2936 0.40
2937 -0.21
2938 -0.14
2939 0.34
2940 0.34
2941 0.25
2942 0.40
2943 0.38
2944 0.31
2945 0.36
2946 0.44
2947 0.38
2948 0.42
2949 0.42
2950 0.40
2951 0.42
2952 0.42
2953 0.34
2954 0.38
2955 0.36
2956 0.44
2957 0.38
2958 -0.09
2959 0.15
2960 -0.34
2961 0.36
2962 0.34
2963 -0.16
2964 0.34
2965 0.36
2966 0.40
2967 0.32
2968 0.31
2969 0.36
2970 0.26
2971 0.38
2972 0.34
2973 0.29
2974 0.32
2975 0.36
2976 0.29
2977 0.38
2978 0.40
2979 0.19
2980 0.32
2981 0.26
2982 0.38
2983 0.44
2984 0.42
2985 0.40
2986 0.38
2987 0.29
2988 0.40
2989 0.32
2990 0.42
2991 0.42
2992 0.38
2993 0.40
2994 0.40
2995 -0.10
2996 0.42
2997 0.40
2998 0.38
2999 0.40
3000 0.15
3001 0.32
3002 0.26
3003 0.32
3004 0.36
3005 0.42
3006 0.29
3007 0.32
3008 0.36
3009 0.38
3010 0.32
3011 0.42
3012 0.34
3013 0.36
3014 0.23
3015 -0.17
3016 0.24
3017 0.32
3018 -0.28
3019 0.24
3020 -0.14
3021 0.38
3022 0.32
3023 0.31
3024 0.42
3025 -0.10
3026 0.34
3027 0.34
3028 0.21
3029 0.28
3030 0.32
3031 0.18
3032 0.42
3033 0.40
3034 0.34
3035 0.34
3036 -0.29
3037 -0.23
3038 0.29
3039 0.34
3040 0.29
3041 0.42
3042 0.36
3043 0.36
3044 0.34
3045 0.40
3046 0.40
3047 0.40
3048 0.40
3049 0.38
3050 0.40
3051 0.32
3052 0.31
3053 -0.31
3054 0.34
3055 0.28
3056 0.36
3057 0.28
3058 0.40
3059 0.40
3060 0.42
3061 0.36
3062 0.31
3063 0.38
3064 0.34
3065 0.32
3066 0.36
3067 0.32
3068 0.34
3069 0.40
3070 0.38
3071 0.32
3072 0.36
3073 0.42
3074 0.32
3075 0.34
3076 0.29
3077 0.42
3078 0.38
3079 0.38
3080 0.36
3081 0.42
3082 0.36
3083 0.40
3084 0.42
3085 0.34
3086 -0.13
3087 0.38
3088 0.32
3089 0.40
3090 0.36
3091 0.38
3092 0.38
3093 -0.17
3094 0.24
3095 0.38
3096 0.32
3097 0.31
3098 0.31
3099 0.42
3100 0.40
3101 0.40
3102 0.36
3103 0.28
3104 0.29
3105 0.26
3106 0.40
3107 0.40
3108 0.42
3109 0.34
3110 0.26
3111 0.36
3112 -0.32
3113 0.31
3114 0.09
3115 0.26
3116 0.17
3117 0.20
3118 0.16
3119 0.07
3120 0.17
3121 0.13
3122 0.11
3123 0.40
3124 0.26
3125 0.31
3126 0.28
3127 -0.36
3128 -0.29
3129 0.31
3130 0.24
3131 0.42
3132 0.40
3133 0.40
3134 -0.38
3135 -0.24
3136 0.40
3137 0.29
3138 0.36
3139 0.32
3140 0.09
3141 0.26
3142 0.19
3143 0.28
3144 0.38
3145 0.38
3146 0.36
3147 0.40
3148 0.42
3149 0.40
3150 0.42
3151 0.42
3152 0.38
3153 0.28
3154 0.38
3155 0.23
3156 0.32
3157 0.42
3158 0.34
3159 0.16
3160 0.28
3161 0.08
3162 0.26
3163 0.20
3164 0.14
3165 0.32
3166 0.23
3167 0.18
3168 0.28
3169 0.21
3170 0.34
3171 0.26
3172 0.20
3173 0.40
3174 0.32
3175 0.25
3176 0.34
3177 0.23
3178 -0.32
3179 0.32
3180 0.40
3181 0.29
3182 0.24
3183 0.36
3184 0.29
3185 0.36
3186 0.01
3187 0.10
3188 0.10
3189 0.15
3190 0.16
3191 0.20
3192 -0.32
3193 0.14
3194 0.17
3195 -0.09
3196 0.09
3197 -0.26
3198 0.26
3199 0.09
3200 0.09
3201 0.09
3202 0.17
3203 0.17
3204 0.21
3205 0.19
3206 0.28
3207 0.28
3208 0.40
3209 0.31
3210 0.10
3211 0.26
3212 -0.12
3213 0.36
3214 0.36
3215 -0.15
3216 0.26
3217 0.25
3218 0.29
3219 0.28
3220 0.28
3221 0.10
3222 0.25
3223 0.32
3224 0.42
3225 0.40
3226 0.28
3227 0.42
3228 0.28
3229 0.15
3230 -0.12
3231 0.29
3232 0.26
3233 0.40
3234 0.24
3235 -0.26
3236 0.36
3237 0.40
3238 0.32
3239 0.42
3240 0.40
3241 0.34
3242 0.12
3243 -0.32
3244 0.24
3245 0.12
3246 -0.34
3247 0.24
3248 0.20
3249 0.21
3250 0.25
3251 0.18
3252 0.20
3253 0.18
3254 0.26
3255 0.40
3256 0.31
3257 0.29
3258 0.32
3259 0.24
3260 0.24
3261 -0.29
3262 0.18
3263 0.25
3264 0.32
3265 -0.09
3266 0.10
3267 0.20
3268 -0.21
3269 0.18
3270 0.17
3271 0.17
3272 0.21
3273 0.18
3274 0.24
3275 0.24
3276 0.06
3277 0.20
3278 0.20
3279 0.17
3280 0.18
3281 0.07
3282 0.26
3283 0.17
3284 0.38
3285 -0.32
3286 0.25
3287 0.31
3288 0.29
3289 -0.31
3290 0.14
3291 -0.23
3292 0.42
3293 0.29
3294 0.25
3295 0.12
3296 0.21
3297 0.17
3298 0.25
3299 0.13
3300 0.10
3301 0.14
3302 0.12
3303 0.28
3304 0.25
3305 0.20
3306 0.23
3307 0.34
3308 0.42
3309 0.38
3310 0.42
3311 0.24
3312 0.34
3313 0.28
3314 0.42
3315 0.36
3316 -0.15
3317 0.38
3318 0.23
3319 0.24
3320 0.38
3321 0.40
3322 0.32
3323 0.36
3324 0.36
3325 0.19
3326 0.36
3327 0.31
3328 0.34
3329 0.38
3330 0.42
3331 0.31
3332 0.40
3333 0.42
3334 0.40
3335 0.20
3336 -0.19
3337 0.24
3338 0.36
3339 0.28
3340 0.40
3341 0.38
3342 0.32
3343 0.40
3344 0.40
3345 0.42
3346 0.38
3347 0.44
3348 0.32
3349 0.34
3350 0.42
3351 0.34
3352 0.42
3353 0.31
3354 0.36
3355 0.38
3356 0.40
3357 0.26
3358 -0.17
3359 0.36
3360 0.40
3361 0.40
3362 0.17
3363 0.40
3364 0.25
3365 0.38
3366 0.40
3367 0.40
3368 0.40
3369 0.28
3370 0.36
3371 -0.24
3372 0.32
3373 0.38
3374 0.32
3375 0.16
3376 0.09
3377 0.29
3378 0.21
3379 0.24
3380 -0.36
3381 0.40
3382 0.40
3383 0.10
3384 0.07
3385 0.03
3386 0.09
3387 -0.31
3388 0.06
3389 0.07
3390 0.14
3391 0.02
3392 0.25
3393 -0.14
3394 0.29
3395 0.32
3396 0.12
3397 0.34
3398 0.14
3399 0.09
3400 0.05
3401 0.26
3402 0.32
3403 -0.38
3404 0.23
3405 0.34
3406 0.38
3407 0.28
3408 0.38
3409 0.42
3410 0.24
3411 0.36
3412 0.38
3413 0.42
3414 0.42
3415 0.40
3416 -0.19
3417 -0.24
3418 0.31
3419 0.29
3420 -0.23
3421 0.14
3422 0.36
3423 0.31
3424 0.40
3425 0.24
3426 0.42
3427 0.17
3428 0.40
3429 0.31
3430 -0.18
3431 0.06
3432 0.26
3433 0.29
3434 0.25
3435 -0.16
3436 0.20
3437 0.21
3438 0.06
3439 0.21
3440 0.17
3441 0.17
3442 0.21
3443 0.20
3444 0.32
3445 0.16
3446 0.28
3447 0.36
3448 0.36
3449 0.32
3450 0.32
3451 0.28
3452 -0.14
3453 0.34
3454 0.16
3455 0.40
3456 0.28
3457 -0.26
3458 0.38
3459 0.38
3460 0.40
3461 0.34
3462 -0.34
3463 0.42
3464 0.38
3465 0.31
3466 0.44
3467 0.36
3468 0.42
3469 0.40
3470 0.38
3471 0.38
3472 0.38
3473 0.42
3474 0.40
3475 0.40
3476 0.36
3477 0.42
3478 -0.26
3479 0.38
3480 0.38
3481 0.38
3482 0.40
3483 0.42
3484 0.32
3485 0.42
3486 0.42
3487 0.38
3488 0.38
3489 0.42
3490 0.38
3491 0.34
3492 0.42
3493 0.42
3494 0.36
3495 0.31
3496 0.36
3497 0.42
3498 0.40
3499 0.42
3500 0.38
3501 0.42
3502 0.36
3503 0.44
3504 0.49
3505 0.44
3506 0.46
3507 0.28
3508 0.42
3509 0.38
3510 0.42
3511 0.36
3512 0.42
3513 0.44
3514 0.42
3515 0.42
3516 0.42
3517 0.40
3518 0.38
3519 0.40
3520 0.46
3521 0.49
3522 0.32
3523 0.46
3524 0.34
3525 -0.31
3526 0.29
3527 0.18
3528 0.25
3529 0.26
3530 0.25
3531 0.36
3532 0.38
3533 0.40
3534 0.36
3535 0.36
3536 0.36
3537 0.42
3538 0.44
3539 0.36
3540 0.26
3541 0.42
3542 0.05
3543 0.21
3544 0.19
3545 0.36
3546 -0.15
3547 0.42
3548 0.40
3549 0.38
3550 0.31
3551 0.38
3552 0.36
3553 0.40
3554 0.17
3555 0.38
3556 0.44
3557 0.42
3558 0.31
3559 0.17
3560 0.44
3561 0.40
3562 0.31
3563 0.42
3564 0.42
3565 0.32
3566 0.49
3567 -0.12
3568 0.34
3569 0.34
3570 0.38
3571 0.40
3572 0.44
3573 0.44
3574 -0.24
3575 0.34
3576 0.36
3577 0.40
3578 0.40
3579 0.38
3580 0.36
3581 0.44
3582 0.31
3583 0.31
3584 0.31
3585 0.44
3586 0.28
3587 0.14
3588 0.40
3589 0.42
3590 0.14
3591 0.40
3592 -0.26
3593 0.38
3594 -0.23
3595 0.42
3596 -0.11
3597 0.34
3598 0.24
3599 0.17
3600 0.36
3601 0.42
3602 0.46
3603 0.46
3604 0.42
3605 -0.28
3606 -0.32
3607 0.46
3608 0.44
3609 0.44
3610 0.31
3611 0.17
3612 0.15
3613 0.28
3614 0.05
3615 0.08
3616 0.17
3617 0.44
3618 0.36
3619 0.44
3620 0.32
3621 0.34
3622 0.42
3623 0.44
3624 0.25
3625 0.42
3626 -0.36
3627 0.42
3628 0.40
3629 0.42
3630 0.42
3631 0.42
3632 0.38
3633 0.42
3634 -0.18
3635 0.36
3636 0.44
3637 0.25
3638 0.44
3639 0.40
3640 0.34
3641 0.36
3642 0.46
3643 0.46
3644 0.44
3645 0.42
3646 0.44
3647 0.44
3648 0.44
3649 -0.19
3650 0.07
3651 0.42
3652 0.42
3653 0.40
3654 0.40
3655 0.40
3656 0.42
3657 0.34
3658 0.34
3659 0.03
3660 0.44
3661 0.42
3662 0.38
3663 0.34
3664 -0.17
3665 -0.00
3666 0.04
3667 0.38
3668 0.44
3669 0.31
3670 -0.32
3671 0.46
3672 0.40
3673 0.31
3674 0.40
3675 0.40
3676 0.40
3677 0.42
3678 0.42
3679 -0.24
3680 0.44
3681 0.40
3682 0.49
3683 0.44
3684 0.42
3685 0.38
3686 0.32
3687 0.49
3688 0.42
3689 0.38
3690 0.49
3691 0.31
3692 0.42
3693 0.42
3694 0.44
3695 0.49
3696 0.44
3697 0.36
3698 0.40
3699 0.44
3700 0.36
3701 -0.17
3702 0.46
3703 0.38
3704 0.44
3705 0.46
3706 0.42
3707 0.40
3708 0.40
3709 0.36
3710 0.49
3711 0.46
3712 0.44
3713 0.40
3714 0.44
3715 0.38
3716 0.49
3717 0.46
3718 0.46
3719 0.46
3720 0.44
3721 0.36
3722 0.49
3723 0.46
3724 0.24
3725 0.49
3726 0.49
3727 0.49
3728 0.49
3729 0.44
3730 0.44
3731 0.46
3732 0.16
3733 0.44
3734 0.46
3735 0.44
3736 0.49
3737 0.46
3738 0.40
3739 0.42
3740 0.18
3741 0.40
3742 0.46
3743 0.38
3744 0.46
3745 0.46
3746 0.44
3747 0.29
3748 0.31
3749 0.26
3750 0.20
3751 0.46
3752 -0.26
3753 0.36
3754 0.44
3755 0.42
3756 0.42
3757 -0.31
3758 0.36
3759 -0.11
3760 0.19
3761 0.26
3762 0.40
3763 -0.34
3764 0.40
3765 0.23
3766 0.23
3767 0.44
3768 0.44
3769 0.46
3770 0.44
3771 0.42
3772 0.46
3773 0.34
3774 0.49
3775 0.46
3776 0.46
3777 0.46
3778 0.44
3779 0.44
3780 0.44
3781 0.38
3782 0.49
3783 0.46
3784 0.44
3785 0.40
3786 -0.24
3787 0.42
3788 0.44
3789 0.49
3790 0.46
3791 0.46
3792 0.46
3793 0.46
3794 0.42
3795 0.46
3796 0.49
3797 0.49
3798 0.40
3799 0.42
3800 0.46
3801 0.46
3802 0.49
3803 0.31
3804 0.44
3805 0.49
3806 0.46
3807 0.44
3808 0.49
3809 0.44
3810 0.44
3811 0.42
3812 0.46
3813 0.49
3814 0.49
3815 0.44
3816 0.42
3817 0.31
3818 0.49
3819 0.42
3820 -0.29
3821 0.44
3822 0.42
3823 0.29
3824 0.44
3825 0.38
3826 0.42
3827 0.38
3828 0.28
3829 0.40
3830 0.49
3831 0.44
3832 0.49
3833 0.44
3834 0.44
3835 0.42
3836 0.38
3837 0.46
3838 0.05
3839 0.08
3840 0.46
3841 0.44
3842 0.49
3843 0.49
3844 0.46
3845 0.46
3846 0.42
3847 0.49
3848 0.46
3849 0.36
3850 0.42
3851 0.32
3852 0.42
3853 0.49
3854 0.46
3855 0.49
3856 0.18
3857 0.49
3858 0.38
3859 0.44
3860 0.44
3861 0.38
3862 0.46
3863 0.49
3864 0.44
3865 0.44
3866 0.44
3867 -0.29
3868 0.44
3869 0.44
3870 0.24
3871 0.28
3872 0.49
3873 0.46
3874 0.46
3875 0.46
3876 0.46
3877 0.49
3878 0.44
3879 0.42
3880 0.49
3881 0.49
3882 0.42
3883 -0.25
3884 0.44
3885 0.29
3886 0.08
3887 0.38
3888 0.49
3889 0.49
3890 -0.18
3891 0.29
3892 0.44
3893 0.40
3894 0.36
3895 0.38
3896 0.31
3897 0.31
3898 0.38
3899 0.44
3900 0.42
3901 0.44
3902 0.40
3903 0.36
3904 0.31
3905 0.42
3906 0.42
3907 0.36
3908 0.36
3909 0.44
3910 0.15
3911 0.17
3912 0.25
3913 0.36
3914 0.24
3915 0.36
3916 0.38
3917 0.40
3918 0.38
3919 0.36
3920 0.38
3921 0.40
3922 0.44
3923 0.44
3924 0.42
3925 0.49
3926 0.44
3927 0.49
3928 0.42
3929 0.46
3930 0.46
3931 0.49
3932 0.42
3933 0.44
3934 0.44
3935 0.44
3936 0.44
3937 0.38
3938 0.40
3939 0.38
3940 0.46
3941 0.44
3942 0.49
3943 0.49
3944 0.34
3945 0.40
3946 0.32
3947 0.36
3948 0.38
3949 0.44
3950 0.32
3951 0.42
3952 0.46
3953 0.46
3954 0.49
3955 0.46
3956 0.44
3957 0.46
3958 0.36
3959 0.44
3960 -0.14
3961 0.28
3962 0.31
3963 0.42
3964 0.40
3965 0.44
3966 0.46
3967 0.46
3968 0.46
3969 0.49
3970 0.46
3971 0.44
3972 0.49
3973 0.42
3974 0.49
3975 0.42
3976 0.40
3977 0.46
3978 0.44
3979 0.49
3980 0.40
3981 0.46
3982 0.36
3983 0.34
3984 0.40
3985 0.49
3986 0.49
3987 0.44
3988 0.46
3989 0.44
3990 0.44
3991 0.49
3992 0.42
3993 0.44
3994 0.49
3995 0.46
3996 0.26
3997 0.40
3998 0.38
3999 0.46
4000 0.42
4001 0.38
4002 0.31
4003 0.40
4004 0.42
4005 0.46
4006 0.42
4007 0.25
4008 0.24
4009 0.34
4010 0.36
4011 0.36
4012 0.25
4013 0.32
4014 0.28
4015 0.28
4016 -0.29
4017 0.46
4018 0.44
4019 0.36
4020 0.42
4021 0.40
4022 0.38
4023 0.46
4024 0.44
4025 0.42
4026 0.42
4027 0.44
4028 0.49
4029 0.46
4030 0.34
4031 0.46
4032 0.46
4033 0.04
4034 0.40
4035 0.44
4036 0.44
4037 0.44
4038 0.46
4039 0.36
4040 0.49
4041 0.49
4042 0.06
4043 0.05
4044 0.05
4045 0.40
4046 -0.19
4047 0.09
4048 0.36
4049 0.49
4050 0.42
4051 0.28
4052 0.02
4053 -0.16
4054 0.21
4055 -0.29
4056 0.26
4057 0.44
4058 0.49
4059 0.31
4060 0.49
4061 0.42
4062 0.26
4063 0.44
4064 0.46
4065 0.46
4066 0.46
4067 0.49
4068 0.44
4069 0.49
4070 0.46
4071 0.44
4072 0.40
4073 -0.28
4074 0.32
4075 0.49
4076 0.46
4077 0.49
4078 0.49
4079 0.40
4080 0.44
4081 0.07
4082 0.42
4083 0.44
4084 0.23
4085 0.46
4086 0.44
4087 0.32
4088 0.44
4089 0.06
4090 0.42
4091 0.31
4092 0.49
4093 0.49
4094 -0.02
4095 0.44
4096 0.49
4097 0.49
4098 0.46
4099 0.44
4100 0.46
4101 0.44
4102 0.46
4103 0.03
4104 0.38
4105 0.46
4106 0.46
4107 0.44
4108 0.07
4109 -0.19
4110 0.21
4111 0.40
4112 0.44
4113 0.44
4114 0.44
4115 0.42
4116 0.38
4117 0.49
4118 0.49
4119 0.42
4120 0.44
4121 0.49
4122 0.38
4123 0.44
4124 0.42
4125 0.49
4126 0.38
4127 0.49
4128 0.46
4129 -0.29
4130 0.46
4131 0.40
4132 0.36
4133 0.38
4134 0.46
4135 0.44
4136 0.49
4137 0.44
4138 0.44
4139 0.49
4140 -0.15
4141 0.36
4142 0.49
4143 0.38
4144 0.46
4145 0.44
4146 0.46
4147 0.44
4148 0.44
4149 0.38
4150 0.36
4151 0.42
4152 0.40
4153 0.44
4154 0.42
4155 0.49
4156 0.46
4157 0.42
4158 0.42
4159 0.42
4160 0.49
4161 0.42
4162 0.49
4163 0.46
4164 0.49
4165 0.40
4166 0.36
4167 0.44
4168 0.31
4169 0.44
4170 0.44
4171 0.38
4172 0.42
4173 0.46
4174 0.49
4175 0.49
4176 0.44
4177 0.46
4178 0.49
4179 0.40
4180 0.44
4181 0.40
4182 0.46
4183 0.40
4184 0.46
4185 0.44
4186 0.42
4187 0.40
4188 0.09
4189 0.42
4190 0.44
4191 0.36
4192 0.40
4193 0.49
4194 0.40
4195 0.46
4196 0.31
4197 0.49
4198 0.42
4199 0.49
4200 0.46
4201 0.49
4202 -0.17
4203 0.32
4204 0.32
4205 0.40
4206 0.49
4207 0.46
4208 0.07
4209 0.46
4210 0.46
4211 0.46
4212 0.40
4213 0.49
4214 0.46
4215 -0.29
4216 0.49
4217 0.36
4218 0.40
4219 0.38
4220 -0.31
4221 0.31
4222 0.42
4223 0.42
4224 0.42
4225 0.46
4226 0.49
4227 0.49
4228 0.42
4229 0.42
4230 0.44
4231 0.46
4232 0.42
4233 0.42
4234 0.46
4235 0.38
4236 0.42
4237 -0.36
4238 0.40
4239 0.46
4240 0.28
4241 0.40
4242 0.28
4243 0.46
4244 0.42
4245 0.44
4246 0.28
4247 0.31
4248 0.38
4249 0.49
4250 0.46
4251 0.49
4252 0.44
4253 0.46
4254 0.38
4255 0.44
4256 -0.14
4257 0.40
4258 0.17
4259 0.05
4260 0.21
4261 -0.28
4262 0.17
4263 0.36
4264 0.44
4265 0.46
4266 0.40
4267 0.34
4268 0.46
4269 0.42
4270 0.46
4271 0.49
4272 0.32
4273 0.46
4274 0.42
4275 0.49
4276 0.38
4277 0.40
4278 0.42
4279 0.38
4280 0.46
4281 0.38
4282 0.49
4283 0.49
4284 0.49
4285 0.42
4286 0.46
4287 0.49
4288 0.38
4289 0.49
4290 0.49
4291 0.46
4292 0.40
4293 0.44
4294 0.42
4295 0.42
4296 0.49
4297 0.49
4298 0.42
4299 0.49
4300 0.38
4301 -0.26
4302 0.46
4303 0.36
4304 0.32
4305 0.49
4306 0.42
4307 0.40
4308 0.36
4309 0.36
4310 -0.32
4311 0.26
4312 0.40
4313 0.40
4314 0.44
4315 0.42
4316 0.38
4317 0.49
4318 0.38
4319 0.44
4320 0.46
4321 0.42
4322 0.36
4323 0.49
4324 0.46
4325 0.46
4326 0.44
4327 0.44
4328 0.46
4329 0.29
4330 0.49
4331 0.42
4332 0.44
4333 0.42
4334 0.46
4335 0.40
4336 0.40
4337 0.49
4338 0.49
4339 -0.21
4340 0.49
4341 0.46
4342 0.46
4343 0.46
4344 0.42
4345 0.42
4346 0.42
4347 0.34
4348 0.49
4349 0.49
4350 0.38
4351 0.40
4352 0.46
4353 0.36
4354 0.49
4355 0.31
4356 -0.26
4357 0.42
4358 -0.19
4359 0.49
4360 0.46
4361 0.49
4362 0.42
4363 0.40
4364 0.46
4365 0.36
4366 0.44
4367 0.40
4368 0.46
4369 0.49
4370 0.42
4371 0.46
4372 0.36
4373 0.46
4374 0.46
4375 -0.18
4376 0.36
4377 0.42
4378 0.23
4379 0.36
4380 0.31
4381 0.40
4382 0.49
4383 0.46
4384 -0.28
4385 -0.36
4386 0.34
4387 0.44
4388 0.38
4389 0.38
4390 0.49
4391 0.49
4392 0.32
4393 0.44
4394 0.40
4395 0.46
4396 0.42
4397 0.49
4398 0.49
4399 0.49
4400 0.46
4401 0.36
4402 0.42
4403 0.42
4404 0.36
4405 0.44
4406 0.49
4407 0.31
4408 0.44
4409 0.38
4410 0.38
4411 0.44
4412 0.38
4413 -0.31
4414 0.49
4415 0.40
4416 0.34
4417 0.44
4418 0.46
4419 0.04
4420 0.31
4421 0.36
4422 0.40
4423 0.44
4424 0.38
4425 -0.29
4426 0.38
4427 0.44
4428 0.42
4429 0.38
4430 -0.13
4431 0.31
4432 0.42
4433 0.40
4434 0.42
4435 0.42
4436 0.44
4437 0.28
4438 -0.29
4439 0.46
4440 0.49
4441 0.46
4442 0.42
4443 0.38
4444 0.40
4445 0.20
4446 0.46
4447 0.46
4448 0.36
4449 0.49
4450 0.44
4451 0.46
4452 0.49
4453 0.44
4454 0.32
4455 0.46
4456 0.46
4457 0.49
4458 0.42
4459 -0.21
4460 0.34
4461 0.38
4462 0.49
4463 0.49
4464 0.38
4465 0.49
4466 0.34
4467 0.42
4468 0.44
4469 0.49
4470 0.44
4471 0.38
4472 0.44
4473 0.38
4474 0.44
4475 0.49
4476 0.38
4477 0.44
4478 0.46
4479 0.49
4480 0.36
4481 0.38
4482 0.36
4483 0.32
4484 0.42
4485 0.40
4486 0.46
4487 0.49
4488 0.46
4489 0.38
4490 0.46
4491 0.42
4492 -0.34
4493 0.32
4494 0.42
4495 0.44
4496 0.49
4497 0.49
4498 0.36
4499 0.36
4500 0.40
4501 0.46
4502 0.44
4503 0.32
4504 0.34
4505 0.32
4506 0.40
4507 0.49
4508 0.40
4509 0.49
4510 0.46
4511 0.40
4512 0.44
4513 0.42
4514 0.32
4515 0.40
4516 0.44
4517 0.44
4518 0.38
4519 0.42
4520 0.40
4521 0.46
4522 0.42
4523 0.49
4524 0.44
4525 0.44
4526 0.38
4527 0.44
4528 0.49
4529 0.49
4530 0.46
4531 0.24
4532 0.46
4533 0.44
4534 0.38
4535 0.42
4536 0.42
4537 0.38
4538 0.49
4539 0.46
4540 -0.32
4541 0.24
4542 0.44
4543 -0.28
4544 0.26
4545 0.28
4546 0.29
4547 0.36
4548 0.36
4549 0.49
4550 0.46
4551 0.42
4552 0.34
4553 0.44
4554 0.46
4555 0.46
4556 0.42
4557 0.46
4558 0.40
4559 0.49
4560 0.49
4561 0.36
4562 0.49
4563 -0.26
4564 0.40
4565 0.42
4566 0.49
4567 0.46
4568 0.49
4569 0.32
4570 0.42
4571 0.44
4572 0.38
4573 0.40
4574 0.04
4575 0.44
4576 0.38
4577 0.38
4578 0.42
4579 -0.31
4580 0.40
4581 0.38
4582 0.46
4583 0.46
4584 0.36
4585 0.40
4586 0.46
4587 0.42
4588 0.42
4589 0.42
4590 0.46
4591 0.46
4592 0.49
4593 0.38
4594 0.44
4595 0.46
4596 0.36
4597 0.49
4598 0.42
4599 0.38
4600 0.44
4601 0.46
4602 0.49
4603 0.34
4604 0.32
4605 0.49
4606 0.42
4607 0.40
4608 0.44
4609 0.46
4610 0.46
4611 0.46
4612 0.44
4613 0.42
4614 0.49
4615 0.42
4616 0.44
4617 0.49
4618 0.49
4619 0.46
4620 0.04
4621 0.44
4622 0.42
4623 0.44
4624 0.46
4625 0.46
4626 0.44
4627 0.49
4628 0.42
4629 0.44
4630 -0.36
4631 0.29
4632 0.46
4633 0.46
4634 0.29
4635 0.42
4636 0.46
4637 0.40
4638 0.31
4639 0.24
4640 0.25
4641 0.36
4642 0.44
4643 0.40
4644 0.36
4645 0.40
4646 0.38
4647 0.18
4648 0.20
4649 -0.25
4650 0.34
4651 0.19
4652 0.34
4653 0.42
4654 0.46
4655 -0.32
4656 0.46
4657 0.49
4658 0.40
4659 0.38
4660 0.49
4661 0.49
4662 0.49
4663 0.46
4664 0.46
4665 0.40
4666 0.46
4667 0.42
4668 0.49
4669 0.42
4670 0.44
4671 0.46
4672 0.32
4673 0.49
4674 0.42
4675 0.49
4676 0.44
4677 0.42
4678 0.44
4679 0.44
4680 0.46
4681 0.49
4682 0.40
4683 0.40
4684 0.44
4685 0.46
4686 0.46
4687 0.46
4688 -0.29
4689 0.49
4690 0.44
4691 0.40
4692 0.46
4693 0.42
4694 0.46
4695 -0.31
4696 -0.25
4697 0.40
4698 0.36
4699 0.34
4700 0.32
4701 0.40
4702 0.36
4703 0.38
4704 0.38
4705 -0.32
4706 0.26
4707 0.31
4708 0.36
4709 -0.25
4710 0.24
4711 0.44
4712 0.42
4713 0.42
4714 0.49
4715 0.44
4716 0.34
4717 0.26
4718 0.06
4719 0.46
4720 0.42
4721 0.38
4722 0.42
4723 0.46
4724 0.49
4725 0.46
4726 0.49
4727 0.42
4728 0.46
4729 0.28
4730 0.44
4731 0.44
4732 0.34
4733 0.49
4734 0.42
4735 0.38
4736 0.36
4737 0.46
4738 0.44
4739 0.40
4740 0.42
4741 0.46
4742 0.38
4743 0.40
4744 0.49
4745 0.44
4746 0.46
4747 0.49
4748 0.44
4749 0.44
4750 0.44
4751 0.46
4752 0.40
4753 0.15
4754 0.49
4755 0.40
4756 0.26
4757 -0.17
4758 0.44
4759 0.46
4760 0.42
4761 0.44
4762 0.49
4763 0.42
4764 0.44
4765 0.36
4766 0.31
4767 0.32
4768 0.40
4769 0.42
4770 0.49
4771 0.44
4772 0.49
4773 0.42
4774 0.32
4775 0.42
4776 0.12
4777 0.34
4778 0.26
4779 0.38
4780 0.36
4781 0.44
4782 0.49
4783 0.42
4784 0.24
4785 0.36
4786 0.25
4787 0.42
4788 0.19
4789 0.34
4790 0.08
4791 0.07
4792 0.29
4793 0.49
4794 0.14
4795 0.31
4796 0.15
4797 0.32
4798 0.32
4799 0.34
4800 0.34
4801 0.46
4802 0.46
4803 0.38
4804 0.49
4805 0.49
4806 0.46
4807 0.44
4808 0.46
4809 0.49
4810 0.49
4811 0.34
4812 0.38
4813 0.46
4814 0.49
4815 0.49
4816 0.44
4817 0.49
4818 0.46
4819 0.40
4820 0.40
4821 0.46
4822 0.49
4823 0.46
4824 0.49
4825 0.49
4826 0.29
4827 0.42
4828 0.42
4829 0.42
4830 0.42
4831 0.46
4832 0.44
4833 0.42
4834 0.44
4835 0.46
4836 0.36
4837 0.38
4838 0.36
4839 0.49
4840 0.42
4841 0.49
4842 0.44
4843 0.46
4844 0.42
4845 0.44
4846 0.46
4847 0.40
4848 0.44
4849 0.20
4850 0.42
4851 0.36
4852 0.34
4853 0.49
4854 0.49
4855 0.42
4856 0.49
4857 0.31
4858 0.34
4859 0.34
4860 0.36
4861 0.46
4862 0.40
4863 0.49
4864 0.44
4865 0.49
4866 0.46
4867 0.46
4868 0.40
4869 0.42
4870 0.40
4871 0.44
4872 0.31
4873 0.40
4874 0.40
4875 0.49
4876 0.42
4877 0.44
4878 0.44
4879 0.46
4880 0.42
4881 0.38
4882 0.49
4883 0.34
4884 0.49
4885 0.44
4886 0.42
4887 0.46
4888 0.42
4889 0.49
4890 0.36
4891 0.36
4892 0.49
4893 0.42
4894 0.38
4895 0.46
4896 0.23
4897 0.31
4898 0.49
4899 0.42
4900 -0.14
4901 0.26
4902 0.32
4903 0.34
4904 0.49
4905 0.49
4906 0.46
4907 0.49
4908 0.40
4909 0.38
4910 0.42
4911 0.49
4912 0.49
4913 0.42
4914 0.44
4915 0.42
4916 0.40
4917 0.46
4918 0.44
4919 0.46
4920 0.46
4921 0.46
4922 0.44
4923 0.42
4924 0.44
4925 0.44
4926 0.44
4927 0.40
4928 0.29
4929 0.40
4930 0.38
4931 0.44
4932 0.46
4933 0.42
4934 0.36
4935 0.44
4936 0.44
4937 0.46
4938 0.44
4939 0.44
4940 0.46
4941 0.40
4942 0.49
4943 0.34
4944 0.46
4945 0.44
4946 0.49
4947 0.49
4948 0.34
4949 0.46
4950 0.44
4951 0.32
4952 0.36
4953 0.49
4954 0.38
4955 0.40
4956 0.44
4957 0.38
4958 0.42
4959 0.46
4960 0.46
4961 0.09
4962 0.07
4963 0.49
4964 0.34
4965 0.49
4966 0.49
4967 0.34
4968 0.44
4969 0.44
4970 0.28
4971 0.31
4972 0.38
4973 0.32
4974 0.38
4975 0.49
4976 0.31
4977 0.49
4978 0.49
4979 0.38
4980 0.17
4981 0.12
4982 0.42
4983 0.09
4984 0.14
4985 0.14
4986 0.23
4987 0.34
4988 0.38
4989 0.09
4990 0.10
4991 0.11
4992 0.32
4993 0.34
4994 0.40
4995 0.49
4996 0.46
4997 0.40
4998 0.49
4999 0.44
