0 319.90
1 319.90
2 319.90
3 319.90
4 319.90
5 319.90
6 319.90
7 319.90
8 319.90
9 319.90
10 319.90
11 319.90
12 319.90
13 319.90
14 319.90
15 319.90
16 319.90
17 319.90
18 319.90
19 319.90
20 319.90
21 319.90
22 319.90
23 319.90
24 319.90
25 319.90
26 319.90
27 319.90
28 319.90
29 319.90
30 319.90
31 319.90
32 319.90
33 319.90
34 319.90
35 319.90
36 319.90
37 319.90
38 319.90
39 319.90
40 319.90
41 319.90
42 319.90
43 319.90
44 319.90
45 319.90
46 319.90
47 319.90
48 319.90
49 319.90
50 319.90
51 319.90
52 319.90
53 319.90
54 319.90
55 319.90
56 319.90
57 319.90
58 319.90
59 319.90
60 319.90
61 319.90
62 319.90
63 319.90
64 319.90
65 319.90
66 319.90
67 319.90
68 319.90
69 319.90
70 319.90
71 319.90
72 319.90
73 319.90
74 319.90
75 319.90
76 319.90
77 319.90
78 319.90
79 319.90
80 319.90
81 319.90
82 319.90
83 319.90
84 319.90
85 319.90
86 319.90
87 319.90
88 319.90
89 319.90
90 319.90
91 319.90
92 319.90
93 319.90
94 319.90
95 319.90
96 319.90
97 319.90
98 319.90
99 319.90
100 319.90
101 319.90
102 319.90
103 319.90
104 319.90
105 319.90
106 319.90
107 319.90
108 319.90
109 319.90
110 319.90
111 319.90
112 319.90
113 319.90
114 319.90
115 319.90
116 319.90
117 319.90
118 319.90
119 319.90
120 319.90
121 319.90
122 319.90
123 319.90
124 319.90
125 319.90
126 319.90
127 319.90
128 319.90
129 319.90
130 319.90
131 319.90
132 319.90
133 319.90
134 319.90
135 319.90
136 319.90
137 319.90
138 319.90
139 319.90
140 319.90
141 319.90
142 319.90
143 319.90
144 319.90
145 319.90
146 319.90
147 319.90
148 319.90
149 319.90
150 319.90
151 319.90
152 319.90
153 319.90
154 319.90
155 319.90
156 319.90
157 319.90
158 319.90
159 319.90
160 319.90
161 319.90
162 319.90
163 319.90
164 319.90
165 319.90
166 319.90
167 319.90
168 319.90
169 319.90
170 319.90
171 319.90
172 319.90
173 319.90
174 319.90
175 319.90
176 319.90
177 319.90
178 319.90
179 319.90
180 319.90
181 319.90
182 319.90
183 319.90
184 319.90
185 319.90
186 319.90
187 319.90
188 319.90
189 319.90
190 319.90
191 319.90
192 319.90
193 319.90
194 319.90
195 319.90
196 319.90
197 319.90
198 319.90
199 319.90
200 309.30
201 309.30
202 309.30
203 309.30
204 309.30
205 309.30
206 309.30
207 309.30
208 309.30
209 309.30
210 309.30
211 309.30
212 309.30
213 309.30
214 309.30
215 309.30
216 309.30
217 309.30
218 309.30
219 309.30
220 309.30
221 309.30
222 309.30
223 309.30
224 309.30
225 309.30
226 309.30
227 309.30
228 309.30
229 309.30
230 309.30
231 309.30
232 309.30
233 309.30
234 309.30
235 309.30
236 309.30
237 309.30
238 309.30
239 309.30
240 309.30
241 309.30
242 309.30
243 309.30
244 309.30
245 309.30
246 309.30
247 309.30
248 309.30
249 309.30
250 309.30
251 309.30
252 309.30
253 309.30
254 309.30
255 309.30
256 309.30
257 309.30
258 309.30
259 309.30
260 309.30
261 309.30
262 309.30
263 309.30
264 309.30
265 309.30
266 309.30
267 309.30
268 309.30
269 309.30
270 309.30
271 309.30
272 309.30
273 309.30
274 309.30
275 309.30
276 309.30
277 309.30
278 309.30
279 309.30
280 309.30
281 309.30
282 309.30
283 309.30
284 309.30
285 309.30
286 309.30
287 309.30
288 309.30
289 309.30
290 309.30
291 309.30
292 309.30
293 309.30
294 309.30
295 309.30
296 309.30
297 309.30
298 309.30
299 309.30
300 309.30
301 309.30
302 309.30
303 309.30
304 309.30
305 309.30
306 309.30
307 309.30
308 309.30
309 309.30
310 309.30
311 309.30
312 309.30
313 309.30
314 309.30
315 309.30
316 309.30
317 309.30
318 309.30
319 309.30
320 309.30
321 309.30
322 309.30
323 309.30
324 309.30
325 309.30
326 309.30
327 309.30
328 309.30
329 309.30
330 309.30
331 309.30
332 309.30
333 309.30
334 309.30
335 309.30
336 309.30
337 309.30
338 309.30
339 309.30
340 309.30
341 309.30
342 309.30
343 309.30
344 309.30
345 309.30
346 309.30
347 309.30
348 309.30
349 309.30
350 309.30
351 309.30
352 309.30
353 309.30
354 309.30
355 309.30
356 309.30
357 309.30
358 309.30
359 309.30
360 309.30
361 309.30
362 309.30
363 309.30
364 309.30
365 309.30
366 309.30
367 309.30
368 309.30
369 309.30
370 309.30
371 309.30
372 309.30
373 309.30
374 309.30
375 309.30
376 309.30
377 309.30
378 309.30
379 309.30
380 309.30
381 309.30
382 309.30
383 309.30
384 309.30
385 309.30
386 309.30
387 309.30
388 309.30
389 309.30
390 309.30
391 309.30
392 309.30
393 309.30
394 309.30
395 309.30
396 309.30
397 309.30
398 309.30
399 309.30
400 316.80
401 316.80
402 316.80
403 316.80
404 316.80
405 316.80
406 316.80
407 316.80
408 316.80
409 316.80
410 316.80
411 316.80
412 316.80
413 316.80
414 316.80
415 316.80
416 316.80
417 316.80
418 316.80
419 316.80
420 316.80
421 316.80
422 316.80
423 316.80
424 316.80
425 316.80
426 316.80
427 316.80
428 316.80
429 316.80
430 316.80
431 316.80
432 316.80
433 316.80
434 316.80
435 316.80
436 316.80
437 316.80
438 316.80
439 316.80
440 316.80
441 316.80
442 316.80
443 316.80
444 316.80
445 316.80
446 316.80
447 316.80
448 316.80
449 316.80
450 316.80
451 316.80
452 316.80
453 316.80
454 316.80
455 316.80
456 316.80
457 316.80
458 316.80
459 316.80
460 316.80
461 316.80
462 316.80
463 316.80
464 316.80
465 316.80
466 316.80
467 316.80
468 316.80
469 316.80
470 316.80
471 316.80
472 316.80
473 316.80
474 316.80
475 316.80
476 316.80
477 316.80
478 316.80
479 316.80
480 316.80
481 316.80
482 316.80
483 316.80
484 316.80
485 316.80
486 316.80
487 316.80
488 316.80
489 316.80
490 316.80
491 316.80
492 316.80
493 316.80
494 316.80
495 316.80
496 316.80
497 316.80
498 316.80
499 316.80
500 316.80
501 316.80
502 316.80
503 316.80
504 316.80
505 316.80
506 316.80
507 316.80
508 316.80
509 316.80
510 316.80
511 316.80
512 316.80
513 316.80
514 316.80
515 316.80
516 316.80
517 316.80
518 316.80
519 316.80
520 316.80
521 316.80
522 316.80
523 316.80
524 316.80
525 316.80
526 316.80
527 316.80
528 316.80
529 316.80
530 316.80
531 316.80
532 316.80
533 316.80
534 316.80
535 316.80
536 316.80
537 316.80
538 316.80
539 316.80
540 316.80
541 316.80
542 316.80
543 316.80
544 316.80
545 316.80
546 316.80
547 316.80
548 316.80
549 316.80
550 316.80
551 316.80
552 316.80
553 316.80
554 316.80
555 316.80
556 316.80
557 316.80
558 316.80
559 316.80
560 316.80
561 316.80
562 316.80
563 316.80
564 316.80
565 316.80
566 316.80
567 316.80
568 316.80
569 316.80
570 316.80
571 316.80
572 316.80
573 316.80
574 316.80
575 316.80
576 316.80
577 316.80
578 316.80
579 316.80
580 316.80
581 316.80
582 316.80
583 316.80
584 316.80
585 316.80
586 316.80
587 316.80
588 316.80
589 316.80
590 316.80
591 316.80
592 316.80
593 316.80
594 316.80
595 316.80
596 316.80
597 316.80
598 316.80
599 316.80
600 347.50
601 347.50
602 347.50
603 347.50
604 347.50
605 347.50
606 347.50
607 347.50
608 347.50
609 347.50
610 347.50
611 347.50
612 347.50
613 347.50
614 347.50
615 347.50
616 347.50
617 347.50
618 347.50
619 347.50
620 347.50
621 347.50
622 347.50
623 347.50
624 347.50
625 347.50
626 347.50
627 347.50
628 347.50
629 347.50
630 347.50
631 347.50
632 347.50
633 347.50
634 347.50
635 347.50
636 347.50
637 347.50
638 347.50
639 347.50
640 347.50
641 347.50
642 347.50
643 347.50
644 347.50
645 347.50
646 347.50
647 347.50
648 347.50
649 347.50
650 347.50
651 347.50
652 347.50
653 347.50
654 347.50
655 347.50
656 347.50
657 347.50
658 347.50
659 347.50
660 347.50
661 347.50
662 347.50
663 347.50
664 347.50
665 347.50
666 347.50
667 347.50
668 347.50
669 347.50
670 347.50
671 347.50
672 347.50
673 347.50
674 347.50
675 347.50
676 347.50
677 347.50
678 347.50
679 347.50
680 347.50
681 347.50
682 347.50
683 347.50
684 347.50
685 347.50
686 347.50
687 347.50
688 347.50
689 347.50
690 347.50
691 347.50
692 347.50
693 347.50
694 347.50
695 347.50
696 347.50
697 347.50
698 347.50
699 347.50
700 347.50
701 347.50
702 347.50
703 347.50
704 347.50
705 347.50
706 347.50
707 347.50
708 347.50
709 347.50
710 347.50
711 347.50
712 347.50
713 347.50
714 347.50
715 347.50
716 347.50
717 347.50
718 347.50
719 347.50
720 347.50
721 347.50
722 347.50
723 347.50
724 347.50
725 347.50
726 347.50
727 347.50
728 347.50
729 347.50
730 347.50
731 347.50
732 347.50
733 347.50
734 347.50
735 347.50
736 347.50
737 347.50
738 347.50
739 347.50
740 347.50
741 347.50
742 347.50
743 347.50
744 347.50
745 347.50
746 347.50
747 347.50
748 347.50
749 347.50
750 347.50
751 347.50
752 347.50
753 347.50
754 347.50
755 347.50
756 347.50
757 347.50
758 347.50
759 347.50
760 347.50
761 347.50
762 347.50
763 347.50
764 347.50
765 347.50
766 347.50
767 347.50
768 347.50
769 347.50
770 347.50
771 347.50
772 347.50
773 347.50
774 347.50
775 347.50
776 347.50
777 347.50
778 347.50
779 347.50
780 347.50
781 347.50
782 347.50
783 347.50
784 347.50
785 347.50
786 347.50
787 347.50
788 347.50
789 347.50
790 347.50
791 347.50
792 347.50
793 347.50
794 347.50
795 347.50
796 347.50
797 347.50
798 347.50
799 347.50
800 369.10
801 369.10
802 369.10
803 369.10
804 369.10
805 369.10
806 369.10
807 369.10
808 369.10
809 369.10
810 369.10
811 369.10
812 369.10
813 369.10
814 369.10
815 369.10
816 369.10
817 369.10
818 369.10
819 369.10
820 369.10
821 369.10
822 369.10
823 369.10
824 369.10
825 369.10
826 369.10
827 369.10
828 369.10
829 369.10
830 369.10
831 369.10
832 369.10
833 369.10
834 369.10
835 369.10
836 369.10
837 369.10
838 369.10
839 369.10
840 369.10
841 369.10
842 369.10
843 369.10
844 369.10
845 369.10
846 369.10
847 369.10
848 369.10
849 369.10
850 369.10
851 369.10
852 369.10
853 369.10
854 369.10
855 369.10
856 369.10
857 369.10
858 369.10
859 369.10
860 369.10
861 369.10
862 369.10
863 369.10
864 369.10
865 369.10
866 369.10
867 369.10
868 369.10
869 369.10
870 369.10
871 369.10
872 369.10
873 369.10
874 369.10
875 369.10
876 369.10
877 369.10
878 369.10
879 369.10
880 369.10
881 369.10
882 369.10
883 369.10
884 369.10
885 369.10
886 369.10
887 369.10
888 369.10
889 369.10
890 369.10
891 369.10
892 369.10
893 369.10
894 369.10
895 369.10
896 369.10
897 369.10
898 369.10
899 369.10
900 369.10
901 369.10
902 369.10
903 369.10
904 369.10
905 369.10
906 369.10
907 369.10
908 369.10
909 369.10
910 369.10
911 369.10
912 369.10
913 369.10
914 369.10
915 369.10
916 369.10
917 369.10
918 369.10
919 369.10
920 369.10
921 369.10
922 369.10
923 369.10
924 369.10
925 369.10
926 369.10
927 369.10
928 369.10
929 369.10
930 369.10
931 369.10
932 369.10
933 369.10
934 369.10
935 369.10
936 369.10
937 369.10
938 369.10
939 369.10
940 369.10
941 369.10
942 369.10
943 369.10
944 369.10
945 369.10
946 369.10
947 369.10
948 369.10
949 369.10
950 369.10
951 369.10
952 369.10
953 369.10
954 369.10
955 369.10
956 369.10
957 369.10
958 369.10
959 369.10
960 369.10
961 369.10
962 369.10
963 369.10
964 369.10
965 369.10
966 369.10
967 369.10
968 369.10
969 369.10
970 369.10
971 369.10
972 369.10
973 369.10
974 369.10
975 369.10
976 369.10
977 369.10
978 369.10
979 369.10
980 369.10
981 369.10
982 369.10
983 369.10
984 369.10
985 369.10
986 369.10
987 369.10
988 369.10
989 369.10
990 369.10
991 369.10
992 369.10
993 369.10
994 369.10
995 369.10
996 369.10
997 369.10
998 369.10
999 369.10
1000 371.50
1001 371.50
1002 371.50
1003 371.50
1004 371.50
1005 371.50
1006 371.50
1007 371.50
1008 371.50
1009 371.50
1010 371.50
1011 371.50
1012 371.50
1013 371.50
1014 371.50
1015 371.50
1016 371.50
1017 371.50
1018 371.50
1019 371.50
1020 371.50
1021 371.50
1022 371.50
1023 371.50
1024 371.50
1025 371.50
1026 371.50
1027 371.50
1028 371.50
1029 371.50
1030 371.50
1031 371.50
1032 371.50
1033 371.50
1034 371.50
1035 371.50
1036 371.50
1037 371.50
1038 371.50
1039 371.50
1040 371.50
1041 371.50
1042 371.50
1043 371.50
1044 371.50
1045 371.50
1046 371.50
1047 371.50
1048 371.50
1049 371.50
1050 371.50
1051 371.50
1052 371.50
1053 371.50
1054 371.50
1055 371.50
1056 371.50
1057 371.50
1058 371.50
1059 371.50
1060 371.50
1061 371.50
1062 371.50
1063 371.50
1064 371.50
1065 371.50
1066 371.50
1067 371.50
1068 371.50
1069 371.50
1070 371.50
1071 371.50
1072 371.50
1073 371.50
1074 371.50
1075 371.50
1076 371.50
1077 371.50
1078 371.50
1079 371.50
1080 371.50
1081 371.50
1082 371.50
1083 371.50
1084 371.50
1085 371.50
1086 371.50
1087 371.50
1088 371.50
1089 371.50
1090 371.50
1091 371.50
1092 371.50
1093 371.50
1094 371.50
1095 371.50
1096 371.50
1097 371.50
1098 371.50
1099 371.50
1100 371.50
1101 371.50
1102 371.50
1103 371.50
1104 371.50
1105 371.50
1106 371.50
1107 371.50
1108 371.50
1109 371.50
1110 371.50
1111 371.50
1112 371.50
1113 371.50
1114 371.50
1115 371.50
1116 371.50
1117 371.50
1118 371.50
1119 371.50
1120 371.50
1121 371.50
1122 371.50
1123 371.50
1124 371.50
1125 371.50
1126 371.50
1127 371.50
1128 371.50
1129 371.50
1130 371.50
1131 371.50
1132 371.50
1133 371.50
1134 371.50
1135 371.50
1136 371.50
1137 371.50
1138 371.50
1139 371.50
1140 371.50
1141 371.50
1142 371.50
1143 371.50
1144 371.50
1145 371.50
1146 371.50
1147 371.50
1148 371.50
1149 371.50
1150 371.50
1151 371.50
1152 371.50
1153 371.50
1154 371.50
1155 371.50
1156 371.50
1157 371.50
1158 371.50
1159 371.50
1160 371.50
1161 371.50
1162 371.50
1163 371.50
1164 371.50
1165 371.50
1166 371.50
1167 371.50
1168 371.50
1169 371.50
1170 371.50
1171 371.50
1172 371.50
1173 371.50
1174 371.50
1175 371.50
1176 371.50
1177 371.50
1178 371.50
1179 371.50
1180 371.50
1181 371.50
1182 371.50
1183 371.50
1184 371.50
1185 371.50
1186 371.50
1187 371.50
1188 371.50
1189 371.50
1190 371.50
1191 371.50
1192 371.50
1193 371.50
1194 371.50
1195 371.50
1196 371.50
1197 371.50
1198 371.50
1199 371.50
1200 337.30
1201 337.30
1202 337.30
1203 337.30
1204 337.30
1205 337.30
1206 337.30
1207 337.30
1208 337.30
1209 337.30
1210 337.30
1211 337.30
1212 337.30
1213 337.30
1214 337.30
1215 337.30
1216 337.30
1217 337.30
1218 337.30
1219 337.30
1220 337.30
1221 337.30
1222 337.30
1223 337.30
1224 337.30
1225 337.30
1226 337.30
1227 337.30
1228 337.30
1229 337.30
1230 337.30
1231 337.30
1232 337.30
1233 337.30
1234 337.30
1235 337.30
1236 337.30
1237 337.30
1238 337.30
1239 337.30
1240 337.30
1241 337.30
1242 337.30
1243 337.30
1244 337.30
1245 337.30
1246 337.30
1247 337.30
1248 337.30
1249 337.30
1250 337.30
1251 337.30
1252 337.30
1253 337.30
1254 337.30
1255 337.30
1256 337.30
1257 337.30
1258 337.30
1259 337.30
1260 337.30
1261 337.30
1262 337.30
1263 337.30
1264 337.30
1265 337.30
1266 337.30
1267 337.30
1268 337.30
1269 337.30
1270 337.30
1271 337.30
1272 337.30
1273 337.30
1274 337.30
1275 337.30
1276 337.30
1277 337.30
1278 337.30
1279 337.30
1280 337.30
1281 337.30
1282 337.30
1283 337.30
1284 337.30
1285 337.30
1286 337.30
1287 337.30
1288 337.30
1289 337.30
1290 337.30
1291 337.30
1292 337.30
1293 337.30
1294 337.30
1295 337.30
1296 337.30
1297 337.30
1298 337.30
1299 337.30
1300 337.30
1301 337.30
1302 337.30
1303 337.30
1304 337.30
1305 337.30
1306 337.30
1307 337.30
1308 337.30
1309 337.30
1310 337.30
1311 337.30
1312 337.30
1313 337.30
1314 337.30
1315 337.30
1316 337.30
1317 337.30
1318 337.30
1319 337.30
1320 337.30
1321 337.30
1322 337.30
1323 337.30
1324 337.30
1325 337.30
1326 337.30
1327 337.30
1328 337.30
1329 337.30
1330 337.30
1331 337.30
1332 337.30
1333 337.30
1334 337.30
1335 337.30
1336 337.30
1337 337.30
1338 337.30
1339 337.30
1340 337.30
1341 337.30
1342 337.30
1343 337.30
1344 337.30
1345 337.30
1346 337.30
1347 337.30
1348 337.30
1349 337.30
1350 337.30
1351 337.30
1352 337.30
1353 337.30
1354 337.30
1355 337.30
1356 337.30
1357 337.30
1358 337.30
1359 337.30
1360 337.30
1361 337.30
1362 337.30
1363 337.30
1364 337.30
1365 337.30
1366 337.30
1367 337.30
1368 337.30
1369 337.30
1370 337.30
1371 337.30
1372 337.30
1373 337.30
1374 337.30
1375 337.30
1376 337.30
1377 337.30
1378 337.30
1379 337.30
1380 337.30
1381 337.30
1382 337.30
1383 337.30
1384 337.30
1385 337.30
1386 337.30
1387 337.30
1388 337.30
1389 337.30
1390 337.30
1391 337.30
1392 337.30
1393 337.30
1394 337.30
1395 337.30
1396 337.30
1397 337.30
1398 337.30
1399 337.30
1400 365.40
1401 365.40
1402 365.40
1403 365.40
1404 365.40
1405 365.40
1406 365.40
1407 365.40
1408 365.40
1409 365.40
1410 365.40
1411 365.40
1412 365.40
1413 365.40
1414 365.40
1415 365.40
1416 365.40
1417 365.40
1418 365.40
1419 365.40
1420 365.40
1421 365.40
1422 365.40
1423 365.40
1424 365.40
1425 365.40
1426 365.40
1427 365.40
1428 365.40
1429 365.40
1430 365.40
1431 365.40
1432 365.40
1433 365.40
1434 365.40
1435 365.40
1436 365.40
1437 365.40
1438 365.40
1439 365.40
1440 365.40
1441 365.40
1442 365.40
1443 365.40
1444 365.40
1445 365.40
1446 365.40
1447 365.40
1448 365.40
1449 365.40
1450 365.40
1451 365.40
1452 365.40
1453 365.40
1454 365.40
1455 365.40
1456 365.40
1457 365.40
1458 365.40
1459 365.40
1460 365.40
1461 365.40
1462 365.40
1463 365.40
1464 365.40
1465 365.40
1466 365.40
1467 365.40
1468 365.40
1469 365.40
1470 365.40
1471 365.40
1472 365.40
1473 365.40
1474 365.40
1475 365.40
1476 365.40
1477 365.40
1478 365.40
1479 365.40
1480 365.40
1481 365.40
1482 365.40
1483 365.40
1484 365.40
1485 365.40
1486 365.40
1487 365.40
1488 365.40
1489 365.40
1490 365.40
1491 365.40
1492 365.40
1493 365.40
1494 365.40
1495 365.40
1496 365.40
1497 365.40
1498 365.40
1499 365.40
1500 365.40
1501 365.40
1502 365.40
1503 365.40
1504 365.40
1505 365.40
1506 365.40
1507 365.40
1508 365.40
1509 365.40
1510 365.40
1511 365.40
1512 365.40
1513 365.40
1514 365.40
1515 365.40
1516 365.40
1517 365.40
1518 365.40
1519 365.40
1520 365.40
1521 365.40
1522 365.40
1523 365.40
1524 365.40
1525 365.40
1526 365.40
1527 365.40
1528 365.40
1529 365.40
1530 365.40
1531 365.40
1532 365.40
1533 365.40
1534 365.40
1535 365.40
1536 365.40
1537 365.40
1538 365.40
1539 365.40
1540 365.40
1541 365.40
1542 365.40
1543 365.40
1544 365.40
1545 365.40
1546 365.40
1547 365.40
1548 365.40
1549 365.40
1550 365.40
1551 365.40
1552 365.40
1553 365.40
1554 365.40
1555 365.40
1556 365.40
1557 365.40
1558 365.40
1559 365.40
1560 365.40
1561 365.40
1562 365.40
1563 365.40
1564 365.40
1565 365.40
1566 365.40
1567 365.40
1568 365.40
1569 365.40
1570 365.40
1571 365.40
1572 365.40
1573 365.40
1574 365.40
1575 365.40
1576 365.40
1577 365.40
1578 365.40
1579 365.40
1580 365.40
1581 365.40
1582 365.40
1583 365.40
1584 365.40
1585 365.40
1586 365.40
1587 365.40
1588 365.40
1589 365.40
1590 365.40
1591 365.40
1592 365.40
1593 365.40
1594 365.40
1595 365.40
1596 365.40
1597 365.40
1598 365.40
1599 365.40
1600 355.30
1601 355.30
1602 355.30
1603 355.30
1604 355.30
1605 355.30
1606 355.30
1607 355.30
1608 355.30
1609 355.30
1610 355.30
1611 355.30
1612 355.30
1613 355.30
1614 355.30
1615 355.30
1616 355.30
1617 355.30
1618 355.30
1619 355.30
1620 355.30
1621 355.30
1622 355.30
1623 355.30
1624 355.30
1625 355.30
1626 355.30
1627 355.30
1628 355.30
1629 355.30
1630 355.30
1631 355.30
1632 355.30
1633 355.30
1634 355.30
1635 355.30
1636 355.30
1637 355.30
1638 355.30
1639 355.30
1640 355.30
1641 355.30
1642 355.30
1643 355.30
1644 355.30
1645 355.30
1646 355.30
1647 355.30
1648 355.30
1649 355.30
1650 355.30
1651 355.30
1652 355.30
1653 355.30
1654 355.30
1655 355.30
1656 355.30
1657 355.30
1658 355.30
1659 355.30
1660 355.30
1661 355.30
1662 355.30
1663 355.30
1664 355.30
1665 355.30
1666 355.30
1667 355.30
1668 355.30
1669 355.30
1670 355.30
1671 355.30
1672 355.30
1673 355.30
1674 355.30
1675 355.30
1676 355.30
1677 355.30
1678 355.30
1679 355.30
1680 355.30
1681 355.30
1682 355.30
1683 355.30
1684 355.30
1685 355.30
1686 355.30
1687 355.30
1688 355.30
1689 355.30
1690 355.30
1691 355.30
1692 355.30
1693 355.30
1694 355.30
1695 355.30
1696 355.30
1697 355.30
1698 355.30
1699 355.30
1700 355.30
1701 355.30
1702 355.30
1703 355.30
1704 355.30
1705 355.30
1706 355.30
1707 355.30
1708 355.30
1709 355.30
1710 355.30
1711 355.30
1712 355.30
1713 355.30
1714 355.30
1715 355.30
1716 355.30
1717 355.30
1718 355.30
1719 355.30
1720 355.30
1721 355.30
1722 355.30
1723 355.30
1724 355.30
1725 355.30
1726 355.30
1727 355.30
1728 355.30
1729 355.30
1730 355.30
1731 355.30
1732 355.30
1733 355.30
1734 355.30
1735 355.30
1736 355.30
1737 355.30
1738 355.30
1739 355.30
1740 355.30
1741 355.30
1742 355.30
1743 355.30
1744 355.30
1745 355.30
1746 355.30
1747 355.30
1748 355.30
1749 355.30
1750 355.30
1751 355.30
1752 355.30
1753 355.30
1754 355.30
1755 355.30
1756 355.30
1757 355.30
1758 355.30
1759 355.30
1760 355.30
1761 355.30
1762 355.30
1763 355.30
1764 355.30
1765 355.30
1766 355.30
1767 355.30
1768 355.30
1769 355.30
1770 355.30
1771 355.30
1772 355.30
1773 355.30
1774 355.30
1775 355.30
1776 355.30
1777 355.30
1778 355.30
1779 355.30
1780 355.30
1781 355.30
1782 355.30
1783 355.30
1784 355.30
1785 355.30
1786 355.30
1787 355.30
1788 355.30
1789 355.30
1790 355.30
1791 355.30
1792 355.30
1793 355.30
1794 355.30
1795 355.30
1796 355.30
1797 355.30
1798 355.30
1799 355.30
1800 364.60
1801 364.60
1802 364.60
1803 364.60
1804 364.60
1805 364.60
1806 364.60
1807 364.60
1808 364.60
1809 364.60
1810 364.60
1811 364.60
1812 364.60
1813 364.60
1814 364.60
1815 364.60
1816 364.60
1817 364.60
1818 364.60
1819 364.60
1820 364.60
1821 364.60
1822 364.60
1823 364.60
1824 364.60
1825 364.60
1826 364.60
1827 364.60
1828 364.60
1829 364.60
1830 364.60
1831 364.60
1832 364.60
1833 364.60
1834 364.60
1835 364.60
1836 364.60
1837 364.60
1838 364.60
1839 364.60
1840 364.60
1841 364.60
1842 364.60
1843 364.60
1844 364.60
1845 364.60
1846 364.60
1847 364.60
1848 364.60
1849 364.60
1850 364.60
1851 364.60
1852 364.60
1853 364.60
1854 364.60
1855 364.60
1856 364.60
1857 364.60
1858 364.60
1859 364.60
1860 364.60
1861 364.60
1862 364.60
1863 364.60
1864 364.60
1865 364.60
1866 364.60
1867 364.60
1868 364.60
1869 364.60
1870 364.60
1871 364.60
1872 364.60
1873 364.60
1874 364.60
1875 364.60
1876 364.60
1877 364.60
1878 364.60
1879 364.60
1880 364.60
1881 364.60
1882 364.60
1883 364.60
1884 364.60
1885 364.60
1886 364.60
1887 364.60
1888 364.60
1889 364.60
1890 364.60
1891 364.60
1892 364.60
1893 364.60
1894 364.60
1895 364.60
1896 364.60
1897 364.60
1898 364.60
1899 364.60
1900 364.60
1901 364.60
1902 364.60
1903 364.60
1904 364.60
1905 364.60
1906 364.60
1907 364.60
1908 364.60
1909 364.60
1910 364.60
1911 364.60
1912 364.60
1913 364.60
1914 364.60
1915 364.60
1916 364.60
1917 364.60
1918 364.60
1919 364.60
1920 364.60
1921 364.60
1922 364.60
1923 364.60
1924 364.60
1925 364.60
1926 364.60
1927 364.60
1928 364.60
1929 364.60
1930 364.60
1931 364.60
1932 364.60
1933 364.60
1934 364.60
1935 364.60
1936 364.60
1937 364.60
1938 364.60
1939 364.60
1940 364.60
1941 364.60
1942 364.60
1943 364.60
1944 364.60
1945 364.60
1946 364.60
1947 364.60
1948 364.60
1949 364.60
1950 364.60
1951 364.60
1952 364.60
1953 364.60
1954 364.60
1955 364.60
1956 364.60
1957 364.60
1958 364.60
1959 364.60
1960 364.60
1961 364.60
1962 364.60
1963 364.60
1964 364.60
1965 364.60
1966 364.60
1967 364.60
1968 364.60
1969 364.60
1970 364.60
1971 364.60
1972 364.60
1973 364.60
1974 364.60
1975 364.60
1976 364.60
1977 364.60
1978 364.60
1979 364.60
1980 364.60
1981 364.60
1982 364.60
1983 364.60
1984 364.60
1985 364.60
1986 364.60
1987 364.60
1988 364.60
1989 364.60
1990 364.60
1991 364.60
1992 364.60
1993 364.60
1994 364.60
1995 364.60
1996 364.60
1997 364.60
1998 364.60
1999 364.60
2000 370.10
2001 370.10
2002 370.10
2003 370.10
2004 370.10
2005 370.10
2006 370.10
2007 370.10
2008 370.10
2009 370.10
2010 370.10
2011 370.10
2012 370.10
2013 370.10
2014 370.10
2015 370.10
2016 370.10
2017 370.10
2018 370.10
2019 370.10
2020 370.10
2021 370.10
2022 370.10
2023 370.10
2024 370.10
2025 370.10
2026 370.10
2027 370.10
2028 370.10
2029 370.10
2030 370.10
2031 370.10
2032 370.10
2033 370.10
2034 370.10
2035 370.10
2036 370.10
2037 370.10
2038 370.10
2039 370.10
2040 370.10
2041 370.10
2042 370.10
2043 370.10
2044 370.10
2045 370.10
2046 370.10
2047 370.10
2048 370.10
2049 370.10
2050 370.10
2051 370.10
2052 370.10
2053 370.10
2054 370.10
2055 370.10
2056 370.10
2057 370.10
2058 370.10
2059 370.10
2060 370.10
2061 370.10
2062 370.10
2063 370.10
2064 370.10
2065 370.10
2066 370.10
2067 370.10
2068 370.10
2069 370.10
2070 370.10
2071 370.10
2072 370.10
2073 370.10
2074 370.10
2075 370.10
2076 370.10
2077 370.10
2078 370.10
2079 370.10
2080 370.10
2081 370.10
2082 370.10
2083 370.10
2084 370.10
2085 370.10
2086 370.10
2087 370.10
2088 370.10
2089 370.10
2090 370.10
2091 370.10
2092 370.10
2093 370.10
2094 370.10
2095 370.10
2096 370.10
2097 370.10
2098 370.10
2099 370.10
2100 370.10
2101 370.10
2102 370.10
2103 370.10
2104 370.10
2105 370.10
2106 370.10
2107 370.10
2108 370.10
2109 370.10
2110 370.10
2111 370.10
2112 370.10
2113 370.10
2114 370.10
2115 370.10
2116 370.10
2117 370.10
2118 370.10
2119 370.10
2120 370.10
2121 370.10
2122 370.10
2123 370.10
2124 370.10
2125 370.10
2126 370.10
2127 370.10
2128 370.10
2129 370.10
2130 370.10
2131 370.10
2132 370.10
2133 370.10
2134 370.10
2135 370.10
2136 370.10
2137 370.10
2138 370.10
2139 370.10
2140 370.10
2141 370.10
2142 370.10
2143 370.10
2144 370.10
2145 370.10
2146 370.10
2147 370.10
2148 370.10
2149 370.10
2150 370.10
2151 370.10
2152 370.10
2153 370.10
2154 370.10
2155 370.10
2156 370.10
2157 370.10
2158 370.10
2159 370.10
2160 370.10
2161 370.10
2162 370.10
2163 370.10
2164 370.10
2165 370.10
2166 370.10
2167 370.10
2168 370.10
2169 370.10
2170 370.10
2171 370.10
2172 370.10
2173 370.10
2174 370.10
2175 370.10
2176 370.10
2177 370.10
2178 370.10
2179 370.10
2180 370.10
2181 370.10
2182 370.10
2183 370.10
2184 370.10
2185 370.10
2186 370.10
2187 370.10
2188 370.10
2189 370.10
2190 370.10
2191 370.10
2192 370.10
2193 370.10
2194 370.10
2195 370.10
2196 370.10
2197 370.10
2198 370.10
2199 370.10
2200 366.40
2201 366.40
2202 366.40
2203 366.40
2204 366.40
2205 366.40
2206 366.40
2207 366.40
2208 366.40
2209 366.40
2210 366.40
2211 366.40
2212 366.40
2213 366.40
2214 366.40
2215 366.40
2216 366.40
2217 366.40
2218 366.40
2219 366.40
2220 366.40
2221 366.40
2222 366.40
2223 366.40
2224 366.40
2225 366.40
2226 366.40
2227 366.40
2228 366.40
2229 366.40
2230 366.40
2231 366.40
2232 366.40
2233 366.40
2234 366.40
2235 366.40
2236 366.40
2237 366.40
2238 366.40
2239 366.40
2240 366.40
2241 366.40
2242 366.40
2243 366.40
2244 366.40
2245 366.40
2246 366.40
2247 366.40
2248 366.40
2249 366.40
2250 366.40
2251 366.40
2252 366.40
2253 366.40
2254 366.40
2255 366.40
2256 366.40
2257 366.40
2258 366.40
2259 366.40
2260 366.40
2261 366.40
2262 366.40
2263 366.40
2264 366.40
2265 366.40
2266 366.40
2267 366.40
2268 366.40
2269 366.40
2270 366.40
2271 366.40
2272 366.40
2273 366.40
2274 366.40
2275 366.40
2276 366.40
2277 366.40
2278 366.40
2279 366.40
2280 366.40
2281 366.40
2282 366.40
2283 366.40
2284 366.40
2285 366.40
2286 366.40
2287 366.40
2288 366.40
2289 366.40
2290 366.40
2291 366.40
2292 366.40
2293 366.40
2294 366.40
2295 366.40
2296 366.40
2297 366.40
2298 366.40
2299 366.40
2300 366.40
2301 366.40
2302 366.40
2303 366.40
2304 366.40
2305 366.40
2306 366.40
2307 366.40
2308 366.40
2309 366.40
2310 366.40
2311 366.40
2312 366.40
2313 366.40
2314 366.40
2315 366.40
2316 366.40
2317 366.40
2318 366.40
2319 366.40
2320 366.40
2321 366.40
2322 366.40
2323 366.40
2324 366.40
2325 366.40
2326 366.40
2327 366.40
2328 366.40
2329 366.40
2330 366.40
2331 366.40
2332 366.40
2333 366.40
2334 366.40
2335 366.40
2336 366.40
2337 366.40
2338 366.40
2339 366.40
2340 366.40
2341 366.40
2342 366.40
2343 366.40
2344 366.40
2345 366.40
2346 366.40
2347 366.40
2348 366.40
2349 366.40
2350 366.40
2351 366.40
2352 366.40
2353 366.40
2354 366.40
2355 366.40
2356 366.40
2357 366.40
2358 366.40
2359 366.40
2360 366.40
2361 366.40
2362 366.40
2363 366.40
2364 366.40
2365 366.40
2366 366.40
2367 366.40
2368 366.40
2369 366.40
2370 366.40
2371 366.40
2372 366.40
2373 366.40
2374 366.40
2375 366.40
2376 366.40
2377 366.40
2378 366.40
2379 366.40
2380 366.40
2381 366.40
2382 366.40
2383 366.40
2384 366.40
2385 366.40
2386 366.40
2387 366.40
2388 366.40
2389 366.40
2390 366.40
2391 366.40
2392 366.40
2393 366.40
2394 366.40
2395 366.40
2396 366.40
2397 366.40
2398 366.40
2399 366.40
2400 358.90
2401 358.90
2402 358.90
2403 358.90
2404 358.90
2405 358.90
2406 358.90
2407 358.90
2408 358.90
2409 358.90
2410 358.90
2411 358.90
2412 358.90
2413 358.90
2414 358.90
2415 358.90
2416 358.90
2417 358.90
2418 358.90
2419 358.90
2420 358.90
2421 358.90
2422 358.90
2423 358.90
2424 358.90
2425 358.90
2426 358.90
2427 358.90
2428 358.90
2429 358.90
2430 358.90
2431 358.90
2432 358.90
2433 358.90
2434 358.90
2435 358.90
2436 358.90
2437 358.90
2438 358.90
2439 358.90
2440 358.90
2441 358.90
2442 358.90
2443 358.90
2444 358.90
2445 358.90
2446 358.90
2447 358.90
2448 358.90
2449 358.90
2450 358.90
2451 358.90
2452 358.90
2453 358.90
2454 358.90
2455 358.90
2456 358.90
2457 358.90
2458 358.90
2459 358.90
2460 358.90
2461 358.90
2462 358.90
2463 358.90
2464 358.90
2465 358.90
2466 358.90
2467 358.90
2468 358.90
2469 358.90
2470 358.90
2471 358.90
2472 358.90
2473 358.90
2474 358.90
2475 358.90
2476 358.90
2477 358.90
2478 358.90
2479 358.90
2480 358.90
2481 358.90
2482 358.90
2483 358.90
2484 358.90
2485 358.90
2486 358.90
2487 358.90
2488 358.90
2489 358.90
2490 358.90
2491 358.90
2492 358.90
2493 358.90
2494 358.90
2495 358.90
2496 358.90
2497 358.90
2498 358.90
2499 358.90
2500 358.90
2501 358.90
2502 358.90
2503 358.90
2504 358.90
2505 358.90
2506 358.90
2507 358.90
2508 358.90
2509 358.90
2510 358.90
2511 358.90
2512 358.90
2513 358.90
2514 358.90
2515 358.90
2516 358.90
2517 358.90
2518 358.90
2519 358.90
2520 358.90
2521 358.90
2522 358.90
2523 358.90
2524 358.90
2525 358.90
2526 358.90
2527 358.90
2528 358.90
2529 358.90
2530 358.90
2531 358.90
2532 358.90
2533 358.90
2534 358.90
2535 358.90
2536 358.90
2537 358.90
2538 358.90
2539 358.90
2540 358.90
2541 358.90
2542 358.90
2543 358.90
2544 358.90
2545 358.90
2546 358.90
2547 358.90
2548 358.90
2549 358.90
2550 358.90
2551 358.90
2552 358.90
2553 358.90
2554 358.90
2555 358.90
2556 358.90
2557 358.90
2558 358.90
2559 358.90
2560 358.90
2561 358.90
2562 358.90
2563 358.90
2564 358.90
2565 358.90
2566 358.90
2567 358.90
2568 358.90
2569 358.90
2570 358.90
2571 358.90
2572 358.90
2573 358.90
2574 358.90
2575 358.90
2576 358.90
2577 358.90
2578 358.90
2579 358.90
2580 358.90
2581 358.90
2582 358.90
2583 358.90
2584 358.90
2585 358.90
2586 358.90
2587 358.90
2588 358.90
2589 358.90
2590 358.90
2591 358.90
2592 358.90
2593 358.90
2594 358.90
2595 358.90
2596 358.90
2597 358.90
2598 358.90
2599 358.90
2600 365.30
2601 365.30
2602 365.30
2603 365.30
2604 365.30
2605 365.30
2606 365.30
2607 365.30
2608 365.30
2609 365.30
2610 365.30
2611 365.30
2612 365.30
2613 365.30
2614 365.30
2615 365.30
2616 365.30
2617 365.30
2618 365.30
2619 365.30
2620 365.30
2621 365.30
2622 365.30
2623 365.30
2624 365.30
2625 365.30
2626 365.30
2627 365.30
2628 365.30
2629 365.30
2630 365.30
2631 365.30
2632 365.30
2633 365.30
2634 365.30
2635 365.30
2636 365.30
2637 365.30
2638 365.30
2639 365.30
2640 365.30
2641 365.30
2642 365.30
2643 365.30
2644 365.30
2645 365.30
2646 365.30
2647 365.30
2648 365.30
2649 365.30
2650 365.30
2651 365.30
2652 365.30
2653 365.30
2654 365.30
2655 365.30
2656 365.30
2657 365.30
2658 365.30
2659 365.30
2660 365.30
2661 365.30
2662 365.30
2663 365.30
2664 365.30
2665 365.30
2666 365.30
2667 365.30
2668 365.30
2669 365.30
2670 365.30
2671 365.30
2672 365.30
2673 365.30
2674 365.30
2675 365.30
2676 365.30
2677 365.30
2678 365.30
2679 365.30
2680 365.30
2681 365.30
2682 365.30
2683 365.30
2684 365.30
2685 365.30
2686 365.30
2687 365.30
2688 365.30
2689 365.30
2690 365.30
2691 365.30
2692 365.30
2693 365.30
2694 365.30
2695 365.30
2696 365.30
2697 365.30
2698 365.30
2699 365.30
2700 365.30
2701 365.30
2702 365.30
2703 365.30
2704 365.30
2705 365.30
2706 365.30
2707 365.30
2708 365.30
2709 365.30
2710 365.30
2711 365.30
2712 365.30
2713 365.30
2714 365.30
2715 365.30
2716 365.30
2717 365.30
2718 365.30
2719 365.30
2720 365.30
2721 365.30
2722 365.30
2723 365.30
2724 365.30
2725 365.30
2726 365.30
2727 365.30
2728 365.30
2729 365.30
2730 365.30
2731 365.30
2732 365.30
2733 365.30
2734 365.30
2735 365.30
2736 365.30
2737 365.30
2738 365.30
2739 365.30
2740 365.30
2741 365.30
2742 365.30
2743 365.30
2744 365.30
2745 365.30
2746 365.30
2747 365.30
2748 365.30
2749 365.30
2750 365.30
2751 365.30
2752 365.30
2753 365.30
2754 365.30
2755 365.30
2756 365.30
2757 365.30
2758 365.30
2759 365.30
2760 365.30
2761 365.30
2762 365.30
2763 365.30
2764 365.30
2765 365.30
2766 365.30
2767 365.30
2768 365.30
2769 365.30
2770 365.30
2771 365.30
2772 365.30
2773 365.30
2774 365.30
2775 365.30
2776 365.30
2777 365.30
2778 365.30
2779 365.30
2780 365.30
2781 365.30
2782 365.30
2783 365.30
2784 365.30
2785 365.30
2786 365.30
2787 365.30
2788 365.30
2789 365.30
2790 365.30
2791 365.30
2792 365.30
2793 365.30
2794 365.30
2795 365.30
2796 365.30
2797 365.30
2798 365.30
2799 365.30
2800 333.80
2801 333.80
2802 333.80
2803 333.80
2804 333.80
2805 333.80
2806 333.80
2807 333.80
2808 333.80
2809 333.80
2810 333.80
2811 333.80
2812 333.80
2813 333.80
2814 333.80
2815 333.80
2816 333.80
2817 333.80
2818 333.80
2819 333.80
2820 333.80
2821 333.80
2822 333.80
2823 333.80
2824 333.80
2825 333.80
2826 333.80
2827 333.80
2828 333.80
2829 333.80
2830 333.80
2831 333.80
2832 333.80
2833 333.80
2834 333.80
2835 333.80
2836 333.80
2837 333.80
2838 333.80
2839 333.80
2840 333.80
2841 333.80
2842 333.80
2843 333.80
2844 333.80
2845 333.80
2846 333.80
2847 333.80
2848 333.80
2849 333.80
2850 333.80
2851 333.80
2852 333.80
2853 333.80
2854 333.80
2855 333.80
2856 333.80
2857 333.80
2858 333.80
2859 333.80
2860 333.80
2861 333.80
2862 333.80
2863 333.80
2864 333.80
2865 333.80
2866 333.80
2867 333.80
2868 333.80
2869 333.80
2870 333.80
2871 333.80
2872 333.80
2873 333.80
2874 333.80
2875 333.80
2876 333.80
2877 333.80
2878 333.80
2879 333.80
2880 333.80
2881 333.80
2882 333.80
2883 333.80
2884 333.80
2885 333.80
2886 333.80
2887 333.80
2888 333.80
2889 333.80
2890 333.80
2891 333.80
2892 333.80
2893 333.80
2894 333.80
2895 333.80
2896 333.80
2897 333.80
2898 333.80
2899 333.80
2900 333.80
2901 333.80
2902 333.80
2903 333.80
2904 333.80
2905 333.80
2906 333.80
2907 333.80
2908 333.80
2909 333.80
2910 333.80
2911 333.80
2912 333.80
2913 333.80
2914 333.80
2915 333.80
2916 333.80
2917 333.80
2918 333.80
2919 333.80
2920 333.80
2921 333.80
2922 333.80
2923 333.80
2924 333.80
2925 333.80
2926 333.80
2927 333.80
2928 333.80
2929 333.80
2930 333.80
2931 333.80
2932 333.80
2933 333.80
2934 333.80
2935 333.80
2936 333.80
2937 333.80
2938 333.80
2939 333.80
2940 333.80
2941 333.80
2942 333.80
2943 333.80
2944 333.80
2945 333.80
2946 333.80
2947 333.80
2948 333.80
2949 333.80
2950 333.80
2951 333.80
2952 333.80
2953 333.80
2954 333.80
2955 333.80
2956 333.80
2957 333.80
2958 333.80
2959 333.80
2960 333.80
2961 333.80
2962 333.80
2963 333.80
2964 333.80
2965 333.80
2966 333.80
2967 333.80
2968 333.80
2969 333.80
2970 333.80
2971 333.80
2972 333.80
2973 333.80
2974 333.80
2975 333.80
2976 333.80
2977 333.80
2978 333.80
2979 333.80
2980 333.80
2981 333.80
2982 333.80
2983 333.80
2984 333.80
2985 333.80
2986 333.80
2987 333.80
2988 333.80
2989 333.80
2990 333.80
2991 333.80
2992 333.80
2993 333.80
2994 333.80
2995 333.80
2996 333.80
2997 333.80
2998 333.80
2999 333.80
