0 340.00
1 309.00
2 336.00
3 314.00
4 326.00
5 294.00
6 310.00
7 307.00
8 306.00
9 310.00
10 309.00
11 306.00
12 311.00
13 312.00
14 291.00
15 306.00
16 298.00
17 310.00
18 308.00
19 297.00
20 298.00
21 283.00
22 311.00
23 281.00
24 306.00
25 295.00
26 303.00
27 279.00
28 262.00
29 273.00
30 265.00
31 288.00
32 281.00
33 279.00
34 303.00
35 280.00
36 283.00
37 324.00
38 292.00
39 293.00
40 281.00
41 272.00
42 288.00
43 312.00
44 312.00
45 306.00
46 287.00
47 303.00
48 283.00
49 309.00
50 318.00
51 298.00
52 295.00
53 292.00
54 305.00
55 319.00
56 284.00
57 304.00
58 315.00
59 312.00
60 301.00
61 316.00
62 309.00
63 308.00
64 318.00
65 320.00
66 320.00
67 329.00
68 320.00
69 326.00
70 331.00
71 320.00
72 328.00
73 355.00
74 324.00
75 351.00
76 328.00
77 308.00
78 308.00
79 297.00
80 309.00
81 295.00
82 340.00
83 351.00
84 332.00
85 311.00
86 316.00
87 316.00
88 315.00
89 311.00
90 313.00
91 308.00
92 315.00
93 309.00
94 363.00
95 294.00
96 311.00
97 330.00
98 305.00
99 326.00
100 328.00
101 321.00
102 316.00
103 334.00
104 326.00
105 305.00
106 309.00
107 315.00
108 310.00
109 308.00
110 301.00
111 303.00
112 302.00
113 292.00
114 297.00
115 308.00
116 303.00
117 278.00
118 275.00
119 281.00
120 287.00
121 302.00
122 333.00
123 293.00
124 286.00
125 285.00
126 289.00
127 283.00
128 303.00
129 316.00
130 293.00
131 309.00
132 311.00
133 296.00
134 299.00
135 304.00
136 304.00
137 295.00
138 338.00
139 297.00
140 290.00
141 312.00
142 301.00
143 304.00
144 287.00
145 275.00
146 283.00
147 299.00
148 276.00
149 305.00
150 276.00
151 279.00
152 282.00
153 295.00
154 290.00
155 299.00
156 312.00
157 288.00
158 312.00
159 273.00
160 287.00
161 316.00
162 292.00
163 286.00
164 307.00
165 293.00
166 305.00
167 282.00
168 298.00
169 292.00
170 270.00
171 281.00
172 289.00
173 282.00
174 302.00
175 291.00
176 322.00
177 305.00
178 337.00
179 316.00
180 299.00
181 336.00
182 279.00
183 284.00
184 289.00
185 334.00
186 308.00
187 309.00
188 324.00
189 323.00
190 297.00
191 310.00
192 330.00
193 328.00
194 310.00
195 302.00
196 285.00
197 294.00
198 308.00
199 299.00
200 385.00
201 324.00
202 356.00
203 328.00
204 335.00
205 318.00
206 327.00
207 340.00
208 324.00
209 328.00
210 338.00
211 343.00
212 330.00
213 343.00
214 333.00
215 327.00
216 317.00
217 340.00
218 361.00
219 349.00
220 323.00
221 336.00
222 368.00
223 332.00
224 341.00
225 344.00
226 380.00
227 342.00
228 348.00
229 372.00
230 340.00
231 350.00
232 344.00
233 336.00
234 341.00
235 320.00
236 332.00
237 372.00
238 367.00
239 332.00
240 321.00
241 316.00
242 329.00
243 336.00
244 348.00
245 386.00
246 340.00
247 356.00
248 326.00
249 358.00
250 363.00
251 340.00
252 339.00
253 343.00
254 362.00
255 381.00
256 349.00
257 372.00
258 368.00
259 373.00
260 376.00
261 395.00
262 393.00
263 385.00
264 373.00
265 370.00
266 373.00
267 381.00
268 362.00
269 374.00
270 354.00
271 363.00
272 349.00
273 369.00
274 340.00
275 371.00
276 350.00
277 342.00
278 344.00
279 317.00
280 335.00
281 304.00
282 324.00
283 359.00
284 318.00
285 329.00
286 301.00
287 341.00
288 359.00
289 351.00
290 362.00
291 370.00
292 339.00
293 379.00
294 392.00
295 360.00
296 356.00
297 336.00
298 298.00
299 340.00
300 335.00
301 351.00
302 349.00
303 364.00
304 345.00
305 339.00
306 331.00
307 326.00
308 329.00
309 313.00
310 315.00
311 297.00
312 316.00
313 313.00
314 319.00
315 341.00
316 361.00
317 318.00
318 355.00
319 319.00
320 324.00
321 340.00
322 381.00
323 342.00
324 315.00
325 318.00
326 315.00
327 336.00
328 349.00
329 369.00
330 349.00
331 337.00
332 374.00
333 325.00
334 333.00
335 335.00
336 352.00
337 340.00
338 360.00
339 347.00
340 351.00
341 348.00
342 376.00
343 369.00
344 352.00
345 339.00
346 358.00
347 373.00
348 342.00
349 343.00
350 316.00
351 344.00
352 340.00
353 363.00
354 343.00
355 360.00
356 367.00
357 339.00
358 360.00
359 315.00
360 336.00
361 350.00
362 349.00
363 310.00
364 374.00
365 344.00
366 334.00
367 340.00
368 361.00
369 368.00
370 328.00
371 329.00
372 334.00
373 322.00
374 356.00
375 324.00
376 351.00
377 347.00
378 356.00
379 341.00
380 340.00
381 377.00
382 340.00
383 322.00
384 341.00
385 347.00
386 362.00
387 315.00
388 322.00
389 369.00
390 339.00
391 339.00
392 400.00
393 363.00
394 356.00
395 338.00
396 338.00
397 314.00
398 352.00
399 321.00
400 336.00
401 275.00
402 310.00
403 274.00
404 311.00
405 242.00
406 305.00
407 286.00
408 234.00
409 293.00
410 282.00
411 268.00
412 310.00
413 248.00
414 244.00
415 298.00
416 297.00
417 257.00
418 305.00
419 256.00
420 299.00
421 231.00
422 322.00
423 304.00
424 314.00
425 323.00
426 288.00
427 293.00
428 205.00
429 257.00
430 214.00
431 260.00
432 230.00
433 269.00
434 271.00
435 276.00
436 247.00
437 275.00
438 292.00
439 288.00
440 234.00
441 240.00
442 277.00
443 288.00
444 271.00
445 331.00
446 265.00
447 285.00
448 261.00
449 281.00
450 321.00
451 272.00
452 290.00
453 262.00
454 264.00
455 312.00
456 235.00
457 252.00
458 258.00
459 259.00
460 249.00
461 271.00
462 249.00
463 266.00
464 257.00
465 262.00
466 304.00
467 278.00
468 251.00
469 318.00
470 322.00
471 298.00
472 296.00
473 334.00
474 280.00
475 321.00
476 300.00
477 289.00
478 308.00
479 275.00
480 287.00
481 269.00
482 368.00
483 306.00
484 322.00
485 312.00
486 263.00
487 304.00
488 277.00
489 291.00
490 311.00
491 323.00
492 258.00
493 278.00
494 297.00
495 289.00
496 297.00
497 272.00
498 228.00
499 325.00
500 285.00
501 284.00
502 282.00
503 273.00
504 307.00
505 270.00
506 257.00
507 255.00
508 267.00
509 264.00
510 289.00
511 267.00
512 255.00
513 256.00
514 248.00
515 299.00
516 305.00
517 254.00
518 284.00
519 258.00
520 238.00
521 294.00
522 313.00
523 272.00
524 247.00
525 272.00
526 283.00
527 275.00
528 253.00
529 298.00
530 281.00
531 257.00
532 327.00
533 252.00
534 271.00
535 287.00
536 286.00
537 274.00
538 266.00
539 267.00
540 220.00
541 280.00
542 272.00
543 286.00
544 259.00
545 233.00
546 257.00
547 228.00
548 230.00
549 263.00
550 208.00
551 196.00
552 226.00
553 282.00
554 266.00
555 270.00
556 257.00
557 292.00
558 313.00
559 246.00
560 281.00
561 296.00
562 296.00
563 231.00
564 341.00
565 288.00
566 290.00
567 300.00
568 315.00
569 304.00
570 263.00
571 289.00
572 274.00
573 245.00
574 326.00
575 321.00
576 369.00
577 305.00
578 322.00
579 298.00
580 275.00
581 323.00
582 246.00
583 265.00
584 339.00
585 314.00
586 302.00
587 278.00
588 314.00
589 304.00
590 285.00
591 257.00
592 320.00
593 245.00
594 270.00
595 232.00
596 243.00
597 244.00
598 256.00
599 241.00
600 330.00
601 322.00
602 338.00
603 293.00
604 341.00
605 312.00
606 308.00
607 334.00
608 294.00
609 305.00
610 311.00
611 291.00
612 277.00
613 318.00
614 303.00
615 293.00
616 294.00
617 313.00
618 270.00
619 287.00
620 303.00
621 262.00
622 317.00
623 328.00
624 327.00
625 307.00
626 323.00
627 268.00
628 275.00
629 292.00
630 285.00
631 308.00
632 283.00
633 303.00
634 305.00
635 267.00
636 296.00
637 301.00
638 310.00
639 317.00
640 291.00
641 286.00
642 276.00
643 285.00
644 278.00
645 333.00
646 308.00
647 293.00
648 295.00
649 305.00
650 323.00
651 306.00
652 307.00
653 330.00
654 310.00
655 335.00
656 334.00
657 313.00
658 329.00
659 334.00
660 341.00
661 333.00
662 338.00
663 348.00
664 359.00
665 326.00
666 343.00
667 337.00
668 344.00
669 374.00
670 347.00
671 327.00
672 324.00
673 361.00
674 325.00
675 325.00
676 334.00
677 328.00
678 342.00
679 335.00
680 344.00
681 297.00
682 315.00
683 346.00
684 355.00
685 317.00
686 301.00
687 321.00
688 324.00
689 315.00
690 342.00
691 336.00
692 326.00
693 353.00
694 333.00
695 322.00
696 339.00
697 314.00
698 335.00
699 346.00
700 330.00
701 308.00
702 323.00
703 316.00
704 320.00
705 305.00
706 289.00
707 315.00
708 332.00
709 304.00
710 291.00
711 305.00
712 289.00
713 305.00
714 297.00
715 314.00
716 332.00
717 275.00
718 323.00
719 293.00
720 295.00
721 321.00
722 349.00
723 331.00
724 298.00
725 306.00
726 321.00
727 306.00
728 326.00
729 317.00
730 308.00
731 308.00
732 305.00
733 301.00
734 315.00
735 326.00
736 317.00
737 320.00
738 314.00
739 305.00
740 324.00
741 318.00
742 313.00
743 334.00
744 311.00
745 313.00
746 293.00
747 321.00
748 311.00
749 293.00
750 283.00
751 293.00
752 307.00
753 313.00
754 312.00
755 312.00
756 290.00
757 319.00
758 329.00
759 293.00
760 313.00
761 330.00
762 309.00
763 302.00
764 351.00
765 299.00
766 327.00
767 301.00
768 351.00
769 320.00
770 290.00
771 305.00
772 321.00
773 317.00
774 321.00
775 319.00
776 340.00
777 315.00
778 332.00
779 300.00
780 301.00
781 326.00
782 288.00
783 287.00
784 317.00
785 308.00
786 320.00
787 294.00
788 286.00
789 326.00
790 327.00
791 316.00
792 348.00
793 312.00
794 340.00
795 316.00
796 313.00
797 302.00
798 325.00
799 319.00
800 391.00
801 356.00
802 375.00
803 368.00
804 410.00
805 351.00
806 372.00
807 361.00
808 359.00
809 418.00
810 390.00
811 377.00
812 378.00
813 387.00
814 345.00
815 375.00
816 362.00
817 385.00
818 373.00
819 370.00
820 372.00
821 335.00
822 402.00
823 354.00
824 415.00
825 340.00
826 397.00
827 363.00
828 325.00
829 339.00
830 304.00
831 364.00
832 325.00
833 323.00
834 365.00
835 357.00
836 323.00
837 388.00
838 348.00
839 346.00
840 319.00
841 301.00
842 341.00
843 375.00
844 375.00
845 391.00
846 338.00
847 371.00
848 334.00
849 367.00
850 357.00
851 348.00
852 370.00
853 355.00
854 365.00
855 360.00
856 333.00
857 359.00
858 359.00
859 350.00
860 354.00
861 393.00
862 353.00
863 350.00
864 364.00
865 359.00
866 370.00
867 381.00
868 377.00
869 392.00
870 370.00
871 378.00
872 386.00
873 433.00
874 387.00
875 398.00
876 418.00
877 365.00
878 382.00
879 350.00
880 364.00
881 335.00
882 426.00
883 417.00
884 379.00
885 393.00
886 358.00
887 364.00
888 403.00
889 378.00
890 382.00
891 380.00
892 376.00
893 375.00
894 430.00
895 344.00
896 402.00
897 377.00
898 347.00
899 409.00
900 399.00
901 364.00
902 380.00
903 396.00
904 410.00
905 376.00
906 364.00
907 360.00
908 397.00
909 364.00
910 363.00
911 328.00
912 363.00
913 351.00
914 344.00
915 372.00
916 376.00
917 328.00
918 321.00
919 334.00
920 317.00
921 385.00
922 386.00
923 342.00
924 310.00
925 317.00
926 331.00
927 337.00
928 346.00
929 373.00
930 358.00
931 348.00
932 394.00
933 340.00
934 347.00
935 348.00
936 380.00
937 361.00
938 378.00
939 358.00
940 356.00
941 357.00
942 349.00
943 372.00
944 351.00
945 334.00
946 349.00
947 370.00
948 330.00
949 344.00
950 322.00
951 332.00
952 329.00
953 395.00
954 373.00
955 391.00
956 374.00
957 381.00
958 430.00
959 348.00
960 331.00
961 384.00
962 363.00
963 323.00
964 419.00
965 368.00
966 375.00
967 347.00
968 406.00
969 352.00
970 316.00
971 344.00
972 351.00
973 333.00
974 369.00
975 363.00
976 428.00
977 382.00
978 408.00
979 386.00
980 349.00
981 402.00
982 338.00
983 346.00
984 339.00
985 388.00
986 419.00
987 353.00
988 374.00
989 381.00
990 370.00
991 350.00
992 418.00
993 356.00
994 397.00
995 366.00
996 347.00
997 338.00
998 366.00
999 337.00
1000 401.00
1001 370.00
1002 366.00
1003 353.00
1004 389.00
1005 327.00
1006 392.00
1007 370.00
1008 317.00
1009 365.00
1010 354.00
1011 349.00
1012 369.00
1013 361.00
1014 358.00
1015 351.00
1016 357.00
1017 356.00
1018 380.00
1019 354.00
1020 366.00
1021 320.00
1022 407.00
1023 355.00
1024 372.00
1025 369.00
1026 370.00
1027 362.00
1028 336.00
1029 352.00
1030 317.00
1031 367.00
1032 338.00
1033 322.00
1034 364.00
1035 354.00
1036 332.00
1037 353.00
1038 350.00
1039 370.00
1040 323.00
1041 312.00
1042 321.00
1043 329.00
1044 343.00
1045 380.00
1046 329.00
1047 380.00
1048 348.00
1049 347.00
1050 337.00
1051 313.00
1052 357.00
1053 344.00
1054 340.00
1055 355.00
1056 335.00
1057 339.00
1058 356.00
1059 347.00
1060 360.00
1061 384.00
1062 358.00
1063 350.00
1064 352.00
1065 339.00
1066 347.00
1067 375.00
1068 363.00
1069 406.00
1070 394.00
1071 368.00
1072 385.00
1073 405.00
1074 368.00
1075 403.00
1076 391.00
1077 374.00
1078 380.00
1079 361.00
1080 383.00
1081 329.00
1082 379.00
1083 399.00
1084 387.00
1085 378.00
1086 336.00
1087 392.00
1088 403.00
1089 401.00
1090 410.00
1091 403.00
1092 380.00
1093 400.00
1094 420.00
1095 363.00
1096 400.00
1097 360.00
1098 336.00
1099 401.00
1100 389.00
1101 401.00
1102 394.00
1103 377.00
1104 385.00
1105 404.00
1106 373.00
1107 352.00
1108 385.00
1109 350.00
1110 383.00
1111 335.00
1112 353.00
1113 330.00
1114 360.00
1115 352.00
1116 336.00
1117 338.00
1118 319.00
1119 367.00
1120 331.00
1121 362.00
1122 402.00
1123 326.00
1124 309.00
1125 327.00
1126 326.00
1127 313.00
1128 362.00
1129 330.00
1130 371.00
1131 337.00
1132 386.00
1133 353.00
1134 354.00
1135 349.00
1136 367.00
1137 367.00
1138 402.00
1139 371.00
1140 330.00
1141 363.00
1142 389.00
1143 362.00
1144 366.00
1145 330.00
1146 358.00
1147 385.00
1148 325.00
1149 364.00
1150 307.00
1151 339.00
1152 328.00
1153 374.00
1154 381.00
1155 367.00
1156 372.00
1157 383.00
1158 404.00
1159 332.00
1160 383.00
1161 374.00
1162 384.00
1163 318.00
1164 396.00
1165 400.00
1166 375.00
1167 393.00
1168 403.00
1169 378.00
1170 330.00
1171 339.00
1172 347.00
1173 345.00
1174 388.00
1175 335.00
1176 395.00
1177 383.00
1178 395.00
1179 386.00
1180 367.00
1181 397.00
1182 355.00
1183 328.00
1184 345.00
1185 374.00
1186 407.00
1187 336.00
1188 347.00
1189 409.00
1190 382.00
1191 337.00
1192 402.00
1193 363.00
1194 390.00
1195 356.00
1196 344.00
1197 317.00
1198 365.00
1199 320.00
1200 434.00
1201 394.00
1202 377.00
1203 400.00
1204 439.00
1205 379.00
1206 438.00
1207 390.00
1208 378.00
1209 421.00
1210 403.00
1211 404.00
1212 395.00
1213 390.00
1214 373.00
1215 394.00
1216 390.00
1217 394.00
1218 433.00
1219 402.00
1220 411.00
1221 358.00
1222 451.00
1223 389.00
1224 429.00
1225 400.00
1226 410.00
1227 401.00
1228 354.00
1229 370.00
1230 315.00
1231 357.00
1232 336.00
1233 330.00
1234 370.00
1235 365.00
1236 330.00
1237 405.00
1238 381.00
1239 339.00
1240 339.00
1241 307.00
1242 351.00
1243 387.00
1244 386.00
1245 423.00
1246 351.00
1247 424.00
1248 324.00
1249 366.00
1250 374.00
1251 381.00
1252 418.00
1253 370.00
1254 370.00
1255 396.00
1256 340.00
1257 376.00
1258 379.00
1259 346.00
1260 400.00
1261 417.00
1262 360.00
1263 385.00
1264 375.00
1265 359.00
1266 373.00
1267 377.00
1268 383.00
1269 422.00
1270 415.00
1271 408.00
1272 414.00
1273 455.00
1274 401.00
1275 438.00
1276 435.00
1277 404.00
1278 435.00
1279 382.00
1280 401.00
1281 346.00
1282 426.00
1283 418.00
1284 398.00
1285 411.00
1286 366.00
1287 413.00
1288 437.00
1289 413.00
1290 433.00
1291 428.00
1292 397.00
1293 428.00
1294 458.00
1295 381.00
1296 434.00
1297 415.00
1298 359.00
1299 445.00
1300 423.00
1301 409.00
1302 435.00
1303 428.00
1304 420.00
1305 399.00
1306 386.00
1307 372.00
1308 407.00
1309 388.00
1310 378.00
1311 348.00
1312 372.00
1313 395.00
1314 376.00
1315 428.00
1316 419.00
1317 357.00
1318 347.00
1319 364.00
1320 320.00
1321 427.00
1322 448.00
1323 360.00
1324 320.00
1325 363.00
1326 349.00
1327 368.00
1328 360.00
1329 389.00
1330 380.00
1331 382.00
1332 395.00
1333 362.00
1334 371.00
1335 374.00
1336 387.00
1337 392.00
1338 429.00
1339 401.00
1340 374.00
1341 369.00
1342 374.00
1343 428.00
1344 424.00
1345 368.00
1346 383.00
1347 427.00
1348 330.00
1349 391.00
1350 318.00
1351 348.00
1352 368.00
1353 416.00
1354 409.00
1355 405.00
1356 409.00
1357 412.00
1358 455.00
1359 343.00
1360 364.00
1361 405.00
1362 434.00
1363 341.00
1364 425.00
1365 424.00
1366 391.00
1367 410.00
1368 427.00
1369 403.00
1370 354.00
1371 348.00
1372 376.00
1373 356.00
1374 414.00
1375 371.00
1376 432.00
1377 385.00
1378 415.00
1379 410.00
1380 383.00
1381 389.00
1382 394.00
1383 355.00
1384 392.00
1385 399.00
1386 439.00
1387 369.00
1388 407.00
1389 416.00
1390 386.00
1391 354.00
1392 427.00
1393 365.00
1394 423.00
1395 355.00
1396 357.00
1397 358.00
1398 398.00
1399 347.00
1400 402.00
1401 362.00
1402 378.00
1403 358.00
1404 397.00
1405 354.00
1406 405.00
1407 376.00
1408 354.00
1409 401.00
1410 396.00
1411 384.00
1412 397.00
1413 355.00
1414 317.00
1415 374.00
1416 360.00
1417 379.00
1418 363.00
1419 348.00
1420 400.00
1421 318.00
1422 392.00
1423 357.00
1424 398.00
1425 371.00
1426 422.00
1427 348.00
1428 294.00
1429 314.00
1430 289.00
1431 337.00
1432 295.00
1433 325.00
1434 379.00
1435 355.00
1436 331.00
1437 390.00
1438 352.00
1439 335.00
1440 293.00
1441 292.00
1442 327.00
1443 374.00
1444 345.00
1445 369.00
1446 323.00
1447 358.00
1448 320.00
1449 335.00
1450 329.00
1451 325.00
1452 334.00
1453 320.00
1454 336.00
1455 333.00
1456 297.00
1457 325.00
1458 340.00
1459 314.00
1460 313.00
1461 353.00
1462 325.00
1463 344.00
1464 338.00
1465 335.00
1466 345.00
1467 356.00
1468 364.00
1469 381.00
1470 367.00
1471 371.00
1472 375.00
1473 431.00
1474 385.00
1475 405.00
1476 432.00
1477 390.00
1478 409.00
1479 355.00
1480 378.00
1481 328.00
1482 411.00
1483 412.00
1484 397.00
1485 386.00
1486 356.00
1487 385.00
1488 422.00
1489 413.00
1490 438.00
1491 411.00
1492 364.00
1493 368.00
1494 426.00
1495 345.00
1496 414.00
1497 380.00
1498 335.00
1499 406.00
1500 404.00
1501 400.00
1502 403.00
1503 413.00
1504 415.00
1505 378.00
1506 367.00
1507 362.00
1508 394.00
1509 372.00
1510 365.00
1511 327.00
1512 373.00
1513 341.00
1514 358.00
1515 372.00
1516 382.00
1517 322.00
1518 307.00
1519 340.00
1520 322.00
1521 376.00
1522 388.00
1523 318.00
1524 294.00
1525 335.00
1526 313.00
1527 372.00
1528 330.00
1529 358.00
1530 356.00
1531 340.00
1532 387.00
1533 329.00
1534 336.00
1535 341.00
1536 368.00
1537 371.00
1538 397.00
1539 354.00
1540 337.00
1541 348.00
1542 351.00
1543 380.00
1544 343.00
1545 348.00
1546 339.00
1547 373.00
1548 322.00
1549 370.00
1550 310.00
1551 326.00
1552 316.00
1553 390.00
1554 358.00
1555 386.00
1556 369.00
1557 366.00
1558 430.00
1559 329.00
1560 397.00
1561 385.00
1562 358.00
1563 324.00
1564 410.00
1565 394.00
1566 353.00
1567 355.00
1568 396.00
1569 356.00
1570 316.00
1571 342.00
1572 358.00
1573 331.00
1574 383.00
1575 338.00
1576 431.00
1577 375.00
1578 412.00
1579 401.00
1580 376.00
1581 373.00
1582 362.00
1583 348.00
1584 369.00
1585 401.00
1586 413.00
1587 339.00
1588 375.00
1589 403.00
1590 373.00
1591 333.00
1592 418.00
1593 361.00
1594 429.00
1595 380.00
1596 339.00
1597 331.00
1598 362.00
1599 334.00
1600 416.00
1601 369.00
1602 393.00
1603 353.00
1604 426.00
1605 349.00
1606 432.00
1607 372.00
1608 364.00
1609 418.00
1610 397.00
1611 381.00
1612 404.00
1613 387.00
1614 336.00
1615 398.00
1616 368.00
1617 411.00
1618 410.00
1619 346.00
1620 411.00
1621 331.00
1622 443.00
1623 379.00
1624 408.00
1625 385.00
1626 429.00
1627 401.00
1628 305.00
1629 373.00
1630 305.00
1631 359.00
1632 322.00
1633 345.00
1634 384.00
1635 374.00
1636 334.00
1637 380.00
1638 376.00
1639 357.00
1640 313.00
1641 315.00
1642 361.00
1643 362.00
1644 354.00
1645 374.00
1646 348.00
1647 371.00
1648 331.00
1649 351.00
1650 330.00
1651 319.00
1652 355.00
1653 340.00
1654 347.00
1655 351.00
1656 312.00
1657 331.00
1658 365.00
1659 350.00
1660 329.00
1661 362.00
1662 348.00
1663 332.00
1664 351.00
1665 369.00
1666 364.00
1667 354.00
1668 367.00
1669 399.00
1670 383.00
1671 362.00
1672 396.00
1673 440.00
1674 408.00
1675 434.00
1676 428.00
1677 411.00
1678 446.00
1679 361.00
1680 402.00
1681 340.00
1682 423.00
1683 411.00
1684 416.00
1685 418.00
1686 361.00
1687 398.00
1688 417.00
1689 432.00
1690 435.00
1691 439.00
1692 375.00
1693 401.00
1694 449.00
1695 368.00
1696 426.00
1697 376.00
1698 355.00
1699 422.00
1700 402.00
1701 366.00
1702 414.00
1703 380.00
1704 409.00
1705 378.00
1706 379.00
1707 363.00
1708 389.00
1709 383.00
1710 360.00
1711 333.00
1712 375.00
1713 356.00
1714 359.00
1715 364.00
1716 364.00
1717 358.00
1718 341.00
1719 346.00
1720 345.00
1721 393.00
1722 409.00
1723 332.00
1724 342.00
1725 348.00
1726 332.00
1727 362.00
1728 324.00
1729 368.00
1730 383.00
1731 342.00
1732 390.00
1733 348.00
1734 345.00
1735 322.00
1736 363.00
1737 384.00
1738 438.00
1739 355.00
1740 347.00
1741 343.00
1742 359.00
1743 394.00
1744 333.00
1745 357.00
1746 317.00
1747 381.00
1748 336.00
1749 347.00
1750 308.00
1751 327.00
1752 311.00
1753 406.00
1754 358.00
1755 412.00
1756 399.00
1757 385.00
1758 427.00
1759 339.00
1760 380.00
1761 361.00
1762 408.00
1763 342.00
1764 412.00
1765 418.00
1766 377.00
1767 388.00
1768 394.00
1769 395.00
1770 330.00
1771 362.00
1772 361.00
1773 335.00
1774 403.00
1775 366.00
1776 422.00
1777 360.00
1778 397.00
1779 388.00
1780 368.00
1781 384.00
1782 388.00
1783 348.00
1784 391.00
1785 400.00
1786 438.00
1787 369.00
1788 367.00
1789 421.00
1790 392.00
1791 336.00
1792 437.00
1793 362.00
1794 433.00
1795 372.00
1796 359.00
1797 347.00
1798 387.00
1799 333.00
1800 289.00
1801 272.00
1802 288.00
1803 276.00
1804 252.00
1805 266.00
1806 256.00
1807 314.00
1808 293.00
1809 291.00
1810 303.00
1811 297.00
1812 298.00
1813 278.00
1814 233.00
1815 271.00
1816 271.00
1817 250.00
1818 292.00
1819 246.00
1820 257.00
1821 257.00
1822 251.00
1823 299.00
1824 263.00
1825 229.00
1826 279.00
1827 205.00
1828 221.00
1829 225.00
1830 239.00
1831 262.00
1832 229.00
1833 276.00
1834 272.00
1835 252.00
1836 263.00
1837 268.00
1838 229.00
1839 258.00
1840 230.00
1841 229.00
1842 255.00
1843 234.00
1844 219.00
1845 281.00
1846 279.00
1847 281.00
1848 239.00
1849 265.00
1850 278.00
1851 265.00
1852 254.00
1853 259.00
1854 259.00
1855 296.00
1856 263.00
1857 247.00
1858 288.00
1859 212.00
1860 227.00
1861 285.00
1862 283.00
1863 277.00
1864 295.00
1865 284.00
1866 290.00
1867 248.00
1868 246.00
1869 286.00
1870 281.00
1871 304.00
1872 268.00
1873 308.00
1874 312.00
1875 330.00
1876 260.00
1877 251.00
1878 289.00
1879 282.00
1880 287.00
1881 223.00
1882 282.00
1883 304.00
1884 260.00
1885 257.00
1886 291.00
1887 245.00
1888 230.00
1889 235.00
1890 219.00
1891 242.00
1892 257.00
1893 271.00
1894 278.00
1895 278.00
1896 260.00
1897 269.00
1898 286.00
1899 306.00
1900 297.00
1901 268.00
1902 275.00
1903 285.00
1904 290.00
1905 283.00
1906 280.00
1907 289.00
1908 301.00
1909 286.00
1910 289.00
1911 279.00
1912 258.00
1913 261.00
1914 289.00
1915 269.00
1916 278.00
1917 220.00
1918 246.00
1919 248.00
1920 248.00
1921 225.00
1922 258.00
1923 247.00
1924 236.00
1925 271.00
1926 235.00
1927 235.00
1928 270.00
1929 303.00
1930 275.00
1931 283.00
1932 292.00
1933 290.00
1934 290.00
1935 296.00
1936 246.00
1937 304.00
1938 282.00
1939 293.00
1940 286.00
1941 287.00
1942 274.00
1943 300.00
1944 276.00
1945 271.00
1946 252.00
1947 286.00
1948 267.00
1949 292.00
1950 215.00
1951 241.00
1952 252.00
1953 295.00
1954 257.00
1955 261.00
1956 269.00
1957 256.00
1958 231.00
1959 223.00
1960 247.00
1961 246.00
1962 225.00
1963 233.00
1964 261.00
1965 215.00
1966 264.00
1967 228.00
1968 265.00
1969 251.00
1970 248.00
1971 262.00
1972 250.00
1973 237.00
1974 236.00
1975 281.00
1976 261.00
1977 248.00
1978 313.00
1979 255.00
1980 226.00
1981 284.00
1982 235.00
1983 257.00
1984 270.00
1985 315.00
1986 272.00
1987 257.00
1988 262.00
1989 275.00
1990 224.00
1991 237.00
1992 281.00
1993 258.00
1994 319.00
1995 264.00
1996 287.00
1997 237.00
1998 248.00
1999 260.00
2000 397.00
2001 368.00
2002 375.00
2003 383.00
2004 389.00
2005 336.00
2006 403.00
2007 403.00
2008 355.00
2009 407.00
2010 408.00
2011 370.00
2012 371.00
2013 372.00
2014 367.00
2015 372.00
2016 359.00
2017 379.00
2018 412.00
2019 382.00
2020 400.00
2021 340.00
2022 435.00
2023 374.00
2024 405.00
2025 387.00
2026 402.00
2027 384.00
2028 327.00
2029 384.00
2030 333.00
2031 362.00
2032 322.00
2033 338.00
2034 383.00
2035 372.00
2036 341.00
2037 375.00
2038 357.00
2039 339.00
2040 311.00
2041 309.00
2042 348.00
2043 368.00
2044 368.00
2045 350.00
2046 335.00
2047 370.00
2048 351.00
2049 369.00
2050 346.00
2051 350.00
2052 379.00
2053 354.00
2054 356.00
2055 370.00
2056 345.00
2057 373.00
2058 352.00
2059 348.00
2060 357.00
2061 369.00
2062 341.00
2063 368.00
2064 354.00
2065 346.00
2066 355.00
2067 386.00
2068 368.00
2069 414.00
2070 391.00
2071 372.00
2072 400.00
2073 432.00
2074 383.00
2075 413.00
2076 406.00
2077 378.00
2078 389.00
2079 370.00
2080 371.00
2081 348.00
2082 384.00
2083 417.00
2084 387.00
2085 391.00
2086 374.00
2087 391.00
2088 390.00
2089 348.00
2090 412.00
2091 403.00
2092 374.00
2093 397.00
2094 403.00
2095 355.00
2096 376.00
2097 385.00
2098 360.00
2099 439.00
2100 403.00
2101 379.00
2102 400.00
2103 378.00
2104 382.00
2105 406.00
2106 386.00
2107 370.00
2108 394.00
2109 395.00
2110 406.00
2111 341.00
2112 373.00
2113 334.00
2114 360.00
2115 388.00
2116 356.00
2117 345.00
2118 327.00
2119 367.00
2120 336.00
2121 390.00
2122 407.00
2123 352.00
2124 326.00
2125 348.00
2126 331.00
2127 350.00
2128 335.00
2129 381.00
2130 390.00
2131 345.00
2132 407.00
2133 386.00
2134 378.00
2135 349.00
2136 393.00
2137 364.00
2138 406.00
2139 382.00
2140 358.00
2141 379.00
2142 388.00
2143 371.00
2144 374.00
2145 345.00
2146 336.00
2147 366.00
2148 338.00
2149 362.00
2150 327.00
2151 336.00
2152 342.00
2153 386.00
2154 378.00
2155 392.00
2156 372.00
2157 386.00
2158 427.00
2159 331.00
2160 340.00
2161 350.00
2162 413.00
2163 319.00
2164 425.00
2165 409.00
2166 385.00
2167 396.00
2168 408.00
2169 393.00
2170 320.00
2171 365.00
2172 361.00
2173 364.00
2174 418.00
2175 360.00
2176 424.00
2177 376.00
2178 395.00
2179 376.00
2180 367.00
2181 377.00
2182 377.00
2183 355.00
2184 354.00
2185 377.00
2186 411.00
2187 348.00
2188 371.00
2189 393.00
2190 381.00
2191 375.00
2192 385.00
2193 344.00
2194 396.00
2195 364.00
2196 352.00
2197 333.00
2198 383.00
2199 334.00
2200 389.00
2201 351.00
2202 373.00
2203 356.00
2204 409.00
2205 332.00
2206 422.00
2207 362.00
2208 339.00
2209 399.00
2210 356.00
2211 360.00
2212 373.00
2213 397.00
2214 336.00
2215 339.00
2216 379.00
2217 361.00
2218 443.00
2219 331.00
2220 390.00
2221 294.00
2222 414.00
2223 383.00
2224 392.00
2225 358.00
2226 380.00
2227 364.00
2228 313.00
2229 340.00
2230 288.00
2231 334.00
2232 303.00
2233 348.00
2234 368.00
2235 382.00
2236 333.00
2237 373.00
2238 349.00
2239 349.00
2240 300.00
2241 276.00
2242 337.00
2243 357.00
2244 343.00
2245 392.00
2246 306.00
2247 371.00
2248 297.00
2249 345.00
2250 336.00
2251 324.00
2252 349.00
2253 305.00
2254 333.00
2255 343.00
2256 313.00
2257 324.00
2258 358.00
2259 311.00
2260 357.00
2261 396.00
2262 341.00
2263 362.00
2264 344.00
2265 340.00
2266 358.00
2267 337.00
2268 341.00
2269 371.00
2270 376.00
2271 370.00
2272 387.00
2273 411.00
2274 384.00
2275 411.00
2276 405.00
2277 393.00
2278 395.00
2279 345.00
2280 369.00
2281 310.00
2282 381.00
2283 366.00
2284 354.00
2285 366.00
2286 332.00
2287 395.00
2288 386.00
2289 367.00
2290 393.00
2291 435.00
2292 356.00
2293 370.00
2294 431.00
2295 349.00
2296 394.00
2297 374.00
2298 336.00
2299 423.00
2300 366.00
2301 357.00
2302 437.00
2303 397.00
2304 397.00
2305 368.00
2306 401.00
2307 344.00
2308 408.00
2309 367.00
2310 366.00
2311 298.00
2312 379.00
2313 344.00
2314 325.00
2315 387.00
2316 368.00
2317 336.00
2318 348.00
2319 343.00
2320 316.00
2321 362.00
2322 404.00
2323 344.00
2324 302.00
2325 315.00
2326 329.00
2327 390.00
2328 338.00
2329 369.00
2330 361.00
2331 348.00
2332 351.00
2333 322.00
2334 330.00
2335 319.00
2336 346.00
2337 332.00
2338 388.00
2339 350.00
2340 335.00
2341 345.00
2342 389.00
2343 385.00
2344 364.00
2345 346.00
2346 330.00
2347 358.00
2348 316.00
2349 348.00
2350 290.00
2351 310.00
2352 291.00
2353 344.00
2354 309.00
2355 345.00
2356 326.00
2357 321.00
2358 388.00
2359 305.00
2360 346.00
2361 364.00
2362 362.00
2363 313.00
2364 352.00
2365 378.00
2366 321.00
2367 340.00
2368 364.00
2369 357.00
2370 289.00
2371 328.00
2372 315.00
2373 324.00
2374 400.00
2375 345.00
2376 401.00
2377 341.00
2378 370.00
2379 408.00
2380 346.00
2381 373.00
2382 391.00
2383 340.00
2384 330.00
2385 347.00
2386 398.00
2387 322.00
2388 311.00
2389 397.00
2390 361.00
2391 345.00
2392 425.00
2393 351.00
2394 385.00
2395 316.00
2396 377.00
2397 308.00
2398 341.00
2399 349.00
2400 367.00
2401 368.00
2402 337.00
2403 350.00
2404 381.00
2405 342.00
2406 383.00
2407 359.00
2408 355.00
2409 382.00
2410 379.00
2411 339.00
2412 343.00
2413 358.00
2414 312.00
2415 335.00
2416 310.00
2417 372.00
2418 385.00
2419 340.00
2420 361.00
2421 292.00
2422 372.00
2423 334.00
2424 364.00
2425 370.00
2426 364.00
2427 343.00
2428 277.00
2429 358.00
2430 290.00
2431 363.00
2432 296.00
2433 312.00
2434 333.00
2435 341.00
2436 308.00
2437 372.00
2438 338.00
2439 320.00
2440 299.00
2441 282.00
2442 318.00
2443 347.00
2444 323.00
2445 344.00
2446 301.00
2447 346.00
2448 291.00
2449 322.00
2450 315.00
2451 311.00
2452 324.00
2453 312.00
2454 329.00
2455 332.00
2456 303.00
2457 323.00
2458 324.00
2459 301.00
2460 305.00
2461 332.00
2462 334.00
2463 327.00
2464 350.00
2465 353.00
2466 313.00
2467 306.00
2468 307.00
2469 369.00
2470 321.00
2471 333.00
2472 337.00
2473 393.00
2474 343.00
2475 388.00
2476 339.00
2477 347.00
2478 388.00
2479 347.00
2480 304.00
2481 297.00
2482 368.00
2483 380.00
2484 341.00
2485 324.00
2486 330.00
2487 376.00
2488 340.00
2489 307.00
2490 344.00
2491 328.00
2492 334.00
2493 333.00
2494 368.00
2495 305.00
2496 363.00
2497 333.00
2498 294.00
2499 394.00
2500 364.00
2501 343.00
2502 347.00
2503 342.00
2504 339.00
2505 331.00
2506 337.00
2507 341.00
2508 354.00
2509 342.00
2510 350.00
2511 329.00
2512 346.00
2513 306.00
2514 322.00
2515 310.00
2516 305.00
2517 320.00
2518 288.00
2519 331.00
2520 322.00
2521 317.00
2522 342.00
2523 320.00
2524 286.00
2525 321.00
2526 308.00
2527 300.00
2528 322.00
2529 337.00
2530 332.00
2531 326.00
2532 335.00
2533 323.00
2534 306.00
2535 342.00
2536 354.00
2537 326.00
2538 352.00
2539 318.00
2540 305.00
2541 277.00
2542 325.00
2543 354.00
2544 280.00
2545 289.00
2546 291.00
2547 307.00
2548 315.00
2549 306.00
2550 291.00
2551 323.00
2552 307.00
2553 358.00
2554 342.00
2555 351.00
2556 334.00
2557 335.00
2558 348.00
2559 265.00
2560 307.00
2561 316.00
2562 374.00
2563 292.00
2564 368.00
2565 342.00
2566 346.00
2567 330.00
2568 366.00
2569 318.00
2570 300.00
2571 353.00
2572 322.00
2573 317.00
2574 359.00
2575 353.00
2576 394.00
2577 307.00
2578 374.00
2579 372.00
2580 306.00
2581 347.00
2582 337.00
2583 328.00
2584 352.00
2585 367.00
2586 375.00
2587 320.00
2588 317.00
2589 357.00
2590 313.00
2591 341.00
2592 371.00
2593 299.00
2594 349.00
2595 333.00
2596 306.00
2597 309.00
2598 331.00
2599 318.00
2600 413.00
2601 397.00
2602 372.00
2603 396.00
2604 431.00
2605 362.00
2606 419.00
2607 387.00
2608 366.00
2609 421.00
2610 411.00
2611 378.00
2612 380.00
2613 415.00
2614 379.00
2615 377.00
2616 373.00
2617 403.00
2618 433.00
2619 392.00
2620 400.00
2621 360.00
2622 443.00
2623 382.00
2624 417.00
2625 395.00
2626 404.00
2627 405.00
2628 347.00
2629 389.00
2630 336.00
2631 363.00
2632 330.00
2633 345.00
2634 374.00
2635 382.00
2636 349.00
2637 387.00
2638 381.00
2639 382.00
2640 331.00
2641 312.00
2642 371.00
2643 377.00
2644 386.00
2645 377.00
2646 364.00
2647 397.00
2648 337.00
2649 369.00
2650 359.00
2651 354.00
2652 395.00
2653 374.00
2654 388.00
2655 389.00
2656 338.00
2657 364.00
2658 388.00
2659 367.00
2660 378.00
2661 386.00
2662 360.00
2663 369.00
2664 384.00
2665 393.00
2666 381.00
2667 387.00
2668 384.00
2669 400.00
2670 409.00
2671 382.00
2672 406.00
2673 419.00
2674 395.00
2675 432.00
2676 423.00
2677 417.00
2678 414.00
2679 377.00
2680 397.00
2681 336.00
2682 419.00
2683 415.00
2684 409.00
2685 406.00
2686 369.00
2687 420.00
2688 437.00
2689 434.00
2690 433.00
2691 435.00
2692 384.00
2693 407.00
2694 448.00
2695 377.00
2696 435.00
2697 399.00
2698 353.00
2699 437.00
2700 437.00
2701 408.00
2702 413.00
2703 408.00
2704 414.00
2705 417.00
2706 382.00
2707 397.00
2708 420.00
2709 399.00
2710 399.00
2711 347.00
2712 426.00
2713 374.00
2714 370.00
2715 391.00
2716 378.00
2717 386.00
2718 360.00
2719 391.00
2720 381.00
2721 405.00
2722 409.00
2723 356.00
2724 317.00
2725 372.00
2726 351.00
2727 397.00
2728 363.00
2729 412.00
2730 396.00
2731 377.00
2732 399.00
2733 376.00
2734 359.00
2735 371.00
2736 399.00
2737 393.00
2738 410.00
2739 376.00
2740 358.00
2741 371.00
2742 389.00
2743 411.00
2744 378.00
2745 345.00
2746 353.00
2747 399.00
2748 329.00
2749 367.00
2750 321.00
2751 358.00
2752 355.00
2753 404.00
2754 388.00
2755 396.00
2756 398.00
2757 396.00
2758 413.00
2759 353.00
2760 399.00
2761 396.00
2762 407.00
2763 341.00
2764 437.00
2765 417.00
2766 396.00
2767 401.00
2768 435.00
2769 406.00
2770 353.00
2771 347.00
2772 397.00
2773 368.00
2774 395.00
2775 386.00
2776 450.00
2777 398.00
2778 405.00
2779 410.00
2780 400.00
2781 405.00
2782 383.00
2783 366.00
2784 393.00
2785 406.00
2786 462.00
2787 356.00
2788 382.00
2789 439.00
2790 393.00
2791 365.00
2792 434.00
2793 383.00
2794 420.00
2795 360.00
2796 353.00
2797 368.00
2798 411.00
2799 344.00
2800 397.00
2801 385.00
2802 363.00
2803 372.00
2804 395.00
2805 335.00
2806 381.00
2807 382.00
2808 352.00
2809 413.00
2810 367.00
2811 379.00
2812 373.00
2813 386.00
2814 359.00
2815 364.00
2816 346.00
2817 400.00
2818 392.00
2819 366.00
2820 371.00
2821 339.00
2822 399.00
2823 376.00
2824 389.00
2825 356.00
2826 391.00
2827 376.00
2828 338.00
2829 367.00
2830 317.00
2831 361.00
2832 323.00
2833 340.00
2834 389.00
2835 364.00
2836 346.00
2837 382.00
2838 355.00
2839 378.00
2840 317.00
2841 301.00
2842 322.00
2843 376.00
2844 361.00
2845 372.00
2846 339.00
2847 360.00
2848 326.00
2849 348.00
2850 349.00
2851 335.00
2852 341.00
2853 351.00
2854 366.00
2855 375.00
2856 357.00
2857 359.00
2858 398.00
2859 347.00
2860 374.00
2861 397.00
2862 355.00
2863 387.00
2864 363.00
2865 366.00
2866 365.00
2867 359.00
2868 356.00
2869 394.00
2870 359.00
2871 366.00
2872 403.00
2873 418.00
2874 382.00
2875 406.00
2876 393.00
2877 369.00
2878 402.00
2879 350.00
2880 357.00
2881 312.00
2882 390.00
2883 369.00
2884 368.00
2885 387.00
2886 352.00
2887 380.00
2888 412.00
2889 387.00
2890 401.00
2891 396.00
2892 375.00
2893 393.00
2894 421.00
2895 354.00
2896 398.00
2897 373.00
2898 347.00
2899 408.00
2900 400.00
2901 378.00
2902 385.00
2903 381.00
2904 400.00
2905 387.00
2906 372.00
2907 384.00
2908 386.00
2909 388.00
2910 367.00
2911 334.00
2912 384.00
2913 347.00
2914 355.00
2915 387.00
2916 379.00
2917 362.00
2918 344.00
2919 405.00
2920 369.00
2921 379.00
2922 392.00
2923 351.00
2924 353.00
2925 366.00
2926 348.00
2927 335.00
2928 362.00
2929 393.00
2930 371.00
2931 366.00
2932 384.00
2933 350.00
2934 367.00
2935 365.00
2936 362.00
2937 357.00
2938 396.00
2939 371.00
2940 356.00
2941 368.00
2942 368.00
2943 390.00
2944 369.00
2945 354.00
2946 336.00
2947 384.00
2948 323.00
2949 346.00
2950 324.00
2951 325.00
2952 313.00
2953 381.00
2954 374.00
2955 384.00
2956 380.00
2957 371.00
2958 413.00
2959 347.00
2960 364.00
2961 366.00
2962 356.00
2963 342.00
2964 385.00
2965 368.00
2966 379.00
2967 348.00
2968 381.00
2969 377.00
2970 331.00
2971 354.00
2972 350.00
2973 353.00
2974 357.00
2975 369.00
2976 388.00
2977 358.00
2978 398.00
2979 381.00
2980 349.00
2981 401.00
2982 369.00
2983 353.00
2984 346.00
2985 405.00
2986 374.00
2987 362.00
2988 391.00
2989 382.00
2990 373.00
2991 344.00
2992 390.00
2993 386.00
2994 396.00
2995 352.00
2996 362.00
2997 339.00
2998 360.00
2999 351.00
