0 131.33
1 144.00
2 224.00
3 214.00
4 249.33
5 190.00
6 219.33
7 196.67
8 226.67
9 167.33
10 306.67
11 204.67
12 280.67
13 202.00
14 194.00
15 240.00
16 240.67
17 202.00
18 182.00
19 178.00
20 196.67
21 210.00
22 312.67
23 225.33
24 223.33
25 274.67
26 243.33
27 193.33
28 221.33
29 224.00
30 229.33
31 224.00
32 224.00
33 228.00
34 233.33
35 190.00
36 230.67
37 194.00
38 262.00
39 233.33
40 210.00
41 224.67
42 221.33
43 221.33
44 207.33
45 260.00
46 176.67
47 224.67
48 346.67
49 386.00
50 360.67
51 385.33
52 321.33
53 228.67
54 208.00
55 200.00
56 320.67
57 209.33
58 325.33
59 396.67
60 288.67
61 226.67
62 224.00
63 217.33
64 224.00
65 213.33
66 232.67
67 222.67
68 218.00
69 228.67
70 222.67
71 226.67
72 232.00
73 385.33
74 206.00
75 180.00
76 227.33
77 324.67
78 216.67
79 208.67
80 224.00
81 210.67
82 195.33
83 202.67
84 190.00
85 351.33
86 173.33
87 196.00
88 260.00
89 380.67
90 376.67
91 214.00
92 204.00
93 199.33
94 243.33
95 226.67
96 213.33
97 240.00
98 213.33
99 234.00
100 227.33
101 192.00
102 256.67
103 358.00
104 230.67
105 257.33
106 227.33
107 200.67
108 180.00
109 227.33
110 202.00
111 225.33
112 308.67
113 209.33
114 357.33
115 331.33
116 211.33
117 288.67
118 232.00
119 388.67
120 216.67
121 222.00
122 227.33
123 221.33
124 223.33
125 178.00
126 213.33
127 211.33
128 382.67
129 198.00
130 334.67
131 432.67
132 246.67
133 379.33
134 269.33
135 206.00
136 222.00
137 228.67
138 207.33
139 342.67
140 228.67
141 196.67
142 230.67
143 283.33
144 212.00
145 378.67
146 218.00
147 318.00
148 225.33
149 226.67
150 228.67
151 174.67
152 252.00
153 213.33
154 235.33
155 216.67
156 275.33
157 410.67
158 187.33
159 435.33
160 294.00
161 180.67
162 204.00
163 196.00
164 197.33
165 204.67
166 181.33
167 200.67
168 358.67
169 338.67
170 218.00
171 211.33
172 224.00
173 203.33
174 246.00
175 256.00
176 264.00
177 214.00
178 210.67
179 194.00
180 220.67
181 308.00
182 270.67
183 277.33
184 310.00
185 360.00
186 400.00
187 406.00
188 235.33
189 419.33
190 224.00
191 236.67
192 222.00
193 200.00
194 400.67
195 210.67
196 203.33
197 206.00
198 213.33
199 192.67
200 177.33
201 428.67
202 250.67
203 241.33
204 237.33
205 248.67
206 219.33
207 217.33
208 317.33
209 244.00
210 238.00
211 236.00
212 219.33
213 376.67
214 222.00
215 236.00
216 205.33
217 368.00
218 295.33
219 431.33
220 269.33
221 220.67
222 386.00
223 398.00
224 233.33
225 248.00
226 360.00
227 228.00
228 227.33
229 399.33
230 235.33
231 212.67
232 378.67
233 372.00
234 364.67
235 308.67
236 374.67
237 232.00
238 412.67
239 426.00
240 269.33
241 372.00
242 233.33
243 202.67
244 234.00
245 378.67
246 437.33
247 412.67
248 235.33
249 368.00
250 422.67
251 230.67
252 406.00
253 252.00
254 276.00
255 236.00
256 267.33
257 426.00
258 234.00
259 426.67
260 380.67
261 439.33
262 271.33
263 295.33
264 216.67
265 245.33
266 234.00
267 222.00
268 388.00
269 346.67
270 387.33
271 236.67
272 344.00
273 285.33
274 236.67
275 236.67
276 220.00
277 366.00
278 378.67
279 362.67
280 276.67
281 244.00
282 272.00
283 280.67
284 264.67
285 352.00
286 267.33
287 282.00
288 220.67
289 226.67
290 240.67
291 231.33
292 232.67
293 248.67
294 276.00
295 210.67
296 226.67
297 268.00
298 248.00
299 293.33
300 222.67
301 235.33
302 288.67
303 314.67
304 270.00
305 215.33
306 240.67
307 318.00
308 243.33
309 219.33
310 244.67
311 342.00
312 202.00
313 280.67
314 232.67
315 266.67
316 220.00
317 268.67
318 241.33
319 305.33
320 274.67
321 240.67
322 223.33
323 214.00
324 232.00
325 259.33
326 190.00
327 203.33
328 212.67
329 266.67
330 239.33
331 254.00
332 288.00
333 240.00
334 206.67
335 284.67
336 275.33
337 386.67
338 194.67
339 199.33
340 197.33
341 229.33
342 275.33
343 188.00
344 202.67
345 255.33
346 302.00
347 238.67
348 291.33
349 232.67
350 397.33
351 242.00
352 356.00
353 441.33
354 237.33
355 255.33
356 234.00
357 225.33
358 255.33
359 375.33
360 260.00
361 226.00
362 262.00
363 369.33
364 242.00
365 230.00
366 214.67
367 270.67
368 233.33
369 254.67
370 274.67
371 318.00
372 228.67
373 189.33
374 207.33
375 225.33
376 222.67
377 178.67
378 198.67
379 217.33
380 177.33
381 235.33
382 218.00
383 329.33
384 214.67
385 180.00
386 220.00
387 228.67
388 193.33
389 202.67
390 221.33
391 284.00
392 217.33
393 246.00
394 220.00
395 241.33
396 310.00
397 224.00
398 256.00
399 221.33
400 415.33
401 248.67
402 232.67
403 387.33
404 231.33
405 246.00
406 287.33
407 398.67
408 301.33
409 249.33
410 296.00
411 295.33
412 353.33
413 230.00
414 232.00
415 418.67
416 240.67
417 396.00
418 404.00
419 310.67
420 231.33
421 246.67
422 302.00
423 212.00
424 318.67
425 400.67
426 242.00
427 298.00
428 258.67
429 358.67
430 270.00
431 240.00
432 344.00
433 232.67
434 269.33
435 267.33
436 306.67
437 282.00
438 266.00
439 257.33
440 274.67
441 343.33
442 321.33
443 326.00
444 217.33
445 272.00
446 367.33
447 233.33
448 352.67
449 395.33
450 393.33
451 446.67
452 364.67
453 383.33
454 298.00
455 290.67
456 400.00
457 284.67
458 228.00
459 392.67
460 355.33
461 230.67
462 289.33
463 422.00
464 364.67
465 357.33
466 306.67
467 350.67
468 204.00
469 388.00
470 365.33
471 398.67
472 228.00
473 358.00
474 290.00
475 266.67
476 351.33
477 332.00
478 437.33
479 233.33
480 441.33
481 239.33
482 433.33
483 324.00
484 324.67
485 254.00
486 248.00
487 320.00
488 225.33
489 434.00
490 297.33
491 370.67
492 237.33
493 335.33
494 331.33
495 412.00
496 303.33
497 324.00
498 214.00
499 218.67
500 310.67
501 279.33
502 434.67
503 232.00
504 320.67
505 240.00
506 227.33
507 297.33
508 222.00
509 294.00
510 259.33
511 318.67
512 314.00
513 312.67
514 234.67
515 266.00
516 333.33
517 381.33
518 262.67
519 306.00
520 312.00
521 404.00
522 360.67
523 328.67
524 289.33
525 305.33
526 376.00
527 234.00
528 304.67
529 272.00
530 262.00
531 303.33
532 336.67
533 297.33
534 399.33
535 317.33
536 322.67
537 306.00
538 334.00
539 282.67
540 357.33
541 290.00
542 206.00
543 204.67
544 222.00
545 292.00
546 215.33
547 292.00
548 341.33
549 222.67
550 206.00
551 264.00
552 364.67
553 252.67
554 257.33
555 272.00
556 351.33
557 298.67
558 298.00
559 372.00
560 242.67
561 242.67
562 418.00
563 295.33
564 312.67
565 234.00
566 303.33
567 315.33
568 304.67
569 381.33
570 290.00
571 303.33
572 337.33
573 296.67
574 359.33
575 289.33
576 310.00
577 400.00
578 252.00
579 330.00
580 327.33
581 436.00
582 384.00
583 338.67
584 223.33
585 426.00
586 341.33
587 343.33
588 362.00
589 231.33
590 214.00
591 288.67
592 202.00
593 235.33
594 232.00
595 214.67
596 205.33
597 293.33
598 257.33
599 193.33
600 298.00
601 338.00
602 303.33
603 461.33
604 302.00
605 338.00
606 342.00
607 258.00
608 370.67
609 205.33
610 340.00
611 266.67
612 261.33
613 398.67
614 357.33
615 356.00
616 352.00
617 462.67
618 178.67
619 446.67
620 279.33
621 440.00
622 349.33
623 320.67
624 481.33
625 292.00
626 438.00
627 450.00
628 376.00
629 238.67
630 350.67
631 227.33
632 422.67
633 356.67
634 480.00
635 292.67
636 413.33
637 294.67
638 366.67
639 431.33
640 322.67
641 380.00
642 404.67
643 360.00
644 315.33
645 418.67
646 218.00
647 348.67
648 278.67
649 427.33
650 396.00
651 244.67
652 287.33
653 300.00
654 239.33
655 436.00
656 231.33
657 230.67
658 400.67
659 270.00
660 418.00
661 392.67
662 387.33
663 377.33
664 314.67
665 256.00
666 374.00
667 393.33
668 384.00
669 236.00
670 433.33
671 360.67
672 398.67
673 364.67
674 422.67
675 460.67
676 341.33
677 278.67
678 226.67
679 336.00
680 426.67
681 346.00
682 205.33
683 428.67
684 224.00
685 330.67
686 386.00
687 377.33
688 341.33
689 411.33
690 332.00
691 392.67
692 360.67
693 231.33
694 313.33
695 416.00
696 314.00
697 212.67
698 362.67
699 432.67
700 211.33
701 413.33
702 472.00
703 336.00
704 392.67
705 360.00
706 456.67
707 351.33
708 347.33
709 245.33
710 360.00
711 369.33
712 416.67
713 232.00
714 202.67
715 212.67
716 407.33
717 376.67
718 357.33
719 432.67
720 317.33
721 398.67
722 371.33
723 256.67
724 310.67
725 302.00
726 326.67
727 279.33
728 377.33
729 325.33
730 236.67
731 246.00
732 209.33
733 292.00
734 368.67
735 204.00
736 384.67
737 335.33
738 273.33
739 458.67
740 376.67
741 374.00
742 257.33
743 250.67
744 350.00
745 212.00
746 442.67
747 302.67
748 330.00
749 350.00
750 311.33
751 422.00
752 353.33
753 291.33
754 236.00
755 234.67
756 421.33
757 226.00
758 308.67
759 358.00
760 268.00
761 225.33
762 432.67
763 423.33
764 330.67
765 379.33
766 281.33
767 345.33
768 386.67
769 387.33
770 266.00
771 300.00
772 271.33
773 279.33
774 244.00
775 398.67
776 343.33
777 448.00
778 410.67
779 328.00
780 368.00
781 406.67
782 294.67
783 406.00
784 322.67
785 389.33
786 448.00
787 384.67
788 291.33
789 296.67
790 390.00
791 282.00
792 290.67
793 236.00
794 346.67
795 296.00
796 314.67
797 311.33
798 365.33
799 430.00
800 324.00
801 318.00
802 470.00
803 208.00
804 220.67
805 306.00
806 258.00
807 358.00
808 313.33
809 284.67
810 265.33
811 288.67
812 275.33
813 414.67
814 303.33
815 322.67
816 252.67
817 228.00
818 252.67
819 254.00
820 390.00
821 460.00
822 476.00
823 312.67
824 452.00
825 330.67
826 418.67
827 360.00
828 467.33
829 367.33
830 318.00
831 345.33
832 284.67
833 282.67
834 332.67
835 388.00
836 216.67
837 302.00
838 400.67
839 297.33
840 440.00
841 398.00
842 412.00
843 262.67
844 344.00
845 394.67
846 462.00
847 375.33
848 317.33
849 241.33
850 457.33
851 312.67
852 334.67
853 333.33
854 380.00
855 358.67
856 351.33
857 367.33
858 367.33
859 439.33
860 297.33
861 369.33
862 369.33
863 214.67
864 274.00
865 251.33
866 350.00
867 455.33
868 275.33
869 320.00
870 388.67
871 384.00
872 398.67
873 364.67
874 423.33
875 388.00
876 370.67
877 354.00
878 254.00
879 400.00
880 410.00
881 302.00
882 332.00
883 482.67
884 206.67
885 476.67
886 376.67
887 361.33
888 270.67
889 279.33
890 371.33
891 372.67
892 410.67
893 405.33
894 408.67
895 233.33
896 398.00
897 220.00
898 344.00
899 232.67
900 401.33
901 328.67
902 341.33
903 494.67
904 263.33
905 376.00
906 432.67
907 308.67
908 326.00
909 232.67
910 313.33
911 258.67
912 429.33
913 255.33
914 325.33
915 199.33
916 482.67
917 332.00
918 271.33
919 313.33
920 222.67
921 332.00
922 193.33
923 257.33
924 304.00
925 384.00
926 364.67
927 394.67
928 194.00
929 222.00
930 287.33
931 216.00
932 293.33
933 204.00
934 180.67
935 288.00
936 312.00
937 410.67
938 215.33
939 466.67
940 387.33
941 363.33
942 197.33
943 271.33
944 480.00
945 254.00
946 248.67
947 226.00
948 293.33
949 293.33
950 192.67
951 348.00
952 472.67
953 308.67
954 338.00
955 310.00
956 358.67
957 461.33
958 478.67
959 216.00
960 280.00
961 432.67
962 392.67
963 372.67
964 461.33
965 326.67
966 428.67
967 328.00
968 342.00
969 325.33
970 299.33
971 256.00
972 419.33
973 334.00
974 262.00
975 373.33
976 337.33
977 388.67
978 330.00
979 358.00
980 259.33
981 284.00
982 361.33
983 222.00
984 284.00
985 189.33
986 310.00
987 206.67
988 265.33
989 234.00
990 326.00
991 214.67
992 380.00
993 302.67
994 280.67
995 393.33
996 270.67
997 380.00
998 436.67
999 410.67
1000 240.00
1001 380.00
1002 345.33
1003 410.67
1004 426.00
1005 368.67
1006 162.67
1007 374.00
1008 302.67
1009 440.00
1010 420.00
1011 420.00
1012 248.67
1013 342.00
1014 330.67
1015 300.00
1016 326.00
1017 460.00
1018 336.67
1019 400.00
1020 456.67
1021 360.67
1022 358.00
1023 377.33
1024 459.33
1025 170.67
1026 265.33
1027 263.33
1028 276.67
1029 410.67
1030 316.67
1031 455.33
1032 180.00
1033 167.33
1034 468.00
1035 416.00
1036 280.00
1037 382.00
1038 242.00
1039 148.00
1040 358.00
1041 347.33
1042 246.67
1043 476.00
1044 472.67
1045 406.00
1046 350.67
1047 352.00
1048 200.67
1049 320.67
1050 426.67
1051 447.33
1052 230.67
1053 371.33
1054 246.00
1055 456.00
1056 302.67
1057 240.67
1058 323.33
1059 340.00
1060 362.67
1061 294.00
1062 331.33
1063 336.67
1064 300.00
1065 279.33
1066 300.67
1067 265.33
1068 231.33
1069 377.33
1070 277.33
1071 490.67
1072 362.00
1073 222.00
1074 436.00
1075 281.33
1076 428.00
1077 341.33
1078 226.67
1079 414.67
1080 242.00
1081 326.00
1082 326.67
1083 242.67
1084 176.67
1085 337.33
1086 400.00
1087 444.67
1088 349.33
1089 353.33
1090 203.33
1091 452.00
1092 445.33
1093 392.00
1094 471.33
1095 424.67
1096 436.00
1097 218.67
1098 208.67
1099 256.67
1100 333.33
1101 280.67
1102 330.67
1103 346.00
1104 254.67
1105 368.67
1106 294.00
1107 332.00
1108 280.00
1109 292.00
1110 367.33
1111 410.00
1112 266.67
1113 320.00
1114 294.00
1115 400.00
1116 331.33
1117 334.67
1118 261.33
1119 368.67
1120 394.67
1121 264.67
1122 210.00
1123 382.00
1124 178.67
1125 330.67
1126 355.33
1127 393.33
1128 304.00
1129 364.67
1130 269.33
1131 368.00
1132 444.00
1133 307.33
1134 241.33
1135 308.67
1136 429.33
1137 312.00
1138 358.67
1139 304.67
1140 302.00
1141 288.67
1142 245.33
1143 361.33
1144 368.67
1145 364.00
1146 375.33
1147 368.00
1148 250.00
1149 292.00
1150 365.33
1151 240.00
1152 373.33
1153 368.67
1154 222.00
1155 456.67
1156 352.00
1157 442.67
1158 273.33
1159 252.67
1160 321.33
1161 238.00
1162 438.67
1163 436.67
1164 322.00
1165 371.33
1166 308.67
1167 276.00
1168 261.33
1169 374.67
1170 392.67
1171 274.67
1172 366.00
1173 367.33
1174 378.00
1175 253.33
1176 368.67
1177 392.67
1178 266.00
1179 389.33
1180 492.67
1181 326.67
1182 463.33
1183 386.00
1184 452.67
1185 248.67
1186 314.67
1187 384.00
1188 254.00
1189 420.67
1190 336.00
1191 270.67
1192 491.33
1193 334.67
1194 444.00
1195 328.00
1196 294.00
1197 389.33
1198 346.67
1199 492.00
1200 373.33
1201 180.00
1202 470.67
1203 449.33
1204 184.00
1205 357.33
1206 367.33
1207 417.33
1208 448.67
1209 392.00
1210 312.67
1211 387.33
1212 312.00
1213 248.67
1214 438.00
1215 194.67
1216 368.00
1217 458.67
1218 330.00
1219 288.67
1220 342.67
1221 278.67
1222 140.00
1223 320.67
1224 243.33
1225 376.67
1226 221.33
1227 437.33
1228 430.67
1229 425.33
1230 252.67
1231 228.00
1232 252.00
1233 353.33
1234 225.33
1235 420.00
1236 291.33
1237 416.67
1238 215.33
1239 188.00
1240 236.67
1241 412.67
1242 281.33
1243 176.00
1244 279.33
1245 246.00
1246 444.67
1247 280.00
1248 346.00
1249 340.67
1250 308.00
1251 433.33
1252 251.33
1253 413.33
1254 335.33
1255 420.00
1256 248.00
1257 272.67
1258 298.67
1259 417.33
1260 453.33
1261 258.67
1262 290.67
1263 352.67
1264 312.67
1265 355.33
1266 436.00
1267 242.67
1268 243.33
1269 278.00
1270 294.00
1271 363.33
1272 272.00
1273 180.67
1274 218.00
1275 396.67
1276 247.33
1277 372.00
1278 401.33
1279 380.67
1280 122.67
1281 331.33
1282 335.33
1283 293.33
1284 433.33
1285 370.67
1286 408.67
1287 342.67
1288 296.67
1289 442.00
1290 201.33
1291 353.33
1292 382.00
1293 432.67
1294 318.00
1295 436.00
1296 254.00
1297 281.33
1298 376.67
1299 336.00
1300 287.33
1301 410.67
1302 241.33
1303 342.67
1304 312.67
1305 456.00
1306 327.33
1307 208.00
1308 253.33
1309 331.33
1310 286.67
1311 333.33
1312 376.67
1313 361.33
1314 352.67
1315 312.00
1316 226.00
1317 217.33
1318 192.00
1319 385.33
1320 380.67
1321 356.00
1322 264.00
1323 378.00
1324 342.00
1325 364.67
1326 398.67
1327 372.00
1328 223.33
1329 269.33
1330 296.67
1331 354.00
1332 206.67
1333 381.33
1334 338.67
1335 315.33
1336 372.00
1337 251.33
1338 394.00
1339 203.33
1340 381.33
1341 205.33
1342 492.67
1343 456.00
1344 396.00
1345 323.33
1346 342.67
1347 368.67
1348 348.00
1349 272.00
1350 284.00
1351 368.00
1352 479.33
1353 419.33
1354 258.67
1355 394.00
1356 256.67
1357 236.67
1358 457.33
1359 488.67
1360 269.33
1361 337.33
1362 359.33
1363 287.33
1364 241.33
1365 458.00
1366 466.67
1367 364.00
1368 355.33
1369 384.00
1370 469.33
1371 231.33
1372 342.67
1373 386.67
1374 469.33
1375 383.33
1376 340.00
1377 429.33
1378 274.67
1379 352.00
1380 365.33
1381 362.67
1382 420.00
1383 304.00
1384 330.00
1385 350.00
1386 460.67
1387 249.33
1388 381.33
1389 312.67
1390 394.00
1391 388.00
1392 338.67
1393 306.00
1394 390.00
1395 330.67
1396 266.00
1397 378.00
1398 290.67
1399 218.67
1400 340.00
1401 340.00
1402 349.33
1403 366.67
1404 326.67
1405 360.00
1406 420.00
1407 352.67
1408 380.00
1409 412.00
1410 360.67
1411 454.00
1412 143.33
1413 398.67
1414 468.00
1415 399.33
1416 282.67
1417 336.00
1418 371.33
1419 240.00
1420 379.33
1421 458.00
1422 326.67
1423 287.33
1424 388.00
1425 246.67
1426 413.33
1427 234.00
1428 346.67
1429 354.67
1430 360.67
1431 249.33
1432 420.00
1433 324.00
1434 234.00
1435 402.67
1436 350.00
1437 352.67
1438 270.00
1439 342.67
1440 290.67
1441 337.33
1442 257.33
1443 224.00
1444 295.33
1445 358.00
1446 197.33
1447 218.67
1448 288.00
1449 369.33
1450 296.67
1451 314.67
1452 356.67
1453 300.00
1454 378.00
1455 476.67
1456 404.67
1457 207.33
1458 394.67
1459 282.67
1460 222.00
1461 376.00
1462 378.67
1463 352.00
1464 236.00
1465 464.00
1466 469.33
1467 252.67
1468 310.67
1469 368.67
1470 252.00
1471 194.00
1472 358.00
1473 308.67
1474 444.00
1475 462.67
1476 353.33
1477 309.33
1478 398.67
1479 255.33
1480 246.67
1481 378.67
1482 428.00
1483 408.00
1484 330.00
1485 375.33
1486 370.00
1487 270.67
1488 378.00
1489 369.33
1490 260.67
1491 299.33
1492 374.67
1493 395.33
1494 282.00
1495 404.67
1496 428.00
1497 358.67
1498 409.33
1499 360.00
1500 259.33
1501 423.33
1502 280.67
1503 434.00
1504 354.00
1505 308.00
1506 394.67
1507 374.00
1508 400.67
1509 218.67
1510 262.00
1511 234.00
1512 350.00
1513 435.33
1514 322.67
1515 426.67
1516 244.67
1517 365.33
1518 324.67
1519 354.67
1520 281.33
1521 467.33
1522 270.00
1523 278.67
1524 346.67
1525 288.67
1526 291.33
1527 366.00
1528 140.00
1529 318.00
1530 340.00
1531 260.67
1532 315.33
1533 220.00
1534 386.00
1535 271.33
1536 287.33
1537 348.00
1538 360.00
1539 454.00
1540 361.33
1541 286.67
1542 331.33
1543 290.67
1544 460.00
1545 280.67
1546 363.33
1547 135.33
1548 175.33
1549 458.00
1550 430.00
1551 304.67
1552 442.00
1553 470.00
1554 354.67
1555 422.00
1556 354.00
1557 394.00
1558 337.33
1559 280.00
1560 348.67
1561 246.67
1562 400.67
1563 359.33
1564 399.33
1565 268.00
1566 246.67
1567 338.67
1568 320.67
1569 164.67
1570 434.67
1571 335.33
1572 308.67
1573 296.67
1574 286.67
1575 306.67
1576 409.33
1577 278.00
1578 484.00
1579 366.67
1580 277.33
1581 306.00
1582 292.00
1583 405.33
1584 436.00
1585 309.33
1586 334.00
1587 288.00
1588 310.67
1589 202.67
1590 300.67
1591 410.67
1592 438.67
1593 458.00
1594 416.00
1595 379.33
1596 219.33
1597 420.00
1598 281.33
1599 230.67
1600 298.67
1601 174.67
1602 485.33
1603 166.67
1604 350.67
1605 362.00
1606 94.67
1607 416.00
1608 237.33
1609 308.00
1610 400.00
1611 315.33
1612 322.00
1613 296.00
1614 450.00
1615 317.33
1616 448.67
1617 440.00
1618 337.33
1619 370.67
1620 392.00
1621 196.00
1622 406.00
1623 322.67
1624 403.33
1625 446.67
1626 430.00
1627 294.00
1628 376.00
1629 361.33
1630 401.33
1631 397.33
1632 358.00
1633 391.33
1634 404.67
1635 213.33
1636 230.00
1637 392.67
1638 410.67
1639 359.33
1640 362.67
1641 364.00
1642 352.00
1643 332.67
1644 193.33
1645 408.67
1646 316.00
1647 276.67
1648 485.33
1649 254.00
1650 435.33
1651 382.67
1652 386.00
1653 356.00
1654 305.33
1655 300.00
1656 434.00
1657 322.00
1658 354.00
1659 222.00
1660 186.67
1661 483.33
1662 498.00
1663 394.67
1664 390.00
1665 253.33
1666 388.00
1667 396.00
1668 271.33
1669 308.67
1670 182.00
1671 438.00
1672 342.67
1673 224.00
1674 428.00
1675 177.33
1676 319.33
1677 378.00
1678 322.00
1679 201.33
1680 308.67
1681 254.00
1682 358.00
1683 256.00
1684 208.67
1685 277.33
1686 345.33
1687 315.33
1688 375.33
1689 321.33
1690 292.00
1691 340.00
1692 208.00
1693 376.67
1694 289.33
1695 295.33
1696 294.67
1697 390.00
1698 296.00
1699 234.00
1700 419.33
1701 270.67
1702 364.67
1703 390.67
1704 361.33
1705 362.67
1706 164.00
1707 348.00
1708 400.67
1709 316.00
1710 376.00
1711 273.33
1712 277.33
1713 479.33
1714 436.67
1715 412.67
1716 381.33
1717 225.33
1718 315.33
1719 438.00
1720 279.33
1721 323.33
1722 448.00
1723 394.67
1724 250.00
1725 328.67
1726 294.67
1727 370.00
1728 368.00
1729 354.67
1730 200.67
1731 288.67
1732 288.67
1733 245.33
1734 248.67
1735 419.33
1736 292.67
1737 470.00
1738 344.67
1739 428.67
1740 294.00
1741 349.33
1742 242.67
1743 418.67
1744 213.33
1745 408.00
1746 375.33
1747 369.33
1748 260.00
1749 364.67
1750 329.33
1751 265.33
1752 340.67
1753 293.33
1754 291.33
1755 429.33
1756 294.00
1757 462.67
1758 437.33
1759 365.33
1760 210.67
1761 232.00
1762 225.33
1763 467.33
1764 176.00
1765 325.33
1766 330.00
1767 199.33
1768 337.33
1769 289.33
1770 327.33
1771 362.00
1772 324.67
1773 390.67
1774 268.67
1775 414.67
1776 424.67
1777 368.67
1778 414.00
1779 488.00
1780 434.00
1781 415.33
1782 282.00
1783 273.33
1784 390.67
1785 296.00
1786 402.00
1787 222.67
1788 333.33
1789 280.00
1790 449.33
1791 352.00
1792 384.00
1793 422.00
1794 314.67
1795 364.00
1796 380.00
1797 327.33
1798 368.00
1799 293.33
1800 460.00
1801 240.00
1802 204.00
1803 360.00
1804 380.00
1805 240.00
1806 148.67
1807 248.00
1808 230.00
1809 254.67
1810 416.67
1811 280.67
1812 348.00
1813 393.33
1814 223.33
1815 234.00
1816 483.33
1817 190.67
1818 270.67
1819 279.33
1820 369.33
1821 276.67
1822 338.00
1823 280.00
1824 384.00
1825 397.33
1826 424.00
1827 390.00
1828 336.67
1829 416.67
1830 237.33
1831 148.67
1832 378.00
1833 406.67
1834 339.33
1835 478.00
1836 376.00
1837 415.33
1838 240.67
1839 390.00
1840 449.33
1841 329.33
1842 493.33
1843 345.33
1844 229.33
1845 353.33
1846 208.00
1847 392.67
1848 453.33
1849 384.67
1850 256.00
1851 356.00
1852 373.33
1853 252.00
1854 220.00
1855 382.00
1856 225.33
1857 286.67
1858 342.00
1859 318.00
1860 254.00
1861 445.33
1862 228.00
1863 366.67
1864 342.00
1865 361.33
1866 323.33
1867 478.67
1868 288.67
1869 294.67
1870 319.33
1871 346.67
1872 338.00
1873 339.33
1874 332.67
1875 260.00
1876 397.33
1877 330.67
1878 377.33
1879 373.33
1880 264.00
1881 302.67
1882 266.00
1883 290.67
1884 494.00
1885 340.67
1886 454.00
1887 320.00
1888 476.00
1889 248.00
1890 402.67
1891 278.67
1892 369.33
1893 421.33
1894 480.00
1895 260.00
1896 394.00
1897 285.33
1898 284.67
1899 314.67
1900 296.00
1901 341.33
1902 352.00
1903 296.67
1904 360.67
1905 498.00
1906 377.33
1907 418.00
1908 140.00
1909 264.67
1910 332.00
1911 232.00
1912 269.33
1913 394.67
1914 372.67
1915 353.33
1916 371.33
1917 323.33
1918 420.00
1919 342.67
1920 300.67
1921 424.00
1922 346.00
1923 420.00
1924 299.33
1925 257.33
1926 460.00
1927 330.00
1928 247.33
1929 463.33
1930 379.33
1931 338.00
1932 250.67
1933 320.67
1934 383.33
1935 338.67
1936 409.33
1937 254.67
1938 336.67
1939 210.67
1940 454.00
1941 500.00
1942 392.67
1943 278.67
1944 378.00
1945 241.33
1946 370.67
1947 304.67
1948 246.00
1949 474.00
1950 392.67
1951 391.33
1952 346.67
1953 480.00
1954 284.00
1955 441.33
1956 282.00
1957 472.00
1958 357.33
1959 394.00
1960 392.00
1961 253.33
1962 497.33
1963 326.67
1964 387.33
1965 274.00
1966 380.00
1967 460.00
1968 157.33
1969 420.00
1970 361.33
1971 361.33
1972 350.00
1973 361.33
1974 322.67
1975 278.00
1976 242.00
1977 354.00
1978 373.33
1979 258.67
1980 359.33
1981 347.33
1982 348.67
1983 396.67
1984 385.33
1985 410.00
1986 308.00
1987 408.00
1988 352.00
1989 370.00
1990 378.67
1991 394.00
1992 374.67
1993 371.33
1994 457.33
1995 362.67
1996 376.00
1997 304.00
1998 404.67
1999 260.67
2000 408.00
2001 356.00
2002 340.00
2003 420.00
2004 336.00
2005 428.67
2006 480.00
2007 367.33
2008 374.67
2009 500.00
2010 251.33
2011 184.67
2012 428.00
2013 210.67
2014 382.67
2015 340.00
2016 288.67
2017 300.00
2018 406.67
2019 384.67
2020 256.67
2021 382.67
2022 244.00
2023 304.67
2024 338.67
2025 314.67
2026 213.33
2027 454.00
2028 330.67
2029 250.00
2030 372.00
2031 328.00
2032 423.33
2033 256.67
2034 352.67
2035 379.33
2036 476.00
2037 496.00
2038 396.67
2039 314.67
2040 316.00
2041 207.33
2042 376.67
2043 482.67
2044 415.33
2045 406.67
2046 451.33
2047 401.33
2048 306.67
2049 198.00
2050 401.33
2051 255.33
2052 441.33
2053 264.67
2054 204.67
2055 462.00
2056 424.00
2057 208.00
2058 368.67
2059 242.00
2060 436.67
2061 224.00
2062 408.00
2063 190.00
2064 244.00
2065 262.00
2066 406.67
2067 486.00
2068 304.00
2069 250.67
2070 452.00
2071 296.67
2072 272.00
2073 302.67
2074 338.00
2075 174.00
2076 474.67
2077 276.67
2078 346.67
2079 368.67
2080 284.00
2081 408.00
2082 272.67
2083 464.00
2084 354.67
2085 398.00
2086 296.00
2087 340.67
2088 426.67
2089 218.67
2090 330.67
2091 230.67
2092 256.67
2093 459.33
2094 344.67
2095 204.67
2096 309.33
2097 311.33
2098 268.00
2099 185.33
2100 328.67
2101 276.67
2102 272.00
2103 325.33
2104 309.33
2105 432.00
2106 418.67
2107 343.33
2108 347.33
2109 262.00
2110 376.00
2111 270.67
2112 310.67
2113 240.00
2114 252.00
2115 291.33
2116 327.33
2117 328.00
2118 357.33
2119 314.67
2120 382.67
2121 401.33
2122 298.67
2123 366.67
2124 357.33
2125 392.67
2126 251.33
2127 323.33
2128 394.00
2129 272.00
2130 326.67
2131 382.67
2132 403.33
2133 279.33
2134 336.00
2135 220.67
2136 304.67
2137 363.33
2138 278.00
2139 335.33
2140 367.33
2141 368.67
2142 346.67
2143 321.33
2144 318.00
2145 220.00
2146 380.00
2147 492.00
2148 442.67
2149 427.33
2150 234.67
2151 294.00
2152 499.33
2153 282.67
2154 360.00
2155 407.33
2156 440.67
2157 440.67
2158 340.00
2159 346.67
2160 178.67
2161 346.00
2162 258.67
2163 364.67
2164 497.33
2165 336.67
2166 444.00
2167 272.00
2168 398.67
2169 282.67
2170 356.00
2171 263.33
2172 370.67
2173 411.33
2174 454.00
2175 260.00
2176 276.67
2177 430.00
2178 297.33
2179 350.67
2180 447.33
2181 494.67
2182 417.33
2183 193.33
2184 413.33
2185 243.33
2186 227.33
2187 376.67
2188 326.00
2189 306.00
2190 219.33
2191 203.33
2192 259.33
2193 332.67
2194 398.67
2195 284.67
2196 289.33
2197 326.00
2198 313.33
2199 400.00
2200 385.33
2201 260.67
2202 246.67
2203 330.00
2204 486.00
2205 201.33
2206 244.00
2207 402.00
2208 180.00
2209 280.67
2210 383.33
2211 359.33
2212 368.00
2213 298.00
2214 367.33
2215 393.33
2216 459.33
2217 268.67
2218 368.00
2219 353.33
2220 381.33
2221 186.67
2222 380.67
2223 340.67
2224 327.33
2225 272.00
2226 453.33
2227 285.33
2228 223.33
2229 392.00
2230 366.67
2231 427.33
2232 308.00
2233 299.33
2234 419.33
2235 365.33
2236 294.00
2237 332.67
2238 191.33
2239 480.00
2240 362.67
2241 349.33
2242 378.00
2243 352.67
2244 334.00
2245 267.33
2246 287.33
2247 334.00
2248 334.00
2249 358.00
2250 444.00
2251 300.00
2252 236.00
2253 377.33
2254 342.00
2255 369.33
2256 302.67
2257 460.00
2258 417.33
2259 231.33
2260 335.33
2261 256.67
2262 292.67
2263 244.00
2264 312.67
2265 324.00
2266 220.00
2267 305.33
2268 426.67
2269 360.00
2270 365.33
2271 436.00
2272 374.00
2273 292.00
2274 229.33
2275 164.00
2276 284.67
2277 367.33
2278 265.33
2279 336.00
2280 372.67
2281 337.33
2282 355.33
2283 256.00
2284 322.00
2285 350.67
2286 207.33
2287 342.00
2288 360.67
2289 314.00
2290 404.00
2291 349.33
2292 266.00
2293 367.33
2294 412.00
2295 406.67
2296 437.33
2297 358.67
2298 336.67
2299 299.33
2300 280.00
2301 362.67
2302 254.00
2303 462.67
2304 319.33
2305 470.67
2306 262.67
2307 339.33
2308 399.33
2309 264.67
2310 354.67
2311 349.33
2312 435.33
2313 376.67
2314 330.67
2315 280.67
2316 333.33
2317 323.33
2318 332.67
2319 476.67
2320 246.67
2321 332.00
2322 358.67
2323 498.67
2324 222.00
2325 384.00
2326 391.33
2327 276.00
2328 291.33
2329 278.00
2330 319.33
2331 343.33
2332 218.67
2333 325.33
2334 264.00
2335 298.00
2336 194.00
2337 355.33
2338 328.67
2339 248.00
2340 435.33
2341 284.67
2342 349.33
2343 362.00
2344 322.67
2345 452.67
2346 231.33
2347 250.00
2348 354.67
2349 268.67
2350 372.00
2351 460.00
2352 404.00
2353 328.00
2354 268.00
2355 321.33
2356 374.00
2357 500.00
2358 349.33
2359 390.67
2360 317.33
2361 205.33
2362 358.67
2363 362.00
2364 340.00
2365 238.00
2366 270.67
2367 317.33
2368 412.67
2369 366.00
2370 294.67
2371 376.00
2372 233.33
2373 283.33
2374 308.00
2375 316.67
2376 326.67
2377 292.00
2378 379.33
2379 391.33
2380 438.00
2381 422.67
2382 281.33
2383 306.67
2384 353.33
2385 284.00
2386 304.00
2387 242.67
2388 422.67
2389 283.33
2390 396.00
2391 280.00
2392 392.67
2393 240.67
2394 336.67
2395 460.00
2396 247.33
2397 391.33
2398 204.00
2399 276.00
2400 460.00
2401 346.00
2402 300.00
2403 246.00
2404 380.00
2405 360.00
2406 272.00
2407 250.00
2408 400.00
2409 236.67
2410 280.00
2411 366.00
2412 244.67
2413 500.00
2414 336.67
2415 224.00
2416 372.00
2417 228.00
2418 302.00
2419 305.33
2420 173.33
2421 363.33
2422 225.33
2423 330.67
2424 317.33
2425 380.00
2426 228.67
2427 273.33
2428 148.00
2429 172.67
2430 290.00
2431 480.00
2432 242.00
2433 356.00
2434 233.33
2435 358.67
2436 423.33
2437 186.67
2438 320.00
2439 359.33
2440 218.00
2441 302.67
2442 345.33
2443 256.67
2444 464.67
2445 298.67
2446 404.67
2447 323.33
2448 353.33
2449 393.33
2450 274.67
2451 365.33
2452 360.67
2453 386.67
2454 248.67
2455 339.33
2456 500.00
2457 415.33
2458 400.00
2459 327.33
2460 340.00
2461 269.33
2462 411.33
2463 282.67
2464 406.00
2465 307.33
2466 360.00
2467 252.67
2468 349.33
2469 394.00
2470 275.33
2471 425.33
2472 304.00
2473 364.67
2474 478.00
2475 358.67
2476 422.67
2477 246.00
2478 438.00
2479 335.33
2480 292.00
2481 396.00
2482 439.33
2483 314.00
2484 369.33
2485 398.00
2486 382.00
2487 306.67
2488 390.67
2489 226.67
2490 480.00
2491 396.67
2492 396.67
2493 399.33
2494 232.67
2495 377.33
2496 332.67
2497 234.00
2498 329.33
2499 364.67
2500 430.00
2501 402.67
2502 374.00
2503 396.67
2504 261.33
2505 194.67
2506 418.67
2507 364.00
2508 344.00
2509 400.00
2510 457.33
2511 292.00
2512 312.67
2513 333.33
2514 413.33
2515 349.33
2516 338.67
2517 306.00
2518 344.67
2519 258.00
2520 451.33
2521 356.67
2522 342.67
2523 374.00
2524 342.67
2525 163.33
2526 389.33
2527 345.33
2528 357.33
2529 198.67
2530 338.67
2531 346.00
2532 400.00
2533 327.33
2534 253.33
2535 408.67
2536 365.33
2537 441.33
2538 394.67
2539 149.33
2540 246.00
2541 292.67
2542 302.00
2543 374.00
2544 382.67
2545 354.00
2546 278.00
2547 482.00
2548 372.00
2549 390.00
2550 262.67
2551 446.00
2552 360.00
2553 192.00
2554 470.67
2555 448.67
2556 442.67
2557 316.67
2558 250.00
2559 261.33
2560 296.00
2561 398.00
2562 316.67
2563 305.33
2564 368.67
2565 448.67
2566 394.00
2567 280.00
2568 384.00
2569 384.00
2570 436.67
2571 396.67
2572 395.33
2573 284.00
2574 372.67
2575 378.67
2576 310.00
2577 369.33
2578 309.33
2579 392.67
2580 256.00
2581 348.00
2582 260.67
2583 362.67
2584 397.33
2585 430.67
2586 386.67
2587 455.33
2588 474.00
2589 360.00
2590 465.33
2591 493.33
2592 310.67
2593 269.33
2594 313.33
2595 318.67
2596 454.67
2597 362.00
2598 366.67
2599 298.67
2600 352.00
2601 420.00
2602 392.00
2603 272.00
2604 380.00
2605 428.00
2606 388.00
2607 396.00
2608 322.00
2609 388.00
2610 356.00
2611 344.00
2612 408.00
2613 218.67
2614 160.67
2615 367.33
2616 249.33
2617 338.67
2618 453.33
2619 408.00
2620 338.67
2621 366.67
2622 428.00
2623 362.00
2624 378.67
2625 226.67
2626 382.00
2627 338.00
2628 260.67
2629 394.67
2630 258.00
2631 324.67
2632 397.33
2633 371.33
2634 219.33
2635 280.00
2636 370.67
2637 144.67
2638 332.67
2639 280.00
2640 345.33
2641 293.33
2642 228.67
2643 346.00
2644 310.00
2645 247.33
2646 317.33
2647 352.67
2648 339.33
2649 308.67
2650 354.67
2651 350.00
2652 254.67
2653 458.00
2654 494.67
2655 360.00
2656 273.33
2657 450.67
2658 500.00
2659 388.67
2660 208.00
2661 372.00
2662 348.00
2663 296.67
2664 360.00
2665 344.67
2666 386.67
2667 337.33
2668 460.00
2669 286.00
2670 264.00
2671 457.33
2672 320.00
2673 374.67
2674 496.00
2675 430.00
2676 288.00
2677 371.33
2678 260.67
2679 428.00
2680 377.33
2681 382.00
2682 236.67
2683 322.67
2684 278.67
2685 239.33
2686 394.00
2687 412.00
2688 469.33
2689 322.67
2690 359.33
2691 367.33
2692 247.33
2693 203.33
2694 433.33
2695 407.33
2696 412.00
2697 355.33
2698 366.00
2699 361.33
2700 476.67
2701 373.33
2702 322.00
2703 218.00
2704 377.33
2705 344.00
2706 352.00
2707 264.67
2708 316.67
2709 382.00
2710 355.33
2711 338.00
2712 317.33
2713 238.00
2714 332.67
2715 207.33
2716 333.33
2717 296.67
2718 400.67
2719 299.33
2720 310.00
2721 491.33
2722 412.00
2723 358.00
2724 391.33
2725 384.00
2726 480.00
2727 423.33
2728 352.00
2729 405.33
2730 262.00
2731 212.67
2732 444.00
2733 275.33
2734 397.33
2735 450.67
2736 238.67
2737 345.33
2738 390.00
2739 370.00
2740 366.67
2741 387.33
2742 472.00
2743 328.00
2744 375.33
2745 236.00
2746 360.67
2747 303.33
2748 410.00
2749 296.00
2750 479.33
2751 384.00
2752 437.33
2753 347.33
2754 358.67
2755 444.00
2756 232.00
2757 390.67
2758 498.67
2759 387.33
2760 219.33
2761 334.67
2762 353.33
2763 368.67
2764 264.00
2765 352.00
2766 412.00
2767 378.00
2768 493.33
2769 430.00
2770 315.33
2771 334.00
2772 322.67
2773 400.00
2774 294.00
2775 428.00
2776 388.00
2777 324.00
2778 336.67
2779 383.33
2780 346.00
2781 478.67
2782 359.33
2783 333.33
2784 450.67
2785 404.00
2786 499.33
2787 310.67
2788 231.33
2789 371.33
2790 384.00
2791 350.00
2792 362.67
2793 285.33
2794 386.00
2795 370.00
2796 372.67
2797 324.67
2798 250.00
2799 468.67
2800 353.33
2801 370.00
2802 306.67
2803 234.00
2804 269.33
2805 226.00
2806 416.00
2807 207.33
2808 426.67
2809 400.00
2810 177.33
2811 158.00
2812 453.33
2813 393.33
2814 406.67
2815 336.00
2816 413.33
2817 300.67
2818 424.67
2819 381.33
2820 356.67
2821 394.67
2822 419.33
2823 460.00
2824 402.67
2825 179.33
2826 371.33
2827 299.33
2828 215.33
2829 286.67
2830 380.00
2831 236.00
2832 380.67
2833 244.00
2834 343.33
2835 460.00
2836 306.00
2837 300.67
2838 254.00
2839 377.33
2840 424.67
2841 333.33
2842 328.67
2843 310.67
2844 331.33
2845 242.00
2846 400.00
2847 386.00
2848 480.00
2849 317.33
2850 382.00
2851 396.67
2852 432.67
2853 236.67
2854 170.67
2855 273.33
2856 441.33
2857 334.00
2858 306.00
2859 371.33
2860 500.00
2861 373.33
2862 324.00
2863 306.00
2864 384.67
2865 277.33
2866 400.00
2867 433.33
2868 359.33
2869 378.67
2870 359.33
2871 356.00
2872 494.67
2873 325.33
2874 380.67
2875 480.00
2876 386.00
2877 344.67
2878 343.33
2879 207.33
2880 410.67
2881 395.33
2882 349.33
2883 406.67
2884 364.67
2885 323.33
2886 429.33
2887 458.00
2888 380.00
2889 300.67
2890 370.67
2891 499.33
2892 451.33
2893 289.33
2894 413.33
2895 365.33
2896 408.67
2897 190.67
2898 444.00
2899 401.33
2900 273.33
2901 264.00
2902 420.00
2903 382.00
2904 320.00
2905 370.67
2906 294.67
2907 223.33
2908 298.67
2909 366.67
2910 366.67
2911 372.67
2912 212.00
2913 462.67
2914 360.00
2915 372.67
2916 400.00
2917 308.00
2918 308.00
2919 326.00
2920 284.67
2921 356.00
2922 307.33
2923 376.00
2924 306.00
2925 348.67
2926 352.00
2927 394.00
2928 426.00
2929 239.33
2930 358.00
2931 377.33
2932 420.00
2933 294.67
2934 416.00
2935 264.67
2936 430.67
2937 478.00
2938 338.67
2939 363.33
2940 234.00
2941 392.00
2942 330.00
2943 310.00
2944 323.33
2945 372.67
2946 381.33
2947 302.67
2948 355.33
2949 228.67
2950 347.33
2951 451.33
2952 318.67
2953 372.67
2954 495.33
2955 378.00
2956 317.33
2957 257.33
2958 362.67
2959 451.33
2960 356.00
2961 374.67
2962 254.67
2963 224.00
2964 271.33
2965 438.67
2966 392.00
2967 355.33
2968 310.00
2969 400.00
2970 339.33
2971 330.67
2972 186.00
2973 389.33
2974 282.00
2975 400.00
2976 392.67
2977 252.00
2978 406.67
2979 378.67
2980 280.67
2981 410.67
2982 467.33
2983 433.33
2984 335.33
2985 338.67
2986 156.00
2987 388.67
2988 388.00
2989 369.33
2990 300.67
2991 394.00
2992 364.00
2993 478.00
2994 345.33
2995 271.33
2996 356.00
2997 362.67
2998 436.00
2999 431.33
