0 -0.12
30 -0.07
60 -0.07
90 -0.06
120 -0.05
150 -0.04
180 -0.03
210 -0.01
240 -0.04
270 -0.02
300 -0.00
330 0.01
360 0.00
390 0.10
420 0.15
450 0.13
480 0.13
510 0.14
540 0.14
570 0.14
600 0.27
630 0.26
660 0.25
690 0.26
720 0.25
750 0.25
780 0.28
810 0.31
840 0.32
870 0.33
900 0.35
930 0.33
960 0.33
990 0.34
1020 0.32
1050 0.33
1080 0.34
1110 0.34
1140 0.35
1170 0.34
1200 0.32
1230 0.31
1260 0.34
1290 0.34
1320 0.36
1350 0.34
1380 0.34
1410 0.33
1440 0.35
1470 0.35
1500 0.36
1530 0.35
1560 0.36
1590 0.34
1620 0.33
1650 0.34
1680 0.34
1710 0.32
1740 0.35
1770 0.36
1800 0.34
1830 0.36
1860 0.35
1890 0.35
1920 0.34
1950 0.36
1980 0.36
2010 0.36
2040 0.34
2070 0.36
2100 0.36
2130 0.36
2160 0.34
2190 0.37
2220 0.36
2250 0.34
2280 0.34
2310 0.34
2340 0.33
2370 0.34
2400 0.34
2430 0.35
2460 0.34
2490 0.33
2520 0.33
2550 0.34
2580 0.34
2610 0.35
2640 0.34
2670 0.33
2700 0.34
2730 0.35
2760 0.35
2790 0.36
2820 0.34
2850 0.35
2880 0.34
2910 0.36
2940 0.36
2970 0.35
