0 -0.12
30 -0.11
60 -0.09
90 -0.08
120 -0.07
150 -0.07
180 -0.03
210 -0.03
240 0.00
270 -0.00
300 -0.01
330 -0.01
360 0.00
390 -0.00
420 -0.01
450 0.00
480 -0.01
510 0.01
540 0.02
570 0.01
600 0.08
630 0.02
660 0.01
690 0.02
720 0.03
750 -0.00
780 0.05
810 0.14
840 0.12
870 0.11
900 0.13
930 0.11
960 0.08
990 0.19
1020 0.13
1050 0.00
1080 -0.06
1110 -0.06
1140 -0.04
1170 -0.03
1200 0.16
1230 0.04
1260 0.00
1290 -0.02
1320 -0.04
1350 -0.04
1380 0.02
1410 0.08
1440 0.01
1470 -0.00
1500 -0.01
1530 -0.00
1560 -0.01
1590 0.10
1620 0.14
1650 0.14
1680 0.15
1710 0.12
1740 0.14
1770 0.16
1800 0.22
1830 0.20
1860 0.16
1890 0.17
1920 0.14
1950 0.14
1980 0.17
2010 0.21
2040 0.20
2070 0.22
2100 0.19
2130 0.20
2160 0.22
2190 0.31
2220 0.33
2250 0.33
2280 0.31
2310 0.30
2340 0.32
2370 0.33
2400 0.31
2430 0.33
2460 0.35
2490 0.34
2520 0.33
2550 0.34
2580 0.35
2610 0.34
2640 0.33
2670 0.33
2700 0.35
2730 0.34
2760 0.36
2790 0.34
2820 0.33
2850 0.35
2880 0.34
2910 0.34
2940 0.33
2970 0.35
