0 179.49
30 188.89
60 192.89
90 208.62
120 193.38
150 197.18
180 219.91
210 234.89
240 256.58
270 278.36
300 248.47
330 234.56
360 233.27
390 251.76
420 281.13
450 318.11
480 273.13
510 293.56
540 262.13
570 276.13
600 286.29
630 307.20
660 311.60
690 293.82
720 308.02
750 302.84
780 292.53
810 312.87
840 305.82
870 329.51
900 364.62
930 359.84
960 337.84
990 309.16
1020 336.24
1050 303.02
1080 334.27
1110 291.64
1140 276.09
1170 324.69
1200 342.40
1230 294.36
1260 337.96
1290 361.53
1320 322.31
1350 358.69
1380 334.09
1410 330.71
1440 336.27
1470 357.22
1500 331.82
1530 331.47
1560 335.09
1590 317.07
1620 331.51
1650 321.91
1680 376.18
1710 305.73
1740 336.73
1770 330.07
1800 346.00
1830 329.64
1860 363.78
1890 326.22
1920 317.87
1950 326.31
1980 353.47
2010 336.73
2040 321.62
2070 342.24
2100 313.69
2130 333.47
2160 331.02
2190 334.51
2220 314.51
2250 338.91
2280 337.84
2310 334.67
2340 335.29
2370 309.22
2400 297.73
2430 357.36
2460 328.78
2490 334.00
2520 332.13
2550 331.00
2580 362.07
2610 338.96
2640 320.44
2670 326.31
2700 322.22
2730 338.02
2760 346.13
2790 323.38
2820 324.04
2850 339.62
2880 351.29
2910 322.31
2940 334.31
2970 337.24
