0 146.00
1 166.00
2 174.00
3 188.67
4 184.00
5 178.00
6 186.67
7 182.00
8 189.33
9 188.67
10 184.67
11 189.33
12 206.67
13 187.33
14 194.00
15 184.00
16 184.67
17 183.33
18 190.67
19 194.67
20 194.67
21 191.33
22 185.33
23 188.67
24 208.00
25 204.67
26 188.67
27 202.00
28 190.67
29 206.00
30 194.67
31 192.67
32 190.67
33 191.33
34 189.33
35 191.33
36 196.67
37 212.00
38 196.00
39 196.00
40 182.00
41 202.67
42 199.33
43 199.33
44 190.67
45 222.00
46 192.67
47 227.33
48 195.33
49 198.67
50 200.00
51 178.67
52 215.33
53 192.67
54 202.67
55 215.33
56 202.67
57 200.67
58 201.33
59 186.67
60 206.00
61 189.33
62 214.67
63 227.33
64 189.33
65 204.00
66 207.33
67 199.33
68 205.33
69 198.00
70 216.00
71 213.33
72 222.67
73 196.67
74 222.00
75 200.00
76 196.00
77 216.67
78 205.33
79 224.67
80 204.67
81 197.33
82 212.00
83 202.00
84 203.33
85 192.67
86 216.67
87 218.00
88 193.33
89 194.67
90 208.00
91 208.00
92 226.67
93 224.00
94 204.67
95 182.00
96 202.00
97 190.00
98 206.67
99 216.00
100 200.00
101 194.00
102 196.67
103 190.67
104 214.00
105 186.00
106 204.67
107 214.00
108 195.33
109 204.00
110 211.33
111 200.00
112 208.00
113 214.67
114 199.33
115 206.67
116 202.00
117 206.67
118 212.00
119 204.00
120 221.33
121 201.33
122 190.67
123 230.67
124 223.33
125 223.33
126 207.33
127 202.00
128 201.33
129 206.00
130 200.67
131 192.67
132 199.33
133 200.00
134 230.00
135 200.67
136 222.00
137 189.33
138 200.67
139 221.33
140 188.67
141 220.00
142 206.67
143 207.33
144 219.33
145 219.33
146 202.00
147 208.67
148 218.00
149 206.67
150 198.00
151 210.00
152 198.67
153 217.33
154 202.67
155 229.33
156 214.00
157 203.33
158 212.00
159 210.67
160 230.67
161 210.00
162 222.67
163 214.00
164 197.33
165 220.67
166 228.67
167 228.67
168 197.33
169 202.67
170 206.00
171 210.67
172 206.67
173 232.00
174 218.00
175 209.33
176 203.33
177 220.00
178 212.00
179 208.00
180 216.00
181 204.00
182 203.33
183 212.00
184 220.00
185 228.67
186 222.67
187 238.67
188 210.00
189 218.00
190 206.00
191 211.33
192 204.67
193 202.00
194 204.00
195 231.33
196 183.33
197 183.33
198 222.67
199 230.00
200 297.33
201 286.67
202 276.67
203 302.00
204 306.00
205 288.67
206 303.33
207 253.33
208 270.67
209 285.33
210 246.67
211 290.67
212 260.00
213 264.67
214 232.00
215 253.33
216 218.67
217 262.67
218 252.00
219 243.33
220 266.67
221 248.67
222 226.67
223 264.00
224 226.67
225 258.67
226 288.00
227 245.33
228 251.33
229 269.33
230 238.00
231 233.33
232 236.67
233 234.00
234 244.67
235 257.33
236 250.00
237 249.33
238 262.67
239 246.67
240 234.00
241 225.33
242 244.67
243 230.00
244 232.67
245 232.00
246 245.33
247 257.33
248 231.33
249 239.33
250 213.33
251 230.67
252 218.67
253 226.67
254 241.33
255 244.00
256 231.33
257 233.33
258 247.33
259 250.00
260 223.33
261 271.33
262 243.33
263 271.33
264 268.00
265 262.67
266 272.00
267 240.67
268 271.33
269 289.33
270 238.67
271 252.67
272 252.67
273 262.00
274 240.67
275 252.00
276 258.67
277 236.00
278 272.67
279 242.00
280 244.67
281 250.67
282 282.00
283 262.67
284 249.33
285 256.00
286 247.33
287 262.00
288 262.67
289 254.00
290 260.00
291 236.67
292 276.00
293 261.33
294 253.33
295 250.67
296 257.33
297 267.33
298 258.00
299 249.33
300 245.33
301 250.00
302 250.00
303 282.00
304 293.33
305 277.33
306 266.00
307 258.00
308 242.67
309 240.67
310 245.33
311 268.00
312 230.67
313 250.00
314 218.00
315 248.67
316 252.00
317 241.33
318 271.33
319 256.67
320 257.33
321 293.33
322 252.67
323 260.67
324 276.00
325 265.33
326 245.33
327 234.67
328 264.67
329 279.33
330 278.00
331 259.33
332 273.33
333 253.33
334 264.00
335 268.00
336 258.67
337 252.67
338 284.00
339 258.67
340 262.00
341 277.33
342 268.00
343 264.67
344 274.67
345 264.00
346 279.33
347 258.67
348 249.33
349 255.33
350 255.33
351 280.67
352 258.00
353 272.67
354 270.00
355 248.00
356 256.00
357 262.00
358 234.67
359 276.67
360 268.00
361 269.33
362 279.33
363 259.33
364 284.67
365 281.33
366 252.67
367 270.00
368 264.00
369 254.00
370 254.00
371 248.00
372 247.33
373 228.00
374 256.67
375 268.67
376 262.00
377 298.67
378 240.00
379 249.33
380 236.67
381 267.33
382 268.67
383 260.00
384 269.33
385 272.00
386 271.33
387 258.00
388 260.67
389 279.33
390 262.00
391 248.67
392 246.67
393 252.67
394 275.33
395 256.00
396 244.67
397 254.00
398 270.67
399 282.00
400 348.67
401 345.33
402 328.00
403 344.00
404 287.33
405 314.67
406 314.00
407 318.67
408 319.33
409 314.67
410 312.00
411 302.00
412 336.00
413 324.00
414 336.67
415 275.33
416 316.00
417 314.00
418 278.00
419 306.67
420 310.67
421 306.67
422 304.00
423 297.33
424 283.33
425 308.00
426 320.67
427 310.67
428 311.33
429 312.67
430 312.00
431 285.33
432 294.67
433 288.00
434 322.00
435 300.67
436 318.67
437 328.67
438 302.67
439 311.33
440 307.33
441 316.00
442 314.00
443 320.00
444 310.67
445 272.67
446 310.67
447 287.33
448 288.67
449 314.00
450 309.33
451 284.67
452 318.67
453 308.00
454 320.67
455 321.33
456 321.33
457 313.33
458 290.67
459 307.33
460 290.00
461 298.67
462 311.33
463 305.33
464 308.00
465 323.33
466 330.00
467 331.33
468 328.67
469 318.67
470 286.67
471 305.33
472 320.00
473 304.00
474 303.33
475 328.00
476 310.00
477 322.00
478 316.67
479 326.00
480 303.33
481 310.00
482 340.67
483 335.33
484 338.00
485 321.33
486 298.67
487 310.00
488 320.00
489 306.00
490 321.33
491 328.00
492 311.33
493 320.67
494 304.00
495 338.00
496 312.00
497 298.67
498 326.00
499 328.00
500 326.00
501 300.00
502 306.67
503 330.67
504 328.00
505 334.67
506 315.33
507 308.67
508 326.67
509 329.33
510 325.33
511 336.00
512 321.33
513 342.67
514 330.00
515 327.33
516 329.33
517 338.67
518 322.67
519 333.33
520 328.00
521 324.67
522 344.67
523 324.00
524 313.33
525 346.67
526 313.33
527 316.00
528 322.00
529 331.33
530 334.67
531 300.00
532 329.33
533 325.33
534 329.33
535 302.67
536 319.33
537 322.67
538 315.33
539 301.33
540 336.67
541 311.33
542 325.33
543 292.67
544 308.00
545 317.33
546 327.33
547 298.67
548 322.67
549 336.00
550 332.00
551 313.33
552 310.00
553 318.00
554 300.00
555 311.33
556 293.33
557 324.00
558 301.33
559 322.00
560 302.00
561 312.67
562 318.00
563 304.00
564 304.67
565 303.33
566 318.00
567 323.33
568 337.33
569 290.67
570 313.33
571 302.00
572 328.67
573 305.33
574 310.00
575 315.33
576 325.33
577 308.00
578 300.00
579 305.33
580 318.67
581 291.33
582 302.00
583 300.00
584 319.33
585 314.67
586 332.00
587 308.00
588 290.67
589 293.33
590 295.33
591 289.33
592 307.33
593 301.33
594 294.67
595 309.33
596 311.33
597 330.67
598 284.67
599 305.33
600 286.67
601 345.33
602 333.33
603 336.00
604 337.33
605 336.67
606 335.33
607 344.00
608 317.33
609 344.00
610 340.00
611 339.33
612 358.67
613 350.67
614 350.00
615 342.67
616 337.33
617 351.33
618 336.67
619 340.67
620 342.00
621 337.33
622 350.00
623 342.67
624 358.67
625 352.67
626 333.33
627 335.33
628 336.00
629 347.33
630 335.33
631 352.00
632 353.33
633 341.33
634 326.00
635 358.00
636 338.00
637 348.67
638 336.67
639 322.67
640 343.33
641 323.33
642 340.67
643 338.00
644 322.00
645 309.33
646 316.67
647 342.67
648 346.00
649 350.67
650 343.33
651 308.00
652 346.67
653 344.67
654 333.33
655 326.00
656 334.00
657 340.00
658 336.67
659 336.00
660 336.67
661 342.00
662 332.67
663 334.00
664 339.33
665 348.67
666 351.33
667 340.67
668 337.33
669 334.67
670 342.67
671 340.00
672 340.00
673 368.67
674 340.67
675 366.67
676 338.67
677 344.67
678 362.00
679 358.67
680 363.33
681 351.33
682 354.00
683 347.33
684 305.33
685 323.33
686 306.00
687 337.33
688 338.67
689 333.33
690 372.67
691 334.67
692 357.33
693 342.67
694 329.33
695 349.33
696 340.67
697 339.33
698 334.67
699 318.00
700 343.33
701 322.00
702 364.67
703 362.00
704 344.00
705 330.67
706 330.00
707 327.33
708 327.33
709 324.00
710 314.00
711 324.67
712 328.00
713 324.00
714 338.67
715 331.33
716 328.67
717 323.33
718 357.33
719 344.00
720 339.33
721 330.67
722 361.33
723 343.33
724 362.67
725 329.33
726 329.33
727 338.00
728 344.00
729 349.33
730 343.33
731 334.00
732 356.00
733 356.00
734 366.00
735 356.00
736 336.00
737 325.33
738 337.33
739 342.00
740 324.00
741 339.33
742 345.33
743 358.67
744 351.33
745 346.67
746 341.33
747 336.00
748 335.33
749 353.33
750 326.00
751 327.33
752 325.33
753 366.00
754 336.00
755 328.67
756 351.33
757 318.00
758 338.00
759 333.33
760 337.33
761 356.67
762 334.67
763 330.00
764 325.33
765 316.67
766 344.67
767 315.33
768 307.33
769 318.00
770 325.33
771 334.67
772 338.00
773 342.00
774 350.67
775 328.00
776 349.33
777 327.33
778 318.00
779 316.67
780 324.67
781 359.33
782 344.00
783 312.67
784 334.00
785 328.67
786 328.00
787 337.33
788 348.00
789 324.00
790 336.00
791 342.00
792 351.33
793 324.00
794 329.33
795 327.33
796 336.00
797 346.67
798 329.33
799 345.33
800 349.33
801 383.33
802 350.67
803 367.33
804 349.33
805 358.00
806 381.33
807 364.00
808 363.33
809 363.33
810 345.33
811 364.00
812 368.00
813 346.00
814 354.67
815 348.00
816 365.33
817 343.33
818 346.00
819 336.00
820 363.33
821 357.33
822 375.33
823 355.33
824 386.67
825 364.67
826 365.33
827 349.33
828 368.00
829 363.33
830 350.67
831 354.67
832 368.67
833 356.67
834 360.00
835 352.00
836 342.67
837 356.00
838 333.33
839 340.67
840 346.00
841 354.00
842 350.00
843 359.33
844 364.00
845 341.33
846 364.00
847 362.00
848 360.00
849 359.33
850 360.67
851 359.33
852 362.67
853 339.33
854 361.33
855 324.00
856 347.33
857 350.67
858 325.33
859 347.33
860 358.67
861 330.67
862 328.67
863 319.33
864 346.00
865 343.33
866 354.00
867 343.33
868 346.67
869 361.33
870 355.33
871 340.00
872 336.00
873 369.33
874 361.33
875 317.33
876 346.67
877 359.33
878 350.00
879 356.67
880 350.00
881 351.33
882 346.00
883 366.00
884 342.67
885 338.00
886 341.33
887 345.33
888 359.33
889 345.33
890 344.00
891 346.67
892 360.67
893 337.33
894 336.00
895 330.00
896 352.00
897 346.67
898 350.67
899 339.33
900 332.67
901 319.33
902 362.00
903 334.67
904 336.00
905 346.00
906 352.67
907 360.00
908 360.00
909 348.67
910 350.67
911 337.33
912 333.33
913 322.67
914 326.67
915 339.33
916 332.00
917 350.67
918 350.67
919 322.00
920 364.00
921 351.33
922 326.00
923 352.67
924 348.00
925 356.00
926 348.00
927 334.00
928 341.33
929 311.33
930 346.00
931 360.67
932 368.67
933 346.67
934 344.00
935 346.00
936 340.00
937 359.33
938 348.67
939 338.00
940 352.67
941 350.67
942 348.00
943 359.33
944 358.00
945 338.00
946 328.00
947 334.00
948 343.33
949 342.67
950 358.67
951 346.67
952 366.67
953 348.00
954 346.67
955 362.67
956 334.67
957 349.33
958 346.00
959 346.00
960 363.33
961 331.33
962 351.33
963 343.33
964 351.33
965 349.33
966 322.67
967 345.33
968 336.67
969 327.33
970 349.33
971 362.00
972 350.00
973 339.33
974 326.00
975 313.33
976 358.00
977 322.00
978 355.33
979 335.33
980 340.67
981 346.00
982 332.00
983 350.67
984 350.67
985 354.00
986 348.00
987 358.00
988 350.00
989 370.67
990 355.33
991 345.33
992 335.33
993 344.67
994 354.67
995 364.00
996 359.33
997 358.00
998 356.00
999 332.67
1000 349.33
1001 356.00
1002 349.33
1003 343.33
1004 366.67
1005 345.33
1006 361.33
1007 346.00
1008 347.33
1009 352.67
1010 366.00
1011 366.00
1012 349.33
1013 357.33
1014 357.33
1015 339.33
1016 377.33
1017 351.33
1018 338.67
1019 342.00
1020 320.00
1021 328.67
1022 352.67
1023 341.33
1024 355.33
1025 330.00
1026 342.00
1027 365.33
1028 345.33
1029 342.00
1030 360.00
1031 339.33
1032 345.33
1033 351.33
1034 343.33
1035 328.67
1036 346.00
1037 340.67
1038 354.67
1039 318.67
1040 323.33
1041 328.67
1042 324.67
1043 332.00
1044 309.33
1045 328.67
1046 330.00
1047 362.67
1048 349.33
1049 358.00
1050 358.67
1051 352.00
1052 371.33
1053 360.67
1054 352.00
1055 350.67
1056 339.33
1057 359.33
1058 349.33
1059 361.33
1060 353.33
1061 348.67
1062 344.00
1063 343.33
1064 331.33
1065 327.33
1066 360.67
1067 344.00
1068 354.00
1069 340.67
1070 312.67
1071 355.33
1072 326.00
1073 344.67
1074 345.33
1075 354.67
1076 350.67
1077 338.00
1078 324.67
1079 339.33
1080 330.67
1081 352.00
1082 341.33
1083 354.00
1084 336.67
1085 342.67
1086 348.67
1087 334.67
1088 330.67
1089 346.67
1090 364.67
1091 354.67
1092 345.33
1093 365.33
1094 339.33
1095 358.00
1096 351.33
1097 358.00
1098 335.33
1099 335.33
1100 330.67
1101 354.67
1102 332.67
1103 349.33
1104 339.33
1105 352.67
1106 353.33
1107 350.67
1108 342.67
1109 333.33
1110 315.33
1111 338.67
1112 348.00
1113 321.33
1114 360.67
1115 341.33
1116 334.67
1117 339.33
1118 368.67
1119 354.67
1120 336.67
1121 338.00
1122 310.00
1123 318.67
1124 316.67
1125 341.33
1126 343.33
1127 348.00
1128 356.00
1129 331.33
1130 350.67
1131 320.00
1132 320.67
1133 333.33
1134 328.67
1135 345.33
1136 352.67
1137 357.33
1138 347.33
1139 328.00
1140 324.00
1141 351.33
1142 338.67
1143 347.33
1144 346.00
1145 362.00
1146 348.67
1147 325.33
1148 337.33
1149 370.00
1150 349.33
1151 341.33
1152 335.33
1153 338.00
1154 345.33
1155 294.00
1156 353.33
1157 354.67
1158 328.67
1159 347.33
1160 328.67
1161 320.67
1162 338.00
1163 336.00
1164 340.67
1165 357.33
1166 337.33
1167 339.33
1168 358.67
1169 340.00
1170 322.67
1171 318.67
1172 344.00
1173 340.67
1174 310.00
1175 355.33
1176 318.00
1177 337.33
1178 335.33
1179 331.33
1180 371.33
1181 360.67
1182 348.00
1183 336.00
1184 366.67
1185 335.33
1186 340.00
1187 336.00
1188 349.33
1189 327.33
1190 354.00
1191 321.33
1192 334.67
1193 324.67
1194 330.00
1195 370.00
1196 346.00
1197 343.33
1198 322.00
1199 338.00
1200 346.67
1201 344.00
1202 328.67
1203 357.33
1204 331.33
1205 340.67
1206 340.00
1207 338.67
1208 325.33
1209 366.67
1210 347.33
1211 347.33
1212 346.67
1213 338.00
1214 365.33
1215 356.00
1216 349.33
1217 359.33
1218 345.33
1219 327.33
1220 338.00
1221 331.33
1222 343.33
1223 339.33
1224 360.00
1225 332.67
1226 330.67
1227 355.33
1228 350.00
1229 380.00
1230 356.00
1231 342.67
1232 348.00
1233 354.67
1234 370.67
1235 344.00
1236 362.67
1237 352.67
1238 366.00
1239 358.00
1240 337.33
1241 348.67
1242 335.33
1243 347.33
1244 349.33
1245 353.33
1246 347.33
1247 323.33
1248 348.67
1249 345.33
1250 353.33
1251 344.67
1252 364.67
1253 352.00
1254 346.00
1255 338.67
1256 348.67
1257 338.67
1258 344.67
1259 350.67
1260 362.67
1261 308.67
1262 341.33
1263 326.00
1264 334.67
1265 329.33
1266 340.67
1267 332.00
1268 348.67
1269 326.67
1270 330.00
1271 334.00
1272 358.00
1273 334.67
1274 351.33
1275 350.67
1276 350.00
1277 356.67
1278 336.67
1279 356.67
1280 339.33
1281 346.67
1282 315.33
1283 327.33
1284 338.00
1285 356.00
1286 344.00
1287 341.33
1288 338.00
1289 338.00
1290 333.33
1291 358.00
1292 332.67
1293 330.67
1294 343.33
1295 334.67
1296 348.67
1297 354.00
1298 360.67
1299 348.67
1300 344.00
1301 304.00
1302 286.67
1303 347.33
1304 351.33
1305 337.33
1306 339.33
1307 342.67
1308 351.33
1309 328.00
1310 337.33
1311 366.67
1312 335.33
1313 342.00
1314 329.33
1315 317.33
1316 324.00
1317 334.00
1318 343.33
1319 356.67
1320 336.00
1321 349.33
1322 346.67
1323 307.33
1324 356.00
1325 356.00
1326 347.33
1327 360.67
1328 338.67
1329 340.67
1330 336.00
1331 330.67
1332 337.33
1333 352.00
1334 368.00
1335 366.67
1336 360.67
1337 350.67
1338 344.00
1339 338.67
1340 316.67
1341 330.67
1342 365.33
1343 354.00
1344 329.33
1345 339.33
1346 359.33
1347 325.33
1348 338.67
1349 355.33
1350 333.33
1351 334.67
1352 344.00
1353 346.00
1354 351.33
1355 358.67
1356 347.33
1357 348.00
1358 345.33
1359 330.00
1360 344.67
1361 338.67
1362 344.67
1363 350.67
1364 338.67
1365 352.00
1366 368.67
1367 343.33
1368 364.67
1369 380.00
1370 352.00
1371 319.33
1372 352.00
1373 355.33
1374 364.00
1375 340.67
1376 350.00
1377 338.00
1378 342.67
1379 327.33
1380 358.00
1381 338.67
1382 341.33
1383 362.67
1384 345.33
1385 353.33
1386 328.00
1387 335.33
1388 344.00
1389 334.67
1390 346.67
1391 358.00
1392 324.00
1393 344.67
1394 328.67
1395 355.33
1396 343.33
1397 345.33
1398 346.00
1399 337.33
1400 354.67
1401 334.00
1402 344.67
1403 353.33
1404 383.33
1405 333.33
1406 374.00
1407 344.00
1408 357.33
1409 367.33
1410 352.67
1411 348.00
1412 361.33
1413 365.33
1414 371.33
1415 351.33
1416 368.00
1417 362.67
1418 330.67
1419 372.00
1420 349.33
1421 362.67
1422 370.00
1423 367.33
1424 359.33
1425 353.33
1426 353.33
1427 354.00
1428 324.67
1429 354.00
1430 347.33
1431 373.33
1432 352.00
1433 345.33
1434 364.67
1435 340.67
1436 342.67
1437 342.67
1438 303.33
1439 346.67
1440 360.00
1441 369.33
1442 362.67
1443 358.67
1444 368.00
1445 320.00
1446 354.00
1447 361.33
1448 326.67
1449 372.00
1450 360.67
1451 360.67
1452 342.00
1453 340.67
1454 376.67
1455 351.33
1456 358.00
1457 361.33
1458 323.33
1459 318.00
1460 354.00
1461 376.00
1462 389.33
1463 366.00
1464 359.33
1465 344.00
1466 349.33
1467 340.67
1468 334.00
1469 346.00
1470 330.00
1471 362.67
1472 339.33
1473 351.33
1474 360.00
1475 325.33
1476 325.33
1477 326.67
1478 354.00
1479 351.33
1480 356.67
1481 350.67
1482 324.00
1483 342.67
1484 353.33
1485 345.33
1486 341.33
1487 356.00
1488 337.33
1489 356.67
1490 356.67
1491 339.33
1492 347.33
1493 325.33
1494 369.33
1495 337.33
1496 354.00
1497 344.00
1498 349.33
1499 372.00
1500 331.33
1501 380.67
1502 352.00
1503 338.67
1504 367.33
1505 346.67
1506 333.33
1507 344.67
1508 353.33
1509 340.00
1510 339.33
1511 370.67
1512 362.00
1513 356.00
1514 348.67
1515 371.33
1516 336.67
1517 350.00
1518 357.33
1519 336.67
1520 339.33
1521 340.67
1522 363.33
1523 351.33
1524 347.33
1525 330.00
1526 336.00
1527 362.00
1528 343.33
1529 336.67
1530 344.67
1531 341.33
1532 348.00
1533 354.67
1534 342.67
1535 356.00
1536 355.33
1537 345.33
1538 352.67
1539 349.33
1540 352.67
1541 354.67
1542 348.00
1543 344.00
1544 330.67
1545 370.00
1546 345.33
1547 336.00
1548 333.33
1549 348.00
1550 341.33
1551 339.33
1552 328.67
1553 350.00
1554 329.33
1555 361.33
1556 350.67
1557 352.67
1558 347.33
1559 362.67
1560 350.67
1561 333.33
1562 352.00
1563 316.00
1564 342.67
1565 348.00
1566 348.00
1567 338.67
1568 339.33
1569 344.67
1570 348.00
1571 349.33
1572 343.33
1573 345.33
1574 354.00
1575 356.00
1576 374.67
1577 353.33
1578 330.67
1579 328.67
1580 342.00
1581 332.67
1582 309.33
1583 338.67
1584 342.67
1585 334.67
1586 348.00
1587 330.00
1588 354.00
1589 350.67
1590 343.33
1591 338.67
1592 331.33
1593 381.33
1594 342.67
1595 326.00
1596 358.67
1597 364.00
1598 358.00
1599 344.67
1600 350.00
1601 368.67
1602 360.67
1603 359.33
1604 330.00
1605 357.33
1606 352.00
1607 350.67
1608 337.33
1609 372.00
1610 358.00
1611 356.00
1612 348.67
1613 339.33
1614 341.33
1615 361.33
1616 357.33
1617 351.33
1618 345.33
1619 353.33
1620 356.00
1621 337.33
1622 360.00
1623 360.67
1624 370.00
1625 366.67
1626 356.67
1627 365.33
1628 374.67
1629 366.00
1630 352.67
1631 348.00
1632 346.67
1633 358.67
1634 348.67
1635 328.67
1636 333.33
1637 326.00
1638 318.67
1639 326.67
1640 347.33
1641 362.00
1642 356.00
1643 356.67
1644 343.33
1645 357.33
1646 318.00
1647 356.00
1648 360.67
1649 350.67
1650 358.67
1651 333.33
1652 344.67
1653 354.67
1654 348.67
1655 348.67
1656 350.67
1657 337.33
1658 351.33
1659 364.67
1660 321.33
1661 334.67
1662 358.67
1663 356.00
1664 355.33
1665 369.33
1666 358.00
1667 345.33
1668 357.33
1669 366.00
1670 370.67
1671 362.00
1672 350.67
1673 357.33
1674 354.67
1675 339.33
1676 343.33
1677 350.00
1678 362.00
1679 363.33
1680 368.00
1681 369.33
1682 332.67
1683 351.33
1684 345.33
1685 354.67
1686 372.67
1687 352.67
1688 365.33
1689 363.33
1690 344.00
1691 351.33
1692 369.33
1693 364.67
1694 353.33
1695 366.67
1696 362.00
1697 358.00
1698 362.67
1699 349.33
1700 361.33
1701 360.00
1702 367.33
1703 362.67
1704 350.67
1705 356.67
1706 367.33
1707 352.00
1708 363.33
1709 357.33
1710 352.00
1711 334.00
1712 370.67
1713 354.00
1714 356.67
1715 366.67
1716 356.00
1717 368.67
1718 366.00
1719 366.00
1720 370.67
1721 377.33
1722 361.33
1723 355.33
1724 343.33
1725 350.00
1726 352.67
1727 364.00
1728 356.67
1729 359.33
1730 334.00
1731 360.00
1732 336.00
1733 361.33
1734 378.67
1735 349.33
1736 356.67
1737 357.33
1738 367.33
1739 355.33
1740 362.67
1741 358.67
1742 335.33
1743 343.33
1744 364.67
1745 360.00
1746 364.00
1747 333.33
1748 351.33
1749 346.00
1750 357.33
1751 342.00
1752 328.67
1753 356.00
1754 353.33
1755 320.00
1756 361.33
1757 374.00
1758 355.33
1759 364.67
1760 356.67
1761 357.33
1762 359.33
1763 342.67
1764 358.00
1765 368.67
1766 338.00
1767 352.00
1768 360.00
1769 335.33
1770 336.67
1771 352.67
1772 356.00
1773 354.67
1774 369.33
1775 354.67
1776 343.33
1777 330.00
1778 336.67
1779 352.00
1780 350.00
1781 353.33
1782 367.33
1783 355.33
1784 348.67
1785 350.67
1786 323.33
1787 372.00
1788 355.33
1789 356.00
1790 331.33
1791 344.00
1792 366.67
1793 354.67
1794 324.67
1795 349.33
1796 337.33
1797 358.00
1798 330.67
1799 361.33
1800 374.00
1801 337.33
1802 357.33
1803 377.33
1804 372.00
1805 364.67
1806 353.33
1807 371.33
1808 358.00
1809 356.00
1810 364.67
1811 360.00
1812 362.67
1813 378.67
1814 347.33
1815 377.33
1816 346.67
1817 331.33
1818 354.67
1819 361.33
1820 350.00
1821 346.67
1822 356.67
1823 330.67
1824 366.67
1825 366.00
1826 347.33
1827 361.33
1828 361.33
1829 351.33
1830 349.33
1831 338.67
1832 347.33
1833 356.00
1834 370.00
1835 350.67
1836 348.67
1837 330.00
1838 351.33
1839 335.33
1840 329.33
1841 360.00
1842 344.00
1843 367.33
1844 346.00
1845 344.67
1846 351.33
1847 354.00
1848 342.00
1849 358.00
1850 335.33
1851 353.33
1852 360.67
1853 346.00
1854 357.33
1855 371.33
1856 361.33
1857 368.00
1858 369.33
1859 330.67
1860 349.33
1861 350.00
1862 360.00
1863 358.00
1864 344.67
1865 349.33
1866 356.67
1867 356.67
1868 346.00
1869 363.33
1870 343.33
1871 354.00
1872 338.00
1873 343.33
1874 338.00
1875 346.67
1876 364.67
1877 330.67
1878 334.00
1879 356.67
1880 344.00
1881 345.33
1882 331.33
1883 334.00
1884 340.00
1885 320.67
1886 338.00
1887 354.00
1888 336.67
1889 342.67
1890 340.00
1891 332.67
1892 352.00
1893 350.67
1894 369.33
1895 366.67
1896 364.00
1897 355.33
1898 365.33
1899 354.67
1900 354.67
1901 358.00
1902 371.33
1903 353.33
1904 362.00
1905 356.67
1906 347.33
1907 368.67
1908 370.67
1909 349.33
1910 339.33
1911 345.33
1912 345.33
1913 335.33
1914 377.33
1915 352.67
1916 352.00
1917 352.00
1918 356.67
1919 344.00
1920 321.33
1921 336.00
1922 339.33
1923 357.33
1924 333.33
1925 340.67
1926 354.67
1927 357.33
1928 353.33
1929 355.33
1930 358.67
1931 359.33
1932 368.67
1933 336.67
1934 365.33
1935 358.00
1936 346.67
1937 339.33
1938 350.67
1939 346.00
1940 316.00
1941 352.00
1942 348.67
1943 356.67
1944 324.67
1945 352.67
1946 361.33
1947 354.00
1948 348.67
1949 348.00
1950 354.67
1951 346.00
1952 368.67
1953 333.33
1954 325.33
1955 344.67
1956 336.67
1957 355.33
1958 334.67
1959 341.33
1960 328.00
1961 344.67
1962 359.33
1963 328.67
1964 342.67
1965 342.00
1966 345.33
1967 332.67
1968 326.00
1969 350.00
1970 343.33
1971 334.00
1972 366.00
1973 362.67
1974 316.00
1975 337.33
1976 368.00
1977 354.67
1978 319.33
1979 334.67
1980 342.67
1981 344.00
1982 359.33
1983 335.33
1984 358.00
1985 370.67
1986 360.67
1987 335.33
1988 349.33
1989 362.67
1990 354.67
1991 344.00
1992 328.67
1993 340.00
1994 333.33
1995 350.00
1996 344.67
1997 359.33
1998 368.67
1999 370.67
2000 317.33
2001 352.00
2002 368.00
2003 357.33
2004 340.00
2005 370.00
2006 349.33
2007 368.67
2008 363.33
2009 370.67
2010 362.67
2011 360.67
2012 385.33
2013 358.67
2014 374.00
2015 366.67
2016 366.00
2017 348.67
2018 364.00
2019 357.33
2020 352.67
2021 338.67
2022 359.33
2023 336.67
2024 347.33
2025 362.00
2026 338.67
2027 352.67
2028 354.67
2029 331.33
2030 354.00
2031 359.33
2032 360.00
2033 378.67
2034 372.00
2035 364.67
2036 362.00
2037 341.33
2038 348.00
2039 368.67
2040 359.33
2041 338.67
2042 354.67
2043 348.00
2044 356.67
2045 365.33
2046 384.67
2047 358.67
2048 357.33
2049 350.67
2050 378.00
2051 358.00
2052 337.33
2053 356.67
2054 346.67
2055 352.67
2056 356.67
2057 364.67
2058 368.00
2059 356.67
2060 354.67
2061 362.00
2062 358.67
2063 361.33
2064 372.67
2065 361.33
2066 343.33
2067 354.67
2068 360.00
2069 366.67
2070 352.00
2071 346.67
2072 328.67
2073 354.00
2074 358.00
2075 366.00
2076 374.00
2077 352.00
2078 354.00
2079 346.00
2080 349.33
2081 344.00
2082 359.33
2083 374.67
2084 372.67
2085 386.00
2086 358.00
2087 367.33
2088 368.67
2089 357.33
2090 370.67
2091 360.00
2092 366.67
2093 344.67
2094 357.33
2095 368.67
2096 335.33
2097 332.00
2098 354.67
2099 362.00
2100 373.33
2101 377.33
2102 336.00
2103 358.00
2104 354.00
2105 341.33
2106 327.33
2107 355.33
2108 355.33
2109 364.67
2110 362.00
2111 374.67
2112 338.00
2113 373.33
2114 351.33
2115 357.33
2116 365.33
2117 366.00
2118 361.33
2119 363.33
2120 338.67
2121 358.00
2122 358.67
2123 370.67
2124 339.33
2125 355.33
2126 361.33
2127 350.00
2128 348.67
2129 341.33
2130 340.67
2131 362.00
2132 358.67
2133 359.33
2134 373.33
2135 370.67
2136 346.67
2137 356.00
2138 338.00
2139 349.33
2140 352.00
2141 350.00
2142 339.33
2143 338.00
2144 328.00
2145 336.00
2146 312.67
2147 354.00
2148 360.67
2149 340.67
2150 331.33
2151 360.67
2152 356.00
2153 370.00
2154 358.00
2155 356.00
2156 362.00
2157 350.00
2158 358.00
2159 352.00
2160 360.67
2161 365.33
2162 343.33
2163 366.67
2164 344.00
2165 360.67
2166 342.00
2167 350.67
2168 370.67
2169 336.00
2170 367.33
2171 362.67
2172 345.33
2173 365.33
2174 372.00
2175 338.00
2176 356.67
2177 352.67
2178 365.33
2179 342.67
2180 343.33
2181 356.00
2182 333.33
2183 363.33
2184 365.33
2185 359.33
2186 344.00
2187 329.33
2188 371.33
2189 336.67
2190 357.33
2191 346.67
2192 350.67
2193 348.00
2194 346.00
2195 378.67
2196 356.67
2197 362.67
2198 362.67
2199 341.33
2200 354.00
2201 367.33
2202 368.00
2203 368.67
2204 368.00
2205 351.33
2206 375.33
2207 365.33
2208 364.00
2209 363.33
2210 355.33
2211 368.00
2212 351.33
2213 354.67
2214 354.67
2215 346.00
2216 327.33
2217 373.33
2218 360.00
2219 348.00
2220 363.33
2221 352.00
2222 365.33
2223 354.00
2224 332.00
2225 361.33
2226 354.67
2227 349.33
2228 357.33
2229 370.00
2230 353.33
2231 323.33
2232 342.67
2233 347.33
2234 340.67
2235 342.67
2236 323.33
2237 350.67
2238 354.67
2239 359.33
2240 352.00
2241 342.00
2242 363.33
2243 346.67
2244 340.00
2245 338.00
2246 344.67
2247 309.33
2248 369.33
2249 344.67
2250 349.33
2251 350.00
2252 319.33
2253 354.00
2254 362.67
2255 360.00
2256 334.67
2257 370.67
2258 359.33
2259 343.33
2260 338.67
2261 354.67
2262 358.67
2263 357.33
2264 368.67
2265 349.33
2266 344.67
2267 351.33
2268 353.33
2269 356.00
2270 343.33
2271 365.33
2272 358.67
2273 354.00
2274 330.67
2275 335.33
2276 354.00
2277 356.67
2278 366.67
2279 370.67
2280 335.33
2281 348.67
2282 362.00
2283 350.00
2284 329.33
2285 349.33
2286 334.00
2287 346.00
2288 370.67
2289 347.33
2290 343.33
2291 359.33
2292 362.67
2293 342.67
2294 368.67
2295 356.00
2296 361.33
2297 350.00
2298 367.33
2299 350.00
2300 344.00
2301 344.67
2302 348.67
2303 338.00
2304 350.67
2305 366.00
2306 339.33
2307 352.00
2308 347.33
2309 327.33
2310 354.67
2311 353.33
2312 372.67
2313 362.00
2314 375.33
2315 365.33
2316 374.00
2317 352.00
2318 364.00
2319 357.33
2320 338.00
2321 356.67
2322 351.33
2323 358.00
2324 364.67
2325 338.67
2326 360.00
2327 345.33
2328 334.67
2329 328.00
2330 337.33
2331 360.00
2332 364.00
2333 363.33
2334 360.00
2335 354.00
2336 326.00
2337 344.00
2338 335.33
2339 360.67
2340 354.00
2341 355.33
2342 364.00
2343 362.67
2344 358.00
2345 345.33
2346 354.67
2347 352.67
2348 356.00
2349 372.00
2350 357.33
2351 359.33
2352 360.00
2353 350.67
2354 349.33
2355 345.33
2356 352.00
2357 352.67
2358 359.33
2359 344.67
2360 358.00
2361 348.67
2362 360.67
2363 342.00
2364 326.67
2365 350.67
2366 357.33
2367 328.67
2368 366.67
2369 346.67
2370 346.67
2371 376.00
2372 348.00
2373 350.67
2374 356.00
2375 367.33
2376 341.33
2377 348.67
2378 346.00
2379 358.00
2380 340.67
2381 383.33
2382 358.00
2383 341.33
2384 348.00
2385 388.00
2386 378.00
2387 349.33
2388 346.67
2389 352.67
2390 364.67
2391 353.33
2392 351.33
2393 338.00
2394 356.00
2395 370.67
2396 348.00
2397 346.67
2398 348.00
2399 336.00
2400 350.00
2401 372.67
2402 378.00
2403 382.00
2404 354.00
2405 358.67
2406 345.33
2407 380.00
2408 348.00
2409 342.00
2410 362.67
2411 367.33
2412 349.33
2413 341.33
2414 371.33
2415 377.33
2416 361.33
2417 366.00
2418 358.67
2419 367.33
2420 359.33
2421 362.00
2422 368.67
2423 356.00
2424 348.00
2425 364.00
2426 375.33
2427 366.00
2428 360.00
2429 371.33
2430 371.33
2431 349.33
2432 345.33
2433 363.33
2434 355.33
2435 372.00
2436 375.33
2437 364.67
2438 364.00
2439 344.67
2440 349.33
2441 346.67
2442 343.33
2443 372.67
2444 360.67
2445 350.67
2446 339.33
2447 360.67
2448 344.67
2449 320.00
2450 360.00
2451 356.67
2452 348.67
2453 357.33
2454 366.00
2455 365.33
2456 374.00
2457 379.33
2458 350.00
2459 362.00
2460 368.00
2461 361.33
2462 372.00
2463 356.00
2464 366.67
2465 369.33
2466 372.00
2467 375.33
2468 362.00
2469 354.00
2470 366.00
2471 354.67
2472 325.33
2473 343.33
2474 350.67
2475 329.33
2476 337.33
2477 354.00
2478 350.00
2479 341.33
2480 358.00
2481 372.67
2482 354.00
2483 348.00
2484 374.67
2485 363.33
2486 360.00
2487 362.67
2488 372.67
2489 358.67
2490 364.00
2491 366.00
2492 367.33
2493 370.67
2494 351.33
2495 340.00
2496 348.67
2497 368.67
2498 360.00
2499 372.67
2500 366.67
2501 349.33
2502 354.67
2503 350.00
2504 366.00
2505 344.00
2506 340.00
2507 343.33
2508 366.67
2509 351.33
2510 345.33
2511 353.33
2512 356.00
2513 352.67
2514 351.33
2515 333.33
2516 349.33
2517 327.33
2518 364.00
2519 362.00
2520 372.67
2521 354.00
2522 350.00
2523 347.33
2524 348.00
2525 320.00
2526 342.67
2527 346.00
2528 360.00
2529 355.33
2530 373.33
2531 361.33
2532 354.00
2533 346.00
2534 372.67
2535 358.00
2536 355.33
2537 369.33
2538 378.00
2539 362.67
2540 378.00
2541 374.67
2542 347.33
2543 378.00
2544 327.33
2545 351.33
2546 344.00
2547 350.00
2548 353.33
2549 352.00
2550 362.67
2551 344.00
2552 358.00
2553 379.33
2554 360.00
2555 358.00
2556 350.00
2557 353.33
2558 352.00
2559 357.33
2560 353.33
2561 336.00
2562 353.33
2563 363.33
2564 342.00
2565 359.33
2566 345.33
2567 350.00
2568 347.33
2569 342.00
2570 349.33
2571 362.67
2572 360.67
2573 356.00
2574 360.67
2575 368.00
2576 358.67
2577 350.00
2578 357.33
2579 360.00
2580 362.67
2581 368.00
2582 350.67
2583 360.67
2584 363.33
2585 332.00
2586 356.00
2587 352.67
2588 364.67
2589 340.00
2590 360.67
2591 370.67
2592 364.67
2593 339.33
2594 373.33
2595 362.00
2596 370.67
2597 345.33
2598 364.00
2599 366.67
2600 328.67
2601 342.67
2602 342.00
2603 338.00
2604 342.00
2605 345.33
2606 339.33
2607 349.33
2608 342.67
2609 342.00
2610 344.00
2611 351.33
2612 339.33
2613 362.00
2614 356.67
2615 359.33
2616 352.00
2617 366.00
2618 344.00
2619 350.00
2620 339.33
2621 336.00
2622 368.00
2623 350.00
2624 354.67
2625 354.67
2626 338.67
2627 349.33
2628 348.00
2629 372.67
2630 349.33
2631 335.33
2632 354.67
2633 348.00
2634 369.33
2635 364.00
2636 360.67
2637 360.67
2638 350.67
2639 352.00
2640 346.67
2641 332.67
2642 349.33
2643 338.67
2644 355.33
2645 348.00
2646 357.33
2647 370.00
2648 352.00
2649 366.67
2650 362.67
2651 340.00
2652 345.33
2653 359.33
2654 361.33
2655 360.67
2656 345.33
2657 346.00
2658 343.33
2659 364.67
2660 358.67
2661 342.67
2662 366.67
2663 357.33
2664 355.33
2665 347.33
2666 353.33
2667 368.00
2668 372.00
2669 352.67
2670 374.67
2671 352.00
2672 354.00
2673 365.33
2674 376.00
2675 356.00
2676 367.33
2677 348.67
2678 354.67
2679 346.67
2680 356.00
2681 380.67
2682 366.67
2683 359.33
2684 340.67
2685 375.33
2686 350.00
2687 369.33
2688 350.00
2689 354.67
2690 333.33
2691 358.00
2692 349.33
2693 355.33
2694 346.67
2695 359.33
2696 361.33
2697 360.67
2698 366.00
2699 354.00
2700 316.67
2701 354.67
2702 363.33
2703 352.67
2704 358.00
2705 343.33
2706 331.33
2707 343.33
2708 365.33
2709 357.33
2710 369.33
2711 342.67
2712 353.33
2713 364.00
2714 345.33
2715 366.67
2716 346.67
2717 355.33
2718 362.67
2719 363.33
2720 362.67
2721 362.00
2722 341.33
2723 354.00
2724 364.00
2725 350.00
2726 358.67
2727 348.00
2728 358.00
2729 360.00
2730 349.33
2731 349.33
2732 354.67
2733 344.00
2734 348.67
2735 348.67
2736 353.33
2737 352.00
2738 339.33
2739 346.00
2740 348.00
2741 358.67
2742 357.33
2743 350.67
2744 348.67
2745 366.00
2746 352.00
2747 349.33
2748 344.00
2749 359.33
2750 348.00
2751 363.33
2752 362.67
2753 374.67
2754 355.33
2755 352.67
2756 369.33
2757 360.67
2758 340.00
2759 369.33
2760 368.00
2761 371.33
2762 356.67
2763 346.00
2764 369.33
2765 342.67
2766 354.00
2767 336.00
2768 338.00
2769 342.00
2770 360.67
2771 378.00
2772 362.00
2773 361.33
2774 340.00
2775 356.67
2776 358.67
2777 374.67
2778 344.00
2779 347.33
2780 352.67
2781 362.67
2782 348.67
2783 378.00
2784 374.67
2785 368.00
2786 359.33
2787 362.00
2788 346.00
2789 334.00
2790 328.67
2791 352.67
2792 354.67
2793 326.67
2794 348.00
2795 348.67
2796 352.00
2797 349.33
2798 353.33
2799 369.33
2800 346.67
2801 374.00
2802 362.67
2803 323.33
2804 356.00
2805 353.33
2806 366.00
2807 344.00
2808 332.67
2809 340.00
2810 353.33
2811 361.33
2812 341.33
2813 329.33
2814 330.67
2815 353.33
2816 357.33
2817 360.67
2818 345.33
2819 342.00
2820 335.33
2821 342.00
2822 360.00
2823 345.33
2824 337.33
2825 358.00
2826 356.67
2827 377.33
2828 354.67
2829 354.00
2830 352.67
2831 336.67
2832 374.00
2833 346.67
2834 343.33
2835 322.00
2836 346.00
2837 362.00
2838 366.00
2839 363.33
2840 366.67
2841 344.00
2842 342.67
2843 336.67
2844 346.00
2845 360.67
2846 380.67
2847 371.33
2848 356.67
2849 369.33
2850 366.67
2851 349.33
2852 351.33
2853 361.33
2854 370.00
2855 380.00
2856 364.67
2857 342.00
2858 352.67
2859 353.33
2860 354.67
2861 368.00
2862 321.33
2863 355.33
2864 358.67
2865 328.67
2866 327.33
2867 340.00
2868 356.00
2869 359.33
2870 360.00
2871 360.67
2872 354.00
2873 354.00
2874 342.67
2875 337.33
2876 348.00
2877 366.00
2878 346.67
2879 347.33
2880 360.67
2881 341.33
2882 344.67
2883 360.67
2884 364.67
2885 361.33
2886 337.33
2887 348.67
2888 342.00
2889 337.33
2890 368.00
2891 354.00
2892 336.00
2893 366.00
2894 348.00
2895 354.00
2896 361.33
2897 360.00
2898 362.00
2899 340.00
2900 352.67
2901 346.00
2902 363.33
2903 343.33
2904 344.00
2905 348.00
2906 338.67
2907 352.00
2908 347.33
2909 355.33
2910 360.00
2911 356.00
2912 325.33
2913 348.00
2914 350.00
2915 340.67
2916 383.33
2917 364.00
2918 360.00
2919 351.33
2920 350.67
2921 349.33
2922 356.00
2923 340.67
2924 323.33
2925 356.00
2926 332.67
2927 335.33
2928 370.00
2929 364.00
2930 365.33
2931 328.00
2932 362.00
2933 360.67
2934 334.00
2935 362.67
2936 342.67
2937 333.33
2938 338.00
2939 352.67
2940 349.33
2941 357.33
2942 376.67
2943 341.33
2944 341.33
2945 342.00
2946 346.00
2947 349.33
2948 357.33
2949 360.00
2950 353.33
2951 360.00
2952 357.33
2953 319.33
2954 338.00
2955 352.67
2956 352.67
2957 356.67
2958 366.67
2959 361.33
2960 360.00
2961 344.00
2962 361.33
2963 353.33
2964 361.33
2965 367.33
2966 360.00
2967 346.67
2968 366.00
2969 344.67
2970 364.00
2971 361.33
2972 358.67
2973 374.00
2974 356.00
2975 362.67
2976 362.67
2977 360.67
2978 348.67
2979 339.33
2980 340.00
2981 351.33
2982 354.00
2983 339.33
2984 354.67
2985 336.67
2986 346.67
2987 376.00
2988 368.67
2989 356.67
2990 361.33
2991 352.67
2992 347.33
2993 362.67
2994 347.33
2995 336.00
2996 359.33
2997 364.67
2998 335.33
2999 352.00
