0 226.29
30 223.62
60 221.80
90 225.02
120 230.78
150 234.33
180 256.69
210 260.76
240 264.84
270 278.98
300 247.11
330 261.96
360 243.09
390 295.29
420 311.62
450 288.96
480 299.98
510 301.93
540 308.36
570 294.89
600 341.67
630 326.22
660 366.82
690 334.64
720 338.31
750 324.96
780 300.20
810 342.38
840 350.91
870 350.00
900 320.67
930 335.33
960 322.11
990 369.87
1020 356.84
1050 365.18
1080 326.36
1110 306.44
1140 314.76
1170 339.20
1200 313.84
1230 336.53
1260 335.07
1290 346.76
1320 313.80
1350 311.42
1380 327.47
1410 335.04
1440 327.47
1470 345.87
1500 332.93
1530 333.58
1560 355.47
1590 349.80
1620 349.84
1650 313.98
1680 308.49
1710 308.58
1740 339.62
1770 306.07
1800 309.53
1830 342.98
1860 332.71
1890 305.40
1920 322.56
1950 309.82
1980 324.00
2010 319.49
2040 319.62
2070 340.80
2100 338.16
2130 313.11
2160 337.67
2190 327.27
2220 348.16
2250 366.53
2280 366.64
2310 325.29
2340 307.29
2370 330.29
2400 352.53
2430 355.20
2460 336.20
2490 339.78
2520 340.93
2550 351.87
2580 356.93
2610 356.44
2640 342.51
2670 331.27
2700 344.56
2730 333.22
2760 328.60
2790 307.78
2820 350.80
2850 339.62
2880 348.07
2910 351.27
2940 352.04
2970 352.31
