0 0.17
30 0.17
60 0.17
90 0.17
120 0.17
150 0.17
180 0.05
210 -0.19
240 -0.19
270 -0.19
300 -0.19
330 -0.19
360 -0.19
390 0.09
420 0.23
450 0.23
480 0.23
510 0.23
540 0.23
570 0.23
600 0.42
630 0.42
660 0.42
690 0.42
720 0.42
750 0.42
780 0.43
810 0.43
840 0.43
870 0.43
900 0.43
930 0.43
960 0.43
990 0.44
1020 0.45
1050 0.45
1080 0.45
1110 0.45
1140 0.45
1170 0.45
1200 0.40
1230 0.40
1260 0.40
1290 0.40
1320 0.40
1350 0.40
1380 0.41
1410 0.45
1440 0.45
1470 0.45
1500 0.45
1530 0.45
1560 0.45
1590 0.25
1620 0.16
1650 0.16
1680 0.16
1710 0.16
1740 0.16
1770 0.16
1800 0.45
1830 0.45
1860 0.45
1890 0.45
1920 0.45
1950 0.45
1980 0.45
2010 0.45
2040 0.45
2070 0.45
2100 0.45
2130 0.45
2160 0.45
2190 0.45
2220 0.45
2250 0.45
2280 0.45
2310 0.45
2340 0.45
2370 0.45
2400 0.45
2430 0.45
2460 0.45
2490 0.45
2520 0.45
2550 0.45
2580 0.45
2610 0.45
2640 0.45
2670 0.45
2700 0.45
2730 0.45
2760 0.45
2790 0.45
2820 0.45
2850 0.45
2880 0.45
2910 0.45
2940 0.45
2970 0.45
