0 0.17
1 0.17
2 0.17
3 0.17
4 0.17
5 0.17
6 0.17
7 0.17
8 0.17
9 0.17
10 0.17
11 0.17
12 0.17
13 0.17
14 0.17
15 0.17
16 0.17
17 0.17
18 0.17
19 0.17
20 0.17
21 0.17
22 0.17
23 0.17
24 0.17
25 0.17
26 0.17
27 0.17
28 0.17
29 0.17
30 0.17
31 0.17
32 0.17
33 0.17
34 0.17
35 0.17
36 0.17
37 0.17
38 0.17
39 0.17
40 0.17
41 0.17
42 0.17
43 0.17
44 0.17
45 0.17
46 0.17
47 0.17
48 0.17
49 0.17
50 0.17
51 0.17
52 0.17
53 0.17
54 0.17
55 0.17
56 0.17
57 0.17
58 0.17
59 0.17
60 0.17
61 0.17
62 0.17
63 0.17
64 0.17
65 0.17
66 0.17
67 0.17
68 0.17
69 0.17
70 0.17
71 0.17
72 0.17
73 0.17
74 0.17
75 0.17
76 0.17
77 0.17
78 0.17
79 0.17
80 0.17
81 0.17
82 0.17
83 0.17
84 0.17
85 0.17
86 0.17
87 0.17
88 0.17
89 0.17
90 0.17
91 0.17
92 0.17
93 0.17
94 0.17
95 0.17
96 0.17
97 0.17
98 0.17
99 0.17
100 0.17
101 0.17
102 0.17
103 0.17
104 0.17
105 0.17
106 0.17
107 0.17
108 0.17
109 0.17
110 0.17
111 0.17
112 0.17
113 0.17
114 0.17
115 0.17
116 0.17
117 0.17
118 0.17
119 0.17
120 0.17
121 0.17
122 0.17
123 0.17
124 0.17
125 0.17
126 0.17
127 0.17
128 0.17
129 0.17
130 0.17
131 0.17
132 0.17
133 0.17
134 0.17
135 0.17
136 0.17
137 0.17
138 0.17
139 0.17
140 0.17
141 0.17
142 0.17
143 0.17
144 0.17
145 0.17
146 0.17
147 0.17
148 0.17
149 0.17
150 0.17
151 0.17
152 0.17
153 0.17
154 0.17
155 0.17
156 0.17
157 0.17
158 0.17
159 0.17
160 0.17
161 0.17
162 0.17
163 0.17
164 0.17
165 0.17
166 0.17
167 0.17
168 0.17
169 0.17
170 0.17
171 0.17
172 0.17
173 0.17
174 0.17
175 0.17
176 0.17
177 0.17
178 0.17
179 0.17
180 0.17
181 0.17
182 0.17
183 0.17
184 0.17
185 0.17
186 0.17
187 0.17
188 0.17
189 0.17
190 0.17
191 0.17
192 0.17
193 0.17
194 0.17
195 0.17
196 0.17
197 0.17
198 0.17
199 0.17
200 -0.19
201 -0.19
202 -0.19
203 -0.19
204 -0.19
205 -0.19
206 -0.19
207 -0.19
208 -0.19
209 -0.19
210 -0.19
211 -0.19
212 -0.19
213 -0.19
214 -0.19
215 -0.19
216 -0.19
217 -0.19
218 -0.19
219 -0.19
220 -0.19
221 -0.19
222 -0.19
223 -0.19
224 -0.19
225 -0.19
226 -0.19
227 -0.19
228 -0.19
229 -0.19
230 -0.19
231 -0.19
232 -0.19
233 -0.19
234 -0.19
235 -0.19
236 -0.19
237 -0.19
238 -0.19
239 -0.19
240 -0.19
241 -0.19
242 -0.19
243 -0.19
244 -0.19
245 -0.19
246 -0.19
247 -0.19
248 -0.19
249 -0.19
250 -0.19
251 -0.19
252 -0.19
253 -0.19
254 -0.19
255 -0.19
256 -0.19
257 -0.19
258 -0.19
259 -0.19
260 -0.19
261 -0.19
262 -0.19
263 -0.19
264 -0.19
265 -0.19
266 -0.19
267 -0.19
268 -0.19
269 -0.19
270 -0.19
271 -0.19
272 -0.19
273 -0.19
274 -0.19
275 -0.19
276 -0.19
277 -0.19
278 -0.19
279 -0.19
280 -0.19
281 -0.19
282 -0.19
283 -0.19
284 -0.19
285 -0.19
286 -0.19
287 -0.19
288 -0.19
289 -0.19
290 -0.19
291 -0.19
292 -0.19
293 -0.19
294 -0.19
295 -0.19
296 -0.19
297 -0.19
298 -0.19
299 -0.19
300 -0.19
301 -0.19
302 -0.19
303 -0.19
304 -0.19
305 -0.19
306 -0.19
307 -0.19
308 -0.19
309 -0.19
310 -0.19
311 -0.19
312 -0.19
313 -0.19
314 -0.19
315 -0.19
316 -0.19
317 -0.19
318 -0.19
319 -0.19
320 -0.19
321 -0.19
322 -0.19
323 -0.19
324 -0.19
325 -0.19
326 -0.19
327 -0.19
328 -0.19
329 -0.19
330 -0.19
331 -0.19
332 -0.19
333 -0.19
334 -0.19
335 -0.19
336 -0.19
337 -0.19
338 -0.19
339 -0.19
340 -0.19
341 -0.19
342 -0.19
343 -0.19
344 -0.19
345 -0.19
346 -0.19
347 -0.19
348 -0.19
349 -0.19
350 -0.19
351 -0.19
352 -0.19
353 -0.19
354 -0.19
355 -0.19
356 -0.19
357 -0.19
358 -0.19
359 -0.19
360 -0.19
361 -0.19
362 -0.19
363 -0.19
364 -0.19
365 -0.19
366 -0.19
367 -0.19
368 -0.19
369 -0.19
370 -0.19
371 -0.19
372 -0.19
373 -0.19
374 -0.19
375 -0.19
376 -0.19
377 -0.19
378 -0.19
379 -0.19
380 -0.19
381 -0.19
382 -0.19
383 -0.19
384 -0.19
385 -0.19
386 -0.19
387 -0.19
388 -0.19
389 -0.19
390 -0.19
391 -0.19
392 -0.19
393 -0.19
394 -0.19
395 -0.19
396 -0.19
397 -0.19
398 -0.19
399 -0.19
400 0.23
401 0.23
402 0.23
403 0.23
404 0.23
405 0.23
406 0.23
407 0.23
408 0.23
409 0.23
410 0.23
411 0.23
412 0.23
413 0.23
414 0.23
415 0.23
416 0.23
417 0.23
418 0.23
419 0.23
420 0.23
421 0.23
422 0.23
423 0.23
424 0.23
425 0.23
426 0.23
427 0.23
428 0.23
429 0.23
430 0.23
431 0.23
432 0.23
433 0.23
434 0.23
435 0.23
436 0.23
437 0.23
438 0.23
439 0.23
440 0.23
441 0.23
442 0.23
443 0.23
444 0.23
445 0.23
446 0.23
447 0.23
448 0.23
449 0.23
450 0.23
451 0.23
452 0.23
453 0.23
454 0.23
455 0.23
456 0.23
457 0.23
458 0.23
459 0.23
460 0.23
461 0.23
462 0.23
463 0.23
464 0.23
465 0.23
466 0.23
467 0.23
468 0.23
469 0.23
470 0.23
471 0.23
472 0.23
473 0.23
474 0.23
475 0.23
476 0.23
477 0.23
478 0.23
479 0.23
480 0.23
481 0.23
482 0.23
483 0.23
484 0.23
485 0.23
486 0.23
487 0.23
488 0.23
489 0.23
490 0.23
491 0.23
492 0.23
493 0.23
494 0.23
495 0.23
496 0.23
497 0.23
498 0.23
499 0.23
500 0.23
501 0.23
502 0.23
503 0.23
504 0.23
505 0.23
506 0.23
507 0.23
508 0.23
509 0.23
510 0.23
511 0.23
512 0.23
513 0.23
514 0.23
515 0.23
516 0.23
517 0.23
518 0.23
519 0.23
520 0.23
521 0.23
522 0.23
523 0.23
524 0.23
525 0.23
526 0.23
527 0.23
528 0.23
529 0.23
530 0.23
531 0.23
532 0.23
533 0.23
534 0.23
535 0.23
536 0.23
537 0.23
538 0.23
539 0.23
540 0.23
541 0.23
542 0.23
543 0.23
544 0.23
545 0.23
546 0.23
547 0.23
548 0.23
549 0.23
550 0.23
551 0.23
552 0.23
553 0.23
554 0.23
555 0.23
556 0.23
557 0.23
558 0.23
559 0.23
560 0.23
561 0.23
562 0.23
563 0.23
564 0.23
565 0.23
566 0.23
567 0.23
568 0.23
569 0.23
570 0.23
571 0.23
572 0.23
573 0.23
574 0.23
575 0.23
576 0.23
577 0.23
578 0.23
579 0.23
580 0.23
581 0.23
582 0.23
583 0.23
584 0.23
585 0.23
586 0.23
587 0.23
588 0.23
589 0.23
590 0.23
591 0.23
592 0.23
593 0.23
594 0.23
595 0.23
596 0.23
597 0.23
598 0.23
599 0.23
600 0.42
601 0.42
602 0.42
603 0.42
604 0.42
605 0.42
606 0.42
607 0.42
608 0.42
609 0.42
610 0.42
611 0.42
612 0.42
613 0.42
614 0.42
615 0.42
616 0.42
617 0.42
618 0.42
619 0.42
620 0.42
621 0.42
622 0.42
623 0.42
624 0.42
625 0.42
626 0.42
627 0.42
628 0.42
629 0.42
630 0.42
631 0.42
632 0.42
633 0.42
634 0.42
635 0.42
636 0.42
637 0.42
638 0.42
639 0.42
640 0.42
641 0.42
642 0.42
643 0.42
644 0.42
645 0.42
646 0.42
647 0.42
648 0.42
649 0.42
650 0.42
651 0.42
652 0.42
653 0.42
654 0.42
655 0.42
656 0.42
657 0.42
658 0.42
659 0.42
660 0.42
661 0.42
662 0.42
663 0.42
664 0.42
665 0.42
666 0.42
667 0.42
668 0.42
669 0.42
670 0.42
671 0.42
672 0.42
673 0.42
674 0.42
675 0.42
676 0.42
677 0.42
678 0.42
679 0.42
680 0.42
681 0.42
682 0.42
683 0.42
684 0.42
685 0.42
686 0.42
687 0.42
688 0.42
689 0.42
690 0.42
691 0.42
692 0.42
693 0.42
694 0.42
695 0.42
696 0.42
697 0.42
698 0.42
699 0.42
700 0.42
701 0.42
702 0.42
703 0.42
704 0.42
705 0.42
706 0.42
707 0.42
708 0.42
709 0.42
710 0.42
711 0.42
712 0.42
713 0.42
714 0.42
715 0.42
716 0.42
717 0.42
718 0.42
719 0.42
720 0.42
721 0.42
722 0.42
723 0.42
724 0.42
725 0.42
726 0.42
727 0.42
728 0.42
729 0.42
730 0.42
731 0.42
732 0.42
733 0.42
734 0.42
735 0.42
736 0.42
737 0.42
738 0.42
739 0.42
740 0.42
741 0.42
742 0.42
743 0.42
744 0.42
745 0.42
746 0.42
747 0.42
748 0.42
749 0.42
750 0.42
751 0.42
752 0.42
753 0.42
754 0.42
755 0.42
756 0.42
757 0.42
758 0.42
759 0.42
760 0.42
761 0.42
762 0.42
763 0.42
764 0.42
765 0.42
766 0.42
767 0.42
768 0.42
769 0.42
770 0.42
771 0.42
772 0.42
773 0.42
774 0.42
775 0.42
776 0.42
777 0.42
778 0.42
779 0.42
780 0.42
781 0.42
782 0.42
783 0.42
784 0.42
785 0.42
786 0.42
787 0.42
788 0.42
789 0.42
790 0.42
791 0.42
792 0.42
793 0.42
794 0.42
795 0.42
796 0.42
797 0.42
798 0.42
799 0.42
800 0.43
801 0.43
802 0.43
803 0.43
804 0.43
805 0.43
806 0.43
807 0.43
808 0.43
809 0.43
810 0.43
811 0.43
812 0.43
813 0.43
814 0.43
815 0.43
816 0.43
817 0.43
818 0.43
819 0.43
820 0.43
821 0.43
822 0.43
823 0.43
824 0.43
825 0.43
826 0.43
827 0.43
828 0.43
829 0.43
830 0.43
831 0.43
832 0.43
833 0.43
834 0.43
835 0.43
836 0.43
837 0.43
838 0.43
839 0.43
840 0.43
841 0.43
842 0.43
843 0.43
844 0.43
845 0.43
846 0.43
847 0.43
848 0.43
849 0.43
850 0.43
851 0.43
852 0.43
853 0.43
854 0.43
855 0.43
856 0.43
857 0.43
858 0.43
859 0.43
860 0.43
861 0.43
862 0.43
863 0.43
864 0.43
865 0.43
866 0.43
867 0.43
868 0.43
869 0.43
870 0.43
871 0.43
872 0.43
873 0.43
874 0.43
875 0.43
876 0.43
877 0.43
878 0.43
879 0.43
880 0.43
881 0.43
882 0.43
883 0.43
884 0.43
885 0.43
886 0.43
887 0.43
888 0.43
889 0.43
890 0.43
891 0.43
892 0.43
893 0.43
894 0.43
895 0.43
896 0.43
897 0.43
898 0.43
899 0.43
900 0.43
901 0.43
902 0.43
903 0.43
904 0.43
905 0.43
906 0.43
907 0.43
908 0.43
909 0.43
910 0.43
911 0.43
912 0.43
913 0.43
914 0.43
915 0.43
916 0.43
917 0.43
918 0.43
919 0.43
920 0.43
921 0.43
922 0.43
923 0.43
924 0.43
925 0.43
926 0.43
927 0.43
928 0.43
929 0.43
930 0.43
931 0.43
932 0.43
933 0.43
934 0.43
935 0.43
936 0.43
937 0.43
938 0.43
939 0.43
940 0.43
941 0.43
942 0.43
943 0.43
944 0.43
945 0.43
946 0.43
947 0.43
948 0.43
949 0.43
950 0.43
951 0.43
952 0.43
953 0.43
954 0.43
955 0.43
956 0.43
957 0.43
958 0.43
959 0.43
960 0.43
961 0.43
962 0.43
963 0.43
964 0.43
965 0.43
966 0.43
967 0.43
968 0.43
969 0.43
970 0.43
971 0.43
972 0.43
973 0.43
974 0.43
975 0.43
976 0.43
977 0.43
978 0.43
979 0.43
980 0.43
981 0.43
982 0.43
983 0.43
984 0.43
985 0.43
986 0.43
987 0.43
988 0.43
989 0.43
990 0.43
991 0.43
992 0.43
993 0.43
994 0.43
995 0.43
996 0.43
997 0.43
998 0.43
999 0.43
1000 0.45
1001 0.45
1002 0.45
1003 0.45
1004 0.45
1005 0.45
1006 0.45
1007 0.45
1008 0.45
1009 0.45
1010 0.45
1011 0.45
1012 0.45
1013 0.45
1014 0.45
1015 0.45
1016 0.45
1017 0.45
1018 0.45
1019 0.45
1020 0.45
1021 0.45
1022 0.45
1023 0.45
1024 0.45
1025 0.45
1026 0.45
1027 0.45
1028 0.45
1029 0.45
1030 0.45
1031 0.45
1032 0.45
1033 0.45
1034 0.45
1035 0.45
1036 0.45
1037 0.45
1038 0.45
1039 0.45
1040 0.45
1041 0.45
1042 0.45
1043 0.45
1044 0.45
1045 0.45
1046 0.45
1047 0.45
1048 0.45
1049 0.45
1050 0.45
1051 0.45
1052 0.45
1053 0.45
1054 0.45
1055 0.45
1056 0.45
1057 0.45
1058 0.45
1059 0.45
1060 0.45
1061 0.45
1062 0.45
1063 0.45
1064 0.45
1065 0.45
1066 0.45
1067 0.45
1068 0.45
1069 0.45
1070 0.45
1071 0.45
1072 0.45
1073 0.45
1074 0.45
1075 0.45
1076 0.45
1077 0.45
1078 0.45
1079 0.45
1080 0.45
1081 0.45
1082 0.45
1083 0.45
1084 0.45
1085 0.45
1086 0.45
1087 0.45
1088 0.45
1089 0.45
1090 0.45
1091 0.45
1092 0.45
1093 0.45
1094 0.45
1095 0.45
1096 0.45
1097 0.45
1098 0.45
1099 0.45
1100 0.45
1101 0.45
1102 0.45
1103 0.45
1104 0.45
1105 0.45
1106 0.45
1107 0.45
1108 0.45
1109 0.45
1110 0.45
1111 0.45
1112 0.45
1113 0.45
1114 0.45
1115 0.45
1116 0.45
1117 0.45
1118 0.45
1119 0.45
1120 0.45
1121 0.45
1122 0.45
1123 0.45
1124 0.45
1125 0.45
1126 0.45
1127 0.45
1128 0.45
1129 0.45
1130 0.45
1131 0.45
1132 0.45
1133 0.45
1134 0.45
1135 0.45
1136 0.45
1137 0.45
1138 0.45
1139 0.45
1140 0.45
1141 0.45
1142 0.45
1143 0.45
1144 0.45
1145 0.45
1146 0.45
1147 0.45
1148 0.45
1149 0.45
1150 0.45
1151 0.45
1152 0.45
1153 0.45
1154 0.45
1155 0.45
1156 0.45
1157 0.45
1158 0.45
1159 0.45
1160 0.45
1161 0.45
1162 0.45
1163 0.45
1164 0.45
1165 0.45
1166 0.45
1167 0.45
1168 0.45
1169 0.45
1170 0.45
1171 0.45
1172 0.45
1173 0.45
1174 0.45
1175 0.45
1176 0.45
1177 0.45
1178 0.45
1179 0.45
1180 0.45
1181 0.45
1182 0.45
1183 0.45
1184 0.45
1185 0.45
1186 0.45
1187 0.45
1188 0.45
1189 0.45
1190 0.45
1191 0.45
1192 0.45
1193 0.45
1194 0.45
1195 0.45
1196 0.45
1197 0.45
1198 0.45
1199 0.45
1200 0.40
1201 0.40
1202 0.40
1203 0.40
1204 0.40
1205 0.40
1206 0.40
1207 0.40
1208 0.40
1209 0.40
1210 0.40
1211 0.40
1212 0.40
1213 0.40
1214 0.40
1215 0.40
1216 0.40
1217 0.40
1218 0.40
1219 0.40
1220 0.40
1221 0.40
1222 0.40
1223 0.40
1224 0.40
1225 0.40
1226 0.40
1227 0.40
1228 0.40
1229 0.40
1230 0.40
1231 0.40
1232 0.40
1233 0.40
1234 0.40
1235 0.40
1236 0.40
1237 0.40
1238 0.40
1239 0.40
1240 0.40
1241 0.40
1242 0.40
1243 0.40
1244 0.40
1245 0.40
1246 0.40
1247 0.40
1248 0.40
1249 0.40
1250 0.40
1251 0.40
1252 0.40
1253 0.40
1254 0.40
1255 0.40
1256 0.40
1257 0.40
1258 0.40
1259 0.40
1260 0.40
1261 0.40
1262 0.40
1263 0.40
1264 0.40
1265 0.40
1266 0.40
1267 0.40
1268 0.40
1269 0.40
1270 0.40
1271 0.40
1272 0.40
1273 0.40
1274 0.40
1275 0.40
1276 0.40
1277 0.40
1278 0.40
1279 0.40
1280 0.40
1281 0.40
1282 0.40
1283 0.40
1284 0.40
1285 0.40
1286 0.40
1287 0.40
1288 0.40
1289 0.40
1290 0.40
1291 0.40
1292 0.40
1293 0.40
1294 0.40
1295 0.40
1296 0.40
1297 0.40
1298 0.40
1299 0.40
1300 0.40
1301 0.40
1302 0.40
1303 0.40
1304 0.40
1305 0.40
1306 0.40
1307 0.40
1308 0.40
1309 0.40
1310 0.40
1311 0.40
1312 0.40
1313 0.40
1314 0.40
1315 0.40
1316 0.40
1317 0.40
1318 0.40
1319 0.40
1320 0.40
1321 0.40
1322 0.40
1323 0.40
1324 0.40
1325 0.40
1326 0.40
1327 0.40
1328 0.40
1329 0.40
1330 0.40
1331 0.40
1332 0.40
1333 0.40
1334 0.40
1335 0.40
1336 0.40
1337 0.40
1338 0.40
1339 0.40
1340 0.40
1341 0.40
1342 0.40
1343 0.40
1344 0.40
1345 0.40
1346 0.40
1347 0.40
1348 0.40
1349 0.40
1350 0.40
1351 0.40
1352 0.40
1353 0.40
1354 0.40
1355 0.40
1356 0.40
1357 0.40
1358 0.40
1359 0.40
1360 0.40
1361 0.40
1362 0.40
1363 0.40
1364 0.40
1365 0.40
1366 0.40
1367 0.40
1368 0.40
1369 0.40
1370 0.40
1371 0.40
1372 0.40
1373 0.40
1374 0.40
1375 0.40
1376 0.40
1377 0.40
1378 0.40
1379 0.40
1380 0.40
1381 0.40
1382 0.40
1383 0.40
1384 0.40
1385 0.40
1386 0.40
1387 0.40
1388 0.40
1389 0.40
1390 0.40
1391 0.40
1392 0.40
1393 0.40
1394 0.40
1395 0.40
1396 0.40
1397 0.40
1398 0.40
1399 0.40
1400 0.45
1401 0.45
1402 0.45
1403 0.45
1404 0.45
1405 0.45
1406 0.45
1407 0.45
1408 0.45
1409 0.45
1410 0.45
1411 0.45
1412 0.45
1413 0.45
1414 0.45
1415 0.45
1416 0.45
1417 0.45
1418 0.45
1419 0.45
1420 0.45
1421 0.45
1422 0.45
1423 0.45
1424 0.45
1425 0.45
1426 0.45
1427 0.45
1428 0.45
1429 0.45
1430 0.45
1431 0.45
1432 0.45
1433 0.45
1434 0.45
1435 0.45
1436 0.45
1437 0.45
1438 0.45
1439 0.45
1440 0.45
1441 0.45
1442 0.45
1443 0.45
1444 0.45
1445 0.45
1446 0.45
1447 0.45
1448 0.45
1449 0.45
1450 0.45
1451 0.45
1452 0.45
1453 0.45
1454 0.45
1455 0.45
1456 0.45
1457 0.45
1458 0.45
1459 0.45
1460 0.45
1461 0.45
1462 0.45
1463 0.45
1464 0.45
1465 0.45
1466 0.45
1467 0.45
1468 0.45
1469 0.45
1470 0.45
1471 0.45
1472 0.45
1473 0.45
1474 0.45
1475 0.45
1476 0.45
1477 0.45
1478 0.45
1479 0.45
1480 0.45
1481 0.45
1482 0.45
1483 0.45
1484 0.45
1485 0.45
1486 0.45
1487 0.45
1488 0.45
1489 0.45
1490 0.45
1491 0.45
1492 0.45
1493 0.45
1494 0.45
1495 0.45
1496 0.45
1497 0.45
1498 0.45
1499 0.45
1500 0.45
1501 0.45
1502 0.45
1503 0.45
1504 0.45
1505 0.45
1506 0.45
1507 0.45
1508 0.45
1509 0.45
1510 0.45
1511 0.45
1512 0.45
1513 0.45
1514 0.45
1515 0.45
1516 0.45
1517 0.45
1518 0.45
1519 0.45
1520 0.45
1521 0.45
1522 0.45
1523 0.45
1524 0.45
1525 0.45
1526 0.45
1527 0.45
1528 0.45
1529 0.45
1530 0.45
1531 0.45
1532 0.45
1533 0.45
1534 0.45
1535 0.45
1536 0.45
1537 0.45
1538 0.45
1539 0.45
1540 0.45
1541 0.45
1542 0.45
1543 0.45
1544 0.45
1545 0.45
1546 0.45
1547 0.45
1548 0.45
1549 0.45
1550 0.45
1551 0.45
1552 0.45
1553 0.45
1554 0.45
1555 0.45
1556 0.45
1557 0.45
1558 0.45
1559 0.45
1560 0.45
1561 0.45
1562 0.45
1563 0.45
1564 0.45
1565 0.45
1566 0.45
1567 0.45
1568 0.45
1569 0.45
1570 0.45
1571 0.45
1572 0.45
1573 0.45
1574 0.45
1575 0.45
1576 0.45
1577 0.45
1578 0.45
1579 0.45
1580 0.45
1581 0.45
1582 0.45
1583 0.45
1584 0.45
1585 0.45
1586 0.45
1587 0.45
1588 0.45
1589 0.45
1590 0.45
1591 0.45
1592 0.45
1593 0.45
1594 0.45
1595 0.45
1596 0.45
1597 0.45
1598 0.45
1599 0.45
1600 0.16
1601 0.16
1602 0.16
1603 0.16
1604 0.16
1605 0.16
1606 0.16
1607 0.16
1608 0.16
1609 0.16
1610 0.16
1611 0.16
1612 0.16
1613 0.16
1614 0.16
1615 0.16
1616 0.16
1617 0.16
1618 0.16
1619 0.16
1620 0.16
1621 0.16
1622 0.16
1623 0.16
1624 0.16
1625 0.16
1626 0.16
1627 0.16
1628 0.16
1629 0.16
1630 0.16
1631 0.16
1632 0.16
1633 0.16
1634 0.16
1635 0.16
1636 0.16
1637 0.16
1638 0.16
1639 0.16
1640 0.16
1641 0.16
1642 0.16
1643 0.16
1644 0.16
1645 0.16
1646 0.16
1647 0.16
1648 0.16
1649 0.16
1650 0.16
1651 0.16
1652 0.16
1653 0.16
1654 0.16
1655 0.16
1656 0.16
1657 0.16
1658 0.16
1659 0.16
1660 0.16
1661 0.16
1662 0.16
1663 0.16
1664 0.16
1665 0.16
1666 0.16
1667 0.16
1668 0.16
1669 0.16
1670 0.16
1671 0.16
1672 0.16
1673 0.16
1674 0.16
1675 0.16
1676 0.16
1677 0.16
1678 0.16
1679 0.16
1680 0.16
1681 0.16
1682 0.16
1683 0.16
1684 0.16
1685 0.16
1686 0.16
1687 0.16
1688 0.16
1689 0.16
1690 0.16
1691 0.16
1692 0.16
1693 0.16
1694 0.16
1695 0.16
1696 0.16
1697 0.16
1698 0.16
1699 0.16
1700 0.16
1701 0.16
1702 0.16
1703 0.16
1704 0.16
1705 0.16
1706 0.16
1707 0.16
1708 0.16
1709 0.16
1710 0.16
1711 0.16
1712 0.16
1713 0.16
1714 0.16
1715 0.16
1716 0.16
1717 0.16
1718 0.16
1719 0.16
1720 0.16
1721 0.16
1722 0.16
1723 0.16
1724 0.16
1725 0.16
1726 0.16
1727 0.16
1728 0.16
1729 0.16
1730 0.16
1731 0.16
1732 0.16
1733 0.16
1734 0.16
1735 0.16
1736 0.16
1737 0.16
1738 0.16
1739 0.16
1740 0.16
1741 0.16
1742 0.16
1743 0.16
1744 0.16
1745 0.16
1746 0.16
1747 0.16
1748 0.16
1749 0.16
1750 0.16
1751 0.16
1752 0.16
1753 0.16
1754 0.16
1755 0.16
1756 0.16
1757 0.16
1758 0.16
1759 0.16
1760 0.16
1761 0.16
1762 0.16
1763 0.16
1764 0.16
1765 0.16
1766 0.16
1767 0.16
1768 0.16
1769 0.16
1770 0.16
1771 0.16
1772 0.16
1773 0.16
1774 0.16
1775 0.16
1776 0.16
1777 0.16
1778 0.16
1779 0.16
1780 0.16
1781 0.16
1782 0.16
1783 0.16
1784 0.16
1785 0.16
1786 0.16
1787 0.16
1788 0.16
1789 0.16
1790 0.16
1791 0.16
1792 0.16
1793 0.16
1794 0.16
1795 0.16
1796 0.16
1797 0.16
1798 0.16
1799 0.16
1800 0.45
1801 0.45
1802 0.45
1803 0.45
1804 0.45
1805 0.45
1806 0.45
1807 0.45
1808 0.45
1809 0.45
1810 0.45
1811 0.45
1812 0.45
1813 0.45
1814 0.45
1815 0.45
1816 0.45
1817 0.45
1818 0.45
1819 0.45
1820 0.45
1821 0.45
1822 0.45
1823 0.45
1824 0.45
1825 0.45
1826 0.45
1827 0.45
1828 0.45
1829 0.45
1830 0.45
1831 0.45
1832 0.45
1833 0.45
1834 0.45
1835 0.45
1836 0.45
1837 0.45
1838 0.45
1839 0.45
1840 0.45
1841 0.45
1842 0.45
1843 0.45
1844 0.45
1845 0.45
1846 0.45
1847 0.45
1848 0.45
1849 0.45
1850 0.45
1851 0.45
1852 0.45
1853 0.45
1854 0.45
1855 0.45
1856 0.45
1857 0.45
1858 0.45
1859 0.45
1860 0.45
1861 0.45
1862 0.45
1863 0.45
1864 0.45
1865 0.45
1866 0.45
1867 0.45
1868 0.45
1869 0.45
1870 0.45
1871 0.45
1872 0.45
1873 0.45
1874 0.45
1875 0.45
1876 0.45
1877 0.45
1878 0.45
1879 0.45
1880 0.45
1881 0.45
1882 0.45
1883 0.45
1884 0.45
1885 0.45
1886 0.45
1887 0.45
1888 0.45
1889 0.45
1890 0.45
1891 0.45
1892 0.45
1893 0.45
1894 0.45
1895 0.45
1896 0.45
1897 0.45
1898 0.45
1899 0.45
1900 0.45
1901 0.45
1902 0.45
1903 0.45
1904 0.45
1905 0.45
1906 0.45
1907 0.45
1908 0.45
1909 0.45
1910 0.45
1911 0.45
1912 0.45
1913 0.45
1914 0.45
1915 0.45
1916 0.45
1917 0.45
1918 0.45
1919 0.45
1920 0.45
1921 0.45
1922 0.45
1923 0.45
1924 0.45
1925 0.45
1926 0.45
1927 0.45
1928 0.45
1929 0.45
1930 0.45
1931 0.45
1932 0.45
1933 0.45
1934 0.45
1935 0.45
1936 0.45
1937 0.45
1938 0.45
1939 0.45
1940 0.45
1941 0.45
1942 0.45
1943 0.45
1944 0.45
1945 0.45
1946 0.45
1947 0.45
1948 0.45
1949 0.45
1950 0.45
1951 0.45
1952 0.45
1953 0.45
1954 0.45
1955 0.45
1956 0.45
1957 0.45
1958 0.45
1959 0.45
1960 0.45
1961 0.45
1962 0.45
1963 0.45
1964 0.45
1965 0.45
1966 0.45
1967 0.45
1968 0.45
1969 0.45
1970 0.45
1971 0.45
1972 0.45
1973 0.45
1974 0.45
1975 0.45
1976 0.45
1977 0.45
1978 0.45
1979 0.45
1980 0.45
1981 0.45
1982 0.45
1983 0.45
1984 0.45
1985 0.45
1986 0.45
1987 0.45
1988 0.45
1989 0.45
1990 0.45
1991 0.45
1992 0.45
1993 0.45
1994 0.45
1995 0.45
1996 0.45
1997 0.45
1998 0.45
1999 0.45
2000 0.45
2001 0.45
2002 0.45
2003 0.45
2004 0.45
2005 0.45
2006 0.45
2007 0.45
2008 0.45
2009 0.45
2010 0.45
2011 0.45
2012 0.45
2013 0.45
2014 0.45
2015 0.45
2016 0.45
2017 0.45
2018 0.45
2019 0.45
2020 0.45
2021 0.45
2022 0.45
2023 0.45
2024 0.45
2025 0.45
2026 0.45
2027 0.45
2028 0.45
2029 0.45
2030 0.45
2031 0.45
2032 0.45
2033 0.45
2034 0.45
2035 0.45
2036 0.45
2037 0.45
2038 0.45
2039 0.45
2040 0.45
2041 0.45
2042 0.45
2043 0.45
2044 0.45
2045 0.45
2046 0.45
2047 0.45
2048 0.45
2049 0.45
2050 0.45
2051 0.45
2052 0.45
2053 0.45
2054 0.45
2055 0.45
2056 0.45
2057 0.45
2058 0.45
2059 0.45
2060 0.45
2061 0.45
2062 0.45
2063 0.45
2064 0.45
2065 0.45
2066 0.45
2067 0.45
2068 0.45
2069 0.45
2070 0.45
2071 0.45
2072 0.45
2073 0.45
2074 0.45
2075 0.45
2076 0.45
2077 0.45
2078 0.45
2079 0.45
2080 0.45
2081 0.45
2082 0.45
2083 0.45
2084 0.45
2085 0.45
2086 0.45
2087 0.45
2088 0.45
2089 0.45
2090 0.45
2091 0.45
2092 0.45
2093 0.45
2094 0.45
2095 0.45
2096 0.45
2097 0.45
2098 0.45
2099 0.45
2100 0.45
2101 0.45
2102 0.45
2103 0.45
2104 0.45
2105 0.45
2106 0.45
2107 0.45
2108 0.45
2109 0.45
2110 0.45
2111 0.45
2112 0.45
2113 0.45
2114 0.45
2115 0.45
2116 0.45
2117 0.45
2118 0.45
2119 0.45
2120 0.45
2121 0.45
2122 0.45
2123 0.45
2124 0.45
2125 0.45
2126 0.45
2127 0.45
2128 0.45
2129 0.45
2130 0.45
2131 0.45
2132 0.45
2133 0.45
2134 0.45
2135 0.45
2136 0.45
2137 0.45
2138 0.45
2139 0.45
2140 0.45
2141 0.45
2142 0.45
2143 0.45
2144 0.45
2145 0.45
2146 0.45
2147 0.45
2148 0.45
2149 0.45
2150 0.45
2151 0.45
2152 0.45
2153 0.45
2154 0.45
2155 0.45
2156 0.45
2157 0.45
2158 0.45
2159 0.45
2160 0.45
2161 0.45
2162 0.45
2163 0.45
2164 0.45
2165 0.45
2166 0.45
2167 0.45
2168 0.45
2169 0.45
2170 0.45
2171 0.45
2172 0.45
2173 0.45
2174 0.45
2175 0.45
2176 0.45
2177 0.45
2178 0.45
2179 0.45
2180 0.45
2181 0.45
2182 0.45
2183 0.45
2184 0.45
2185 0.45
2186 0.45
2187 0.45
2188 0.45
2189 0.45
2190 0.45
2191 0.45
2192 0.45
2193 0.45
2194 0.45
2195 0.45
2196 0.45
2197 0.45
2198 0.45
2199 0.45
2200 0.45
2201 0.45
2202 0.45
2203 0.45
2204 0.45
2205 0.45
2206 0.45
2207 0.45
2208 0.45
2209 0.45
2210 0.45
2211 0.45
2212 0.45
2213 0.45
2214 0.45
2215 0.45
2216 0.45
2217 0.45
2218 0.45
2219 0.45
2220 0.45
2221 0.45
2222 0.45
2223 0.45
2224 0.45
2225 0.45
2226 0.45
2227 0.45
2228 0.45
2229 0.45
2230 0.45
2231 0.45
2232 0.45
2233 0.45
2234 0.45
2235 0.45
2236 0.45
2237 0.45
2238 0.45
2239 0.45
2240 0.45
2241 0.45
2242 0.45
2243 0.45
2244 0.45
2245 0.45
2246 0.45
2247 0.45
2248 0.45
2249 0.45
2250 0.45
2251 0.45
2252 0.45
2253 0.45
2254 0.45
2255 0.45
2256 0.45
2257 0.45
2258 0.45
2259 0.45
2260 0.45
2261 0.45
2262 0.45
2263 0.45
2264 0.45
2265 0.45
2266 0.45
2267 0.45
2268 0.45
2269 0.45
2270 0.45
2271 0.45
2272 0.45
2273 0.45
2274 0.45
2275 0.45
2276 0.45
2277 0.45
2278 0.45
2279 0.45
2280 0.45
2281 0.45
2282 0.45
2283 0.45
2284 0.45
2285 0.45
2286 0.45
2287 0.45
2288 0.45
2289 0.45
2290 0.45
2291 0.45
2292 0.45
2293 0.45
2294 0.45
2295 0.45
2296 0.45
2297 0.45
2298 0.45
2299 0.45
2300 0.45
2301 0.45
2302 0.45
2303 0.45
2304 0.45
2305 0.45
2306 0.45
2307 0.45
2308 0.45
2309 0.45
2310 0.45
2311 0.45
2312 0.45
2313 0.45
2314 0.45
2315 0.45
2316 0.45
2317 0.45
2318 0.45
2319 0.45
2320 0.45
2321 0.45
2322 0.45
2323 0.45
2324 0.45
2325 0.45
2326 0.45
2327 0.45
2328 0.45
2329 0.45
2330 0.45
2331 0.45
2332 0.45
2333 0.45
2334 0.45
2335 0.45
2336 0.45
2337 0.45
2338 0.45
2339 0.45
2340 0.45
2341 0.45
2342 0.45
2343 0.45
2344 0.45
2345 0.45
2346 0.45
2347 0.45
2348 0.45
2349 0.45
2350 0.45
2351 0.45
2352 0.45
2353 0.45
2354 0.45
2355 0.45
2356 0.45
2357 0.45
2358 0.45
2359 0.45
2360 0.45
2361 0.45
2362 0.45
2363 0.45
2364 0.45
2365 0.45
2366 0.45
2367 0.45
2368 0.45
2369 0.45
2370 0.45
2371 0.45
2372 0.45
2373 0.45
2374 0.45
2375 0.45
2376 0.45
2377 0.45
2378 0.45
2379 0.45
2380 0.45
2381 0.45
2382 0.45
2383 0.45
2384 0.45
2385 0.45
2386 0.45
2387 0.45
2388 0.45
2389 0.45
2390 0.45
2391 0.45
2392 0.45
2393 0.45
2394 0.45
2395 0.45
2396 0.45
2397 0.45
2398 0.45
2399 0.45
2400 0.45
2401 0.45
2402 0.45
2403 0.45
2404 0.45
2405 0.45
2406 0.45
2407 0.45
2408 0.45
2409 0.45
2410 0.45
2411 0.45
2412 0.45
2413 0.45
2414 0.45
2415 0.45
2416 0.45
2417 0.45
2418 0.45
2419 0.45
2420 0.45
2421 0.45
2422 0.45
2423 0.45
2424 0.45
2425 0.45
2426 0.45
2427 0.45
2428 0.45
2429 0.45
2430 0.45
2431 0.45
2432 0.45
2433 0.45
2434 0.45
2435 0.45
2436 0.45
2437 0.45
2438 0.45
2439 0.45
2440 0.45
2441 0.45
2442 0.45
2443 0.45
2444 0.45
2445 0.45
2446 0.45
2447 0.45
2448 0.45
2449 0.45
2450 0.45
2451 0.45
2452 0.45
2453 0.45
2454 0.45
2455 0.45
2456 0.45
2457 0.45
2458 0.45
2459 0.45
2460 0.45
2461 0.45
2462 0.45
2463 0.45
2464 0.45
2465 0.45
2466 0.45
2467 0.45
2468 0.45
2469 0.45
2470 0.45
2471 0.45
2472 0.45
2473 0.45
2474 0.45
2475 0.45
2476 0.45
2477 0.45
2478 0.45
2479 0.45
2480 0.45
2481 0.45
2482 0.45
2483 0.45
2484 0.45
2485 0.45
2486 0.45
2487 0.45
2488 0.45
2489 0.45
2490 0.45
2491 0.45
2492 0.45
2493 0.45
2494 0.45
2495 0.45
2496 0.45
2497 0.45
2498 0.45
2499 0.45
2500 0.45
2501 0.45
2502 0.45
2503 0.45
2504 0.45
2505 0.45
2506 0.45
2507 0.45
2508 0.45
2509 0.45
2510 0.45
2511 0.45
2512 0.45
2513 0.45
2514 0.45
2515 0.45
2516 0.45
2517 0.45
2518 0.45
2519 0.45
2520 0.45
2521 0.45
2522 0.45
2523 0.45
2524 0.45
2525 0.45
2526 0.45
2527 0.45
2528 0.45
2529 0.45
2530 0.45
2531 0.45
2532 0.45
2533 0.45
2534 0.45
2535 0.45
2536 0.45
2537 0.45
2538 0.45
2539 0.45
2540 0.45
2541 0.45
2542 0.45
2543 0.45
2544 0.45
2545 0.45
2546 0.45
2547 0.45
2548 0.45
2549 0.45
2550 0.45
2551 0.45
2552 0.45
2553 0.45
2554 0.45
2555 0.45
2556 0.45
2557 0.45
2558 0.45
2559 0.45
2560 0.45
2561 0.45
2562 0.45
2563 0.45
2564 0.45
2565 0.45
2566 0.45
2567 0.45
2568 0.45
2569 0.45
2570 0.45
2571 0.45
2572 0.45
2573 0.45
2574 0.45
2575 0.45
2576 0.45
2577 0.45
2578 0.45
2579 0.45
2580 0.45
2581 0.45
2582 0.45
2583 0.45
2584 0.45
2585 0.45
2586 0.45
2587 0.45
2588 0.45
2589 0.45
2590 0.45
2591 0.45
2592 0.45
2593 0.45
2594 0.45
2595 0.45
2596 0.45
2597 0.45
2598 0.45
2599 0.45
2600 0.45
2601 0.45
2602 0.45
2603 0.45
2604 0.45
2605 0.45
2606 0.45
2607 0.45
2608 0.45
2609 0.45
2610 0.45
2611 0.45
2612 0.45
2613 0.45
2614 0.45
2615 0.45
2616 0.45
2617 0.45
2618 0.45
2619 0.45
2620 0.45
2621 0.45
2622 0.45
2623 0.45
2624 0.45
2625 0.45
2626 0.45
2627 0.45
2628 0.45
2629 0.45
2630 0.45
2631 0.45
2632 0.45
2633 0.45
2634 0.45
2635 0.45
2636 0.45
2637 0.45
2638 0.45
2639 0.45
2640 0.45
2641 0.45
2642 0.45
2643 0.45
2644 0.45
2645 0.45
2646 0.45
2647 0.45
2648 0.45
2649 0.45
2650 0.45
2651 0.45
2652 0.45
2653 0.45
2654 0.45
2655 0.45
2656 0.45
2657 0.45
2658 0.45
2659 0.45
2660 0.45
2661 0.45
2662 0.45
2663 0.45
2664 0.45
2665 0.45
2666 0.45
2667 0.45
2668 0.45
2669 0.45
2670 0.45
2671 0.45
2672 0.45
2673 0.45
2674 0.45
2675 0.45
2676 0.45
2677 0.45
2678 0.45
2679 0.45
2680 0.45
2681 0.45
2682 0.45
2683 0.45
2684 0.45
2685 0.45
2686 0.45
2687 0.45
2688 0.45
2689 0.45
2690 0.45
2691 0.45
2692 0.45
2693 0.45
2694 0.45
2695 0.45
2696 0.45
2697 0.45
2698 0.45
2699 0.45
2700 0.45
2701 0.45
2702 0.45
2703 0.45
2704 0.45
2705 0.45
2706 0.45
2707 0.45
2708 0.45
2709 0.45
2710 0.45
2711 0.45
2712 0.45
2713 0.45
2714 0.45
2715 0.45
2716 0.45
2717 0.45
2718 0.45
2719 0.45
2720 0.45
2721 0.45
2722 0.45
2723 0.45
2724 0.45
2725 0.45
2726 0.45
2727 0.45
2728 0.45
2729 0.45
2730 0.45
2731 0.45
2732 0.45
2733 0.45
2734 0.45
2735 0.45
2736 0.45
2737 0.45
2738 0.45
2739 0.45
2740 0.45
2741 0.45
2742 0.45
2743 0.45
2744 0.45
2745 0.45
2746 0.45
2747 0.45
2748 0.45
2749 0.45
2750 0.45
2751 0.45
2752 0.45
2753 0.45
2754 0.45
2755 0.45
2756 0.45
2757 0.45
2758 0.45
2759 0.45
2760 0.45
2761 0.45
2762 0.45
2763 0.45
2764 0.45
2765 0.45
2766 0.45
2767 0.45
2768 0.45
2769 0.45
2770 0.45
2771 0.45
2772 0.45
2773 0.45
2774 0.45
2775 0.45
2776 0.45
2777 0.45
2778 0.45
2779 0.45
2780 0.45
2781 0.45
2782 0.45
2783 0.45
2784 0.45
2785 0.45
2786 0.45
2787 0.45
2788 0.45
2789 0.45
2790 0.45
2791 0.45
2792 0.45
2793 0.45
2794 0.45
2795 0.45
2796 0.45
2797 0.45
2798 0.45
2799 0.45
2800 0.45
2801 0.45
2802 0.45
2803 0.45
2804 0.45
2805 0.45
2806 0.45
2807 0.45
2808 0.45
2809 0.45
2810 0.45
2811 0.45
2812 0.45
2813 0.45
2814 0.45
2815 0.45
2816 0.45
2817 0.45
2818 0.45
2819 0.45
2820 0.45
2821 0.45
2822 0.45
2823 0.45
2824 0.45
2825 0.45
2826 0.45
2827 0.45
2828 0.45
2829 0.45
2830 0.45
2831 0.45
2832 0.45
2833 0.45
2834 0.45
2835 0.45
2836 0.45
2837 0.45
2838 0.45
2839 0.45
2840 0.45
2841 0.45
2842 0.45
2843 0.45
2844 0.45
2845 0.45
2846 0.45
2847 0.45
2848 0.45
2849 0.45
2850 0.45
2851 0.45
2852 0.45
2853 0.45
2854 0.45
2855 0.45
2856 0.45
2857 0.45
2858 0.45
2859 0.45
2860 0.45
2861 0.45
2862 0.45
2863 0.45
2864 0.45
2865 0.45
2866 0.45
2867 0.45
2868 0.45
2869 0.45
2870 0.45
2871 0.45
2872 0.45
2873 0.45
2874 0.45
2875 0.45
2876 0.45
2877 0.45
2878 0.45
2879 0.45
2880 0.45
2881 0.45
2882 0.45
2883 0.45
2884 0.45
2885 0.45
2886 0.45
2887 0.45
2888 0.45
2889 0.45
2890 0.45
2891 0.45
2892 0.45
2893 0.45
2894 0.45
2895 0.45
2896 0.45
2897 0.45
2898 0.45
2899 0.45
2900 0.45
2901 0.45
2902 0.45
2903 0.45
2904 0.45
2905 0.45
2906 0.45
2907 0.45
2908 0.45
2909 0.45
2910 0.45
2911 0.45
2912 0.45
2913 0.45
2914 0.45
2915 0.45
2916 0.45
2917 0.45
2918 0.45
2919 0.45
2920 0.45
2921 0.45
2922 0.45
2923 0.45
2924 0.45
2925 0.45
2926 0.45
2927 0.45
2928 0.45
2929 0.45
2930 0.45
2931 0.45
2932 0.45
2933 0.45
2934 0.45
2935 0.45
2936 0.45
2937 0.45
2938 0.45
2939 0.45
2940 0.45
2941 0.45
2942 0.45
2943 0.45
2944 0.45
2945 0.45
2946 0.45
2947 0.45
2948 0.45
2949 0.45
2950 0.45
2951 0.45
2952 0.45
2953 0.45
2954 0.45
2955 0.45
2956 0.45
2957 0.45
2958 0.45
2959 0.45
2960 0.45
2961 0.45
2962 0.45
2963 0.45
2964 0.45
2965 0.45
2966 0.45
2967 0.45
2968 0.45
2969 0.45
2970 0.45
2971 0.45
2972 0.45
2973 0.45
2974 0.45
2975 0.45
2976 0.45
2977 0.45
2978 0.45
2979 0.45
2980 0.45
2981 0.45
2982 0.45
2983 0.45
2984 0.45
2985 0.45
2986 0.45
2987 0.45
2988 0.45
2989 0.45
2990 0.45
2991 0.45
2992 0.45
2993 0.45
2994 0.45
2995 0.45
2996 0.45
2997 0.45
2998 0.45
2999 0.45
