0 190.84
30 210.93
60 191.27
90 203.91
120 209.69
150 206.31
180 242.53
210 309.20
240 262.11
270 276.93
300 270.40
330 270.47
360 271.71
390 272.13
420 287.36
450 281.84
480 273.73
510 282.31
540 285.53
570 266.69
600 309.89
630 295.33
660 274.04
690 284.31
720 289.00
750 289.13
780 271.58
810 270.58
840 281.33
870 290.87
900 303.53
930 303.71
960 314.02
990 301.58
1020 281.84
1050 268.60
1080 263.82
1110 271.51
1140 299.47
1170 288.31
1200 273.33
1230 278.98
1260 295.18
1290 296.78
1320 285.47
1350 278.69
1380 303.36
1410 334.18
1440 314.20
1470 320.40
1500 310.62
1530 324.53
1560 308.29
1590 309.60
1620 321.27
1650 313.44
1680 332.40
1710 323.27
1740 312.80
1770 320.82
1800 287.62
1830 311.56
1860 317.91
1890 308.07
1920 324.36
1950 318.64
1980 314.71
2010 291.87
2040 312.42
2070 304.44
2100 300.80
2130 335.36
2160 301.20
2190 326.80
2220 317.49
2250 306.64
2280 312.82
2310 312.60
2340 311.89
2370 306.40
2400 345.47
2430 340.98
2460 301.51
2490 322.20
2520 316.02
2550 312.42
2580 326.64
2610 315.11
2640 328.40
2670 339.58
2700 306.33
2730 311.40
2760 322.69
2790 270.56
2820 289.33
2850 309.93
2880 317.51
2910 298.73
2940 311.33
2970 279.16
