0 0.40
30 0.40
60 0.39
90 0.33
120 0.37
150 0.25
180 0.31
210 0.06
240 0.08
270 0.01
300 0.03
330 0.06
360 0.02
390 0.33
420 0.33
450 0.35
480 0.35
510 0.30
540 0.35
570 0.32
600 0.38
630 0.35
660 0.33
690 0.32
720 0.35
750 0.28
780 0.39
810 0.36
840 0.33
870 0.35
900 0.33
930 0.33
960 0.30
990 0.41
1020 0.39
1050 0.37
1080 0.39
1110 0.42
1140 0.36
1170 0.41
1200 0.40
1230 0.39
1260 0.38
1290 0.39
1320 0.41
1350 0.36
1380 0.38
1410 0.30
1440 0.26
1470 0.28
1500 0.29
1530 0.29
1560 0.29
1590 0.38
1620 0.39
1650 0.36
1680 0.34
1710 0.41
1740 0.35
1770 0.40
1800 0.38
1830 0.37
1860 0.36
1890 0.38
1920 0.37
1950 0.34
1980 0.42
2010 0.40
2040 0.40
2070 0.39
2100 0.40
2130 0.39
2160 0.40
2190 0.42
2220 0.42
2250 0.42
2280 0.42
2310 0.42
2340 0.41
2370 0.43
2400 0.41
2430 0.43
2460 0.42
2490 0.41
2520 0.39
2550 0.39
2580 0.45
2610 0.43
2640 0.43
2670 0.43
2700 0.44
2730 0.42
2760 0.42
2790 0.44
2820 0.43
2850 0.42
2880 0.43
2910 0.44
2940 0.42
2970 0.43
