0 0.49
1 0.44
2 0.49
3 0.49
4 0.49
5 0.49
6 0.49
7 0.49
8 0.49
9 0.49
10 0.49
11 0.49
12 0.49
13 0.49
14 -0.25
15 -0.26
16 0.49
17 0.49
18 0.49
19 0.49
20 0.26
21 0.49
22 0.49
23 0.49
24 0.49
25 0.49
26 -0.28
27 0.49
28 0.36
29 0.49
30 0.40
31 0.49
32 0.44
33 0.49
34 0.44
35 0.49
36 0.49
37 0.49
38 0.49
39 0.49
40 0.49
41 -0.20
42 0.49
43 0.49
44 0.44
45 0.49
46 0.49
47 0.40
48 -0.20
49 0.32
50 -0.29
51 0.49
52 0.49
53 0.49
54 0.49
55 0.49
56 0.49
57 0.49
58 0.49
59 0.49
60 0.49
61 0.49
62 0.49
63 0.40
64 0.49
65 0.49
66 0.49
67 0.49
68 0.49
69 0.36
70 0.49
71 0.40
72 0.49
73 -0.31
74 0.49
75 -0.18
76 0.49
77 0.49
78 0.49
79 0.49
80 0.49
81 0.49
82 0.49
83 0.49
84 0.49
85 0.49
86 -0.29
87 0.49
88 0.16
89 0.32
90 0.36
91 0.49
92 0.49
93 0.40
94 0.32
95 0.49
96 0.49
97 0.49
98 0.49
99 0.49
100 0.49
101 0.49
102 0.49
103 0.49
104 0.40
105 -0.25
106 0.49
107 0.49
108 0.49
109 0.49
110 0.49
111 0.49
112 -0.26
113 -0.29
114 0.40
115 0.49
116 -0.32
117 0.49
118 -0.29
119 0.24
120 -0.29
121 0.49
122 0.49
123 0.49
124 0.49
125 0.49
126 0.49
127 0.49
128 0.49
129 0.44
130 0.29
131 0.40
132 -0.36
133 0.49
134 0.49
135 0.49
136 -0.28
137 0.49
138 -0.19
139 0.40
140 0.49
141 0.49
142 0.49
143 0.49
144 0.44
145 0.49
146 0.49
147 0.49
148 0.49
149 0.49
150 -0.31
151 -0.32
152 0.49
153 0.49
154 0.49
155 0.49
156 -0.31
157 0.49
158 -0.26
159 0.49
160 0.49
161 0.49
162 0.49
163 -0.24
164 0.49
165 0.44
166 0.44
167 0.49
168 -0.25
169 0.49
170 0.36
171 0.44
172 0.49
173 0.44
174 0.49
175 0.49
176 -0.28
177 -0.21
178 -0.20
179 0.49
180 0.40
181 0.49
182 -0.23
183 0.49
184 0.49
185 0.49
186 0.49
187 0.49
188 0.49
189 0.49
190 0.49
191 0.49
192 -0.28
193 0.49
194 -0.20
195 0.49
196 0.49
197 0.49
198 0.49
199 0.49
200 -0.08
201 -0.11
202 -0.09
203 -0.34
204 0.42
205 0.42
206 0.42
207 0.42
208 0.42
209 0.42
210 0.42
211 0.42
212 0.42
213 0.42
214 0.42
215 -0.28
216 -0.08
217 -0.05
218 -0.26
219 -0.26
220 -0.29
221 -0.09
222 -0.05
223 0.42
224 -0.32
225 -0.09
226 -0.09
227 -0.07
228 -0.24
229 0.42
230 -0.28
231 -0.09
232 0.42
233 0.42
234 -0.10
235 -0.08
236 0.42
237 0.42
238 -0.09
239 -0.10
240 0.42
241 -0.26
242 -0.09
243 0.42
244 -0.09
245 -0.08
246 0.42
247 -0.26
248 -0.21
249 -0.31
250 -0.07
251 0.42
252 -0.36
253 -0.08
254 0.42
255 -0.09
256 0.42
257 0.42
258 0.42
259 0.42
260 0.42
261 -0.25
262 0.42
263 -0.25
264 0.42
265 0.42
266 -0.34
267 -0.08
268 -0.09
269 -0.26
270 0.42
271 -0.29
272 0.42
273 -0.09
274 0.42
275 -0.04
276 0.42
277 -0.08
278 0.42
279 0.42
280 0.42
281 -0.24
282 0.42
283 -0.10
284 -0.07
285 -0.10
286 -0.08
287 -0.07
288 -0.32
289 -0.25
290 -0.32
291 -0.09
292 0.42
293 -0.26
294 -0.31
295 -0.28
296 -0.29
297 -0.08
298 -0.10
299 -0.07
300 -0.12
301 0.42
302 0.42
303 -0.29
304 -0.21
305 -0.07
306 0.42
307 -0.34
308 -0.07
309 -0.10
310 -0.32
311 0.42
312 -0.28
313 0.42
314 -0.29
315 0.42
316 0.42
317 -0.08
318 0.42
319 -0.31
320 0.42
321 -0.29
322 -0.08
323 -0.07
324 0.42
325 0.42
326 -0.31
327 -0.29
328 -0.10
329 -0.10
330 -0.31
331 -0.28
332 -0.11
333 0.42
334 -0.11
335 0.42
336 0.42
337 0.42
338 -0.20
339 -0.28
340 0.42
341 -0.09
342 -0.25
343 -0.08
344 -0.10
345 0.42
346 0.42
347 -0.07
348 0.42
349 -0.09
350 -0.09
351 -0.10
352 0.42
353 -0.08
354 -0.28
355 0.42
356 -0.09
357 -0.06
358 0.42
359 -0.11
360 0.42
361 0.42
362 0.42
363 -0.31
364 -0.05
365 -0.09
366 -0.07
367 0.42
368 -0.31
369 -0.31
370 -0.25
371 -0.09
372 0.42
373 -0.08
374 -0.08
375 0.42
376 -0.09
377 -0.26
378 -0.21
379 0.42
380 -0.31
381 -0.11
382 -0.25
383 0.42
384 0.42
385 -0.10
386 -0.34
387 -0.06
388 0.42
389 -0.09
390 0.42
391 0.42
392 -0.10
393 -0.08
394 -0.28
395 -0.08
396 0.42
397 0.42
398 0.42
399 0.42
400 0.44
401 0.14
402 0.44
403 0.44
404 0.44
405 0.44
406 0.44
407 0.44
408 0.44
409 0.44
410 0.44
411 0.44
412 0.44
413 0.44
414 0.13
415 0.14
416 0.44
417 0.44
418 0.44
419 0.44
420 0.15
421 0.44
422 0.44
423 0.44
424 0.44
425 0.44
426 0.11
427 0.44
428 0.12
429 0.44
430 0.14
431 0.44
432 0.12
433 0.44
434 0.14
435 0.44
436 0.44
437 0.44
438 0.44
439 0.44
440 0.44
441 0.13
442 0.44
443 0.44
444 0.14
445 0.44
446 0.44
447 0.12
448 0.11
449 0.14
450 0.12
451 0.44
452 0.44
453 0.44
454 0.44
455 0.44
456 0.44
457 0.44
458 0.44
459 0.44
460 0.12
461 0.44
462 0.44
463 0.12
464 0.44
465 0.44
466 0.44
467 0.12
468 0.44
469 0.12
470 0.44
471 0.13
472 0.44
473 0.12
474 0.44
475 0.08
476 0.44
477 0.44
478 0.44
479 0.44
480 0.44
481 0.44
482 0.44
483 0.44
484 0.44
485 0.44
486 0.12
487 0.44
488 0.15
489 0.14
490 0.14
491 0.44
492 0.44
493 0.11
494 0.14
495 0.44
496 0.44
497 0.44
498 0.44
499 0.44
500 0.44
501 0.44
502 0.44
503 0.44
504 0.10
505 0.10
506 0.44
507 0.44
508 0.12
509 0.44
510 0.44
511 0.44
512 0.13
513 0.14
514 0.14
515 0.44
516 0.14
517 0.44
518 0.14
519 0.15
520 0.13
521 0.44
522 0.44
523 0.44
524 0.44
525 0.44
526 0.44
527 0.44
528 0.44
529 0.13
530 0.13
531 0.13
532 0.14
533 0.44
534 0.44
535 0.44
536 0.12
537 0.44
538 0.09
539 0.14
540 0.44
541 0.44
542 0.44
543 0.44
544 0.12
545 0.44
546 0.44
547 0.44
548 0.44
549 0.44
550 0.13
551 0.14
552 0.44
553 0.44
554 0.44
555 0.44
556 0.13
557 0.44
558 0.14
559 0.44
560 0.44
561 0.44
562 0.44
563 0.14
564 0.44
565 0.14
566 0.14
567 0.44
568 0.14
569 0.44
570 0.12
571 0.12
572 0.44
573 0.10
574 0.09
575 0.44
576 0.11
577 0.12
578 0.10
579 0.44
580 0.14
581 0.44
582 0.12
583 0.44
584 0.44
585 0.44
586 0.44
587 0.44
588 0.44
589 0.44
590 0.44
591 0.44
592 0.12
593 0.44
594 0.14
595 0.44
596 0.44
597 0.44
598 0.44
599 0.44
600 0.44
601 0.14
602 0.44
603 0.44
604 0.44
605 0.44
606 0.44
607 0.44
608 0.44
609 0.44
610 0.44
611 0.44
612 0.44
613 0.44
614 0.13
615 0.14
616 0.44
617 0.44
618 0.44
619 0.44
620 0.15
621 0.44
622 0.44
623 0.44
624 0.44
625 0.44
626 0.11
627 0.44
628 0.12
629 0.44
630 0.14
631 0.44
632 0.12
633 0.44
634 0.14
635 0.44
636 0.44
637 0.44
638 0.44
639 0.44
640 0.44
641 0.13
642 0.44
643 0.44
644 0.14
645 0.44
646 0.44
647 0.12
648 0.11
649 0.14
650 0.12
651 0.44
652 0.44
653 0.44
654 0.44
655 0.44
656 0.44
657 0.44
658 0.44
659 0.44
660 0.12
661 0.44
662 0.44
663 0.12
664 0.44
665 0.44
666 0.44
667 0.12
668 0.44
669 0.12
670 0.44
671 0.13
672 0.44
673 0.12
674 0.44
675 0.08
676 0.44
677 0.44
678 0.44
679 0.44
680 0.44
681 0.44
682 0.44
683 0.44
684 0.44
685 0.44
686 0.12
687 0.44
688 0.15
689 0.14
690 0.14
691 0.44
692 0.44
693 0.11
694 0.14
695 0.44
696 0.44
697 0.44
698 0.44
699 0.44
700 0.44
701 0.44
702 0.44
703 0.44
704 0.10
705 0.10
706 0.44
707 0.44
708 0.12
709 0.44
710 0.44
711 0.44
712 0.13
713 0.14
714 0.14
715 0.44
716 0.14
717 0.44
718 0.14
719 0.15
720 0.13
721 0.44
722 0.44
723 0.44
724 0.44
725 0.44
726 0.44
727 0.44
728 0.44
729 0.13
730 0.13
731 0.13
732 0.14
733 0.44
734 0.44
735 0.44
736 0.12
737 0.44
738 0.09
739 0.14
740 0.44
741 0.44
742 0.44
743 0.44
744 0.12
745 0.44
746 0.44
747 0.44
748 0.44
749 0.44
750 0.13
751 0.14
752 0.44
753 0.44
754 0.44
755 0.44
756 0.13
757 0.44
758 0.14
759 0.44
760 0.44
761 0.44
762 0.44
763 0.14
764 0.44
765 0.14
766 0.14
767 0.44
768 0.14
769 0.44
770 0.12
771 0.12
772 0.44
773 0.10
774 0.09
775 0.44
776 0.11
777 0.12
778 0.10
779 0.44
780 0.14
781 0.44
782 0.12
783 0.44
784 0.44
785 0.44
786 0.44
787 0.44
788 0.44
789 0.44
790 0.44
791 0.44
792 0.12
793 0.44
794 0.14
795 0.44
796 0.44
797 0.44
798 0.44
799 0.44
800 0.44
801 0.14
802 0.44
803 0.44
804 0.44
805 0.44
806 0.44
807 0.44
808 0.44
809 0.44
810 0.44
811 0.44
812 0.44
813 0.44
814 0.13
815 0.14
816 0.44
817 0.44
818 0.44
819 0.44
820 0.15
821 0.44
822 0.44
823 0.44
824 0.44
825 0.44
826 0.11
827 0.44
828 0.12
829 0.44
830 0.14
831 0.44
832 0.12
833 0.44
834 0.14
835 0.44
836 0.44
837 0.44
838 0.44
839 0.44
840 0.44
841 0.13
842 0.44
843 0.44
844 0.14
845 0.44
846 0.44
847 0.12
848 0.11
849 0.14
850 0.12
851 0.44
852 0.44
853 0.44
854 0.44
855 0.44
856 0.44
857 0.44
858 0.44
859 0.44
860 0.12
861 0.44
862 0.44
863 0.12
864 0.44
865 0.44
866 0.44
867 0.12
868 0.44
869 0.12
870 0.44
871 0.13
872 0.44
873 0.12
874 0.44
875 0.08
876 0.44
877 0.44
878 0.44
879 0.44
880 0.44
881 0.44
882 0.44
883 0.44
884 0.44
885 0.44
886 0.12
887 0.44
888 0.15
889 0.14
890 0.14
891 0.44
892 0.44
893 0.11
894 0.14
895 0.44
896 0.44
897 0.44
898 0.44
899 0.44
900 0.44
901 0.44
902 0.44
903 0.44
904 0.10
905 0.10
906 0.44
907 0.44
908 0.12
909 0.44
910 0.44
911 0.44
912 0.13
913 0.14
914 0.14
915 0.44
916 0.14
917 0.44
918 0.14
919 0.15
920 0.13
921 0.44
922 0.44
923 0.44
924 0.44
925 0.44
926 0.44
927 0.44
928 0.44
929 0.13
930 0.13
931 0.13
932 0.14
933 0.44
934 0.44
935 0.44
936 0.12
937 0.44
938 0.09
939 0.14
940 0.44
941 0.44
942 0.44
943 0.44
944 0.12
945 0.44
946 0.44
947 0.44
948 0.44
949 0.44
950 0.13
951 0.14
952 0.44
953 0.44
954 0.44
955 0.44
956 0.13
957 0.44
958 0.14
959 0.44
960 0.44
961 0.44
962 0.44
963 0.14
964 0.44
965 0.14
966 0.14
967 0.44
968 0.14
969 0.44
970 0.12
971 0.12
972 0.44
973 0.10
974 0.09
975 0.44
976 0.11
977 0.12
978 0.10
979 0.44
980 0.14
981 0.44
982 0.12
983 0.44
984 0.44
985 0.44
986 0.44
987 0.44
988 0.44
989 0.44
990 0.44
991 0.44
992 0.12
993 0.44
994 0.14
995 0.44
996 0.44
997 0.44
998 0.44
999 0.44
1000 0.44
1001 0.42
1002 0.44
1003 0.44
1004 0.44
1005 0.40
1006 0.44
1007 0.44
1008 0.40
1009 0.44
1010 0.44
1011 0.44
1012 0.40
1013 0.44
1014 0.42
1015 0.42
1016 0.44
1017 0.44
1018 0.44
1019 0.38
1020 0.42
1021 0.44
1022 0.44
1023 0.40
1024 0.44
1025 0.44
1026 0.11
1027 0.12
1028 0.42
1029 0.44
1030 0.42
1031 0.44
1032 0.42
1033 0.44
1034 0.42
1035 0.44
1036 0.44
1037 0.44
1038 0.44
1039 0.11
1040 0.44
1041 0.42
1042 0.44
1043 0.40
1044 0.42
1045 0.36
1046 0.40
1047 0.42
1048 0.42
1049 0.42
1050 0.12
1051 0.44
1052 0.44
1053 0.44
1054 0.09
1055 0.44
1056 0.44
1057 0.44
1058 0.44
1059 0.44
1060 0.42
1061 0.44
1062 0.44
1063 0.42
1064 0.44
1065 0.44
1066 0.44
1067 0.42
1068 0.44
1069 0.42
1070 0.44
1071 0.42
1072 0.44
1073 0.13
1074 0.44
1075 0.08
1076 0.44
1077 0.11
1078 0.12
1079 0.44
1080 0.44
1081 0.44
1082 0.44
1083 0.44
1084 0.10
1085 0.12
1086 0.12
1087 0.44
1088 0.42
1089 0.42
1090 0.42
1091 0.44
1092 0.44
1093 0.42
1094 0.42
1095 0.38
1096 0.44
1097 0.44
1098 0.44
1099 0.44
1100 0.44
1101 0.44
1102 0.44
1103 0.38
1104 0.42
1105 0.10
1106 0.44
1107 0.44
1108 0.42
1109 0.44
1110 0.44
1111 0.44
1112 0.42
1113 0.42
1114 0.42
1115 0.44
1116 0.42
1117 0.44
1118 0.42
1119 0.42
1120 0.42
1121 0.44
1122 0.44
1123 0.44
1124 0.44
1125 0.44
1126 0.44
1127 0.44
1128 0.44
1129 0.42
1130 0.42
1131 0.42
1132 0.15
1133 0.44
1134 0.44
1135 0.44
1136 0.42
1137 0.44
1138 0.42
1139 0.42
1140 0.44
1141 0.44
1142 0.44
1143 0.44
1144 0.42
1145 0.40
1146 0.44
1147 0.09
1148 0.44
1149 0.44
1150 0.14
1151 0.14
1152 0.44
1153 0.38
1154 0.38
1155 0.40
1156 0.14
1157 0.11
1158 0.42
1159 0.44
1160 0.44
1161 0.40
1162 0.40
1163 0.42
1164 0.44
1165 0.42
1166 0.42
1167 0.14
1168 0.42
1169 0.44
1170 0.42
1171 0.42
1172 0.40
1173 0.42
1174 0.42
1175 0.44
1176 0.12
1177 0.42
1178 0.42
1179 0.44
1180 0.42
1181 0.44
1182 0.42
1183 0.44
1184 0.44
1185 0.44
1186 0.44
1187 0.44
1188 0.44
1189 0.40
1190 0.44
1191 0.44
1192 0.13
1193 0.44
1194 0.42
1195 0.44
1196 0.44
1197 0.44
1198 0.40
1199 0.44
1200 0.42
1201 0.36
1202 0.44
1203 0.44
1204 0.44
1205 0.40
1206 0.44
1207 0.44
1208 0.40
1209 0.44
1210 0.44
1211 0.44
1212 0.40
1213 0.44
1214 0.07
1215 0.32
1216 0.44
1217 0.44
1218 0.44
1219 0.21
1220 0.21
1221 0.44
1222 0.44
1223 0.40
1224 0.44
1225 0.44
1226 0.40
1227 0.40
1228 0.42
1229 0.44
1230 0.32
1231 0.44
1232 0.36
1233 0.44
1234 0.36
1235 0.44
1236 0.44
1237 0.44
1238 0.44
1239 0.36
1240 0.44
1241 0.42
1242 0.44
1243 0.40
1244 0.36
1245 0.36
1246 0.40
1247 0.26
1248 0.32
1249 0.26
1250 0.40
1251 0.44
1252 0.44
1253 0.44
1254 0.06
1255 0.44
1256 0.44
1257 0.44
1258 0.44
1259 0.42
1260 0.42
1261 0.44
1262 0.44
1263 0.42
1264 0.44
1265 0.44
1266 0.44
1267 0.42
1268 0.44
1269 0.29
1270 0.44
1271 0.26
1272 0.44
1273 0.40
1274 0.44
1275 0.40
1276 0.44
1277 0.40
1278 0.36
1279 0.44
1280 0.44
1281 0.44
1282 0.44
1283 0.44
1284 0.40
1285 0.10
1286 0.11
1287 0.44
1288 0.13
1289 0.26
1290 0.29
1291 0.44
1292 0.44
1293 0.42
1294 0.26
1295 0.32
1296 0.44
1297 0.44
1298 0.44
1299 0.44
1300 0.44
1301 0.44
1302 0.44
1303 0.32
1304 0.32
1305 0.38
1306 0.44
1307 0.44
1308 0.42
1309 0.44
1310 0.44
1311 0.44
1312 0.32
1313 0.36
1314 0.32
1315 0.44
1316 0.36
1317 0.44
1318 0.36
1319 0.19
1320 0.36
1321 0.44
1322 0.44
1323 0.44
1324 0.44
1325 0.44
1326 0.44
1327 0.44
1328 0.44
1329 0.36
1330 0.42
1331 0.32
1332 0.40
1333 0.44
1334 0.44
1335 0.44
1336 0.36
1337 0.44
1338 0.42
1339 0.32
1340 0.44
1341 0.44
1342 0.44
1343 0.44
1344 0.42
1345 0.40
1346 0.44
1347 0.09
1348 0.44
1349 0.44
1350 0.40
1351 0.40
1352 0.42
1353 0.38
1354 0.19
1355 0.40
1356 0.40
1357 0.40
1358 0.10
1359 0.44
1360 0.42
1361 0.40
1362 0.40
1363 0.32
1364 0.44
1365 0.36
1366 0.36
1367 0.36
1368 0.32
1369 0.44
1370 0.24
1371 0.34
1372 0.40
1373 0.42
1374 0.42
1375 0.44
1376 0.10
1377 0.42
1378 0.42
1379 0.42
1380 0.32
1381 0.44
1382 0.32
1383 0.44
1384 0.44
1385 0.44
1386 0.44
1387 0.42
1388 0.44
1389 0.40
1390 0.44
1391 0.44
1392 0.40
1393 0.44
1394 0.26
1395 0.44
1396 0.44
1397 0.44
1398 0.40
1399 0.44
1400 0.42
1401 0.18
1402 0.36
1403 0.19
1404 0.38
1405 0.26
1406 0.40
1407 0.40
1408 0.38
1409 0.31
1410 0.38
1411 0.40
1412 0.28
1413 0.40
1414 0.18
1415 0.26
1416 0.08
1417 0.10
1418 0.29
1419 0.32
1420 0.21
1421 0.38
1422 0.38
1423 0.34
1424 0.20
1425 0.40
1426 0.17
1427 0.18
1428 0.34
1429 0.38
1430 0.21
1431 0.36
1432 0.38
1433 0.38
1434 0.21
1435 0.32
1436 0.38
1437 0.38
1438 0.40
1439 0.21
1440 0.38
1441 0.17
1442 0.31
1443 0.24
1444 0.23
1445 0.17
1446 0.26
1447 0.19
1448 0.28
1449 0.21
1450 0.34
1451 0.40
1452 0.36
1453 0.18
1454 0.16
1455 0.40
1456 0.24
1457 0.36
1458 0.38
1459 0.08
1460 0.07
1461 0.36
1462 0.40
1463 0.19
1464 0.40
1465 0.38
1466 0.16
1467 0.17
1468 0.08
1469 0.36
1470 0.19
1471 0.38
1472 0.40
1473 0.21
1474 0.38
1475 0.05
1476 0.40
1477 0.19
1478 0.20
1479 0.40
1480 0.36
1481 0.15
1482 0.38
1483 0.31
1484 0.14
1485 0.18
1486 0.17
1487 0.26
1488 0.24
1489 0.36
1490 0.36
1491 0.40
1492 0.28
1493 0.29
1494 0.36
1495 0.34
1496 0.10
1497 0.40
1498 0.40
1499 0.07
1500 0.19
1501 0.34
1502 0.40
1503 0.20
1504 0.20
1505 0.08
1506 0.40
1507 0.34
1508 0.19
1509 0.36
1510 0.32
1511 0.40
1512 0.19
1513 0.18
1514 0.38
1515 0.38
1516 0.36
1517 0.40
1518 0.19
1519 0.24
1520 0.36
1521 0.26
1522 0.18
1523 0.34
1524 0.36
1525 0.38
1526 0.18
1527 0.36
1528 0.25
1529 0.24
1530 0.32
1531 0.17
1532 0.34
1533 0.32
1534 0.32
1535 0.36
1536 0.32
1537 0.38
1538 0.34
1539 0.18
1540 0.38
1541 0.40
1542 0.07
1543 0.38
1544 0.19
1545 0.23
1546 0.32
1547 0.12
1548 0.34
1549 0.36
1550 0.34
1551 0.19
1552 0.29
1553 0.31
1554 0.23
1555 0.24
1556 0.34
1557 0.07
1558 0.38
1559 0.40
1560 0.34
1561 0.21
1562 0.17
1563 0.38
1564 0.12
1565 0.20
1566 0.18
1567 0.17
1568 0.38
1569 0.32
1570 0.19
1571 0.38
1572 0.15
1573 0.17
1574 0.18
1575 0.36
1576 0.32
1577 0.23
1578 0.20
1579 0.34
1580 0.38
1581 0.38
1582 0.20
1583 0.40
1584 0.40
1585 0.40
1586 0.36
1587 0.42
1588 0.38
1589 0.34
1590 0.34
1591 0.34
1592 0.23
1593 0.09
1594 0.25
1595 0.21
1596 0.34
1597 0.38
1598 0.34
1599 0.40
1600 0.44
1601 0.42
1602 0.44
1603 0.44
1604 0.44
1605 0.40
1606 0.44
1607 0.44
1608 0.40
1609 0.44
1610 0.44
1611 0.44
1612 0.40
1613 0.44
1614 0.42
1615 0.42
1616 0.44
1617 0.44
1618 0.44
1619 0.38
1620 0.42
1621 0.44
1622 0.44
1623 0.40
1624 0.44
1625 0.44
1626 0.00
1627 0.40
1628 0.42
1629 0.44
1630 0.42
1631 0.44
1632 0.42
1633 0.44
1634 0.42
1635 0.44
1636 0.44
1637 0.44
1638 0.44
1639 0.00
1640 0.40
1641 0.42
1642 0.44
1643 0.40
1644 0.42
1645 0.36
1646 0.40
1647 0.42
1648 0.42
1649 0.42
1650 0.00
1651 0.40
1652 0.44
1653 0.44
1654 0.00
1655 0.40
1656 0.44
1657 0.44
1658 0.44
1659 0.44
1660 0.42
1661 0.44
1662 0.44
1663 0.42
1664 0.44
1665 0.44
1666 0.44
1667 0.42
1668 0.44
1669 0.42
1670 0.44
1671 0.42
1672 0.44
1673 0.00
1674 0.40
1675 0.00
1676 0.40
1677 0.00
1678 0.40
1679 0.44
1680 0.44
1681 0.44
1682 0.44
1683 0.44
1684 0.00
1685 0.00
1686 0.00
1687 0.00
1688 0.00
1689 0.40
1690 0.42
1691 0.44
1692 0.44
1693 0.42
1694 0.42
1695 0.38
1696 0.44
1697 0.44
1698 0.44
1699 0.44
1700 0.44
1701 0.44
1702 0.44
1703 0.38
1704 0.42
1705 0.00
1706 0.40
1707 0.44
1708 0.42
1709 0.44
1710 0.44
1711 0.44
1712 0.42
1713 0.42
1714 0.42
1715 0.44
1716 0.42
1717 0.44
1718 0.42
1719 0.42
1720 0.42
1721 0.44
1722 0.44
1723 0.44
1724 0.44
1725 0.44
1726 0.44
1727 0.44
1728 0.44
1729 0.42
1730 0.42
1731 0.42
1732 0.00
1733 0.40
1734 0.44
1735 0.44
1736 0.42
1737 0.44
1738 0.42
1739 0.42
1740 0.44
1741 0.44
1742 0.44
1743 0.44
1744 0.42
1745 0.40
1746 0.44
1747 0.00
1748 0.40
1749 0.44
1750 0.00
1751 0.40
1752 0.44
1753 0.38
1754 0.38
1755 0.40
1756 0.00
1757 0.00
1758 0.40
1759 0.44
1760 0.44
1761 0.40
1762 0.40
1763 0.42
1764 0.44
1765 0.42
1766 0.42
1767 0.00
1768 0.40
1769 0.44
1770 0.42
1771 0.42
1772 0.40
1773 0.42
1774 0.42
1775 0.44
1776 0.00
1777 0.40
1778 0.42
1779 0.44
1780 0.42
1781 0.44
1782 0.42
1783 0.44
1784 0.44
1785 0.44
1786 0.44
1787 0.44
1788 0.44
1789 0.40
1790 0.44
1791 0.44
1792 0.00
1793 0.40
1794 0.42
1795 0.44
1796 0.44
1797 0.44
1798 0.40
1799 0.44
1800 0.49
1801 0.31
1802 0.38
1803 0.24
1804 0.49
1805 0.28
1806 0.49
1807 0.49
1808 0.36
1809 0.49
1810 0.38
1811 0.49
1812 0.29
1813 0.49
1814 0.26
1815 0.29
1816 0.44
1817 0.44
1818 0.32
1819 0.36
1820 0.29
1821 0.49
1822 0.38
1823 0.34
1824 0.23
1825 0.49
1826 0.34
1827 0.25
1828 0.34
1829 0.49
1830 0.32
1831 0.38
1832 0.40
1833 0.49
1834 0.31
1835 0.44
1836 0.38
1837 0.49
1838 0.49
1839 0.21
1840 0.49
1841 0.26
1842 0.42
1843 0.23
1844 0.31
1845 0.34
1846 0.29
1847 0.26
1848 0.31
1849 0.29
1850 0.34
1851 0.49
1852 0.49
1853 0.21
1854 0.25
1855 0.49
1856 0.28
1857 0.44
1858 0.49
1859 0.49
1860 0.36
1861 0.49
1862 0.49
1863 0.24
1864 0.49
1865 0.49
1866 0.24
1867 0.36
1868 0.44
1869 0.36
1870 0.20
1871 0.32
1872 0.49
1873 0.26
1874 0.49
1875 0.44
1876 0.49
1877 0.17
1878 0.21
1879 0.49
1880 0.42
1881 0.21
1882 0.49
1883 0.38
1884 0.19
1885 0.23
1886 0.31
1887 0.44
1888 0.29
1889 0.36
1890 0.36
1891 0.49
1892 0.32
1893 0.36
1894 0.36
1895 0.31
1896 0.49
1897 0.49
1898 0.49
1899 0.42
1900 0.24
1901 0.44
1902 0.49
1903 0.20
1904 0.23
1905 0.44
1906 0.49
1907 0.36
1908 0.24
1909 0.38
1910 0.32
1911 0.49
1912 0.29
1913 0.28
1914 0.36
1915 0.49
1916 0.40
1917 0.49
1918 0.28
1919 0.29
1920 0.40
1921 0.36
1922 0.21
1923 0.42
1924 0.44
1925 0.49
1926 0.25
1927 0.49
1928 0.42
1929 0.31
1930 0.32
1931 0.20
1932 0.44
1933 0.42
1934 0.44
1935 0.44
1936 0.40
1937 0.49
1938 0.31
1939 0.32
1940 0.49
1941 0.49
1942 0.32
1943 0.49
1944 0.26
1945 0.28
1946 0.38
1947 0.14
1948 0.38
1949 0.38
1950 0.44
1951 0.29
1952 0.49
1953 0.28
1954 0.24
1955 0.28
1956 0.44
1957 0.44
1958 0.40
1959 0.49
1960 0.49
1961 0.40
1962 0.23
1963 0.38
1964 0.13
1965 0.31
1966 0.31
1967 0.25
1968 0.38
1969 0.49
1970 0.31
1971 0.28
1972 0.25
1973 0.31
1974 0.25
1975 0.44
1976 0.38
1977 0.26
1978 0.23
1979 0.49
1980 0.31
1981 0.49
1982 0.29
1983 0.49
1984 0.49
1985 0.49
1986 0.49
1987 0.49
1988 0.49
1989 0.42
1990 0.49
1991 0.42
1992 0.29
1993 0.42
1994 0.29
1995 0.25
1996 0.44
1997 0.49
1998 0.42
1999 0.49
2000 0.44
2001 0.32
2002 0.46
2003 0.44
2004 0.44
2005 0.36
2006 0.44
2007 0.44
2008 0.38
2009 0.46
2010 0.44
2011 0.44
2012 0.36
2013 0.44
2014 0.31
2015 0.34
2016 0.46
2017 0.46
2018 0.46
2019 0.36
2020 0.34
2021 0.46
2022 0.46
2023 0.42
2024 0.44
2025 0.44
2026 0.36
2027 0.32
2028 0.31
2029 0.44
2030 0.34
2031 0.46
2032 0.31
2033 0.44
2034 0.32
2035 0.46
2036 0.44
2037 0.44
2038 0.44
2039 0.28
2040 0.44
2041 0.36
2042 0.46
2043 0.36
2044 0.32
2045 0.34
2046 0.36
2047 0.36
2048 0.32
2049 0.34
2050 0.36
2051 0.44
2052 0.46
2053 0.44
2054 0.25
2055 0.44
2056 0.44
2057 0.46
2058 0.44
2059 0.46
2060 0.40
2061 0.46
2062 0.44
2063 0.36
2064 0.44
2065 0.44
2066 0.44
2067 0.31
2068 0.46
2069 0.34
2070 0.44
2071 0.40
2072 0.44
2073 0.36
2074 0.44
2075 0.29
2076 0.44
2077 0.32
2078 0.32
2079 0.44
2080 0.46
2081 0.44
2082 0.44
2083 0.44
2084 0.32
2085 0.32
2086 0.25
2087 0.46
2088 0.34
2089 0.34
2090 0.40
2091 0.44
2092 0.44
2093 0.34
2094 0.34
2095 0.29
2096 0.46
2097 0.44
2098 0.44
2099 0.46
2100 0.44
2101 0.46
2102 0.44
2103 0.29
2104 0.34
2105 0.34
2106 0.44
2107 0.46
2108 0.40
2109 0.46
2110 0.46
2111 0.44
2112 0.34
2113 0.29
2114 0.34
2115 0.44
2116 0.29
2117 0.44
2118 0.29
2119 0.34
2120 0.29
2121 0.44
2122 0.44
2123 0.46
2124 0.46
2125 0.44
2126 0.44
2127 0.46
2128 0.44
2129 0.32
2130 0.25
2131 0.34
2132 0.38
2133 0.46
2134 0.46
2135 0.46
2136 0.29
2137 0.44
2138 0.36
2139 0.34
2140 0.44
2141 0.44
2142 0.46
2143 0.46
2144 0.32
2145 0.36
2146 0.46
2147 0.28
2148 0.46
2149 0.46
2150 0.38
2151 0.36
2152 0.46
2153 0.34
2154 0.31
2155 0.36
2156 0.38
2157 0.42
2158 0.31
2159 0.44
2160 0.46
2161 0.38
2162 0.38
2163 0.40
2164 0.44
2165 0.32
2166 0.32
2167 0.32
2168 0.40
2169 0.46
2170 0.34
2171 0.26
2172 0.38
2173 0.34
2174 0.40
2175 0.46
2176 0.40
2177 0.36
2178 0.36
2179 0.46
2180 0.40
2181 0.46
2182 0.34
2183 0.44
2184 0.44
2185 0.44
2186 0.46
2187 0.44
2188 0.44
2189 0.42
2190 0.44
2191 0.46
2192 0.36
2193 0.44
2194 0.34
2195 0.44
2196 0.46
2197 0.44
2198 0.36
2199 0.44
2200 0.46
2201 0.44
2202 0.46
2203 0.36
2204 0.46
2205 0.38
2206 0.46
2207 0.46
2208 0.38
2209 0.46
2210 0.42
2211 0.46
2212 0.38
2213 0.46
2214 0.44
2215 0.44
2216 0.46
2217 0.46
2218 0.20
2219 0.36
2220 0.44
2221 0.46
2222 0.46
2223 0.42
2224 0.38
2225 0.46
2226 0.44
2227 0.34
2228 0.40
2229 0.46
2230 0.26
2231 0.46
2232 0.31
2233 0.46
2234 0.44
2235 0.42
2236 0.42
2237 0.46
2238 0.46
2239 0.28
2240 0.46
2241 0.40
2242 0.46
2243 0.40
2244 0.44
2245 0.38
2246 0.38
2247 0.44
2248 0.44
2249 0.44
2250 0.44
2251 0.46
2252 0.46
2253 0.42
2254 0.29
2255 0.46
2256 0.42
2257 0.42
2258 0.46
2259 0.46
2260 0.40
2261 0.46
2262 0.46
2263 0.40
2264 0.46
2265 0.46
2266 0.36
2267 0.31
2268 0.42
2269 0.44
2270 0.42
2271 0.40
2272 0.46
2273 0.36
2274 0.46
2275 0.29
2276 0.46
2277 0.40
2278 0.40
2279 0.46
2280 0.46
2281 0.36
2282 0.46
2283 0.42
2284 0.40
2285 0.32
2286 0.44
2287 0.42
2288 0.44
2289 0.44
2290 0.40
2291 0.46
2292 0.42
2293 0.40
2294 0.44
2295 0.40
2296 0.46
2297 0.46
2298 0.46
2299 0.46
2300 0.42
2301 0.42
2302 0.46
2303 0.34
2304 0.44
2305 0.34
2306 0.46
2307 0.46
2308 0.40
2309 0.46
2310 0.36
2311 0.46
2312 0.44
2313 0.44
2314 0.44
2315 0.46
2316 0.44
2317 0.46
2318 0.29
2319 0.44
2320 0.44
2321 0.36
2322 0.42
2323 0.46
2324 0.42
2325 0.46
2326 0.36
2327 0.46
2328 0.44
2329 0.44
2330 0.40
2331 0.44
2332 0.38
2333 0.46
2334 0.42
2335 0.42
2336 0.44
2337 0.46
2338 0.40
2339 0.26
2340 0.46
2341 0.46
2342 0.31
2343 0.46
2344 0.40
2345 0.38
2346 0.42
2347 0.28
2348 0.46
2349 0.46
2350 0.38
2351 0.36
2352 0.46
2353 0.34
2354 0.40
2355 0.38
2356 0.38
2357 0.42
2358 0.44
2359 0.46
2360 0.46
2361 0.42
2362 0.38
2363 0.40
2364 0.42
2365 0.44
2366 0.44
2367 0.40
2368 0.40
2369 0.46
2370 0.44
2371 0.44
2372 0.38
2373 0.40
2374 0.40
2375 0.42
2376 0.34
2377 0.40
2378 0.40
2379 0.46
2380 0.40
2381 0.46
2382 0.44
2383 0.46
2384 0.46
2385 0.46
2386 0.46
2387 0.46
2388 0.46
2389 0.42
2390 0.46
2391 0.46
2392 0.36
2393 0.42
2394 0.44
2395 0.42
2396 0.42
2397 0.46
2398 0.38
2399 0.46
2400 0.46
2401 0.44
2402 0.46
2403 0.38
2404 0.46
2405 0.40
2406 0.46
2407 0.46
2408 0.38
2409 0.46
2410 0.42
2411 0.46
2412 0.40
2413 0.46
2414 0.44
2415 0.44
2416 0.46
2417 0.46
2418 0.46
2419 0.38
2420 0.44
2421 0.46
2422 0.46
2423 0.40
2424 0.36
2425 0.46
2426 0.44
2427 0.34
2428 -0.25
2429 0.46
2430 0.44
2431 0.46
2432 0.42
2433 0.46
2434 0.44
2435 0.46
2436 0.42
2437 0.46
2438 0.46
2439 0.32
2440 0.46
2441 0.38
2442 0.46
2443 0.40
2444 0.44
2445 0.36
2446 0.40
2447 0.44
2448 0.44
2449 0.44
2450 0.44
2451 0.46
2452 0.46
2453 0.42
2454 0.40
2455 0.46
2456 0.42
2457 0.46
2458 0.46
2459 0.46
2460 0.40
2461 0.46
2462 0.46
2463 0.38
2464 0.46
2465 0.46
2466 0.38
2467 0.38
2468 0.46
2469 0.44
2470 0.42
2471 0.42
2472 0.46
2473 0.44
2474 0.46
2475 0.29
2476 0.46
2477 0.34
2478 0.34
2479 0.46
2480 0.46
2481 0.38
2482 0.46
2483 0.42
2484 0.34
2485 0.42
2486 0.44
2487 0.46
2488 0.44
2489 0.44
2490 0.42
2491 0.46
2492 0.44
2493 -0.28
2494 0.44
2495 0.38
2496 0.46
2497 0.46
2498 0.46
2499 0.46
2500 0.42
2501 0.46
2502 0.46
2503 0.38
2504 0.44
2505 0.29
2506 0.46
2507 0.46
2508 0.40
2509 0.46
2510 0.46
2511 0.46
2512 0.44
2513 0.44
2514 0.44
2515 0.46
2516 0.44
2517 0.46
2518 0.44
2519 0.44
2520 0.44
2521 0.38
2522 0.42
2523 0.46
2524 0.46
2525 0.46
2526 0.38
2527 0.46
2528 0.44
2529 0.44
2530 -0.32
2531 0.44
2532 0.38
2533 0.46
2534 0.46
2535 0.46
2536 0.44
2537 0.46
2538 -0.21
2539 0.44
2540 0.46
2541 0.46
2542 0.46
2543 0.46
2544 0.32
2545 0.40
2546 0.46
2547 0.32
2548 0.46
2549 0.46
2550 0.38
2551 0.44
2552 0.46
2553 -0.28
2554 0.38
2555 0.40
2556 0.38
2557 0.36
2558 0.44
2559 0.46
2560 0.46
2561 0.42
2562 0.38
2563 0.42
2564 0.42
2565 0.44
2566 0.44
2567 0.34
2568 0.42
2569 0.46
2570 0.44
2571 0.44
2572 0.42
2573 0.34
2574 0.40
2575 0.46
2576 0.44
2577 0.38
2578 0.38
2579 0.46
2580 0.42
2581 0.46
2582 0.44
2583 0.46
2584 0.46
2585 0.46
2586 0.46
2587 0.46
2588 0.46
2589 0.40
2590 0.46
2591 0.46
2592 0.44
2593 0.42
2594 0.44
2595 0.42
2596 0.46
2597 0.46
2598 0.40
2599 0.46
2600 0.46
2601 0.44
2602 0.46
2603 0.46
2604 0.46
2605 0.40
2606 0.46
2607 0.46
2608 0.40
2609 0.46
2610 0.46
2611 0.46
2612 0.40
2613 0.46
2614 0.44
2615 0.44
2616 0.49
2617 0.49
2618 0.46
2619 0.38
2620 0.42
2621 0.46
2622 0.46
2623 0.40
2624 0.36
2625 0.46
2626 0.38
2627 0.34
2628 0.42
2629 0.46
2630 0.44
2631 0.46
2632 0.42
2633 0.46
2634 0.44
2635 0.46
2636 0.46
2637 0.46
2638 0.46
2639 0.32
2640 0.46
2641 0.36
2642 0.46
2643 0.40
2644 0.44
2645 0.38
2646 0.40
2647 0.44
2648 0.44
2649 0.44
2650 0.38
2651 0.46
2652 0.46
2653 0.42
2654 0.32
2655 0.46
2656 0.42
2657 0.46
2658 0.46
2659 0.46
2660 0.42
2661 0.46
2662 0.46
2663 0.36
2664 0.46
2665 0.46
2666 0.46
2667 0.31
2668 0.46
2669 0.42
2670 0.46
2671 0.42
2672 0.46
2673 0.44
2674 0.46
2675 0.29
2676 0.46
2677 0.34
2678 0.34
2679 0.46
2680 0.46
2681 0.38
2682 0.46
2683 0.46
2684 0.34
2685 0.42
2686 0.44
2687 0.46
2688 0.42
2689 0.42
2690 0.42
2691 0.46
2692 0.44
2693 0.42
2694 0.42
2695 0.38
2696 0.46
2697 0.46
2698 0.46
2699 0.46
2700 0.46
2701 0.46
2702 0.46
2703 0.38
2704 0.44
2705 0.34
2706 0.46
2707 0.46
2708 0.40
2709 0.46
2710 0.46
2711 0.46
2712 0.44
2713 0.44
2714 0.42
2715 0.46
2716 0.42
2717 0.46
2718 0.44
2719 0.42
2720 0.42
2721 0.46
2722 0.42
2723 0.46
2724 0.46
2725 0.46
2726 0.38
2727 0.46
2728 0.44
2729 0.42
2730 0.42
2731 0.44
2732 0.38
2733 0.46
2734 0.46
2735 0.46
2736 0.42
2737 0.46
2738 0.42
2739 0.44
2740 0.46
2741 0.46
2742 0.46
2743 0.46
2744 0.32
2745 0.40
2746 0.46
2747 0.32
2748 0.46
2749 0.46
2750 0.38
2751 0.44
2752 0.46
2753 0.38
2754 0.38
2755 0.40
2756 0.38
2757 0.36
2758 0.42
2759 0.46
2760 0.46
2761 0.44
2762 0.38
2763 0.42
2764 0.42
2765 0.44
2766 0.42
2767 0.34
2768 0.42
2769 0.46
2770 0.42
2771 0.42
2772 0.42
2773 0.34
2774 0.40
2775 0.46
2776 0.38
2777 0.36
2778 0.36
2779 0.46
2780 0.42
2781 0.46
2782 0.44
2783 0.46
2784 0.46
2785 0.46
2786 0.46
2787 0.46
2788 0.46
2789 0.40
2790 0.46
2791 0.46
2792 0.44
2793 0.46
2794 0.42
2795 0.42
2796 0.46
2797 0.46
2798 0.40
2799 0.46
2800 0.46
2801 0.44
2802 0.46
2803 0.38
2804 0.46
2805 0.40
2806 0.46
2807 0.46
2808 0.38
2809 0.46
2810 0.42
2811 0.46
2812 0.40
2813 0.46
2814 0.44
2815 0.44
2816 0.46
2817 0.46
2818 0.46
2819 0.38
2820 0.44
2821 0.46
2822 0.46
2823 0.40
2824 0.36
2825 0.46
2826 0.44
2827 0.34
2828 0.42
2829 0.46
2830 0.44
2831 0.46
2832 0.42
2833 0.46
2834 0.44
2835 0.46
2836 0.42
2837 0.46
2838 0.46
2839 0.32
2840 0.46
2841 0.36
2842 0.46
2843 0.40
2844 0.44
2845 0.38
2846 0.40
2847 0.44
2848 0.44
2849 0.44
2850 0.44
2851 0.46
2852 0.46
2853 0.42
2854 0.32
2855 0.46
2856 0.42
2857 0.46
2858 0.46
2859 0.46
2860 0.40
2861 0.46
2862 0.46
2863 0.36
2864 0.46
2865 0.46
2866 0.38
2867 0.31
2868 0.46
2869 0.44
2870 0.42
2871 0.42
2872 0.46
2873 0.44
2874 0.46
2875 0.29
2876 0.46
2877 0.34
2878 0.34
2879 0.46
2880 0.46
2881 0.38
2882 0.46
2883 0.42
2884 0.34
2885 0.42
2886 0.44
2887 0.46
2888 0.44
2889 0.44
2890 0.42
2891 0.46
2892 0.44
2893 0.42
2894 0.44
2895 0.38
2896 0.46
2897 0.46
2898 0.46
2899 0.46
2900 0.42
2901 0.46
2902 0.46
2903 0.38
2904 0.44
2905 0.34
2906 0.46
2907 0.46
2908 0.40
2909 0.46
2910 0.46
2911 0.46
2912 0.44
2913 0.44
2914 0.44
2915 0.46
2916 0.44
2917 0.46
2918 0.44
2919 0.44
2920 0.44
2921 0.38
2922 0.42
2923 0.46
2924 0.46
2925 0.46
2926 0.38
2927 0.46
2928 0.44
2929 0.44
2930 0.42
2931 0.44
2932 0.38
2933 0.46
2934 0.46
2935 0.46
2936 0.44
2937 0.46
2938 0.42
2939 0.44
2940 0.46
2941 0.46
2942 0.46
2943 0.46
2944 0.32
2945 0.40
2946 0.46
2947 0.32
2948 0.46
2949 0.46
2950 0.38
2951 0.44
2952 0.46
2953 0.38
2954 0.38
2955 0.40
2956 0.38
2957 0.36
2958 0.44
2959 0.46
2960 0.46
2961 0.42
2962 0.38
2963 0.42
2964 0.42
2965 0.44
2966 0.44
2967 0.34
2968 0.42
2969 0.46
2970 0.44
2971 0.44
2972 0.42
2973 0.34
2974 0.40
2975 0.46
2976 0.36
2977 0.36
2978 0.36
2979 0.46
2980 0.42
2981 0.46
2982 0.44
2983 0.46
2984 0.46
2985 0.46
2986 0.46
2987 0.46
2988 0.46
2989 0.40
2990 0.46
2991 0.46
2992 0.44
2993 0.42
2994 0.44
2995 0.42
2996 0.46
2997 0.46
2998 0.40
2999 0.46
