0 248.00
30 306.00
60 286.67
90 292.00
120 263.33
150 314.00
180 287.33
210 270.00
240 278.67
270 267.33
300 282.00
330 274.00
360 323.33
390 296.67
420 269.33
450 289.33
480 310.67
510 336.00
540 322.00
570 304.67
600 303.33
630 336.00
660 360.00
690 359.33
720 334.00
750 342.00
780 337.33
810 329.33
840 324.00
870 311.33
900 303.33
930 339.33
960 328.00
990 332.00
1020 337.33
1050 376.00
1080 308.67
1110 322.67
1140 342.00
1170 329.33
1200 301.33
1230 296.67
1260 348.67
1290 333.33
1320 346.00
1350 348.00
1380 350.67
1410 355.33
1440 364.67
1470 322.00
1500 338.67
1530 364.00
1560 322.67
1590 296.67
1620 351.33
1650 342.00
1680 327.33
1710 342.00
1740 370.67
1770 370.67
1800 310.00
1830 355.33
1860 360.00
1890 354.00
1920 344.00
1950 381.33
1980 325.33
2010 346.00
2040 352.67
2070 369.33
2100 339.33
2130 371.33
2160 364.00
2190 318.67
2220 380.00
2250 360.00
2280 362.00
2310 369.33
2340 366.00
2370 333.33
2400 369.33
2430 354.00
2460 372.67
2490 354.67
2520 347.33
2550 363.33
2580 365.33
2610 374.00
2640 386.00
2670 386.67
2700 366.67
2730 362.00
2760 334.67
2790 356.00
2820 292.00
2850 319.33
2880 354.67
2910 332.67
2940 376.67
2970 378.00
