0 193.33
1 252.67
2 156.67
3 180.00
4 182.67
5 204.00
6 252.00
7 175.33
8 169.33
9 158.67
10 228.00
11 192.00
12 165.33
13 300.00
14 174.67
15 175.33
16 211.33
17 171.33
18 192.00
19 226.00
20 183.33
21 190.00
22 288.00
23 188.00
24 274.67
25 175.33
26 263.33
27 165.33
28 329.33
29 164.67
30 173.33
31 196.00
32 226.00
33 216.00
34 260.67
35 176.00
36 170.67
37 167.33
38 206.00
39 247.33
40 338.67
41 166.00
42 189.33
43 221.33
44 166.00
45 219.33
46 176.00
47 150.67
48 158.67
49 184.00
50 151.33
51 252.67
52 214.67
53 158.00
54 172.00
55 176.67
56 188.67
57 166.00
58 150.00
59 169.33
60 174.00
61 164.67
62 188.67
63 163.33
64 196.67
65 189.33
66 281.33
67 161.33
68 166.67
69 179.33
70 160.67
71 182.00
72 169.33
73 192.67
74 156.00
75 247.33
76 198.00
77 144.67
78 170.00
79 158.00
80 227.33
81 226.67
82 168.00
83 187.33
84 284.67
85 170.00
86 183.33
87 197.33
88 332.67
89 202.67
90 207.33
91 214.00
92 280.67
93 170.67
94 182.67
95 314.67
96 147.33
97 202.67
98 177.33
99 288.67
100 316.67
101 162.67
102 173.33
103 338.00
104 201.33
105 199.33
106 369.33
107 162.67
108 188.67
109 182.00
110 345.33
111 194.67
112 176.00
113 291.33
114 255.33
115 179.33
116 180.67
117 188.67
118 178.00
119 298.00
120 315.33
121 182.00
122 196.67
123 257.33
124 184.67
125 194.67
126 293.33
127 173.33
128 167.33
129 298.67
130 188.00
131 254.67
132 196.00
133 325.33
134 160.00
135 223.33
136 192.00
137 246.67
138 268.67
139 207.33
140 204.00
141 206.67
142 201.33
143 170.67
144 180.67
145 228.00
146 182.00
147 275.33
148 196.00
149 190.67
150 196.67
151 194.67
152 365.33
153 192.00
154 268.00
155 197.33
156 244.67
157 222.67
158 189.33
159 201.33
160 236.67
161 189.33
162 185.33
163 212.67
164 193.33
165 175.33
166 337.33
167 198.67
168 185.33
169 208.00
170 214.67
171 310.67
172 270.00
173 185.33
174 196.00
175 227.33
176 199.33
177 242.00
178 258.00
179 207.33
180 196.00
181 216.67
182 180.67
183 181.33
184 184.67
185 184.67
186 192.67
187 187.33
188 291.33
189 230.67
190 186.67
191 223.33
192 187.33
193 332.00
194 201.33
195 216.00
196 192.00
197 232.00
198 183.33
199 187.33
200 308.00
201 310.00
202 272.67
203 220.00
204 338.00
205 296.00
206 262.00
207 220.00
208 292.00
209 366.00
210 216.67
211 266.67
212 404.00
213 278.00
214 228.00
215 197.33
216 350.67
217 242.00
218 208.00
219 335.33
220 208.00
221 220.00
222 304.00
223 252.00
224 306.00
225 236.67
226 375.33
227 318.67
228 264.00
229 238.67
230 186.67
231 293.33
232 408.67
233 172.67
234 389.33
235 211.33
236 237.33
237 211.33
238 241.33
239 196.00
240 253.33
241 193.33
242 246.00
243 210.00
244 229.33
245 192.00
246 289.33
247 196.00
248 232.00
249 228.67
250 288.67
251 282.67
252 265.33
253 245.33
254 304.67
255 241.33
256 286.00
257 239.33
258 217.33
259 235.33
260 215.33
261 236.67
262 265.33
263 176.67
264 287.33
265 226.67
266 210.00
267 214.00
268 322.00
269 229.33
270 210.67
271 246.00
272 364.67
273 216.67
274 210.67
275 214.67
276 382.00
277 236.67
278 226.67
279 278.00
280 247.33
281 332.67
282 237.33
283 406.00
284 209.33
285 260.00
286 235.33
287 323.33
288 212.00
289 194.67
290 370.67
291 199.33
292 237.33
293 226.67
294 216.00
295 316.00
296 295.33
297 225.33
298 310.00
299 227.33
300 204.67
301 268.00
302 333.33
303 322.00
304 346.67
305 250.00
306 224.00
307 257.33
308 254.00
309 213.33
310 242.00
311 298.67
312 268.00
313 336.00
314 233.33
315 242.67
316 341.33
317 236.00
318 218.00
319 246.67
320 390.67
321 216.00
322 248.00
323 219.33
324 212.67
325 235.33
326 266.67
327 208.67
328 235.33
329 206.67
330 154.00
331 339.33
332 156.00
333 196.67
334 184.00
335 220.00
336 230.00
337 206.67
338 231.33
339 267.33
340 361.33
341 255.33
342 254.67
343 408.00
344 244.67
345 271.33
346 275.33
347 239.33
348 384.00
349 286.00
350 235.33
351 286.00
352 235.33
353 315.33
354 280.00
355 204.67
356 310.67
357 309.33
358 196.67
359 278.67
360 258.67
361 233.33
362 294.67
363 269.33
364 252.00
365 303.33
366 337.33
367 231.33
368 317.33
369 282.00
370 228.67
371 320.00
372 230.67
373 250.00
374 308.67
375 222.00
376 333.33
377 432.00
378 218.00
379 246.00
380 262.67
381 363.33
382 259.33
383 268.67
384 254.00
385 347.33
386 241.33
387 238.00
388 245.33
389 272.00
390 226.00
391 435.33
392 245.33
393 233.33
394 290.00
395 228.00
396 216.00
397 256.67
398 370.67
399 272.67
400 240.00
401 180.00
402 240.00
403 224.67
404 214.67
405 286.00
406 246.00
407 396.00
408 246.00
409 230.00
410 285.33
411 202.00
412 244.00
413 244.00
414 212.00
415 348.00
416 324.67
417 254.67
418 431.33
419 239.33
420 437.33
421 326.00
422 274.00
423 236.00
424 230.67
425 210.67
426 230.67
427 252.00
428 357.33
429 205.33
430 260.00
431 212.00
432 246.67
433 256.67
434 225.33
435 286.67
436 316.00
437 312.00
438 427.33
439 256.00
440 266.00
441 444.67
442 250.67
443 239.33
444 407.33
445 224.67
446 256.67
447 254.00
448 207.33
449 414.67
450 256.67
451 296.00
452 294.00
453 216.67
454 194.67
455 226.67
456 234.00
457 200.67
458 252.00
459 250.00
460 311.33
461 264.00
462 210.67
463 306.67
464 342.00
465 201.33
466 258.67
467 284.67
468 222.00
469 202.67
470 265.33
471 306.00
472 256.67
473 423.33
474 385.33
475 246.67
476 356.00
477 212.67
478 192.67
479 294.67
480 335.33
481 261.33
482 287.33
483 402.00
484 250.67
485 252.00
486 335.33
487 214.00
488 248.00
489 244.67
490 345.33
491 238.67
492 220.67
493 416.00
494 268.00
495 235.33
496 198.67
497 398.00
498 250.00
499 304.67
500 445.33
501 330.00
502 234.00
503 302.00
504 450.67
505 248.00
506 399.33
507 366.67
508 255.33
509 267.33
510 272.67
511 254.00
512 408.67
513 206.67
514 270.00
515 183.33
516 254.67
517 252.67
518 362.00
519 379.33
520 191.33
521 328.00
522 256.00
523 271.33
524 220.00
525 332.00
526 276.67
527 356.00
528 354.67
529 288.67
530 262.00
531 424.00
532 303.33
533 486.67
534 238.67
535 334.00
536 422.00
537 400.00
538 235.33
539 220.67
540 418.00
541 236.00
542 311.33
543 254.00
544 252.00
545 276.67
546 402.67
547 254.00
548 371.33
549 368.00
550 304.00
551 221.33
552 300.67
553 246.67
554 270.00
555 216.67
556 232.00
557 234.00
558 250.67
559 274.00
560 251.33
561 212.67
562 326.00
563 299.33
564 422.67
565 321.33
566 401.33
567 318.67
568 290.67
569 256.00
570 354.67
571 305.33
572 245.33
573 297.33
574 424.00
575 356.00
576 430.67
577 237.33
578 438.67
579 379.33
580 372.00
581 224.67
582 371.33
583 237.33
584 273.33
585 262.00
586 265.33
587 401.33
588 400.00
589 220.00
590 325.33
591 424.00
592 350.00
593 246.00
594 256.00
595 268.67
596 270.00
597 453.33
598 331.33
599 249.33
600 220.00
601 220.00
602 471.33
603 220.00
604 371.33
605 336.67
606 279.33
607 390.67
608 280.00
609 391.33
610 299.33
611 250.67
612 380.00
613 294.00
614 265.33
615 329.33
616 223.33
617 400.00
618 313.33
619 313.33
620 464.00
621 387.33
622 472.00
623 183.33
624 234.67
625 234.67
626 293.33
627 368.00
628 223.33
629 320.00
630 286.00
631 337.33
632 250.00
633 441.33
634 300.00
635 199.33
636 206.67
637 328.67
638 206.67
639 207.33
640 248.67
641 319.33
642 242.00
643 228.67
644 294.67
645 322.67
646 312.00
647 188.00
648 348.67
649 242.00
650 224.00
651 414.67
652 316.67
653 461.33
654 300.67
655 368.00
656 497.33
657 370.00
658 216.00
659 398.00
660 198.00
661 221.33
662 248.00
663 236.67
664 317.33
665 235.33
666 321.33
667 211.33
668 136.00
669 392.00
670 329.33
671 247.33
672 370.67
673 310.00
674 403.33
675 270.00
676 226.00
677 359.33
678 261.33
679 292.67
680 372.00
681 411.33
682 200.00
683 398.00
684 412.00
685 260.67
686 240.00
687 242.00
688 171.33
689 296.00
690 341.33
691 436.00
692 419.33
693 346.67
694 219.33
695 448.00
696 192.67
697 245.33
698 350.67
699 378.00
700 179.33
701 388.00
702 222.67
703 220.67
704 277.33
705 156.67
706 266.00
707 245.33
708 456.00
709 162.67
710 258.00
711 211.33
712 288.00
713 384.00
714 338.67
715 350.67
716 206.67
717 403.33
718 177.33
719 379.33
720 286.67
721 489.33
722 439.33
723 180.67
724 495.33
725 270.67
726 198.00
727 363.33
728 314.00
729 240.00
730 236.00
731 229.33
732 217.33
733 386.00
734 402.00
735 304.67
736 190.00
737 226.00
738 434.00
739 350.00
740 432.67
741 390.67
742 202.00
743 264.00
744 271.33
745 228.67
746 450.00
747 286.00
748 392.67
749 251.33
750 194.00
751 392.00
752 297.33
753 235.33
754 294.67
755 256.00
756 390.67
757 146.67
758 154.67
759 264.67
760 341.33
761 422.67
762 442.67
763 202.67
764 264.67
765 441.33
766 227.33
767 232.67
768 215.33
769 206.00
770 210.00
771 334.00
772 214.67
773 276.67
774 208.67
775 180.00
776 336.00
777 239.33
778 378.00
779 237.33
780 241.33
781 238.67
782 403.33
783 299.33
784 408.67
785 244.00
786 172.67
787 351.33
788 216.00
789 237.33
790 427.33
791 257.33
792 360.00
793 312.00
794 287.33
795 164.00
796 276.67
797 326.67
798 422.67
799 221.33
800 381.33
801 160.00
802 200.00
803 390.67
804 109.33
805 366.00
806 329.33
807 220.00
808 200.00
809 314.67
810 243.33
811 342.67
812 379.33
813 437.33
814 195.33
815 316.67
816 237.33
817 240.00
818 230.67
819 226.00
820 334.67
821 271.33
822 20.00
823 175.33
824 363.33
825 348.67
826 260.00
827 52.67
828 335.33
829 233.33
830 182.00
831 392.00
832 230.00
833 414.00
834 282.67
835 206.00
836 394.00
837 332.67
838 218.00
839 379.33
840 414.00
841 387.33
842 316.00
843 190.00
844 272.00
845 286.00
846 373.33
847 445.33
848 213.33
849 202.00
850 235.33
851 480.67
852 362.67
853 258.67
854 404.00
855 382.67
856 250.67
857 340.67
858 208.67
859 148.67
860 421.33
861 211.33
862 159.33
863 171.33
864 284.67
865 236.67
866 462.67
867 439.33
868 320.67
869 421.33
870 296.67
871 259.33
872 450.00
873 272.00
874 356.67
875 216.67
876 302.67
877 247.33
878 250.00
879 208.67
880 444.67
881 198.67
882 288.67
883 252.67
884 214.67
885 222.00
886 292.67
887 198.67
888 222.00
889 379.33
890 288.67
891 409.33
892 280.00
893 448.67
894 206.67
895 103.33
896 264.67
897 252.00
898 301.33
899 302.67
900 422.67
901 94.00
902 243.33
903 410.00
904 272.67
905 161.33
906 258.67
907 412.67
908 210.67
909 395.33
910 168.00
911 395.33
912 282.67
913 371.33
914 139.33
915 140.00
916 262.67
917 311.33
918 447.33
919 412.67
920 404.00
921 322.67
922 301.33
923 402.67
924 353.33
925 398.00
926 472.67
927 401.33
928 250.00
929 430.00
930 362.00
931 232.00
932 275.33
933 427.33
934 184.67
935 400.67
936 293.33
937 386.67
938 225.33
939 424.00
940 235.33
941 224.00
942 389.33
943 327.33
944 299.33
945 432.00
946 264.67
947 460.67
948 496.67
949 252.67
950 443.33
951 348.00
952 309.33
953 242.67
954 416.00
955 226.00
956 217.33
957 318.67
958 287.33
959 270.00
960 205.33
961 317.33
962 280.67
963 239.33
964 198.67
965 294.67
966 120.67
967 355.33
968 230.00
969 268.00
970 240.00
971 268.67
972 242.00
973 301.33
974 338.00
975 292.00
976 280.67
977 197.33
978 191.33
979 286.00
980 227.33
981 364.00
982 396.67
983 198.67
984 233.33
985 210.00
986 344.67
987 340.67
988 326.67
989 398.67
990 237.33
991 328.00
992 412.67
993 314.00
994 335.33
995 254.67
996 215.33
997 264.67
998 299.33
999 307.33
1000 280.00
1001 176.67
1002 348.00
1003 300.67
1004 192.00
1005 278.00
1006 380.00
1007 168.00
1008 388.00
1009 180.67
1010 200.00
1011 340.00
1012 192.00
1013 409.33
1014 290.67
1015 432.67
1016 400.00
1017 248.67
1018 400.00
1019 194.00
1020 180.00
1021 451.33
1022 382.67
1023 239.33
1024 342.00
1025 399.33
1026 426.67
1027 256.67
1028 341.33
1029 441.33
1030 299.33
1031 240.00
1032 276.00
1033 437.33
1034 442.00
1035 220.00
1036 242.00
1037 246.67
1038 412.00
1039 392.67
1040 238.00
1041 374.00
1042 260.00
1043 316.00
1044 232.00
1045 248.00
1046 220.00
1047 212.00
1048 321.33
1049 340.00
1050 278.00
1051 410.67
1052 295.33
1053 374.67
1054 317.33
1055 296.00
1056 339.33
1057 236.00
1058 419.33
1059 326.67
1060 309.33
1061 372.67
1062 299.33
1063 350.67
1064 454.00
1065 480.00
1066 338.00
1067 338.67
1068 274.00
1069 377.33
1070 315.33
1071 363.33
1072 239.33
1073 383.33
1074 240.00
1075 398.00
1076 332.67
1077 331.33
1078 393.33
1079 300.00
1080 284.00
1081 282.67
1082 432.00
1083 300.00
1084 415.33
1085 341.33
1086 220.00
1087 386.67
1088 172.00
1089 212.67
1090 400.00
1091 180.00
1092 457.33
1093 373.33
1094 382.00
1095 436.00
1096 400.00
1097 334.00
1098 351.33
1099 266.67
1100 217.33
1101 204.67
1102 226.67
1103 205.33
1104 414.67
1105 249.33
1106 340.00
1107 454.67
1108 306.00
1109 440.00
1110 287.33
1111 375.33
1112 374.00
1113 217.33
1114 296.00
1115 447.33
1116 366.67
1117 222.00
1118 327.33
1119 239.33
1120 221.33
1121 184.00
1122 405.33
1123 380.00
1124 279.33
1125 392.67
1126 257.33
1127 344.00
1128 420.67
1129 278.00
1130 220.00
1131 382.00
1132 299.33
1133 160.00
1134 278.67
1135 180.67
1136 223.33
1137 146.67
1138 374.67
1139 488.67
1140 266.67
1141 383.33
1142 224.67
1143 280.00
1144 282.00
1145 254.67
1146 256.00
1147 259.33
1148 320.00
1149 388.00
1150 306.67
1151 251.33
1152 287.33
1153 200.00
1154 176.00
1155 363.33
1156 194.67
1157 265.33
1158 258.67
1159 334.67
1160 279.33
1161 392.67
1162 293.33
1163 336.00
1164 358.00
1165 276.00
1166 314.67
1167 398.67
1168 412.67
1169 242.00
1170 297.33
1171 204.67
1172 182.67
1173 297.33
1174 230.67
1175 148.67
1176 324.67
1177 197.33
1178 359.33
1179 216.00
1180 236.00
1181 317.33
1182 294.67
1183 420.00
1184 200.00
1185 262.00
1186 302.67
1187 256.67
1188 390.00
1189 342.67
1190 232.00
1191 378.67
1192 446.67
1193 218.67
1194 354.67
1195 383.33
1196 272.00
1197 296.67
1198 424.00
1199 326.00
1200 340.00
1201 186.00
1202 340.00
1203 200.00
1204 279.33
1205 385.33
1206 325.33
1207 400.00
1208 360.67
1209 340.00
1210 220.00
1211 244.00
1212 210.00
1213 308.67
1214 350.00
1215 276.67
1216 490.00
1217 400.00
1218 440.00
1219 341.33
1220 448.00
1221 328.67
1222 220.00
1223 352.00
1224 404.00
1225 345.33
1226 152.00
1227 420.00
1228 198.67
1229 360.00
1230 234.67
1231 220.00
1232 398.00
1233 361.33
1234 221.33
1235 350.00
1236 261.33
1237 148.67
1238 387.33
1239 390.00
1240 234.67
1241 187.33
1242 393.33
1243 170.67
1244 357.33
1245 218.67
1246 220.00
1247 211.33
1248 306.67
1249 264.67
1250 316.00
1251 299.33
1252 440.00
1253 380.00
1254 248.00
1255 352.00
1256 379.33
1257 217.33
1258 338.67
1259 337.33
1260 447.33
1261 339.33
1262 238.00
1263 350.67
1264 256.00
1265 480.00
1266 402.67
1267 193.33
1268 226.00
1269 198.00
1270 236.67
1271 286.67
1272 181.33
1273 304.00
1274 380.67
1275 435.33
1276 282.67
1277 240.00
1278 178.67
1279 256.67
1280 218.67
1281 421.33
1282 211.33
1283 334.00
1284 283.33
1285 333.33
1286 416.67
1287 306.67
1288 278.67
1289 310.00
1290 266.67
1291 233.33
1292 236.67
1293 376.67
1294 378.00
1295 426.67
1296 278.00
1297 344.67
1298 199.33
1299 356.67
1300 412.00
1301 235.33
1302 214.00
1303 223.33
1304 373.33
1305 342.00
1306 204.00
1307 480.00
1308 262.00
1309 174.67
1310 221.33
1311 248.00
1312 250.67
1313 285.33
1314 362.67
1315 194.67
1316 358.00
1317 394.00
1318 201.33
1319 415.33
1320 238.00
1321 304.67
1322 368.67
1323 256.00
1324 390.00
1325 334.67
1326 282.00
1327 197.33
1328 305.33
1329 361.33
1330 204.67
1331 413.33
1332 234.00
1333 310.00
1334 307.33
1335 369.33
1336 276.67
1337 288.00
1338 246.67
1339 300.00
1340 360.00
1341 403.33
1342 256.00
1343 214.00
1344 252.00
1345 330.00
1346 248.67
1347 281.33
1348 301.33
1349 294.67
1350 318.67
1351 304.67
1352 440.00
1353 292.00
1354 370.67
1355 305.33
1356 265.33
1357 402.00
1358 315.33
1359 391.33
1360 236.67
1361 451.33
1362 218.00
1363 376.00
1364 383.33
1365 237.33
1366 193.33
1367 236.00
1368 352.00
1369 404.67
1370 274.00
1371 231.33
1372 342.67
1373 291.33
1374 227.33
1375 261.33
1376 224.67
1377 236.67
1378 236.00
1379 416.67
1380 261.33
1381 281.33
1382 204.00
1383 304.00
1384 472.67
1385 411.33
1386 228.00
1387 302.00
1388 330.67
1389 170.00
1390 451.33
1391 157.33
1392 225.33
1393 323.33
1394 200.00
1395 310.00
1396 265.33
1397 249.33
1398 216.00
1399 359.33
1400 220.00
1401 313.33
1402 252.00
1403 380.00
1404 308.67
1405 214.00
1406 355.33
1407 387.33
1408 344.00
1409 420.00
1410 342.00
1411 419.33
1412 362.00
1413 220.00
1414 380.00
1415 196.00
1416 340.00
1417 314.67
1418 416.67
1419 360.00
1420 392.00
1421 300.00
1422 339.33
1423 322.67
1424 214.67
1425 426.00
1426 361.33
1427 260.67
1428 380.00
1429 323.33
1430 216.67
1431 202.67
1432 290.67
1433 182.67
1434 301.33
1435 400.00
1436 232.00
1437 262.00
1438 302.67
1439 334.67
1440 363.33
1441 248.67
1442 248.00
1443 128.67
1444 352.00
1445 394.67
1446 220.67
1447 490.67
1448 330.67
1449 370.67
1450 315.33
1451 188.00
1452 239.33
1453 222.00
1454 396.00
1455 206.00
1456 266.00
1457 460.00
1458 215.33
1459 257.33
1460 326.00
1461 318.00
1462 343.33
1463 220.00
1464 242.00
1465 183.33
1466 312.67
1467 407.33
1468 355.33
1469 448.67
1470 360.67
1471 280.67
1472 186.00
1473 253.33
1474 277.33
1475 350.00
1476 289.33
1477 420.00
1478 460.00
1479 280.67
1480 420.67
1481 286.00
1482 277.33
1483 314.00
1484 364.00
1485 377.33
1486 312.67
1487 221.33
1488 294.67
1489 375.33
1490 403.33
1491 423.33
1492 362.67
1493 217.33
1494 300.00
1495 234.00
1496 426.00
1497 401.33
1498 386.00
1499 404.00
1500 392.67
1501 398.67
1502 376.00
1503 372.00
1504 451.33
1505 401.33
1506 478.67
1507 388.00
1508 364.67
1509 314.00
1510 490.67
1511 254.00
1512 243.33
1513 209.33
1514 303.33
1515 216.67
1516 341.33
1517 214.67
1518 259.33
1519 438.00
1520 220.00
1521 326.00
1522 222.00
1523 308.67
1524 452.67
1525 295.33
1526 420.00
1527 288.67
1528 342.00
1529 358.00
1530 226.00
1531 388.67
1532 296.67
1533 244.67
1534 246.00
1535 361.33
1536 223.33
1537 294.00
1538 256.67
1539 221.33
1540 408.00
1541 229.33
1542 232.67
1543 406.00
1544 229.33
1545 382.67
1546 332.67
1547 345.33
1548 324.00
1549 424.00
1550 282.67
1551 390.67
1552 238.00
1553 282.67
1554 230.00
1555 260.67
1556 206.00
1557 394.67
1558 440.00
1559 393.33
1560 426.67
1561 365.33
1562 346.00
1563 259.33
1564 336.67
1565 376.00
1566 252.00
1567 304.00
1568 310.00
1569 312.00
1570 250.67
1571 426.67
1572 332.67
1573 251.33
1574 373.33
1575 263.33
1576 381.33
1577 299.33
1578 449.33
1579 210.00
1580 412.00
1581 274.00
1582 287.33
1583 404.00
1584 316.67
1585 372.67
1586 298.67
1587 252.67
1588 308.67
1589 288.67
1590 175.33
1591 325.33
1592 298.00
1593 310.67
1594 272.00
1595 240.00
1596 322.00
1597 394.67
1598 304.67
1599 286.67
1600 306.00
1601 384.00
1602 326.00
1603 262.00
1604 404.00
1605 440.00
1606 361.33
1607 240.00
1608 371.33
1609 449.33
1610 264.00
1611 326.00
1612 415.33
1613 366.00
1614 371.33
1615 302.00
1616 353.33
1617 466.00
1618 423.33
1619 339.33
1620 368.67
1621 264.67
1622 320.00
1623 226.00
1624 295.33
1625 360.00
1626 224.67
1627 378.67
1628 349.33
1629 446.67
1630 286.00
1631 340.67
1632 378.00
1633 300.00
1634 250.67
1635 300.00
1636 326.67
1637 290.67
1638 298.67
1639 366.67
1640 314.00
1641 348.00
1642 200.00
1643 366.67
1644 324.00
1645 230.67
1646 210.00
1647 402.00
1648 217.33
1649 224.67
1650 322.00
1651 386.00
1652 197.33
1653 422.00
1654 202.67
1655 314.00
1656 206.67
1657 380.00
1658 330.67
1659 202.00
1660 421.33
1661 231.33
1662 349.33
1663 330.67
1664 340.67
1665 357.33
1666 354.00
1667 394.00
1668 324.00
1669 200.67
1670 282.00
1671 230.67
1672 308.00
1673 237.33
1674 441.33
1675 340.67
1676 334.00
1677 400.00
1678 183.33
1679 383.33
1680 420.67
1681 442.00
1682 280.00
1683 262.00
1684 327.33
1685 352.67
1686 270.67
1687 303.33
1688 451.33
1689 274.00
1690 481.33
1691 235.33
1692 172.67
1693 370.00
1694 412.67
1695 199.33
1696 274.00
1697 240.00
1698 282.67
1699 220.00
1700 294.00
1701 174.00
1702 395.33
1703 354.00
1704 421.33
1705 380.00
1706 376.00
1707 373.33
1708 394.00
1709 230.67
1710 266.00
1711 295.33
1712 289.33
1713 226.67
1714 362.00
1715 352.00
1716 339.33
1717 356.67
1718 314.00
1719 462.00
1720 411.33
1721 316.00
1722 469.33
1723 450.67
1724 349.33
1725 456.00
1726 243.33
1727 264.00
1728 246.67
1729 295.33
1730 258.00
1731 416.00
1732 254.67
1733 327.33
1734 336.67
1735 402.00
1736 407.33
1737 304.67
1738 421.33
1739 345.33
1740 368.00
1741 254.00
1742 257.33
1743 191.33
1744 258.67
1745 460.00
1746 326.67
1747 283.33
1748 400.00
1749 259.33
1750 318.00
1751 302.00
1752 406.00
1753 289.33
1754 437.33
1755 314.00
1756 454.00
1757 470.00
1758 256.00
1759 298.00
1760 474.67
1761 250.67
1762 336.00
1763 162.67
1764 426.67
1765 370.67
1766 445.33
1767 380.00
1768 260.67
1769 418.67
1770 308.67
1771 358.00
1772 301.33
1773 310.67
1774 492.00
1775 332.00
1776 314.67
1777 288.67
1778 309.33
1779 352.67
1780 310.67
1781 221.33
1782 334.67
1783 267.33
1784 391.33
1785 384.67
1786 470.67
1787 284.67
1788 349.33
1789 182.67
1790 313.33
1791 261.33
1792 250.00
1793 355.33
1794 446.67
1795 374.00
1796 450.67
1797 306.67
1798 350.00
1799 239.33
1800 448.00
1801 400.00
1802 366.00
1803 370.67
1804 344.00
1805 372.67
1806 352.00
1807 266.00
1808 338.67
1809 442.00
1810 288.00
1811 313.33
1812 260.00
1813 158.00
1814 252.00
1815 394.67
1816 213.33
1817 303.33
1818 284.00
1819 290.67
1820 478.00
1821 398.67
1822 309.33
1823 342.67
1824 293.33
1825 288.67
1826 404.67
1827 412.00
1828 334.00
1829 216.00
1830 344.00
1831 429.33
1832 270.00
1833 442.00
1834 320.00
1835 269.33
1836 385.33
1837 296.67
1838 370.00
1839 277.33
1840 371.33
1841 289.33
1842 286.00
1843 417.33
1844 407.33
1845 318.67
1846 312.67
1847 341.33
1848 285.33
1849 380.67
1850 292.00
1851 315.33
1852 448.00
1853 300.00
1854 293.33
1855 284.00
1856 296.67
1857 468.00
1858 450.00
1859 295.33
1860 286.67
1861 210.00
1862 326.67
1863 273.33
1864 222.00
1865 278.67
1866 400.00
1867 394.00
1868 403.33
1869 376.00
1870 241.33
1871 372.67
1872 288.67
1873 436.00
1874 314.00
1875 269.33
1876 237.33
1877 400.00
1878 284.67
1879 281.33
1880 284.67
1881 276.00
1882 326.00
1883 472.67
1884 383.33
1885 191.33
1886 385.33
1887 245.33
1888 425.33
1889 306.00
1890 300.67
1891 411.33
1892 196.00
1893 266.00
1894 278.00
1895 273.33
1896 400.67
1897 373.33
1898 448.00
1899 200.67
1900 363.33
1901 244.00
1902 368.67
1903 362.67
1904 238.00
1905 271.33
1906 310.00
1907 470.67
1908 260.67
1909 301.33
1910 293.33
1911 354.00
1912 322.00
1913 286.67
1914 331.33
1915 344.67
1916 280.67
1917 284.67
1918 400.00
1919 290.67
1920 321.33
1921 286.67
1922 311.33
1923 377.33
1924 333.33
1925 276.00
1926 400.00
1927 370.00
1928 312.00
1929 435.33
1930 333.33
1931 248.67
1932 360.00
1933 482.67
1934 258.00
1935 388.67
1936 350.67
1937 190.00
1938 312.67
1939 406.00
1940 326.00
1941 352.67
1942 220.67
1943 362.00
1944 420.00
1945 420.00
1946 378.67
1947 458.67
1948 374.00
1949 227.33
1950 235.33
1951 319.33
1952 321.33
1953 348.00
1954 326.00
1955 310.00
1956 278.00
1957 371.33
1958 485.33
1959 316.67
1960 350.00
1961 463.33
1962 428.67
1963 266.67
1964 340.00
1965 418.67
1966 336.00
1967 364.00
1968 320.67
1969 300.00
1970 417.33
1971 327.33
1972 436.00
1973 418.67
1974 286.00
1975 235.33
1976 302.00
1977 425.33
1978 265.33
1979 427.33
1980 375.33
1981 283.33
1982 285.33
1983 322.00
1984 308.67
1985 322.67
1986 328.00
1987 334.00
1988 392.67
1989 399.33
1990 320.00
1991 397.33
1992 339.33
1993 338.00
1994 416.67
1995 336.00
1996 382.67
1997 398.67
1998 414.00
1999 460.67
2000 166.67
2001 240.00
2002 360.00
2003 268.00
2004 220.00
2005 353.33
2006 313.33
2007 320.67
2008 310.00
2009 431.33
2010 429.33
2011 393.33
2012 406.67
2013 382.00
2014 368.00
2015 460.00
2016 326.67
2017 370.00
2018 271.33
2019 454.00
2020 298.67
2021 400.67
2022 268.00
2023 323.33
2024 330.00
2025 377.33
2026 202.00
2027 406.67
2028 210.67
2029 316.00
2030 398.67
2031 304.67
2032 288.67
2033 400.00
2034 286.67
2035 343.33
2036 352.00
2037 464.00
2038 406.00
2039 357.33
2040 220.00
2041 300.00
2042 284.67
2043 445.33
2044 306.00
2045 196.67
2046 329.33
2047 180.67
2048 352.67
2049 403.33
2050 268.67
2051 312.67
2052 321.33
2053 401.33
2054 380.00
2055 194.00
2056 344.67
2057 382.00
2058 381.33
2059 357.33
2060 240.67
2061 300.00
2062 305.33
2063 331.33
2064 317.33
2065 324.67
2066 412.00
2067 204.67
2068 416.67
2069 301.33
2070 249.33
2071 396.00
2072 301.33
2073 272.67
2074 314.67
2075 222.00
2076 414.67
2077 327.33
2078 386.67
2079 380.00
2080 359.33
2081 351.33
2082 380.67
2083 381.33
2084 340.00
2085 369.33
2086 357.33
2087 341.33
2088 314.67
2089 330.00
2090 278.67
2091 414.67
2092 476.00
2093 288.00
2094 456.00
2095 396.67
2096 374.67
2097 480.00
2098 238.00
2099 352.67
2100 337.33
2101 384.00
2102 275.33
2103 304.00
2104 278.00
2105 362.67
2106 350.00
2107 480.00
2108 394.67
2109 224.00
2110 308.67
2111 373.33
2112 284.67
2113 388.00
2114 332.00
2115 453.33
2116 271.33
2117 316.67
2118 259.33
2119 230.67
2120 386.00
2121 282.67
2122 342.67
2123 347.33
2124 289.33
2125 248.67
2126 394.00
2127 362.67
2128 324.00
2129 290.00
2130 423.33
2131 364.00
2132 309.33
2133 229.33
2134 274.00
2135 360.67
2136 350.67
2137 275.33
2138 226.00
2139 284.67
2140 310.00
2141 340.00
2142 294.67
2143 305.33
2144 278.67
2145 270.67
2146 217.33
2147 259.33
2148 452.67
2149 275.33
2150 296.00
2151 399.33
2152 308.67
2153 366.00
2154 396.67
2155 354.00
2156 408.00
2157 320.67
2158 338.67
2159 400.00
2160 482.00
2161 312.00
2162 282.67
2163 282.00
2164 438.67
2165 286.00
2166 479.33
2167 304.00
2168 300.00
2169 362.00
2170 357.33
2171 336.00
2172 231.33
2173 294.00
2174 380.67
2175 385.33
2176 368.67
2177 333.33
2178 264.00
2179 347.33
2180 349.33
2181 297.33
2182 299.33
2183 405.33
2184 366.00
2185 398.67
2186 300.00
2187 316.00
2188 346.00
2189 169.33
2190 302.67
2191 328.00
2192 344.00
2193 282.00
2194 349.33
2195 395.33
2196 191.33
2197 309.33
2198 446.67
2199 330.00
2200 407.33
2201 198.67
2202 411.33
2203 460.00
2204 352.00
2205 253.33
2206 254.67
2207 335.33
2208 408.00
2209 420.00
2210 398.00
2211 444.67
2212 176.00
2213 410.67
2214 214.00
2215 429.33
2216 310.00
2217 240.00
2218 310.00
2219 270.67
2220 317.33
2221 313.33
2222 325.33
2223 278.67
2224 307.33
2225 301.33
2226 378.67
2227 338.00
2228 300.67
2229 330.67
2230 376.00
2231 297.33
2232 352.00
2233 469.33
2234 354.67
2235 280.67
2236 352.67
2237 328.67
2238 261.33
2239 452.67
2240 404.00
2241 366.00
2242 273.33
2243 289.33
2244 342.00
2245 368.00
2246 324.67
2247 265.33
2248 331.33
2249 344.00
2250 266.00
2251 339.33
2252 402.00
2253 318.00
2254 262.67
2255 314.67
2256 339.33
2257 440.00
2258 394.67
2259 337.33
2260 352.67
2261 295.33
2262 212.67
2263 263.33
2264 369.33
2265 399.33
2266 427.33
2267 360.00
2268 357.33
2269 368.67
2270 327.33
2271 271.33
2272 416.67
2273 365.33
2274 340.00
2275 438.67
2276 370.00
2277 266.00
2278 245.33
2279 338.67
2280 317.33
2281 376.67
2282 180.67
2283 319.33
2284 362.00
2285 418.67
2286 419.33
2287 359.33
2288 319.33
2289 376.00
2290 386.67
2291 288.00
2292 363.33
2293 214.67
2294 370.00
2295 329.33
2296 356.00
2297 440.67
2298 388.00
2299 334.67
2300 410.00
2301 264.67
2302 318.00
2303 262.00
2304 377.33
2305 304.00
2306 390.67
2307 285.33
2308 235.33
2309 320.67
2310 412.00
2311 368.67
2312 457.33
2313 282.67
2314 396.00
2315 206.00
2316 400.67
2317 417.33
2318 347.33
2319 202.67
2320 442.00
2321 479.33
2322 266.00
2323 392.00
2324 286.00
2325 360.67
2326 300.67
2327 450.67
2328 250.00
2329 250.67
2330 412.00
2331 420.00
2332 357.33
2333 353.33
2334 409.33
2335 348.67
2336 373.33
2337 346.00
2338 372.00
2339 462.67
2340 345.33
2341 360.67
2342 373.33
2343 300.00
2344 202.67
2345 338.67
2346 324.67
2347 444.00
2348 363.33
2349 352.00
2350 426.00
2351 402.67
2352 286.00
2353 314.00
2354 330.67
2355 266.67
2356 292.00
2357 318.67
2358 417.33
2359 252.67
2360 326.00
2361 376.67
2362 322.67
2363 306.67
2364 334.00
2365 311.33
2366 326.67
2367 395.33
2368 212.00
2369 387.33
2370 318.67
2371 310.67
2372 246.67
2373 386.67
2374 332.67
2375 393.33
2376 326.67
2377 388.67
2378 416.67
2379 188.67
2380 380.00
2381 372.67
2382 444.00
2383 339.33
2384 378.67
2385 352.00
2386 249.33
2387 298.00
2388 413.33
2389 354.67
2390 366.00
2391 442.67
2392 229.33
2393 362.67
2394 318.00
2395 336.00
2396 198.00
2397 406.00
2398 315.33
2399 394.67
2400 453.33
2401 326.67
2402 380.00
2403 360.00
2404 420.00
2405 413.33
2406 353.33
2407 369.33
2408 453.33
2409 218.00
2410 254.00
2411 266.67
2412 412.00
2413 353.33
2414 454.67
2415 400.00
2416 413.33
2417 385.33
2418 352.00
2419 268.00
2420 193.33
2421 406.67
2422 432.00
2423 260.00
2424 259.33
2425 296.00
2426 348.67
2427 400.00
2428 260.00
2429 380.00
2430 242.67
2431 360.00
2432 332.00
2433 324.67
2434 396.00
2435 285.33
2436 386.00
2437 264.00
2438 204.67
2439 351.33
2440 272.00
2441 372.00
2442 266.67
2443 180.00
2444 299.33
2445 358.67
2446 400.00
2447 328.00
2448 298.00
2449 216.67
2450 480.00
2451 366.67
2452 382.00
2453 357.33
2454 362.00
2455 334.00
2456 349.33
2457 330.67
2458 338.00
2459 356.67
2460 214.67
2461 309.33
2462 315.33
2463 272.00
2464 221.33
2465 298.67
2466 378.00
2467 416.00
2468 352.67
2469 304.00
2470 303.33
2471 360.00
2472 332.67
2473 378.67
2474 340.67
2475 218.00
2476 278.67
2477 236.00
2478 309.33
2479 378.00
2480 238.67
2481 218.67
2482 410.00
2483 255.33
2484 244.67
2485 312.00
2486 301.33
2487 322.67
2488 307.33
2489 306.67
2490 291.33
2491 333.33
2492 420.00
2493 296.67
2494 235.33
2495 386.00
2496 337.33
2497 220.67
2498 455.33
2499 403.33
2500 420.67
2501 313.33
2502 256.00
2503 275.33
2504 335.33
2505 315.33
2506 339.33
2507 408.67
2508 231.33
2509 280.67
2510 339.33
2511 447.33
2512 266.67
2513 307.33
2514 350.00
2515 341.33
2516 409.33
2517 316.00
2518 230.67
2519 322.67
2520 256.00
2521 286.00
2522 460.00
2523 258.67
2524 332.00
2525 410.67
2526 418.67
2527 374.67
2528 272.00
2529 394.00
2530 430.00
2531 304.67
2532 278.00
2533 284.00
2534 304.67
2535 336.67
2536 416.00
2537 480.00
2538 252.67
2539 382.00
2540 323.33
2541 244.67
2542 376.00
2543 220.00
2544 326.67
2545 370.67
2546 260.67
2547 314.67
2548 356.67
2549 308.00
2550 418.67
2551 334.00
2552 349.33
2553 295.33
2554 349.33
2555 368.67
2556 375.33
2557 377.33
2558 366.67
2559 402.67
2560 354.67
2561 440.00
2562 450.00
2563 359.33
2564 260.00
2565 332.67
2566 320.67
2567 260.67
2568 397.33
2569 346.00
2570 386.00
2571 319.33
2572 313.33
2573 315.33
2574 260.00
2575 410.00
2576 297.33
2577 328.00
2578 296.67
2579 339.33
2580 393.33
2581 306.67
2582 336.00
2583 304.67
2584 266.67
2585 477.33
2586 305.33
2587 287.33
2588 316.67
2589 330.00
2590 366.00
2591 397.33
2592 324.67
2593 464.67
2594 370.67
2595 312.00
2596 380.00
2597 312.00
2598 368.00
2599 354.67
2600 160.00
2601 422.00
2602 358.00
2603 458.67
2604 341.33
2605 370.67
2606 342.67
2607 316.00
2608 305.33
2609 400.00
2610 392.67
2611 309.33
2612 301.33
2613 360.00
2614 304.00
2615 342.00
2616 372.00
2617 280.67
2618 238.67
2619 320.00
2620 374.67
2621 379.33
2622 480.00
2623 331.33
2624 330.67
2625 450.67
2626 302.00
2627 320.67
2628 328.00
2629 336.00
2630 427.33
2631 312.67
2632 319.33
2633 368.67
2634 371.33
2635 158.00
2636 246.00
2637 380.00
2638 420.67
2639 326.00
2640 371.33
2641 426.00
2642 314.00
2643 333.33
2644 460.00
2645 349.33
2646 288.00
2647 375.33
2648 222.67
2649 354.00
2650 434.00
2651 355.33
2652 340.00
2653 312.67
2654 480.00
2655 371.33
2656 347.33
2657 422.00
2658 296.67
2659 304.00
2660 306.00
2661 476.67
2662 366.67
2663 428.00
2664 402.00
2665 216.00
2666 314.00
2667 194.67
2668 370.67
2669 404.00
2670 363.33
2671 230.67
2672 344.00
2673 400.00
2674 300.00
2675 362.00
2676 297.33
2677 312.00
2678 325.33
2679 373.33
2680 282.67
2681 261.33
2682 366.00
2683 420.00
2684 353.33
2685 352.67
2686 188.00
2687 380.67
2688 374.00
2689 400.00
2690 380.67
2691 278.67
2692 390.67
2693 316.00
2694 148.00
2695 387.33
2696 290.00
2697 310.67
2698 280.00
2699 232.00
2700 308.67
2701 316.00
2702 360.00
2703 348.67
2704 344.00
2705 343.33
2706 344.67
2707 225.33
2708 400.00
2709 304.00
2710 330.67
2711 312.00
2712 318.00
2713 316.67
2714 408.00
2715 317.33
2716 236.00
2717 394.00
2718 280.00
2719 344.00
2720 326.00
2721 388.00
2722 278.00
2723 307.33
2724 304.00
2725 250.00
2726 372.00
2727 335.33
2728 294.67
2729 253.33
2730 330.00
2731 280.67
2732 342.00
2733 277.33
2734 192.67
2735 363.33
2736 259.33
2737 342.00
2738 298.00
2739 280.67
2740 238.67
2741 303.33
2742 425.33
2743 460.00
2744 241.33
2745 420.67
2746 423.33
2747 277.33
2748 417.33
2749 287.33
2750 343.33
2751 323.33
2752 324.67
2753 337.33
2754 406.67
2755 337.33
2756 336.67
2757 408.67
2758 324.67
2759 374.00
2760 288.67
2761 355.33
2762 416.67
2763 350.67
2764 378.00
2765 330.00
2766 316.67
2767 347.33
2768 322.00
2769 289.33
2770 363.33
2771 166.00
2772 361.33
2773 345.33
2774 299.33
2775 328.00
2776 339.33
2777 347.33
2778 330.00
2779 284.00
2780 459.33
2781 247.33
2782 350.00
2783 440.67
2784 256.00
2785 360.67
2786 313.33
2787 332.67
2788 379.33
2789 280.67
2790 306.67
2791 347.33
2792 333.33
2793 286.00
2794 380.67
2795 343.33
2796 352.67
2797 285.33
2798 165.33
2799 314.67
2800 340.00
2801 340.00
2802 387.33
2803 380.00
2804 274.67
2805 334.67
2806 360.00
2807 440.00
2808 440.00
2809 404.67
2810 330.00
2811 400.00
2812 344.67
2813 300.00
2814 280.00
2815 339.33
2816 360.00
2817 320.67
2818 261.33
2819 349.33
2820 392.67
2821 306.67
2822 257.33
2823 324.67
2824 303.33
2825 380.00
2826 340.00
2827 220.00
2828 359.33
2829 287.33
2830 182.67
2831 350.67
2832 317.33
2833 324.67
2834 480.00
2835 324.67
2836 320.00
2837 322.67
2838 433.33
2839 256.00
2840 322.67
2841 350.00
2842 354.00
2843 325.33
2844 378.67
2845 352.67
2846 433.33
2847 279.33
2848 374.67
2849 347.33
2850 265.33
2851 298.00
2852 430.67
2853 270.00
2854 326.00
2855 392.00
2856 460.00
2857 420.67
2858 257.33
2859 401.33
2860 440.00
2861 246.67
2862 342.00
2863 399.33
2864 253.33
2865 336.67
2866 267.33
2867 396.67
2868 370.67
2869 332.67
2870 296.67
2871 343.33
2872 328.00
2873 346.00
2874 228.67
2875 249.33
2876 232.67
2877 400.00
2878 271.33
2879 327.33
2880 292.00
2881 254.67
2882 219.33
2883 411.33
2884 308.67
2885 392.00
2886 213.33
2887 466.67
2888 384.67
2889 342.67
2890 243.33
2891 392.00
2892 352.67
2893 436.67
2894 330.67
2895 420.00
2896 346.00
2897 304.67
2898 375.33
2899 239.33
2900 360.00
2901 219.33
2902 266.67
2903 411.33
2904 339.33
2905 354.00
2906 293.33
2907 238.00
2908 318.67
2909 330.00
2910 380.00
2911 264.67
2912 188.00
2913 216.00
2914 225.33
2915 420.00
2916 329.33
2917 400.00
2918 374.00
2919 368.67
2920 314.00
2921 446.00
2922 442.00
2923 458.67
2924 236.67
2925 342.00
2926 372.67
2927 320.67
2928 420.00
2929 296.00
2930 301.33
2931 319.33
2932 388.00
2933 358.67
2934 415.33
2935 260.00
2936 273.33
2937 300.00
2938 332.67
2939 321.33
2940 392.67
2941 400.00
2942 330.67
2943 397.33
2944 364.00
2945 347.33
2946 315.33
2947 372.67
2948 193.33
2949 398.67
2950 434.00
2951 336.67
2952 296.00
2953 302.67
2954 347.33
2955 379.33
2956 316.00
2957 312.00
2958 402.67
2959 276.67
2960 262.00
2961 343.33
2962 282.67
2963 320.67
2964 372.67
2965 334.00
2966 352.00
2967 164.67
2968 300.00
2969 339.33
2970 404.00
2971 389.33
2972 336.67
2973 402.67
2974 259.33
2975 405.33
2976 367.33
2977 278.67
2978 298.00
2979 212.00
2980 271.33
2981 260.67
2982 222.67
2983 289.33
2984 297.33
2985 329.33
2986 312.67
2987 273.33
2988 352.00
2989 396.67
2990 326.67
2991 440.67
2992 323.33
2993 385.33
2994 367.33
2995 334.67
2996 410.67
2997 362.00
2998 281.33
2999 377.33
