0 -0.16
30 -0.14
60 -0.06
90 -0.08
120 -0.10
150 -0.07
180 0.01
210 -0.06
240 -0.02
270 -0.07
300 0.02
330 -0.02
360 0.03
390 -0.06
420 0.02
450 0.00
480 0.03
510 0.07
540 0.08
570 0.02
600 0.18
630 0.20
660 0.20
690 0.20
720 0.21
750 0.20
780 0.20
810 0.22
840 0.21
870 0.22
900 0.26
930 0.24
960 0.28
990 0.33
1020 0.30
1050 0.27
1080 0.31
1110 0.35
1140 0.33
1170 0.31
1200 0.27
1230 0.31
1260 0.27
1290 0.28
1320 0.28
1350 0.32
1380 0.33
1410 0.33
1440 0.36
1470 0.37
1500 0.30
1530 0.24
1560 0.27
1590 0.24
1620 0.27
1650 0.28
1680 0.32
1710 0.29
1740 0.31
1770 0.25
1800 0.25
1830 0.24
1860 0.36
1890 0.29
1920 0.36
1950 0.34
1980 0.38
2010 0.41
2040 0.39
2070 0.42
2100 0.37
2130 0.35
2160 0.37
2190 0.36
2220 0.42
2250 0.30
2280 0.33
2310 0.39
2340 0.39
2370 0.42
2400 0.34
2430 0.40
2460 0.44
2490 0.37
2520 0.39
2550 0.38
2580 0.39
2610 0.38
2640 0.39
2670 0.40
2700 0.38
2730 0.35
2760 0.31
2790 0.36
2820 0.39
2850 0.41
2880 0.43
2910 0.42
2940 0.38
2970 0.39
