0 263.33
30 244.67
60 252.67
90 273.33
120 244.00
150 274.67
180 248.00
210 264.00
240 254.67
270 261.33
300 256.00
330 272.00
360 276.00
390 244.67
420 237.33
450 256.00
480 231.33
510 209.33
540 246.67
570 212.67
600 259.33
630 246.00
660 245.33
690 259.33
720 275.33
750 246.67
780 256.67
810 264.67
840 242.67
870 268.00
900 276.67
930 286.67
960 266.67
990 268.00
1020 272.67
1050 252.00
1080 242.00
1110 272.00
1140 274.67
1170 258.00
1200 264.00
1230 291.33
1260 260.00
1290 265.33
1320 279.33
1350 276.00
1380 276.67
1410 314.00
1440 266.00
1470 249.33
1500 282.00
1530 294.00
1560 302.67
1590 280.67
1620 281.33
1650 351.33
1680 316.67
1710 278.67
1740 324.67
1770 334.67
1800 332.67
1830 325.33
1860 280.00
1890 290.67
1920 298.67
1950 312.67
1980 282.67
2010 280.00
2040 276.00
2070 322.67
2100 312.67
2130 343.33
2160 298.00
2190 302.00
2220 314.00
2250 296.00
2280 298.00
2310 290.00
2340 282.67
2370 267.33
2400 335.33
2430 300.67
2460 313.33
2490 286.67
2520 321.33
2550 332.00
2580 331.33
2610 284.67
2640 332.67
2670 326.67
2700 314.67
2730 296.00
2760 283.33
2790 278.67
2820 331.33
2850 325.33
2880 297.33
2910 274.67
2940 278.67
2970 268.00
