0 264.00
1 245.00
2 246.00
3 255.00
4 216.00
5 236.00
6 248.00
7 255.00
8 249.00
9 243.00
10 267.00
11 296.00
12 237.00
13 223.00
14 259.00
15 266.00
16 278.00
17 249.00
18 281.00
19 277.00
20 276.00
21 254.00
22 287.00
23 249.00
24 316.00
25 308.00
26 280.00
27 284.00
28 287.00
29 263.00
30 246.00
31 292.00
32 257.00
33 239.00
34 292.00
35 237.00
36 241.00
37 242.00
38 242.00
39 265.00
40 242.00
41 258.00
42 269.00
43 264.00
44 247.00
45 239.00
46 266.00
47 254.00
48 247.00
49 266.00
50 270.00
51 277.00
52 290.00
53 273.00
54 277.00
55 284.00
56 262.00
57 260.00
58 252.00
59 271.00
60 273.00
61 243.00
62 264.00
63 267.00
64 259.00
65 279.00
66 253.00
67 309.00
68 256.00
69 269.00
70 270.00
71 274.00
72 251.00
73 227.00
74 262.00
75 237.00
76 241.00
77 254.00
78 231.00
79 242.00
80 237.00
81 295.00
82 298.00
83 234.00
84 239.00
85 247.00
86 268.00
87 248.00
88 301.00
89 237.00
90 254.00
91 262.00
92 225.00
93 262.00
94 236.00
95 222.00
96 265.00
97 222.00
98 233.00
99 236.00
100 266.00
101 237.00
102 260.00
103 247.00
104 283.00
105 249.00
106 287.00
107 267.00
108 232.00
109 262.00
110 279.00
111 259.00
112 224.00
113 265.00
114 296.00
115 237.00
116 271.00
117 243.00
118 239.00
119 264.00
120 267.00
121 259.00
122 293.00
123 291.00
124 295.00
125 266.00
126 272.00
127 297.00
128 328.00
129 269.00
130 302.00
131 291.00
132 296.00
133 301.00
134 301.00
135 327.00
136 306.00
137 305.00
138 291.00
139 314.00
140 266.00
141 289.00
142 250.00
143 278.00
144 260.00
145 291.00
146 260.00
147 249.00
148 280.00
149 266.00
150 247.00
151 241.00
152 260.00
153 308.00
154 224.00
155 287.00
156 238.00
157 261.00
158 254.00
159 242.00
160 245.00
161 223.00
162 231.00
163 225.00
164 251.00
165 268.00
166 235.00
167 273.00
168 274.00
169 233.00
170 235.00
171 245.00
172 255.00
173 239.00
174 237.00
175 243.00
176 221.00
177 265.00
178 227.00
179 251.00
180 262.00
181 278.00
182 248.00
183 263.00
184 230.00
185 257.00
186 238.00
187 251.00
188 311.00
189 358.00
190 262.00
191 308.00
192 237.00
193 238.00
194 264.00
195 280.00
196 269.00
197 251.00
198 273.00
199 268.00
200 268.00
201 301.00
202 291.00
203 292.00
204 259.00
205 281.00
206 296.00
207 311.00
208 301.00
209 313.00
210 325.00
211 337.00
212 284.00
213 278.00
214 272.00
215 314.00
216 325.00
217 279.00
218 315.00
219 295.00
220 288.00
221 328.00
222 340.00
223 296.00
224 335.00
225 336.00
226 328.00
227 322.00
228 315.00
229 311.00
230 263.00
231 312.00
232 269.00
233 257.00
234 311.00
235 255.00
236 255.00
237 270.00
238 289.00
239 289.00
240 255.00
241 277.00
242 263.00
243 259.00
244 264.00
245 251.00
246 275.00
247 256.00
248 269.00
249 278.00
250 288.00
251 277.00
252 290.00
253 280.00
254 279.00
255 295.00
256 271.00
257 283.00
258 294.00
259 304.00
260 286.00
261 272.00
262 279.00
263 305.00
264 294.00
265 303.00
266 273.00
267 302.00
268 286.00
269 302.00
270 304.00
271 322.00
272 301.00
273 281.00
274 302.00
275 277.00
276 280.00
277 295.00
278 289.00
279 281.00
280 270.00
281 299.00
282 295.00
283 277.00
284 276.00
285 281.00
286 300.00
287 288.00
288 296.00
289 279.00
290 291.00
291 284.00
292 267.00
293 287.00
294 269.00
295 284.00
296 300.00
297 270.00
298 271.00
299 269.00
300 276.00
301 276.00
302 266.00
303 290.00
304 296.00
305 286.00
306 290.00
307 272.00
308 269.00
309 282.00
310 288.00
311 288.00
312 253.00
313 271.00
314 297.00
315 283.00
316 286.00
317 271.00
318 284.00
319 286.00
320 274.00
321 295.00
322 313.00
323 311.00
324 318.00
325 282.00
326 299.00
327 313.00
328 322.00
329 289.00
330 300.00
331 304.00
332 307.00
333 334.00
334 324.00
335 348.00
336 312.00
337 310.00
338 310.00
339 317.00
340 304.00
341 331.00
342 290.00
343 321.00
344 299.00
345 334.00
346 306.00
347 302.00
348 345.00
349 322.00
350 334.00
351 284.00
352 345.00
353 350.00
354 311.00
355 346.00
356 305.00
357 336.00
358 336.00
359 336.00
360 305.00
361 288.00
362 298.00
363 295.00
364 358.00
365 347.00
366 308.00
367 309.00
368 339.00
369 282.00
370 290.00
371 290.00
372 288.00
373 280.00
374 292.00
375 287.00
376 280.00
377 288.00
378 290.00
379 296.00
380 297.00
381 283.00
382 268.00
383 263.00
384 256.00
385 265.00
386 258.00
387 264.00
388 306.00
389 326.00
390 279.00
391 315.00
392 261.00
393 266.00
394 292.00
395 267.00
396 278.00
397 287.00
398 276.00
399 267.00
400 354.00
401 372.00
402 347.00
403 383.00
404 354.00
405 336.00
406 295.00
407 358.00
408 326.00
409 359.00
410 363.00
411 336.00
412 323.00
413 335.00
414 312.00
415 331.00
416 369.00
417 347.00
418 380.00
419 343.00
420 347.00
421 339.00
422 397.00
423 382.00
424 365.00
425 399.00
426 394.00
427 402.00
428 389.00
429 354.00
430 341.00
431 382.00
432 377.00
433 336.00
434 376.00
435 352.00
436 340.00
437 378.00
438 352.00
439 362.00
440 392.00
441 378.00
442 382.00
443 361.00
444 344.00
445 296.00
446 350.00
447 346.00
448 286.00
449 333.00
450 402.00
451 374.00
452 387.00
453 336.00
454 344.00
455 367.00
456 320.00
457 341.00
458 320.00
459 364.00
460 331.00
461 312.00
462 313.00
463 328.00
464 338.00
465 353.00
466 323.00
467 351.00
468 352.00
469 396.00
470 345.00
471 364.00
472 362.00
473 337.00
474 379.00
475 349.00
476 372.00
477 325.00
478 349.00
479 328.00
480 348.00
481 367.00
482 381.00
483 334.00
484 316.00
485 383.00
486 368.00
487 361.00
488 390.00
489 373.00
490 386.00
491 349.00
492 350.00
493 354.00
494 352.00
495 343.00
496 378.00
497 330.00
498 344.00
499 313.00
500 389.00
501 357.00
502 387.00
503 366.00
504 352.00
505 332.00
506 398.00
507 392.00
508 390.00
509 385.00
510 363.00
511 338.00
512 357.00
513 395.00
514 400.00
515 322.00
516 379.00
517 367.00
518 319.00
519 387.00
520 346.00
521 342.00
522 369.00
523 328.00
524 342.00
525 317.00
526 376.00
527 332.00
528 345.00
529 342.00
530 355.00
531 279.00
532 330.00
533 345.00
534 313.00
535 336.00
536 294.00
537 315.00
538 321.00
539 334.00
540 304.00
541 311.00
542 312.00
543 376.00
544 348.00
545 361.00
546 358.00
547 341.00
548 374.00
549 357.00
550 356.00
551 343.00
552 375.00
553 351.00
554 299.00
555 357.00
556 302.00
557 376.00
558 310.00
559 345.00
560 353.00
561 312.00
562 309.00
563 259.00
564 353.00
565 360.00
566 307.00
567 347.00
568 351.00
569 290.00
570 323.00
571 315.00
572 332.00
573 305.00
574 331.00
575 335.00
576 274.00
577 315.00
578 334.00
579 354.00
580 338.00
581 283.00
582 322.00
583 367.00
584 357.00
585 378.00
586 315.00
587 378.00
588 322.00
589 373.00
590 329.00
591 364.00
592 286.00
593 315.00
594 383.00
595 305.00
596 382.00
597 406.00
598 363.00
599 333.00
600 343.00
601 335.00
602 312.00
603 365.00
604 315.00
605 296.00
606 283.00
607 319.00
608 302.00
609 325.00
610 315.00
611 351.00
612 310.00
613 306.00
614 304.00
615 307.00
616 347.00
617 321.00
618 348.00
619 320.00
620 330.00
621 339.00
622 370.00
623 346.00
624 321.00
625 360.00
626 352.00
627 368.00
628 355.00
629 325.00
630 314.00
631 382.00
632 366.00
633 316.00
634 339.00
635 330.00
636 288.00
637 345.00
638 306.00
639 321.00
640 355.00
641 335.00
642 342.00
643 303.00
644 328.00
645 260.00
646 303.00
647 318.00
648 235.00
649 271.00
650 327.00
651 325.00
652 323.00
653 277.00
654 280.00
655 325.00
656 294.00
657 276.00
658 288.00
659 324.00
660 286.00
661 267.00
662 288.00
663 306.00
664 295.00
665 352.00
666 292.00
667 305.00
668 321.00
669 365.00
670 344.00
671 364.00
672 343.00
673 315.00
674 362.00
675 340.00
676 353.00
677 332.00
678 347.00
679 312.00
680 327.00
681 385.00
682 364.00
683 334.00
684 340.00
685 386.00
686 384.00
687 353.00
688 372.00
689 368.00
690 365.00
691 314.00
692 333.00
693 345.00
694 331.00
695 346.00
696 362.00
697 311.00
698 338.00
699 299.00
700 386.00
701 366.00
702 400.00
703 339.00
704 357.00
705 296.00
706 360.00
707 378.00
708 371.00
709 353.00
710 363.00
711 331.00
712 330.00
713 362.00
714 376.00
715 334.00
716 369.00
717 343.00
718 289.00
719 374.00
720 351.00
721 332.00
722 332.00
723 317.00
724 332.00
725 301.00
726 352.00
727 332.00
728 300.00
729 284.00
730 293.00
731 271.00
732 286.00
733 339.00
734 302.00
735 321.00
736 288.00
737 275.00
738 298.00
739 300.00
740 283.00
741 288.00
742 276.00
743 373.00
744 293.00
745 334.00
746 320.00
747 313.00
748 354.00
749 323.00
750 287.00
751 308.00
752 352.00
753 340.00
754 308.00
755 351.00
756 282.00
757 367.00
758 310.00
759 304.00
760 295.00
761 271.00
762 290.00
763 224.00
764 295.00
765 318.00
766 269.00
767 307.00
768 305.00
769 248.00
770 259.00
771 301.00
772 287.00
773 263.00
774 276.00
775 280.00
776 257.00
777 261.00
778 293.00
779 304.00
780 322.00
781 273.00
782 289.00
783 346.00
784 337.00
785 368.00
786 307.00
787 364.00
788 325.00
789 354.00
790 334.00
791 339.00
792 271.00
793 280.00
794 341.00
795 283.00
796 351.00
797 375.00
798 347.00
799 296.00
800 357.00
801 391.00
802 377.00
803 400.00
804 378.00
805 380.00
806 370.00
807 383.00
808 364.00
809 408.00
810 384.00
811 395.00
812 373.00
813 388.00
814 353.00
815 388.00
816 413.00
817 384.00
818 416.00
819 378.00
820 372.00
821 390.00
822 423.00
823 406.00
824 371.00
825 417.00
826 417.00
827 417.00
828 401.00
829 381.00
830 352.00
831 411.00
832 398.00
833 350.00
834 409.00
835 376.00
836 346.00
837 398.00
838 373.00
839 389.00
840 408.00
841 372.00
842 379.00
843 351.00
844 377.00
845 333.00
846 374.00
847 378.00
848 345.00
849 381.00
850 386.00
851 400.00
852 397.00
853 346.00
854 386.00
855 374.00
856 370.00
857 365.00
858 367.00
859 407.00
860 374.00
861 348.00
862 361.00
863 363.00
864 359.00
865 393.00
866 365.00
867 355.00
868 381.00
869 379.00
870 382.00
871 389.00
872 356.00
873 387.00
874 382.00
875 379.00
876 367.00
877 357.00
878 357.00
879 335.00
880 358.00
881 401.00
882 406.00
883 379.00
884 361.00
885 388.00
886 393.00
887 373.00
888 407.00
889 384.00
890 394.00
891 359.00
892 350.00
893 378.00
894 352.00
895 351.00
896 361.00
897 317.00
898 339.00
899 324.00
900 383.00
901 365.00
902 379.00
903 367.00
904 363.00
905 339.00
906 397.00
907 373.00
908 378.00
909 379.00
910 365.00
911 350.00
912 345.00
913 381.00
914 391.00
915 351.00
916 388.00
917 373.00
918 353.00
919 407.00
920 390.00
921 359.00
922 402.00
923 383.00
924 394.00
925 339.00
926 393.00
927 406.00
928 376.00
929 392.00
930 375.00
931 340.00
932 376.00
933 382.00
934 382.00
935 391.00
936 377.00
937 367.00
938 374.00
939 388.00
940 391.00
941 361.00
942 396.00
943 401.00
944 394.00
945 402.00
946 401.00
947 372.00
948 417.00
949 402.00
950 393.00
951 395.00
952 413.00
953 423.00
954 366.00
955 416.00
956 364.00
957 410.00
958 399.00
959 406.00
960 406.00
961 337.00
962 367.00
963 347.00
964 406.00
965 407.00
966 389.00
967 396.00
968 404.00
969 342.00
970 395.00
971 381.00
972 388.00
973 387.00
974 352.00
975 363.00
976 323.00
977 368.00
978 359.00
979 371.00
980 367.00
981 336.00
982 371.00
983 375.00
984 366.00
985 385.00
986 318.00
987 377.00
988 350.00
989 391.00
990 380.00
991 375.00
992 325.00
993 330.00
994 374.00
995 337.00
996 388.00
997 397.00
998 383.00
999 356.00
1000 352.00
1001 390.00
1002 383.00
1003 390.00
1004 371.00
1005 371.00
1006 352.00
1007 374.00
1008 345.00
1009 395.00
1010 417.00
1011 407.00
1012 368.00
1013 375.00
1014 345.00
1015 370.00
1016 401.00
1017 379.00
1018 406.00
1019 373.00
1020 362.00
1021 395.00
1022 413.00
1023 408.00
1024 366.00
1025 418.00
1026 404.00
1027 418.00
1028 402.00
1029 386.00
1030 347.00
1031 414.00
1032 408.00
1033 352.00
1034 408.00
1035 364.00
1036 327.00
1037 409.00
1038 371.00
1039 396.00
1040 403.00
1041 384.00
1042 391.00
1043 374.00
1044 373.00
1045 331.00
1046 378.00
1047 375.00
1048 297.00
1049 355.00
1050 399.00
1051 398.00
1052 403.00
1053 365.00
1054 364.00
1055 402.00
1056 381.00
1057 352.00
1058 386.00
1059 382.00
1060 350.00
1061 347.00
1062 380.00
1063 355.00
1064 342.00
1065 396.00
1066 359.00
1067 360.00
1068 393.00
1069 382.00
1070 370.00
1071 378.00
1072 361.00
1073 368.00
1074 405.00
1075 394.00
1076 380.00
1077 349.00
1078 382.00
1079 334.00
1080 362.00
1081 409.00
1082 394.00
1083 375.00
1084 337.00
1085 405.00
1086 409.00
1087 384.00
1088 398.00
1089 406.00
1090 408.00
1091 372.00
1092 361.00
1093 390.00
1094 344.00
1095 367.00
1096 393.00
1097 319.00
1098 359.00
1099 318.00
1100 389.00
1101 353.00
1102 406.00
1103 384.00
1104 370.00
1105 328.00
1106 386.00
1107 410.00
1108 395.00
1109 402.00
1110 397.00
1111 364.00
1112 354.00
1113 373.00
1114 413.00
1115 356.00
1116 386.00
1117 366.00
1118 353.00
1119 403.00
1120 393.00
1121 344.00
1122 373.00
1123 366.00
1124 400.00
1125 335.00
1126 399.00
1127 397.00
1128 377.00
1129 374.00
1130 372.00
1131 331.00
1132 363.00
1133 397.00
1134 378.00
1135 395.00
1136 355.00
1137 360.00
1138 377.00
1139 388.00
1140 343.00
1141 365.00
1142 350.00
1143 412.00
1144 389.00
1145 419.00
1146 385.00
1147 358.00
1148 413.00
1149 397.00
1150 375.00
1151 371.00
1152 419.00
1153 393.00
1154 349.00
1155 415.00
1156 356.00
1157 417.00
1158 384.00
1159 406.00
1160 396.00
1161 330.00
1162 360.00
1163 321.00
1164 397.00
1165 413.00
1166 382.00
1167 405.00
1168 398.00
1169 338.00
1170 392.00
1171 389.00
1172 392.00
1173 370.00
1174 351.00
1175 350.00
1176 316.00
1177 363.00
1178 352.00
1179 369.00
1180 369.00
1181 320.00
1182 367.00
1183 393.00
1184 376.00
1185 389.00
1186 348.00
1187 380.00
1188 357.00
1189 390.00
1190 344.00
1191 372.00
1192 306.00
1193 322.00
1194 384.00
1195 321.00
1196 367.00
1197 392.00
1198 376.00
1199 348.00
1200 357.00
1201 408.00
1202 402.00
1203 412.00
1204 375.00
1205 382.00
1206 362.00
1207 409.00
1208 365.00
1209 419.00
1210 413.00
1211 400.00
1212 382.00
1213 384.00
1214 351.00
1215 384.00
1216 421.00
1217 386.00
1218 423.00
1219 375.00
1220 377.00
1221 413.00
1222 433.00
1223 417.00
1224 382.00
1225 424.00
1226 423.00
1227 423.00
1228 405.00
1229 390.00
1230 349.00
1231 424.00
1232 407.00
1233 361.00
1234 415.00
1235 373.00
1236 337.00
1237 417.00
1238 385.00
1239 401.00
1240 416.00
1241 389.00
1242 397.00
1243 368.00
1244 393.00
1245 338.00
1246 351.00
1247 381.00
1248 300.00
1249 359.00
1250 408.00
1251 403.00
1252 407.00
1253 338.00
1254 378.00
1255 385.00
1256 372.00
1257 367.00
1258 359.00
1259 389.00
1260 386.00
1261 341.00
1262 349.00
1263 342.00
1264 347.00
1265 402.00
1266 358.00
1267 376.00
1268 390.00
1269 380.00
1270 376.00
1271 390.00
1272 379.00
1273 361.00
1274 398.00
1275 398.00
1276 386.00
1277 369.00
1278 376.00
1279 344.00
1280 356.00
1281 419.00
1282 398.00
1283 378.00
1284 338.00
1285 412.00
1286 400.00
1287 382.00
1288 407.00
1289 406.00
1290 412.00
1291 364.00
1292 364.00
1293 387.00
1294 357.00
1295 368.00
1296 397.00
1297 326.00
1298 363.00
1299 322.00
1300 394.00
1301 379.00
1302 408.00
1303 403.00
1304 367.00
1305 345.00
1306 404.00
1307 421.00
1308 408.00
1309 415.00
1310 405.00
1311 386.00
1312 360.00
1313 399.00
1314 420.00
1315 360.00
1316 412.00
1317 368.00
1318 359.00
1319 417.00
1320 399.00
1321 345.00
1322 382.00
1323 371.00
1324 406.00
1325 342.00
1326 403.00
1327 404.00
1328 369.00
1329 381.00
1330 382.00
1331 324.00
1332 371.00
1333 406.00
1334 385.00
1335 393.00
1336 376.00
1337 382.00
1338 386.00
1339 384.00
1340 363.00
1341 357.00
1342 364.00
1343 403.00
1344 390.00
1345 398.00
1346 397.00
1347 358.00
1348 417.00
1349 405.00
1350 399.00
1351 380.00
1352 432.00
1353 407.00
1354 348.00
1355 423.00
1356 381.00
1357 424.00
1358 401.00
1359 399.00
1360 406.00
1361 339.00
1362 358.00
1363 327.00
1364 415.00
1365 424.00
1366 404.00
1367 413.00
1368 397.00
1369 349.00
1370 399.00
1371 406.00
1372 400.00
1373 389.00
1374 356.00
1375 365.00
1376 325.00
1377 368.00
1378 372.00
1379 382.00
1380 386.00
1381 333.00
1382 366.00
1383 396.00
1384 370.00
1385 394.00
1386 340.00
1387 396.00
1388 375.00
1389 393.00
1390 351.00
1391 388.00
1392 298.00
1393 322.00
1394 400.00
1395 319.00
1396 390.00
1397 415.00
1398 400.00
1399 361.00
1400 353.00
1401 384.00
1402 376.00
1403 407.00
1404 369.00
1405 372.00
1406 347.00
1407 405.00
1408 360.00
1409 401.00
1410 409.00
1411 391.00
1412 373.00
1413 370.00
1414 338.00
1415 372.00
1416 407.00
1417 376.00
1418 415.00
1419 364.00
1420 367.00
1421 400.00
1422 435.00
1423 421.00
1424 378.00
1425 415.00
1426 424.00
1427 400.00
1428 386.00
1429 365.00
1430 340.00
1431 400.00
1432 393.00
1433 340.00
1434 387.00
1435 358.00
1436 323.00
1437 389.00
1438 353.00
1439 378.00
1440 410.00
1441 383.00
1442 393.00
1443 351.00
1444 370.00
1445 295.00
1446 351.00
1447 357.00
1448 273.00
1449 328.00
1450 379.00
1451 380.00
1452 373.00
1453 327.00
1454 339.00
1455 381.00
1456 332.00
1457 329.00
1458 340.00
1459 382.00
1460 337.00
1461 307.00
1462 303.00
1463 334.00
1464 325.00
1465 384.00
1466 349.00
1467 371.00
1468 372.00
1469 392.00
1470 375.00
1471 364.00
1472 369.00
1473 362.00
1474 400.00
1475 379.00
1476 379.00
1477 351.00
1478 370.00
1479 340.00
1480 364.00
1481 402.00
1482 401.00
1483 371.00
1484 333.00
1485 402.00
1486 396.00
1487 382.00
1488 405.00
1489 393.00
1490 412.00
1491 370.00
1492 360.00
1493 378.00
1494 352.00
1495 358.00
1496 395.00
1497 324.00
1498 350.00
1499 315.00
1500 402.00
1501 373.00
1502 404.00
1503 378.00
1504 361.00
1505 339.00
1506 414.00
1507 420.00
1508 395.00
1509 388.00
1510 372.00
1511 368.00
1512 350.00
1513 396.00
1514 413.00
1515 329.00
1516 390.00
1517 369.00
1518 327.00
1519 416.00
1520 376.00
1521 369.00
1522 396.00
1523 389.00
1524 398.00
1525 357.00
1526 427.00
1527 395.00
1528 388.00
1529 389.00
1530 388.00
1531 328.00
1532 365.00
1533 405.00
1534 372.00
1535 394.00
1536 342.00
1537 351.00
1538 375.00
1539 386.00
1540 350.00
1541 351.00
1542 340.00
1543 388.00
1544 355.00
1545 383.00
1546 366.00
1547 328.00
1548 412.00
1549 389.00
1550 390.00
1551 364.00
1552 410.00
1553 398.00
1554 342.00
1555 423.00
1556 370.00
1557 432.00
1558 402.00
1559 415.00
1560 412.00
1561 341.00
1562 372.00
1563 331.00
1564 409.00
1565 421.00
1566 374.00
1567 399.00
1568 409.00
1569 335.00
1570 364.00
1571 392.00
1572 395.00
1573 365.00
1574 338.00
1575 339.00
1576 317.00
1577 337.00
1578 353.00
1579 373.00
1580 378.00
1581 317.00
1582 347.00
1583 370.00
1584 357.00
1585 389.00
1586 328.00
1587 399.00
1588 356.00
1589 383.00
1590 374.00
1591 392.00
1592 294.00
1593 321.00
1594 396.00
1595 319.00
1596 413.00
1597 420.00
1598 394.00
1599 351.00
1600 360.00
1601 409.00
1602 389.00
1603 404.00
1604 376.00
1605 374.00
1606 382.00
1607 394.00
1608 356.00
1609 407.00
1610 400.00
1611 388.00
1612 371.00
1613 378.00
1614 353.00
1615 376.00
1616 406.00
1617 396.00
1618 418.00
1619 362.00
1620 388.00
1621 400.00
1622 422.00
1623 404.00
1624 374.00
1625 408.00
1626 406.00
1627 427.00
1628 407.00
1629 383.00
1630 350.00
1631 413.00
1632 387.00
1633 370.00
1634 403.00
1635 376.00
1636 338.00
1637 395.00
1638 384.00
1639 399.00
1640 408.00
1641 386.00
1642 393.00
1643 383.00
1644 390.00
1645 345.00
1646 381.00
1647 381.00
1648 328.00
1649 376.00
1650 404.00
1651 405.00
1652 409.00
1653 362.00
1654 377.00
1655 403.00
1656 367.00
1657 362.00
1658 387.00
1659 411.00
1660 387.00
1661 353.00
1662 352.00
1663 357.00
1664 363.00
1665 418.00
1666 378.00
1667 384.00
1668 404.00
1669 412.00
1670 384.00
1671 385.00
1672 397.00
1673 373.00
1674 420.00
1675 409.00
1676 412.00
1677 382.00
1678 402.00
1679 360.00
1680 379.00
1681 403.00
1682 407.00
1683 382.00
1684 374.00
1685 410.00
1686 406.00
1687 396.00
1688 401.00
1689 399.00
1690 403.00
1691 381.00
1692 387.00
1693 403.00
1694 373.00
1695 382.00
1696 389.00
1697 340.00
1698 354.00
1699 344.00
1700 383.00
1701 374.00
1702 390.00
1703 395.00
1704 379.00
1705 345.00
1706 409.00
1707 392.00
1708 388.00
1709 397.00
1710 391.00
1711 386.00
1712 355.00
1713 386.00
1714 396.00
1715 351.00
1716 410.00
1717 366.00
1718 349.00
1719 407.00
1720 397.00
1721 350.00
1722 381.00
1723 369.00
1724 382.00
1725 318.00
1726 377.00
1727 377.00
1728 348.00
1729 388.00
1730 361.00
1731 319.00
1732 357.00
1733 380.00
1734 363.00
1735 382.00
1736 354.00
1737 346.00
1738 368.00
1739 385.00
1740 358.00
1741 365.00
1742 351.00
1743 419.00
1744 409.00
1745 429.00
1746 396.00
1747 374.00
1748 424.00
1749 414.00
1750 406.00
1751 392.00
1752 429.00
1753 417.00
1754 370.00
1755 426.00
1756 388.00
1757 431.00
1758 402.00
1759 411.00
1760 412.00
1761 348.00
1762 370.00
1763 346.00
1764 399.00
1765 421.00
1766 395.00
1767 417.00
1768 415.00
1769 361.00
1770 398.00
1771 397.00
1772 401.00
1773 372.00
1774 381.00
1775 363.00
1776 343.00
1777 367.00
1778 364.00
1779 388.00
1780 397.00
1781 348.00
1782 369.00
1783 398.00
1784 368.00
1785 404.00
1786 346.00
1787 388.00
1788 374.00
1789 389.00
1790 375.00
1791 387.00
1792 318.00
1793 342.00
1794 403.00
1795 326.00
1796 391.00
1797 407.00
1798 386.00
1799 375.00
1800 354.00
1801 378.00
1802 386.00
1803 391.00
1804 359.00
1805 377.00
1806 364.00
1807 392.00
1808 383.00
1809 394.00
1810 395.00
1811 398.00
1812 336.00
1813 354.00
1814 347.00
1815 377.00
1816 405.00
1817 379.00
1818 400.00
1819 380.00
1820 378.00
1821 375.00
1822 418.00
1823 391.00
1824 388.00
1825 417.00
1826 400.00
1827 417.00
1828 398.00
1829 391.00
1830 383.00
1831 405.00
1832 374.00
1833 353.00
1834 409.00
1835 368.00
1836 364.00
1837 378.00
1838 368.00
1839 374.00
1840 387.00
1841 385.00
1842 392.00
1843 386.00
1844 366.00
1845 358.00
1846 343.00
1847 357.00
1848 334.00
1849 356.00
1850 375.00
1851 376.00
1852 360.00
1853 343.00
1854 332.00
1855 378.00
1856 330.00
1857 331.00
1858 355.00
1859 366.00
1860 364.00
1861 341.00
1862 349.00
1863 341.00
1864 337.00
1865 379.00
1866 350.00
1867 371.00
1868 371.00
1869 377.00
1870 382.00
1871 375.00
1872 385.00
1873 350.00
1874 400.00
1875 386.00
1876 403.00
1877 387.00
1878 369.00
1879 381.00
1880 366.00
1881 391.00
1882 382.00
1883 356.00
1884 348.00
1885 404.00
1886 390.00
1887 375.00
1888 398.00
1889 362.00
1890 384.00
1891 370.00
1892 345.00
1893 396.00
1894 355.00
1895 369.00
1896 394.00
1897 350.00
1898 343.00
1899 337.00
1900 381.00
1901 372.00
1902 392.00
1903 380.00
1904 361.00
1905 355.00
1906 399.00
1907 394.00
1908 383.00
1909 389.00
1910 373.00
1911 383.00
1912 352.00
1913 373.00
1914 406.00
1915 360.00
1916 393.00
1917 397.00
1918 345.00
1919 411.00
1920 399.00
1921 360.00
1922 405.00
1923 405.00
1924 409.00
1925 337.00
1926 411.00
1927 405.00
1928 418.00
1929 395.00
1930 399.00
1931 346.00
1932 383.00
1933 407.00
1934 406.00
1935 408.00
1936 369.00
1937 386.00
1938 401.00
1939 410.00
1940 380.00
1941 403.00
1942 365.00
1943 429.00
1944 375.00
1945 421.00
1946 389.00
1947 380.00
1948 421.00
1949 392.00
1950 383.00
1951 393.00
1952 422.00
1953 423.00
1954 385.00
1955 433.00
1956 344.00
1957 418.00
1958 403.00
1959 384.00
1960 368.00
1961 333.00
1962 378.00
1963 330.00
1964 383.00
1965 419.00
1966 363.00
1967 396.00
1968 388.00
1969 354.00
1970 387.00
1971 384.00
1972 379.00
1973 344.00
1974 373.00
1975 343.00
1976 307.00
1977 364.00
1978 360.00
1979 386.00
1980 381.00
1981 379.00
1982 377.00
1983 376.00
1984 334.00
1985 402.00
1986 354.00
1987 373.00
1988 397.00
1989 385.00
1990 369.00
1991 357.00
1992 306.00
1993 334.00
1994 397.00
1995 359.00
1996 349.00
1997 373.00
1998 381.00
1999 355.00
2000 363.00
2001 397.00
2002 390.00
2003 410.00
2004 369.00
2005 391.00
2006 388.00
2007 404.00
2008 389.00
2009 407.00
2010 413.00
2011 401.00
2012 382.00
2013 375.00
2014 343.00
2015 388.00
2016 416.00
2017 392.00
2018 419.00
2019 375.00
2020 385.00
2021 410.00
2022 430.00
2023 413.00
2024 373.00
2025 422.00
2026 411.00
2027 420.00
2028 397.00
2029 373.00
2030 347.00
2031 418.00
2032 393.00
2033 378.00
2034 411.00
2035 375.00
2036 323.00
2037 406.00
2038 385.00
2039 408.00
2040 411.00
2041 381.00
2042 393.00
2043 376.00
2044 383.00
2045 339.00
2046 397.00
2047 392.00
2048 324.00
2049 370.00
2050 405.00
2051 405.00
2052 409.00
2053 376.00
2054 369.00
2055 409.00
2056 392.00
2057 366.00
2058 369.00
2059 399.00
2060 364.00
2061 350.00
2062 394.00
2063 396.00
2064 378.00
2065 409.00
2066 375.00
2067 382.00
2068 377.00
2069 420.00
2070 407.00
2071 391.00
2072 383.00
2073 371.00
2074 424.00
2075 414.00
2076 414.00
2077 389.00
2078 403.00
2079 372.00
2080 391.00
2081 411.00
2082 391.00
2083 357.00
2084 369.00
2085 417.00
2086 414.00
2087 362.00
2088 406.00
2089 394.00
2090 407.00
2091 356.00
2092 382.00
2093 388.00
2094 369.00
2095 385.00
2096 413.00
2097 366.00
2098 376.00
2099 370.00
2100 398.00
2101 375.00
2102 409.00
2103 398.00
2104 377.00
2105 355.00
2106 415.00
2107 408.00
2108 400.00
2109 399.00
2110 401.00
2111 375.00
2112 366.00
2113 398.00
2114 417.00
2115 367.00
2116 407.00
2117 383.00
2118 346.00
2119 416.00
2120 397.00
2121 377.00
2122 398.00
2123 392.00
2124 408.00
2125 359.00
2126 420.00
2127 415.00
2128 402.00
2129 402.00
2130 389.00
2131 355.00
2132 386.00
2133 418.00
2134 402.00
2135 419.00
2136 396.00
2137 387.00
2138 400.00
2139 413.00
2140 394.00
2141 373.00
2142 390.00
2143 418.00
2144 405.00
2145 422.00
2146 395.00
2147 374.00
2148 426.00
2149 400.00
2150 398.00
2151 370.00
2152 425.00
2153 415.00
2154 365.00
2155 429.00
2156 380.00
2157 429.00
2158 393.00
2159 398.00
2160 399.00
2161 345.00
2162 374.00
2163 346.00
2164 401.00
2165 422.00
2166 407.00
2167 403.00
2168 404.00
2169 357.00
2170 391.00
2171 386.00
2172 399.00
2173 377.00
2174 380.00
2175 374.00
2176 341.00
2177 372.00
2178 389.00
2179 402.00
2180 392.00
2181 353.00
2182 370.00
2183 398.00
2184 383.00
2185 400.00
2186 364.00
2187 412.00
2188 382.00
2189 391.00
2190 366.00
2191 414.00
2192 324.00
2193 344.00
2194 403.00
2195 349.00
2196 388.00
2197 403.00
2198 404.00
2199 376.00
2200 360.00
2201 385.00
2202 384.00
2203 401.00
2204 370.00
2205 387.00
2206 382.00
2207 402.00
2208 374.00
2209 403.00
2210 404.00
2211 409.00
2212 380.00
2213 382.00
2214 364.00
2215 383.00
2216 407.00
2217 389.00
2218 410.00
2219 370.00
2220 374.00
2221 397.00
2222 420.00
2223 405.00
2224 395.00
2225 424.00
2226 410.00
2227 418.00
2228 412.00
2229 388.00
2230 368.00
2231 416.00
2232 403.00
2233 373.00
2234 408.00
2235 378.00
2236 352.00
2237 401.00
2238 384.00
2239 387.00
2240 404.00
2241 387.00
2242 388.00
2243 383.00
2244 378.00
2245 350.00
2246 385.00
2247 366.00
2248 350.00
2249 387.00
2250 396.00
2251 396.00
2252 403.00
2253 371.00
2254 385.00
2255 399.00
2256 380.00
2257 373.00
2258 371.00
2259 388.00
2260 377.00
2261 357.00
2262 393.00
2263 377.00
2264 376.00
2265 408.00
2266 370.00
2267 384.00
2268 395.00
2269 409.00
2270 404.00
2271 413.00
2272 397.00
2273 382.00
2274 409.00
2275 399.00
2276 404.00
2277 391.00
2278 390.00
2279 387.00
2280 369.00
2281 405.00
2282 401.00
2283 376.00
2284 369.00
2285 404.00
2286 406.00
2287 380.00
2288 408.00
2289 390.00
2290 393.00
2291 394.00
2292 375.00
2293 394.00
2294 362.00
2295 377.00
2296 398.00
2297 357.00
2298 364.00
2299 359.00
2300 396.00
2301 394.00
2302 400.00
2303 396.00
2304 377.00
2305 355.00
2306 407.00
2307 410.00
2308 384.00
2309 383.00
2310 395.00
2311 375.00
2312 359.00
2313 379.00
2314 410.00
2315 363.00
2316 385.00
2317 379.00
2318 352.00
2319 391.00
2320 403.00
2321 372.00
2322 416.00
2323 405.00
2324 409.00
2325 345.00
2326 407.00
2327 405.00
2328 415.00
2329 411.00
2330 397.00
2331 367.00
2332 386.00
2333 418.00
2334 399.00
2335 413.00
2336 388.00
2337 391.00
2338 405.00
2339 411.00
2340 395.00
2341 405.00
2342 390.00
2343 424.00
2344 397.00
2345 425.00
2346 399.00
2347 385.00
2348 427.00
2349 416.00
2350 414.00
2351 402.00
2352 432.00
2353 419.00
2354 386.00
2355 420.00
2356 396.00
2357 428.00
2358 406.00
2359 403.00
2360 399.00
2361 351.00
2362 397.00
2363 362.00
2364 403.00
2365 423.00
2366 408.00
2367 413.00
2368 406.00
2369 359.00
2370 405.00
2371 388.00
2372 389.00
2373 374.00
2374 380.00
2375 384.00
2376 344.00
2377 383.00
2378 388.00
2379 398.00
2380 379.00
2381 380.00
2382 394.00
2383 393.00
2384 375.00
2385 401.00
2386 368.00
2387 400.00
2388 391.00
2389 407.00
2390 394.00
2391 400.00
2392 341.00
2393 359.00
2394 402.00
2395 363.00
2396 392.00
2397 404.00
2398 403.00
2399 386.00
2400 358.00
2401 409.00
2402 390.00
2403 401.00
2404 369.00
2405 389.00
2406 365.00
2407 400.00
2408 354.00
2409 404.00
2410 429.00
2411 411.00
2412 389.00
2413 393.00
2414 353.00
2415 367.00
2416 395.00
2417 382.00
2418 418.00
2419 356.00
2420 353.00
2421 394.00
2422 433.00
2423 416.00
2424 380.00
2425 414.00
2426 426.00
2427 418.00
2428 402.00
2429 371.00
2430 346.00
2431 413.00
2432 396.00
2433 352.00
2434 397.00
2435 351.00
2436 326.00
2437 389.00
2438 373.00
2439 380.00
2440 412.00
2441 395.00
2442 404.00
2443 376.00
2444 384.00
2445 327.00
2446 397.00
2447 369.00
2448 294.00
2449 351.00
2450 401.00
2451 416.00
2452 395.00
2453 363.00
2454 362.00
2455 408.00
2456 368.00
2457 357.00
2458 351.00
2459 393.00
2460 348.00
2461 343.00
2462 371.00
2463 389.00
2464 361.00
2465 401.00
2466 374.00
2467 394.00
2468 383.00
2469 410.00
2470 411.00
2471 398.00
2472 399.00
2473 356.00
2474 424.00
2475 394.00
2476 402.00
2477 384.00
2478 385.00
2479 370.00
2480 380.00
2481 406.00
2482 409.00
2483 366.00
2484 344.00
2485 410.00
2486 403.00
2487 374.00
2488 406.00
2489 388.00
2490 397.00
2491 378.00
2492 370.00
2493 387.00
2494 350.00
2495 359.00
2496 401.00
2497 359.00
2498 372.00
2499 338.00
2500 403.00
2501 367.00
2502 403.00
2503 385.00
2504 375.00
2505 344.00
2506 419.00
2507 417.00
2508 391.00
2509 403.00
2510 378.00
2511 367.00
2512 355.00
2513 396.00
2514 411.00
2515 340.00
2516 387.00
2517 378.00
2518 325.00
2519 417.00
2520 369.00
2521 367.00
2522 397.00
2523 402.00
2524 393.00
2525 348.00
2526 422.00
2527 390.00
2528 392.00
2529 400.00
2530 391.00
2531 339.00
2532 366.00
2533 414.00
2534 384.00
2535 423.00
2536 371.00
2537 374.00
2538 397.00
2539 405.00
2540 383.00
2541 380.00
2542 363.00
2543 419.00
2544 381.00
2545 425.00
2546 386.00
2547 362.00
2548 436.00
2549 408.00
2550 395.00
2551 374.00
2552 433.00
2553 411.00
2554 353.00
2555 423.00
2556 365.00
2557 423.00
2558 416.00
2559 404.00
2560 401.00
2561 343.00
2562 377.00
2563 338.00
2564 402.00
2565 429.00
2566 399.00
2567 407.00
2568 426.00
2569 370.00
2570 381.00
2571 399.00
2572 407.00
2573 363.00
2574 359.00
2575 376.00
2576 332.00
2577 374.00
2578 386.00
2579 409.00
2580 397.00
2581 350.00
2582 382.00
2583 393.00
2584 375.00
2585 401.00
2586 366.00
2587 410.00
2588 383.00
2589 392.00
2590 387.00
2591 418.00
2592 320.00
2593 346.00
2594 392.00
2595 332.00
2596 408.00
2597 408.00
2598 390.00
2599 381.00
2600 352.00
2601 377.00
2602 392.00
2603 401.00
2604 347.00
2605 370.00
2606 337.00
2607 373.00
2608 350.00
2609 392.00
2610 394.00
2611 384.00
2612 355.00
2613 372.00
2614 321.00
2615 351.00
2616 384.00
2617 338.00
2618 403.00
2619 355.00
2620 341.00
2621 353.00
2622 396.00
2623 369.00
2624 371.00
2625 394.00
2626 379.00
2627 418.00
2628 413.00
2629 382.00
2630 361.00
2631 406.00
2632 376.00
2633 340.00
2634 414.00
2635 342.00
2636 334.00
2637 397.00
2638 376.00
2639 383.00
2640 399.00
2641 357.00
2642 375.00
2643 372.00
2644 357.00
2645 338.00
2646 344.00
2647 360.00
2648 300.00
2649 333.00
2650 388.00
2651 366.00
2652 355.00
2653 321.00
2654 352.00
2655 348.00
2656 349.00
2657 345.00
2658 298.00
2659 329.00
2660 328.00
2661 348.00
2662 328.00
2663 362.00
2664 306.00
2665 359.00
2666 337.00
2667 348.00
2668 354.00
2669 375.00
2670 362.00
2671 390.00
2672 385.00
2673 339.00
2674 401.00
2675 383.00
2676 368.00
2677 349.00
2678 363.00
2679 366.00
2680 373.00
2681 400.00
2682 383.00
2683 339.00
2684 325.00
2685 405.00
2686 390.00
2687 337.00
2688 396.00
2689 388.00
2690 374.00
2691 371.00
2692 335.00
2693 383.00
2694 335.00
2695 339.00
2696 375.00
2697 323.00
2698 357.00
2699 324.00
2700 370.00
2701 374.00
2702 384.00
2703 356.00
2704 385.00
2705 352.00
2706 392.00
2707 411.00
2708 380.00
2709 352.00
2710 370.00
2711 363.00
2712 343.00
2713 377.00
2714 411.00
2715 324.00
2716 396.00
2717 371.00
2718 337.00
2719 392.00
2720 372.00
2721 371.00
2722 385.00
2723 387.00
2724 413.00
2725 339.00
2726 397.00
2727 412.00
2728 389.00
2729 403.00
2730 397.00
2731 342.00
2732 377.00
2733 405.00
2734 390.00
2735 404.00
2736 366.00
2737 397.00
2738 396.00
2739 381.00
2740 371.00
2741 352.00
2742 372.00
2743 405.00
2744 353.00
2745 394.00
2746 374.00
2747 376.00
2748 408.00
2749 402.00
2750 397.00
2751 356.00
2752 423.00
2753 401.00
2754 356.00
2755 412.00
2756 351.00
2757 415.00
2758 401.00
2759 382.00
2760 370.00
2761 321.00
2762 342.00
2763 327.00
2764 382.00
2765 424.00
2766 367.00
2767 383.00
2768 410.00
2769 328.00
2770 353.00
2771 365.00
2772 359.00
2773 349.00
2774 381.00
2775 340.00
2776 309.00
2777 356.00
2778 362.00
2779 379.00
2780 386.00
2781 344.00
2782 379.00
2783 381.00
2784 371.00
2785 398.00
2786 350.00
2787 393.00
2788 367.00
2789 393.00
2790 389.00
2791 379.00
2792 314.00
2793 336.00
2794 379.00
2795 322.00
2796 368.00
2797 396.00
2798 367.00
2799 376.00
2800 341.00
2801 376.00
2802 372.00
2803 374.00
2804 356.00
2805 376.00
2806 355.00
2807 353.00
2808 357.00
2809 375.00
2810 398.00
2811 389.00
2812 349.00
2813 357.00
2814 322.00
2815 359.00
2816 377.00
2817 348.00
2818 381.00
2819 357.00
2820 364.00
2821 375.00
2822 408.00
2823 361.00
2824 389.00
2825 403.00
2826 370.00
2827 403.00
2828 386.00
2829 374.00
2830 335.00
2831 383.00
2832 369.00
2833 344.00
2834 391.00
2835 350.00
2836 331.00
2837 375.00
2838 355.00
2839 349.00
2840 380.00
2841 364.00
2842 370.00
2843 353.00
2844 358.00
2845 323.00
2846 343.00
2847 343.00
2848 329.00
2849 343.00
2850 373.00
2851 355.00
2852 342.00
2853 323.00
2854 339.00
2855 333.00
2856 328.00
2857 326.00
2858 307.00
2859 348.00
2860 333.00
2861 319.00
2862 326.00
2863 329.00
2864 302.00
2865 364.00
2866 330.00
2867 342.00
2868 341.00
2869 356.00
2870 349.00
2871 353.00
2872 373.00
2873 379.00
2874 375.00
2875 369.00
2876 363.00
2877 363.00
2878 353.00
2879 373.00
2880 337.00
2881 384.00
2882 370.00
2883 364.00
2884 349.00
2885 389.00
2886 384.00
2887 365.00
2888 372.00
2889 376.00
2890 380.00
2891 364.00
2892 344.00
2893 375.00
2894 327.00
2895 340.00
2896 380.00
2897 327.00
2898 353.00
2899 332.00
2900 357.00
2901 371.00
2902 376.00
2903 374.00
2904 347.00
2905 329.00
2906 377.00
2907 370.00
2908 369.00
2909 363.00
2910 361.00
2911 349.00
2912 332.00
2913 347.00
2914 367.00
2915 345.00
2916 375.00
2917 376.00
2918 329.00
2919 375.00
2920 392.00
2921 346.00
2922 388.00
2923 390.00
2924 389.00
2925 344.00
2926 383.00
2927 388.00
2928 388.00
2929 392.00
2930 379.00
2931 359.00
2932 366.00
2933 380.00
2934 376.00
2935 391.00
2936 372.00
2937 381.00
2938 377.00
2939 401.00
2940 385.00
2941 365.00
2942 368.00
2943 394.00
2944 373.00
2945 407.00
2946 372.00
2947 377.00
2948 405.00
2949 390.00
2950 386.00
2951 371.00
2952 401.00
2953 390.00
2954 363.00
2955 410.00
2956 360.00
2957 411.00
2958 386.00
2959 391.00
2960 376.00
2961 332.00
2962 362.00
2963 347.00
2964 388.00
2965 407.00
2966 361.00
2967 389.00
2968 376.00
2969 353.00
2970 376.00
2971 355.00
2972 377.00
2973 362.00
2974 345.00
2975 339.00
2976 308.00
2977 357.00
2978 358.00
2979 361.00
2980 334.00
2981 351.00
2982 352.00
2983 360.00
2984 339.00
2985 360.00
2986 314.00
2987 362.00
2988 362.00
2989 372.00
2990 357.00
2991 343.00
2992 316.00
2993 324.00
2994 379.00
2995 362.00
2996 375.00
2997 355.00
2998 383.00
2999 362.00
