0 300.00
1 250.00
2 242.00
3 172.67
4 197.33
5 192.67
6 190.67
7 192.67
8 220.00
9 225.33
10 244.00
11 198.67
12 226.00
13 276.67
14 216.67
15 202.67
16 215.33
17 208.00
18 253.33
19 272.67
20 172.67
21 324.67
22 197.33
23 195.33
24 207.33
25 224.00
26 198.00
27 198.67
28 227.33
29 200.00
30 298.67
31 205.33
32 277.33
33 329.33
34 286.00
35 258.00
36 316.00
37 224.00
38 364.67
39 212.67
40 233.33
41 292.67
42 190.67
43 386.67
44 271.33
45 223.33
46 188.00
47 198.00
48 313.33
49 307.33
50 356.00
51 209.33
52 232.67
53 206.67
54 214.67
55 200.00
56 207.33
57 403.33
58 192.00
59 240.00
60 190.67
61 303.33
62 178.67
63 272.00
64 200.00
65 193.33
66 206.00
67 189.33
68 207.33
69 210.00
70 234.67
71 332.00
72 333.33
73 184.00
74 188.00
75 236.00
76 294.00
77 192.00
78 257.33
79 191.33
80 272.67
81 232.67
82 250.67
83 218.00
84 240.67
85 268.00
86 193.33
87 394.67
88 192.00
89 185.33
90 342.67
91 220.67
92 302.67
93 207.33
94 199.33
95 185.33
96 202.00
97 257.33
98 268.00
99 248.67
100 191.33
101 432.67
102 192.67
103 402.67
104 190.67
105 228.67
106 206.67
107 195.33
108 402.00
109 198.67
110 246.67
111 232.00
112 212.00
113 218.00
114 346.00
115 215.33
116 258.00
117 184.67
118 358.67
119 202.67
120 330.67
121 216.67
122 292.00
123 284.00
124 201.33
125 199.33
126 197.33
127 199.33
128 163.33
129 230.00
130 188.00
131 205.33
132 222.67
133 225.33
134 182.00
135 174.67
136 190.00
137 294.67
138 283.33
139 244.67
140 248.00
141 212.00
142 202.67
143 208.00
144 222.00
145 372.67
146 311.33
147 240.00
148 252.00
149 395.33
150 228.67
151 227.33
152 198.00
153 312.00
154 225.33
155 236.67
156 289.33
157 190.67
158 202.00
159 220.67
160 206.67
161 214.67
162 229.33
163 247.33
164 319.33
165 203.33
166 341.33
167 239.33
168 321.33
169 209.33
170 269.33
171 216.00
172 287.33
173 203.33
174 190.00
175 198.00
176 210.00
177 207.33
178 222.67
179 218.00
180 408.00
181 196.00
182 231.33
183 206.00
184 246.00
185 239.33
186 212.67
187 213.33
188 300.00
189 205.33
190 200.00
191 198.00
192 304.00
193 230.00
194 294.67
195 259.33
196 246.00
197 226.67
198 192.67
199 176.00
200 208.00
201 292.67
202 244.00
203 194.00
204 240.00
205 289.33
206 238.00
207 249.33
208 213.33
209 403.33
210 270.00
211 237.33
212 234.67
213 291.33
214 210.67
215 278.00
216 245.33
217 240.00
218 236.67
219 232.00
220 232.67
221 218.00
222 238.67
223 276.00
224 291.33
225 228.67
226 254.00
227 216.00
228 246.00
229 418.67
230 338.67
231 237.33
232 233.33
233 224.67
234 312.67
235 436.67
236 185.33
237 260.00
238 221.33
239 378.67
240 328.00
241 244.67
242 206.00
243 238.00
244 249.33
245 268.00
246 232.00
247 240.67
248 254.67
249 404.00
250 172.67
251 202.00
252 226.00
253 404.00
254 230.67
255 224.00
256 254.67
257 261.33
258 240.00
259 232.67
260 225.33
261 399.33
262 215.33
263 220.67
264 208.67
265 238.00
266 247.33
267 250.67
268 204.67
269 243.33
270 268.67
271 296.00
272 237.33
273 258.67
274 210.00
275 151.33
276 266.00
277 250.67
278 205.33
279 252.67
280 232.00
281 210.67
282 219.33
283 180.00
284 340.00
285 214.67
286 236.67
287 210.00
288 230.00
289 227.33
290 202.67
291 290.00
292 339.33
293 339.33
294 218.00
295 272.67
296 268.00
297 211.33
298 198.67
299 227.33
300 221.33
301 231.33
302 204.67
303 222.67
304 310.67
305 194.67
306 223.33
307 254.67
308 222.67
309 204.67
310 200.00
311 251.33
312 229.33
313 197.33
314 207.33
315 194.67
316 223.33
317 224.00
318 298.00
319 213.33
320 211.33
321 246.67
322 199.33
323 218.67
324 228.67
325 246.67
326 240.67
327 226.00
328 244.00
329 336.00
330 300.67
331 231.33
332 238.00
333 218.00
334 212.67
335 234.00
336 222.00
337 234.67
338 240.00
339 227.33
340 225.33
341 203.33
342 224.00
343 213.33
344 252.00
345 232.00
346 244.67
347 212.67
348 237.33
349 210.00
350 230.00
351 322.00
352 251.33
353 208.00
354 258.00
355 220.00
356 212.67
357 357.33
358 356.00
359 283.33
360 257.33
361 216.67
362 254.67
363 294.67
364 220.00
365 256.00
366 362.67
367 227.33
368 241.33
369 360.00
370 212.00
371 411.33
372 238.67
373 228.67
374 229.33
375 209.33
376 217.33
377 316.00
378 394.00
379 197.33
380 220.00
381 270.67
382 330.67
383 208.00
384 230.00
385 270.00
386 217.33
387 330.67
388 326.00
389 204.67
390 398.00
391 194.67
392 358.67
393 434.67
394 238.00
395 222.67
396 269.33
397 248.00
398 225.33
399 338.00
400 224.67
401 261.33
402 411.33
403 381.33
404 205.33
405 198.00
406 381.33
407 443.33
408 273.33
409 196.67
410 234.67
411 268.00
412 289.33
413 248.67
414 332.00
415 302.67
416 292.00
417 227.33
418 223.33
419 248.00
420 433.33
421 214.67
422 186.00
423 247.33
424 304.00
425 249.33
426 396.67
427 254.00
428 225.33
429 288.67
430 213.33
431 284.00
432 317.33
433 284.00
434 327.33
435 277.33
436 260.00
437 297.33
438 230.00
439 213.33
440 276.00
441 287.33
442 218.67
443 200.00
444 235.33
445 228.67
446 192.67
447 282.67
448 279.33
449 292.67
450 221.33
451 202.00
452 193.33
453 248.67
454 310.67
455 312.67
456 164.00
457 195.33
458 195.33
459 224.67
460 258.00
461 170.67
462 234.67
463 320.00
464 239.33
465 230.00
466 266.00
467 241.33
468 202.00
469 233.33
470 244.67
471 261.33
472 344.00
473 279.33
474 232.00
475 238.67
476 309.33
477 278.00
478 260.67
479 340.00
480 227.33
481 204.67
482 234.67
483 329.33
484 260.00
485 317.33
486 265.33
487 256.67
488 256.00
489 368.67
490 242.67
491 298.67
492 278.67
493 288.67
494 229.33
495 284.00
496 272.67
497 300.00
498 244.00
499 262.00
500 292.67
501 236.00
502 228.67
503 272.00
504 359.33
505 220.67
506 234.00
507 199.33
508 216.00
509 344.00
510 203.33
511 259.33
512 282.67
513 294.00
514 198.67
515 240.67
516 255.33
517 234.00
518 180.67
519 231.33
520 287.33
521 257.33
522 264.67
523 218.67
524 320.00
525 283.33
526 238.67
527 279.33
528 303.33
529 260.00
530 292.67
531 274.67
532 298.67
533 252.67
534 298.67
535 262.00
536 306.67
537 195.33
538 318.67
539 240.67
540 228.00
541 317.33
542 350.00
543 314.67
544 288.00
545 271.33
546 214.67
547 323.33
548 304.00
549 269.33
550 276.00
551 263.33
552 256.00
553 281.33
554 328.67
555 272.67
556 276.00
557 258.00
558 264.67
559 319.33
560 246.00
561 232.67
562 235.33
563 278.00
564 348.67
565 270.00
566 266.00
567 285.33
568 245.33
569 356.67
570 264.00
571 280.67
572 272.67
573 254.67
574 206.67
575 262.00
576 314.67
577 230.00
578 342.67
579 317.33
580 372.00
581 263.33
582 232.67
583 312.67
584 288.67
585 370.67
586 309.33
587 290.67
588 238.67
589 244.67
590 318.00
591 297.33
592 308.00
593 232.00
594 392.67
595 242.67
596 291.33
597 332.67
598 328.67
599 297.33
600 374.00
601 268.67
602 267.33
603 331.33
604 320.67
605 316.00
606 380.67
607 277.33
608 329.33
609 194.00
610 379.33
611 363.33
612 256.67
613 254.67
614 353.33
615 387.33
616 350.67
617 217.33
618 248.67
619 247.33
620 377.33
621 279.33
622 392.00
623 294.67
624 400.00
625 287.33
626 324.67
627 332.00
628 379.33
629 372.00
630 283.33
631 382.00
632 408.00
633 237.33
634 401.33
635 355.33
636 290.67
637 312.00
638 338.67
639 306.67
640 313.33
641 233.33
642 374.67
643 394.00
644 287.33
645 372.67
646 354.67
647 341.33
648 360.00
649 411.33
650 322.00
651 242.00
652 397.33
653 312.00
654 305.33
655 354.00
656 308.00
657 284.00
658 292.67
659 306.67
660 354.00
661 431.33
662 266.67
663 287.33
664 188.67
665 293.33
666 322.00
667 338.00
668 232.67
669 199.33
670 362.00
671 273.33
672 266.00
673 345.33
674 390.00
675 316.00
676 343.33
677 298.00
678 284.00
679 305.33
680 242.00
681 414.00
682 316.67
683 330.67
684 286.67
685 338.67
686 424.00
687 340.67
688 288.00
689 332.67
690 290.00
691 368.67
692 234.00
693 380.67
694 359.33
695 401.33
696 258.67
697 319.33
698 314.00
699 301.33
700 373.33
701 284.67
702 334.00
703 324.67
704 329.33
705 386.67
706 299.33
707 359.33
708 442.67
709 411.33
710 440.67
711 395.33
712 284.67
713 311.33
714 358.67
715 213.33
716 325.33
717 380.67
718 226.67
719 251.33
720 205.33
721 258.67
722 326.00
723 418.00
724 275.33
725 322.00
726 295.33
727 351.33
728 366.00
729 374.67
730 374.00
731 356.67
732 253.33
733 389.33
734 382.00
735 360.00
736 300.00
737 277.33
738 307.33
739 272.67
740 226.67
741 275.33
742 230.67
743 313.33
744 314.00
745 322.67
746 303.33
747 408.67
748 338.00
749 414.00
750 337.33
751 348.67
752 310.00
753 252.67
754 334.67
755 343.33
756 306.00
757 287.33
758 380.00
759 361.33
760 399.33
761 436.00
762 358.00
763 387.33
764 418.67
765 417.33
766 289.33
767 362.00
768 232.00
769 303.33
770 314.67
771 393.33
772 376.67
773 266.67
774 370.67
775 304.00
776 320.00
777 266.00
778 256.67
779 293.33
780 273.33
781 264.00
782 318.67
783 309.33
784 280.00
785 426.00
786 392.00
787 301.33
788 435.33
789 280.67
790 344.00
791 373.33
792 348.67
793 390.00
794 298.67
795 341.33
796 348.00
797 416.00
798 399.33
799 322.67
800 446.67
801 394.00
802 268.00
803 366.67
804 298.00
805 351.33
806 332.00
807 343.33
808 288.67
809 327.33
810 360.00
811 323.33
812 398.00
813 325.33
814 410.67
815 380.67
816 390.00
817 412.00
818 414.00
819 402.00
820 358.67
821 383.33
822 402.00
823 208.00
824 414.00
825 200.00
826 445.33
827 145.33
828 6.67
829 405.33
830 374.67
831 435.33
832 294.00
833 372.00
834 218.00
835 336.00
836 442.67
837 329.33
838 406.67
839 278.00
840 299.33
841 260.00
842 392.67
843 389.33
844 353.33
845 358.00
846 304.67
847 370.00
848 405.33
849 450.00
850 416.67
851 441.33
852 363.33
853 392.67
854 328.00
855 323.33
856 410.67
857 432.67
858 180.00
859 310.67
860 412.00
861 211.33
862 328.67
863 294.00
864 396.00
865 405.33
866 360.67
867 357.33
868 399.33
869 408.67
870 224.00
871 378.00
872 227.33
873 353.33
874 299.33
875 452.00
876 344.00
877 360.67
878 389.33
879 389.33
880 215.33
881 420.00
882 410.00
883 332.00
884 286.67
885 410.67
886 314.00
887 305.33
888 302.67
889 388.67
890 373.33
891 172.67
892 320.67
893 409.33
894 342.00
895 432.67
896 310.00
897 379.33
898 398.67
899 204.00
900 356.67
901 392.67
902 370.67
903 284.00
904 371.33
905 369.33
906 225.33
907 401.33
908 437.33
909 364.00
910 186.67
911 381.33
912 370.00
913 418.00
914 286.67
915 330.67
916 300.67
917 270.00
918 265.33
919 334.67
920 341.33
921 354.00
922 323.33
923 415.33
924 416.00
925 276.67
926 382.00
927 330.00
928 294.00
929 345.33
930 282.00
931 285.33
932 302.67
933 390.00
934 352.00
935 335.33
936 287.33
937 331.33
938 409.33
939 307.33
940 340.67
941 214.00
942 359.33
943 282.00
944 368.67
945 378.00
946 326.67
947 381.33
948 336.00
949 403.33
950 398.67
951 318.67
952 402.67
953 360.00
954 414.67
955 394.67
956 298.67
957 395.33
958 290.67
959 408.00
960 380.00
961 326.67
962 368.67
963 284.00
964 317.33
965 430.00
966 279.33
967 280.00
968 344.00
969 320.67
970 260.00
971 350.67
972 323.33
973 334.67
974 392.00
975 387.33
976 430.00
977 409.33
978 410.67
979 300.00
980 396.00
981 410.00
982 398.67
983 316.00
984 299.33
985 416.67
986 378.00
987 337.33
988 279.33
989 292.00
990 198.00
991 420.67
992 346.00
993 410.00
994 413.33
995 340.67
996 401.33
997 349.33
998 250.67
999 426.67
1000 190.00
1001 207.33
1002 318.00
1003 406.00
1004 380.00
1005 386.67
1006 329.33
1007 255.33
1008 296.00
1009 384.00
1010 400.67
1011 293.33
1012 388.00
1013 384.67
1014 391.33
1015 429.33
1016 434.00
1017 304.67
1018 356.67
1019 414.67
1020 346.00
1021 402.00
1022 310.67
1023 404.00
1024 336.00
1025 376.00
1026 417.33
1027 418.67
1028 304.00
1029 257.33
1030 362.00
1031 367.33
1032 407.33
1033 372.00
1034 336.67
1035 341.33
1036 284.67
1037 338.67
1038 420.00
1039 411.33
1040 235.33
1041 274.00
1042 272.00
1043 403.33
1044 284.67
1045 444.00
1046 413.33
1047 427.33
1048 414.67
1049 306.00
1050 346.67
1051 361.33
1052 419.33
1053 317.33
1054 368.00
1055 357.33
1056 372.00
1057 332.67
1058 154.00
1059 290.67
1060 304.00
1061 432.00
1062 380.67
1063 269.33
1064 252.67
1065 394.00
1066 339.33
1067 318.00
1068 401.33
1069 376.00
1070 310.67
1071 296.00
1072 240.00
1073 344.00
1074 417.33
1075 436.67
1076 368.67
1077 187.33
1078 392.00
1079 401.33
1080 440.00
1081 394.00
1082 448.00
1083 287.33
1084 361.33
1085 387.33
1086 250.00
1087 361.33
1088 432.00
1089 360.67
1090 308.00
1091 324.00
1092 429.33
1093 380.00
1094 432.67
1095 275.33
1096 368.00
1097 402.00
1098 258.67
1099 404.00
1100 430.67
1101 210.67
1102 346.67
1103 405.33
1104 355.33
1105 480.00
1106 214.00
1107 302.00
1108 370.00
1109 389.33
1110 374.00
1111 344.00
1112 274.67
1113 294.00
1114 412.00
1115 244.00
1116 198.00
1117 398.67
1118 285.33
1119 332.00
1120 371.33
1121 320.00
1122 386.00
1123 343.33
1124 404.67
1125 218.00
1126 218.00
1127 260.67
1128 358.00
1129 454.00
1130 287.33
1131 410.67
1132 213.33
1133 390.00
1134 320.67
1135 386.00
1136 398.67
1137 412.00
1138 389.33
1139 402.67
1140 450.67
1141 375.33
1142 240.00
1143 288.67
1144 424.67
1145 383.33
1146 388.00
1147 418.67
1148 348.00
1149 432.00
1150 332.00
1151 376.00
1152 377.33
1153 230.67
1154 308.67
1155 386.00
1156 461.33
1157 322.67
1158 393.33
1159 423.33
1160 222.00
1161 425.33
1162 413.33
1163 431.33
1164 258.00
1165 408.67
1166 254.00
1167 447.33
1168 408.00
1169 330.00
1170 450.67
1171 423.33
1172 330.00
1173 304.00
1174 232.67
1175 354.67
1176 351.33
1177 374.67
1178 242.00
1179 298.67
1180 424.00
1181 362.00
1182 328.00
1183 369.33
1184 368.67
1185 385.33
1186 309.33
1187 283.33
1188 335.33
1189 378.00
1190 326.67
1191 261.33
1192 434.00
1193 465.33
1194 261.33
1195 472.00
1196 377.33
1197 255.33
1198 344.67
1199 416.00
1200 300.00
1201 300.00
1202 376.00
1203 282.67
1204 420.00
1205 388.00
1206 210.67
1207 360.00
1208 328.00
1209 367.33
1210 350.67
1211 296.00
1212 460.00
1213 246.67
1214 313.33
1215 252.67
1216 329.33
1217 403.33
1218 360.67
1219 353.33
1220 338.00
1221 372.00
1222 376.00
1223 406.00
1224 298.67
1225 388.67
1226 412.00
1227 440.67
1228 350.67
1229 438.67
1230 320.67
1231 420.67
1232 391.33
1233 360.00
1234 180.00
1235 388.00
1236 292.67
1237 382.67
1238 338.67
1239 322.00
1240 316.67
1241 323.33
1242 220.00
1243 303.33
1244 374.00
1245 266.67
1246 346.67
1247 403.33
1248 163.33
1249 360.00
1250 330.00
1251 388.67
1252 308.00
1253 326.00
1254 322.00
1255 304.00
1256 336.00
1257 322.00
1258 320.67
1259 299.33
1260 357.33
1261 351.33
1262 340.67
1263 211.33
1264 392.00
1265 394.67
1266 315.33
1267 373.33
1268 308.00
1269 308.67
1270 466.00
1271 401.33
1272 280.00
1273 318.67
1274 258.00
1275 243.33
1276 375.33
1277 378.00
1278 331.33
1279 410.67
1280 313.33
1281 466.00
1282 268.00
1283 407.33
1284 384.67
1285 426.00
1286 412.00
1287 290.00
1288 412.00
1289 298.67
1290 316.67
1291 274.67
1292 200.00
1293 436.00
1294 419.33
1295 428.67
1296 396.00
1297 371.33
1298 422.67
1299 302.67
1300 373.33
1301 386.67
1302 468.00
1303 378.00
1304 393.33
1305 290.67
1306 263.33
1307 262.00
1308 336.67
1309 419.33
1310 194.67
1311 343.33
1312 347.33
1313 375.33
1314 354.67
1315 341.33
1316 320.00
1317 408.00
1318 321.33
1319 399.33
1320 346.00
1321 349.33
1322 182.00
1323 322.67
1324 333.33
1325 357.33
1326 276.00
1327 254.67
1328 261.33
1329 262.67
1330 293.33
1331 403.33
1332 326.67
1333 368.67
1334 377.33
1335 334.00
1336 260.00
1337 358.00
1338 279.33
1339 409.33
1340 182.00
1341 249.33
1342 408.67
1343 354.67
1344 382.00
1345 319.33
1346 270.67
1347 413.33
1348 453.33
1349 434.67
1350 402.00
1351 282.67
1352 376.67
1353 319.33
1354 416.67
1355 452.67
1356 394.67
1357 336.67
1358 434.67
1359 366.67
1360 292.67
1361 376.67
1362 401.33
1363 278.00
1364 394.67
1365 364.67
1366 398.00
1367 342.67
1368 247.33
1369 414.00
1370 369.33
1371 348.00
1372 398.67
1373 350.67
1374 377.33
1375 310.00
1376 393.33
1377 412.00
1378 308.00
1379 311.33
1380 374.67
1381 374.67
1382 260.67
1383 430.00
1384 394.67
1385 378.67
1386 375.33
1387 442.67
1388 424.67
1389 428.00
1390 419.33
1391 440.00
1392 460.00
1393 474.67
1394 426.00
1395 380.00
1396 335.33
1397 386.00
1398 258.00
1399 374.00
1400 340.00
1401 400.00
1402 420.00
1403 420.00
1404 460.00
1405 440.00
1406 380.00
1407 326.00
1408 285.33
1409 386.67
1410 368.00
1411 233.33
1412 357.33
1413 411.33
1414 340.67
1415 200.00
1416 416.67
1417 412.67
1418 365.33
1419 207.33
1420 420.67
1421 369.33
1422 401.33
1423 417.33
1424 457.33
1425 460.00
1426 222.67
1427 452.00
1428 332.00
1429 278.00
1430 228.00
1431 430.67
1432 322.67
1433 321.33
1434 345.33
1435 252.00
1436 310.00
1437 359.33
1438 353.33
1439 378.67
1440 356.00
1441 363.33
1442 386.00
1443 318.67
1444 321.33
1445 276.00
1446 373.33
1447 252.67
1448 363.33
1449 362.00
1450 357.33
1451 393.33
1452 321.33
1453 281.33
1454 326.00
1455 397.33
1456 402.67
1457 402.67
1458 362.67
1459 411.33
1460 194.67
1461 376.67
1462 203.33
1463 399.33
1464 377.33
1465 288.00
1466 419.33
1467 296.00
1468 218.67
1469 311.33
1470 388.00
1471 422.00
1472 416.67
1473 450.00
1474 289.33
1475 458.67
1476 424.67
1477 292.67
1478 433.33
1479 352.00
1480 346.00
1481 250.67
1482 412.00
1483 231.33
1484 392.67
1485 300.00
1486 369.33
1487 262.00
1488 332.00
1489 403.33
1490 450.67
1491 422.67
1492 251.33
1493 336.00
1494 272.00
1495 326.67
1496 428.00
1497 410.00
1498 339.33
1499 388.67
1500 392.67
1501 326.00
1502 354.00
1503 323.33
1504 396.67
1505 350.67
1506 300.67
1507 394.67
1508 380.00
1509 308.00
1510 385.33
1511 340.00
1512 428.67
1513 345.33
1514 232.00
1515 328.67
1516 438.00
1517 422.00
1518 418.67
1519 418.67
1520 331.33
1521 395.33
1522 278.00
1523 338.67
1524 320.00
1525 351.33
1526 318.00
1527 319.33
1528 341.33
1529 350.00
1530 359.33
1531 320.00
1532 358.67
1533 304.00
1534 362.67
1535 360.00
1536 364.67
1537 139.33
1538 400.67
1539 259.33
1540 377.33
1541 424.00
1542 372.00
1543 431.33
1544 313.33
1545 291.33
1546 396.67
1547 366.67
1548 325.33
1549 391.33
1550 318.67
1551 432.00
1552 369.33
1553 370.00
1554 356.00
1555 436.67
1556 180.00
1557 236.67
1558 340.00
1559 228.67
1560 422.00
1561 279.33
1562 286.00
1563 307.33
1564 290.67
1565 342.00
1566 299.33
1567 274.00
1568 408.00
1569 320.67
1570 290.67
1571 401.33
1572 453.33
1573 453.33
1574 388.00
1575 372.00
1576 367.33
1577 339.33
1578 368.67
1579 449.33
1580 380.00
1581 250.67
1582 422.67
1583 451.33
1584 401.33
1585 438.67
1586 389.33
1587 389.33
1588 229.33
1589 373.33
1590 408.00
1591 292.67
1592 306.00
1593 480.00
1594 347.33
1595 401.33
1596 465.33
1597 389.33
1598 360.00
1599 394.67
1600 431.33
1601 310.67
1602 309.33
1603 417.33
1604 371.33
1605 480.00
1606 272.67
1607 380.00
1608 394.67
1609 400.00
1610 334.00
1611 404.67
1612 297.33
1613 264.00
1614 448.67
1615 460.00
1616 284.67
1617 440.00
1618 400.00
1619 380.00
1620 396.67
1621 292.00
1622 378.67
1623 358.00
1624 344.00
1625 234.67
1626 372.00
1627 431.33
1628 460.00
1629 395.33
1630 289.33
1631 396.00
1632 390.67
1633 338.00
1634 319.33
1635 226.67
1636 273.33
1637 282.00
1638 370.00
1639 406.67
1640 404.67
1641 290.00
1642 264.67
1643 449.33
1644 308.67
1645 258.67
1646 391.33
1647 396.00
1648 300.67
1649 250.67
1650 358.00
1651 294.00
1652 389.33
1653 319.33
1654 369.33
1655 365.33
1656 384.00
1657 389.33
1658 296.00
1659 259.33
1660 338.67
1661 308.67
1662 292.00
1663 254.00
1664 419.33
1665 408.00
1666 335.33
1667 344.00
1668 383.33
1669 356.67
1670 296.67
1671 353.33
1672 390.00
1673 406.00
1674 428.67
1675 346.67
1676 410.67
1677 213.33
1678 414.67
1679 430.00
1680 314.67
1681 400.67
1682 460.00
1683 284.00
1684 383.33
1685 367.33
1686 414.00
1687 277.33
1688 429.33
1689 278.00
1690 308.00
1691 362.00
1692 267.33
1693 356.00
1694 292.00
1695 352.67
1696 344.00
1697 376.67
1698 353.33
1699 369.33
1700 307.33
1701 435.33
1702 377.33
1703 450.67
1704 350.00
1705 405.33
1706 223.33
1707 412.67
1708 335.33
1709 431.33
1710 465.33
1711 318.67
1712 375.33
1713 290.67
1714 270.67
1715 392.67
1716 433.33
1717 393.33
1718 430.67
1719 469.33
1720 132.67
1721 310.67
1722 276.00
1723 282.67
1724 382.00
1725 394.00
1726 350.67
1727 354.00
1728 392.00
1729 382.67
1730 400.67
1731 383.33
1732 314.67
1733 351.33
1734 426.00
1735 224.00
1736 353.33
1737 418.00
1738 250.67
1739 480.00
1740 356.00
1741 334.67
1742 294.00
1743 286.67
1744 327.33
1745 270.67
1746 280.67
1747 406.67
1748 360.00
1749 381.33
1750 340.00
1751 381.33
1752 275.33
1753 274.67
1754 436.00
1755 402.67
1756 387.33
1757 410.00
1758 414.00
1759 284.67
1760 218.00
1761 416.67
1762 297.33
1763 450.67
1764 306.67
1765 350.00
1766 333.33
1767 366.67
1768 448.00
1769 339.33
1770 441.33
1771 425.33
1772 415.33
1773 318.67
1774 402.67
1775 397.33
1776 409.33
1777 425.33
1778 238.67
1779 328.00
1780 429.33
1781 387.33
1782 392.67
1783 417.33
1784 444.00
1785 388.00
1786 460.00
1787 460.00
1788 404.00
1789 411.33
1790 249.33
1791 284.00
1792 413.33
1793 354.00
1794 476.67
1795 338.67
1796 438.67
1797 308.67
1798 398.00
1799 426.00
1800 335.33
1801 440.00
1802 440.00
1803 276.67
1804 240.00
1805 404.67
1806 270.67
1807 313.33
1808 475.33
1809 342.00
1810 344.00
1811 302.67
1812 420.00
1813 460.00
1814 409.33
1815 144.67
1816 374.67
1817 338.67
1818 296.00
1819 329.33
1820 334.00
1821 375.33
1822 350.00
1823 357.33
1824 375.33
1825 118.00
1826 379.33
1827 330.00
1828 353.33
1829 393.33
1830 174.67
1831 384.67
1832 317.33
1833 332.67
1834 323.33
1835 365.33
1836 359.33
1837 358.00
1838 224.00
1839 317.33
1840 360.00
1841 326.67
1842 340.67
1843 336.67
1844 360.00
1845 368.00
1846 352.00
1847 356.00
1848 354.67
1849 385.33
1850 316.00
1851 337.33
1852 311.33
1853 333.33
1854 278.00
1855 448.67
1856 324.00
1857 222.67
1858 344.67
1859 314.00
1860 337.33
1861 303.33
1862 327.33
1863 354.67
1864 245.33
1865 404.67
1866 347.33
1867 248.00
1868 388.00
1869 384.00
1870 411.33
1871 315.33
1872 362.67
1873 383.33
1874 375.33
1875 424.00
1876 370.67
1877 325.33
1878 324.00
1879 400.00
1880 262.00
1881 353.33
1882 438.00
1883 300.67
1884 440.00
1885 332.00
1886 370.00
1887 294.67
1888 332.00
1889 426.00
1890 366.00
1891 343.33
1892 365.33
1893 334.00
1894 334.00
1895 213.33
1896 252.67
1897 438.67
1898 384.00
1899 339.33
1900 310.00
1901 347.33
1902 346.67
1903 446.67
1904 417.33
1905 377.33
1906 326.00
1907 364.67
1908 374.67
1909 376.00
1910 474.67
1911 336.00
1912 374.00
1913 393.33
1914 387.33
1915 352.67
1916 434.67
1917 367.33
1918 433.33
1919 311.33
1920 440.00
1921 400.00
1922 362.00
1923 408.00
1924 195.33
1925 416.00
1926 368.67
1927 410.67
1928 243.33
1929 369.33
1930 310.00
1931 346.00
1932 318.00
1933 388.00
1934 345.33
1935 364.67
1936 383.33
1937 380.67
1938 367.33
1939 320.00
1940 321.33
1941 397.33
1942 455.33
1943 392.67
1944 356.67
1945 383.33
1946 382.67
1947 440.00
1948 210.00
1949 394.00
1950 370.00
1951 311.33
1952 407.33
1953 447.33
1954 315.33
1955 278.00
1956 377.33
1957 391.33
1958 472.67
1959 412.00
1960 368.67
1961 324.00
1962 389.33
1963 390.67
1964 364.00
1965 293.33
1966 397.33
1967 374.00
1968 342.00
1969 384.67
1970 384.00
1971 335.33
1972 440.00
1973 443.33
1974 276.67
1975 364.67
1976 398.00
1977 356.00
1978 418.67
1979 428.00
1980 456.67
1981 377.33
1982 383.33
1983 214.67
1984 388.00
1985 452.00
1986 230.67
1987 356.00
1988 356.67
1989 362.00
1990 370.67
1991 438.67
1992 378.67
1993 344.67
1994 380.67
1995 230.67
1996 298.67
1997 293.33
1998 325.33
1999 454.67
2000 320.00
2001 348.00
2002 328.00
2003 440.00
2004 478.67
2005 375.33
2006 288.67
2007 403.33
2008 364.00
2009 408.00
2010 376.00
2011 360.00
2012 442.67
2013 263.33
2014 154.00
2015 346.00
2016 402.00
2017 379.33
2018 204.00
2019 308.67
2020 329.33
2021 349.33
2022 289.33
2023 312.00
2024 420.67
2025 375.33
2026 336.67
2027 232.00
2028 392.00
2029 245.33
2030 301.33
2031 329.33
2032 340.67
2033 260.00
2034 321.33
2035 408.67
2036 444.00
2037 429.33
2038 298.00
2039 326.67
2040 319.33
2041 418.67
2042 436.00
2043 394.00
2044 408.00
2045 446.00
2046 394.00
2047 382.67
2048 294.67
2049 188.67
2050 306.00
2051 140.00
2052 408.00
2053 214.00
2054 183.33
2055 137.33
2056 420.67
2057 297.33
2058 339.33
2059 404.00
2060 299.33
2061 408.67
2062 357.33
2063 366.67
2064 342.67
2065 306.67
2066 468.67
2067 387.33
2068 316.67
2069 456.67
2070 464.67
2071 206.67
2072 414.00
2073 459.33
2074 400.00
2075 391.33
2076 480.00
2077 420.00
2078 428.00
2079 295.33
2080 440.67
2081 388.67
2082 398.00
2083 275.33
2084 436.67
2085 229.33
2086 474.67
2087 344.00
2088 426.00
2089 470.00
2090 386.67
2091 418.00
2092 340.00
2093 428.00
2094 397.33
2095 393.33
2096 256.00
2097 368.00
2098 342.67
2099 344.67
2100 380.67
2101 432.67
2102 450.00
2103 478.67
2104 345.33
2105 460.00
2106 449.33
2107 460.00
2108 354.67
2109 284.00
2110 404.00
2111 446.00
2112 272.00
2113 339.33
2114 380.00
2115 409.33
2116 432.00
2117 384.67
2118 437.33
2119 452.00
2120 380.67
2121 434.67
2122 369.33
2123 342.00
2124 447.33
2125 386.00
2126 302.00
2127 378.67
2128 411.33
2129 158.00
2130 320.67
2131 379.33
2132 252.00
2133 444.67
2134 338.67
2135 336.00
2136 367.33
2137 253.33
2138 445.33
2139 406.00
2140 357.33
2141 371.33
2142 353.33
2143 344.00
2144 344.00
2145 304.67
2146 282.67
2147 301.33
2148 276.67
2149 241.33
2150 359.33
2151 427.33
2152 246.67
2153 450.67
2154 344.67
2155 356.00
2156 240.67
2157 386.67
2158 442.67
2159 398.00
2160 329.33
2161 408.67
2162 357.33
2163 329.33
2164 288.00
2165 357.33
2166 400.00
2167 315.33
2168 425.33
2169 430.67
2170 225.33
2171 314.67
2172 394.67
2173 282.67
2174 202.00
2175 368.00
2176 396.67
2177 360.00
2178 351.33
2179 430.00
2180 347.33
2181 290.67
2182 376.00
2183 250.67
2184 446.00
2185 432.00
2186 446.00
2187 374.67
2188 247.33
2189 304.00
2190 422.67
2191 440.67
2192 340.67
2193 264.67
2194 290.67
2195 347.33
2196 332.67
2197 357.33
2198 362.00
2199 314.00
2200 480.00
2201 436.67
2202 320.00
2203 393.33
2204 296.00
2205 336.00
2206 372.00
2207 360.00
2208 264.00
2209 326.00
2210 378.00
2211 320.00
2212 442.67
2213 370.67
2214 420.00
2215 373.33
2216 378.00
2217 393.33
2218 394.67
2219 438.00
2220 254.00
2221 414.67
2222 328.00
2223 420.00
2224 284.67
2225 438.00
2226 318.67
2227 339.33
2228 318.67
2229 321.33
2230 327.33
2231 372.00
2232 234.67
2233 380.00
2234 351.33
2235 420.00
2236 330.00
2237 384.67
2238 364.67
2239 393.33
2240 460.00
2241 244.00
2242 448.67
2243 448.00
2244 480.00
2245 379.33
2246 360.00
2247 392.00
2248 380.67
2249 360.00
2250 406.67
2251 468.00
2252 386.67
2253 208.00
2254 398.67
2255 330.00
2256 421.33
2257 480.00
2258 376.00
2259 315.33
2260 379.33
2261 340.00
2262 412.00
2263 334.00
2264 353.33
2265 334.67
2266 336.00
2267 478.67
2268 318.00
2269 296.00
2270 315.33
2271 311.33
2272 458.67
2273 215.33
2274 358.67
2275 394.67
2276 310.00
2277 298.00
2278 381.33
2279 202.00
2280 312.67
2281 460.00
2282 264.67
2283 309.33
2284 420.67
2285 378.67
2286 479.33
2287 328.67
2288 391.33
2289 366.67
2290 353.33
2291 417.33
2292 263.33
2293 354.00
2294 302.00
2295 452.67
2296 395.33
2297 461.33
2298 414.67
2299 434.00
2300 412.00
2301 398.00
2302 278.00
2303 280.67
2304 358.00
2305 416.67
2306 236.67
2307 480.00
2308 382.67
2309 387.33
2310 331.33
2311 437.33
2312 441.33
2313 331.33
2314 250.00
2315 406.67
2316 380.00
2317 358.00
2318 337.33
2319 208.00
2320 256.00
2321 452.67
2322 252.67
2323 442.00
2324 423.33
2325 252.00
2326 280.00
2327 360.00
2328 385.33
2329 345.33
2330 366.00
2331 364.67
2332 446.67
2333 303.33
2334 425.33
2335 330.67
2336 436.00
2337 267.33
2338 327.33
2339 449.33
2340 224.00
2341 252.00
2342 416.67
2343 272.00
2344 262.00
2345 314.00
2346 337.33
2347 387.33
2348 458.67
2349 452.00
2350 400.00
2351 342.00
2352 402.00
2353 380.67
2354 220.00
2355 408.67
2356 426.00
2357 342.00
2358 460.00
2359 305.33
2360 460.00
2361 420.67
2362 338.67
2363 436.00
2364 460.00
2365 449.33
2366 460.00
2367 475.33
2368 390.67
2369 380.00
2370 228.00
2371 450.00
2372 361.33
2373 456.67
2374 262.00
2375 363.33
2376 325.33
2377 294.00
2378 334.00
2379 339.33
2380 306.67
2381 338.00
2382 437.33
2383 460.00
2384 446.67
2385 325.33
2386 420.00
2387 366.67
2388 361.33
2389 293.33
2390 404.00
2391 298.67
2392 457.33
2393 394.00
2394 460.00
2395 479.33
2396 282.67
2397 268.00
2398 453.33
2399 229.33
2400 310.00
2401 440.00
2402 324.67
2403 420.00
2404 360.00
2405 355.33
2406 358.67
2407 350.00
2408 418.67
2409 274.00
2410 402.00
2411 316.67
2412 389.33
2413 300.00
2414 480.00
2415 332.00
2416 327.33
2417 404.00
2418 330.67
2419 458.67
2420 353.33
2421 401.33
2422 376.00
2423 390.00
2424 327.33
2425 400.00
2426 346.67
2427 385.33
2428 364.67
2429 399.33
2430 302.67
2431 304.00
2432 184.67
2433 460.00
2434 274.67
2435 293.33
2436 433.33
2437 366.67
2438 336.67
2439 276.67
2440 253.33
2441 454.00
2442 342.00
2443 324.00
2444 460.00
2445 276.67
2446 310.00
2447 352.67
2448 409.33
2449 402.00
2450 347.33
2451 305.33
2452 330.67
2453 298.67
2454 431.33
2455 423.33
2456 325.33
2457 356.67
2458 371.33
2459 303.33
2460 334.67
2461 414.67
2462 268.67
2463 417.33
2464 389.33
2465 389.33
2466 286.00
2467 347.33
2468 316.67
2469 254.67
2470 258.67
2471 408.67
2472 402.67
2473 456.67
2474 456.67
2475 394.67
2476 412.67
2477 398.00
2478 330.00
2479 333.33
2480 380.67
2481 354.67
2482 449.33
2483 453.33
2484 395.33
2485 254.67
2486 338.00
2487 362.67
2488 349.33
2489 304.00
2490 356.00
2491 302.67
2492 357.33
2493 342.67
2494 282.67
2495 321.33
2496 327.33
2497 411.33
2498 360.00
2499 374.00
2500 398.67
2501 452.67
2502 239.33
2503 364.67
2504 460.00
2505 416.00
2506 261.33
2507 356.67
2508 352.00
2509 320.00
2510 366.67
2511 409.33
2512 377.33
2513 206.00
2514 359.33
2515 374.00
2516 345.33
2517 278.00
2518 262.67
2519 372.00
2520 360.67
2521 432.00
2522 288.00
2523 271.33
2524 234.67
2525 332.67
2526 392.67
2527 290.67
2528 315.33
2529 340.00
2530 339.33
2531 358.67
2532 335.33
2533 370.00
2534 303.33
2535 325.33
2536 326.00
2537 318.67
2538 472.67
2539 396.00
2540 366.67
2541 303.33
2542 348.67
2543 354.00
2544 358.67
2545 312.00
2546 374.67
2547 302.00
2548 477.33
2549 416.00
2550 367.33
2551 402.67
2552 293.33
2553 424.67
2554 216.67
2555 359.33
2556 324.67
2557 373.33
2558 437.33
2559 420.00
2560 390.67
2561 272.67
2562 380.67
2563 399.33
2564 389.33
2565 341.33
2566 410.67
2567 320.00
2568 393.33
2569 215.33
2570 365.33
2571 442.67
2572 355.33
2573 372.00
2574 314.67
2575 265.33
2576 439.33
2577 371.33
2578 452.00
2579 421.33
2580 238.00
2581 440.00
2582 346.00
2583 353.33
2584 358.00
2585 342.67
2586 418.67
2587 468.00
2588 362.67
2589 374.00
2590 396.67
2591 248.00
2592 409.33
2593 474.00
2594 480.00
2595 240.67
2596 411.33
2597 480.00
2598 440.00
2599 397.33
2600 400.00
2601 420.00
2602 460.00
2603 220.00
2604 396.00
2605 460.00
2606 400.00
2607 420.00
2608 460.00
2609 420.00
2610 240.00
2611 361.33
2612 276.00
2613 383.33
2614 360.00
2615 386.00
2616 400.00
2617 318.67
2618 218.00
2619 300.00
2620 277.33
2621 282.00
2622 350.00
2623 378.67
2624 295.33
2625 274.00
2626 308.67
2627 312.67
2628 408.67
2629 266.67
2630 120.00
2631 196.00
2632 120.00
2633 297.33
2634 305.33
2635 308.67
2636 386.00
2637 323.33
2638 257.33
2639 421.33
2640 424.00
2641 428.67
2642 399.33
2643 260.00
2644 369.33
2645 452.00
2646 238.00
2647 352.00
2648 402.67
2649 437.33
2650 474.00
2651 422.00
2652 420.00
2653 417.33
2654 440.00
2655 438.00
2656 417.33
2657 384.00
2658 324.67
2659 374.67
2660 433.33
2661 370.67
2662 376.00
2663 258.67
2664 430.00
2665 314.00
2666 458.67
2667 310.67
2668 270.00
2669 312.00
2670 435.33
2671 456.00
2672 369.33
2673 328.67
2674 313.33
2675 359.33
2676 440.67
2677 291.33
2678 445.33
2679 389.33
2680 328.67
2681 420.00
2682 276.00
2683 410.00
2684 335.33
2685 331.33
2686 319.33
2687 460.00
2688 331.33
2689 373.33
2690 458.67
2691 316.00
2692 410.67
2693 336.00
2694 350.00
2695 386.00
2696 176.67
2697 410.67
2698 415.33
2699 444.67
2700 480.00
2701 286.67
2702 386.67
2703 480.00
2704 284.67
2705 394.67
2706 382.00
2707 396.67
2708 375.33
2709 329.33
2710 373.33
2711 265.33
2712 276.00
2713 378.00
2714 394.67
2715 360.00
2716 336.67
2717 374.67
2718 419.33
2719 436.67
2720 368.67
2721 394.67
2722 342.00
2723 438.67
2724 399.33
2725 460.00
2726 394.67
2727 388.67
2728 411.33
2729 476.67
2730 338.67
2731 352.00
2732 353.33
2733 393.33
2734 460.00
2735 318.00
2736 393.33
2737 459.33
2738 302.00
2739 344.67
2740 441.33
2741 378.00
2742 388.00
2743 250.67
2744 354.67
2745 324.00
2746 360.00
2747 445.33
2748 376.67
2749 306.00
2750 358.00
2751 346.00
2752 353.33
2753 330.00
2754 348.67
2755 294.67
2756 478.67
2757 345.33
2758 330.00
2759 328.00
2760 460.00
2761 384.67
2762 420.00
2763 460.00
2764 348.67
2765 406.00
2766 250.67
2767 350.67
2768 434.67
2769 162.00
2770 272.00
2771 375.33
2772 408.00
2773 410.00
2774 394.67
2775 460.00
2776 388.67
2777 380.00
2778 352.67
2779 408.67
2780 420.00
2781 119.33
2782 235.33
2783 418.67
2784 384.67
2785 404.67
2786 400.00
2787 306.00
2788 298.67
2789 243.33
2790 327.33
2791 375.33
2792 448.00
2793 406.67
2794 335.33
2795 392.00
2796 325.33
2797 270.00
2798 313.33
2799 140.67
2800 321.33
2801 460.00
2802 400.00
2803 440.00
2804 261.33
2805 381.33
2806 320.00
2807 361.33
2808 320.00
2809 346.67
2810 409.33
2811 420.00
2812 460.00
2813 380.67
2814 368.00
2815 385.33
2816 414.67
2817 260.00
2818 242.00
2819 362.67
2820 241.33
2821 288.00
2822 442.00
2823 333.33
2824 375.33
2825 304.67
2826 401.33
2827 302.67
2828 238.67
2829 333.33
2830 347.33
2831 298.67
2832 360.00
2833 262.00
2834 293.33
2835 253.33
2836 249.33
2837 454.67
2838 321.33
2839 248.00
2840 418.00
2841 365.33
2842 453.33
2843 440.67
2844 328.00
2845 295.33
2846 386.00
2847 480.00
2848 385.33
2849 395.33
2850 346.00
2851 400.00
2852 260.00
2853 340.67
2854 480.00
2855 238.67
2856 294.00
2857 314.67
2858 159.33
2859 333.33
2860 260.67
2861 429.33
2862 340.67
2863 372.00
2864 431.33
2865 368.00
2866 438.67
2867 412.67
2868 337.33
2869 338.00
2870 390.00
2871 355.33
2872 472.67
2873 322.00
2874 390.00
2875 382.67
2876 388.67
2877 204.00
2878 369.33
2879 429.33
2880 435.33
2881 368.00
2882 379.33
2883 460.00
2884 402.67
2885 416.67
2886 349.33
2887 429.33
2888 412.00
2889 288.00
2890 398.67
2891 458.00
2892 393.33
2893 434.67
2894 480.00
2895 204.00
2896 401.33
2897 317.33
2898 460.00
2899 228.00
2900 436.00
2901 424.00
2902 380.00
2903 350.00
2904 313.33
2905 438.00
2906 414.00
2907 378.67
2908 392.67
2909 338.00
2910 369.33
2911 337.33
2912 401.33
2913 378.00
2914 254.67
2915 417.33
2916 363.33
2917 373.33
2918 470.00
2919 402.00
2920 200.67
2921 448.67
2922 398.67
2923 403.33
2924 348.00
2925 373.33
2926 391.33
2927 320.67
2928 358.67
2929 308.00
2930 282.00
2931 396.00
2932 296.00
2933 278.00
2934 459.33
2935 334.67
2936 224.67
2937 306.67
2938 300.00
2939 340.67
2940 318.67
2941 340.00
2942 388.67
2943 267.33
2944 312.67
2945 279.33
2946 344.67
2947 278.67
2948 288.67
2949 346.67
2950 288.67
2951 334.67
2952 390.00
2953 408.00
2954 384.67
2955 262.00
2956 355.33
2957 369.33
2958 480.00
2959 282.67
2960 303.33
2961 373.33
2962 318.00
2963 435.33
2964 324.67
2965 318.67
2966 348.67
2967 332.67
2968 440.00
2969 434.00
2970 414.67
2971 383.33
2972 440.00
2973 401.33
2974 360.67
2975 259.33
2976 460.00
2977 337.33
2978 388.67
2979 364.00
2980 383.33
2981 329.33
2982 386.00
2983 478.67
2984 364.67
2985 260.00
2986 288.67
2987 293.33
2988 362.67
2989 291.33
2990 388.00
2991 292.67
2992 441.33
2993 240.67
2994 289.33
2995 408.00
2996 346.00
2997 369.33
2998 334.00
2999 250.00
