0 -0.26
1 -0.22
2 -0.20
3 -0.17
4 -0.14
5 -0.19
6 -0.11
7 -0.19
8 -0.21
9 -0.15
10 -0.19
11 -0.19
12 -0.15
13 -0.18
14 0.05
15 -0.03
16 -0.01
17 0.01
18 -0.01
19 -0.04
20 -0.07
21 -0.05
22 -0.17
23 -0.19
24 0.00
25 -0.00
26 -0.21
27 0.02
28 0.04
29 -0.12
30 -0.24
31 0.00
32 0.06
33 0.06
34 -0.09
35 -0.10
36 0.06
37 -0.15
38 -0.16
39 -0.16
40 -0.12
41 0.02
42 0.01
43 -0.12
44 -0.08
45 -0.21
46 0.03
47 -0.01
48 -0.01
49 -0.18
50 -0.02
51 0.05
52 -0.21
53 0.07
54 -0.13
55 -0.16
56 -0.03
57 -0.19
58 -0.13
59 0.01
60 0.03
61 -0.21
62 -0.27
63 -0.01
64 -0.17
65 -0.04
66 -0.04
67 0.03
68 -0.07
69 -0.01
70 -0.12
71 -0.07
72 0.02
73 -0.05
74 -0.19
75 -0.19
76 -0.01
77 -0.19
78 0.01
79 -0.14
80 -0.08
81 -0.14
82 -0.11
83 0.02
84 0.07
85 -0.14
86 0.04
87 0.05
88 -0.18
89 -0.01
90 -0.13
91 -0.01
92 -0.15
93 0.07
94 -0.02
95 -0.00
96 0.06
97 -0.08
98 0.06
99 0.12
100 0.09
101 -0.13
102 0.04
103 -0.17
104 0.04
105 -0.10
106 -0.05
107 -0.04
108 0.06
109 -0.05
110 0.03
111 -0.05
112 0.03
113 0.09
114 -0.18
115 -0.16
116 0.08
117 -0.08
118 -0.19
119 0.04
120 0.08
121 -0.07
122 -0.16
123 0.06
124 -0.20
125 -0.14
126 -0.04
127 -0.25
128 -0.15
129 -0.12
130 -0.14
131 -0.08
132 -0.20
133 -0.08
134 -0.09
135 -0.15
136 0.07
137 -0.13
138 -0.16
139 -0.12
140 -0.01
141 -0.22
142 0.05
143 -0.15
144 0.07
145 0.02
146 0.06
147 -0.00
148 -0.06
149 -0.17
150 -0.09
151 -0.04
152 0.01
153 0.08
154 -0.14
155 -0.14
156 -0.16
157 -0.17
158 0.08
159 0.01
160 -0.25
161 -0.17
162 0.02
163 0.03
164 -0.16
165 -0.01
166 -0.17
167 -0.25
168 -0.20
169 -0.20
170 -0.11
171 -0.05
172 -0.15
173 -0.11
174 0.05
175 0.01
176 0.06
177 -0.13
178 0.03
179 0.03
180 -0.14
181 -0.04
182 0.02
183 0.02
184 0.03
185 0.08
186 -0.14
187 -0.20
188 0.05
189 0.01
190 0.05
191 -0.15
192 -0.05
193 -0.14
194 -0.17
195 -0.16
196 -0.17
197 -0.08
198 -0.13
199 -0.06
200 -0.07
201 -0.07
202 -0.22
203 -0.12
204 -0.01
205 -0.05
206 -0.01
207 -0.10
208 0.09
209 -0.12
210 0.21
211 0.08
212 0.07
213 -0.03
214 0.11
215 0.25
216 -0.27
217 0.23
218 -0.05
219 0.21
220 -0.23
221 -0.23
222 -0.16
223 -0.15
224 -0.05
225 -0.16
226 -0.11
227 -0.15
228 0.03
229 0.02
230 0.02
231 -0.06
232 0.04
233 0.11
234 -0.10
235 0.07
236 0.08
237 0.13
238 0.10
239 0.09
240 0.15
241 0.13
242 0.14
243 0.15
244 0.14
245 0.18
246 -0.18
247 0.09
248 -0.15
249 -0.00
250 0.18
251 -0.12
252 0.17
253 -0.05
254 -0.10
255 0.12
256 -0.16
257 -0.08
258 0.02
259 0.12
260 0.04
261 0.07
262 0.12
263 0.15
264 0.13
265 -0.20
266 0.09
267 -0.14
268 -0.16
269 -0.11
270 -0.14
271 -0.16
272 -0.12
273 0.02
274 -0.04
275 -0.09
276 0.04
277 -0.13
278 -0.03
279 -0.02
280 -0.10
281 -0.09
282 -0.09
283 -0.03
284 -0.01
285 -0.14
286 0.07
287 0.00
288 -0.10
289 0.03
290 -0.12
291 0.04
292 0.08
293 -0.09
294 0.07
295 0.09
296 0.12
297 -0.14
298 -0.14
299 0.11
300 0.05
301 0.14
302 0.16
303 0.13
304 0.11
305 0.14
306 0.09
307 -0.16
308 0.01
309 0.19
310 0.16
311 -0.01
312 0.02
313 -0.09
314 0.13
315 -0.09
316 -0.05
317 -0.07
318 0.10
319 -0.05
320 0.11
321 -0.04
322 0.13
323 0.17
324 -0.09
325 0.08
326 0.08
327 0.10
328 -0.04
329 -0.08
330 -0.03
331 0.08
332 0.02
333 0.09
334 0.08
335 -0.15
336 -0.08
337 0.04
338 0.09
339 0.14
340 0.05
341 0.11
342 0.03
343 -0.00
344 0.02
345 -0.11
346 0.08
347 -0.04
348 -0.12
349 -0.12
350 0.05
351 0.06
352 -0.05
353 -0.04
354 0.04
355 -0.07
356 0.00
357 0.06
358 0.13
359 -0.08
360 0.07
361 0.12
362 0.11
363 0.08
364 0.17
365 -0.01
366 -0.09
367 0.07
368 -0.08
369 0.15
370 0.12
371 -0.11
372 0.07
373 -0.05
374 0.10
375 -0.08
376 -0.10
377 0.12
378 0.05
379 0.14
380 -0.03
381 0.10
382 -0.07
383 0.11
384 0.12
385 0.18
386 -0.06
387 -0.03
388 0.16
389 -0.01
390 0.00
391 0.11
392 -0.04
393 -0.07
394 0.07
395 -0.01
396 -0.02
397 -0.09
398 0.14
399 0.10
400 0.28
401 -0.18
402 -0.14
403 -0.14
404 -0.18
405 0.07
406 -0.09
407 -0.19
408 -0.10
409 -0.17
410 -0.07
411 -0.04
412 -0.18
413 -0.20
414 -0.14
415 -0.17
416 -0.08
417 -0.08
418 -0.19
419 -0.23
420 -0.13
421 -0.20
422 -0.14
423 -0.12
424 -0.05
425 -0.10
426 -0.00
427 -0.04
428 -0.19
429 -0.21
430 -0.02
431 -0.17
432 -0.13
433 -0.05
434 -0.02
435 -0.17
436 0.02
437 0.09
438 -0.13
439 0.02
440 0.00
441 0.04
442 0.07
443 -0.11
444 -0.15
445 -0.13
446 0.05
447 0.08
448 0.07
449 -0.15
450 -0.20
451 -0.12
452 -0.13
453 -0.01
454 0.03
455 -0.19
456 0.03
457 -0.03
458 0.01
459 -0.15
460 0.03
461 -0.17
462 0.04
463 0.09
464 0.08
465 -0.06
466 0.06
467 0.12
468 -0.05
469 0.10
470 -0.08
471 -0.11
472 0.17
473 -0.04
474 -0.11
475 -0.05
476 0.11
477 0.12
478 -0.12
479 0.13
480 0.06
481 -0.16
482 0.04
483 -0.16
484 -0.11
485 0.10
486 -0.15
487 -0.13
488 0.07
489 -0.15
490 -0.06
491 0.15
492 0.16
493 0.12
494 -0.16
495 -0.16
496 0.14
497 0.12
498 0.11
499 -0.13
500 0.13
501 0.15
502 -0.05
503 0.12
504 -0.20
505 0.12
506 -0.08
507 0.13
508 -0.23
509 -0.16
510 0.09
511 0.11
512 0.02
513 -0.08
514 -0.15
515 0.07
516 0.07
517 0.14
518 0.18
519 0.15
520 -0.08
521 0.10
522 -0.11
523 -0.02
524 -0.08
525 0.13
526 0.08
527 -0.14
528 -0.01
529 0.02
530 -0.10
531 0.10
532 -0.15
533 0.03
534 -0.18
535 -0.20
536 -0.18
537 -0.01
538 0.02
539 -0.09
540 -0.02
541 -0.12
542 -0.08
543 -0.02
544 -0.10
545 -0.04
546 -0.01
547 -0.09
548 -0.06
549 -0.13
550 -0.09
551 -0.02
552 0.02
553 -0.09
554 -0.06
555 -0.13
556 -0.07
557 -0.09
558 -0.05
559 -0.02
560 -0.01
561 0.01
562 -0.09
563 -0.07
564 -0.05
565 0.01
566 0.01
567 0.09
568 -0.06
569 0.07
570 0.02
571 -0.07
572 -0.11
573 0.06
574 0.10
575 -0.07
576 0.02
577 -0.09
578 -0.00
579 -0.12
580 0.07
581 0.04
582 0.09
583 -0.10
584 -0.10
585 -0.11
586 0.03
587 -0.09
588 -0.04
589 -0.15
590 -0.08
591 -0.03
592 0.05
593 -0.08
594 0.05
595 -0.11
596 0.05
597 0.02
598 0.00
599 0.08
600 -0.05
601 0.49
602 0.49
603 -0.31
604 0.49
605 0.49
606 0.40
607 -0.29
608 0.40
609 0.41
610 -0.29
611 0.29
612 0.34
613 0.43
614 0.45
615 0.46
616 -0.22
617 0.44
618 0.49
619 -0.29
620 0.39
621 -0.28
622 -0.28
623 0.36
624 -0.14
625 -0.33
626 0.36
627 0.39
628 0.41
629 -0.22
630 0.38
631 -0.22
632 -0.29
633 0.36
634 -0.07
635 -0.22
636 -0.03
637 -0.06
638 -0.03
639 -0.17
640 -0.19
641 -0.10
642 -0.13
643 -0.08
644 -0.15
645 -0.06
646 -0.12
647 0.02
648 -0.17
649 -0.13
650 -0.15
651 -0.11
652 -0.15
653 -0.13
654 -0.09
655 -0.13
656 -0.09
657 -0.04
658 -0.11
659 -0.07
660 0.03
661 0.02
662 -0.18
663 0.04
664 0.04
665 -0.12
666 -0.14
667 0.04
668 -0.17
669 0.01
670 0.06
671 -0.13
672 -0.19
673 0.05
674 -0.05
675 -0.07
676 -0.10
677 -0.11
678 -0.16
679 -0.02
680 0.07
681 -0.03
682 -0.03
683 0.02
684 0.06
685 0.08
686 0.05
687 0.00
688 0.02
689 -0.11
690 0.01
691 0.06
692 0.06
693 -0.12
694 0.13
695 -0.10
696 0.05
697 -0.17
698 -0.12
699 -0.09
700 0.05
701 0.02
702 0.06
703 0.07
704 -0.07
705 -0.14
706 -0.12
707 -0.01
708 -0.04
709 -0.10
710 -0.14
711 -0.09
712 -0.11
713 -0.16
714 -0.11
715 -0.15
716 -0.15
717 -0.08
718 -0.07
719 0.01
720 -0.11
721 -0.12
722 -0.03
723 -0.09
724 -0.09
725 -0.14
726 -0.14
727 -0.13
728 -0.07
729 -0.15
730 -0.06
731 -0.09
732 -0.13
733 -0.06
734 -0.10
735 -0.08
736 -0.01
737 -0.03
738 0.00
739 -0.16
740 0.06
741 0.07
742 -0.09
743 0.10
744 0.05
745 -0.15
746 -0.18
747 0.08
748 -0.05
749 -0.09
750 -0.02
751 -0.07
752 0.07
753 0.10
754 0.13
755 -0.09
756 -0.09
757 0.01
758 0.07
759 -0.06
760 -0.10
761 -0.00
762 0.11
763 -0.11
764 0.10
765 -0.03
766 -0.10
767 -0.08
768 0.07
769 0.12
770 0.04
771 0.08
772 -0.01
773 0.10
774 0.10
775 0.13
776 0.11
777 0.13
778 0.12
779 -0.13
780 -0.04
781 0.06
782 0.03
783 0.16
784 -0.14
785 0.01
786 -0.10
787 -0.10
788 -0.11
789 -0.06
790 -0.03
791 -0.13
792 -0.13
793 -0.12
794 -0.11
795 -0.09
796 -0.01
797 0.07
798 -0.10
799 -0.08
800 0.05
801 0.10
802 -0.12
803 0.12
804 0.09
805 -0.08
806 0.10
807 0.03
808 0.02
809 0.32
810 0.40
811 0.03
812 -0.03
813 -0.04
814 0.20
815 0.36
816 0.03
817 0.17
818 -0.09
819 -0.17
820 0.22
821 0.07
822 0.26
823 0.08
824 0.02
825 -0.11
826 -0.16
827 0.06
828 -0.09
829 0.31
830 -0.11
831 -0.06
832 0.17
833 0.01
834 0.31
835 -0.13
836 -0.13
837 0.02
838 -0.09
839 0.11
840 0.06
841 -0.07
842 0.01
843 -0.09
844 0.04
845 0.08
846 0.13
847 -0.06
848 -0.12
849 0.14
850 0.02
851 0.22
852 0.23
853 -0.09
854 0.24
855 0.27
856 -0.04
857 0.26
858 -0.02
859 0.03
860 0.27
861 -0.14
862 0.28
863 -0.08
864 0.03
865 0.26
866 0.03
867 0.15
868 -0.11
869 0.28
870 0.31
871 -0.17
872 -0.03
873 -0.05
874 0.01
875 0.05
876 0.14
877 -0.10
878 -0.17
879 0.08
880 0.27
881 0.22
882 0.19
883 0.25
884 0.28
885 0.30
886 0.27
887 -0.00
888 0.10
889 0.09
890 0.26
891 -0.06
892 -0.16
893 0.14
894 -0.18
895 -0.10
896 -0.02
897 0.19
898 0.05
899 0.19
900 0.10
901 0.23
902 -0.09
903 -0.03
904 0.19
905 0.15
906 -0.20
907 0.06
908 0.21
909 -0.13
910 0.08
911 0.18
912 0.17
913 0.08
914 -0.13
915 0.16
916 0.06
917 0.12
918 -0.01
919 0.19
920 0.01
921 0.19
922 -0.05
923 0.18
924 -0.09
925 -0.10
926 0.15
927 -0.11
928 0.09
929 0.12
930 0.08
931 0.03
932 0.12
933 0.11
934 0.20
935 0.18
936 0.12
937 0.03
938 0.06
939 -0.04
940 0.20
941 0.21
942 -0.10
943 0.01
944 0.03
945 -0.01
946 -0.02
947 0.13
948 0.13
949 0.17
950 0.08
951 -0.12
952 -0.06
953 0.06
954 0.06
955 0.03
956 0.12
957 -0.03
958 0.15
959 -0.10
960 0.11
961 0.14
962 0.10
963 0.16
964 -0.08
965 0.14
966 0.16
967 0.10
968 -0.09
969 0.20
970 0.17
971 -0.06
972 -0.01
973 -0.06
974 -0.01
975 0.01
976 0.02
977 -0.04
978 -0.25
979 -0.06
980 0.00
981 -0.01
982 0.06
983 0.05
984 -0.02
985 -0.02
986 -0.01
987 0.04
988 0.06
989 0.03
990 0.11
991 -0.13
992 0.13
993 0.03
994 0.08
995 -0.04
996 0.06
997 0.14
998 0.04
999 -0.05
1000 -0.26
1001 0.44
1002 0.40
1003 0.33
1004 0.20
1005 0.43
1006 -0.02
1007 0.28
1008 0.12
1009 0.37
1010 0.16
1011 0.05
1012 -0.26
1013 0.14
1014 -0.01
1015 0.09
1016 -0.06
1017 0.16
1018 0.02
1019 -0.12
1020 0.16
1021 0.16
1022 0.32
1023 0.36
1024 -0.08
1025 -0.05
1026 -0.11
1027 0.07
1028 0.13
1029 -0.09
1030 0.23
1031 0.27
1032 -0.02
1033 -0.01
1034 0.03
1035 0.25
1036 0.26
1037 0.08
1038 -0.06
1039 0.18
1040 0.07
1041 0.18
1042 0.23
1043 -0.24
1044 0.18
1045 0.25
1046 0.25
1047 0.26
1048 0.23
1049 0.01
1050 0.12
1051 0.24
1052 -0.13
1053 0.02
1054 0.10
1055 -0.13
1056 0.19
1057 0.17
1058 0.17
1059 0.24
1060 0.27
1061 0.20
1062 0.24
1063 0.14
1064 0.26
1065 0.30
1066 0.31
1067 0.05
1068 0.34
1069 0.27
1070 -0.12
1071 -0.10
1072 -0.07
1073 0.24
1074 -0.08
1075 0.14
1076 0.12
1077 0.14
1078 0.15
1079 0.04
1080 0.09
1081 0.22
1082 0.20
1083 0.24
1084 0.14
1085 0.26
1086 0.08
1087 -0.12
1088 -0.02
1089 0.10
1090 -0.03
1091 0.18
1092 0.12
1093 0.24
1094 0.25
1095 0.18
1096 0.19
1097 0.07
1098 -0.06
1099 -0.06
1100 0.24
1101 0.23
1102 0.23
1103 0.08
1104 -0.15
1105 0.21
1106 0.19
1107 0.20
1108 -0.04
1109 0.29
1110 0.25
1111 0.13
1112 -0.07
1113 0.26
1114 0.17
1115 0.24
1116 -0.10
1117 0.13
1118 0.06
1119 0.24
1120 -0.02
1121 0.28
1122 -0.06
1123 0.26
1124 -0.01
1125 0.29
1126 -0.04
1127 0.25
1128 0.04
1129 0.14
1130 0.12
1131 0.16
1132 0.21
1133 0.23
1134 0.14
1135 0.16
1136 0.27
1137 -0.02
1138 0.27
1139 0.13
1140 0.28
1141 0.31
1142 0.00
1143 0.21
1144 0.15
1145 0.07
1146 0.21
1147 0.25
1148 0.29
1149 -0.14
1150 0.14
1151 0.28
1152 0.06
1153 -0.09
1154 0.27
1155 0.14
1156 -0.07
1157 0.01
1158 0.24
1159 0.18
1160 0.28
1161 0.27
1162 -0.12
1163 0.33
1164 0.01
1165 -0.08
1166 -0.08
1167 0.26
1168 0.33
1169 0.34
1170 -0.02
1171 -0.15
1172 -0.08
1173 0.05
1174 -0.11
1175 0.09
1176 -0.04
1177 -0.02
1178 0.24
1179 0.13
1180 0.17
1181 0.25
1182 0.01
1183 0.33
1184 0.31
1185 0.12
1186 0.21
1187 0.28
1188 0.11
1189 0.31
1190 0.27
1191 0.29
1192 0.31
1193 -0.09
1194 -0.10
1195 0.22
1196 -0.01
1197 0.19
1198 0.18
1199 0.14
1200 0.31
1201 0.32
1202 -0.04
1203 0.35
1204 0.13
1205 0.36
1206 0.44
1207 -0.04
1208 0.28
1209 0.38
1210 0.41
1211 0.34
1212 0.06
1213 0.27
1214 0.15
1215 0.42
1216 0.34
1217 0.42
1218 0.10
1219 0.36
1220 0.32
1221 -0.01
1222 0.29
1223 -0.08
1224 0.10
1225 -0.04
1226 0.02
1227 0.15
1228 0.19
1229 0.18
1230 -0.05
1231 0.06
1232 0.19
1233 0.15
1234 0.20
1235 0.19
1236 0.27
1237 -0.24
1238 0.28
1239 0.07
1240 0.20
1241 -0.06
1242 0.11
1243 0.24
1244 0.31
1245 -0.09
1246 0.33
1247 0.34
1248 0.36
1249 0.33
1250 0.04
1251 0.37
1252 0.07
1253 0.14
1254 0.05
1255 0.13
1256 0.18
1257 0.19
1258 0.01
1259 0.20
1260 0.13
1261 -0.05
1262 0.24
1263 0.27
1264 0.04
1265 0.03
1266 -0.08
1267 0.04
1268 0.10
1269 -0.06
1270 0.11
1271 0.06
1272 0.03
1273 0.19
1274 0.24
1275 0.08
1276 0.15
1277 -0.01
1278 0.04
1279 0.17
1280 0.05
1281 0.02
1282 -0.10
1283 0.16
1284 0.13
1285 0.05
1286 0.04
1287 0.19
1288 -0.04
1289 -0.03
1290 -0.01
1291 0.06
1292 0.14
1293 0.14
1294 0.19
1295 0.10
1296 0.06
1297 0.31
1298 0.24
1299 0.09
1300 0.19
1301 0.22
1302 0.06
1303 -0.02
1304 0.03
1305 0.20
1306 0.13
1307 0.17
1308 0.24
1309 -0.11
1310 0.26
1311 0.12
1312 -0.12
1313 -0.02
1314 0.11
1315 0.07
1316 0.10
1317 0.29
1318 0.30
1319 0.03
1320 -0.08
1321 0.25
1322 -0.00
1323 0.33
1324 -0.03
1325 -0.19
1326 0.36
1327 0.33
1328 0.36
1329 0.03
1330 -0.12
1331 0.16
1332 0.10
1333 0.04
1334 -0.18
1335 0.23
1336 0.23
1337 0.18
1338 0.25
1339 0.28
1340 0.25
1341 0.01
1342 0.16
1343 -0.04
1344 0.22
1345 0.25
1346 0.02
1347 0.03
1348 0.06
1349 0.14
1350 0.25
1351 0.12
1352 -0.15
1353 0.03
1354 0.18
1355 -0.12
1356 0.22
1357 0.23
1358 0.04
1359 0.14
1360 -0.04
1361 0.08
1362 -0.08
1363 0.12
1364 0.18
1365 0.18
1366 0.22
1367 0.07
1368 0.04
1369 0.12
1370 0.29
1371 -0.13
1372 -0.12
1373 -0.01
1374 0.11
1375 0.12
1376 0.23
1377 0.05
1378 0.22
1379 0.08
1380 0.12
1381 0.10
1382 -0.12
1383 -0.23
1384 0.05
1385 -0.02
1386 0.12
1387 0.21
1388 0.23
1389 0.09
1390 0.00
1391 0.17
1392 -0.06
1393 0.13
1394 0.10
1395 0.23
1396 0.05
1397 0.24
1398 0.06
1399 0.27
1400 0.16
1401 -0.25
1402 0.35
1403 0.30
1404 0.37
1405 0.24
1406 0.25
1407 0.37
1408 0.32
1409 0.40
1410 0.07
1411 0.06
1412 0.28
1413 0.35
1414 0.17
1415 0.31
1416 0.33
1417 0.29
1418 0.08
1419 0.38
1420 0.14
1421 0.31
1422 0.18
1423 -0.09
1424 0.39
1425 0.30
1426 0.36
1427 0.38
1428 0.36
1429 0.40
1430 0.36
1431 0.19
1432 0.22
1433 0.28
1434 0.37
1435 0.13
1436 -0.22
1437 0.03
1438 0.03
1439 0.23
1440 0.29
1441 0.24
1442 0.28
1443 0.23
1444 0.36
1445 0.23
1446 0.20
1447 0.34
1448 0.05
1449 0.06
1450 0.38
1451 0.18
1452 0.32
1453 0.36
1454 0.24
1455 0.41
1456 0.41
1457 0.11
1458 0.24
1459 0.31
1460 -0.04
1461 0.08
1462 0.09
1463 0.12
1464 0.14
1465 0.07
1466 0.22
1467 0.00
1468 0.08
1469 -0.05
1470 -0.08
1471 0.04
1472 0.10
1473 0.04
1474 -0.03
1475 -0.00
1476 0.01
1477 -0.01
1478 0.05
1479 0.17
1480 0.15
1481 0.23
1482 0.18
1483 0.21
1484 0.30
1485 0.23
1486 0.22
1487 0.28
1488 -0.15
1489 0.02
1490 0.21
1491 0.29
1492 0.26
1493 0.31
1494 0.26
1495 0.07
1496 -0.05
1497 0.27
1498 0.23
1499 0.08
1500 0.11
1501 0.20
1502 0.18
1503 0.31
1504 0.26
1505 0.20
1506 0.16
1507 0.31
1508 -0.06
1509 0.27
1510 0.10
1511 0.17
1512 0.08
1513 0.29
1514 0.36
1515 0.15
1516 0.23
1517 0.35
1518 -0.04
1519 0.32
1520 -0.07
1521 0.20
1522 0.27
1523 0.27
1524 0.33
1525 0.04
1526 0.24
1527 0.26
1528 0.05
1529 0.08
1530 0.26
1531 0.30
1532 0.01
1533 0.13
1534 0.18
1535 0.18
1536 0.25
1537 0.06
1538 0.29
1539 0.33
1540 0.22
1541 0.36
1542 0.17
1543 0.06
1544 0.03
1545 0.31
1546 0.19
1547 0.03
1548 0.27
1549 0.06
1550 0.38
1551 0.36
1552 0.31
1553 0.11
1554 0.36
1555 0.09
1556 0.06
1557 0.05
1558 0.04
1559 0.34
1560 0.33
1561 -0.16
1562 0.25
1563 0.34
1564 0.07
1565 0.22
1566 0.27
1567 0.14
1568 0.25
1569 0.27
1570 0.00
1571 0.37
1572 0.09
1573 0.21
1574 0.24
1575 0.13
1576 0.37
1577 0.22
1578 -0.21
1579 0.21
1580 -0.21
1581 0.30
1582 -0.22
1583 0.38
1584 0.32
1585 0.30
1586 0.30
1587 0.31
1588 0.35
1589 0.34
1590 -0.06
1591 0.07
1592 0.18
1593 0.19
1594 0.15
1595 0.26
1596 0.36
1597 0.30
1598 0.35
1599 0.20
1600 0.12
1601 0.13
1602 0.39
1603 0.30
1604 0.36
1605 0.38
1606 0.30
1607 0.12
1608 0.17
1609 0.29
1610 0.25
1611 0.26
1612 0.17
1613 0.19
1614 0.23
1615 0.31
1616 0.25
1617 0.30
1618 0.15
1619 0.29
1620 0.28
1621 0.25
1622 0.27
1623 0.01
1624 0.22
1625 0.17
1626 0.22
1627 0.09
1628 0.04
1629 0.23
1630 0.24
1631 0.04
1632 0.22
1633 0.26
1634 0.33
1635 0.27
1636 0.30
1637 0.31
1638 0.23
1639 0.39
1640 0.29
1641 0.37
1642 0.21
1643 -0.02
1644 0.15
1645 0.21
1646 0.01
1647 0.28
1648 0.27
1649 0.26
1650 -0.01
1651 0.34
1652 0.32
1653 0.15
1654 0.25
1655 0.12
1656 0.13
1657 0.09
1658 0.23
1659 0.27
1660 0.19
1661 0.26
1662 -0.07
1663 0.30
1664 0.19
1665 0.28
1666 0.37
1667 0.03
1668 0.27
1669 0.23
1670 0.27
1671 0.19
1672 0.30
1673 0.28
1674 0.29
1675 0.19
1676 0.26
1677 0.37
1678 0.04
1679 0.03
1680 0.12
1681 0.24
1682 0.24
1683 0.39
1684 -0.01
1685 0.22
1686 0.13
1687 0.28
1688 0.18
1689 0.26
1690 0.26
1691 0.23
1692 0.16
1693 0.07
1694 0.12
1695 0.14
1696 0.19
1697 0.20
1698 0.18
1699 0.24
1700 -0.08
1701 0.12
1702 0.11
1703 0.24
1704 0.08
1705 0.27
1706 0.25
1707 0.17
1708 0.23
1709 0.03
1710 0.23
1711 0.27
1712 0.21
1713 0.25
1714 0.25
1715 0.12
1716 0.24
1717 0.30
1718 0.30
1719 0.09
1720 0.24
1721 0.18
1722 0.28
1723 0.31
1724 0.23
1725 0.07
1726 0.24
1727 0.23
1728 0.24
1729 0.05
1730 0.27
1731 0.21
1732 0.22
1733 0.31
1734 0.27
1735 0.09
1736 0.33
1737 0.33
1738 0.24
1739 0.35
1740 0.02
1741 0.20
1742 0.13
1743 0.15
1744 0.14
1745 0.15
1746 0.10
1747 0.13
1748 0.27
1749 0.27
1750 0.24
1751 0.25
1752 0.28
1753 0.15
1754 0.06
1755 0.32
1756 0.32
1757 0.27
1758 0.09
1759 0.26
1760 0.25
1761 0.21
1762 0.19
1763 0.28
1764 0.17
1765 0.12
1766 0.32
1767 0.27
1768 0.27
1769 0.24
1770 0.12
1771 0.29
1772 0.20
1773 0.34
1774 0.26
1775 0.33
1776 0.29
1777 0.23
1778 0.20
1779 0.29
1780 0.23
1781 0.32
1782 0.31
1783 0.12
1784 0.18
1785 0.29
1786 0.30
1787 0.32
1788 -0.00
1789 0.21
1790 0.31
1791 0.14
1792 0.17
1793 0.25
1794 0.17
1795 0.07
1796 0.27
1797 0.26
1798 0.27
1799 0.09
1800 0.11
1801 0.34
1802 0.08
1803 0.37
1804 0.37
1805 0.29
1806 0.18
1807 0.33
1808 0.42
1809 0.08
1810 0.38
1811 -0.08
1812 0.23
1813 0.36
1814 0.24
1815 0.14
1816 0.32
1817 0.44
1818 0.36
1819 0.35
1820 0.39
1821 0.24
1822 0.40
1823 -0.01
1824 0.14
1825 0.14
1826 0.16
1827 0.33
1828 0.23
1829 0.35
1830 0.28
1831 0.36
1832 0.37
1833 0.40
1834 0.20
1835 0.10
1836 0.41
1837 0.34
1838 0.36
1839 0.31
1840 0.19
1841 0.37
1842 0.01
1843 0.07
1844 0.21
1845 0.36
1846 0.13
1847 0.10
1848 0.35
1849 0.24
1850 -0.28
1851 0.28
1852 0.22
1853 0.30
1854 0.09
1855 0.23
1856 0.36
1857 0.30
1858 0.23
1859 0.38
1860 0.22
1861 -0.17
1862 0.35
1863 0.31
1864 0.25
1865 0.32
1866 0.24
1867 0.33
1868 0.28
1869 0.10
1870 0.28
1871 0.27
1872 0.29
1873 0.34
1874 0.18
1875 0.36
1876 0.28
1877 0.18
1878 0.28
1879 0.34
1880 0.30
1881 0.37
1882 0.26
1883 0.29
1884 0.29
1885 0.29
1886 -0.07
1887 0.07
1888 0.24
1889 0.25
1890 0.37
1891 0.15
1892 0.27
1893 0.28
1894 0.35
1895 0.05
1896 0.18
1897 0.30
1898 0.08
1899 0.35
1900 0.10
1901 0.29
1902 0.31
1903 0.15
1904 0.30
1905 0.16
1906 0.09
1907 0.30
1908 0.33
1909 0.27
1910 0.30
1911 0.33
1912 0.21
1913 0.06
1914 0.35
1915 0.00
1916 0.20
1917 0.39
1918 0.38
1919 0.28
1920 0.10
1921 0.38
1922 0.03
1923 0.25
1924 0.12
1925 0.23
1926 0.32
1927 0.29
1928 0.11
1929 0.25
1930 0.10
1931 0.21
1932 0.29
1933 0.17
1934 0.16
1935 0.11
1936 0.28
1937 0.30
1938 0.27
1939 0.35
1940 0.07
1941 0.14
1942 0.28
1943 0.30
1944 0.12
1945 0.21
1946 0.20
1947 0.06
1948 0.20
1949 0.21
1950 0.18
1951 0.25
1952 0.15
1953 0.19
1954 0.24
1955 0.04
1956 0.26
1957 0.28
1958 0.27
1959 0.17
1960 0.16
1961 0.19
1962 0.19
1963 0.25
1964 0.27
1965 0.23
1966 0.28
1967 0.16
1968 0.18
1969 0.26
1970 0.24
1971 0.19
1972 0.09
1973 0.20
1974 0.23
1975 0.20
1976 0.33
1977 0.14
1978 0.15
1979 0.11
1980 0.24
1981 0.20
1982 0.04
1983 0.19
1984 0.02
1985 0.10
1986 0.18
1987 0.17
1988 0.20
1989 0.19
1990 0.19
1991 0.13
1992 0.18
1993 0.02
1994 0.09
1995 0.22
1996 0.25
1997 0.10
1998 0.31
1999 0.11
2000 0.31
2001 0.35
2002 0.27
2003 0.35
2004 0.18
2005 0.26
2006 0.23
2007 0.36
2008 0.23
2009 0.27
2010 0.17
2011 0.23
2012 0.25
2013 0.08
2014 0.14
2015 0.21
2016 0.25
2017 0.23
2018 0.27
2019 0.21
2020 0.24
2021 0.27
2022 0.22
2023 0.35
2024 0.30
2025 0.22
2026 0.33
2027 0.29
2028 0.26
2029 0.31
2030 0.32
2031 0.12
2032 0.35
2033 0.36
2034 0.22
2035 -0.10
2036 0.14
2037 0.31
2038 0.05
2039 0.22
2040 0.21
2041 0.23
2042 0.08
2043 0.37
2044 0.35
2045 0.39
2046 0.28
2047 0.26
2048 0.30
2049 0.33
2050 0.39
2051 0.20
2052 0.20
2053 0.23
2054 0.18
2055 0.24
2056 0.25
2057 0.23
2058 0.24
2059 0.22
2060 0.27
2061 0.30
2062 0.36
2063 0.34
2064 0.27
2065 0.23
2066 0.32
2067 0.32
2068 0.26
2069 0.32
2070 0.40
2071 0.21
2072 0.30
2073 0.07
2074 0.34
2075 0.27
2076 0.25
2077 0.32
2078 0.34
2079 0.36
2080 0.37
2081 0.24
2082 0.31
2083 0.36
2084 0.26
2085 0.30
2086 0.41
2087 0.19
2088 0.24
2089 0.33
2090 0.19
2091 0.30
2092 0.38
2093 0.32
2094 0.03
2095 0.32
2096 0.38
2097 0.40
2098 0.21
2099 0.40
2100 0.35
2101 0.33
2102 0.14
2103 0.22
2104 0.33
2105 0.23
2106 0.17
2107 0.04
2108 0.22
2109 0.32
2110 0.08
2111 0.27
2112 -0.10
2113 0.28
2114 0.16
2115 0.34
2116 0.34
2117 0.27
2118 0.25
2119 0.26
2120 0.31
2121 0.32
2122 0.29
2123 0.30
2124 0.26
2125 0.10
2126 0.38
2127 0.30
2128 0.26
2129 -0.06
2130 0.29
2131 0.17
2132 0.10
2133 0.26
2134 0.25
2135 0.22
2136 0.25
2137 0.24
2138 0.21
2139 0.31
2140 0.28
2141 0.30
2142 0.30
2143 0.35
2144 0.27
2145 0.19
2146 0.22
2147 0.18
2148 0.14
2149 0.18
2150 0.19
2151 0.25
2152 0.22
2153 0.31
2154 0.06
2155 0.32
2156 0.26
2157 0.17
2158 0.32
2159 0.18
2160 0.25
2161 0.30
2162 0.35
2163 0.26
2164 0.27
2165 0.20
2166 0.28
2167 0.17
2168 0.03
2169 0.30
2170 0.26
2171 0.26
2172 0.22
2173 0.30
2174 0.28
2175 0.19
2176 0.30
2177 0.17
2178 0.16
2179 0.31
2180 0.31
2181 -0.00
2182 0.20
2183 0.25
2184 0.34
2185 0.32
2186 0.27
2187 0.38
2188 0.33
2189 0.16
2190 0.35
2191 0.23
2192 0.30
2193 0.17
2194 0.32
2195 0.27
2196 0.29
2197 0.34
2198 0.38
2199 0.04
2200 0.01
2201 0.25
2202 0.26
2203 0.17
2204 0.24
2205 0.24
2206 0.30
2207 0.31
2208 0.22
2209 0.29
2210 0.33
2211 0.29
2212 0.12
2213 0.31
2214 0.14
2215 0.35
2216 0.22
2217 0.36
2218 0.28
2219 0.19
2220 0.18
2221 -0.09
2222 0.22
2223 0.29
2224 0.04
2225 0.10
2226 0.28
2227 0.26
2228 0.34
2229 0.26
2230 0.31
2231 0.27
2232 0.30
2233 0.29
2234 0.29
2235 0.30
2236 0.12
2237 0.29
2238 0.33
2239 0.27
2240 0.28
2241 0.28
2242 0.31
2243 0.12
2244 0.32
2245 0.40
2246 0.35
2247 0.14
2248 0.28
2249 0.32
2250 0.38
2251 0.31
2252 0.25
2253 0.31
2254 0.29
2255 0.32
2256 0.20
2257 0.13
2258 0.27
2259 0.22
2260 0.28
2261 0.31
2262 0.09
2263 0.38
2264 0.37
2265 0.34
2266 0.06
2267 0.25
2268 0.23
2269 0.26
2270 0.28
2271 0.29
2272 0.34
2273 0.28
2274 0.26
2275 0.35
2276 0.10
2277 0.14
2278 0.17
2279 0.22
2280 0.18
2281 0.34
2282 0.14
2283 0.20
2284 0.25
2285 0.28
2286 0.31
2287 0.30
2288 0.35
2289 0.05
2290 0.29
2291 0.28
2292 0.24
2293 0.31
2294 0.29
2295 0.16
2296 0.29
2297 0.18
2298 0.23
2299 0.39
2300 0.26
2301 0.31
2302 0.35
2303 0.37
2304 0.35
2305 0.32
2306 0.22
2307 0.34
2308 0.30
2309 0.14
2310 0.38
2311 0.40
2312 0.32
2313 0.35
2314 0.31
2315 0.38
2316 0.26
2317 0.34
2318 -0.02
2319 0.34
2320 0.29
2321 0.34
2322 0.31
2323 0.40
2324 0.23
2325 0.32
2326 0.33
2327 0.27
2328 0.32
2329 0.08
2330 0.37
2331 0.33
2332 0.31
2333 0.30
2334 0.22
2335 0.32
2336 0.26
2337 0.35
2338 0.39
2339 0.36
2340 0.23
2341 0.31
2342 0.31
2343 0.25
2344 0.17
2345 0.28
2346 0.26
2347 0.33
2348 0.33
2349 0.19
2350 0.31
2351 0.23
2352 0.05
2353 0.33
2354 0.35
2355 0.27
2356 0.33
2357 0.30
2358 0.24
2359 0.14
2360 0.37
2361 0.09
2362 0.17
2363 0.24
2364 0.13
2365 0.20
2366 0.25
2367 0.20
2368 0.29
2369 0.28
2370 0.38
2371 0.39
2372 0.11
2373 0.29
2374 0.34
2375 0.03
2376 0.19
2377 0.27
2378 0.29
2379 0.31
2380 0.30
2381 0.32
2382 0.25
2383 0.35
2384 0.25
2385 0.34
2386 0.35
2387 0.32
2388 0.30
2389 0.10
2390 0.18
2391 -0.08
2392 0.22
2393 0.32
2394 0.27
2395 0.34
2396 0.29
2397 0.28
2398 0.33
2399 0.39
2400 -0.07
2401 0.35
2402 0.40
2403 0.43
2404 0.32
2405 0.40
2406 0.24
2407 0.38
2408 0.41
2409 -0.20
2410 0.32
2411 0.35
2412 0.36
2413 0.28
2414 0.26
2415 0.37
2416 0.29
2417 -0.03
2418 0.25
2419 0.23
2420 0.23
2421 0.39
2422 0.43
2423 0.34
2424 0.34
2425 0.10
2426 0.39
2427 0.33
2428 0.32
2429 0.30
2430 0.32
2431 0.28
2432 0.33
2433 0.42
2434 0.19
2435 0.38
2436 0.36
2437 0.07
2438 0.31
2439 0.33
2440 0.26
2441 0.40
2442 0.33
2443 0.27
2444 -0.10
2445 0.32
2446 0.33
2447 0.43
2448 0.26
2449 0.43
2450 0.31
2451 0.43
2452 0.40
2453 0.33
2454 0.33
2455 0.26
2456 -0.23
2457 0.32
2458 0.19
2459 0.42
2460 0.32
2461 0.23
2462 0.39
2463 0.31
2464 0.34
2465 0.37
2466 0.43
2467 0.37
2468 0.30
2469 0.28
2470 0.25
2471 -0.21
2472 0.29
2473 0.20
2474 0.33
2475 0.26
2476 0.35
2477 0.28
2478 0.41
2479 0.20
2480 0.09
2481 0.34
2482 0.27
2483 0.37
2484 0.38
2485 0.42
2486 0.26
2487 0.18
2488 0.27
2489 0.33
2490 0.09
2491 0.26
2492 0.06
2493 0.21
2494 0.26
2495 0.18
2496 0.32
2497 0.30
2498 0.24
2499 0.15
2500 0.31
2501 0.04
2502 0.27
2503 0.34
2504 0.32
2505 0.28
2506 0.14
2507 0.02
2508 0.25
2509 0.23
2510 0.22
2511 0.19
2512 0.17
2513 0.36
2514 0.33
2515 0.31
2516 0.31
2517 -0.01
2518 0.26
2519 0.23
2520 0.11
2521 0.08
2522 0.30
2523 0.27
2524 0.32
2525 0.39
2526 0.37
2527 0.33
2528 0.26
2529 0.32
2530 0.13
2531 0.32
2532 0.41
2533 0.25
2534 0.24
2535 0.31
2536 0.36
2537 0.22
2538 0.29
2539 0.32
2540 0.36
2541 0.33
2542 0.40
2543 0.32
2544 0.29
2545 0.37
2546 0.12
2547 0.19
2548 0.40
2549 0.21
2550 0.31
2551 0.36
2552 0.34
2553 0.23
2554 0.34
2555 0.26
2556 0.32
2557 0.41
2558 0.35
2559 0.41
2560 0.38
2561 0.39
2562 0.22
2563 0.32
2564 0.19
2565 0.41
2566 0.41
2567 0.38
2568 0.34
2569 0.33
2570 0.33
2571 0.27
2572 0.39
2573 0.38
2574 0.29
2575 0.40
2576 0.35
2577 0.35
2578 0.38
2579 0.29
2580 0.38
2581 0.19
2582 0.38
2583 0.32
2584 0.22
2585 0.34
2586 0.31
2587 0.33
2588 0.31
2589 0.31
2590 0.21
2591 0.31
2592 0.20
2593 0.20
2594 0.27
2595 0.35
2596 0.17
2597 0.39
2598 0.20
2599 0.32
2600 0.35
2601 0.19
2602 0.29
2603 0.35
2604 0.32
2605 0.32
2606 0.35
2607 0.30
2608 0.28
2609 0.28
2610 0.30
2611 0.34
2612 0.33
2613 0.31
2614 -0.06
2615 0.22
2616 0.19
2617 0.22
2618 0.19
2619 0.30
2620 0.30
2621 0.24
2622 0.23
2623 0.25
2624 0.27
2625 0.21
2626 0.26
2627 0.34
2628 0.31
2629 0.35
2630 0.36
2631 0.37
2632 0.24
2633 0.21
2634 0.25
2635 0.36
2636 0.24
2637 0.31
2638 0.20
2639 0.39
2640 0.21
2641 0.31
2642 0.18
2643 0.28
2644 0.22
2645 0.06
2646 0.30
2647 0.30
2648 0.35
2649 0.27
2650 0.27
2651 0.34
2652 0.28
2653 0.12
2654 0.15
2655 0.11
2656 0.38
2657 0.17
2658 0.22
2659 0.17
2660 0.07
2661 0.21
2662 0.28
2663 0.12
2664 0.12
2665 0.32
2666 0.31
2667 0.36
2668 0.36
2669 0.39
2670 0.22
2671 0.18
2672 0.38
2673 0.25
2674 0.15
2675 0.16
2676 0.30
2677 0.38
2678 0.26
2679 0.37
2680 0.27
2681 0.20
2682 0.30
2683 0.30
2684 0.31
2685 0.20
2686 0.28
2687 0.01
2688 0.27
2689 0.20
2690 0.39
2691 0.18
2692 0.23
2693 0.37
2694 0.34
2695 0.14
2696 0.14
2697 0.32
2698 0.18
2699 -0.22
2700 0.34
2701 0.27
2702 0.32
2703 0.28
2704 0.30
2705 -0.04
2706 0.24
2707 0.29
2708 0.34
2709 0.24
2710 0.28
2711 0.28
2712 0.27
2713 0.34
2714 0.29
2715 0.06
2716 0.34
2717 0.39
2718 0.40
2719 0.33
2720 0.36
2721 0.03
2722 0.31
2723 0.28
2724 0.37
2725 0.20
2726 0.33
2727 0.27
2728 0.33
2729 0.27
2730 0.24
2731 0.29
2732 0.05
2733 0.32
2734 0.33
2735 0.25
2736 0.25
2737 0.32
2738 0.30
2739 0.36
2740 0.23
2741 0.29
2742 0.23
2743 0.37
2744 0.05
2745 0.34
2746 0.24
2747 0.36
2748 0.37
2749 0.02
2750 0.22
2751 0.40
2752 0.31
2753 0.28
2754 0.29
2755 0.20
2756 0.35
2757 0.27
2758 0.31
2759 0.32
2760 0.27
2761 0.35
2762 0.33
2763 0.31
2764 0.29
2765 0.40
2766 0.33
2767 0.40
2768 0.31
2769 0.40
2770 0.35
2771 0.26
2772 0.21
2773 0.28
2774 0.24
2775 0.27
2776 0.25
2777 0.23
2778 0.29
2779 0.28
2780 0.29
2781 -0.10
2782 0.29
2783 0.27
2784 0.26
2785 0.35
2786 0.27
2787 0.33
2788 0.30
2789 0.39
2790 0.35
2791 0.26
2792 0.33
2793 0.32
2794 0.31
2795 0.34
2796 0.29
2797 0.32
2798 0.25
2799 0.04
2800 0.23
2801 0.21
2802 0.36
2803 0.22
2804 0.35
2805 0.26
2806 0.38
2807 0.37
2808 0.39
2809 0.25
2810 0.28
2811 0.35
2812 0.36
2813 0.35
2814 0.36
2815 0.31
2816 -0.05
2817 0.41
2818 0.19
2819 0.17
2820 0.34
2821 0.37
2822 0.26
2823 0.25
2824 0.28
2825 0.32
2826 0.27
2827 0.35
2828 0.14
2829 0.20
2830 0.19
2831 0.10
2832 0.21
2833 0.18
2834 0.29
2835 0.23
2836 0.31
2837 0.31
2838 0.19
2839 0.16
2840 0.33
2841 0.42
2842 0.21
2843 0.24
2844 0.26
2845 0.32
2846 0.16
2847 0.18
2848 0.16
2849 0.26
2850 0.28
2851 0.29
2852 0.16
2853 0.31
2854 0.18
2855 0.22
2856 0.21
2857 0.23
2858 0.33
2859 0.10
2860 0.34
2861 -0.00
2862 0.32
2863 0.33
2864 0.22
2865 0.36
2866 0.32
2867 0.28
2868 0.22
2869 0.33
2870 0.26
2871 0.28
2872 0.34
2873 0.21
2874 0.38
2875 0.36
2876 0.40
2877 0.35
2878 0.13
2879 0.38
2880 0.28
2881 0.36
2882 0.18
2883 0.35
2884 0.37
2885 0.40
2886 0.23
2887 0.19
2888 0.35
2889 0.17
2890 0.33
2891 0.19
2892 0.35
2893 0.29
2894 0.28
2895 0.29
2896 0.24
2897 0.28
2898 0.33
2899 0.28
2900 0.18
2901 0.12
2902 0.27
2903 0.36
2904 0.23
2905 0.27
2906 0.29
2907 0.34
2908 0.19
2909 0.01
2910 0.32
2911 0.26
2912 0.31
2913 0.24
2914 0.24
2915 0.29
2916 0.39
2917 0.30
2918 0.38
2919 -0.11
2920 0.31
2921 0.38
2922 0.37
2923 0.39
2924 0.36
2925 0.40
2926 0.14
2927 0.35
2928 0.36
2929 0.21
2930 0.41
2931 0.19
2932 0.31
2933 0.28
2934 0.31
2935 0.37
2936 0.41
2937 0.31
2938 0.41
2939 0.31
2940 0.31
2941 0.24
2942 0.31
2943 0.32
2944 0.31
2945 0.32
2946 0.23
2947 0.41
2948 0.08
2949 0.27
2950 0.29
2951 0.36
2952 0.30
2953 0.35
2954 0.41
2955 0.00
2956 0.34
2957 0.30
2958 0.31
2959 0.32
2960 0.32
2961 -0.18
2962 0.29
2963 0.12
2964 0.29
2965 0.33
2966 0.20
2967 0.34
2968 -0.01
2969 0.33
2970 0.36
2971 0.39
2972 0.28
2973 0.13
2974 0.35
2975 0.31
2976 0.38
2977 -0.20
2978 0.29
2979 0.38
2980 0.12
2981 0.26
2982 0.17
2983 0.36
2984 0.35
2985 0.42
2986 0.42
2987 0.12
2988 0.38
2989 0.33
2990 0.23
2991 0.04
2992 0.39
2993 0.26
2994 0.34
2995 0.24
2996 0.09
2997 0.39
2998 0.36
2999 0.41
