0 -0.22
30 -0.03
60 0.24
90 0.09
120 0.08
150 -0.11
180 0.22
210 0.08
240 -0.04
270 0.23
300 0.14
330 -0.06
360 0.17
390 0.19
420 0.08
450 -0.07
480 0.21
510 0.29
540 0.13
570 0.13
600 -0.15
630 0.22
660 0.04
690 0.17
720 0.05
750 0.27
780 0.23
810 0.05
840 0.11
870 0.13
900 -0.01
930 0.34
960 0.01
990 0.03
1020 0.04
1050 0.13
1080 0.28
1110 0.27
1140 0.38
1170 0.33
1200 0.07
1230 0.23
1260 0.34
1290 0.33
1320 0.41
1350 0.38
1380 0.34
1410 0.32
1440 0.18
1470 0.25
1500 0.25
1530 0.25
1560 0.24
1590 0.35
1620 0.32
1650 0.35
1680 0.26
1710 0.36
1740 0.30
1770 0.33
1800 0.26
1830 0.34
1860 0.36
1890 0.33
1920 0.27
1950 0.35
1980 0.32
2010 0.33
2040 0.29
2070 0.38
2100 0.31
2130 0.35
2160 0.40
2190 0.28
2220 0.34
2250 0.35
2280 0.25
2310 0.32
2340 0.37
2370 0.31
2400 0.37
2430 0.29
2460 0.40
2490 0.38
2520 0.30
2550 0.37
2580 0.34
2610 0.39
2640 0.39
2670 0.31
2700 0.35
2730 0.39
2760 0.38
2790 0.37
2820 0.31
2850 0.41
2880 0.30
2910 0.33
2940 0.35
2970 0.37
