0 -0.31
1 -0.23
2 -0.20
3 -0.25
4 -0.23
5 -0.28
6 -0.19
7 -0.19
8 -0.31
9 -0.24
10 -0.13
11 -0.12
12 -0.26
13 -0.28
14 -0.17
15 -0.19
16 -0.07
17 -0.34
18 -0.26
19 -0.24
20 -0.01
21 -0.23
22 -0.34
23 -0.15
24 -0.21
25 -0.23
26 -0.17
27 -0.17
28 -0.12
29 -0.34
30 -0.23
31 -0.08
32 -0.05
33 -0.21
34 -0.31
35 -0.26
36 -0.25
37 -0.34
38 -0.10
39 -0.15
40 -0.40
41 -0.28
42 -0.23
43 -0.21
44 -0.18
45 -0.20
46 -0.23
47 0.49
48 0.29
49 0.38
50 0.32
51 -0.25
52 0.46
53 0.49
54 0.31
55 -0.10
56 -0.28
57 -0.14
58 0.49
59 0.49
60 0.49
61 0.44
62 -0.25
63 -0.19
64 -0.25
65 0.44
66 0.49
67 -0.38
68 0.49
69 -0.17
70 0.46
71 -0.21
72 0.24
73 0.46
74 -0.16
75 0.46
76 0.49
77 0.49
78 0.46
79 0.44
80 0.49
81 0.46
82 0.40
83 0.29
84 0.49
85 -0.32
86 0.44
87 0.49
88 0.49
89 -0.25
90 0.49
91 0.49
92 0.49
93 -0.32
94 -0.25
95 -0.29
96 -0.08
97 -0.12
98 -0.31
99 -0.25
100 -0.07
101 0.49
102 0.49
103 0.07
104 0.49
105 0.46
106 -0.31
107 0.49
108 -0.32
109 -0.36
110 0.12
111 0.49
112 0.10
113 -0.00
114 -0.19
115 0.46
116 0.49
117 -0.31
118 -0.28
119 0.49
120 -0.29
121 0.49
122 -0.32
123 0.49
124 -0.34
125 -0.28
126 -0.11
127 -0.36
128 -0.14
129 -0.21
130 0.49
131 0.49
132 0.49
133 0.46
134 -0.32
135 0.49
136 -0.29
137 0.49
138 0.49
139 0.18
140 0.09
141 -0.32
142 0.49
143 0.49
144 -0.34
145 0.44
146 0.46
147 -0.25
148 -0.29
149 -0.26
150 -0.34
151 -0.06
152 -0.31
153 -0.26
154 -0.12
155 -0.38
156 -0.19
157 -0.23
158 -0.21
159 -0.29
160 -0.32
161 -0.29
162 -0.03
163 -0.08
164 -0.04
165 -0.17
166 -0.18
167 -0.32
168 -0.12
169 -0.11
170 -0.21
171 0.49
172 -0.09
173 -0.31
174 -0.09
175 -0.26
176 -0.28
177 0.49
178 0.49
179 0.46
180 -0.31
181 0.11
182 0.44
183 0.49
184 -0.32
185 0.49
186 0.49
187 0.49
188 0.46
189 0.49
190 0.46
191 0.44
192 0.49
193 0.00
194 0.49
195 0.49
196 -0.29
197 0.46
198 -0.34
199 0.49
200 0.49
201 0.46
202 -0.25
203 -0.28
204 0.49
205 -0.34
206 -0.28
207 -0.24
208 0.49
209 0.49
210 0.10
211 0.49
212 -0.31
213 0.49
214 -0.36
215 0.46
216 0.38
217 -0.34
218 0.34
219 0.49
220 0.49
221 0.05
222 0.46
223 -0.38
224 -0.00
225 -0.31
226 -0.14
227 -0.09
228 0.11
229 -0.29
230 -0.29
231 0.46
232 -0.32
233 -0.36
234 0.49
235 0.46
236 -0.31
237 0.46
238 -0.36
239 0.49
240 0.49
241 -0.19
242 0.46
243 0.44
244 -0.26
245 0.49
246 -0.24
247 -0.07
248 0.49
249 -0.36
250 0.46
251 0.46
252 -0.29
253 0.44
254 -0.13
255 -0.20
256 -0.26
257 -0.01
258 -0.14
259 -0.36
260 -0.24
261 -0.20
262 -0.05
263 -0.36
264 -0.32
265 -0.20
266 -0.08
267 -0.21
268 -0.36
269 -0.29
270 -0.21
271 -0.18
272 -0.17
273 -0.17
274 0.49
275 0.40
276 0.46
277 0.44
278 0.44
279 0.44
280 -0.21
281 -0.29
282 0.49
283 0.49
284 -0.11
285 0.49
286 0.49
287 0.49
288 0.44
289 0.38
290 0.49
291 0.49
292 0.46
293 -0.23
294 0.49
295 0.40
296 0.49
297 0.29
298 -0.34
299 -0.26
300 0.36
301 0.49
302 0.49
303 0.49
304 -0.24
305 0.40
306 -0.29
307 -0.09
308 0.38
309 0.42
310 0.49
311 0.40
312 0.49
313 -0.13
314 -0.24
315 0.49
316 0.49
317 -0.17
318 -0.07
319 0.44
320 0.49
321 0.40
322 -0.29
323 -0.32
324 0.49
325 -0.26
326 -0.09
327 -0.14
328 -0.34
329 -0.31
330 -0.17
331 -0.12
332 0.46
333 -0.26
334 0.44
335 -0.31
336 0.49
337 -0.28
338 -0.29
339 -0.29
340 -0.36
341 -0.38
342 -0.20
343 -0.19
344 -0.02
345 -0.26
346 -0.08
347 -0.23
348 -0.31
349 -0.16
350 -0.29
351 -0.20
352 0.49
353 0.46
354 0.49
355 -0.09
356 -0.36
357 0.12
358 -0.29
359 0.46
360 0.12
361 -0.34
362 0.49
363 -0.32
364 0.44
365 -0.26
366 -0.32
367 0.49
368 0.49
369 0.44
370 0.49
371 -0.29
372 0.49
373 0.44
374 0.40
375 0.49
376 0.46
377 -0.28
378 0.49
379 -0.23
380 0.46
381 -0.14
382 -0.12
383 -0.26
384 0.44
385 0.49
386 0.44
387 0.46
388 -0.10
389 -0.32
390 0.49
391 -0.10
392 -0.29
393 0.49
394 0.49
395 0.10
396 -0.32
397 -0.36
398 0.49
399 0.49
400 -0.31
401 -0.09
402 -0.12
403 -0.16
404 0.49
405 0.44
406 0.49
407 -0.20
408 0.44
409 -0.24
410 0.46
411 0.49
412 0.49
413 -0.25
414 0.49
415 0.46
416 0.40
417 0.46
418 0.46
419 -0.10
420 0.44
421 0.49
422 -0.19
423 -0.38
424 0.49
425 0.49
426 -0.29
427 -0.24
428 -0.08
429 -0.24
430 -0.04
431 -0.08
432 -0.29
433 0.49
434 -0.20
435 -0.31
436 0.49
437 0.40
438 0.44
439 0.49
440 0.44
441 0.49
442 -0.29
443 0.49
444 -0.32
445 -0.00
446 -0.03
447 -0.17
448 -0.17
449 0.05
450 -0.34
451 -0.28
452 -0.38
453 -0.25
454 -0.36
455 0.49
456 0.49
457 -0.32
458 -0.18
459 0.49
460 0.28
461 -0.29
462 -0.31
463 -0.36
464 -0.28
465 -0.17
466 -0.21
467 0.49
468 -0.00
469 -0.19
470 -0.21
471 -0.26
472 -0.26
473 -0.16
474 -0.26
475 0.49
476 -0.38
477 -0.34
478 0.49
479 0.49
480 0.44
481 -0.08
482 -0.31
483 0.38
484 0.24
485 0.49
486 -0.20
487 0.49
488 -0.08
489 0.44
490 -0.21
491 0.40
492 0.49
493 -0.28
494 0.49
495 -0.23
496 0.40
497 0.32
498 0.49
499 0.49
500 0.46
501 0.49
502 0.49
503 0.49
504 0.49
505 -0.28
506 -0.16
507 -0.05
508 -0.29
509 0.49
510 0.49
511 -0.07
512 0.49
513 0.49
514 0.44
515 -0.21
516 0.42
517 0.42
518 0.46
519 -0.10
520 -0.07
521 -0.05
522 -0.13
523 0.49
524 0.49
525 0.44
526 0.46
527 0.49
528 0.49
529 0.40
530 -0.09
531 -0.10
532 0.46
533 0.49
534 0.46
535 0.44
536 -0.09
537 0.49
538 0.49
539 0.49
540 0.49
541 -0.24
542 -0.32
543 -0.25
544 0.49
545 -0.32
546 0.46
547 -0.31
548 0.49
549 0.49
550 -0.29
551 0.44
552 0.34
553 0.49
554 -0.36
555 0.49
556 -0.12
557 0.12
558 0.49
559 -0.34
560 0.11
561 0.49
562 -0.32
563 0.21
564 0.49
565 -0.28
566 0.49
567 -0.36
568 0.49
569 0.49
570 -0.21
571 -0.32
572 -0.36
573 -0.17
574 0.44
575 -0.05
576 -0.12
577 0.42
578 0.46
579 0.46
580 0.49
581 0.44
582 0.49
583 0.49
584 0.49
585 -0.29
586 0.49
587 0.49
588 -0.08
589 -0.23
590 0.49
591 0.49
592 -0.09
593 0.49
594 -0.32
595 -0.08
596 -0.14
597 -0.10
598 -0.07
599 -0.16
600 -0.34
601 -0.24
602 -0.08
603 -0.02
604 -0.26
605 -0.12
606 -0.06
607 -0.31
608 -0.19
609 -0.24
610 -0.31
611 -0.11
612 -0.06
613 -0.17
614 -0.32
615 -0.31
616 -0.20
617 -0.25
618 -0.28
619 -0.28
620 -0.19
621 -0.07
622 -0.01
623 -0.28
624 -0.03
625 -0.24
626 -0.18
627 0.46
628 0.46
629 -0.13
630 0.38
631 -0.34
632 -0.31
633 0.46
634 0.21
635 0.49
636 0.32
637 0.49
638 0.16
639 -0.26
640 0.44
641 0.49
642 -0.12
643 -0.38
644 0.49
645 0.42
646 -0.08
647 -0.09
648 0.49
649 -0.08
650 -0.09
651 -0.07
652 0.40
653 0.46
654 0.49
655 0.49
656 0.40
657 0.25
658 0.46
659 0.49
660 0.49
661 -0.13
662 -0.34
663 0.49
664 0.49
665 0.46
666 0.49
667 0.49
668 0.40
669 0.49
670 0.40
671 0.49
672 -0.26
673 0.42
674 0.42
675 -0.25
676 -0.32
677 -0.36
678 -0.24
679 -0.21
680 -0.23
681 -0.25
682 -0.19
683 -0.31
684 -0.09
685 -0.23
686 -0.23
687 -0.18
688 -0.23
689 -0.28
690 -0.19
691 0.49
692 0.49
693 -0.31
694 -0.13
695 -0.32
696 -0.36
697 -0.25
698 0.46
699 0.49
700 0.49
701 -0.31
702 -0.31
703 0.36
704 0.49
705 0.36
706 -0.26
707 0.49
708 -0.32
709 0.38
710 0.49
711 0.49
712 0.49
713 0.49
714 -0.28
715 0.44
716 0.49
717 -0.25
718 0.49
719 0.49
720 0.49
721 -0.28
722 -0.29
723 -0.36
724 0.49
725 -0.34
726 0.44
727 0.44
728 -0.36
729 0.49
730 0.49
731 -0.28
732 0.49
733 0.42
734 0.49
735 0.46
736 0.15
737 -0.00
738 -0.28
739 -0.17
740 -0.29
741 -0.21
742 -0.25
743 -0.18
744 -0.20
745 -0.21
746 -0.20
747 0.46
748 0.49
749 -0.34
750 -0.25
751 0.49
752 0.46
753 0.46
754 -0.14
755 0.49
756 0.46
757 0.49
758 -0.38
759 0.42
760 0.44
761 0.49
762 -0.15
763 -0.28
764 -0.31
765 0.44
766 0.49
767 0.46
768 0.26
769 0.49
770 0.49
771 -0.18
772 -0.32
773 0.49
774 0.49
775 0.44
776 0.49
777 0.36
778 0.44
779 0.49
780 0.49
781 -0.12
782 -0.36
783 0.46
784 0.46
785 -0.19
786 0.49
787 -0.21
788 0.49
789 0.49
790 -0.31
791 0.44
792 0.44
793 -0.17
794 0.49
795 0.49
796 0.44
797 0.49
798 0.49
799 0.49
800 0.46
801 0.49
802 -0.11
803 -0.29
804 -0.32
805 0.49
806 0.44
807 0.40
808 -0.29
809 0.49
810 0.49
811 0.40
812 0.44
813 0.49
814 -0.25
815 -0.09
816 -0.05
817 -0.06
818 -0.04
819 -0.26
820 -0.20
821 -0.19
822 -0.19
823 -0.20
824 -0.02
825 -0.06
826 -0.20
827 -0.26
828 -0.32
829 -0.16
830 -0.15
831 0.28
832 0.46
833 0.44
834 0.42
835 -0.31
836 0.49
837 0.49
838 0.42
839 -0.31
840 -0.31
841 0.46
842 0.44
843 -0.16
844 -0.03
845 -0.05
846 -0.12
847 -0.02
848 -0.14
849 -0.28
850 -0.25
851 -0.29
852 0.49
853 0.49
854 0.44
855 -0.34
856 0.49
857 -0.31
858 -0.20
859 0.49
860 -0.15
861 -0.28
862 0.49
863 0.49
864 0.49
865 0.46
866 0.49
867 0.44
868 -0.19
869 0.24
870 -0.11
871 -0.20
872 0.49
873 0.49
874 0.44
875 -0.26
876 0.49
877 0.49
878 -0.11
879 -0.10
880 -0.06
881 -0.00
882 -0.15
883 -0.17
884 -0.21
885 0.42
886 0.49
887 0.44
888 -0.28
889 -0.00
890 -0.05
891 -0.14
892 -0.24
893 0.13
894 -0.28
895 0.44
896 0.42
897 0.44
898 0.49
899 0.49
900 0.00
901 -0.31
902 -0.28
903 -0.25
904 0.19
905 0.49
906 0.44
907 0.44
908 -0.32
909 0.49
910 -0.24
911 -0.36
912 0.44
913 0.49
914 -0.28
915 0.32
916 -0.26
917 -0.05
918 -0.12
919 0.49
920 -0.28
921 -0.10
922 -0.15
923 -0.04
924 -0.19
925 -0.13
926 -0.13
927 -0.29
928 -0.21
929 -0.17
930 -0.34
931 0.24
932 0.49
933 -0.08
934 0.49
935 -0.23
936 0.49
937 0.49
938 0.46
939 0.46
940 0.40
941 0.49
942 0.46
943 0.49
944 -0.32
945 0.49
946 0.46
947 0.44
948 0.44
949 0.49
950 0.44
951 0.32
952 0.49
953 0.40
954 0.46
955 0.49
956 -0.10
957 0.34
958 0.49
959 0.49
960 -0.29
961 0.49
962 -0.19
963 0.46
964 -0.05
965 -0.01
966 -0.00
967 -0.00
968 -0.02
969 -0.19
970 -0.18
971 -0.19
972 -0.07
973 -0.21
974 -0.10
975 -0.20
976 -0.15
977 -0.25
978 0.34
979 0.44
980 0.49
981 -0.23
982 0.40
983 0.49
984 -0.34
985 -0.17
986 -0.14
987 0.49
988 -0.09
989 -0.31
990 0.49
991 0.49
992 0.44
993 0.44
994 0.49
995 0.46
996 0.49
997 -0.31
998 -0.25
999 -0.23
1000 0.49
1001 0.49
1002 -0.20
1003 0.49
1004 -0.29
1005 -0.28
1006 -0.36
1007 -0.04
1008 -0.20
1009 -0.13
1010 -0.16
1011 -0.14
1012 -0.32
1013 -0.26
1014 -0.17
1015 -0.31
1016 -0.03
1017 -0.08
1018 -0.19
1019 0.18
1020 0.36
1021 0.44
1022 0.44
1023 -0.26
1024 -0.32
1025 0.46
1026 -0.29
1027 0.44
1028 0.49
1029 0.46
1030 0.44
1031 0.46
1032 -0.12
1033 -0.31
1034 0.49
1035 -0.28
1036 -0.31
1037 0.42
1038 -0.07
1039 -0.36
1040 -0.04
1041 -0.14
1042 -0.19
1043 -0.21
1044 -0.13
1045 -0.21
1046 -0.24
1047 -0.15
1048 0.04
1049 -0.00
1050 -0.19
1051 -0.05
1052 -0.16
1053 0.36
1054 0.29
1055 0.42
1056 0.46
1057 0.49
1058 -0.17
1059 0.49
1060 -0.23
1061 0.49
1062 0.44
1063 0.46
1064 0.44
1065 -0.28
1066 -0.31
1067 0.49
1068 0.46
1069 0.44
1070 -0.28
1071 0.38
1072 -0.09
1073 0.34
1074 -0.12
1075 -0.26
1076 -0.24
1077 0.46
1078 -0.28
1079 -0.25
1080 0.46
1081 0.46
1082 -0.28
1083 0.44
1084 0.49
1085 0.49
1086 0.38
1087 0.46
1088 0.49
1089 0.42
1090 0.46
1091 0.46
1092 0.42
1093 0.31
1094 0.44
1095 -0.23
1096 -0.28
1097 -0.31
1098 0.44
1099 0.46
1100 0.49
1101 0.46
1102 0.46
1103 -0.34
1104 0.49
1105 0.40
1106 -0.21
1107 -0.34
1108 0.46
1109 0.46
1110 -0.29
1111 0.42
1112 0.44
1113 0.42
1114 0.49
1115 -0.25
1116 0.46
1117 0.49
1118 -0.28
1119 0.44
1120 0.49
1121 0.49
1122 0.42
1123 -0.24
1124 0.44
1125 0.44
1126 -0.11
1127 0.44
1128 0.32
1129 0.38
1130 0.40
1131 0.46
1132 0.44
1133 -0.32
1134 0.46
1135 -0.32
1136 0.32
1137 0.44
1138 0.46
1139 0.46
1140 0.38
1141 -0.31
1142 0.36
1143 0.42
1144 0.46
1145 0.40
1146 0.46
1147 0.40
1148 0.44
1149 0.38
1150 0.46
1151 0.46
1152 0.20
1153 0.42
1154 0.44
1155 0.38
1156 0.44
1157 0.46
1158 0.44
1159 0.46
1160 0.44
1161 0.36
1162 0.44
1163 0.34
1164 0.34
1165 0.42
1166 0.46
1167 0.38
1168 0.32
1169 0.36
1170 0.36
1171 0.34
1172 0.44
1173 0.42
1174 0.46
1175 0.38
1176 0.36
1177 0.38
1178 0.36
1179 0.40
1180 0.38
1181 0.40
1182 0.44
1183 0.38
1184 0.32
1185 0.40
1186 -0.10
1187 0.46
1188 0.42
1189 0.36
1190 0.46
1191 -0.32
1192 0.40
1193 0.46
1194 -0.23
1195 0.46
1196 0.38
1197 0.40
1198 0.25
1199 0.44
1200 0.29
1201 0.42
1202 -0.38
1203 0.36
1204 -0.09
1205 -0.14
1206 0.25
1207 0.28
1208 -0.14
1209 0.34
1210 0.46
1211 -0.09
1212 -0.01
1213 0.32
1214 0.17
1215 0.32
1216 -0.05
1217 0.17
1218 -0.05
1219 0.16
1220 -0.03
1221 -0.31
1222 -0.23
1223 -0.01
1224 0.09
1225 0.03
1226 0.01
1227 -0.00
1228 -0.05
1229 -0.01
1230 -0.09
1231 -0.03
1232 0.09
1233 0.25
1234 0.34
1235 -0.17
1236 -0.23
1237 0.12
1238 0.10
1239 0.14
1240 0.14
1241 -0.31
1242 0.49
1243 0.49
1244 0.46
1245 0.49
1246 0.49
1247 0.49
1248 0.44
1249 0.42
1250 0.49
1251 0.42
1252 -0.10
1253 0.29
1254 -0.10
1255 0.36
1256 0.49
1257 0.49
1258 0.49
1259 -0.11
1260 0.42
1261 0.49
1262 0.49
1263 0.40
1264 -0.10
1265 0.49
1266 -0.12
1267 0.49
1268 0.49
1269 0.24
1270 0.46
1271 0.44
1272 0.49
1273 0.49
1274 0.49
1275 0.46
1276 0.44
1277 0.29
1278 0.49
1279 0.40
1280 0.44
1281 0.46
1282 0.44
1283 -0.11
1284 -0.19
1285 0.44
1286 -0.11
1287 0.34
1288 0.46
1289 0.44
1290 0.44
1291 -0.19
1292 0.42
1293 -0.14
1294 0.36
1295 0.40
1296 0.44
1297 0.38
1298 0.40
1299 -0.18
1300 0.49
1301 0.38
1302 0.42
1303 0.49
1304 0.44
1305 0.44
1306 0.40
1307 -0.19
1308 0.49
1309 0.49
1310 0.44
1311 0.46
1312 0.49
1313 0.42
1314 0.44
1315 0.49
1316 0.31
1317 0.46
1318 0.42
1319 -0.23
1320 0.44
1321 0.26
1322 0.46
1323 0.36
1324 0.44
1325 0.46
1326 0.42
1327 0.38
1328 -0.09
1329 0.42
1330 0.49
1331 0.42
1332 0.42
1333 0.46
1334 0.42
1335 0.49
1336 0.44
1337 0.44
1338 0.46
1339 0.40
1340 0.49
1341 0.49
1342 0.46
1343 0.46
1344 0.46
1345 -0.10
1346 0.44
1347 0.49
1348 0.49
1349 0.49
1350 0.36
1351 0.46
1352 0.32
1353 0.44
1354 0.42
1355 0.49
1356 0.44
1357 0.49
1358 0.49
1359 0.40
1360 0.46
1361 0.36
1362 0.40
1363 0.42
1364 0.49
1365 0.46
1366 0.49
1367 0.34
1368 0.49
1369 0.38
1370 -0.25
1371 0.49
1372 0.49
1373 0.44
1374 0.36
1375 -0.14
1376 0.29
1377 0.32
1378 0.34
1379 0.36
1380 0.44
1381 0.40
1382 0.46
1383 0.36
1384 0.44
1385 0.20
1386 0.46
1387 0.46
1388 0.40
1389 0.34
1390 0.38
1391 -0.17
1392 0.31
1393 0.32
1394 -0.00
1395 0.32
1396 0.15
1397 0.46
1398 0.36
1399 0.40
1400 0.44
1401 0.38
1402 0.36
1403 0.40
1404 0.34
1405 0.42
1406 0.36
1407 0.32
1408 0.38
1409 0.36
1410 0.44
1411 0.46
1412 -0.40
1413 0.46
1414 0.36
1415 0.34
1416 0.46
1417 0.46
1418 -0.23
1419 0.38
1420 0.36
1421 0.44
1422 0.38
1423 0.40
1424 -0.08
1425 0.42
1426 0.44
1427 0.34
1428 0.46
1429 0.44
1430 0.36
1431 0.46
1432 0.44
1433 0.32
1434 -0.29
1435 0.32
1436 0.42
1437 0.34
1438 0.42
1439 0.38
1440 0.32
1441 0.20
1442 -0.24
1443 -0.25
1444 -0.10
1445 -0.01
1446 -0.06
1447 0.40
1448 0.26
1449 0.32
1450 0.20
1451 -0.05
1452 -0.00
1453 0.23
1454 0.14
1455 0.38
1456 -0.01
1457 0.05
1458 0.32
1459 0.34
1460 0.32
1461 0.34
1462 0.40
1463 0.36
1464 0.34
1465 0.36
1466 0.34
1467 -0.29
1468 0.32
1469 0.32
1470 -0.32
1471 0.29
1472 0.34
1473 0.12
1474 0.32
1475 0.17
1476 0.17
1477 -0.00
1478 0.26
1479 0.07
1480 0.28
1481 0.25
1482 0.40
1483 0.17
1484 0.38
1485 -0.26
1486 0.40
1487 0.11
1488 0.38
1489 0.24
1490 0.34
1491 0.38
1492 0.40
1493 0.38
1494 0.40
1495 0.36
1496 0.42
1497 0.42
1498 0.34
1499 0.32
1500 -0.18
1501 0.36
1502 0.32
1503 0.32
1504 0.36
1505 0.25
1506 0.25
1507 0.25
1508 0.17
1509 0.20
1510 0.14
1511 0.36
1512 0.29
1513 0.32
1514 0.02
1515 0.17
1516 0.24
1517 0.26
1518 0.25
1519 0.32
1520 0.34
1521 0.34
1522 0.36
1523 0.34
1524 0.26
1525 0.31
1526 0.23
1527 0.24
1528 0.24
1529 0.26
1530 0.25
1531 0.32
1532 0.23
1533 0.32
1534 0.29
1535 0.36
1536 -0.17
1537 0.23
1538 0.31
1539 0.28
1540 0.46
1541 -0.32
1542 0.28
1543 0.36
1544 0.23
1545 0.25
1546 0.34
1547 0.25
1548 0.29
1549 0.32
1550 0.32
1551 0.26
1552 -0.06
1553 0.24
1554 0.26
1555 0.29
1556 0.36
1557 0.34
1558 0.34
1559 0.28
1560 0.32
1561 0.25
1562 0.36
1563 0.34
1564 0.26
1565 0.36
1566 0.34
1567 -0.09
1568 0.25
1569 0.26
1570 0.36
1571 0.29
1572 0.29
1573 0.17
1574 0.38
1575 0.40
1576 0.28
1577 0.36
1578 0.32
1579 0.19
1580 -0.03
1581 0.03
1582 0.31
1583 0.28
1584 0.01
1585 -0.34
1586 0.32
1587 0.28
1588 0.32
1589 0.38
1590 0.26
1591 0.36
1592 0.24
1593 0.38
1594 0.34
1595 -0.20
1596 0.03
1597 0.21
1598 0.14
1599 0.34
1600 0.46
1601 0.46
1602 0.44
1603 0.38
1604 0.36
1605 0.46
1606 0.44
1607 0.46
1608 0.46
1609 0.38
1610 0.44
1611 0.42
1612 0.44
1613 0.36
1614 0.44
1615 0.36
1616 0.40
1617 0.38
1618 0.34
1619 0.44
1620 0.12
1621 0.23
1622 0.36
1623 0.38
1624 0.14
1625 0.00
1626 0.40
1627 0.42
1628 -0.08
1629 0.42
1630 0.32
1631 -0.23
1632 0.44
1633 0.46
1634 0.38
1635 0.46
1636 0.40
1637 0.38
1638 0.36
1639 0.44
1640 0.42
1641 0.40
1642 0.44
1643 0.36
1644 0.40
1645 0.36
1646 0.38
1647 0.44
1648 0.36
1649 0.32
1650 0.32
1651 0.46
1652 0.28
1653 0.46
1654 0.46
1655 0.38
1656 0.31
1657 0.42
1658 0.42
1659 0.46
1660 0.46
1661 0.44
1662 0.40
1663 0.36
1664 0.46
1665 0.36
1666 0.40
1667 0.46
1668 0.44
1669 0.01
1670 0.36
1671 0.32
1672 0.32
1673 0.07
1674 0.31
1675 0.44
1676 0.08
1677 0.28
1678 0.29
1679 0.24
1680 0.25
1681 0.38
1682 0.23
1683 -0.25
1684 0.38
1685 0.31
1686 0.38
1687 0.46
1688 0.44
1689 0.46
1690 0.32
1691 -0.32
1692 0.38
1693 -0.34
1694 0.31
1695 -0.34
1696 0.23
1697 0.29
1698 0.26
1699 0.36
1700 0.38
1701 0.38
1702 0.44
1703 0.34
1704 0.46
1705 0.32
1706 0.29
1707 0.36
1708 0.16
1709 0.46
1710 0.38
1711 -0.34
1712 0.38
1713 0.32
1714 0.42
1715 0.44
1716 0.44
1717 0.44
1718 0.40
1719 -0.20
1720 0.38
1721 0.32
1722 0.44
1723 0.42
1724 0.46
1725 0.34
1726 0.46
1727 0.46
1728 0.44
1729 0.42
1730 0.42
1731 0.31
1732 0.28
1733 0.44
1734 0.42
1735 0.36
1736 0.42
1737 0.40
1738 0.44
1739 0.46
1740 0.38
1741 0.26
1742 0.46
1743 0.38
1744 0.38
1745 0.36
1746 0.44
1747 0.38
1748 0.32
1749 0.42
1750 0.44
1751 0.32
1752 0.44
1753 0.44
1754 0.36
1755 0.44
1756 0.44
1757 0.44
1758 0.21
1759 0.44
1760 -0.34
1761 0.36
1762 -0.38
1763 -0.20
1764 0.25
1765 0.36
1766 0.36
1767 0.42
1768 0.38
1769 -0.03
1770 0.20
1771 0.26
1772 0.42
1773 0.32
1774 0.46
1775 0.36
1776 0.44
1777 0.46
1778 0.14
1779 0.40
1780 -0.31
1781 0.44
1782 0.06
1783 0.36
1784 0.34
1785 0.28
1786 0.42
1787 0.38
1788 0.44
1789 0.44
1790 0.34
1791 0.46
1792 0.06
1793 0.38
1794 0.36
1795 0.32
1796 0.46
1797 0.38
1798 0.36
1799 0.40
1800 0.40
1801 0.19
1802 0.38
1803 0.38
1804 -0.36
1805 0.34
1806 0.44
1807 0.46
1808 0.38
1809 0.44
1810 0.44
1811 0.38
1812 0.44
1813 0.46
1814 0.44
1815 0.40
1816 0.34
1817 0.44
1818 0.19
1819 0.34
1820 0.42
1821 -0.06
1822 -0.05
1823 -0.05
1824 -0.36
1825 0.24
1826 0.23
1827 0.07
1828 0.10
1829 0.36
1830 0.34
1831 0.38
1832 0.31
1833 0.46
1834 0.49
1835 0.49
1836 0.44
1837 0.36
1838 0.44
1839 -0.32
1840 0.36
1841 0.26
1842 0.36
1843 0.44
1844 0.14
1845 0.34
1846 0.46
1847 0.31
1848 0.38
1849 0.38
1850 0.10
1851 0.44
1852 0.40
1853 0.38
1854 0.26
1855 0.34
1856 0.36
1857 0.36
1858 0.44
1859 0.34
1860 0.32
1861 0.24
1862 0.42
1863 0.46
1864 0.44
1865 0.38
1866 0.38
1867 0.20
1868 0.38
1869 0.42
1870 0.44
1871 0.38
1872 0.31
1873 0.46
1874 0.46
1875 0.36
1876 0.46
1877 0.38
1878 0.38
1879 0.34
1880 0.42
1881 0.44
1882 0.44
1883 0.36
1884 0.44
1885 0.42
1886 -0.26
1887 0.28
1888 0.38
1889 0.40
1890 0.32
1891 0.44
1892 0.28
1893 0.28
1894 0.36
1895 0.44
1896 0.42
1897 0.46
1898 0.46
1899 0.46
1900 0.36
1901 0.36
1902 0.44
1903 0.34
1904 0.40
1905 0.29
1906 -0.32
1907 0.28
1908 0.31
1909 0.42
1910 0.36
1911 0.26
1912 0.34
1913 0.23
1914 0.36
1915 0.36
1916 0.29
1917 0.34
1918 0.36
1919 0.34
1920 -0.28
1921 0.00
1922 0.09
1923 0.25
1924 0.42
1925 0.44
1926 0.24
1927 0.32
1928 0.42
1929 0.31
1930 0.23
1931 0.44
1932 0.31
1933 0.42
1934 0.25
1935 0.36
1936 0.42
1937 0.15
1938 0.46
1939 0.36
1940 0.34
1941 -0.38
1942 -0.32
1943 0.46
1944 0.46
1945 0.42
1946 0.49
1947 0.44
1948 0.12
1949 0.40
1950 0.36
1951 0.34
1952 0.24
1953 0.40
1954 0.38
1955 0.23
1956 0.24
1957 0.44
1958 0.44
1959 0.36
1960 0.32
1961 0.44
1962 0.44
1963 0.44
1964 0.38
1965 0.34
1966 0.36
1967 0.32
1968 0.40
1969 0.31
1970 0.38
1971 0.31
1972 0.40
1973 0.13
1974 0.44
1975 0.36
1976 0.23
1977 0.36
1978 0.29
1979 0.42
1980 0.34
1981 0.31
1982 0.40
1983 0.42
1984 0.42
1985 0.26
1986 0.38
1987 0.00
1988 0.34
1989 0.28
1990 0.03
1991 0.36
1992 0.25
1993 0.40
1994 0.40
1995 0.31
1996 0.26
1997 -0.23
1998 0.34
1999 0.28
2000 0.42
2001 0.31
2002 0.44
2003 0.38
2004 0.46
2005 0.46
2006 0.36
2007 0.42
2008 0.46
2009 0.42
2010 0.19
2011 -0.32
2012 0.32
2013 0.42
2014 0.44
2015 0.38
2016 0.36
2017 0.24
2018 0.34
2019 0.38
2020 0.44
2021 0.40
2022 0.36
2023 0.38
2024 -0.31
2025 0.46
2026 0.42
2027 0.42
2028 0.38
2029 0.40
2030 0.38
2031 0.40
2032 0.44
2033 0.44
2034 0.42
2035 0.38
2036 0.40
2037 0.40
2038 0.18
2039 0.38
2040 0.36
2041 0.38
2042 0.38
2043 0.23
2044 0.31
2045 0.46
2046 0.46
2047 0.36
2048 0.44
2049 0.36
2050 0.44
2051 0.36
2052 0.36
2053 0.40
2054 0.40
2055 -0.28
2056 0.32
2057 0.46
2058 -0.24
2059 0.44
2060 0.36
2061 0.42
2062 0.46
2063 0.44
2064 -0.13
2065 -0.32
2066 0.19
2067 0.34
2068 0.44
2069 0.25
2070 0.36
2071 0.46
2072 0.31
2073 0.42
2074 0.36
2075 0.42
2076 0.20
2077 0.29
2078 0.38
2079 0.31
2080 0.38
2081 0.36
2082 0.36
2083 0.38
2084 0.46
2085 0.44
2086 0.46
2087 0.40
2088 0.38
2089 0.46
2090 0.34
2091 0.40
2092 0.32
2093 0.36
2094 0.36
2095 0.42
2096 0.44
2097 0.44
2098 0.34
2099 0.42
2100 0.38
2101 0.36
2102 0.25
2103 0.34
2104 0.44
2105 0.25
2106 0.31
2107 -0.28
2108 0.26
2109 0.42
2110 0.46
2111 0.46
2112 0.38
2113 0.40
2114 0.42
2115 0.38
2116 0.40
2117 0.38
2118 0.36
2119 0.46
2120 0.34
2121 0.40
2122 0.23
2123 0.17
2124 0.32
2125 0.29
2126 0.38
2127 -0.25
2128 0.29
2129 0.34
2130 0.24
2131 0.40
2132 0.42
2133 0.38
2134 0.14
2135 0.36
2136 0.36
2137 0.42
2138 0.36
2139 0.44
2140 0.32
2141 0.46
2142 0.46
2143 0.31
2144 0.38
2145 0.44
2146 0.36
2147 0.32
2148 -0.32
2149 0.42
2150 0.46
2151 0.40
2152 0.34
2153 0.32
2154 0.36
2155 0.34
2156 0.46
2157 0.38
2158 0.31
2159 0.32
2160 0.40
2161 0.42
2162 0.46
2163 0.21
2164 0.44
2165 0.46
2166 0.44
2167 0.34
2168 0.42
2169 0.31
2170 0.42
2171 0.46
2172 0.44
2173 0.36
2174 0.44
2175 0.42
2176 0.44
2177 0.40
2178 0.42
2179 0.34
2180 0.40
2181 0.40
2182 0.46
2183 0.36
2184 0.38
2185 0.38
2186 0.32
2187 0.40
2188 0.42
2189 0.42
2190 0.32
2191 0.42
2192 0.44
2193 0.46
2194 0.42
2195 0.46
2196 -0.20
2197 0.28
2198 -0.07
2199 0.31
2200 -0.03
2201 0.32
2202 0.32
2203 0.34
2204 0.34
2205 0.08
2206 -0.00
2207 0.17
2208 0.38
2209 0.28
2210 0.46
2211 0.40
2212 0.36
2213 0.46
2214 0.44
2215 -0.24
2216 0.38
2217 0.44
2218 0.31
2219 0.34
2220 0.36
2221 0.40
2222 0.34
2223 0.46
2224 0.32
2225 0.46
2226 0.28
2227 0.38
2228 0.36
2229 0.44
2230 0.40
2231 -0.15
2232 0.42
2233 0.46
2234 0.46
2235 0.42
2236 0.38
2237 0.38
2238 0.31
2239 0.44
2240 -0.21
2241 -0.14
2242 0.46
2243 0.46
2244 0.40
2245 0.46
2246 0.38
2247 0.44
2248 0.44
2249 0.31
2250 0.44
2251 0.42
2252 0.40
2253 0.38
2254 0.46
2255 0.31
2256 0.36
2257 0.31
2258 0.46
2259 0.34
2260 0.42
2261 0.46
2262 0.38
2263 0.34
2264 0.44
2265 0.36
2266 0.38
2267 0.38
2268 0.44
2269 0.44
2270 -0.29
2271 -0.12
2272 0.42
2273 0.46
2274 0.46
2275 0.40
2276 0.15
2277 0.40
2278 0.32
2279 0.36
2280 0.38
2281 -0.40
2282 -0.19
2283 0.42
2284 -0.04
2285 0.13
2286 0.28
2287 0.40
2288 0.42
2289 0.44
2290 0.40
2291 0.29
2292 0.44
2293 0.38
2294 -0.32
2295 0.42
2296 -0.21
2297 0.40
2298 0.46
2299 0.42
2300 0.44
2301 0.44
2302 0.38
2303 0.01
2304 -0.29
2305 0.46
2306 0.44
2307 0.36
2308 0.32
2309 0.44
2310 0.44
2311 0.40
2312 0.42
2313 0.42
2314 0.34
2315 0.44
2316 0.46
2317 0.46
2318 0.38
2319 0.34
2320 0.38
2321 0.40
2322 -0.25
2323 0.46
2324 0.44
2325 0.46
2326 0.38
2327 0.28
2328 -0.36
2329 0.36
2330 0.34
2331 0.34
2332 0.40
2333 0.40
2334 0.44
2335 0.38
2336 -0.17
2337 0.17
2338 0.36
2339 0.42
2340 0.36
2341 0.44
2342 0.44
2343 0.44
2344 0.36
2345 0.44
2346 0.40
2347 0.31
2348 0.26
2349 0.38
2350 0.40
2351 0.32
2352 0.34
2353 -0.29
2354 0.40
2355 0.40
2356 0.40
2357 0.44
2358 0.44
2359 0.44
2360 0.46
2361 0.32
2362 0.38
2363 0.46
2364 0.44
2365 0.38
2366 0.32
2367 0.31
2368 0.40
2369 0.42
2370 0.46
2371 0.44
2372 0.38
2373 0.44
2374 0.42
2375 0.31
2376 0.46
2377 0.46
2378 0.44
2379 0.29
2380 0.36
2381 0.34
2382 0.44
2383 0.38
2384 -0.17
2385 -0.29
2386 -0.24
2387 0.40
2388 0.40
2389 0.31
2390 0.46
2391 0.36
2392 0.32
2393 0.44
2394 0.38
2395 0.44
2396 0.44
2397 0.44
2398 0.38
2399 -0.40
2400 0.42
2401 0.23
2402 0.38
2403 0.34
2404 0.31
2405 0.46
2406 0.36
2407 0.38
2408 0.46
2409 0.40
2410 0.44
2411 -0.29
2412 0.38
2413 0.32
2414 0.46
2415 0.38
2416 0.36
2417 0.46
2418 0.38
2419 0.38
2420 0.36
2421 0.38
2422 0.40
2423 0.46
2424 0.46
2425 0.36
2426 0.44
2427 0.38
2428 0.46
2429 0.44
2430 0.38
2431 0.46
2432 0.34
2433 0.46
2434 0.44
2435 0.40
2436 0.42
2437 0.46
2438 0.32
2439 0.36
2440 0.34
2441 0.26
2442 0.44
2443 -0.21
2444 -0.29
2445 0.44
2446 0.44
2447 0.44
2448 -0.40
2449 0.42
2450 0.34
2451 -0.24
2452 0.38
2453 0.19
2454 0.36
2455 0.42
2456 0.44
2457 0.42
2458 0.31
2459 0.31
2460 0.40
2461 0.46
2462 0.38
2463 0.44
2464 0.46
2465 0.46
2466 0.44
2467 0.36
2468 0.29
2469 0.42
2470 0.44
2471 0.38
2472 0.44
2473 0.34
2474 0.46
2475 0.40
2476 0.29
2477 0.34
2478 0.46
2479 0.36
2480 0.40
2481 0.42
2482 0.38
2483 0.46
2484 0.38
2485 0.46
2486 0.34
2487 0.44
2488 0.42
2489 0.34
2490 0.38
2491 0.34
2492 0.46
2493 0.46
2494 0.29
2495 0.34
2496 0.46
2497 0.36
2498 0.38
2499 0.38
2500 0.36
2501 0.42
2502 0.42
2503 0.34
2504 0.31
2505 0.42
2506 0.46
2507 0.46
2508 0.34
2509 0.38
2510 0.38
2511 0.32
2512 0.42
2513 0.34
2514 0.38
2515 0.38
2516 0.32
2517 0.31
2518 0.36
2519 0.42
2520 0.26
2521 0.38
2522 0.31
2523 0.32
2524 0.34
2525 0.36
2526 0.38
2527 0.36
2528 0.12
2529 0.40
2530 0.36
2531 0.38
2532 0.44
2533 0.38
2534 -0.32
2535 0.34
2536 -0.38
2537 0.46
2538 0.44
2539 -0.19
2540 0.46
2541 0.36
2542 0.42
2543 0.40
2544 0.46
2545 0.28
2546 0.25
2547 0.46
2548 0.36
2549 0.32
2550 0.42
2551 0.38
2552 0.46
2553 0.38
2554 0.38
2555 0.44
2556 0.38
2557 0.29
2558 0.44
2559 0.44
2560 0.44
2561 0.40
2562 0.38
2563 -0.29
2564 0.38
2565 0.42
2566 0.46
2567 0.40
2568 0.36
2569 0.34
2570 0.46
2571 0.31
2572 0.28
2573 0.44
2574 0.40
2575 0.29
2576 0.40
2577 0.40
2578 0.36
2579 0.42
2580 0.38
2581 0.01
2582 0.31
2583 0.36
2584 0.46
2585 0.26
2586 0.38
2587 0.28
2588 0.28
2589 0.31
2590 0.21
2591 0.40
2592 0.46
2593 0.34
2594 0.38
2595 0.31
2596 0.38
2597 0.46
2598 0.36
2599 0.24
2600 0.44
2601 0.40
2602 0.20
2603 0.46
2604 0.38
2605 0.44
2606 0.32
2607 0.34
2608 0.34
2609 0.44
2610 0.40
2611 0.44
2612 0.44
2613 0.12
2614 0.40
2615 0.42
2616 0.34
2617 0.46
2618 0.38
2619 0.34
2620 0.46
2621 0.44
2622 0.38
2623 0.36
2624 0.46
2625 0.34
2626 0.40
2627 0.42
2628 0.38
2629 0.40
2630 0.46
2631 0.44
2632 0.42
2633 0.24
2634 0.34
2635 0.44
2636 0.32
2637 0.44
2638 0.32
2639 0.42
2640 0.36
2641 0.46
2642 0.38
2643 0.38
2644 0.46
2645 0.46
2646 0.16
2647 0.38
2648 0.46
2649 0.46
2650 0.29
2651 0.36
2652 0.44
2653 0.34
2654 0.36
2655 0.42
2656 0.44
2657 0.34
2658 0.46
2659 0.34
2660 0.34
2661 0.42
2662 0.46
2663 0.38
2664 0.26
2665 0.38
2666 0.40
2667 0.36
2668 0.46
2669 0.42
2670 0.42
2671 0.38
2672 0.23
2673 0.44
2674 0.46
2675 0.34
2676 0.31
2677 0.44
2678 0.19
2679 0.13
2680 0.17
2681 0.18
2682 0.44
2683 0.46
2684 0.40
2685 0.40
2686 0.38
2687 0.40
2688 0.42
2689 0.32
2690 0.36
2691 0.38
2692 0.31
2693 0.28
2694 0.36
2695 0.28
2696 -0.34
2697 0.26
2698 0.21
2699 0.38
2700 0.32
2701 0.32
2702 0.38
2703 0.29
2704 0.38
2705 0.08
2706 0.23
2707 0.34
2708 0.36
2709 0.42
2710 0.44
2711 0.44
2712 0.46
2713 0.40
2714 0.38
2715 0.38
2716 0.46
2717 0.32
2718 0.32
2719 -0.29
2720 0.19
2721 0.20
2722 0.46
2723 0.46
2724 0.44
2725 0.42
2726 0.42
2727 0.44
2728 0.44
2729 0.46
2730 0.46
2731 0.46
2732 0.46
2733 0.44
2734 0.06
2735 0.44
2736 0.46
2737 0.42
2738 0.46
2739 0.44
2740 0.38
2741 0.46
2742 0.42
2743 0.44
2744 0.44
2745 0.46
2746 0.36
2747 0.44
2748 0.38
2749 0.34
2750 0.38
2751 0.32
2752 0.28
2753 0.46
2754 0.42
2755 0.36
2756 0.24
2757 0.44
2758 0.28
2759 0.38
2760 0.26
2761 0.46
2762 0.26
2763 0.46
2764 0.42
2765 0.42
2766 0.46
2767 0.42
2768 0.36
2769 0.31
2770 0.44
2771 0.38
2772 0.46
2773 0.31
2774 0.42
2775 0.36
2776 0.44
2777 0.44
2778 0.04
2779 0.32
2780 0.36
2781 0.44
2782 0.34
2783 0.38
2784 0.34
2785 0.34
2786 0.46
2787 0.42
2788 0.46
2789 0.31
2790 0.46
2791 0.44
2792 0.46
2793 0.46
2794 0.44
2795 0.34
2796 0.36
2797 0.44
2798 0.40
2799 0.32
2800 0.31
2801 0.38
2802 -0.32
2803 0.44
2804 0.38
2805 0.40
2806 0.34
2807 0.38
2808 0.42
2809 0.40
2810 0.46
2811 0.42
2812 0.42
2813 0.49
2814 0.32
2815 0.38
2816 0.31
2817 0.46
2818 0.40
2819 0.34
2820 -0.34
2821 0.26
2822 -0.14
2823 0.32
2824 0.20
2825 0.20
2826 0.38
2827 0.46
2828 0.42
2829 0.46
2830 0.36
2831 0.46
2832 0.40
2833 0.26
2834 0.38
2835 0.46
2836 0.38
2837 0.40
2838 0.46
2839 -0.32
2840 0.49
2841 0.38
2842 0.49
2843 0.49
2844 0.46
2845 0.38
2846 0.36
2847 0.16
2848 0.38
2849 0.25
2850 0.44
2851 0.42
2852 0.44
2853 0.32
2854 0.44
2855 0.49
2856 0.40
2857 0.40
2858 0.38
2859 0.42
2860 0.24
2861 0.40
2862 0.42
2863 0.46
2864 0.44
2865 0.36
2866 0.44
2867 0.36
2868 0.46
2869 0.46
2870 0.46
2871 0.21
2872 0.42
2873 0.46
2874 0.46
2875 0.38
2876 0.40
2877 0.46
2878 0.40
2879 0.42
2880 0.40
2881 0.46
2882 -0.24
2883 0.38
2884 0.46
2885 0.44
2886 -0.14
2887 0.40
2888 0.44
2889 0.40
2890 0.44
2891 -0.20
2892 0.32
2893 0.42
2894 0.34
2895 0.36
2896 -0.18
2897 0.04
2898 0.40
2899 0.40
2900 0.44
2901 0.26
2902 0.38
2903 0.40
2904 0.46
2905 0.26
2906 0.46
2907 0.34
2908 0.42
2909 0.34
2910 0.42
2911 0.40
2912 0.40
2913 -0.29
2914 0.42
2915 0.14
2916 0.36
2917 0.34
2918 0.46
2919 -0.26
2920 0.46
2921 0.38
2922 0.42
2923 0.36
2924 0.44
2925 0.15
2926 0.32
2927 0.44
2928 0.46
2929 0.44
2930 0.46
2931 0.46
2932 0.49
2933 0.46
2934 0.40
2935 0.42
2936 0.34
2937 0.42
2938 0.44
2939 -0.32
2940 0.38
2941 0.40
2942 0.44
2943 0.32
2944 0.32
2945 0.40
2946 0.38
2947 0.36
2948 0.46
2949 -0.31
2950 0.46
2951 0.38
2952 0.46
2953 0.46
2954 0.28
2955 -0.20
2956 0.40
2957 0.42
2958 0.44
2959 0.42
2960 0.46
2961 0.46
2962 0.38
2963 0.44
2964 0.20
2965 0.28
2966 0.36
2967 0.42
2968 0.36
2969 0.44
2970 0.38
2971 0.46
2972 0.42
2973 0.44
2974 0.42
2975 0.44
2976 0.36
2977 0.38
2978 0.34
2979 0.40
2980 0.46
2981 0.40
2982 0.44
2983 0.42
2984 0.36
2985 0.17
2986 0.34
2987 0.28
2988 0.46
2989 0.42
2990 -0.32
2991 0.44
2992 0.34
2993 0.44
2994 0.46
2995 0.31
2996 0.42
2997 0.44
2998 0.34
2999 0.32
