0 0.49
1 -0.31
2 0.49
3 -0.24
4 0.49
5 0.49
6 -0.34
7 -0.31
8 0.49
9 -0.29
10 -0.21
11 0.49
12 -0.34
13 0.49
14 0.49
15 0.49
16 -0.29
17 0.49
18 0.49
19 0.49
20 0.49
21 0.49
22 0.49
23 -0.26
24 -0.31
25 0.49
26 -0.28
27 -0.28
28 0.49
29 -0.34
30 -0.32
31 0.49
32 0.49
33 -0.32
34 -0.31
35 0.49
36 0.49
37 -0.36
38 -0.36
39 0.49
40 0.49
41 -0.28
42 0.49
43 0.49
44 0.49
45 0.49
46 0.49
47 -0.28
48 -0.36
49 0.49
50 -0.28
51 0.49
52 -0.36
53 0.49
54 0.49
55 0.49
56 -0.29
57 -0.36
58 -0.31
59 0.49
60 0.49
61 0.49
62 0.49
63 -0.38
64 0.49
65 0.49
66 -0.29
67 -0.32
68 0.49
69 0.49
70 -0.34
71 0.49
72 0.49
73 0.49
74 -0.29
75 0.49
76 0.49
77 -0.32
78 -0.32
79 0.49
80 0.49
81 -0.32
82 -0.34
83 0.49
84 0.49
85 0.49
86 0.49
87 0.49
88 0.49
89 0.49
90 -0.29
91 0.49
92 -0.31
93 -0.36
94 0.49
95 -0.29
96 -0.34
97 0.49
98 0.49
99 0.49
100 -0.32
101 0.49
102 -0.31
103 0.49
104 -0.38
105 0.49
106 -0.32
107 -0.31
108 0.49
109 0.49
110 0.49
111 0.49
112 -0.31
113 0.49
114 0.49
115 0.49
116 0.49
117 0.49
118 0.49
119 -0.34
120 0.49
121 0.49
122 -0.32
123 -0.28
124 0.49
125 -0.32
126 0.49
127 0.49
128 -0.31
129 0.49
130 0.49
131 -0.34
132 0.49
133 0.49
134 0.49
135 -0.28
136 0.49
137 0.49
138 0.49
139 0.49
140 0.49
141 0.49
142 -0.31
143 0.49
144 0.49
145 0.49
146 0.49
147 -0.34
148 0.49
149 0.49
150 0.49
151 -0.32
152 0.49
153 -0.29
154 0.49
155 -0.31
156 0.49
157 0.49
158 0.49
159 -0.28
160 0.49
161 0.49
162 -0.32
163 -0.32
164 -0.32
165 0.49
166 -0.28
167 0.49
168 0.49
169 -0.31
170 0.49
171 -0.29
172 0.49
173 -0.36
174 0.49
175 -0.34
176 0.49
177 0.49
178 0.49
179 0.49
180 0.49
181 -0.31
182 0.49
183 0.49
184 -0.29
185 -0.32
186 -0.26
187 -0.29
188 0.49
189 0.49
190 -0.34
191 0.49
192 0.49
193 -0.31
194 -0.32
195 0.49
196 -0.31
197 -0.28
198 0.49
199 0.49
200 0.49
201 -0.31
202 0.49
203 -0.24
204 0.49
205 0.49
206 -0.34
207 -0.31
208 0.49
209 -0.29
210 -0.21
211 0.49
212 -0.34
213 0.49
214 0.49
215 0.49
216 -0.29
217 0.49
218 0.49
219 0.49
220 0.49
221 0.49
222 0.49
223 -0.26
224 -0.31
225 0.49
226 -0.28
227 -0.28
228 0.49
229 -0.34
230 -0.32
231 0.49
232 0.49
233 -0.32
234 -0.31
235 0.49
236 0.49
237 -0.36
238 -0.36
239 0.49
240 0.49
241 -0.28
242 0.49
243 0.49
244 0.49
245 0.49
246 0.49
247 -0.28
248 -0.36
249 0.49
250 -0.28
251 0.49
252 -0.36
253 0.49
254 0.49
255 0.49
256 -0.29
257 -0.36
258 -0.31
259 0.49
260 0.49
261 0.49
262 0.49
263 -0.38
264 0.49
265 0.49
266 -0.29
267 -0.32
268 0.49
269 0.49
270 -0.34
271 0.49
272 0.49
273 0.49
274 -0.29
275 0.49
276 0.49
277 -0.32
278 -0.32
279 0.49
280 0.49
281 -0.32
282 -0.34
283 0.49
284 0.49
285 0.49
286 0.49
287 0.49
288 0.49
289 0.49
290 -0.29
291 0.49
292 -0.31
293 -0.36
294 0.49
295 -0.29
296 -0.34
297 0.49
298 0.49
299 0.49
300 -0.32
301 0.49
302 -0.31
303 0.49
304 -0.38
305 0.49
306 -0.32
307 -0.31
308 0.49
309 0.49
310 0.49
311 0.49
312 -0.31
313 0.49
314 0.49
315 0.49
316 0.49
317 0.49
318 0.49
319 -0.34
320 0.49
321 0.49
322 -0.32
323 -0.28
324 0.49
325 -0.32
326 0.49
327 0.49
328 -0.31
329 0.49
330 0.49
331 -0.34
332 0.49
333 0.49
334 0.49
335 -0.28
336 0.49
337 0.49
338 0.49
339 0.49
340 0.49
341 0.49
342 -0.31
343 0.49
344 0.49
345 0.49
346 0.49
347 -0.34
348 0.49
349 0.49
350 0.49
351 -0.32
352 0.49
353 -0.29
354 0.49
355 -0.31
356 0.49
357 0.49
358 0.49
359 -0.28
360 0.49
361 0.49
362 -0.32
363 -0.32
364 -0.32
365 0.49
366 -0.28
367 0.49
368 0.49
369 -0.31
370 0.49
371 -0.29
372 0.49
373 -0.36
374 0.49
375 -0.34
376 0.49
377 0.49
378 0.49
379 0.49
380 0.49
381 -0.31
382 0.49
383 0.49
384 -0.29
385 -0.32
386 -0.26
387 -0.29
388 0.49
389 0.49
390 -0.34
391 0.49
392 0.49
393 -0.31
394 -0.32
395 0.49
396 -0.31
397 -0.28
398 0.49
399 0.49
400 -0.15
401 -0.20
402 -0.18
403 -0.17
404 -0.26
405 -0.24
406 -0.24
407 -0.21
408 -0.16
409 -0.21
410 -0.16
411 -0.19
412 -0.26
413 -0.21
414 -0.21
415 -0.25
416 -0.21
417 -0.25
418 -0.18
419 -0.26
420 -0.24
421 -0.28
422 -0.23
423 -0.17
424 -0.24
425 -0.25
426 -0.21
427 -0.21
428 -0.25
429 -0.25
430 -0.23
431 -0.17
432 -0.24
433 -0.25
434 -0.20
435 -0.23
436 -0.21
437 -0.26
438 -0.25
439 -0.19
440 -0.29
441 -0.18
442 -0.26
443 -0.26
444 -0.18
445 -0.25
446 -0.24
447 -0.21
448 -0.28
449 -0.21
450 -0.17
451 -0.26
452 -0.28
453 -0.26
454 -0.24
455 -0.18
456 -0.18
457 -0.28
458 -0.24
459 -0.24
460 -0.29
461 -0.26
462 -0.29
463 -0.29
464 -0.23
465 -0.19
466 -0.23
467 -0.23
468 -0.28
469 -0.25
470 -0.23
471 -0.20
472 -0.26
473 -0.19
474 -0.20
475 -0.28
476 -0.20
477 -0.25
478 -0.25
479 -0.17
480 -0.23
481 -0.23
482 -0.23
483 -0.19
484 -0.18
485 -0.20
486 -0.28
487 -0.25
488 -0.28
489 -0.24
490 -0.19
491 -0.20
492 -0.24
493 -0.24
494 -0.24
495 -0.20
496 -0.26
497 -0.17
498 -0.24
499 -0.26
500 -0.25
501 -0.19
502 -0.20
503 -0.26
504 -0.29
505 -0.24
506 -0.19
507 -0.24
508 -0.17
509 -0.19
510 -0.26
511 -0.28
512 -0.24
513 -0.23
514 -0.26
515 -0.21
516 -0.17
517 -0.26
518 -0.25
519 -0.25
520 -0.21
521 -0.28
522 -0.25
523 -0.20
524 -0.24
525 -0.21
526 -0.29
527 -0.17
528 -0.21
529 -0.18
530 -0.25
531 -0.26
532 -0.24
533 -0.24
534 -0.19
535 -0.20
536 -0.25
537 -0.17
538 -0.26
539 -0.26
540 -0.21
541 -0.23
542 -0.21
543 -0.26
544 -0.20
545 -0.23
546 -0.24
547 -0.24
548 -0.24
549 -0.21
550 -0.18
551 -0.24
552 -0.28
553 -0.20
554 -0.23
555 -0.18
556 -0.20
557 -0.24
558 -0.24
559 -0.20
560 -0.23
561 -0.23
562 -0.23
563 -0.23
564 -0.21
565 -0.25
566 -0.21
567 -0.14
568 -0.23
569 -0.21
570 -0.25
571 -0.20
572 -0.20
573 -0.25
574 -0.25
575 -0.26
576 -0.20
577 -0.17
578 -0.19
579 -0.24
580 -0.24
581 -0.20
582 -0.28
583 -0.26
584 -0.23
585 -0.24
586 -0.20
587 -0.16
588 -0.24
589 -0.17
590 -0.24
591 -0.24
592 -0.17
593 -0.23
594 -0.23
595 -0.19
596 -0.23
597 -0.19
598 -0.17
599 -0.25
600 0.49
601 -0.21
602 0.49
603 -0.21
604 0.49
605 0.49
606 -0.20
607 0.40
608 0.49
609 0.44
610 -0.21
611 0.49
612 -0.19
613 0.49
614 0.49
615 0.49
616 -0.20
617 0.49
618 0.49
619 0.49
620 0.49
621 0.49
622 0.49
623 -0.21
624 0.44
625 0.49
626 -0.20
627 -0.14
628 0.49
629 0.44
630 -0.32
631 0.49
632 0.49
633 -0.29
634 -0.25
635 0.49
636 0.49
637 0.32
638 -0.32
639 0.49
640 0.49
641 -0.25
642 0.49
643 0.49
644 0.49
645 0.49
646 0.49
647 0.44
648 -0.26
649 0.49
650 -0.24
651 0.49
652 -0.32
653 0.49
654 0.49
655 0.49
656 0.36
657 -0.29
658 0.29
659 0.49
660 0.49
661 0.49
662 0.49
663 -0.10
664 0.49
665 0.49
666 0.44
667 -0.32
668 0.49
669 0.49
670 -0.26
671 0.49
672 0.49
673 0.49
674 0.36
675 0.49
676 0.49
677 -0.16
678 -0.32
679 0.49
680 0.49
681 -0.32
682 -0.34
683 0.49
684 0.49
685 0.49
686 0.49
687 0.49
688 0.49
689 0.49
690 -0.25
691 0.49
692 0.40
693 0.44
694 0.49
695 0.44
696 0.40
697 0.49
698 0.49
699 0.49
700 -0.32
701 0.49
702 -0.31
703 0.49
704 0.17
705 0.49
706 0.40
707 0.44
708 0.49
709 0.49
710 0.49
711 0.49
712 0.40
713 0.49
714 0.49
715 0.49
716 0.49
717 0.49
718 0.49
719 -0.25
720 0.49
721 0.49
722 -0.21
723 -0.28
724 0.49
725 -0.28
726 0.49
727 0.49
728 -0.31
729 0.49
730 0.49
731 -0.34
732 0.49
733 0.49
734 0.49
735 -0.28
736 0.49
737 0.49
738 0.49
739 0.49
740 0.49
741 0.49
742 -0.18
743 0.49
744 0.49
745 0.49
746 0.49
747 -0.23
748 0.49
749 0.49
750 0.49
751 -0.28
752 0.49
753 0.44
754 0.49
755 0.36
756 0.49
757 0.49
758 0.49
759 -0.28
760 0.49
761 0.49
762 -0.21
763 -0.32
764 0.32
765 0.49
766 -0.28
767 0.49
768 0.49
769 -0.31
770 0.49
771 0.32
772 0.49
773 0.44
774 0.49
775 0.44
776 0.49
777 0.49
778 0.49
779 0.49
780 0.49
781 0.40
782 0.49
783 0.49
784 0.44
785 -0.23
786 -0.24
787 0.44
788 0.49
789 0.49
790 0.40
791 0.49
792 0.49
793 -0.18
794 -0.26
795 0.49
796 0.44
797 -0.19
798 0.49
799 0.49
800 0.49
801 -0.21
802 0.49
803 -0.21
804 0.49
805 0.49
806 -0.20
807 0.40
808 0.49
809 0.44
810 -0.21
811 0.49
812 -0.19
813 0.49
814 0.49
815 0.49
816 -0.20
817 0.49
818 0.49
819 0.49
820 0.49
821 0.49
822 0.49
823 -0.21
824 0.44
825 0.49
826 -0.20
827 -0.14
828 0.49
829 0.44
830 -0.32
831 0.49
832 0.49
833 -0.29
834 -0.25
835 0.49
836 0.49
837 0.32
838 -0.32
839 0.49
840 0.49
841 -0.25
842 0.49
843 0.49
844 0.49
845 0.49
846 0.49
847 0.44
848 -0.26
849 0.49
850 -0.24
851 0.49
852 -0.32
853 0.49
854 0.49
855 0.49
856 0.36
857 -0.29
858 0.29
859 0.49
860 0.49
861 0.49
862 0.49
863 -0.10
864 0.49
865 0.49
866 0.44
867 -0.32
868 0.49
869 0.49
870 -0.26
871 0.49
872 0.49
873 0.49
874 0.36
875 0.49
876 0.49
877 -0.16
878 -0.32
879 0.49
880 0.49
881 -0.32
882 -0.34
883 0.49
884 0.49
885 0.49
886 0.49
887 0.49
888 0.49
889 0.49
890 -0.25
891 0.49
892 0.40
893 0.44
894 0.49
895 0.44
896 0.40
897 0.49
898 0.49
899 0.49
900 -0.32
901 0.49
902 -0.31
903 0.49
904 0.17
905 0.49
906 0.40
907 0.44
908 0.49
909 0.49
910 0.49
911 0.49
912 0.40
913 0.49
914 0.49
915 0.49
916 0.49
917 0.49
918 0.49
919 -0.25
920 0.49
921 0.49
922 -0.21
923 -0.28
924 0.49
925 -0.28
926 0.49
927 0.49
928 -0.31
929 0.49
930 0.49
931 -0.34
932 0.49
933 0.49
934 0.49
935 -0.28
936 0.49
937 0.49
938 0.49
939 0.49
940 0.49
941 0.49
942 -0.18
943 0.49
944 0.49
945 0.49
946 0.49
947 -0.23
948 0.49
949 0.49
950 0.49
951 -0.28
952 0.49
953 0.44
954 0.49
955 0.36
956 0.49
957 0.49
958 0.49
959 -0.28
960 0.49
961 0.49
962 -0.21
963 -0.32
964 0.32
965 0.49
966 -0.28
967 0.49
968 0.49
969 -0.31
970 0.49
971 0.32
972 0.49
973 0.44
974 0.49
975 0.44
976 0.49
977 0.49
978 0.49
979 0.49
980 0.49
981 0.40
982 0.49
983 0.49
984 0.44
985 -0.23
986 -0.24
987 0.44
988 0.49
989 0.49
990 0.40
991 0.49
992 0.49
993 -0.18
994 -0.26
995 0.49
996 0.44
997 -0.19
998 0.49
999 0.49
1000 0.46
1001 0.38
1002 0.46
1003 0.25
1004 0.40
1005 0.46
1006 0.40
1007 0.38
1008 0.44
1009 0.36
1010 0.31
1011 0.36
1012 0.38
1013 0.42
1014 0.46
1015 0.46
1016 0.38
1017 0.46
1018 0.31
1019 0.46
1020 0.46
1021 0.46
1022 0.38
1023 0.34
1024 0.38
1025 0.42
1026 0.38
1027 0.38
1028 0.40
1029 0.36
1030 0.38
1031 0.42
1032 0.46
1033 0.31
1034 0.29
1035 0.38
1036 0.44
1037 0.38
1038 0.34
1039 0.42
1040 0.46
1041 0.34
1042 0.46
1043 0.42
1044 0.44
1045 0.46
1046 0.40
1047 0.34
1048 0.38
1049 0.44
1050 0.31
1051 0.46
1052 0.34
1053 0.46
1054 0.44
1055 0.46
1056 0.38
1057 0.38
1058 0.38
1059 0.46
1060 0.46
1061 0.42
1062 0.46
1063 0.38
1064 0.44
1065 0.44
1066 0.34
1067 0.34
1068 0.46
1069 0.44
1070 0.38
1071 0.42
1072 0.44
1073 0.46
1074 0.38
1075 0.46
1076 0.46
1077 0.38
1078 0.38
1079 0.44
1080 0.46
1081 0.34
1082 0.36
1083 0.46
1084 0.46
1085 0.46
1086 0.46
1087 0.46
1088 0.44
1089 0.44
1090 0.34
1091 0.46
1092 0.38
1093 0.36
1094 0.46
1095 0.36
1096 0.38
1097 0.44
1098 0.44
1099 0.46
1100 0.36
1101 0.38
1102 0.36
1103 0.46
1104 0.38
1105 0.46
1106 0.38
1107 0.36
1108 0.46
1109 0.38
1110 0.46
1111 0.46
1112 0.38
1113 0.42
1114 0.40
1115 0.46
1116 0.40
1117 0.46
1118 0.46
1119 0.38
1120 0.46
1121 0.46
1122 0.38
1123 0.34
1124 0.44
1125 0.31
1126 0.46
1127 0.32
1128 0.36
1129 0.38
1130 0.44
1131 0.36
1132 0.44
1133 0.40
1134 0.40
1135 0.28
1136 0.46
1137 0.46
1138 0.46
1139 0.46
1140 0.46
1141 0.46
1142 0.38
1143 0.44
1144 0.38
1145 0.46
1146 0.46
1147 0.40
1148 0.46
1149 0.42
1150 0.46
1151 0.34
1152 0.46
1153 0.36
1154 0.46
1155 0.40
1156 0.44
1157 0.46
1158 0.46
1159 0.38
1160 0.46
1161 0.40
1162 0.38
1163 0.36
1164 0.38
1165 0.38
1166 0.32
1167 0.40
1168 0.46
1169 0.36
1170 0.42
1171 0.40
1172 0.46
1173 0.36
1174 0.46
1175 0.34
1176 0.44
1177 0.46
1178 0.44
1179 0.46
1180 0.44
1181 0.40
1182 0.46
1183 0.46
1184 0.36
1185 0.38
1186 0.36
1187 0.38
1188 0.44
1189 0.44
1190 0.38
1191 0.44
1192 0.44
1193 0.38
1194 0.34
1195 0.46
1196 0.36
1197 0.38
1198 0.44
1199 0.44
1200 0.46
1201 0.38
1202 0.46
1203 0.25
1204 0.40
1205 0.46
1206 0.40
1207 0.38
1208 0.44
1209 0.36
1210 0.31
1211 0.36
1212 0.38
1213 0.42
1214 0.46
1215 0.46
1216 0.38
1217 0.46
1218 0.31
1219 0.46
1220 0.46
1221 0.46
1222 0.38
1223 0.34
1224 0.38
1225 0.42
1226 0.38
1227 0.38
1228 0.40
1229 0.36
1230 0.38
1231 0.42
1232 0.46
1233 0.31
1234 0.29
1235 0.38
1236 0.44
1237 0.38
1238 0.34
1239 0.42
1240 0.46
1241 0.34
1242 0.46
1243 0.42
1244 0.44
1245 0.46
1246 0.40
1247 0.34
1248 0.38
1249 0.44
1250 0.31
1251 0.46
1252 0.34
1253 0.46
1254 0.44
1255 0.46
1256 0.38
1257 0.38
1258 0.38
1259 0.46
1260 0.46
1261 0.42
1262 0.46
1263 0.38
1264 0.44
1265 0.44
1266 0.34
1267 0.34
1268 0.46
1269 0.36
1270 0.38
1271 0.42
1272 0.34
1273 0.46
1274 0.38
1275 0.46
1276 0.46
1277 0.38
1278 0.38
1279 0.32
1280 0.46
1281 0.34
1282 0.36
1283 0.46
1284 0.46
1285 0.46
1286 0.46
1287 0.46
1288 0.44
1289 0.44
1290 0.34
1291 0.46
1292 0.38
1293 0.36
1294 0.46
1295 0.36
1296 0.38
1297 0.44
1298 0.44
1299 0.46
1300 0.36
1301 0.38
1302 0.36
1303 0.46
1304 0.38
1305 0.46
1306 0.38
1307 0.36
1308 0.46
1309 0.42
1310 0.46
1311 0.46
1312 0.38
1313 0.42
1314 0.40
1315 0.46
1316 0.40
1317 0.46
1318 0.46
1319 0.38
1320 0.46
1321 0.46
1322 0.38
1323 0.34
1324 0.44
1325 0.31
1326 0.46
1327 0.32
1328 0.36
1329 0.38
1330 0.44
1331 0.36
1332 0.44
1333 0.40
1334 0.40
1335 0.28
1336 0.46
1337 0.46
1338 0.46
1339 0.46
1340 0.46
1341 0.46
1342 0.38
1343 0.44
1344 0.38
1345 0.46
1346 0.46
1347 0.40
1348 0.46
1349 0.42
1350 0.46
1351 0.34
1352 0.46
1353 0.36
1354 0.46
1355 0.40
1356 0.44
1357 0.46
1358 0.46
1359 0.38
1360 0.46
1361 0.42
1362 0.38
1363 0.36
1364 0.38
1365 0.42
1366 0.32
1367 0.40
1368 0.46
1369 0.36
1370 0.42
1371 0.40
1372 0.46
1373 0.36
1374 0.46
1375 0.34
1376 0.44
1377 0.46
1378 0.36
1379 0.46
1380 0.36
1381 0.40
1382 0.46
1383 0.46
1384 0.36
1385 0.38
1386 0.36
1387 0.38
1388 0.44
1389 0.44
1390 0.38
1391 0.36
1392 0.36
1393 0.38
1394 0.34
1395 0.46
1396 0.36
1397 0.38
1398 0.44
1399 0.36
1400 0.36
1401 0.26
1402 0.32
1403 0.19
1404 0.12
1405 0.36
1406 0.23
1407 0.31
1408 0.25
1409 0.34
1410 0.36
1411 0.26
1412 0.21
1413 0.31
1414 0.31
1415 0.36
1416 0.17
1417 0.21
1418 0.29
1419 0.36
1420 0.36
1421 0.36
1422 0.32
1423 0.32
1424 0.32
1425 0.26
1426 0.17
1427 0.06
1428 0.17
1429 0.34
1430 0.32
1431 0.20
1432 0.32
1433 0.31
1434 0.12
1435 0.32
1436 0.29
1437 0.25
1438 0.32
1439 0.23
1440 0.36
1441 0.32
1442 0.36
1443 0.29
1444 0.36
1445 0.20
1446 0.28
1447 0.11
1448 0.26
1449 0.36
1450 0.32
1451 0.20
1452 0.32
1453 0.32
1454 0.36
1455 0.36
1456 0.28
1457 0.29
1458 0.09
1459 0.36
1460 0.36
1461 0.17
1462 0.36
1463 0.12
1464 0.36
1465 0.23
1466 0.25
1467 0.36
1468 0.36
1469 0.36
1470 0.29
1471 0.17
1472 0.12
1473 0.36
1474 0.28
1475 0.36
1476 0.24
1477 0.19
1478 0.32
1479 0.32
1480 0.36
1481 0.36
1482 0.36
1483 0.36
1484 0.32
1485 0.36
1486 0.36
1487 0.36
1488 0.36
1489 0.36
1490 0.32
1491 0.36
1492 0.31
1493 0.34
1494 0.36
1495 0.34
1496 0.31
1497 0.36
1498 0.36
1499 0.36
1500 0.36
1501 0.19
1502 0.36
1503 0.36
1504 0.14
1505 0.36
1506 0.31
1507 0.34
1508 0.36
1509 0.26
1510 0.36
1511 0.36
1512 0.28
1513 0.26
1514 0.32
1515 0.36
1516 0.20
1517 0.36
1518 0.36
1519 0.26
1520 0.36
1521 0.36
1522 0.24
1523 0.26
1524 0.36
1525 0.32
1526 0.36
1527 0.24
1528 0.36
1529 0.32
1530 0.17
1531 0.10
1532 0.36
1533 0.29
1534 0.32
1535 0.14
1536 0.36
1537 0.32
1538 0.36
1539 0.32
1540 0.19
1541 0.36
1542 0.24
1543 0.36
1544 0.32
1545 0.36
1546 0.36
1547 0.17
1548 0.36
1549 0.21
1550 0.36
1551 0.32
1552 0.36
1553 0.34
1554 0.36
1555 0.26
1556 0.29
1557 0.36
1558 0.36
1559 0.32
1560 0.36
1561 0.26
1562 0.21
1563 0.36
1564 0.25
1565 0.16
1566 0.31
1567 0.32
1568 0.36
1569 0.36
1570 0.29
1571 0.24
1572 0.36
1573 0.34
1574 0.17
1575 0.10
1576 0.36
1577 0.36
1578 0.36
1579 0.36
1580 0.36
1581 0.20
1582 0.36
1583 0.36
1584 0.34
1585 0.26
1586 0.31
1587 0.32
1588 0.36
1589 0.36
1590 0.15
1591 0.32
1592 0.36
1593 0.24
1594 0.32
1595 0.36
1596 0.34
1597 0.26
1598 0.36
1599 0.36
1600 0.46
1601 0.38
1602 0.46
1603 0.25
1604 0.40
1605 0.46
1606 0.40
1607 0.38
1608 0.44
1609 0.36
1610 0.31
1611 0.36
1612 0.38
1613 0.42
1614 0.46
1615 0.46
1616 0.38
1617 0.46
1618 0.31
1619 0.46
1620 0.46
1621 0.46
1622 0.38
1623 0.34
1624 0.38
1625 0.42
1626 0.38
1627 0.38
1628 0.40
1629 0.36
1630 0.38
1631 0.42
1632 0.46
1633 0.31
1634 0.29
1635 0.38
1636 0.44
1637 0.38
1638 0.34
1639 0.42
1640 0.46
1641 0.34
1642 0.46
1643 0.42
1644 0.44
1645 0.46
1646 0.40
1647 0.34
1648 0.38
1649 0.44
1650 0.31
1651 0.46
1652 0.34
1653 0.46
1654 0.44
1655 0.46
1656 0.38
1657 0.38
1658 0.38
1659 0.46
1660 0.46
1661 0.42
1662 0.46
1663 0.38
1664 0.44
1665 0.44
1666 0.34
1667 0.34
1668 0.46
1669 0.44
1670 0.38
1671 0.42
1672 0.44
1673 0.46
1674 0.38
1675 0.46
1676 0.46
1677 0.38
1678 0.38
1679 0.44
1680 0.46
1681 0.34
1682 0.36
1683 0.46
1684 0.46
1685 0.46
1686 0.46
1687 0.46
1688 0.44
1689 0.44
1690 0.34
1691 0.46
1692 0.38
1693 0.36
1694 0.46
1695 0.36
1696 0.38
1697 0.44
1698 0.44
1699 0.46
1700 0.36
1701 0.38
1702 0.36
1703 0.46
1704 0.38
1705 0.46
1706 0.38
1707 0.36
1708 0.46
1709 0.38
1710 0.46
1711 0.46
1712 0.38
1713 0.42
1714 0.40
1715 0.46
1716 0.40
1717 0.46
1718 0.46
1719 0.38
1720 0.46
1721 0.46
1722 0.38
1723 0.34
1724 0.44
1725 0.31
1726 0.46
1727 0.32
1728 0.36
1729 0.38
1730 0.44
1731 0.36
1732 0.44
1733 0.40
1734 0.40
1735 0.28
1736 0.46
1737 0.46
1738 0.46
1739 0.46
1740 0.46
1741 0.46
1742 0.38
1743 0.44
1744 0.38
1745 0.46
1746 0.46
1747 0.40
1748 0.46
1749 0.42
1750 0.46
1751 0.34
1752 0.46
1753 0.36
1754 0.46
1755 0.40
1756 0.44
1757 0.46
1758 0.46
1759 0.38
1760 0.46
1761 0.40
1762 0.38
1763 0.36
1764 0.38
1765 0.38
1766 0.32
1767 0.40
1768 0.46
1769 0.36
1770 0.42
1771 0.40
1772 0.46
1773 0.36
1774 0.46
1775 0.34
1776 0.44
1777 0.46
1778 0.44
1779 0.46
1780 0.44
1781 0.40
1782 0.46
1783 0.46
1784 0.36
1785 0.38
1786 0.36
1787 0.38
1788 0.44
1789 0.44
1790 0.38
1791 0.44
1792 0.44
1793 0.38
1794 0.34
1795 0.46
1796 0.36
1797 0.38
1798 0.44
1799 0.44
1800 0.38
1801 0.28
1802 0.32
1803 0.21
1804 0.32
1805 0.32
1806 0.31
1807 0.32
1808 0.38
1809 0.24
1810 0.26
1811 0.25
1812 0.28
1813 0.26
1814 0.34
1815 0.32
1816 0.32
1817 0.32
1818 0.21
1819 0.32
1820 0.32
1821 0.32
1822 0.24
1823 0.28
1824 0.29
1825 0.32
1826 0.32
1827 0.32
1828 0.32
1829 0.29
1830 0.24
1831 0.36
1832 0.36
1833 0.21
1834 0.21
1835 0.26
1836 0.38
1837 0.28
1838 0.25
1839 0.36
1840 0.32
1841 0.23
1842 0.38
1843 0.32
1844 0.40
1845 0.32
1846 0.32
1847 0.29
1848 0.31
1849 0.36
1850 0.26
1851 0.32
1852 0.25
1853 0.36
1854 0.36
1855 0.32
1856 0.28
1857 0.31
1858 0.31
1859 0.32
1860 0.32
1861 0.29
1862 0.36
1863 0.28
1864 0.38
1865 0.36
1866 0.23
1867 0.25
1868 0.36
1869 0.36
1870 0.31
1871 0.32
1872 0.36
1873 0.32
1874 0.28
1875 0.36
1876 0.32
1877 0.31
1878 0.29
1879 0.40
1880 0.32
1881 0.28
1882 0.26
1883 0.36
1884 0.36
1885 0.36
1886 0.32
1887 0.36
1888 0.36
1889 0.32
1890 0.28
1891 0.38
1892 0.32
1893 0.26
1894 0.36
1895 0.31
1896 0.25
1897 0.38
1898 0.36
1899 0.32
1900 0.26
1901 0.34
1902 0.29
1903 0.36
1904 0.28
1905 0.38
1906 0.25
1907 0.29
1908 0.38
1909 0.32
1910 0.32
1911 0.32
1912 0.32
1913 0.32
1914 0.28
1915 0.32
1916 0.32
1917 0.32
1918 0.32
1919 0.28
1920 0.38
1921 0.32
1922 0.31
1923 0.25
1924 0.36
1925 0.23
1926 0.32
1927 0.23
1928 0.24
1929 0.31
1930 0.36
1931 0.25
1932 0.36
1933 0.34
1934 0.28
1935 0.20
1936 0.32
1937 0.38
1938 0.32
1939 0.36
1940 0.32
1941 0.29
1942 0.31
1943 0.38
1944 0.24
1945 0.38
1946 0.32
1947 0.32
1948 0.32
1949 0.29
1950 0.38
1951 0.25
1952 0.32
1953 0.32
1954 0.40
1955 0.31
1956 0.38
1957 0.36
1958 0.36
1959 0.26
1960 0.36
1961 0.34
1962 0.32
1963 0.26
1964 0.28
1965 0.31
1966 0.28
1967 0.32
1968 0.36
1969 0.32
1970 0.34
1971 0.31
1972 0.36
1973 0.26
1974 0.36
1975 0.25
1976 0.38
1977 0.32
1978 0.38
1979 0.40
1980 0.36
1981 0.34
1982 0.36
1983 0.36
1984 0.31
1985 0.31
1986 0.25
1987 0.31
1988 0.38
1989 0.38
1990 0.34
1991 0.38
1992 0.40
1993 0.31
1994 0.23
1995 0.38
1996 0.29
1997 0.28
1998 0.36
1999 0.36
2000 -0.00
2001 0.00
2002 -0.00
2003 -0.11
2004 -0.17
2005 0.17
2006 0.00
2007 -0.15
2008 0.40
2009 -0.09
2010 0.28
2011 -0.01
2012 0.00
2013 -0.19
2014 0.36
2015 -0.01
2016 0.00
2017 -0.08
2018 -0.02
2019 -0.01
2020 -0.09
2021 0.00
2022 -0.01
2023 0.29
2024 -0.06
2025 0.00
2026 0.03
2027 0.34
2028 0.04
2029 -0.19
2030 -0.00
2031 -0.03
2032 0.08
2033 -0.17
2034 -0.00
2035 -0.01
2036 0.34
2037 0.00
2038 0.00
2039 -0.02
2040 -0.09
2041 -0.00
2042 0.03
2043 0.00
2044 -0.10
2045 -0.03
2046 -0.00
2047 0.31
2048 0.00
2049 0.40
2050 -0.02
2051 -0.12
2052 -0.17
2053 -0.18
2054 0.01
2055 0.06
2056 0.32
2057 0.00
2058 -0.05
2059 0.34
2060 0.02
2061 0.00
2062 -0.04
2063 0.00
2064 0.32
2065 -0.03
2066 -0.16
2067 -0.09
2068 -0.17
2069 -0.09
2070 0.00
2071 0.00
2072 -0.12
2073 -0.05
2074 0.32
2075 -0.20
2076 0.02
2077 0.32
2078 -0.20
2079 0.36
2080 0.34
2081 0.25
2082 -0.01
2083 -0.08
2084 -0.00
2085 -0.01
2086 -0.05
2087 -0.14
2088 -0.17
2089 -0.11
2090 -0.00
2091 -0.06
2092 0.00
2093 -0.07
2094 -0.05
2095 -0.00
2096 0.32
2097 -0.08
2098 0.02
2099 -0.08
2100 -0.13
2101 0.32
2102 -0.09
2103 -0.04
2104 0.00
2105 -0.01
2106 0.32
2107 -0.01
2108 0.08
2109 0.34
2110 -0.02
2111 -0.09
2112 0.00
2113 -0.06
2114 -0.05
2115 0.00
2116 0.06
2117 -0.01
2118 -0.09
2119 0.00
2120 0.00
2121 -0.01
2122 0.00
2123 -0.02
2124 -0.14
2125 -0.17
2126 -0.17
2127 0.34
2128 -0.07
2129 -0.12
2130 -0.01
2131 -0.17
2132 -0.02
2133 -0.13
2134 -0.03
2135 0.31
2136 -0.03
2137 0.01
2138 -0.13
2139 -0.06
2140 -0.00
2141 -0.02
2142 0.00
2143 0.00
2144 0.00
2145 0.00
2146 0.00
2147 0.00
2148 -0.14
2149 0.00
2150 -0.13
2151 0.01
2152 -0.06
2153 -0.07
2154 0.25
2155 -0.00
2156 0.34
2157 -0.09
2158 -0.07
2159 0.03
2160 -0.04
2161 -0.14
2162 0.32
2163 -0.04
2164 0.00
2165 0.00
2166 0.00
2167 -0.14
2168 -0.10
2169 -0.00
2170 -0.15
2171 -0.02
2172 0.05
2173 -0.20
2174 -0.00
2175 -0.18
2176 0.20
2177 -0.00
2178 -0.01
2179 -0.03
2180 -0.08
2181 0.00
2182 0.00
2183 0.06
2184 -0.00
2185 0.00
2186 -0.10
2187 -0.05
2188 -0.02
2189 -0.03
2190 0.00
2191 -0.14
2192 0.42
2193 0.29
2194 -0.02
2195 -0.01
2196 0.29
2197 0.00
2198 -0.02
2199 -0.15
2200 0.46
2201 0.38
2202 0.46
2203 0.25
2204 0.40
2205 0.46
2206 0.40
2207 0.38
2208 0.44
2209 0.36
2210 0.31
2211 0.36
2212 0.38
2213 0.42
2214 0.46
2215 0.46
2216 0.38
2217 0.46
2218 0.31
2219 0.46
2220 0.46
2221 0.46
2222 0.38
2223 0.34
2224 0.38
2225 0.42
2226 0.38
2227 0.38
2228 0.40
2229 0.36
2230 0.38
2231 0.42
2232 0.46
2233 0.31
2234 0.29
2235 0.38
2236 0.44
2237 0.38
2238 0.34
2239 0.42
2240 0.46
2241 0.34
2242 0.46
2243 0.42
2244 0.44
2245 0.46
2246 0.40
2247 0.34
2248 0.38
2249 0.44
2250 0.31
2251 0.46
2252 0.34
2253 0.46
2254 0.44
2255 0.46
2256 0.38
2257 0.38
2258 0.38
2259 0.46
2260 0.46
2261 0.42
2262 0.46
2263 0.38
2264 0.44
2265 0.44
2266 0.34
2267 0.34
2268 0.46
2269 0.44
2270 0.38
2271 0.42
2272 0.44
2273 0.46
2274 0.38
2275 0.46
2276 0.46
2277 0.38
2278 0.38
2279 0.44
2280 0.46
2281 0.34
2282 0.36
2283 0.46
2284 0.46
2285 0.46
2286 0.46
2287 0.46
2288 0.44
2289 0.44
2290 0.34
2291 0.46
2292 0.38
2293 0.36
2294 0.46
2295 0.36
2296 0.38
2297 0.44
2298 0.44
2299 0.46
2300 0.36
2301 0.38
2302 0.36
2303 0.46
2304 0.38
2305 0.46
2306 0.38
2307 0.36
2308 0.46
2309 0.38
2310 0.46
2311 0.46
2312 0.38
2313 0.42
2314 0.40
2315 0.46
2316 0.40
2317 0.46
2318 0.46
2319 0.38
2320 0.46
2321 0.46
2322 0.38
2323 0.34
2324 0.44
2325 0.31
2326 0.46
2327 0.32
2328 0.36
2329 0.38
2330 0.44
2331 0.36
2332 0.44
2333 0.40
2334 0.40
2335 0.28
2336 0.46
2337 0.46
2338 0.46
2339 0.46
2340 0.46
2341 0.46
2342 0.38
2343 0.44
2344 0.38
2345 0.46
2346 0.46
2347 0.40
2348 0.46
2349 0.42
2350 0.46
2351 0.34
2352 0.46
2353 0.36
2354 0.46
2355 0.40
2356 0.44
2357 0.46
2358 0.46
2359 0.38
2360 0.46
2361 0.40
2362 0.38
2363 0.36
2364 0.38
2365 0.38
2366 0.32
2367 0.40
2368 0.46
2369 0.36
2370 0.42
2371 0.40
2372 0.46
2373 0.36
2374 0.46
2375 0.34
2376 0.44
2377 0.46
2378 0.44
2379 0.46
2380 0.44
2381 0.40
2382 0.46
2383 0.46
2384 0.36
2385 0.38
2386 0.36
2387 0.38
2388 0.44
2389 0.44
2390 0.38
2391 0.44
2392 0.44
2393 0.38
2394 0.34
2395 0.46
2396 0.36
2397 0.38
2398 0.44
2399 0.44
2400 0.46
2401 0.38
2402 0.46
2403 0.25
2404 0.40
2405 0.46
2406 0.40
2407 0.38
2408 0.44
2409 0.36
2410 0.31
2411 0.36
2412 0.38
2413 0.42
2414 0.46
2415 0.46
2416 0.38
2417 0.46
2418 0.31
2419 0.46
2420 0.46
2421 0.46
2422 0.38
2423 0.34
2424 0.38
2425 0.42
2426 0.38
2427 0.38
2428 0.40
2429 0.36
2430 0.38
2431 0.42
2432 0.46
2433 0.31
2434 0.29
2435 0.38
2436 0.44
2437 0.38
2438 0.34
2439 0.42
2440 0.46
2441 0.34
2442 0.46
2443 0.42
2444 0.44
2445 0.46
2446 0.40
2447 0.34
2448 0.38
2449 0.44
2450 0.31
2451 0.46
2452 0.34
2453 0.46
2454 0.44
2455 0.46
2456 0.38
2457 0.38
2458 0.38
2459 0.46
2460 0.46
2461 0.42
2462 0.46
2463 0.38
2464 0.44
2465 0.44
2466 0.34
2467 0.34
2468 0.46
2469 0.44
2470 0.38
2471 0.42
2472 0.44
2473 0.46
2474 0.38
2475 0.46
2476 0.46
2477 0.38
2478 0.38
2479 0.44
2480 0.46
2481 0.34
2482 0.36
2483 0.46
2484 0.46
2485 0.46
2486 0.46
2487 0.46
2488 0.44
2489 0.44
2490 0.34
2491 0.46
2492 0.38
2493 0.36
2494 0.46
2495 0.36
2496 0.38
2497 0.44
2498 0.44
2499 0.46
2500 0.36
2501 0.38
2502 0.36
2503 0.46
2504 0.38
2505 0.46
2506 0.38
2507 0.36
2508 0.46
2509 0.38
2510 0.46
2511 0.46
2512 0.38
2513 0.42
2514 0.40
2515 0.46
2516 0.40
2517 0.46
2518 0.46
2519 0.38
2520 0.46
2521 0.46
2522 0.38
2523 0.34
2524 0.44
2525 0.31
2526 0.46
2527 0.32
2528 0.36
2529 0.38
2530 0.44
2531 0.36
2532 0.44
2533 0.40
2534 0.40
2535 0.28
2536 0.46
2537 0.46
2538 0.46
2539 0.46
2540 0.46
2541 0.46
2542 0.38
2543 0.44
2544 0.38
2545 0.46
2546 0.46
2547 0.40
2548 0.46
2549 0.42
2550 0.46
2551 0.34
2552 0.46
2553 0.36
2554 0.46
2555 0.40
2556 0.44
2557 0.46
2558 0.46
2559 0.38
2560 0.46
2561 0.40
2562 0.38
2563 0.36
2564 0.38
2565 0.38
2566 0.32
2567 0.40
2568 0.46
2569 0.36
2570 0.42
2571 0.40
2572 0.46
2573 0.36
2574 0.46
2575 0.34
2576 0.44
2577 0.46
2578 0.44
2579 0.46
2580 0.44
2581 0.40
2582 0.46
2583 0.46
2584 0.36
2585 0.38
2586 0.36
2587 0.38
2588 0.44
2589 0.44
2590 0.38
2591 0.44
2592 0.44
2593 0.38
2594 0.34
2595 0.46
2596 0.36
2597 0.38
2598 0.44
2599 0.44
2600 0.46
2601 0.38
2602 0.46
2603 0.25
2604 0.40
2605 0.46
2606 0.40
2607 0.38
2608 0.44
2609 0.36
2610 0.31
2611 0.36
2612 0.38
2613 0.42
2614 0.46
2615 0.46
2616 0.38
2617 0.46
2618 0.31
2619 0.46
2620 0.46
2621 0.46
2622 0.38
2623 0.34
2624 0.38
2625 0.42
2626 0.38
2627 0.38
2628 0.40
2629 0.36
2630 0.38
2631 0.42
2632 0.46
2633 0.31
2634 0.29
2635 0.38
2636 0.44
2637 0.38
2638 0.34
2639 0.42
2640 0.46
2641 0.34
2642 0.46
2643 0.42
2644 0.44
2645 0.46
2646 0.40
2647 0.34
2648 0.38
2649 0.44
2650 0.31
2651 0.46
2652 0.34
2653 0.46
2654 0.44
2655 0.46
2656 0.38
2657 0.38
2658 0.38
2659 0.46
2660 0.46
2661 0.42
2662 0.46
2663 0.38
2664 0.44
2665 0.44
2666 0.34
2667 0.34
2668 0.46
2669 0.44
2670 0.38
2671 0.42
2672 0.44
2673 0.46
2674 0.38
2675 0.46
2676 0.46
2677 0.38
2678 0.38
2679 0.44
2680 0.46
2681 0.34
2682 0.36
2683 0.46
2684 0.46
2685 0.46
2686 0.46
2687 0.46
2688 0.44
2689 0.44
2690 0.34
2691 0.46
2692 0.38
2693 0.36
2694 0.46
2695 0.36
2696 0.38
2697 0.44
2698 0.44
2699 0.46
2700 0.36
2701 0.38
2702 0.36
2703 0.46
2704 0.38
2705 0.46
2706 0.38
2707 0.36
2708 0.46
2709 0.38
2710 0.46
2711 0.46
2712 0.38
2713 0.42
2714 0.40
2715 0.46
2716 0.40
2717 0.46
2718 0.46
2719 0.38
2720 0.46
2721 0.46
2722 0.38
2723 0.34
2724 0.44
2725 0.31
2726 0.46
2727 0.32
2728 0.36
2729 0.38
2730 0.44
2731 0.36
2732 0.44
2733 0.40
2734 0.40
2735 0.28
2736 0.46
2737 0.46
2738 0.46
2739 0.46
2740 0.46
2741 0.46
2742 0.38
2743 0.44
2744 0.38
2745 0.46
2746 0.46
2747 0.40
2748 0.46
2749 0.42
2750 0.46
2751 0.34
2752 0.46
2753 0.36
2754 0.46
2755 0.40
2756 0.44
2757 0.46
2758 0.46
2759 0.38
2760 0.46
2761 0.40
2762 0.38
2763 0.36
2764 0.38
2765 0.38
2766 0.32
2767 0.40
2768 0.46
2769 0.36
2770 0.42
2771 0.40
2772 0.46
2773 0.36
2774 0.46
2775 0.34
2776 0.44
2777 0.46
2778 0.44
2779 0.46
2780 0.44
2781 0.40
2782 0.46
2783 0.46
2784 0.36
2785 0.38
2786 0.36
2787 0.38
2788 0.44
2789 0.44
2790 0.38
2791 0.44
2792 0.44
2793 0.38
2794 0.34
2795 0.46
2796 0.36
2797 0.38
2798 0.44
2799 0.44
2800 0.46
2801 0.38
2802 0.46
2803 0.25
2804 0.40
2805 0.46
2806 0.40
2807 0.38
2808 0.44
2809 0.36
2810 0.31
2811 0.36
2812 0.38
2813 0.42
2814 0.46
2815 0.46
2816 0.38
2817 0.46
2818 0.31
2819 0.46
2820 0.46
2821 0.46
2822 0.38
2823 0.34
2824 0.38
2825 0.42
2826 0.38
2827 -0.23
2828 0.40
2829 0.36
2830 0.38
2831 0.42
2832 0.46
2833 0.31
2834 0.29
2835 0.38
2836 0.44
2837 0.38
2838 0.34
2839 0.42
2840 0.46
2841 0.34
2842 0.46
2843 0.42
2844 0.44
2845 0.46
2846 0.40
2847 0.34
2848 0.38
2849 0.44
2850 0.31
2851 0.46
2852 0.34
2853 0.46
2854 0.44
2855 0.46
2856 0.38
2857 0.38
2858 0.38
2859 0.46
2860 0.46
2861 0.42
2862 0.46
2863 0.38
2864 0.44
2865 0.44
2866 0.34
2867 0.34
2868 0.46
2869 0.44
2870 0.38
2871 0.42
2872 0.44
2873 0.46
2874 0.38
2875 0.46
2876 0.46
2877 0.38
2878 0.38
2879 0.44
2880 0.46
2881 0.34
2882 0.36
2883 0.46
2884 0.46
2885 0.46
2886 0.46
2887 0.46
2888 0.44
2889 0.44
2890 0.34
2891 0.46
2892 0.38
2893 0.36
2894 0.46
2895 0.36
2896 0.38
2897 0.44
2898 0.44
2899 0.46
2900 0.36
2901 0.49
2902 0.36
2903 0.46
2904 0.38
2905 0.46
2906 0.38
2907 0.36
2908 0.46
2909 0.38
2910 0.46
2911 0.46
2912 0.38
2913 0.42
2914 0.40
2915 0.46
2916 0.40
2917 0.46
2918 0.46
2919 0.38
2920 0.46
2921 0.46
2922 0.38
2923 0.34
2924 0.44
2925 0.31
2926 0.46
2927 0.32
2928 0.36
2929 0.38
2930 0.44
2931 0.36
2932 0.44
2933 0.40
2934 0.40
2935 0.28
2936 0.46
2937 0.46
2938 0.46
2939 0.46
2940 0.46
2941 0.46
2942 0.38
2943 0.44
2944 0.38
2945 0.46
2946 0.46
2947 0.40
2948 0.46
2949 0.42
2950 0.46
2951 0.34
2952 0.46
2953 0.36
2954 0.46
2955 0.40
2956 0.44
2957 0.46
2958 0.46
2959 0.38
2960 0.46
2961 0.40
2962 0.38
2963 0.36
2964 0.38
2965 0.38
2966 0.32
2967 0.40
2968 0.46
2969 0.36
2970 0.42
2971 0.40
2972 0.46
2973 0.36
2974 0.46
2975 0.34
2976 0.44
2977 0.46
2978 0.44
2979 0.46
2980 0.44
2981 0.40
2982 0.46
2983 0.46
2984 0.36
2985 0.38
2986 0.36
2987 0.38
2988 0.44
2989 0.44
2990 0.38
2991 0.44
2992 0.49
2993 0.38
2994 0.34
2995 0.46
2996 0.36
2997 0.38
2998 0.44
2999 0.44
