0 -0.19
30 -0.13
60 -0.07
90 -0.08
120 -0.09
150 -0.12
180 -0.00
210 -0.07
240 -0.06
270 0.05
300 -0.04
330 -0.06
360 -0.02
390 0.03
420 0.02
450 -0.08
480 -0.01
510 0.07
540 -0.01
570 -0.00
600 -0.08
630 -0.08
660 -0.04
690 -0.01
720 -0.00
750 0.03
780 0.10
810 -0.07
840 0.02
870 0.00
900 -0.06
930 0.09
960 -0.05
990 0.04
1020 0.00
1050 0.03
1080 0.07
1110 0.08
1140 0.20
1170 0.01
1200 0.01
1230 0.09
1260 0.08
1290 0.07
1320 0.14
1350 0.21
1380 0.18
1410 0.19
1440 0.07
1470 0.12
1500 0.13
1530 0.17
1560 0.23
1590 0.30
1620 0.28
1650 0.26
1680 0.19
1710 0.24
1740 0.23
1770 0.20
1800 0.26
1830 0.26
1860 0.28
1890 0.29
1920 0.20
1950 0.24
1980 0.31
2010 0.25
2040 0.24
2070 0.32
2100 0.28
2130 0.26
2160 0.35
2190 0.28
2220 0.34
2250 0.33
2280 0.24
2310 0.29
2340 0.34
2370 0.31
2400 0.33
2430 0.26
2460 0.36
2490 0.36
2520 0.30
2550 0.34
2580 0.31
2610 0.39
2640 0.39
2670 0.33
2700 0.29
2730 0.35
2760 0.35
2790 0.36
2820 0.20
2850 0.31
2880 0.32
2910 0.28
2940 0.30
2970 0.34
