0 0.15
30 0.14
60 0.24
90 0.16
120 0.27
150 0.17
180 0.09
210 0.14
240 0.19
270 0.19
300 0.19
330 0.28
360 0.14
390 -0.11
420 -0.23
450 -0.24
480 -0.23
510 -0.23
540 -0.22
570 -0.22
600 0.27
630 0.24
660 0.31
690 0.36
720 0.29
750 0.31
780 0.28
810 0.24
840 0.30
870 0.32
900 0.29
930 0.33
960 0.32
990 0.35
1020 0.40
1050 0.42
1080 0.41
1110 0.41
1140 0.42
1170 0.41
1200 0.40
1230 0.40
1260 0.41
1290 0.41
1320 0.41
1350 0.41
1380 0.35
1410 0.27
1440 0.29
1470 0.32
1500 0.31
1530 0.30
1560 0.30
1590 0.37
1620 0.40
1650 0.42
1680 0.41
1710 0.41
1740 0.42
1770 0.41
1800 0.30
1830 0.31
1860 0.33
1890 0.32
1920 0.31
1950 0.33
1980 0.22
2010 0.03
2040 0.02
2070 0.01
2100 0.01
2130 -0.01
2160 -0.02
2190 0.29
2220 0.40
2250 0.42
2280 0.41
2310 0.41
2340 0.42
2370 0.41
2400 0.40
2430 0.40
2460 0.42
2490 0.41
2520 0.41
2550 0.41
2580 0.41
2610 0.39
2640 0.41
2670 0.42
2700 0.41
2730 0.42
2760 0.41
2790 0.40
2820 0.38
2850 0.42
2880 0.42
2910 0.41
2940 0.42
2970 0.42
