0 0.11
30 0.06
60 0.09
90 0.09
120 0.13
150 0.17
180 0.14
210 0.08
240 -0.08
270 0.15
300 0.10
330 0.03
360 0.15
390 0.10
420 0.34
450 0.24
480 0.36
510 0.38
540 0.41
570 0.42
600 0.41
630 0.41
660 0.41
690 0.40
720 0.37
750 0.44
780 0.29
810 0.30
840 0.35
870 0.34
900 0.19
930 0.28
960 0.41
990 0.37
1020 0.36
1050 0.39
1080 0.44
1110 0.43
1140 0.35
1170 0.37
1200 0.37
1230 0.39
1260 0.44
1290 0.40
1320 0.43
1350 0.37
1380 0.30
1410 0.41
1440 0.29
1470 0.41
1500 0.42
1530 0.36
1560 0.39
1590 0.34
1620 0.40
1650 0.31
1680 0.31
1710 0.40
1740 0.30
1770 0.38
1800 0.39
1830 0.42
1860 0.33
1890 0.39
1920 0.35
1950 0.38
1980 0.40
2010 0.39
2040 0.38
2070 0.42
2100 0.30
2130 0.35
2160 0.36
2190 0.28
2220 0.42
2250 0.41
2280 0.40
2310 0.40
2340 0.34
2370 0.36
2400 0.34
2430 0.36
2460 0.40
2490 0.41
2520 0.31
2550 0.43
2580 0.40
2610 0.39
2640 0.39
2670 0.42
2700 0.33
2730 0.34
2760 0.36
2790 0.41
2820 0.38
2850 0.42
2880 0.38
2910 0.37
2940 0.39
2970 0.38
