0 319.87
30 293.83
60 287.60
90 319.97
120 298.77
150 296.43
180 263.63
210 195.33
240 183.67
270 200.27
300 179.97
330 174.47
360 175.50
390 284.17
420 350.77
450 362.57
480 349.93
510 347.00
540 345.93
570 352.10
600 291.10
630 300.23
660 322.17
690 299.47
720 317.23
750 283.67
780 329.93
810 371.77
840 396.20
870 395.80
900 391.30
930 402.73
960 387.47
990 361.43
1020 355.57
1050 364.67
1080 366.30
1110 362.13
1140 361.27
1170 369.50
1200 336.87
1230 369.67
1260 368.60
1290 360.83
1320 369.37
1350 352.90
1380 351.13
1410 333.83
1440 353.87
1470 363.80
1500 327.97
1530 346.70
1560 330.23
1590 321.13
1620 338.40
1650 350.63
1680 333.00
1710 340.37
1740 333.27
1770 327.93
1800 296.37
1830 354.83
1860 346.20
1890 333.23
1920 357.60
1950 315.60
1980 329.67
2010 338.47
2040 368.53
2070 352.17
2100 354.20
2130 367.40
2160 357.53
2190 342.73
2220 369.10
2250 380.23
2280 381.47
2310 372.97
2340 366.67
2370 378.43
2400 327.63
2430 367.90
2460 357.27
2490 344.90
2520 369.33
2550 350.23
2580 346.50
2610 356.07
2640 384.03
2670 375.17
2700 378.43
2730 379.53
2760 378.17
2790 354.57
2820 372.37
2850 376.53
2880 366.00
2910 378.07
2940 371.13
2970 367.73
