0 249.60
30 249.60
60 249.60
90 249.60
120 249.60
150 249.60
180 249.47
210 249.20
240 249.20
270 249.20
300 249.20
330 249.20
360 249.20
390 240.87
420 236.70
450 236.70
480 236.70
510 236.70
540 236.70
570 236.70
600 248.90
630 248.90
660 248.90
690 248.90
720 248.90
750 248.90
780 250.93
810 255.00
840 255.00
870 255.00
900 255.00
930 255.00
960 255.00
990 241.13
1020 234.20
1050 234.20
1080 234.20
1110 234.20
1140 234.20
1170 234.20
1200 268.10
1230 268.10
1260 268.10
1290 268.10
1320 268.10
1350 268.10
1380 267.80
1410 267.20
1440 267.20
1470 267.20
1500 267.20
1530 267.20
1560 267.20
1590 271.20
1620 273.20
1650 273.20
1680 273.20
1710 273.20
1740 273.20
1770 273.20
1800 291.00
1830 291.00
1860 291.00
1890 291.00
1920 291.00
1950 291.00
1980 294.97
2010 302.90
2040 302.90
2070 302.90
2100 302.90
2130 302.90
2160 302.90
2190 305.37
2220 306.60
2250 306.60
2280 306.60
2310 306.60
2340 306.60
2370 306.60
2400 323.30
2430 323.30
2460 323.30
2490 323.30
2520 323.30
2550 323.30
2580 318.83
2610 309.90
2640 309.90
2670 309.90
2700 309.90
2730 309.90
2760 309.90
2790 317.37
2820 321.10
2850 321.10
2880 321.10
2910 321.10
2940 321.10
2970 321.10
