0 100.00
1 220.00
2 240.00
3 0.00
4 120.00
5 220.00
6 240.00
7 400.00
8 20.00
9 200.00
10 240.00
11 80.00
12 240.00
13 200.00
14 120.00
15 420.00
16 220.00
17 20.00
18 140.00
19 60.00
20 100.00
21 220.00
22 200.00
23 320.00
24 120.00
25 300.00
26 140.00
27 160.00
28 360.00
29 280.00
30 240.00
31 200.00
32 440.00
33 240.00
34 420.00
35 80.00
36 440.00
37 280.00
38 140.00
39 200.00
40 180.00
41 260.00
42 360.00
43 360.00
44 220.00
45 220.00
46 240.00
47 180.00
48 160.00
49 140.00
50 120.00
51 360.00
52 140.00
53 280.00
54 320.00
55 220.00
56 240.00
57 240.00
58 180.00
59 180.00
60 340.00
61 220.00
62 240.00
63 0.00
64 500.00
65 240.00
66 300.00
67 220.00
68 360.00
69 240.00
70 500.00
71 240.00
72 220.00
73 500.00
74 220.00
75 380.00
76 440.00
77 240.00
78 420.00
79 260.00
80 220.00
81 240.00
82 240.00
83 220.00
84 420.00
85 200.00
86 260.00
87 320.00
88 400.00
89 240.00
90 200.00
91 240.00
92 340.00
93 420.00
94 420.00
95 240.00
96 200.00
97 240.00
98 220.00
99 320.00
100 240.00
101 420.00
102 240.00
103 380.00
104 240.00
105 220.00
106 260.00
107 260.00
108 460.00
109 200.00
110 220.00
111 220.00
112 400.00
113 480.00
114 240.00
115 340.00
116 460.00
117 240.00
118 340.00
119 220.00
120 340.00
121 240.00
122 240.00
123 240.00
124 380.00
125 220.00
126 240.00
127 440.00
128 360.00
129 240.00
130 320.00
131 240.00
132 280.00
133 240.00
134 240.00
135 220.00
136 220.00
137 240.00
138 480.00
139 240.00
140 240.00
141 460.00
142 220.00
143 240.00
144 300.00
145 460.00
146 220.00
147 260.00
148 240.00
149 260.00
150 260.00
151 300.00
152 240.00
153 220.00
154 340.00
155 420.00
156 240.00
157 340.00
158 240.00
159 280.00
160 240.00
161 240.00
162 440.00
163 460.00
164 280.00
165 240.00
166 200.00
167 300.00
168 500.00
169 460.00
170 500.00
171 260.00
172 280.00
173 220.00
174 240.00
175 380.00
176 380.00
177 240.00
178 340.00
179 260.00
180 280.00
181 440.00
182 240.00
183 220.00
184 240.00
185 380.00
186 200.00
187 360.00
188 360.00
189 200.00
190 480.00
191 340.00
192 440.00
193 480.00
194 220.00
195 320.00
196 220.00
197 420.00
198 220.00
199 240.00
200 360.00
201 220.00
202 300.00
203 320.00
204 240.00
205 200.00
206 160.00
207 380.00
208 240.00
209 220.00
210 120.00
211 160.00
212 400.00
213 240.00
214 260.00
215 400.00
216 320.00
217 280.00
218 380.00
219 160.00
220 240.00
221 240.00
222 160.00
223 440.00
224 480.00
225 220.00
226 180.00
227 300.00
228 160.00
229 180.00
230 200.00
231 200.00
232 220.00
233 200.00
234 200.00
235 160.00
236 240.00
237 140.00
238 220.00
239 140.00
240 300.00
241 60.00
242 160.00
243 420.00
244 200.00
245 180.00
246 280.00
247 280.00
248 460.00
249 240.00
250 480.00
251 460.00
252 360.00
253 220.00
254 140.00
255 420.00
256 460.00
257 240.00
258 320.00
259 400.00
260 480.00
261 340.00
262 440.00
263 500.00
264 240.00
265 220.00
266 180.00
267 320.00
268 400.00
269 240.00
270 240.00
271 220.00
272 440.00
273 200.00
274 400.00
275 420.00
276 180.00
277 220.00
278 300.00
279 400.00
280 240.00
281 500.00
282 240.00
283 460.00
284 460.00
285 200.00
286 480.00
287 260.00
288 220.00
289 440.00
290 200.00
291 360.00
292 180.00
293 240.00
294 220.00
295 280.00
296 220.00
297 380.00
298 460.00
299 360.00
300 200.00
301 480.00
302 220.00
303 480.00
304 400.00
305 240.00
306 260.00
307 420.00
308 260.00
309 360.00
310 340.00
311 420.00
312 220.00
313 400.00
314 220.00
315 420.00
316 400.00
317 200.00
318 400.00
319 360.00
320 320.00
321 380.00
322 340.00
323 420.00
324 240.00
325 220.00
326 360.00
327 300.00
328 340.00
329 420.00
330 420.00
331 300.00
332 260.00
333 240.00
334 340.00
335 340.00
336 420.00
337 360.00
338 420.00
339 320.00
340 340.00
341 220.00
342 380.00
343 220.00
344 240.00
345 400.00
346 380.00
347 200.00
348 220.00
349 320.00
350 240.00
351 180.00
352 280.00
353 480.00
354 440.00
355 300.00
356 240.00
357 440.00
358 220.00
359 320.00
360 220.00
361 220.00
362 200.00
363 260.00
364 240.00
365 200.00
366 260.00
367 420.00
368 480.00
369 440.00
370 240.00
371 460.00
372 380.00
373 400.00
374 240.00
375 240.00
376 220.00
377 220.00
378 240.00
379 220.00
380 160.00
381 200.00
382 240.00
383 140.00
384 240.00
385 140.00
386 200.00
387 380.00
388 460.00
389 500.00
390 220.00
391 240.00
392 400.00
393 220.00
394 500.00
395 240.00
396 220.00
397 340.00
398 440.00
399 280.00
400 240.00
401 460.00
402 360.00
403 220.00
404 500.00
405 240.00
406 240.00
407 240.00
408 300.00
409 280.00
410 220.00
411 220.00
412 220.00
413 300.00
414 160.00
415 440.00
416 240.00
417 240.00
418 320.00
419 260.00
420 360.00
421 280.00
422 460.00
423 340.00
424 240.00
425 240.00
426 420.00
427 420.00
428 220.00
429 340.00
430 360.00
431 360.00
432 280.00
433 320.00
434 220.00
435 340.00
436 360.00
437 360.00
438 220.00
439 300.00
440 240.00
441 340.00
442 240.00
443 280.00
444 200.00
445 200.00
446 220.00
447 220.00
448 180.00
449 420.00
450 220.00
451 400.00
452 420.00
453 360.00
454 400.00
455 360.00
456 360.00
457 380.00
458 400.00
459 340.00
460 360.00
461 340.00
462 280.00
463 400.00
464 360.00
465 400.00
466 220.00
467 280.00
468 340.00
469 240.00
470 360.00
471 380.00
472 300.00
473 380.00
474 340.00
475 200.00
476 260.00
477 340.00
478 240.00
479 260.00
480 300.00
481 260.00
482 240.00
483 320.00
484 480.00
485 200.00
486 380.00
487 340.00
488 240.00
489 360.00
490 320.00
491 260.00
492 280.00
493 220.00
494 220.00
495 160.00
496 300.00
497 360.00
498 240.00
499 200.00
500 360.00
501 320.00
502 320.00
503 340.00
504 220.00
505 360.00
506 360.00
507 300.00
508 400.00
509 380.00
510 300.00
511 380.00
512 360.00
513 300.00
514 380.00
515 340.00
516 380.00
517 380.00
518 240.00
519 360.00
520 220.00
521 380.00
522 240.00
523 220.00
524 360.00
525 280.00
526 380.00
527 180.00
528 340.00
529 260.00
530 360.00
531 240.00
532 320.00
533 260.00
534 360.00
535 380.00
536 360.00
537 420.00
538 280.00
539 320.00
540 220.00
541 460.00
542 340.00
543 500.00
544 400.00
545 240.00
546 360.00
547 360.00
548 500.00
549 460.00
550 220.00
551 420.00
552 420.00
553 240.00
554 360.00
555 480.00
556 500.00
557 420.00
558 400.00
559 400.00
560 240.00
561 380.00
562 420.00
563 400.00
564 400.00
565 440.00
566 420.00
567 280.00
568 220.00
569 360.00
570 240.00
571 380.00
572 400.00
573 340.00
574 440.00
575 400.00
576 480.00
577 220.00
578 440.00
579 300.00
580 240.00
581 320.00
582 240.00
583 240.00
584 420.00
585 200.00
586 340.00
587 340.00
588 400.00
589 200.00
590 380.00
591 220.00
592 340.00
593 400.00
594 220.00
595 400.00
596 340.00
597 500.00
598 420.00
599 380.00
600 400.00
601 340.00
602 400.00
603 240.00
604 240.00
605 420.00
606 280.00
607 220.00
608 460.00
609 240.00
610 200.00
611 380.00
612 240.00
613 300.00
614 340.00
615 340.00
616 340.00
617 320.00
618 240.00
619 440.00
620 320.00
621 460.00
622 380.00
623 280.00
624 400.00
625 200.00
626 240.00
627 280.00
628 420.00
629 300.00
630 320.00
631 200.00
632 220.00
633 300.00
634 320.00
635 420.00
636 200.00
637 380.00
638 420.00
639 400.00
640 200.00
641 420.00
642 180.00
643 220.00
644 280.00
645 240.00
646 220.00
647 460.00
648 360.00
649 240.00
650 320.00
651 240.00
652 340.00
653 220.00
654 200.00
655 220.00
656 360.00
657 220.00
658 260.00
659 460.00
660 420.00
661 340.00
662 440.00
663 240.00
664 220.00
665 340.00
666 380.00
667 360.00
668 360.00
669 420.00
670 360.00
671 380.00
672 440.00
673 460.00
674 240.00
675 420.00
676 220.00
677 400.00
678 360.00
679 440.00
680 220.00
681 360.00
682 220.00
683 440.00
684 400.00
685 360.00
686 340.00
687 360.00
688 340.00
689 380.00
690 420.00
691 400.00
692 280.00
693 360.00
694 460.00
695 360.00
696 240.00
697 260.00
698 280.00
699 420.00
700 440.00
701 320.00
702 340.00
703 240.00
704 360.00
705 340.00
706 380.00
707 200.00
708 280.00
709 320.00
710 280.00
711 240.00
712 320.00
713 380.00
714 380.00
715 380.00
716 380.00
717 360.00
718 240.00
719 440.00
720 300.00
721 400.00
722 220.00
723 180.00
724 500.00
725 400.00
726 320.00
727 240.00
728 460.00
729 420.00
730 340.00
731 260.00
732 340.00
733 200.00
734 420.00
735 400.00
736 240.00
737 380.00
738 360.00
739 320.00
740 240.00
741 480.00
742 400.00
743 280.00
744 260.00
745 360.00
746 300.00
747 220.00
748 320.00
749 420.00
750 340.00
751 400.00
752 380.00
753 280.00
754 200.00
755 440.00
756 360.00
757 460.00
758 320.00
759 440.00
760 180.00
761 480.00
762 300.00
763 240.00
764 240.00
765 380.00
766 440.00
767 460.00
768 360.00
769 360.00
770 400.00
771 380.00
772 360.00
773 380.00
774 440.00
775 440.00
776 400.00
777 220.00
778 180.00
779 420.00
780 360.00
781 360.00
782 240.00
783 260.00
784 380.00
785 380.00
786 340.00
787 300.00
788 360.00
789 340.00
790 300.00
791 340.00
792 340.00
793 280.00
794 460.00
795 460.00
796 360.00
797 220.00
798 220.00
799 180.00
800 280.00
801 440.00
802 460.00
803 260.00
804 500.00
805 420.00
806 400.00
807 420.00
808 460.00
809 240.00
810 240.00
811 400.00
812 360.00
813 240.00
814 360.00
815 240.00
816 300.00
817 340.00
818 200.00
819 160.00
820 380.00
821 400.00
822 180.00
823 420.00
824 180.00
825 200.00
826 260.00
827 380.00
828 320.00
829 220.00
830 280.00
831 220.00
832 360.00
833 160.00
834 200.00
835 340.00
836 260.00
837 200.00
838 260.00
839 340.00
840 400.00
841 340.00
842 420.00
843 240.00
844 160.00
845 320.00
846 340.00
847 380.00
848 440.00
849 160.00
850 220.00
851 300.00
852 420.00
853 420.00
854 400.00
855 240.00
856 460.00
857 160.00
858 260.00
859 420.00
860 260.00
861 240.00
862 200.00
863 200.00
864 240.00
865 220.00
866 400.00
867 180.00
868 200.00
869 320.00
870 320.00
871 280.00
872 180.00
873 140.00
874 420.00
875 220.00
876 360.00
877 160.00
878 240.00
879 200.00
880 340.00
881 360.00
882 360.00
883 340.00
884 320.00
885 400.00
886 240.00
887 360.00
888 360.00
889 180.00
890 340.00
891 420.00
892 340.00
893 360.00
894 440.00
895 380.00
896 260.00
897 320.00
898 400.00
899 440.00
900 300.00
901 320.00
902 380.00
903 360.00
904 400.00
905 340.00
906 340.00
907 300.00
908 300.00
909 200.00
910 300.00
911 260.00
912 500.00
913 340.00
914 240.00
915 320.00
916 440.00
917 440.00
918 220.00
919 240.00
920 340.00
921 240.00
922 360.00
923 340.00
924 440.00
925 240.00
926 320.00
927 340.00
928 320.00
929 340.00
930 280.00
931 480.00
932 220.00
933 440.00
934 360.00
935 360.00
936 240.00
937 280.00
938 420.00
939 340.00
940 200.00
941 480.00
942 320.00
943 500.00
944 300.00
945 500.00
946 240.00
947 460.00
948 420.00
949 280.00
950 400.00
951 320.00
952 340.00
953 240.00
954 240.00
955 400.00
956 380.00
957 380.00
958 420.00
959 500.00
960 380.00
961 360.00
962 380.00
963 340.00
964 360.00
965 380.00
966 360.00
967 280.00
968 420.00
969 360.00
970 300.00
971 380.00
972 380.00
973 360.00
974 360.00
975 420.00
976 400.00
977 440.00
978 220.00
979 400.00
980 420.00
981 360.00
982 440.00
983 500.00
984 180.00
985 400.00
986 240.00
987 380.00
988 380.00
989 420.00
990 400.00
991 240.00
992 500.00
993 460.00
994 380.00
995 300.00
996 320.00
997 240.00
998 400.00
999 380.00
1000 340.00
1001 360.00
1002 300.00
1003 320.00
1004 260.00
1005 400.00
1006 240.00
1007 280.00
1008 360.00
1009 360.00
1010 180.00
1011 280.00
1012 220.00
1013 420.00
1014 300.00
1015 400.00
1016 380.00
1017 400.00
1018 300.00
1019 220.00
1020 280.00
1021 220.00
1022 400.00
1023 360.00
1024 260.00
1025 300.00
1026 220.00
1027 240.00
1028 360.00
1029 400.00
1030 400.00
1031 400.00
1032 500.00
1033 500.00
1034 360.00
1035 360.00
1036 380.00
1037 480.00
1038 320.00
1039 440.00
1040 400.00
1041 320.00
1042 320.00
1043 460.00
1044 500.00
1045 460.00
1046 480.00
1047 380.00
1048 460.00
1049 340.00
1050 260.00
1051 380.00
1052 500.00
1053 360.00
1054 360.00
1055 220.00
1056 220.00
1057 280.00
1058 260.00
1059 360.00
1060 320.00
1061 280.00
1062 200.00
1063 420.00
1064 340.00
1065 320.00
1066 240.00
1067 380.00
1068 320.00
1069 160.00
1070 420.00
1071 300.00
1072 400.00
1073 220.00
1074 200.00
1075 260.00
1076 380.00
1077 440.00
1078 180.00
1079 240.00
1080 380.00
1081 380.00
1082 360.00
1083 380.00
1084 320.00
1085 180.00
1086 200.00
1087 280.00
1088 380.00
1089 240.00
1090 380.00
1091 400.00
1092 200.00
1093 200.00
1094 300.00
1095 440.00
1096 440.00
1097 420.00
1098 440.00
1099 240.00
1100 180.00
1101 200.00
1102 320.00
1103 440.00
1104 400.00
1105 260.00
1106 420.00
1107 240.00
1108 240.00
1109 400.00
1110 440.00
1111 480.00
1112 280.00
1113 420.00
1114 460.00
1115 460.00
1116 440.00
1117 240.00
1118 400.00
1119 500.00
1120 280.00
1121 380.00
1122 300.00
1123 340.00
1124 260.00
1125 380.00
1126 200.00
1127 500.00
1128 320.00
1129 320.00
1130 240.00
1131 340.00
1132 460.00
1133 320.00
1134 340.00
1135 420.00
1136 220.00
1137 200.00
1138 240.00
1139 260.00
1140 260.00
1141 380.00
1142 420.00
1143 400.00
1144 280.00
1145 240.00
1146 480.00
1147 320.00
1148 420.00
1149 400.00
1150 420.00
1151 220.00
1152 400.00
1153 480.00
1154 460.00
1155 500.00
1156 380.00
1157 460.00
1158 220.00
1159 420.00
1160 460.00
1161 360.00
1162 400.00
1163 420.00
1164 460.00
1165 260.00
1166 440.00
1167 440.00
1168 500.00
1169 480.00
1170 200.00
1171 360.00
1172 500.00
1173 420.00
1174 400.00
1175 480.00
1176 280.00
1177 220.00
1178 240.00
1179 200.00
1180 260.00
1181 480.00
1182 440.00
1183 240.00
1184 400.00
1185 440.00
1186 220.00
1187 260.00
1188 420.00
1189 360.00
1190 420.00
1191 440.00
1192 400.00
1193 460.00
1194 380.00
1195 420.00
1196 240.00
1197 240.00
1198 200.00
1199 440.00
1200 380.00
1201 320.00
1202 460.00
1203 420.00
1204 500.00
1205 480.00
1206 200.00
1207 260.00
1208 380.00
1209 480.00
1210 280.00
1211 380.00
1212 240.00
1213 320.00
1214 360.00
1215 400.00
1216 220.00
1217 420.00
1218 380.00
1219 260.00
1220 440.00
1221 360.00
1222 360.00
1223 380.00
1224 320.00
1225 220.00
1226 220.00
1227 420.00
1228 360.00
1229 440.00
1230 420.00
1231 440.00
1232 480.00
1233 440.00
1234 460.00
1235 420.00
1236 480.00
1237 240.00
1238 300.00
1239 200.00
1240 440.00
1241 200.00
1242 360.00
1243 220.00
1244 500.00
1245 240.00
1246 380.00
1247 420.00
1248 300.00
1249 360.00
1250 220.00
1251 220.00
1252 400.00
1253 420.00
1254 180.00
1255 400.00
1256 460.00
1257 400.00
1258 440.00
1259 460.00
1260 220.00
1261 260.00
1262 400.00
1263 460.00
1264 440.00
1265 400.00
1266 480.00
1267 280.00
1268 480.00
1269 360.00
1270 380.00
1271 380.00
1272 480.00
1273 500.00
1274 480.00
1275 460.00
1276 440.00
1277 240.00
1278 500.00
1279 240.00
1280 420.00
1281 260.00
1282 360.00
1283 400.00
1284 200.00
1285 220.00
1286 400.00
1287 480.00
1288 500.00
1289 380.00
1290 400.00
1291 500.00
1292 400.00
1293 400.00
1294 200.00
1295 480.00
1296 300.00
1297 380.00
1298 420.00
1299 480.00
1300 420.00
1301 400.00
1302 500.00
1303 380.00
1304 220.00
1305 340.00
1306 200.00
1307 240.00
1308 260.00
1309 240.00
1310 280.00
1311 400.00
1312 440.00
1313 340.00
1314 420.00
1315 500.00
1316 400.00
1317 400.00
1318 440.00
1319 500.00
1320 400.00
1321 460.00
1322 200.00
1323 460.00
1324 460.00
1325 500.00
1326 480.00
1327 360.00
1328 400.00
1329 220.00
1330 440.00
1331 280.00
1332 460.00
1333 240.00
1334 360.00
1335 480.00
1336 340.00
1337 340.00
1338 440.00
1339 380.00
1340 240.00
1341 460.00
1342 340.00
1343 420.00
1344 420.00
1345 280.00
1346 340.00
1347 300.00
1348 220.00
1349 380.00
1350 460.00
1351 500.00
1352 220.00
1353 200.00
1354 260.00
1355 380.00
1356 320.00
1357 380.00
1358 400.00
1359 180.00
1360 400.00
1361 360.00
1362 400.00
1363 360.00
1364 420.00
1365 420.00
1366 400.00
1367 300.00
1368 360.00
1369 460.00
1370 500.00
1371 220.00
1372 400.00
1373 420.00
1374 420.00
1375 440.00
1376 320.00
1377 400.00
1378 480.00
1379 440.00
1380 200.00
1381 480.00
1382 240.00
1383 240.00
1384 360.00
1385 240.00
1386 420.00
1387 360.00
1388 400.00
1389 340.00
1390 420.00
1391 420.00
1392 460.00
1393 220.00
1394 460.00
1395 240.00
1396 220.00
1397 480.00
1398 280.00
1399 240.00
1400 460.00
1401 500.00
1402 300.00
1403 360.00
1404 500.00
1405 220.00
1406 460.00
1407 460.00
1408 400.00
1409 480.00
1410 320.00
1411 380.00
1412 320.00
1413 440.00
1414 360.00
1415 340.00
1416 300.00
1417 340.00
1418 340.00
1419 400.00
1420 300.00
1421 360.00
1422 320.00
1423 460.00
1424 420.00
1425 500.00
1426 460.00
1427 300.00
1428 300.00
1429 340.00
1430 380.00
1431 300.00
1432 200.00
1433 220.00
1434 380.00
1435 320.00
1436 300.00
1437 220.00
1438 260.00
1439 440.00
1440 380.00
1441 260.00
1442 480.00
1443 480.00
1444 220.00
1445 420.00
1446 340.00
1447 400.00
1448 280.00
1449 420.00
1450 400.00
1451 380.00
1452 460.00
1453 220.00
1454 400.00
1455 240.00
1456 360.00
1457 460.00
1458 400.00
1459 440.00
1460 260.00
1461 420.00
1462 480.00
1463 320.00
1464 460.00
1465 420.00
1466 220.00
1467 200.00
1468 200.00
1469 220.00
1470 500.00
1471 260.00
1472 160.00
1473 200.00
1474 300.00
1475 240.00
1476 160.00
1477 180.00
1478 200.00
1479 200.00
1480 400.00
1481 180.00
1482 280.00
1483 160.00
1484 240.00
1485 340.00
1486 440.00
1487 280.00
1488 300.00
1489 480.00
1490 340.00
1491 60.00
1492 440.00
1493 220.00
1494 460.00
1495 420.00
1496 200.00
1497 440.00
1498 420.00
1499 200.00
1500 360.00
1501 260.00
1502 380.00
1503 400.00
1504 440.00
1505 340.00
1506 220.00
1507 360.00
1508 120.00
1509 300.00
1510 440.00
1511 400.00
1512 380.00
1513 280.00
1514 400.00
1515 440.00
1516 400.00
1517 500.00
1518 440.00
1519 440.00
1520 280.00
1521 260.00
1522 400.00
1523 200.00
1524 180.00
1525 260.00
1526 360.00
1527 400.00
1528 400.00
1529 360.00
1530 320.00
1531 380.00
1532 440.00
1533 160.00
1534 400.00
1535 340.00
1536 480.00
1537 500.00
1538 220.00
1539 460.00
1540 360.00
1541 300.00
1542 220.00
1543 460.00
1544 220.00
1545 480.00
1546 260.00
1547 480.00
1548 480.00
1549 420.00
1550 420.00
1551 440.00
1552 440.00
1553 480.00
1554 220.00
1555 240.00
1556 500.00
1557 480.00
1558 480.00
1559 300.00
1560 460.00
1561 240.00
1562 300.00
1563 260.00
1564 380.00
1565 300.00
1566 460.00
1567 440.00
1568 240.00
1569 420.00
1570 500.00
1571 220.00
1572 480.00
1573 500.00
1574 280.00
1575 420.00
1576 440.00
1577 380.00
1578 260.00
1579 460.00
1580 360.00
1581 480.00
1582 400.00
1583 420.00
1584 440.00
1585 440.00
1586 320.00
1587 480.00
1588 320.00
1589 400.00
1590 460.00
1591 420.00
1592 340.00
1593 400.00
1594 260.00
1595 240.00
1596 340.00
1597 260.00
1598 260.00
1599 360.00
1600 380.00
1601 380.00
1602 420.00
1603 400.00
1604 460.00
1605 440.00
1606 440.00
1607 380.00
1608 460.00
1609 360.00
1610 400.00
1611 380.00
1612 260.00
1613 420.00
1614 400.00
1615 380.00
1616 240.00
1617 420.00
1618 220.00
1619 420.00
1620 400.00
1621 440.00
1622 380.00
1623 500.00
1624 360.00
1625 440.00
1626 360.00
1627 440.00
1628 340.00
1629 400.00
1630 400.00
1631 440.00
1632 420.00
1633 380.00
1634 220.00
1635 420.00
1636 340.00
1637 200.00
1638 420.00
1639 420.00
1640 400.00
1641 400.00
1642 460.00
1643 480.00
1644 240.00
1645 500.00
1646 420.00
1647 400.00
1648 420.00
1649 440.00
1650 480.00
1651 220.00
1652 220.00
1653 440.00
1654 400.00
1655 400.00
1656 140.00
1657 420.00
1658 360.00
1659 380.00
1660 460.00
1661 500.00
1662 240.00
1663 240.00
1664 300.00
1665 460.00
1666 260.00
1667 340.00
1668 460.00
1669 420.00
1670 460.00
1671 180.00
1672 260.00
1673 480.00
1674 200.00
1675 280.00
1676 400.00
1677 500.00
1678 200.00
1679 380.00
1680 400.00
1681 200.00
1682 380.00
1683 280.00
1684 360.00
1685 300.00
1686 220.00
1687 500.00
1688 440.00
1689 400.00
1690 300.00
1691 400.00
1692 340.00
1693 400.00
1694 400.00
1695 500.00
1696 380.00
1697 500.00
1698 260.00
1699 260.00
1700 500.00
1701 380.00
1702 460.00
1703 340.00
1704 440.00
1705 200.00
1706 280.00
1707 480.00
1708 400.00
1709 480.00
1710 440.00
1711 440.00
1712 420.00
1713 500.00
1714 480.00
1715 400.00
1716 220.00
1717 220.00
1718 400.00
1719 420.00
1720 460.00
1721 460.00
1722 480.00
1723 480.00
1724 460.00
1725 440.00
1726 380.00
1727 440.00
1728 480.00
1729 240.00
1730 460.00
1731 380.00
1732 260.00
1733 440.00
1734 420.00
1735 480.00
1736 260.00
1737 280.00
1738 460.00
1739 240.00
1740 480.00
1741 420.00
1742 200.00
1743 320.00
1744 400.00
1745 400.00
1746 300.00
1747 180.00
1748 500.00
1749 200.00
1750 320.00
1751 420.00
1752 420.00
1753 200.00
1754 240.00
1755 380.00
1756 480.00
1757 400.00
1758 440.00
1759 440.00
1760 420.00
1761 440.00
1762 460.00
1763 420.00
1764 340.00
1765 200.00
1766 440.00
1767 320.00
1768 180.00
1769 420.00
1770 440.00
1771 420.00
1772 380.00
1773 240.00
1774 360.00
1775 420.00
1776 320.00
1777 400.00
1778 440.00
1779 480.00
1780 320.00
1781 480.00
1782 240.00
1783 380.00
1784 160.00
1785 460.00
1786 240.00
1787 500.00
1788 300.00
1789 200.00
1790 440.00
1791 420.00
1792 500.00
1793 240.00
1794 220.00
1795 480.00
1796 400.00
1797 380.00
1798 500.00
1799 380.00
1800 480.00
1801 220.00
1802 360.00
1803 240.00
1804 420.00
1805 340.00
1806 320.00
1807 500.00
1808 340.00
1809 200.00
1810 420.00
1811 200.00
1812 300.00
1813 300.00
1814 440.00
1815 480.00
1816 380.00
1817 380.00
1818 480.00
1819 480.00
1820 360.00
1821 400.00
1822 440.00
1823 260.00
1824 240.00
1825 340.00
1826 360.00
1827 360.00
1828 440.00
1829 500.00
1830 360.00
1831 460.00
1832 340.00
1833 280.00
1834 480.00
1835 420.00
1836 460.00
1837 420.00
1838 260.00
1839 380.00
1840 380.00
1841 360.00
1842 500.00
1843 460.00
1844 400.00
1845 460.00
1846 500.00
1847 260.00
1848 460.00
1849 460.00
1850 260.00
1851 280.00
1852 320.00
1853 180.00
1854 400.00
1855 440.00
1856 460.00
1857 460.00
1858 340.00
1859 260.00
1860 400.00
1861 180.00
1862 400.00
1863 280.00
1864 360.00
1865 340.00
1866 460.00
1867 360.00
1868 400.00
1869 220.00
1870 400.00
1871 380.00
1872 480.00
1873 420.00
1874 420.00
1875 240.00
1876 340.00
1877 260.00
1878 380.00
1879 500.00
1880 260.00
1881 380.00
1882 380.00
1883 320.00
1884 440.00
1885 240.00
1886 200.00
1887 400.00
1888 440.00
1889 220.00
1890 440.00
1891 140.00
1892 420.00
1893 360.00
1894 440.00
1895 400.00
1896 260.00
1897 380.00
1898 500.00
1899 380.00
1900 400.00
1901 240.00
1902 440.00
1903 400.00
1904 440.00
1905 240.00
1906 340.00
1907 460.00
1908 360.00
1909 480.00
1910 220.00
1911 500.00
1912 500.00
1913 380.00
1914 220.00
1915 240.00
1916 300.00
1917 480.00
1918 260.00
1919 220.00
1920 400.00
1921 400.00
1922 360.00
1923 280.00
1924 360.00
1925 500.00
1926 280.00
1927 340.00
1928 220.00
1929 420.00
1930 420.00
1931 340.00
1932 120.00
1933 360.00
1934 360.00
1935 420.00
1936 320.00
1937 420.00
1938 320.00
1939 500.00
1940 300.00
1941 280.00
1942 340.00
1943 440.00
1944 200.00
1945 480.00
1946 380.00
1947 360.00
1948 220.00
1949 440.00
1950 400.00
1951 260.00
1952 320.00
1953 320.00
1954 340.00
1955 280.00
1956 480.00
1957 360.00
1958 400.00
1959 480.00
1960 460.00
1961 360.00
1962 220.00
1963 280.00
1964 320.00
1965 500.00
1966 240.00
1967 400.00
1968 460.00
1969 440.00
1970 340.00
1971 500.00
1972 480.00
1973 240.00
1974 340.00
1975 340.00
1976 420.00
1977 380.00
1978 420.00
1979 180.00
1980 320.00
1981 400.00
1982 440.00
1983 360.00
1984 500.00
1985 240.00
1986 400.00
1987 320.00
1988 240.00
1989 420.00
1990 380.00
1991 160.00
1992 220.00
1993 440.00
1994 460.00
1995 240.00
1996 380.00
1997 240.00
1998 160.00
1999 420.00
2000 500.00
2001 420.00
2002 500.00
2003 240.00
2004 500.00
2005 240.00
2006 220.00
2007 480.00
2008 240.00
2009 220.00
2010 460.00
2011 180.00
2012 380.00
2013 360.00
2014 420.00
2015 380.00
2016 380.00
2017 240.00
2018 440.00
2019 460.00
2020 440.00
2021 240.00
2022 380.00
2023 240.00
2024 200.00
2025 180.00
2026 260.00
2027 460.00
2028 420.00
2029 360.00
2030 440.00
2031 380.00
2032 360.00
2033 220.00
2034 260.00
2035 420.00
2036 480.00
2037 280.00
2038 180.00
2039 260.00
2040 300.00
2041 480.00
2042 400.00
2043 240.00
2044 380.00
2045 340.00
2046 400.00
2047 460.00
2048 400.00
2049 260.00
2050 440.00
2051 420.00
2052 480.00
2053 200.00
2054 240.00
2055 460.00
2056 460.00
2057 400.00
2058 280.00
2059 200.00
2060 460.00
2061 400.00
2062 220.00
2063 220.00
2064 180.00
2065 320.00
2066 440.00
2067 440.00
2068 400.00
2069 480.00
2070 240.00
2071 300.00
2072 280.00
2073 220.00
2074 440.00
2075 400.00
2076 160.00
2077 380.00
2078 400.00
2079 340.00
2080 460.00
2081 440.00
2082 220.00
2083 420.00
2084 180.00
2085 400.00
2086 440.00
2087 480.00
2088 380.00
2089 400.00
2090 400.00
2091 200.00
2092 360.00
2093 240.00
2094 400.00
2095 300.00
2096 380.00
2097 480.00
2098 100.00
2099 420.00
2100 320.00
2101 260.00
2102 340.00
2103 500.00
2104 340.00
2105 300.00
2106 420.00
2107 320.00
2108 400.00
2109 240.00
2110 380.00
2111 400.00
2112 220.00
2113 500.00
2114 500.00
2115 160.00
2116 460.00
2117 480.00
2118 420.00
2119 260.00
2120 280.00
2121 480.00
2122 400.00
2123 440.00
2124 240.00
2125 300.00
2126 260.00
2127 480.00
2128 500.00
2129 380.00
2130 480.00
2131 420.00
2132 380.00
2133 500.00
2134 240.00
2135 480.00
2136 500.00
2137 360.00
2138 220.00
2139 220.00
2140 420.00
2141 220.00
2142 420.00
2143 240.00
2144 440.00
2145 280.00
2146 420.00
2147 220.00
2148 480.00
2149 200.00
2150 420.00
2151 460.00
2152 480.00
2153 220.00
2154 420.00
2155 420.00
2156 360.00
2157 400.00
2158 200.00
2159 400.00
2160 320.00
2161 460.00
2162 480.00
2163 420.00
2164 240.00
2165 200.00
2166 220.00
2167 460.00
2168 320.00
2169 380.00
2170 220.00
2171 380.00
2172 400.00
2173 460.00
2174 420.00
2175 460.00
2176 480.00
2177 440.00
2178 220.00
2179 440.00
2180 460.00
2181 240.00
2182 420.00
2183 500.00
2184 440.00
2185 300.00
2186 380.00
2187 240.00
2188 200.00
2189 360.00
2190 280.00
2191 380.00
2192 400.00
2193 360.00
2194 320.00
2195 320.00
2196 240.00
2197 460.00
2198 300.00
2199 440.00
2200 460.00
2201 220.00
2202 400.00
2203 280.00
2204 480.00
2205 340.00
2206 260.00
2207 420.00
2208 400.00
2209 440.00
2210 460.00
2211 280.00
2212 420.00
2213 440.00
2214 300.00
2215 380.00
2216 460.00
2217 360.00
2218 240.00
2219 200.00
2220 360.00
2221 320.00
2222 360.00
2223 400.00
2224 480.00
2225 240.00
2226 260.00
2227 460.00
2228 300.00
2229 220.00
2230 500.00
2231 220.00
2232 220.00
2233 440.00
2234 380.00
2235 220.00
2236 420.00
2237 460.00
2238 500.00
2239 420.00
2240 200.00
2241 260.00
2242 340.00
2243 440.00
2244 480.00
2245 400.00
2246 200.00
2247 380.00
2248 420.00
2249 440.00
2250 240.00
2251 200.00
2252 480.00
2253 220.00
2254 440.00
2255 300.00
2256 380.00
2257 220.00
2258 380.00
2259 420.00
2260 500.00
2261 200.00
2262 340.00
2263 480.00
2264 320.00
2265 200.00
2266 400.00
2267 360.00
2268 340.00
2269 240.00
2270 360.00
2271 340.00
2272 400.00
2273 400.00
2274 200.00
2275 380.00
2276 460.00
2277 440.00
2278 280.00
2279 460.00
2280 480.00
2281 380.00
2282 480.00
2283 260.00
2284 500.00
2285 200.00
2286 500.00
2287 420.00
2288 220.00
2289 380.00
2290 220.00
2291 500.00
2292 440.00
2293 420.00
2294 440.00
2295 280.00
2296 280.00
2297 380.00
2298 280.00
2299 480.00
2300 460.00
2301 460.00
2302 400.00
2303 460.00
2304 480.00
2305 480.00
2306 240.00
2307 420.00
2308 260.00
2309 440.00
2310 200.00
2311 300.00
2312 440.00
2313 400.00
2314 440.00
2315 400.00
2316 260.00
2317 340.00
2318 160.00
2319 500.00
2320 260.00
2321 460.00
2322 460.00
2323 420.00
2324 480.00
2325 440.00
2326 480.00
2327 480.00
2328 200.00
2329 240.00
2330 420.00
2331 240.00
2332 380.00
2333 500.00
2334 240.00
2335 380.00
2336 440.00
2337 480.00
2338 200.00
2339 440.00
2340 500.00
2341 240.00
2342 220.00
2343 360.00
2344 440.00
2345 300.00
2346 380.00
2347 160.00
2348 400.00
2349 360.00
2350 200.00
2351 300.00
2352 160.00
2353 360.00
2354 380.00
2355 500.00
2356 320.00
2357 400.00
2358 240.00
2359 420.00
2360 340.00
2361 460.00
2362 460.00
2363 400.00
2364 420.00
2365 280.00
2366 420.00
2367 260.00
2368 420.00
2369 340.00
2370 240.00
2371 160.00
2372 280.00
2373 500.00
2374 440.00
2375 400.00
2376 380.00
2377 500.00
2378 440.00
2379 200.00
2380 460.00
2381 360.00
2382 200.00
2383 320.00
2384 160.00
2385 480.00
2386 460.00
2387 400.00
2388 220.00
2389 260.00
2390 360.00
2391 340.00
2392 220.00
2393 400.00
2394 380.00
2395 240.00
2396 360.00
2397 160.00
2398 240.00
2399 460.00
2400 380.00
2401 400.00
2402 500.00
2403 260.00
2404 360.00
2405 380.00
2406 400.00
2407 440.00
2408 380.00
2409 380.00
2410 320.00
2411 260.00
2412 480.00
2413 460.00
2414 400.00
2415 380.00
2416 380.00
2417 440.00
2418 380.00
2419 500.00
2420 480.00
2421 220.00
2422 400.00
2423 240.00
2424 180.00
2425 380.00
2426 200.00
2427 160.00
2428 360.00
2429 500.00
2430 400.00
2431 180.00
2432 360.00
2433 400.00
2434 360.00
2435 420.00
2436 500.00
2437 400.00
2438 200.00
2439 500.00
2440 300.00
2441 420.00
2442 400.00
2443 340.00
2444 400.00
2445 240.00
2446 400.00
2447 340.00
2448 240.00
2449 280.00
2450 460.00
2451 420.00
2452 360.00
2453 480.00
2454 460.00
2455 460.00
2456 480.00
2457 220.00
2458 460.00
2459 180.00
2460 420.00
2461 220.00
2462 220.00
2463 420.00
2464 380.00
2465 360.00
2466 480.00
2467 380.00
2468 420.00
2469 480.00
2470 220.00
2471 400.00
2472 500.00
2473 460.00
2474 240.00
2475 300.00
2476 420.00
2477 240.00
2478 480.00
2479 480.00
2480 400.00
2481 480.00
2482 360.00
2483 420.00
2484 280.00
2485 460.00
2486 380.00
2487 420.00
2488 340.00
2489 220.00
2490 480.00
2491 360.00
2492 480.00
2493 320.00
2494 200.00
2495 380.00
2496 460.00
2497 160.00
2498 480.00
2499 460.00
2500 180.00
2501 460.00
2502 340.00
2503 420.00
2504 160.00
2505 380.00
2506 240.00
2507 260.00
2508 300.00
2509 360.00
2510 380.00
2511 300.00
2512 280.00
2513 340.00
2514 420.00
2515 400.00
2516 300.00
2517 440.00
2518 360.00
2519 400.00
2520 420.00
2521 440.00
2522 220.00
2523 280.00
2524 120.00
2525 320.00
2526 460.00
2527 380.00
2528 480.00
2529 400.00
2530 440.00
2531 420.00
2532 240.00
2533 480.00
2534 420.00
2535 440.00
2536 280.00
2537 480.00
2538 500.00
2539 480.00
2540 420.00
2541 180.00
2542 440.00
2543 500.00
2544 460.00
2545 420.00
2546 260.00
2547 440.00
2548 200.00
2549 280.00
2550 500.00
2551 240.00
2552 220.00
2553 300.00
2554 280.00
2555 480.00
2556 460.00
2557 420.00
2558 380.00
2559 400.00
2560 460.00
2561 200.00
2562 400.00
2563 340.00
2564 400.00
2565 440.00
2566 240.00
2567 320.00
2568 220.00
2569 380.00
2570 420.00
2571 160.00
2572 460.00
2573 460.00
2574 440.00
2575 200.00
2576 500.00
2577 280.00
2578 420.00
2579 400.00
2580 360.00
2581 380.00
2582 280.00
2583 420.00
2584 460.00
2585 460.00
2586 380.00
2587 500.00
2588 240.00
2589 480.00
2590 400.00
2591 440.00
2592 400.00
2593 460.00
2594 360.00
2595 280.00
2596 440.00
2597 320.00
2598 400.00
2599 340.00
2600 400.00
2601 420.00
2602 480.00
2603 500.00
2604 440.00
2605 480.00
2606 500.00
2607 260.00
2608 500.00
2609 280.00
2610 220.00
2611 400.00
2612 200.00
2613 180.00
2614 380.00
2615 360.00
2616 380.00
2617 300.00
2618 380.00
2619 480.00
2620 440.00
2621 400.00
2622 460.00
2623 440.00
2624 260.00
2625 460.00
2626 380.00
2627 440.00
2628 400.00
2629 260.00
2630 220.00
2631 320.00
2632 340.00
2633 340.00
2634 420.00
2635 380.00
2636 340.00
2637 420.00
2638 480.00
2639 360.00
2640 180.00
2641 460.00
2642 440.00
2643 160.00
2644 340.00
2645 500.00
2646 460.00
2647 380.00
2648 220.00
2649 420.00
2650 320.00
2651 440.00
2652 260.00
2653 480.00
2654 340.00
2655 360.00
2656 460.00
2657 420.00
2658 340.00
2659 320.00
2660 220.00
2661 500.00
2662 220.00
2663 460.00
2664 420.00
2665 220.00
2666 440.00
2667 440.00
2668 400.00
2669 340.00
2670 320.00
2671 320.00
2672 340.00
2673 500.00
2674 420.00
2675 360.00
2676 320.00
2677 280.00
2678 480.00
2679 180.00
2680 200.00
2681 440.00
2682 420.00
2683 420.00
2684 360.00
2685 460.00
2686 380.00
2687 220.00
2688 420.00
2689 200.00
2690 400.00
2691 240.00
2692 120.00
2693 160.00
2694 340.00
2695 420.00
2696 320.00
2697 360.00
2698 400.00
2699 380.00
2700 500.00
2701 500.00
2702 480.00
2703 380.00
2704 440.00
2705 480.00
2706 380.00
2707 420.00
2708 200.00
2709 360.00
2710 240.00
2711 340.00
2712 460.00
2713 300.00
2714 300.00
2715 180.00
2716 380.00
2717 300.00
2718 220.00
2719 360.00
2720 240.00
2721 340.00
2722 380.00
2723 420.00
2724 440.00
2725 480.00
2726 360.00
2727 400.00
2728 220.00
2729 500.00
2730 460.00
2731 440.00
2732 420.00
2733 400.00
2734 480.00
2735 380.00
2736 460.00
2737 460.00
2738 460.00
2739 420.00
2740 200.00
2741 420.00
2742 380.00
2743 440.00
2744 480.00
2745 200.00
2746 340.00
2747 380.00
2748 400.00
2749 200.00
2750 460.00
2751 400.00
2752 420.00
2753 460.00
2754 420.00
2755 500.00
2756 260.00
2757 380.00
2758 440.00
2759 260.00
2760 360.00
2761 220.00
2762 340.00
2763 500.00
2764 180.00
2765 380.00
2766 300.00
2767 380.00
2768 420.00
2769 380.00
2770 440.00
2771 340.00
2772 200.00
2773 440.00
2774 260.00
2775 220.00
2776 340.00
2777 320.00
2778 220.00
2779 380.00
2780 260.00
2781 420.00
2782 420.00
2783 200.00
2784 220.00
2785 420.00
2786 320.00
2787 440.00
2788 400.00
2789 400.00
2790 340.00
2791 400.00
2792 440.00
2793 420.00
2794 200.00
2795 360.00
2796 480.00
2797 180.00
2798 200.00
2799 380.00
2800 340.00
2801 360.00
2802 460.00
2803 460.00
2804 380.00
2805 480.00
2806 480.00
2807 460.00
2808 360.00
2809 400.00
2810 220.00
2811 440.00
2812 460.00
2813 400.00
2814 340.00
2815 440.00
2816 180.00
2817 500.00
2818 220.00
2819 380.00
2820 260.00
2821 400.00
2822 420.00
2823 240.00
2824 380.00
2825 200.00
2826 460.00
2827 440.00
2828 440.00
2829 340.00
2830 180.00
2831 400.00
2832 400.00
2833 200.00
2834 440.00
2835 460.00
2836 240.00
2837 200.00
2838 220.00
2839 380.00
2840 460.00
2841 500.00
2842 360.00
2843 420.00
2844 380.00
2845 480.00
2846 500.00
2847 440.00
2848 200.00
2849 420.00
2850 400.00
2851 480.00
2852 400.00
2853 380.00
2854 460.00
2855 240.00
2856 460.00
2857 440.00
2858 400.00
2859 300.00
2860 440.00
2861 440.00
2862 440.00
2863 240.00
2864 360.00
2865 420.00
2866 460.00
2867 460.00
2868 400.00
2869 400.00
2870 340.00
2871 400.00
2872 240.00
2873 220.00
2874 440.00
2875 420.00
2876 240.00
2877 440.00
2878 200.00
2879 440.00
2880 360.00
2881 280.00
2882 480.00
2883 420.00
2884 460.00
2885 500.00
2886 480.00
2887 380.00
2888 460.00
2889 220.00
2890 320.00
2891 460.00
2892 500.00
2893 460.00
2894 220.00
2895 440.00
2896 440.00
2897 380.00
2898 440.00
2899 400.00
2900 320.00
2901 480.00
2902 400.00
2903 260.00
2904 460.00
2905 340.00
2906 240.00
2907 380.00
2908 460.00
2909 400.00
2910 440.00
2911 480.00
2912 360.00
2913 380.00
2914 240.00
2915 380.00
2916 340.00
2917 240.00
2918 360.00
2919 440.00
2920 400.00
2921 360.00
2922 440.00
2923 480.00
2924 420.00
2925 460.00
2926 320.00
2927 500.00
2928 420.00
2929 180.00
2930 280.00
2931 420.00
2932 500.00
2933 480.00
2934 480.00
2935 480.00
2936 340.00
2937 380.00
2938 440.00
2939 360.00
2940 460.00
2941 420.00
2942 160.00
2943 480.00
2944 360.00
2945 220.00
2946 380.00
2947 440.00
2948 360.00
2949 460.00
2950 240.00
2951 460.00
2952 320.00
2953 440.00
2954 440.00
2955 400.00
2956 360.00
2957 340.00
2958 500.00
2959 460.00
2960 460.00
2961 480.00
2962 220.00
2963 400.00
2964 480.00
2965 260.00
2966 400.00
2967 440.00
2968 460.00
2969 380.00
2970 440.00
2971 220.00
2972 380.00
2973 420.00
2974 440.00
2975 400.00
2976 460.00
2977 480.00
2978 460.00
2979 420.00
2980 220.00
2981 420.00
2982 180.00
2983 440.00
2984 200.00
2985 280.00
2986 400.00
2987 480.00
2988 280.00
2989 480.00
2990 440.00
2991 480.00
2992 440.00
2993 440.00
2994 220.00
2995 400.00
2996 260.00
2997 440.00
2998 360.00
2999 420.00
