0 -0.08
30 0.23
60 0.04
90 -0.03
120 0.24
150 0.33
180 -0.12
210 0.19
240 0.26
270 0.15
300 0.21
330 0.12
360 0.22
390 0.14
420 0.15
450 0.29
480 0.39
510 0.32
540 0.36
570 0.20
600 0.26
630 0.38
660 0.31
690 0.35
720 0.38
750 0.37
780 0.38
810 0.38
840 0.35
870 0.41
900 0.42
930 0.26
960 0.37
990 0.39
1020 0.40
1050 0.31
1080 0.41
1110 0.35
1140 0.37
1170 0.39
1200 0.30
1230 0.37
1260 0.37
1290 0.34
1320 0.26
1350 0.34
1380 0.44
1410 0.30
1440 0.21
1470 0.37
1500 0.35
1530 0.41
1560 0.37
1590 0.34
1620 0.20
1650 0.35
1680 0.29
1710 0.42
1740 0.45
1770 0.37
1800 0.41
1830 0.23
1860 0.37
1890 0.42
1920 0.40
1950 0.40
1980 0.39
2010 0.36
2040 0.46
2070 0.42
2100 0.41
2130 0.39
2160 0.36
2190 0.38
2220 0.38
2250 0.41
2280 0.36
2310 0.35
2340 0.38
2370 0.42
2400 0.40
2430 0.42
2460 0.35
2490 0.42
2520 0.44
2550 0.43
2580 0.35
2610 0.38
2640 0.44
2670 0.42
2700 0.39
2730 0.41
2760 0.42
2790 0.41
2820 0.41
2850 0.37
2880 0.40
2910 0.39
2940 0.37
2970 0.43
