0 -0.34
1 -0.34
2 -0.34
3 -0.11
4 -0.01
5 -0.17
6 -0.16
7 -0.25
8 0.10
9 -0.21
10 0.49
11 -0.32
12 0.49
13 0.46
14 0.49
15 0.49
16 -0.31
17 -0.28
18 0.49
19 -0.21
20 0.49
21 -0.28
22 -0.09
23 0.44
24 -0.12
25 0.49
26 0.49
27 0.49
28 0.46
29 -0.32
30 0.44
31 0.49
32 0.49
33 0.49
34 0.44
35 0.31
36 0.49
37 0.46
38 -0.29
39 0.49
40 0.44
41 -0.17
42 0.46
43 0.49
44 0.49
45 -0.32
46 0.36
47 -0.28
48 0.49
49 0.42
50 -0.31
51 -0.07
52 -0.10
53 -0.11
54 0.05
55 -0.36
56 -0.29
57 -0.23
58 -0.32
59 -0.04
60 0.23
61 -0.36
62 -0.29
63 0.49
64 0.09
65 -0.36
66 0.44
67 -0.32
68 0.49
69 0.49
70 0.46
71 0.49
72 -0.05
73 0.46
74 0.49
75 0.46
76 -0.26
77 -0.29
78 0.46
79 -0.34
80 0.49
81 0.49
82 -0.25
83 0.49
84 -0.29
85 -0.34
86 0.46
87 0.49
88 0.49
89 0.49
90 -0.10
91 0.46
92 0.46
93 -0.34
94 -0.34
95 -0.15
96 -0.08
97 -0.21
98 -0.20
99 -0.28
100 0.46
101 -0.20
102 -0.36
103 -0.19
104 -0.26
105 -0.17
106 -0.28
107 -0.23
108 0.46
109 0.49
110 0.49
111 -0.36
112 0.49
113 0.49
114 -0.24
115 0.49
116 0.49
117 -0.29
118 0.49
119 0.40
120 0.44
121 0.49
122 -0.12
123 0.49
124 0.49
125 0.49
126 0.49
127 0.49
128 -0.29
129 0.46
130 -0.20
131 -0.31
132 -0.24
133 0.49
134 -0.34
135 -0.12
136 0.46
137 -0.25
138 -0.34
139 -0.12
140 -0.29
141 -0.28
142 -0.25
143 -0.15
144 0.44
145 0.40
146 0.49
147 0.46
148 -0.28
149 0.49
150 -0.28
151 0.49
152 -0.09
153 0.44
154 -0.34
155 0.49
156 0.49
157 0.49
158 0.49
159 0.49
160 0.49
161 0.49
162 0.49
163 -0.38
164 0.28
165 0.44
166 -0.29
167 -0.20
168 0.49
169 -0.29
170 0.49
171 -0.29
172 0.49
173 0.49
174 0.49
175 0.44
176 -0.21
177 0.49
178 0.49
179 0.49
180 0.49
181 -0.28
182 0.49
183 0.49
184 0.46
185 -0.29
186 -0.29
187 -0.23
188 0.49
189 -0.20
190 0.49
191 0.49
192 0.49
193 -0.12
194 -0.15
195 -0.24
196 -0.19
197 0.44
198 0.42
199 0.49
200 -0.03
201 -0.23
202 -0.23
203 -0.26
204 -0.20
205 -0.14
206 -0.28
207 -0.24
208 -0.15
209 -0.08
210 0.17
211 0.14
212 -0.31
213 0.46
214 0.46
215 0.46
216 -0.31
217 0.44
218 0.42
219 0.46
220 0.40
221 0.44
222 0.46
223 -0.14
224 -0.34
225 0.46
226 -0.32
227 -0.26
228 -0.32
229 -0.29
230 -0.36
231 -0.25
232 -0.38
233 0.46
234 -0.20
235 -0.14
236 0.36
237 0.46
238 0.46
239 0.40
240 -0.09
241 -0.32
242 -0.31
243 0.36
244 0.46
245 -0.29
246 0.46
247 0.42
248 0.40
249 -0.38
250 0.38
251 -0.34
252 0.46
253 -0.09
254 0.46
255 0.46
256 -0.31
257 0.46
258 0.46
259 0.42
260 -0.38
261 -0.32
262 0.36
263 -0.29
264 0.42
265 -0.28
266 0.46
267 0.44
268 0.44
269 -0.02
270 0.38
271 0.36
272 0.46
273 -0.15
274 0.46
275 -0.31
276 0.36
277 -0.23
278 -0.24
279 -0.34
280 0.42
281 0.46
282 0.38
283 -0.34
284 -0.28
285 0.38
286 -0.32
287 -0.19
288 0.42
289 0.46
290 0.40
291 -0.02
292 0.42
293 -0.31
294 -0.31
295 0.46
296 0.46
297 -0.24
298 -0.12
299 0.44
300 -0.31
301 0.36
302 0.46
303 0.38
304 0.40
305 0.46
306 -0.31
307 -0.34
308 0.44
309 -0.34
310 0.46
311 0.44
312 -0.32
313 0.46
314 -0.36
315 0.44
316 -0.36
317 -0.31
318 0.31
319 0.32
320 0.25
321 0.26
322 -0.25
323 0.10
324 0.26
325 -0.15
326 0.17
327 0.29
328 -0.17
329 -0.18
330 0.28
331 0.28
332 0.31
333 -0.31
334 0.25
335 0.32
336 0.26
337 -0.25
338 0.25
339 0.29
340 -0.20
341 0.25
342 -0.14
343 -0.24
344 -0.19
345 -0.21
346 0.32
347 -0.20
348 0.34
349 0.31
350 0.29
351 0.25
352 -0.28
353 0.21
354 -0.16
355 0.28
356 0.28
357 -0.25
358 0.26
359 0.26
360 0.26
361 -0.18
362 -0.25
363 0.26
364 0.21
365 0.10
366 0.26
367 0.29
368 0.21
369 0.19
370 -0.05
371 -0.24
372 0.26
373 -0.10
374 0.32
375 -0.25
376 0.16
377 0.29
378 -0.31
379 0.28
380 0.16
381 -0.18
382 0.31
383 0.25
384 0.17
385 -0.21
386 -0.25
387 0.26
388 0.20
389 0.16
390 0.26
391 -0.18
392 0.21
393 0.32
394 0.32
395 0.26
396 -0.21
397 0.31
398 -0.20
399 0.32
400 -0.34
401 0.49
402 -0.34
403 0.44
404 -0.34
405 -0.29
406 -0.09
407 -0.12
408 0.49
409 0.44
410 -0.10
411 -0.10
412 0.49
413 0.49
414 -0.31
415 0.49
416 0.49
417 -0.34
418 -0.34
419 -0.13
420 -0.11
421 -0.14
422 -0.12
423 -0.18
424 -0.18
425 -0.17
426 -0.21
427 -0.36
428 -0.29
429 -0.02
430 -0.36
431 -0.34
432 -0.25
433 -0.02
434 -0.04
435 -0.13
436 -0.13
437 -0.14
438 -0.34
439 -0.16
440 -0.17
441 -0.15
442 -0.18
443 -0.23
444 0.32
445 -0.32
446 0.49
447 -0.38
448 -0.10
449 -0.34
450 -0.32
451 0.49
452 -0.32
453 0.49
454 0.49
455 0.46
456 0.10
457 0.44
458 0.49
459 0.46
460 -0.36
461 -0.29
462 -0.26
463 0.46
464 0.49
465 0.49
466 -0.34
467 -0.16
468 -0.26
469 -0.28
470 0.40
471 0.44
472 0.44
473 -0.26
474 -0.10
475 -0.21
476 0.42
477 0.49
478 -0.28
479 0.49
480 -0.17
481 -0.15
482 -0.21
483 0.46
484 -0.19
485 -0.29
486 -0.16
487 -0.36
488 -0.09
489 -0.23
490 -0.11
491 -0.29
492 -0.23
493 -0.12
494 0.49
495 -0.24
496 0.46
497 -0.31
498 -0.26
499 -0.17
500 0.44
501 0.40
502 0.49
503 -0.16
504 0.49
505 -0.23
506 -0.28
507 0.49
508 -0.29
509 -0.12
510 0.46
511 -0.36
512 0.44
513 0.49
514 -0.12
515 -0.08
516 -0.31
517 0.49
518 0.49
519 -0.12
520 -0.28
521 0.46
522 -0.28
523 0.49
524 -0.10
525 -0.04
526 0.25
527 0.49
528 -0.10
529 0.34
530 0.49
531 -0.29
532 0.44
533 0.44
534 0.49
535 0.46
536 0.49
537 -0.32
538 -0.01
539 0.49
540 0.49
541 0.29
542 -0.31
543 0.49
544 -0.34
545 0.49
546 0.49
547 -0.02
548 -0.32
549 0.46
550 0.49
551 0.49
552 0.49
553 -0.09
554 -0.08
555 -0.10
556 0.49
557 0.49
558 -0.29
559 -0.12
560 0.49
561 0.49
562 0.49
563 0.40
564 0.49
565 0.44
566 0.49
567 -0.11
568 0.49
569 -0.21
570 -0.24
571 -0.19
572 -0.14
573 0.49
574 0.44
575 0.49
576 0.49
577 0.49
578 0.49
579 -0.28
580 -0.26
581 0.49
582 0.49
583 -0.10
584 -0.09
585 0.49
586 0.49
587 0.49
588 0.49
589 0.42
590 0.49
591 0.40
592 -0.29
593 0.49
594 -0.14
595 0.34
596 -0.05
597 -0.10
598 -0.20
599 -0.12
600 0.49
601 -0.25
602 0.44
603 -0.26
604 0.44
605 0.49
606 0.49
607 0.49
608 -0.12
609 -0.23
610 -0.12
611 -0.20
612 -0.17
613 -0.10
614 -0.13
615 -0.15
616 -0.07
617 -0.24
618 -0.13
619 0.49
620 0.49
621 -0.20
622 0.49
623 0.49
624 0.49
625 0.23
626 0.40
627 0.44
628 -0.28
629 0.49
630 0.42
631 0.16
632 -0.36
633 -0.01
634 0.46
635 0.49
636 -0.01
637 -0.07
638 -0.14
639 -0.32
640 -0.14
641 -0.05
642 -0.23
643 -0.16
644 0.08
645 -0.16
646 -0.36
647 -0.18
648 -0.24
649 -0.20
650 -0.17
651 -0.10
652 -0.03
653 -0.17
654 -0.11
655 -0.21
656 0.46
657 -0.20
658 0.49
659 0.49
660 -0.29
661 0.49
662 0.44
663 0.49
664 0.46
665 -0.10
666 -0.10
667 0.49
668 -0.29
669 0.49
670 0.49
671 0.49
672 0.42
673 -0.12
674 0.49
675 0.46
676 0.49
677 0.49
678 -0.25
679 -0.16
680 0.40
681 -0.14
682 0.38
683 0.49
684 0.44
685 -0.20
686 0.49
687 -0.20
688 -0.24
689 0.44
690 0.49
691 -0.13
692 -0.23
693 0.36
694 -0.32
695 0.38
696 -0.20
697 0.44
698 0.36
699 0.49
700 -0.34
701 -0.28
702 0.31
703 -0.17
704 -0.17
705 -0.02
706 -0.26
707 0.44
708 0.46
709 0.49
710 -0.24
711 0.46
712 0.49
713 -0.29
714 0.49
715 0.29
716 0.40
717 0.49
718 0.49
719 0.49
720 -0.29
721 0.49
722 0.44
723 0.44
724 0.42
725 -0.12
726 0.49
727 0.49
728 -0.24
729 0.44
730 0.49
731 0.49
732 0.44
733 0.49
734 0.49
735 0.40
736 0.49
737 0.36
738 0.49
739 0.49
740 -0.34
741 -0.32
742 0.49
743 -0.25
744 -0.19
745 0.44
746 -0.06
747 0.42
748 -0.23
749 0.44
750 0.44
751 0.42
752 0.32
753 0.40
754 -0.23
755 0.40
756 0.44
757 0.42
758 -0.34
759 0.40
760 -0.34
761 -0.28
762 0.44
763 0.38
764 0.44
765 0.40
766 0.44
767 -0.36
768 0.44
769 0.40
770 0.44
771 -0.06
772 -0.07
773 -0.12
774 -0.02
775 -0.38
776 -0.14
777 -0.20
778 -0.10
779 -0.19
780 -0.06
781 -0.07
782 0.40
783 0.46
784 -0.36
785 -0.26
786 0.44
787 0.49
788 -0.32
789 0.32
790 -0.29
791 -0.08
792 -0.20
793 -0.34
794 -0.34
795 -0.28
796 -0.23
797 -0.00
798 -0.16
799 -0.29
800 -0.04
801 -0.17
802 -0.36
803 -0.15
804 -0.01
805 -0.14
806 -0.19
807 -0.19
808 -0.16
809 -0.07
810 0.44
811 0.07
812 0.46
813 -0.29
814 -0.34
815 0.11
816 0.44
817 0.49
818 0.07
819 -0.23
820 0.44
821 0.05
822 0.49
823 -0.28
824 0.46
825 -0.31
826 -0.29
827 0.49
828 -0.34
829 -0.28
830 -0.20
831 0.12
832 -0.08
833 -0.32
834 -0.00
835 -0.32
836 -0.06
837 -0.13
838 -0.28
839 -0.17
840 -0.12
841 0.20
842 0.49
843 0.46
844 -0.32
845 -0.28
846 0.36
847 -0.23
848 0.26
849 0.32
850 0.46
851 0.42
852 -0.32
853 -0.20
854 0.36
855 0.44
856 0.44
857 -0.31
858 0.49
859 0.46
860 0.44
861 0.49
862 0.49
863 0.38
864 0.49
865 0.44
866 -0.12
867 0.49
868 -0.26
869 -0.23
870 0.32
871 0.40
872 -0.34
873 -0.08
874 0.42
875 -0.31
876 -0.34
877 -0.36
878 -0.18
879 0.42
880 -0.25
881 -0.08
882 -0.23
883 0.44
884 -0.26
885 0.34
886 0.36
887 -0.25
888 0.40
889 0.49
890 0.49
891 0.49
892 0.49
893 0.49
894 0.49
895 0.49
896 0.46
897 -0.29
898 0.44
899 0.44
900 -0.25
901 0.29
902 0.49
903 0.46
904 0.49
905 -0.10
906 0.49
907 -0.12
908 0.49
909 -0.26
910 0.44
911 0.49
912 0.49
913 0.49
914 -0.26
915 0.44
916 0.49
917 0.49
918 0.40
919 0.40
920 -0.26
921 0.40
922 -0.24
923 0.36
924 0.49
925 0.46
926 0.46
927 0.49
928 -0.32
929 0.40
930 0.49
931 -0.32
932 0.49
933 -0.16
934 0.40
935 0.34
936 0.17
937 0.32
938 0.44
939 0.40
940 -0.34
941 0.42
942 -0.14
943 0.44
944 -0.32
945 0.40
946 0.44
947 0.44
948 0.40
949 0.44
950 -0.25
951 0.40
952 -0.34
953 0.44
954 -0.34
955 0.42
956 -0.12
957 -0.28
958 -0.28
959 -0.29
960 -0.21
961 0.34
962 -0.17
963 -0.28
964 -0.20
965 0.24
966 0.40
967 0.40
968 0.46
969 0.42
970 0.44
971 0.49
972 0.36
973 0.25
974 -0.26
975 -0.29
976 0.44
977 0.46
978 0.49
979 0.49
980 -0.26
981 -0.14
982 0.44
983 0.44
984 0.49
985 -0.23
986 -0.20
987 0.32
988 0.40
989 0.31
990 0.28
991 0.44
992 0.34
993 0.44
994 0.46
995 0.49
996 0.49
997 -0.34
998 0.49
999 0.46
1000 0.49
1001 0.46
1002 0.49
1003 0.44
1004 0.49
1005 0.49
1006 0.44
1007 0.40
1008 0.49
1009 0.38
1010 0.44
1011 0.40
1012 -0.31
1013 0.46
1014 0.38
1015 -0.25
1016 -0.36
1017 0.44
1018 -0.32
1019 -0.38
1020 -0.32
1021 0.24
1022 -0.23
1023 -0.31
1024 -0.29
1025 -0.24
1026 -0.29
1027 0.28
1028 0.17
1029 0.44
1030 0.40
1031 -0.31
1032 0.40
1033 -0.38
1034 -0.28
1035 0.25
1036 0.42
1037 -0.23
1038 0.44
1039 -0.36
1040 -0.40
1041 0.31
1042 -0.36
1043 -0.32
1044 -0.25
1045 -0.17
1046 -0.04
1047 -0.13
1048 -0.31
1049 -0.24
1050 0.17
1051 0.40
1052 0.46
1053 0.44
1054 0.49
1055 0.49
1056 0.36
1057 0.44
1058 0.44
1059 0.49
1060 -0.24
1061 0.44
1062 0.44
1063 0.17
1064 -0.32
1065 -0.31
1066 -0.17
1067 0.31
1068 0.44
1069 -0.25
1070 -0.10
1071 0.40
1072 -0.29
1073 0.42
1074 0.44
1075 -0.17
1076 0.44
1077 0.44
1078 0.46
1079 0.49
1080 -0.24
1081 0.49
1082 0.14
1083 0.38
1084 -0.28
1085 0.42
1086 0.49
1087 0.44
1088 0.46
1089 -0.29
1090 0.46
1091 -0.18
1092 -0.17
1093 0.23
1094 0.46
1095 0.42
1096 0.49
1097 -0.06
1098 -0.31
1099 0.49
1100 0.32
1101 -0.32
1102 0.49
1103 0.49
1104 0.44
1105 0.34
1106 0.49
1107 0.49
1108 0.49
1109 0.49
1110 -0.32
1111 0.49
1112 0.29
1113 0.49
1114 0.49
1115 0.46
1116 0.42
1117 -0.21
1118 0.42
1119 0.40
1120 0.38
1121 0.42
1122 0.44
1123 -0.28
1124 -0.31
1125 -0.32
1126 0.31
1127 0.40
1128 -0.31
1129 -0.31
1130 -0.36
1131 0.28
1132 0.44
1133 0.44
1134 0.38
1135 -0.20
1136 0.44
1137 0.42
1138 0.26
1139 0.49
1140 0.38
1141 0.46
1142 0.49
1143 0.49
1144 0.49
1145 0.49
1146 0.49
1147 0.46
1148 -0.26
1149 0.46
1150 0.42
1151 0.49
1152 0.38
1153 0.44
1154 0.34
1155 0.42
1156 -0.36
1157 0.46
1158 0.49
1159 0.49
1160 0.44
1161 0.49
1162 0.28
1163 0.15
1164 0.42
1165 0.46
1166 -0.25
1167 0.40
1168 0.44
1169 0.28
1170 0.46
1171 -0.08
1172 0.09
1173 -0.32
1174 0.49
1175 0.34
1176 0.25
1177 0.44
1178 0.44
1179 0.49
1180 0.49
1181 -0.10
1182 0.49
1183 0.49
1184 0.49
1185 0.49
1186 0.49
1187 -0.34
1188 -0.32
1189 0.46
1190 0.42
1191 0.17
1192 -0.36
1193 0.46
1194 0.36
1195 0.10
1196 0.49
1197 0.46
1198 0.49
1199 0.46
1200 -0.05
1201 -0.32
1202 0.25
1203 0.23
1204 0.34
1205 0.13
1206 0.28
1207 0.09
1208 0.10
1209 0.12
1210 0.42
1211 0.17
1212 0.42
1213 0.36
1214 0.49
1215 0.49
1216 0.07
1217 0.10
1218 0.32
1219 0.49
1220 0.20
1221 0.46
1222 0.42
1223 0.46
1224 0.38
1225 0.36
1226 0.49
1227 -0.32
1228 0.13
1229 0.49
1230 0.49
1231 0.40
1232 -0.26
1233 -0.06
1234 0.07
1235 0.24
1236 0.32
1237 0.44
1238 0.49
1239 0.49
1240 0.49
1241 -0.29
1242 0.14
1243 0.29
1244 0.40
1245 0.49
1246 0.46
1247 0.40
1248 0.31
1249 0.42
1250 0.28
1251 0.49
1252 0.21
1253 0.26
1254 0.36
1255 -0.23
1256 0.28
1257 0.24
1258 -0.34
1259 -0.40
1260 0.23
1261 0.02
1262 0.23
1263 0.36
1264 0.25
1265 -0.13
1266 0.44
1267 0.36
1268 0.46
1269 0.36
1270 0.49
1271 0.44
1272 0.32
1273 0.42
1274 0.19
1275 0.46
1276 0.46
1277 0.49
1278 0.46
1279 0.46
1280 0.42
1281 0.46
1282 0.34
1283 0.36
1284 0.49
1285 0.49
1286 0.46
1287 0.46
1288 0.44
1289 0.34
1290 0.19
1291 0.49
1292 0.34
1293 0.34
1294 0.49
1295 0.46
1296 0.49
1297 0.38
1298 0.46
1299 0.46
1300 0.44
1301 0.40
1302 -0.29
1303 0.00
1304 0.00
1305 -0.03
1306 0.08
1307 0.31
1308 0.32
1309 0.49
1310 0.44
1311 0.44
1312 0.44
1313 0.40
1314 0.36
1315 0.44
1316 0.44
1317 0.49
1318 0.49
1319 0.49
1320 0.40
1321 0.31
1322 0.44
1323 0.34
1324 0.49
1325 0.44
1326 0.44
1327 0.34
1328 0.42
1329 -0.26
1330 0.32
1331 0.31
1332 0.44
1333 0.36
1334 0.36
1335 0.44
1336 0.05
1337 0.36
1338 0.40
1339 0.26
1340 0.36
1341 0.26
1342 0.49
1343 0.49
1344 0.49
1345 0.40
1346 0.46
1347 0.36
1348 -0.03
1349 0.36
1350 0.26
1351 0.40
1352 0.40
1353 0.29
1354 0.49
1355 0.42
1356 0.44
1357 0.32
1358 0.49
1359 0.20
1360 0.49
1361 0.07
1362 -0.31
1363 0.02
1364 0.23
1365 0.14
1366 0.26
1367 0.36
1368 0.19
1369 0.10
1370 0.40
1371 0.49
1372 0.14
1373 0.36
1374 0.42
1375 0.46
1376 0.38
1377 0.40
1378 0.49
1379 -0.17
1380 0.44
1381 0.42
1382 0.34
1383 0.36
1384 0.07
1385 0.49
1386 -0.36
1387 0.28
1388 0.21
1389 0.29
1390 -0.25
1391 0.20
1392 -0.24
1393 -0.16
1394 0.04
1395 0.31
1396 0.19
1397 0.49
1398 0.40
1399 0.49
1400 -0.29
1401 0.06
1402 0.36
1403 0.31
1404 0.29
1405 0.28
1406 0.38
1407 0.44
1408 0.44
1409 0.46
1410 0.31
1411 -0.36
1412 0.49
1413 0.49
1414 0.06
1415 0.20
1416 -0.24
1417 0.36
1418 0.46
1419 0.49
1420 -0.31
1421 0.42
1422 0.46
1423 0.44
1424 0.46
1425 0.46
1426 0.01
1427 0.34
1428 -0.15
1429 0.31
1430 0.26
1431 -0.31
1432 0.34
1433 0.20
1434 0.36
1435 0.21
1436 0.29
1437 0.31
1438 -0.20
1439 -0.29
1440 -0.12
1441 0.32
1442 0.46
1443 0.46
1444 0.49
1445 0.44
1446 0.26
1447 0.15
1448 0.40
1449 -0.05
1450 -0.34
1451 0.00
1452 0.32
1453 0.31
1454 0.38
1455 0.49
1456 0.40
1457 0.44
1458 0.44
1459 0.46
1460 0.49
1461 -0.29
1462 0.44
1463 0.46
1464 0.38
1465 0.03
1466 0.49
1467 0.46
1468 0.44
1469 0.32
1470 0.46
1471 0.44
1472 0.44
1473 0.49
1474 0.06
1475 0.49
1476 0.40
1477 0.34
1478 0.46
1479 -0.28
1480 0.49
1481 0.46
1482 0.44
1483 0.42
1484 0.42
1485 0.34
1486 0.46
1487 0.40
1488 0.49
1489 0.40
1490 0.46
1491 0.42
1492 -0.31
1493 0.46
1494 0.49
1495 0.42
1496 0.42
1497 -0.20
1498 0.36
1499 0.44
1500 0.46
1501 0.42
1502 0.42
1503 0.49
1504 0.44
1505 0.44
1506 0.49
1507 -0.31
1508 -0.29
1509 -0.18
1510 0.31
1511 0.44
1512 0.46
1513 -0.10
1514 0.46
1515 0.46
1516 0.46
1517 -0.34
1518 0.36
1519 0.32
1520 -0.19
1521 -0.32
1522 0.19
1523 0.25
1524 0.34
1525 0.28
1526 0.29
1527 0.34
1528 0.46
1529 -0.12
1530 0.42
1531 0.40
1532 -0.05
1533 0.42
1534 0.32
1535 0.40
1536 0.49
1537 0.42
1538 0.46
1539 0.34
1540 -0.18
1541 0.44
1542 -0.02
1543 0.46
1544 -0.28
1545 0.02
1546 0.40
1547 0.46
1548 0.46
1549 0.49
1550 0.42
1551 0.46
1552 0.44
1553 0.49
1554 0.40
1555 0.49
1556 0.49
1557 0.38
1558 0.46
1559 0.44
1560 0.46
1561 0.49
1562 0.38
1563 0.42
1564 0.46
1565 0.49
1566 0.44
1567 0.44
1568 -0.00
1569 0.49
1570 0.40
1571 0.46
1572 0.44
1573 0.42
1574 0.42
1575 0.46
1576 0.44
1577 0.49
1578 0.04
1579 0.44
1580 0.49
1581 0.46
1582 0.44
1583 0.44
1584 0.44
1585 0.16
1586 -0.10
1587 0.26
1588 0.42
1589 0.42
1590 0.49
1591 0.46
1592 0.49
1593 0.46
1594 0.42
1595 0.49
1596 0.46
1597 0.44
1598 0.23
1599 0.44
1600 0.46
1601 0.40
1602 0.42
1603 0.36
1604 0.40
1605 0.46
1606 0.29
1607 0.44
1608 0.44
1609 0.46
1610 0.40
1611 0.36
1612 -0.29
1613 0.36
1614 0.40
1615 0.46
1616 0.21
1617 0.40
1618 0.42
1619 0.46
1620 0.49
1621 0.44
1622 0.44
1623 0.42
1624 0.42
1625 -0.31
1626 0.46
1627 0.46
1628 0.49
1629 -0.08
1630 0.49
1631 0.44
1632 0.44
1633 0.49
1634 0.49
1635 0.46
1636 0.38
1637 0.42
1638 0.46
1639 0.13
1640 0.44
1641 0.46
1642 -0.18
1643 0.46
1644 0.46
1645 0.49
1646 0.46
1647 0.49
1648 0.46
1649 0.46
1650 0.49
1651 -0.32
1652 0.44
1653 0.49
1654 0.42
1655 0.01
1656 0.44
1657 0.42
1658 -0.24
1659 0.44
1660 0.46
1661 0.42
1662 0.42
1663 0.49
1664 0.46
1665 0.46
1666 0.31
1667 0.44
1668 0.49
1669 0.40
1670 0.40
1671 0.23
1672 0.42
1673 0.46
1674 0.49
1675 0.40
1676 0.46
1677 0.28
1678 0.49
1679 -0.24
1680 0.32
1681 0.49
1682 0.49
1683 0.42
1684 0.44
1685 0.42
1686 0.42
1687 0.19
1688 0.44
1689 0.40
1690 0.49
1691 0.38
1692 0.44
1693 0.46
1694 0.46
1695 0.42
1696 -0.32
1697 0.38
1698 0.31
1699 0.07
1700 0.29
1701 0.10
1702 -0.34
1703 -0.17
1704 0.29
1705 0.29
1706 0.34
1707 -0.28
1708 -0.20
1709 0.32
1710 0.34
1711 0.31
1712 0.31
1713 0.29
1714 0.36
1715 -0.17
1716 -0.01
1717 0.36
1718 0.40
1719 0.28
1720 0.34
1721 -0.02
1722 0.10
1723 0.49
1724 0.42
1725 0.29
1726 0.19
1727 0.44
1728 0.28
1729 0.36
1730 0.42
1731 0.40
1732 0.46
1733 -0.26
1734 0.46
1735 0.42
1736 0.46
1737 0.49
1738 0.46
1739 0.40
1740 0.42
1741 0.42
1742 0.44
1743 0.44
1744 0.44
1745 0.44
1746 0.46
1747 0.46
1748 0.46
1749 0.46
1750 0.44
1751 0.42
1752 0.40
1753 0.46
1754 0.49
1755 0.49
1756 0.44
1757 -0.09
1758 0.38
1759 0.44
1760 -0.00
1761 0.44
1762 0.44
1763 0.32
1764 0.36
1765 0.36
1766 0.49
1767 0.49
1768 0.42
1769 0.34
1770 0.46
1771 0.36
1772 0.44
1773 0.49
1774 0.40
1775 0.49
1776 0.46
1777 0.46
1778 0.46
1779 0.42
1780 0.44
1781 0.49
1782 0.46
1783 0.46
1784 0.46
1785 0.46
1786 0.44
1787 0.46
1788 0.49
1789 0.19
1790 0.46
1791 0.49
1792 0.44
1793 -0.02
1794 0.40
1795 -0.31
1796 -0.20
1797 0.12
1798 0.44
1799 0.44
1800 0.49
1801 0.46
1802 0.44
1803 0.44
1804 0.42
1805 0.44
1806 0.46
1807 0.46
1808 0.49
1809 0.46
1810 0.02
1811 0.46
1812 0.46
1813 0.10
1814 0.49
1815 0.46
1816 0.49
1817 0.49
1818 0.49
1819 0.40
1820 0.49
1821 0.44
1822 0.49
1823 0.08
1824 0.34
1825 0.42
1826 0.44
1827 0.44
1828 0.09
1829 0.28
1830 0.28
1831 0.26
1832 0.26
1833 0.42
1834 0.44
1835 0.40
1836 0.46
1837 0.38
1838 0.44
1839 0.40
1840 0.49
1841 0.42
1842 0.46
1843 0.46
1844 0.04
1845 0.46
1846 0.49
1847 0.49
1848 0.36
1849 0.46
1850 0.46
1851 0.38
1852 0.49
1853 0.40
1854 0.49
1855 0.38
1856 0.42
1857 0.40
1858 -0.01
1859 0.36
1860 0.44
1861 0.40
1862 0.42
1863 0.36
1864 0.40
1865 0.44
1866 0.46
1867 0.38
1868 0.46
1869 0.42
1870 0.40
1871 0.38
1872 0.32
1873 0.42
1874 0.46
1875 0.07
1876 0.34
1877 0.44
1878 0.44
1879 0.44
1880 0.49
1881 0.44
1882 0.42
1883 0.44
1884 0.46
1885 0.00
1886 0.24
1887 0.44
1888 0.34
1889 0.36
1890 0.42
1891 0.42
1892 0.34
1893 0.38
1894 0.44
1895 0.36
1896 0.49
1897 0.46
1898 0.42
1899 0.44
1900 0.49
1901 0.12
1902 0.46
1903 0.49
1904 0.44
1905 0.29
1906 0.40
1907 0.46
1908 0.36
1909 0.34
1910 0.36
1911 0.44
1912 0.49
1913 0.49
1914 0.40
1915 0.49
1916 0.10
1917 0.40
1918 0.17
1919 0.42
1920 0.38
1921 0.49
1922 0.49
1923 0.44
1924 0.44
1925 0.42
1926 0.44
1927 0.36
1928 0.49
1929 0.44
1930 0.38
1931 0.44
1932 0.40
1933 0.42
1934 0.34
1935 0.40
1936 0.42
1937 0.36
1938 0.31
1939 0.49
1940 -0.02
1941 0.32
1942 0.44
1943 0.49
1944 0.46
1945 0.42
1946 0.46
1947 0.36
1948 0.49
1949 0.44
1950 0.49
1951 0.42
1952 0.46
1953 0.49
1954 0.42
1955 0.46
1956 0.36
1957 0.49
1958 0.44
1959 0.10
1960 0.46
1961 0.44
1962 -0.32
1963 0.36
1964 0.32
1965 0.49
1966 0.44
1967 0.49
1968 0.49
1969 0.46
1970 0.06
1971 0.38
1972 0.46
1973 0.34
1974 0.46
1975 0.40
1976 0.44
1977 0.44
1978 0.36
1979 0.38
1980 0.44
1981 0.38
1982 0.44
1983 0.42
1984 0.49
1985 -0.21
1986 0.49
1987 0.29
1988 0.44
1989 0.44
1990 0.44
1991 0.46
1992 0.46
1993 0.49
1994 0.38
1995 0.42
1996 0.16
1997 0.44
1998 0.38
1999 -0.03
2000 0.29
2001 0.49
2002 0.49
2003 0.49
2004 0.46
2005 0.36
2006 0.42
2007 0.40
2008 0.40
2009 0.44
2010 0.46
2011 0.46
2012 0.46
2013 0.49
2014 0.42
2015 0.42
2016 0.32
2017 0.13
2018 0.46
2019 0.49
2020 0.44
2021 0.42
2022 0.46
2023 0.46
2024 0.46
2025 0.42
2026 0.49
2027 0.46
2028 0.49
2029 0.46
2030 0.46
2031 0.08
2032 -0.03
2033 0.34
2034 0.32
2035 0.34
2036 0.32
2037 0.38
2038 0.34
2039 0.46
2040 0.44
2041 0.49
2042 0.46
2043 0.44
2044 0.46
2045 0.36
2046 0.46
2047 0.42
2048 0.44
2049 0.46
2050 0.44
2051 0.44
2052 0.46
2053 0.38
2054 0.49
2055 0.46
2056 0.46
2057 0.42
2058 0.46
2059 0.49
2060 0.07
2061 0.44
2062 0.49
2063 0.42
2064 0.44
2065 0.40
2066 0.49
2067 0.42
2068 -0.29
2069 0.44
2070 0.40
2071 0.49
2072 0.46
2073 0.49
2074 0.46
2075 0.46
2076 0.38
2077 0.46
2078 0.42
2079 0.42
2080 -0.09
2081 0.29
2082 0.40
2083 0.40
2084 0.32
2085 0.46
2086 0.46
2087 0.44
2088 0.44
2089 0.40
2090 0.42
2091 0.46
2092 0.46
2093 0.44
2094 0.46
2095 0.42
2096 0.40
2097 0.36
2098 0.40
2099 0.44
2100 0.44
2101 0.49
2102 0.44
2103 0.49
2104 0.49
2105 0.46
2106 0.46
2107 0.46
2108 0.44
2109 0.44
2110 -0.29
2111 0.17
2112 0.40
2113 0.44
2114 0.42
2115 0.38
2116 0.36
2117 0.40
2118 0.44
2119 0.44
2120 0.46
2121 0.38
2122 0.44
2123 0.49
2124 0.46
2125 0.36
2126 0.40
2127 0.46
2128 0.42
2129 0.49
2130 0.49
2131 0.49
2132 0.10
2133 0.38
2134 0.40
2135 0.38
2136 0.49
2137 0.44
2138 0.46
2139 0.46
2140 0.40
2141 0.46
2142 0.42
2143 0.49
2144 0.46
2145 0.49
2146 0.42
2147 0.44
2148 0.44
2149 0.42
2150 0.49
2151 0.40
2152 0.44
2153 0.46
2154 0.46
2155 0.10
2156 0.49
2157 0.49
2158 0.40
2159 0.42
2160 0.40
2161 -0.31
2162 0.34
2163 0.36
2164 0.38
2165 0.31
2166 0.36
2167 0.40
2168 0.34
2169 0.42
2170 0.44
2171 0.46
2172 0.46
2173 0.44
2174 0.46
2175 0.44
2176 0.42
2177 0.46
2178 0.34
2179 0.44
2180 0.49
2181 0.40
2182 0.42
2183 0.46
2184 0.46
2185 0.44
2186 0.44
2187 0.42
2188 0.40
2189 0.44
2190 0.46
2191 0.36
2192 0.36
2193 0.20
2194 0.38
2195 0.31
2196 0.36
2197 0.36
2198 0.31
2199 0.36
2200 0.36
2201 0.04
2202 0.02
2203 0.24
2204 0.29
2205 0.24
2206 0.25
2207 0.32
2208 0.32
2209 -0.32
2210 0.23
2211 0.28
2212 0.36
2213 0.44
2214 0.44
2215 -0.14
2216 0.40
2217 0.34
2218 0.40
2219 0.44
2220 0.44
2221 0.32
2222 0.44
2223 0.46
2224 0.46
2225 0.46
2226 0.49
2227 0.44
2228 0.49
2229 0.46
2230 0.42
2231 0.44
2232 0.12
2233 0.44
2234 0.46
2235 -0.24
2236 0.42
2237 0.40
2238 0.44
2239 -0.26
2240 0.38
2241 0.42
2242 0.49
2243 0.40
2244 0.42
2245 0.29
2246 0.36
2247 0.38
2248 0.46
2249 0.46
2250 0.25
2251 0.49
2252 0.36
2253 0.40
2254 0.42
2255 0.44
2256 -0.32
2257 0.46
2258 0.49
2259 0.32
2260 0.49
2261 0.46
2262 0.49
2263 0.42
2264 0.46
2265 0.40
2266 0.44
2267 0.49
2268 0.49
2269 0.49
2270 0.46
2271 0.46
2272 0.46
2273 -0.23
2274 0.24
2275 0.14
2276 0.42
2277 0.44
2278 0.44
2279 0.42
2280 0.49
2281 0.49
2282 0.42
2283 0.42
2284 0.14
2285 0.44
2286 0.09
2287 0.36
2288 0.40
2289 0.32
2290 0.32
2291 0.38
2292 0.44
2293 0.49
2294 0.10
2295 0.40
2296 0.38
2297 0.42
2298 0.46
2299 0.46
2300 0.46
2301 0.46
2302 0.42
2303 0.49
2304 0.46
2305 0.42
2306 0.49
2307 0.44
2308 0.49
2309 0.40
2310 0.49
2311 0.10
2312 0.44
2313 0.46
2314 0.40
2315 0.44
2316 0.46
2317 0.44
2318 0.46
2319 0.44
2320 0.42
2321 0.49
2322 0.42
2323 0.40
2324 0.38
2325 0.46
2326 0.49
2327 0.42
2328 0.31
2329 0.40
2330 0.46
2331 0.06
2332 0.36
2333 0.32
2334 0.36
2335 0.42
2336 0.49
2337 -0.10
2338 0.40
2339 0.44
2340 0.44
2341 0.46
2342 0.49
2343 0.46
2344 0.49
2345 0.49
2346 0.40
2347 0.49
2348 0.46
2349 0.49
2350 0.46
2351 0.46
2352 -0.20
2353 0.46
2354 0.44
2355 0.49
2356 0.44
2357 0.46
2358 0.49
2359 0.46
2360 0.40
2361 0.49
2362 0.23
2363 0.09
2364 0.40
2365 0.20
2366 0.46
2367 0.49
2368 0.49
2369 0.44
2370 0.44
2371 0.20
2372 0.44
2373 0.46
2374 0.46
2375 0.49
2376 0.40
2377 0.44
2378 0.40
2379 0.49
2380 0.44
2381 0.42
2382 0.46
2383 0.44
2384 0.26
2385 0.46
2386 -0.11
2387 0.38
2388 0.46
2389 0.44
2390 0.49
2391 0.38
2392 0.49
2393 0.44
2394 0.42
2395 0.31
2396 0.49
2397 0.46
2398 0.44
2399 0.40
2400 0.09
2401 0.46
2402 -0.32
2403 0.29
2404 0.44
2405 0.42
2406 0.07
2407 0.31
2408 0.10
2409 0.25
2410 -0.31
2411 0.02
2412 0.19
2413 0.20
2414 -0.05
2415 0.21
2416 0.34
2417 0.10
2418 0.11
2419 -0.25
2420 0.32
2421 0.32
2422 0.18
2423 0.36
2424 0.36
2425 0.38
2426 0.40
2427 0.40
2428 0.44
2429 0.36
2430 0.40
2431 0.42
2432 0.42
2433 0.07
2434 0.31
2435 0.42
2436 0.06
2437 0.32
2438 0.34
2439 0.29
2440 0.40
2441 0.44
2442 0.36
2443 0.42
2444 0.42
2445 -0.38
2446 0.40
2447 -0.26
2448 0.38
2449 0.38
2450 0.42
2451 0.40
2452 0.36
2453 0.36
2454 0.13
2455 0.38
2456 0.10
2457 0.40
2458 0.38
2459 0.38
2460 0.29
2461 0.42
2462 0.40
2463 0.40
2464 -0.25
2465 0.42
2466 0.42
2467 0.46
2468 0.46
2469 0.49
2470 -0.04
2471 0.11
2472 0.42
2473 0.40
2474 0.46
2475 0.44
2476 0.07
2477 0.40
2478 0.42
2479 0.44
2480 0.36
2481 0.44
2482 0.40
2483 0.42
2484 0.40
2485 0.46
2486 0.42
2487 0.49
2488 0.46
2489 0.11
2490 0.44
2491 0.49
2492 0.46
2493 0.44
2494 0.49
2495 -0.28
2496 0.44
2497 -0.26
2498 0.42
2499 0.44
2500 0.34
2501 0.40
2502 0.44
2503 0.38
2504 0.42
2505 0.46
2506 0.49
2507 0.44
2508 0.42
2509 -0.29
2510 0.44
2511 0.44
2512 0.42
2513 0.40
2514 0.46
2515 0.38
2516 0.38
2517 0.46
2518 0.49
2519 0.46
2520 0.49
2521 0.49
2522 -0.20
2523 0.46
2524 0.46
2525 0.40
2526 0.09
2527 -0.09
2528 0.29
2529 0.44
2530 0.38
2531 0.46
2532 0.42
2533 0.46
2534 0.49
2535 0.46
2536 0.46
2537 0.46
2538 0.44
2539 0.12
2540 0.46
2541 0.49
2542 0.44
2543 0.40
2544 0.46
2545 0.49
2546 0.49
2547 0.46
2548 0.44
2549 0.36
2550 0.44
2551 0.42
2552 0.42
2553 0.49
2554 0.46
2555 0.42
2556 0.49
2557 0.42
2558 0.46
2559 0.49
2560 0.40
2561 0.46
2562 0.46
2563 0.36
2564 0.40
2565 0.42
2566 0.44
2567 0.46
2568 0.42
2569 0.46
2570 0.46
2571 -0.20
2572 0.42
2573 0.46
2574 0.49
2575 0.40
2576 0.36
2577 0.36
2578 -0.32
2579 0.49
2580 0.20
2581 0.36
2582 0.46
2583 0.44
2584 0.42
2585 0.49
2586 0.36
2587 0.46
2588 0.49
2589 0.40
2590 0.49
2591 0.49
2592 0.40
2593 0.42
2594 0.14
2595 0.42
2596 0.46
2597 0.46
2598 0.38
2599 0.49
2600 0.42
2601 -0.29
2602 -0.11
2603 0.02
2604 0.24
2605 0.44
2606 0.40
2607 0.38
2608 0.29
2609 0.42
2610 0.46
2611 0.42
2612 -0.28
2613 0.46
2614 0.49
2615 0.46
2616 0.46
2617 0.46
2618 0.42
2619 0.08
2620 0.44
2621 0.46
2622 -0.34
2623 0.44
2624 0.46
2625 0.44
2626 0.09
2627 0.32
2628 0.25
2629 0.42
2630 0.46
2631 0.49
2632 0.49
2633 -0.25
2634 0.44
2635 0.49
2636 0.40
2637 0.42
2638 0.42
2639 0.46
2640 0.46
2641 0.44
2642 0.42
2643 0.49
2644 0.49
2645 0.11
2646 0.46
2647 0.46
2648 0.14
2649 0.46
2650 0.49
2651 0.46
2652 0.46
2653 0.09
2654 0.42
2655 0.49
2656 0.42
2657 0.46
2658 0.42
2659 0.40
2660 0.42
2661 0.44
2662 -0.01
2663 0.42
2664 0.34
2665 0.42
2666 0.19
2667 0.07
2668 0.38
2669 0.38
2670 0.38
2671 0.03
2672 0.36
2673 0.34
2674 0.04
2675 0.42
2676 0.42
2677 0.40
2678 0.38
2679 0.38
2680 0.32
2681 0.40
2682 0.44
2683 0.49
2684 0.40
2685 0.40
2686 0.46
2687 0.44
2688 0.44
2689 0.44
2690 0.44
2691 0.44
2692 0.49
2693 0.42
2694 0.49
2695 0.44
2696 0.49
2697 -0.21
2698 0.46
2699 0.44
2700 0.23
2701 -0.21
2702 0.42
2703 0.42
2704 0.40
2705 0.46
2706 0.44
2707 0.49
2708 0.44
2709 0.46
2710 0.46
2711 0.10
2712 0.44
2713 0.28
2714 0.34
2715 -0.02
2716 0.42
2717 0.46
2718 0.44
2719 0.42
2720 0.42
2721 0.42
2722 0.49
2723 0.46
2724 0.46
2725 0.46
2726 0.44
2727 0.42
2728 0.44
2729 0.46
2730 0.09
2731 0.44
2732 0.46
2733 0.46
2734 0.46
2735 0.42
2736 0.10
2737 0.42
2738 0.49
2739 0.46
2740 0.36
2741 0.46
2742 0.49
2743 0.36
2744 0.44
2745 0.49
2746 0.46
2747 0.44
2748 0.42
2749 0.46
2750 0.36
2751 0.40
2752 0.42
2753 0.49
2754 0.46
2755 0.28
2756 0.49
2757 0.46
2758 0.42
2759 0.46
2760 0.36
2761 0.49
2762 0.44
2763 0.44
2764 0.05
2765 0.49
2766 0.40
2767 -0.36
2768 0.40
2769 0.29
2770 0.19
2771 0.38
2772 0.36
2773 0.34
2774 0.19
2775 0.36
2776 0.38
2777 0.46
2778 0.42
2779 0.49
2780 0.46
2781 -0.17
2782 0.49
2783 0.44
2784 0.42
2785 0.42
2786 0.40
2787 -0.01
2788 0.44
2789 0.44
2790 0.49
2791 0.49
2792 0.42
2793 0.44
2794 0.49
2795 0.44
2796 0.40
2797 0.36
2798 0.44
2799 0.36
2800 0.04
2801 0.36
2802 0.12
2803 0.46
2804 0.46
2805 0.42
2806 0.49
2807 0.44
2808 0.46
2809 0.25
2810 -0.20
2811 0.38
2812 0.44
2813 0.44
2814 0.44
2815 0.44
2816 0.42
2817 0.49
2818 0.49
2819 0.40
2820 0.46
2821 0.44
2822 0.42
2823 0.44
2824 0.44
2825 0.42
2826 -0.14
2827 0.42
2828 0.42
2829 0.44
2830 0.29
2831 0.46
2832 0.42
2833 0.46
2834 0.44
2835 0.12
2836 0.44
2837 0.49
2838 0.44
2839 0.46
2840 0.49
2841 0.44
2842 0.38
2843 0.46
2844 0.38
2845 0.46
2846 0.09
2847 0.49
2848 0.46
2849 0.44
2850 0.46
2851 0.31
2852 0.46
2853 0.46
2854 0.44
2855 0.46
2856 0.44
2857 0.40
2858 0.42
2859 0.44
2860 0.42
2861 0.42
2862 0.44
2863 0.40
2864 0.46
2865 0.49
2866 0.44
2867 0.49
2868 0.36
2869 0.38
2870 0.44
2871 0.40
2872 0.46
2873 0.42
2874 -0.36
2875 0.46
2876 0.46
2877 0.38
2878 0.44
2879 0.40
2880 0.49
2881 -0.29
2882 0.44
2883 0.40
2884 0.09
2885 0.46
2886 0.44
2887 0.46
2888 0.40
2889 0.49
2890 0.46
2891 0.04
2892 0.46
2893 0.46
2894 0.42
2895 0.42
2896 0.42
2897 -0.20
2898 0.49
2899 0.36
2900 0.49
2901 0.49
2902 0.40
2903 0.46
2904 0.49
2905 0.44
2906 0.42
2907 0.26
2908 0.49
2909 0.42
2910 0.26
2911 0.12
2912 0.29
2913 0.46
2914 0.49
2915 0.02
2916 0.49
2917 0.29
2918 0.36
2919 0.44
2920 0.46
2921 0.44
2922 0.49
2923 0.34
2924 -0.26
2925 0.49
2926 0.42
2927 0.46
2928 0.46
2929 0.44
2930 0.49
2931 0.49
2932 0.49
2933 0.36
2934 0.44
2935 0.40
2936 0.44
2937 -0.25
2938 0.40
2939 0.46
2940 0.46
2941 -0.24
2942 0.42
2943 0.46
2944 0.46
2945 0.49
2946 0.46
2947 0.46
2948 -0.25
2949 0.42
2950 0.29
2951 0.49
2952 0.46
2953 0.36
2954 0.42
2955 0.38
2956 0.44
2957 0.49
2958 0.46
2959 -0.14
2960 0.18
2961 0.44
2962 0.46
2963 0.44
2964 0.44
2965 0.46
2966 0.10
2967 0.49
2968 0.38
2969 0.36
2970 0.40
2971 0.10
2972 0.46
2973 0.46
2974 0.42
2975 0.42
2976 0.49
2977 0.40
2978 0.44
2979 0.42
2980 0.49
2981 0.38
2982 0.44
2983 0.49
2984 0.46
2985 0.44
2986 0.40
2987 0.49
2988 0.32
2989 0.20
2990 0.34
2991 0.49
2992 0.44
2993 0.06
2994 0.36
2995 0.46
2996 0.49
2997 0.46
2998 0.44
2999 0.49
