0 138.67
30 177.33
60 192.67
90 279.33
120 234.67
150 302.00
180 240.67
210 298.00
240 229.33
270 243.33
300 268.00
330 274.67
360 262.67
390 325.33
420 328.00
450 286.67
480 303.33
510 280.67
540 260.67
570 276.67
600 271.33
630 238.67
660 272.00
690 285.33
720 252.00
750 266.67
780 304.00
810 270.67
840 293.33
870 276.00
900 275.33
930 281.33
960 274.67
990 295.33
1020 261.33
1050 325.33
1080 262.67
1110 274.00
1140 267.33
1170 280.67
1200 272.67
1230 296.67
1260 280.00
1290 260.67
1320 284.67
1350 320.67
1380 289.33
1410 295.33
1440 282.67
1470 322.00
1500 290.67
1530 300.67
1560 273.33
1590 280.00
1620 294.00
1650 300.67
1680 298.67
1710 307.33
1740 289.33
1770 237.33
1800 246.67
1830 256.00
1860 299.33
1890 298.00
1920 296.67
1950 301.33
1980 296.00
2010 273.33
2040 286.00
2070 289.33
2100 304.00
2130 296.00
2160 305.33
2190 284.67
2220 263.33
2250 315.33
2280 283.33
2310 307.33
2340 296.67
2370 322.00
2400 216.00
2430 306.67
2460 322.67
2490 294.67
2520 324.00
2550 276.67
2580 303.33
2610 307.33
2640 319.33
2670 308.00
2700 345.33
2730 341.33
2760 333.33
2790 348.67
2820 342.00
2850 344.67
2880 340.67
2910 316.67
2940 295.33
2970 318.67
