0 -0.15
30 0.21
60 0.04
90 0.07
120 0.15
150 -0.01
180 -0.11
210 0.11
240 0.20
270 0.31
300 0.20
330 0.19
360 0.20
390 0.10
420 0.13
450 0.25
480 0.16
510 0.31
540 0.32
570 0.07
600 0.19
630 0.26
660 0.16
690 0.27
720 0.21
750 0.27
780 0.25
810 0.24
840 0.18
870 0.27
900 0.27
930 0.31
960 0.23
990 0.39
1020 0.31
1050 0.23
1080 0.25
1110 0.23
1140 0.16
1170 0.31
1200 0.23
1230 0.29
1260 0.33
1290 0.26
1320 0.25
1350 0.35
1380 0.34
1410 0.29
1440 0.39
1470 0.34
1500 0.27
1530 0.28
1560 0.34
1590 0.25
1620 0.32
1650 0.16
1680 0.13
1710 0.21
1740 0.23
1770 0.21
1800 0.32
1830 0.27
1860 0.28
1890 0.31
1920 0.35
1950 0.35
1980 0.31
2010 0.33
2040 0.22
2070 0.33
2100 0.31
2130 0.33
2160 0.33
2190 0.21
2220 0.34
2250 0.28
2280 0.29
2310 0.30
2340 0.40
2370 0.06
2400 0.30
2430 0.34
2460 0.29
2490 0.28
2520 0.29
2550 0.28
2580 0.32
2610 0.39
2640 0.33
2670 0.33
2700 0.24
2730 0.28
2760 0.42
2790 0.35
2820 0.36
2850 0.32
2880 0.31
2910 0.35
2940 0.38
2970 0.26
