0 -0.19
1 -0.18
2 -0.19
3 -0.19
4 -0.19
5 -0.19
6 -0.19
7 -0.19
8 -0.19
9 -0.19
10 -0.19
11 -0.19
12 -0.19
13 -0.19
14 -0.19
15 -0.19
16 -0.19
17 -0.19
18 -0.19
19 -0.19
20 -0.19
21 -0.19
22 -0.19
23 -0.19
24 -0.19
25 -0.19
26 -0.19
27 -0.19
28 -0.19
29 -0.19
30 -0.19
31 -0.19
32 -0.19
33 -0.19
34 -0.19
35 -0.19
36 -0.19
37 -0.19
38 -0.19
39 -0.19
40 -0.19
41 -0.19
42 -0.19
43 -0.19
44 -0.19
45 -0.19
46 -0.19
47 -0.19
48 -0.19
49 -0.19
50 -0.19
51 -0.19
52 -0.19
53 -0.19
54 -0.19
55 -0.19
56 -0.19
57 -0.19
58 -0.19
59 -0.19
60 -0.19
61 -0.19
62 -0.19
63 -0.19
64 -0.19
65 -0.19
66 -0.19
67 -0.19
68 -0.19
69 -0.19
70 -0.19
71 -0.19
72 -0.19
73 -0.19
74 -0.19
75 -0.19
76 -0.19
77 -0.19
78 -0.19
79 -0.19
80 -0.19
81 -0.19
82 -0.19
83 -0.19
84 -0.19
85 -0.19
86 -0.19
87 -0.19
88 -0.19
89 -0.19
90 -0.19
91 -0.19
92 -0.19
93 -0.19
94 -0.19
95 -0.19
96 -0.19
97 -0.19
98 -0.19
99 -0.19
100 -0.19
101 -0.19
102 -0.19
103 -0.19
104 -0.19
105 -0.19
106 -0.19
107 -0.19
108 -0.19
109 -0.19
110 -0.19
111 -0.19
112 -0.19
113 -0.19
114 -0.19
115 -0.19
116 -0.19
117 -0.19
118 -0.19
119 -0.19
120 -0.19
121 -0.19
122 -0.19
123 -0.19
124 -0.19
125 -0.19
126 -0.19
127 -0.19
128 -0.19
129 -0.19
130 -0.19
131 -0.19
132 -0.19
133 -0.19
134 -0.19
135 -0.19
136 -0.19
137 -0.19
138 -0.19
139 -0.19
140 -0.19
141 -0.19
142 -0.19
143 -0.19
144 -0.19
145 -0.19
146 -0.19
147 -0.19
148 -0.19
149 -0.19
150 -0.19
151 -0.19
152 -0.19
153 -0.19
154 -0.19
155 -0.19
156 -0.19
157 -0.19
158 -0.19
159 -0.19
160 -0.19
161 -0.19
162 -0.19
163 -0.19
164 -0.19
165 -0.19
166 -0.19
167 -0.19
168 -0.19
169 -0.19
170 -0.19
171 -0.19
172 -0.19
173 -0.19
174 -0.19
175 -0.19
176 -0.19
177 -0.19
178 -0.19
179 -0.19
180 -0.19
181 -0.19
182 -0.19
183 -0.19
184 -0.19
185 -0.19
186 -0.19
187 -0.19
188 -0.19
189 -0.19
190 -0.19
191 -0.19
192 -0.19
193 -0.19
194 -0.19
195 -0.19
196 -0.19
197 -0.19
198 -0.19
199 -0.19
200 0.41
201 0.41
202 0.41
203 0.41
204 0.41
205 0.41
206 0.41
207 0.41
208 0.41
209 0.41
210 0.41
211 0.41
212 0.41
213 0.41
214 0.41
215 0.41
216 0.41
217 0.41
218 0.41
219 0.41
220 0.41
221 0.41
222 0.41
223 0.41
224 0.41
225 0.41
226 0.41
227 0.41
228 0.41
229 0.41
230 0.41
231 0.41
232 0.41
233 0.41
234 0.41
235 0.41
236 0.41
237 0.41
238 0.41
239 0.41
240 0.41
241 0.41
242 0.41
243 0.41
244 0.41
245 0.41
246 0.41
247 0.41
248 0.41
249 0.41
250 0.41
251 0.41
252 0.41
253 0.41
254 0.41
255 0.41
256 0.41
257 0.41
258 0.41
259 0.41
260 0.41
261 0.41
262 0.41
263 0.41
264 0.41
265 0.41
266 0.41
267 0.41
268 0.41
269 0.41
270 0.41
271 0.41
272 0.41
273 0.41
274 0.41
275 0.41
276 0.41
277 0.41
278 0.41
279 0.41
280 0.41
281 0.41
282 0.41
283 0.41
284 0.41
285 0.41
286 0.41
287 0.41
288 0.41
289 0.41
290 0.41
291 0.41
292 0.41
293 0.41
294 0.41
295 0.41
296 0.41
297 0.41
298 0.41
299 0.41
300 0.41
301 0.41
302 0.41
303 0.41
304 0.41
305 0.41
306 0.41
307 0.41
308 0.41
309 0.41
310 0.41
311 0.41
312 0.41
313 0.41
314 0.41
315 0.41
316 0.41
317 0.41
318 0.41
319 0.41
320 0.41
321 0.41
322 0.41
323 0.41
324 0.41
325 0.41
326 0.41
327 0.41
328 0.41
329 0.41
330 0.41
331 0.41
332 0.41
333 0.41
334 0.41
335 0.41
336 0.41
337 0.41
338 0.41
339 0.41
340 0.41
341 0.41
342 0.41
343 0.41
344 0.41
345 0.41
346 0.41
347 0.41
348 0.41
349 0.41
350 0.41
351 0.41
352 0.41
353 0.41
354 0.41
355 0.41
356 0.41
357 0.41
358 0.41
359 0.41
360 0.41
361 0.41
362 0.41
363 0.41
364 0.41
365 0.41
366 0.41
367 0.41
368 0.41
369 0.41
370 0.41
371 0.41
372 0.41
373 0.41
374 0.41
375 0.41
376 0.41
377 0.41
378 0.41
379 0.41
380 0.41
381 0.41
382 0.41
383 0.41
384 0.41
385 0.41
386 0.41
387 0.41
388 0.41
389 0.41
390 0.41
391 0.41
392 0.41
393 0.41
394 0.41
395 0.41
396 0.41
397 0.41
398 0.41
399 0.41
400 -0.00
401 0.00
402 0.00
403 0.00
404 0.00
405 0.00
406 -0.00
407 0.00
408 0.00
409 0.00
410 0.00
411 0.00
412 0.00
413 0.00
414 0.00
415 0.00
416 0.00
417 0.00
418 0.00
419 0.00
420 0.00
421 0.00
422 0.00
423 0.00
424 0.00
425 0.00
426 0.00
427 0.00
428 0.00
429 0.00
430 0.00
431 0.00
432 0.00
433 0.00
434 0.00
435 0.00
436 0.00
437 0.00
438 0.00
439 0.00
440 0.00
441 0.00
442 0.00
443 0.00
444 0.00
445 0.00
446 0.00
447 0.00
448 0.00
449 0.00
450 0.00
451 0.00
452 0.00
453 0.00
454 0.00
455 0.00
456 0.00
457 0.00
458 0.00
459 0.00
460 0.00
461 0.00
462 0.00
463 0.00
464 0.00
465 0.00
466 0.00
467 0.00
468 0.00
469 0.00
470 0.00
471 0.00
472 0.00
473 0.00
474 0.00
475 0.00
476 0.00
477 0.00
478 0.00
479 0.00
480 0.00
481 0.00
482 0.00
483 0.00
484 0.00
485 0.00
486 0.00
487 0.00
488 0.00
489 0.00
490 0.00
491 0.00
492 0.00
493 0.00
494 0.00
495 0.00
496 0.00
497 0.00
498 0.00
499 0.00
500 0.00
501 0.00
502 0.00
503 0.00
504 0.00
505 0.00
506 0.00
507 0.00
508 0.00
509 0.00
510 0.00
511 0.00
512 0.00
513 0.00
514 0.00
515 0.00
516 0.00
517 0.00
518 0.00
519 0.00
520 0.00
521 0.00
522 0.00
523 0.00
524 0.00
525 0.00
526 0.00
527 0.00
528 0.00
529 0.00
530 0.00
531 0.00
532 0.00
533 0.00
534 0.00
535 0.00
536 0.00
537 0.00
538 0.00
539 0.00
540 0.00
541 0.00
542 0.00
543 0.00
544 0.00
545 0.00
546 0.00
547 0.00
548 0.00
549 0.00
550 0.00
551 0.00
552 0.00
553 0.00
554 0.00
555 0.00
556 0.00
557 0.00
558 0.00
559 0.00
560 0.00
561 0.00
562 0.00
563 0.00
564 0.00
565 0.00
566 0.00
567 0.00
568 0.00
569 0.00
570 0.00
571 0.00
572 0.00
573 0.00
574 0.00
575 0.00
576 0.00
577 0.00
578 0.00
579 0.00
580 0.00
581 0.00
582 0.00
583 0.00
584 0.00
585 0.00
586 0.00
587 0.00
588 0.00
589 0.00
590 0.00
591 0.00
592 0.00
593 0.00
594 0.00
595 0.00
596 0.00
597 0.00
598 0.00
599 0.00
600 0.32
601 0.32
602 0.32
603 0.32
604 0.32
605 0.32
606 0.32
607 0.32
608 0.32
609 0.32
610 0.32
611 0.32
612 0.32
613 0.32
614 0.32
615 0.32
616 0.32
617 0.32
618 0.32
619 0.32
620 0.32
621 0.32
622 0.32
623 0.32
624 0.32
625 0.32
626 0.32
627 0.32
628 0.32
629 0.32
630 0.32
631 0.32
632 0.32
633 0.32
634 0.32
635 0.32
636 0.32
637 0.32
638 0.32
639 0.32
640 0.32
641 0.32
642 0.32
643 0.32
644 0.32
645 0.32
646 0.32
647 0.32
648 0.32
649 0.32
650 0.32
651 0.32
652 0.32
653 0.32
654 0.32
655 0.32
656 0.32
657 0.32
658 0.32
659 0.32
660 0.32
661 0.32
662 0.32
663 0.32
664 0.32
665 0.32
666 0.32
667 0.32
668 0.32
669 0.32
670 0.32
671 0.32
672 0.32
673 0.32
674 0.32
675 0.32
676 0.32
677 0.32
678 0.32
679 0.32
680 0.32
681 0.32
682 0.32
683 0.32
684 0.32
685 0.32
686 0.32
687 0.32
688 0.32
689 0.32
690 0.32
691 0.32
692 0.32
693 0.32
694 0.32
695 0.32
696 0.32
697 0.32
698 0.32
699 0.32
700 0.32
701 0.32
702 0.32
703 0.32
704 0.32
705 0.32
706 0.32
707 0.32
708 0.32
709 0.32
710 0.32
711 0.32
712 0.32
713 0.32
714 0.32
715 0.32
716 0.32
717 0.32
718 0.32
719 0.32
720 0.32
721 0.32
722 0.32
723 0.32
724 0.32
725 0.32
726 0.32
727 0.32
728 0.32
729 0.32
730 0.32
731 0.32
732 0.32
733 0.32
734 0.32
735 0.32
736 0.32
737 0.32
738 0.32
739 0.32
740 0.32
741 0.32
742 0.32
743 0.32
744 0.32
745 0.32
746 0.32
747 0.32
748 0.32
749 0.32
750 0.32
751 0.32
752 0.32
753 0.32
754 0.32
755 0.32
756 0.32
757 0.32
758 0.32
759 0.32
760 0.32
761 0.32
762 0.32
763 0.32
764 0.32
765 0.32
766 0.32
767 0.32
768 0.32
769 0.32
770 0.32
771 0.32
772 0.32
773 0.32
774 0.32
775 0.32
776 0.32
777 0.32
778 0.32
779 0.32
780 0.32
781 0.32
782 0.32
783 0.32
784 0.32
785 0.32
786 0.32
787 0.32
788 0.32
789 0.32
790 0.32
791 0.32
792 0.32
793 0.32
794 0.32
795 0.32
796 0.32
797 0.32
798 0.32
799 0.32
800 0.42
801 0.42
802 0.42
803 0.42
804 0.42
805 0.42
806 0.42
807 0.42
808 0.42
809 0.42
810 0.42
811 0.42
812 0.42
813 0.42
814 0.42
815 0.42
816 0.42
817 0.42
818 0.42
819 0.42
820 0.42
821 0.42
822 0.42
823 0.42
824 0.42
825 0.42
826 0.42
827 0.42
828 0.42
829 0.42
830 0.42
831 0.42
832 0.42
833 0.42
834 0.42
835 0.42
836 0.42
837 0.42
838 0.42
839 0.42
840 0.42
841 0.42
842 0.42
843 0.42
844 0.42
845 0.42
846 0.42
847 0.42
848 0.42
849 0.42
850 0.42
851 0.42
852 0.42
853 0.42
854 0.42
855 0.42
856 0.42
857 0.42
858 0.42
859 0.42
860 0.42
861 0.42
862 0.42
863 0.42
864 0.42
865 0.42
866 0.42
867 0.42
868 0.42
869 0.42
870 0.42
871 0.42
872 0.42
873 0.42
874 0.42
875 0.42
876 0.42
877 0.42
878 0.42
879 0.42
880 0.42
881 0.42
882 0.42
883 0.42
884 0.42
885 0.42
886 0.42
887 0.42
888 0.42
889 0.42
890 0.42
891 0.42
892 0.42
893 0.42
894 0.42
895 0.42
896 0.42
897 0.42
898 0.42
899 0.42
900 0.42
901 0.42
902 0.42
903 0.42
904 0.42
905 0.42
906 0.42
907 0.42
908 0.42
909 0.42
910 0.42
911 0.42
912 0.42
913 0.42
914 0.42
915 0.42
916 0.42
917 0.42
918 0.42
919 0.42
920 0.42
921 0.42
922 0.42
923 0.42
924 0.42
925 0.42
926 0.42
927 0.42
928 0.42
929 0.42
930 0.42
931 0.42
932 0.42
933 0.42
934 0.42
935 0.42
936 0.42
937 0.42
938 0.42
939 0.42
940 0.42
941 0.42
942 0.42
943 0.42
944 0.42
945 0.42
946 0.42
947 0.42
948 0.42
949 0.42
950 0.42
951 0.42
952 0.42
953 0.42
954 0.42
955 0.42
956 0.42
957 0.42
958 0.42
959 0.42
960 0.42
961 0.42
962 0.42
963 0.42
964 0.42
965 0.42
966 0.42
967 0.42
968 0.42
969 0.42
970 0.42
971 0.42
972 0.42
973 0.42
974 0.42
975 0.42
976 0.42
977 0.42
978 0.42
979 0.42
980 0.42
981 0.42
982 0.42
983 0.42
984 0.42
985 0.42
986 0.42
987 0.42
988 0.42
989 0.42
990 0.42
991 0.42
992 0.42
993 0.42
994 0.42
995 0.42
996 0.42
997 0.42
998 0.42
999 0.42
1000 0.41
1001 0.41
1002 0.41
1003 0.41
1004 0.41
1005 0.41
1006 0.41
1007 0.41
1008 0.41
1009 0.41
1010 0.41
1011 0.41
1012 0.41
1013 0.41
1014 0.41
1015 0.41
1016 0.41
1017 0.41
1018 0.41
1019 0.41
1020 0.41
1021 0.41
1022 0.41
1023 0.41
1024 0.41
1025 0.41
1026 0.41
1027 0.41
1028 0.41
1029 0.41
1030 0.41
1031 0.41
1032 0.41
1033 0.41
1034 0.41
1035 0.41
1036 0.41
1037 0.41
1038 0.41
1039 0.41
1040 0.41
1041 0.41
1042 0.41
1043 0.41
1044 0.41
1045 0.41
1046 0.41
1047 0.41
1048 0.41
1049 0.41
1050 0.41
1051 0.41
1052 0.41
1053 0.41
1054 0.41
1055 0.41
1056 0.41
1057 0.41
1058 0.41
1059 0.41
1060 0.41
1061 0.41
1062 0.41
1063 0.41
1064 0.41
1065 0.41
1066 0.41
1067 0.41
1068 0.41
1069 0.41
1070 0.41
1071 0.41
1072 0.41
1073 0.41
1074 0.41
1075 0.41
1076 0.41
1077 0.41
1078 0.41
1079 0.41
1080 0.41
1081 0.41
1082 0.41
1083 0.41
1084 0.41
1085 0.41
1086 0.41
1087 0.41
1088 0.41
1089 0.41
1090 0.41
1091 0.41
1092 0.41
1093 0.41
1094 0.41
1095 0.41
1096 0.41
1097 0.41
1098 0.41
1099 0.41
1100 0.41
1101 0.41
1102 0.41
1103 0.41
1104 0.41
1105 0.41
1106 0.41
1107 0.41
1108 0.41
1109 0.41
1110 0.41
1111 0.41
1112 0.41
1113 0.41
1114 0.41
1115 0.41
1116 0.41
1117 0.41
1118 0.41
1119 0.41
1120 0.41
1121 0.41
1122 0.41
1123 0.41
1124 0.41
1125 0.41
1126 0.41
1127 0.41
1128 0.41
1129 0.41
1130 0.41
1131 0.41
1132 0.41
1133 0.41
1134 0.41
1135 0.41
1136 0.41
1137 0.41
1138 0.41
1139 0.41
1140 0.41
1141 0.41
1142 0.41
1143 0.41
1144 0.41
1145 0.41
1146 0.41
1147 0.41
1148 0.41
1149 0.41
1150 0.41
1151 0.41
1152 0.41
1153 0.41
1154 0.41
1155 0.41
1156 0.41
1157 0.41
1158 0.41
1159 0.41
1160 0.41
1161 0.41
1162 0.41
1163 0.41
1164 0.41
1165 0.41
1166 0.41
1167 0.41
1168 0.41
1169 0.41
1170 0.41
1171 0.41
1172 0.41
1173 0.41
1174 0.41
1175 0.41
1176 0.41
1177 0.41
1178 0.41
1179 0.41
1180 0.41
1181 0.41
1182 0.41
1183 0.41
1184 0.41
1185 0.41
1186 0.41
1187 0.41
1188 0.41
1189 0.41
1190 0.41
1191 0.41
1192 0.41
1193 0.41
1194 0.41
1195 0.41
1196 0.41
1197 0.41
1198 0.41
1199 0.41
1200 0.42
1201 0.42
1202 0.42
1203 0.42
1204 0.42
1205 0.42
1206 0.42
1207 0.42
1208 0.42
1209 0.42
1210 0.42
1211 0.42
1212 0.42
1213 0.42
1214 0.42
1215 0.42
1216 0.42
1217 0.42
1218 0.42
1219 0.42
1220 0.42
1221 0.42
1222 0.42
1223 0.42
1224 0.42
1225 0.42
1226 0.42
1227 0.42
1228 0.42
1229 0.42
1230 0.42
1231 0.42
1232 0.42
1233 0.42
1234 0.42
1235 0.42
1236 0.42
1237 0.42
1238 0.42
1239 0.42
1240 0.42
1241 0.42
1242 0.42
1243 0.42
1244 0.42
1245 0.42
1246 0.42
1247 0.42
1248 0.42
1249 0.42
1250 0.42
1251 0.42
1252 0.42
1253 0.42
1254 0.42
1255 0.42
1256 0.42
1257 0.42
1258 0.42
1259 0.42
1260 0.42
1261 0.42
1262 0.42
1263 0.42
1264 0.42
1265 0.42
1266 0.42
1267 0.42
1268 0.42
1269 0.42
1270 0.42
1271 0.42
1272 0.42
1273 0.42
1274 0.42
1275 0.42
1276 0.42
1277 0.42
1278 0.42
1279 0.42
1280 0.42
1281 0.42
1282 0.42
1283 0.42
1284 0.42
1285 0.42
1286 0.42
1287 0.42
1288 0.42
1289 0.42
1290 0.42
1291 0.42
1292 0.42
1293 0.42
1294 0.42
1295 0.42
1296 0.42
1297 0.42
1298 0.42
1299 0.42
1300 0.42
1301 0.42
1302 0.42
1303 0.42
1304 0.42
1305 0.42
1306 0.42
1307 0.42
1308 0.42
1309 0.42
1310 0.42
1311 0.42
1312 0.42
1313 0.42
1314 0.42
1315 0.42
1316 0.42
1317 0.42
1318 0.42
1319 0.42
1320 0.42
1321 0.42
1322 0.42
1323 0.42
1324 0.42
1325 0.42
1326 0.42
1327 0.42
1328 0.42
1329 0.42
1330 0.42
1331 0.42
1332 0.42
1333 0.42
1334 0.42
1335 0.42
1336 0.42
1337 0.42
1338 0.42
1339 0.42
1340 0.42
1341 0.42
1342 0.42
1343 0.42
1344 0.42
1345 0.42
1346 0.42
1347 0.42
1348 0.42
1349 0.42
1350 0.42
1351 0.42
1352 0.42
1353 0.42
1354 0.42
1355 0.42
1356 0.42
1357 0.42
1358 0.42
1359 0.42
1360 0.42
1361 0.42
1362 0.42
1363 0.42
1364 0.42
1365 0.42
1366 0.42
1367 0.42
1368 0.42
1369 0.42
1370 0.42
1371 0.42
1372 0.42
1373 0.42
1374 0.42
1375 0.42
1376 0.42
1377 0.42
1378 0.42
1379 0.42
1380 0.42
1381 0.42
1382 0.42
1383 0.42
1384 0.42
1385 0.42
1386 0.42
1387 0.42
1388 0.42
1389 0.42
1390 0.42
1391 0.42
1392 0.42
1393 0.42
1394 0.42
1395 0.42
1396 0.42
1397 0.42
1398 0.42
1399 0.42
1400 0.34
1401 0.34
1402 0.34
1403 0.34
1404 0.34
1405 0.34
1406 0.34
1407 0.34
1408 0.34
1409 0.34
1410 0.34
1411 0.34
1412 0.34
1413 0.34
1414 0.34
1415 0.34
1416 0.34
1417 0.34
1418 0.34
1419 0.34
1420 0.34
1421 0.34
1422 0.34
1423 0.34
1424 0.34
1425 0.34
1426 0.34
1427 0.34
1428 0.34
1429 0.34
1430 0.34
1431 0.34
1432 0.34
1433 0.34
1434 0.34
1435 0.34
1436 0.34
1437 0.34
1438 0.34
1439 0.34
1440 0.34
1441 0.34
1442 0.34
1443 0.34
1444 0.34
1445 0.34
1446 0.34
1447 0.34
1448 0.34
1449 0.34
1450 0.34
1451 0.34
1452 0.34
1453 0.34
1454 0.34
1455 0.34
1456 0.34
1457 0.34
1458 0.34
1459 0.34
1460 0.34
1461 0.34
1462 0.34
1463 0.34
1464 0.34
1465 0.34
1466 0.34
1467 0.34
1468 0.34
1469 0.34
1470 0.34
1471 0.34
1472 0.34
1473 0.34
1474 0.34
1475 0.34
1476 0.34
1477 0.34
1478 0.34
1479 0.34
1480 0.34
1481 0.34
1482 0.34
1483 0.34
1484 0.34
1485 0.34
1486 0.34
1487 0.34
1488 0.34
1489 0.34
1490 0.34
1491 0.34
1492 0.34
1493 0.34
1494 0.34
1495 0.34
1496 0.34
1497 0.34
1498 0.34
1499 0.34
1500 0.34
1501 0.34
1502 0.34
1503 0.34
1504 0.34
1505 0.34
1506 0.34
1507 0.34
1508 0.34
1509 0.34
1510 0.34
1511 0.34
1512 0.34
1513 0.34
1514 0.34
1515 0.34
1516 0.34
1517 0.34
1518 0.34
1519 0.34
1520 0.34
1521 0.34
1522 0.34
1523 0.34
1524 0.34
1525 0.34
1526 0.34
1527 0.34
1528 0.34
1529 0.34
1530 0.34
1531 0.34
1532 0.34
1533 0.34
1534 0.34
1535 0.34
1536 0.34
1537 0.34
1538 0.34
1539 0.34
1540 0.34
1541 0.34
1542 0.34
1543 0.34
1544 0.34
1545 0.34
1546 0.34
1547 0.34
1548 0.34
1549 0.34
1550 0.34
1551 0.34
1552 0.34
1553 0.34
1554 0.34
1555 0.34
1556 0.34
1557 0.34
1558 0.34
1559 0.34
1560 0.34
1561 0.34
1562 0.34
1563 0.34
1564 0.34
1565 0.34
1566 0.34
1567 0.34
1568 0.34
1569 0.34
1570 0.34
1571 0.34
1572 0.34
1573 0.34
1574 0.34
1575 0.34
1576 0.34
1577 0.34
1578 0.34
1579 0.34
1580 0.34
1581 0.34
1582 0.34
1583 0.34
1584 0.34
1585 0.34
1586 0.34
1587 0.34
1588 0.34
1589 0.34
1590 0.34
1591 0.34
1592 0.34
1593 0.34
1594 0.34
1595 0.34
1596 0.34
1597 0.34
1598 0.34
1599 0.34
1600 0.41
1601 0.41
1602 0.41
1603 0.41
1604 0.41
1605 0.41
1606 0.41
1607 0.41
1608 0.41
1609 0.41
1610 0.41
1611 0.41
1612 0.41
1613 0.41
1614 0.41
1615 0.41
1616 0.41
1617 0.41
1618 0.41
1619 0.41
1620 0.41
1621 0.41
1622 0.41
1623 0.41
1624 0.41
1625 0.41
1626 0.41
1627 0.41
1628 0.41
1629 0.41
1630 0.41
1631 0.41
1632 0.41
1633 0.41
1634 0.41
1635 0.41
1636 0.41
1637 0.41
1638 0.41
1639 0.41
1640 0.41
1641 0.41
1642 0.41
1643 0.41
1644 0.41
1645 0.41
1646 0.41
1647 0.41
1648 0.41
1649 0.41
1650 0.41
1651 0.41
1652 0.41
1653 0.41
1654 0.41
1655 0.41
1656 0.41
1657 0.41
1658 0.41
1659 0.41
1660 0.41
1661 0.41
1662 0.41
1663 0.41
1664 0.41
1665 0.41
1666 0.41
1667 0.41
1668 0.41
1669 0.41
1670 0.41
1671 0.41
1672 0.41
1673 0.41
1674 0.41
1675 0.41
1676 0.41
1677 0.41
1678 0.41
1679 0.41
1680 0.41
1681 0.41
1682 0.41
1683 0.41
1684 0.41
1685 0.41
1686 0.41
1687 0.41
1688 0.41
1689 0.41
1690 0.41
1691 0.41
1692 0.41
1693 0.41
1694 0.41
1695 0.41
1696 0.41
1697 0.41
1698 0.41
1699 0.41
1700 0.41
1701 0.41
1702 0.41
1703 0.41
1704 0.41
1705 0.41
1706 0.41
1707 0.41
1708 0.41
1709 0.41
1710 0.41
1711 0.41
1712 0.41
1713 0.41
1714 0.41
1715 0.41
1716 0.41
1717 0.41
1718 0.41
1719 0.41
1720 0.41
1721 0.41
1722 0.41
1723 0.41
1724 0.41
1725 0.41
1726 0.41
1727 0.41
1728 0.41
1729 0.41
1730 0.41
1731 0.41
1732 0.41
1733 0.41
1734 0.41
1735 0.41
1736 0.41
1737 0.41
1738 0.41
1739 0.41
1740 0.41
1741 0.41
1742 0.41
1743 0.41
1744 0.41
1745 0.41
1746 0.41
1747 0.41
1748 0.41
1749 0.41
1750 0.41
1751 0.41
1752 0.41
1753 0.41
1754 0.41
1755 0.41
1756 0.41
1757 0.41
1758 0.41
1759 0.41
1760 0.41
1761 0.41
1762 0.41
1763 0.41
1764 0.41
1765 0.41
1766 0.41
1767 0.41
1768 0.41
1769 0.41
1770 0.41
1771 0.41
1772 0.41
1773 0.41
1774 0.41
1775 0.41
1776 0.41
1777 0.41
1778 0.41
1779 0.41
1780 0.41
1781 0.41
1782 0.41
1783 0.41
1784 0.41
1785 0.41
1786 0.41
1787 0.41
1788 0.41
1789 0.41
1790 0.41
1791 0.41
1792 0.41
1793 0.41
1794 0.41
1795 0.41
1796 0.41
1797 0.41
1798 0.41
1799 0.41
1800 0.43
1801 0.43
1802 0.43
1803 0.43
1804 0.43
1805 0.43
1806 0.43
1807 0.43
1808 0.43
1809 0.43
1810 0.43
1811 0.43
1812 0.43
1813 0.43
1814 0.43
1815 0.43
1816 0.43
1817 0.43
1818 0.43
1819 0.43
1820 0.43
1821 0.43
1822 0.43
1823 0.43
1824 0.43
1825 0.43
1826 0.43
1827 0.43
1828 0.43
1829 0.43
1830 0.43
1831 0.43
1832 0.43
1833 0.43
1834 0.43
1835 0.43
1836 0.43
1837 0.43
1838 0.43
1839 0.43
1840 0.43
1841 0.43
1842 0.43
1843 0.43
1844 0.43
1845 0.43
1846 0.43
1847 0.43
1848 0.43
1849 0.43
1850 0.43
1851 0.43
1852 0.43
1853 0.43
1854 0.43
1855 0.43
1856 0.43
1857 0.43
1858 0.43
1859 0.43
1860 0.43
1861 0.43
1862 0.43
1863 0.43
1864 0.43
1865 0.43
1866 0.43
1867 0.43
1868 0.43
1869 0.43
1870 0.43
1871 0.43
1872 0.43
1873 0.43
1874 0.43
1875 0.43
1876 0.43
1877 0.43
1878 0.43
1879 0.43
1880 0.43
1881 0.43
1882 0.43
1883 0.43
1884 0.43
1885 0.43
1886 0.43
1887 0.43
1888 0.43
1889 0.43
1890 0.43
1891 0.43
1892 0.43
1893 0.43
1894 0.43
1895 0.43
1896 0.43
1897 0.43
1898 0.43
1899 0.43
1900 0.43
1901 0.43
1902 0.43
1903 0.43
1904 0.43
1905 0.43
1906 0.43
1907 0.43
1908 0.43
1909 0.43
1910 0.43
1911 0.43
1912 0.43
1913 0.43
1914 0.43
1915 0.43
1916 0.43
1917 0.43
1918 0.43
1919 0.43
1920 0.43
1921 0.43
1922 0.43
1923 0.43
1924 0.43
1925 0.43
1926 0.43
1927 0.43
1928 0.43
1929 0.43
1930 0.43
1931 0.43
1932 0.43
1933 0.43
1934 0.43
1935 0.43
1936 0.43
1937 0.43
1938 0.43
1939 0.43
1940 0.43
1941 0.43
1942 0.43
1943 0.43
1944 0.43
1945 0.43
1946 0.43
1947 0.43
1948 0.43
1949 0.43
1950 0.43
1951 0.43
1952 0.43
1953 0.43
1954 0.43
1955 0.43
1956 0.43
1957 0.43
1958 0.43
1959 0.43
1960 0.43
1961 0.43
1962 0.43
1963 0.43
1964 0.43
1965 0.43
1966 0.43
1967 0.43
1968 0.43
1969 0.43
1970 0.43
1971 0.43
1972 0.43
1973 0.43
1974 0.43
1975 0.43
1976 0.43
1977 0.43
1978 0.43
1979 0.43
1980 0.43
1981 0.43
1982 0.43
1983 0.43
1984 0.43
1985 0.43
1986 0.43
1987 0.43
1988 0.43
1989 0.43
1990 0.43
1991 0.43
1992 0.43
1993 0.43
1994 0.43
1995 0.43
1996 0.43
1997 0.43
1998 0.43
1999 0.43
2000 0.08
2001 0.08
2002 0.08
2003 0.08
2004 0.08
2005 0.08
2006 0.08
2007 0.08
2008 0.08
2009 0.08
2010 0.08
2011 0.08
2012 0.08
2013 0.08
2014 0.08
2015 0.08
2016 0.08
2017 0.08
2018 0.08
2019 0.08
2020 0.08
2021 0.08
2022 0.08
2023 0.08
2024 0.08
2025 0.08
2026 0.08
2027 0.08
2028 0.08
2029 0.08
2030 0.08
2031 0.08
2032 0.08
2033 0.08
2034 0.08
2035 0.08
2036 0.08
2037 0.08
2038 0.08
2039 0.08
2040 0.08
2041 0.08
2042 0.08
2043 0.08
2044 0.08
2045 0.08
2046 0.08
2047 0.08
2048 0.08
2049 0.08
2050 0.08
2051 0.08
2052 0.08
2053 0.08
2054 0.08
2055 0.08
2056 0.08
2057 0.08
2058 0.08
2059 0.08
2060 0.08
2061 0.08
2062 0.08
2063 0.08
2064 0.08
2065 0.08
2066 0.08
2067 0.08
2068 0.08
2069 0.08
2070 0.08
2071 0.08
2072 0.08
2073 0.08
2074 0.08
2075 0.08
2076 0.08
2077 0.08
2078 0.08
2079 0.08
2080 0.08
2081 0.08
2082 0.08
2083 0.08
2084 0.08
2085 0.08
2086 0.08
2087 0.08
2088 0.08
2089 0.08
2090 0.08
2091 0.08
2092 0.08
2093 0.08
2094 0.08
2095 0.08
2096 0.08
2097 0.08
2098 0.08
2099 0.08
2100 0.08
2101 0.08
2102 0.08
2103 0.08
2104 0.08
2105 0.08
2106 0.08
2107 0.08
2108 0.08
2109 0.08
2110 0.08
2111 0.08
2112 0.08
2113 0.08
2114 0.08
2115 0.08
2116 0.08
2117 0.08
2118 0.08
2119 0.08
2120 0.08
2121 0.08
2122 0.08
2123 0.08
2124 0.08
2125 0.08
2126 0.08
2127 0.08
2128 0.08
2129 0.08
2130 0.08
2131 0.08
2132 0.08
2133 0.08
2134 0.08
2135 0.08
2136 0.08
2137 0.08
2138 0.08
2139 0.08
2140 0.08
2141 0.08
2142 0.08
2143 0.08
2144 0.08
2145 0.08
2146 0.08
2147 0.08
2148 0.08
2149 0.08
2150 0.08
2151 0.08
2152 0.08
2153 0.08
2154 0.08
2155 0.08
2156 0.08
2157 0.08
2158 0.08
2159 0.08
2160 0.08
2161 0.08
2162 0.08
2163 0.08
2164 0.08
2165 0.08
2166 0.08
2167 0.08
2168 0.08
2169 0.08
2170 0.08
2171 0.08
2172 0.08
2173 0.08
2174 0.08
2175 0.08
2176 0.08
2177 0.08
2178 0.08
2179 0.08
2180 0.08
2181 0.08
2182 0.08
2183 0.08
2184 0.08
2185 0.08
2186 0.08
2187 0.08
2188 0.08
2189 0.08
2190 0.08
2191 0.08
2192 0.08
2193 0.08
2194 0.08
2195 0.08
2196 0.08
2197 0.08
2198 0.08
2199 0.08
2200 -0.18
2201 -0.18
2202 -0.18
2203 -0.18
2204 -0.18
2205 -0.18
2206 -0.18
2207 -0.18
2208 -0.18
2209 -0.18
2210 -0.18
2211 -0.18
2212 -0.18
2213 -0.18
2214 -0.18
2215 -0.18
2216 -0.18
2217 -0.18
2218 -0.18
2219 -0.18
2220 -0.18
2221 -0.18
2222 -0.18
2223 -0.18
2224 -0.18
2225 -0.18
2226 -0.18
2227 -0.18
2228 -0.18
2229 -0.18
2230 -0.18
2231 -0.18
2232 -0.18
2233 -0.18
2234 -0.18
2235 -0.18
2236 -0.18
2237 -0.18
2238 -0.18
2239 -0.18
2240 -0.18
2241 -0.18
2242 -0.18
2243 -0.18
2244 -0.18
2245 -0.18
2246 -0.18
2247 -0.18
2248 -0.18
2249 -0.18
2250 -0.18
2251 -0.18
2252 -0.18
2253 -0.18
2254 -0.18
2255 -0.18
2256 -0.18
2257 -0.18
2258 -0.18
2259 -0.18
2260 -0.18
2261 -0.18
2262 -0.18
2263 -0.18
2264 -0.18
2265 -0.18
2266 -0.18
2267 -0.18
2268 -0.18
2269 -0.18
2270 -0.18
2271 -0.18
2272 -0.18
2273 -0.18
2274 -0.18
2275 -0.18
2276 -0.18
2277 -0.18
2278 -0.18
2279 -0.18
2280 -0.18
2281 -0.18
2282 -0.18
2283 -0.18
2284 -0.18
2285 -0.18
2286 -0.18
2287 -0.18
2288 -0.18
2289 -0.18
2290 -0.18
2291 -0.18
2292 -0.18
2293 -0.18
2294 -0.18
2295 -0.18
2296 -0.18
2297 -0.18
2298 -0.18
2299 -0.18
2300 -0.18
2301 -0.18
2302 -0.18
2303 -0.18
2304 -0.18
2305 -0.18
2306 -0.18
2307 -0.18
2308 -0.18
2309 -0.18
2310 -0.18
2311 -0.18
2312 -0.18
2313 -0.18
2314 -0.18
2315 -0.18
2316 -0.18
2317 -0.18
2318 -0.18
2319 -0.18
2320 -0.18
2321 -0.18
2322 -0.18
2323 -0.18
2324 -0.18
2325 -0.18
2326 -0.18
2327 -0.18
2328 -0.18
2329 -0.18
2330 -0.18
2331 -0.18
2332 -0.18
2333 -0.18
2334 -0.18
2335 -0.18
2336 -0.18
2337 -0.18
2338 -0.18
2339 -0.18
2340 -0.18
2341 -0.18
2342 -0.18
2343 -0.18
2344 -0.18
2345 -0.18
2346 -0.18
2347 -0.18
2348 -0.18
2349 -0.18
2350 -0.18
2351 -0.18
2352 -0.18
2353 -0.18
2354 -0.18
2355 -0.18
2356 -0.18
2357 -0.18
2358 -0.18
2359 -0.18
2360 -0.18
2361 -0.18
2362 -0.18
2363 -0.18
2364 -0.18
2365 -0.18
2366 -0.18
2367 -0.18
2368 -0.18
2369 -0.18
2370 -0.18
2371 -0.18
2372 -0.18
2373 -0.18
2374 -0.18
2375 -0.18
2376 -0.18
2377 -0.18
2378 -0.18
2379 -0.18
2380 -0.18
2381 -0.18
2382 -0.18
2383 -0.18
2384 -0.18
2385 -0.18
2386 -0.18
2387 -0.18
2388 -0.18
2389 -0.18
2390 -0.18
2391 -0.18
2392 -0.18
2393 -0.18
2394 -0.18
2395 -0.18
2396 -0.18
2397 -0.18
2398 -0.18
2399 -0.18
2400 0.44
2401 0.44
2402 0.44
2403 0.44
2404 0.44
2405 0.44
2406 0.44
2407 0.44
2408 0.44
2409 0.44
2410 0.44
2411 0.44
2412 0.44
2413 0.44
2414 0.44
2415 0.44
2416 0.44
2417 0.44
2418 0.44
2419 0.44
2420 0.44
2421 0.44
2422 0.44
2423 0.44
2424 0.44
2425 0.44
2426 0.44
2427 0.44
2428 0.44
2429 0.44
2430 0.44
2431 0.44
2432 0.44
2433 0.44
2434 0.44
2435 0.44
2436 0.44
2437 0.44
2438 0.44
2439 0.44
2440 0.44
2441 0.44
2442 0.44
2443 0.44
2444 0.44
2445 0.44
2446 0.44
2447 0.44
2448 0.44
2449 0.44
2450 0.44
2451 0.44
2452 0.44
2453 0.44
2454 0.44
2455 0.44
2456 0.44
2457 0.44
2458 0.44
2459 0.44
2460 0.44
2461 0.44
2462 0.44
2463 0.44
2464 0.44
2465 0.44
2466 0.44
2467 0.44
2468 0.44
2469 0.44
2470 0.44
2471 0.44
2472 0.44
2473 0.44
2474 0.44
2475 0.44
2476 0.44
2477 0.44
2478 0.44
2479 0.44
2480 0.44
2481 0.44
2482 0.44
2483 0.44
2484 0.44
2485 0.44
2486 0.44
2487 0.44
2488 0.44
2489 0.44
2490 0.44
2491 0.44
2492 0.44
2493 0.44
2494 0.44
2495 0.44
2496 0.44
2497 0.44
2498 0.44
2499 0.44
2500 0.44
2501 0.44
2502 0.44
2503 0.44
2504 0.44
2505 0.44
2506 0.44
2507 0.44
2508 0.44
2509 0.44
2510 0.44
2511 0.44
2512 0.44
2513 0.44
2514 0.44
2515 0.44
2516 0.44
2517 0.44
2518 0.44
2519 0.44
2520 0.44
2521 0.44
2522 0.44
2523 0.44
2524 0.44
2525 0.44
2526 0.44
2527 0.44
2528 0.44
2529 0.44
2530 0.44
2531 0.44
2532 0.44
2533 0.44
2534 0.44
2535 0.44
2536 0.44
2537 0.44
2538 0.44
2539 0.44
2540 0.44
2541 0.44
2542 0.44
2543 0.44
2544 0.44
2545 0.44
2546 0.44
2547 0.44
2548 0.44
2549 0.44
2550 0.44
2551 0.44
2552 0.44
2553 0.44
2554 0.44
2555 0.44
2556 0.44
2557 0.44
2558 0.44
2559 0.44
2560 0.44
2561 0.44
2562 0.44
2563 0.44
2564 0.44
2565 0.44
2566 0.44
2567 0.44
2568 0.44
2569 0.44
2570 0.44
2571 0.44
2572 0.44
2573 0.44
2574 0.44
2575 0.44
2576 0.44
2577 0.44
2578 0.44
2579 0.44
2580 0.44
2581 0.44
2582 0.44
2583 0.44
2584 0.44
2585 0.44
2586 0.44
2587 0.44
2588 0.44
2589 0.44
2590 0.44
2591 0.44
2592 0.44
2593 0.44
2594 0.44
2595 0.44
2596 0.44
2597 0.44
2598 0.44
2599 0.44
2600 0.46
2601 0.46
2602 0.46
2603 0.46
2604 0.46
2605 0.46
2606 0.46
2607 0.46
2608 0.46
2609 0.46
2610 0.46
2611 0.46
2612 0.46
2613 0.46
2614 0.46
2615 0.46
2616 0.46
2617 0.46
2618 0.46
2619 0.46
2620 0.46
2621 0.46
2622 0.46
2623 0.46
2624 0.46
2625 0.46
2626 0.46
2627 0.46
2628 0.46
2629 0.46
2630 0.46
2631 0.46
2632 0.46
2633 0.46
2634 0.46
2635 0.46
2636 0.46
2637 0.46
2638 0.46
2639 0.46
2640 0.46
2641 0.46
2642 0.46
2643 0.46
2644 0.46
2645 0.46
2646 0.46
2647 0.46
2648 0.46
2649 0.46
2650 0.46
2651 0.46
2652 0.46
2653 0.46
2654 0.46
2655 0.46
2656 0.46
2657 0.46
2658 0.46
2659 0.46
2660 0.46
2661 0.46
2662 0.46
2663 0.46
2664 0.46
2665 0.46
2666 0.46
2667 0.46
2668 0.46
2669 0.46
2670 0.46
2671 0.46
2672 0.46
2673 0.46
2674 0.46
2675 0.46
2676 0.46
2677 0.46
2678 0.46
2679 0.46
2680 0.46
2681 0.46
2682 0.46
2683 0.46
2684 0.46
2685 0.46
2686 0.46
2687 0.46
2688 0.46
2689 0.46
2690 0.46
2691 0.46
2692 0.46
2693 0.46
2694 0.46
2695 0.46
2696 0.46
2697 0.46
2698 0.46
2699 0.46
2700 0.46
2701 0.46
2702 0.46
2703 0.46
2704 0.46
2705 0.46
2706 0.46
2707 0.46
2708 0.46
2709 0.46
2710 0.46
2711 0.46
2712 0.46
2713 0.46
2714 0.46
2715 0.46
2716 0.46
2717 0.46
2718 0.46
2719 0.46
2720 0.46
2721 0.46
2722 0.46
2723 0.46
2724 0.46
2725 0.46
2726 0.46
2727 0.46
2728 0.46
2729 0.46
2730 0.46
2731 0.46
2732 0.46
2733 0.46
2734 0.46
2735 0.46
2736 0.46
2737 0.46
2738 0.46
2739 0.46
2740 0.46
2741 0.46
2742 0.46
2743 0.46
2744 0.46
2745 0.46
2746 0.46
2747 0.46
2748 0.46
2749 0.46
2750 0.46
2751 0.46
2752 0.46
2753 0.46
2754 0.46
2755 0.46
2756 0.46
2757 0.46
2758 0.46
2759 0.46
2760 0.46
2761 0.46
2762 0.46
2763 0.46
2764 0.46
2765 0.46
2766 0.46
2767 0.46
2768 0.46
2769 0.46
2770 0.46
2771 0.46
2772 0.46
2773 0.46
2774 0.46
2775 0.46
2776 0.46
2777 0.46
2778 0.46
2779 0.46
2780 0.46
2781 0.46
2782 0.46
2783 0.46
2784 0.46
2785 0.46
2786 0.46
2787 0.46
2788 0.46
2789 0.46
2790 0.46
2791 0.46
2792 0.46
2793 0.46
2794 0.46
2795 0.46
2796 0.46
2797 0.46
2798 0.46
2799 0.46
2800 0.46
2801 0.46
2802 0.46
2803 0.46
2804 0.46
2805 0.46
2806 0.46
2807 0.46
2808 0.46
2809 0.46
2810 0.46
2811 0.46
2812 0.46
2813 0.46
2814 0.46
2815 0.46
2816 0.46
2817 0.46
2818 0.46
2819 0.46
2820 0.46
2821 0.46
2822 0.46
2823 0.46
2824 0.46
2825 0.46
2826 0.46
2827 0.46
2828 0.46
2829 0.46
2830 0.46
2831 0.46
2832 0.46
2833 0.46
2834 0.46
2835 0.46
2836 0.46
2837 0.46
2838 0.46
2839 0.46
2840 0.46
2841 0.46
2842 0.46
2843 0.46
2844 0.46
2845 0.46
2846 0.46
2847 0.46
2848 0.46
2849 0.46
2850 0.46
2851 0.46
2852 0.46
2853 0.46
2854 0.46
2855 0.46
2856 0.46
2857 0.46
2858 0.46
2859 0.46
2860 0.46
2861 0.46
2862 0.46
2863 0.46
2864 0.46
2865 0.46
2866 0.46
2867 0.46
2868 0.46
2869 0.46
2870 0.46
2871 0.46
2872 0.46
2873 0.46
2874 0.46
2875 0.46
2876 0.46
2877 0.46
2878 0.46
2879 0.46
2880 0.46
2881 0.46
2882 0.46
2883 0.46
2884 0.46
2885 0.46
2886 0.46
2887 0.46
2888 0.46
2889 0.46
2890 0.46
2891 0.46
2892 0.46
2893 0.46
2894 0.46
2895 0.46
2896 0.46
2897 0.46
2898 0.46
2899 0.46
2900 0.46
2901 0.46
2902 0.46
2903 0.46
2904 0.46
2905 0.46
2906 0.46
2907 0.46
2908 0.46
2909 0.46
2910 0.46
2911 0.46
2912 0.46
2913 0.46
2914 0.46
2915 0.46
2916 0.46
2917 0.46
2918 0.46
2919 0.46
2920 0.46
2921 0.46
2922 0.46
2923 0.46
2924 0.46
2925 0.46
2926 0.46
2927 0.46
2928 0.46
2929 0.46
2930 0.46
2931 0.46
2932 0.46
2933 0.46
2934 0.46
2935 0.46
2936 0.46
2937 0.46
2938 0.46
2939 0.46
2940 0.46
2941 0.46
2942 0.46
2943 0.46
2944 0.46
2945 0.46
2946 0.46
2947 0.46
2948 0.46
2949 0.46
2950 0.46
2951 0.46
2952 0.46
2953 0.46
2954 0.46
2955 0.46
2956 0.46
2957 0.46
2958 0.46
2959 0.46
2960 0.46
2961 0.46
2962 0.46
2963 0.46
2964 0.46
2965 0.46
2966 0.46
2967 0.46
2968 0.46
2969 0.46
2970 0.46
2971 0.46
2972 0.46
2973 0.46
2974 0.46
2975 0.46
2976 0.46
2977 0.46
2978 0.46
2979 0.46
2980 0.46
2981 0.46
2982 0.46
2983 0.46
2984 0.46
2985 0.46
2986 0.46
2987 0.46
2988 0.46
2989 0.46
2990 0.46
2991 0.46
2992 0.46
2993 0.46
2994 0.46
2995 0.46
2996 0.46
2997 0.46
2998 0.46
2999 0.46
