0 -0.35
1 -0.34
2 -0.35
3 -0.35
4 -0.33
5 -0.36
6 -0.34
7 -0.34
8 -0.34
9 -0.36
10 -0.33
11 -0.35
12 -0.35
13 -0.34
14 -0.34
15 -0.35
16 -0.35
17 -0.33
18 -0.35
19 -0.34
20 -0.35
21 -0.35
22 -0.32
23 -0.35
24 -0.36
25 -0.33
26 -0.33
27 -0.34
28 -0.35
29 -0.33
30 -0.34
31 -0.34
32 -0.35
33 -0.32
34 -0.34
35 -0.35
36 -0.35
37 -0.36
38 -0.35
39 -0.34
40 -0.34
41 -0.35
42 -0.33
43 -0.34
44 -0.34
45 -0.33
46 -0.30
47 -0.33
48 -0.33
49 -0.32
50 -0.32
51 -0.36
52 -0.32
53 -0.34
54 -0.34
55 -0.31
56 -0.33
57 -0.32
58 -0.31
59 -0.34
60 -0.34
61 -0.34
62 -0.34
63 -0.32
64 -0.35
65 -0.35
66 -0.34
67 -0.31
68 -0.33
69 -0.34
70 -0.32
71 -0.33
72 -0.33
73 -0.33
74 -0.32
75 -0.32
76 -0.33
77 -0.31
78 -0.30
79 -0.33
80 -0.34
81 -0.33
82 -0.32
83 -0.32
84 -0.34
85 -0.34
86 -0.35
87 -0.36
88 -0.35
89 -0.34
90 -0.34
91 -0.31
92 -0.33
93 -0.33
94 -0.30
95 -0.30
96 -0.35
97 -0.33
98 -0.34
99 -0.33
100 -0.36
101 -0.33
102 -0.32
103 -0.31
104 -0.32
105 -0.34
106 -0.33
107 -0.32
108 -0.29
109 -0.31
110 -0.34
111 -0.34
112 -0.32
113 -0.33
114 -0.31
115 -0.34
116 -0.34
117 -0.32
118 -0.33
119 -0.32
120 -0.34
121 -0.35
122 -0.32
123 -0.33
124 -0.32
125 -0.31
126 -0.31
127 -0.32
128 -0.34
129 -0.32
130 -0.31
131 -0.30
132 -0.32
133 -0.31
134 -0.32
135 -0.31
136 -0.30
137 -0.34
138 -0.32
139 -0.33
140 -0.31
141 -0.32
142 -0.32
143 -0.33
144 -0.30
145 -0.31
146 -0.31
147 -0.31
148 -0.31
149 -0.34
150 -0.31
151 -0.33
152 -0.35
153 -0.31
154 -0.30
155 -0.31
156 -0.32
157 -0.32
158 -0.32
159 -0.31
160 -0.31
161 -0.33
162 -0.35
163 -0.33
164 -0.34
165 -0.33
166 -0.35
167 -0.32
168 -0.33
169 -0.29
170 -0.34
171 -0.32
172 -0.33
173 -0.32
174 -0.33
175 -0.32
176 -0.31
177 -0.33
178 -0.31
179 -0.30
180 -0.32
181 -0.31
182 -0.30
183 -0.30
184 -0.31
185 -0.31
186 -0.31
187 -0.30
188 -0.31
189 -0.33
190 -0.33
191 -0.29
192 -0.29
193 -0.30
194 -0.32
195 -0.30
196 -0.31
197 -0.33
198 -0.32
199 -0.32
200 -0.19
201 -0.19
202 -0.21
203 -0.17
204 -0.22
205 -0.19
206 -0.20
207 -0.20
208 -0.17
209 -0.22
210 -0.22
211 -0.23
212 -0.18
213 -0.20
214 -0.19
215 -0.19
216 -0.21
217 -0.19
218 -0.24
219 -0.27
220 -0.21
221 -0.26
222 -0.22
223 -0.23
224 -0.21
225 -0.22
226 -0.19
227 -0.23
228 -0.18
229 -0.18
230 -0.22
231 -0.22
232 -0.21
233 -0.21
234 -0.20
235 -0.17
236 -0.14
237 -0.17
238 -0.17
239 -0.17
240 -0.18
241 -0.14
242 -0.15
243 -0.20
244 -0.18
245 -0.16
246 -0.16
247 -0.17
248 -0.17
249 -0.20
250 -0.15
251 -0.16
252 -0.15
253 -0.19
254 -0.18
255 -0.15
256 -0.16
257 -0.16
258 -0.17
259 -0.18
260 -0.16
261 -0.16
262 -0.14
263 -0.18
264 -0.15
265 -0.15
266 -0.12
267 -0.13
268 -0.10
269 -0.12
270 -0.15
271 -0.13
272 -0.11
273 -0.12
274 -0.12
275 -0.12
276 -0.10
277 -0.12
278 -0.08
279 -0.13
280 -0.11
281 -0.11
282 -0.10
283 -0.12
284 -0.14
285 -0.10
286 -0.10
287 -0.09
288 -0.10
289 -0.11
290 -0.08
291 -0.12
292 -0.14
293 -0.09
294 -0.09
295 -0.10
296 -0.09
297 -0.09
298 -0.05
299 -0.10
300 -0.08
301 -0.10
302 -0.11
303 -0.10
304 -0.08
305 -0.12
306 -0.07
307 -0.09
308 -0.10
309 -0.09
310 -0.09
311 -0.09
312 -0.12
313 -0.07
314 -0.11
315 -0.08
316 -0.07
317 -0.09
318 -0.09
319 -0.09
320 -0.09
321 -0.04
322 -0.09
323 -0.08
324 -0.07
325 -0.09
326 -0.08
327 -0.09
328 -0.09
329 -0.11
330 -0.08
331 -0.08
332 -0.09
333 -0.10
334 -0.06
335 -0.08
336 -0.07
337 -0.13
338 -0.11
339 -0.08
340 -0.09
341 -0.05
342 -0.10
343 -0.16
344 -0.07
345 -0.08
346 -0.07
347 -0.08
348 -0.09
349 -0.10
350 -0.06
351 -0.08
352 -0.11
353 -0.06
354 -0.11
355 -0.09
356 -0.09
357 -0.13
358 -0.10
359 -0.11
360 -0.13
361 -0.09
362 -0.10
363 -0.10
364 -0.08
365 -0.10
366 -0.09
367 -0.06
368 -0.11
369 -0.10
370 -0.10
371 -0.10
372 -0.09
373 -0.06
374 -0.07
375 -0.13
376 -0.08
377 -0.15
378 -0.09
379 -0.11
380 -0.10
381 -0.09
382 -0.13
383 -0.09
384 -0.09
385 -0.09
386 -0.10
387 -0.09
388 -0.09
389 -0.08
390 -0.10
391 -0.07
392 -0.08
393 -0.07
394 -0.08
395 -0.08
396 -0.11
397 -0.09
398 -0.10
399 -0.08
400 -0.12
401 -0.13
402 -0.15
403 -0.14
404 -0.15
405 -0.11
406 -0.14
407 -0.17
408 -0.14
409 -0.11
410 -0.10
411 -0.12
412 -0.12
413 -0.10
414 -0.12
415 -0.13
416 -0.07
417 -0.10
418 -0.09
419 -0.08
420 -0.10
421 -0.14
422 -0.04
423 -0.08
424 -0.12
425 -0.11
426 -0.08
427 -0.08
428 -0.08
429 -0.09
430 -0.01
431 -0.05
432 -0.07
433 0.01
434 -0.03
435 -0.02
436 -0.01
437 -0.00
438 -0.04
439 -0.00
440 0.01
441 0.00
442 0.00
443 0.02
444 -0.05
445 -0.01
446 -0.03
447 -0.02
448 0.02
449 -0.00
450 -0.01
451 -0.02
452 -0.04
453 -0.03
454 -0.04
455 -0.01
456 0.03
457 -0.01
458 -0.04
459 0.04
460 0.04
461 -0.04
462 -0.02
463 -0.05
464 0.04
465 -0.02
466 -0.02
467 -0.00
468 -0.06
469 -0.02
470 -0.04
471 -0.02
472 -0.03
473 -0.05
474 -0.03
475 0.03
476 0.00
477 0.02
478 -0.05
479 -0.01
480 0.01
481 0.01
482 0.04
483 0.01
484 0.05
485 0.04
486 0.00
487 0.03
488 0.03
489 0.05
490 0.04
491 0.00
492 -0.04
493 0.00
494 -0.01
495 -0.02
496 -0.06
497 -0.02
498 -0.02
499 -0.00
500 -0.01
501 -0.01
502 -0.02
503 -0.02
504 -0.01
505 -0.05
506 -0.02
507 -0.00
508 0.01
509 -0.01
510 0.00
511 0.02
512 -0.02
513 0.02
514 -0.03
515 -0.04
516 0.03
517 -0.07
518 -0.03
519 -0.03
520 -0.02
521 -0.05
522 0.03
523 -0.04
524 -0.04
525 -0.00
526 0.03
527 -0.05
528 0.02
529 -0.04
530 -0.02
531 -0.01
532 0.01
533 0.00
534 -0.02
535 -0.02
536 0.04
537 -0.01
538 0.04
539 0.04
540 0.02
541 -0.03
542 0.01
543 -0.01
544 0.04
545 -0.01
546 0.01
547 0.03
548 0.01
549 0.00
550 -0.05
551 -0.07
552 -0.07
553 -0.03
554 0.02
555 -0.06
556 0.02
557 0.01
558 0.03
559 -0.02
560 0.01
561 0.00
562 0.01
563 0.02
564 -0.02
565 -0.02
566 -0.02
567 -0.02
568 0.00
569 -0.02
570 -0.00
571 0.03
572 0.01
573 -0.03
574 -0.04
575 -0.03
576 -0.00
577 0.01
578 0.02
579 0.02
580 -0.04
581 0.02
582 0.01
583 -0.00
584 0.01
585 -0.05
586 0.03
587 0.02
588 -0.00
589 -0.02
590 -0.01
591 -0.07
592 -0.00
593 -0.04
594 0.02
595 -0.05
596 -0.04
597 -0.01
598 -0.02
599 -0.04
600 -0.03
601 -0.02
602 -0.06
603 0.06
604 -0.01
605 0.01
606 0.01
607 -0.01
608 0.05
609 -0.04
610 -0.04
611 0.00
612 -0.04
613 -0.06
614 -0.06
615 -0.07
616 -0.09
617 -0.08
618 0.01
619 0.01
620 -0.01
621 -0.01
622 0.02
623 -0.05
624 -0.11
625 -0.01
626 0.01
627 0.01
628 -0.02
629 -0.02
630 0.00
631 0.02
632 -0.03
633 -0.02
634 0.01
635 0.01
636 0.03
637 0.01
638 0.03
639 -0.02
640 0.02
641 0.04
642 0.04
643 -0.01
644 -0.09
645 -0.04
646 0.04
647 0.05
648 0.02
649 0.03
650 0.01
651 -0.04
652 0.03
653 -0.00
654 0.02
655 -0.00
656 -0.02
657 0.04
658 0.00
659 -0.00
660 0.02
661 0.00
662 0.04
663 0.04
664 -0.03
665 -0.07
666 -0.05
667 -0.01
668 -0.09
669 0.01
670 -0.01
671 0.02
672 0.01
673 0.00
674 -0.01
675 0.02
676 0.02
677 0.01
678 0.01
679 0.04
680 0.05
681 -0.03
682 -0.08
683 -0.00
684 0.01
685 0.02
686 0.02
687 0.02
688 0.00
689 0.03
690 0.01
691 -0.09
692 -0.01
693 -0.02
694 -0.05
695 -0.09
696 -0.03
697 0.03
698 0.01
699 -0.01
700 -0.00
701 -0.00
702 -0.02
703 -0.01
704 -0.02
705 -0.05
706 0.04
707 -0.02
708 0.00
709 0.01
710 -0.06
711 -0.03
712 0.02
713 0.02
714 0.05
715 0.04
716 -0.00
717 0.01
718 0.03
719 0.03
720 0.04
721 -0.04
722 0.01
723 0.02
724 0.03
725 -0.01
726 -0.05
727 0.05
728 0.03
729 0.02
730 0.02
731 0.05
732 0.01
733 -0.01
734 0.03
735 -0.01
736 0.02
737 0.02
738 -0.03
739 -0.03
740 0.02
741 -0.02
742 -0.03
743 0.02
744 0.01
745 -0.03
746 0.02
747 0.05
748 0.03
749 -0.02
750 -0.00
751 0.01
752 -0.03
753 -0.02
754 0.04
755 0.01
756 -0.03
757 0.00
758 -0.02
759 -0.01
760 -0.00
761 0.02
762 0.02
763 -0.04
764 -0.01
765 -0.01
766 -0.05
767 0.04
768 -0.01
769 0.01
770 0.01
771 -0.00
772 0.00
773 -0.05
774 0.01
775 0.01
776 -0.03
777 0.01
778 -0.03
779 -0.01
780 0.02
781 -0.01
782 -0.02
783 -0.02
784 -0.00
785 -0.08
786 -0.04
787 0.00
788 -0.03
789 0.01
790 0.02
791 0.04
792 0.02
793 0.01
794 -0.00
795 0.02
796 -0.00
797 -0.04
798 -0.02
799 -0.03
800 0.10
801 0.10
802 0.05
803 0.01
804 0.12
805 0.07
806 0.10
807 0.10
808 0.09
809 0.01
810 0.08
811 0.06
812 0.08
813 0.05
814 0.07
815 0.08
816 0.11
817 0.11
818 0.14
819 0.14
820 0.09
821 0.11
822 0.09
823 0.10
824 0.03
825 0.08
826 0.08
827 0.07
828 0.04
829 0.08
830 0.04
831 -0.02
832 0.04
833 0.02
834 0.05
835 0.08
836 0.05
837 0.02
838 0.06
839 0.02
840 0.07
841 0.08
842 0.09
843 0.03
844 0.08
845 0.09
846 -0.00
847 0.01
848 0.03
849 0.01
850 0.02
851 0.04
852 0.06
853 0.03
854 0.02
855 -0.02
856 0.03
857 0.03
858 0.03
859 0.03
860 -0.03
861 -0.06
862 0.02
863 0.03
864 0.01
865 0.07
866 0.01
867 0.04
868 0.02
869 0.04
870 0.12
871 0.02
872 0.04
873 0.01
874 -0.00
875 0.04
876 0.07
877 0.07
878 0.06
879 0.08
880 0.04
881 0.03
882 0.05
883 0.01
884 0.01
885 -0.00
886 0.06
887 0.01
888 0.10
889 0.07
890 0.09
891 0.05
892 0.06
893 0.06
894 -0.01
895 -0.00
896 0.04
897 0.06
898 0.10
899 0.02
900 0.03
901 0.06
902 0.08
903 -0.05
904 -0.00
905 0.00
906 0.02
907 0.05
908 0.08
909 0.05
910 0.03
911 0.01
912 0.08
913 0.06
914 0.09
915 0.05
916 0.00
917 0.05
918 0.03
919 -0.01
920 -0.01
921 0.01
922 0.06
923 0.09
924 0.05
925 0.02
926 0.00
927 0.08
928 -0.05
929 -0.00
930 0.02
931 0.09
932 0.04
933 0.03
934 -0.02
935 0.01
936 0.06
937 -0.02
938 0.06
939 0.06
940 0.09
941 0.12
942 0.11
943 0.09
944 0.06
945 -0.01
946 0.04
947 0.05
948 0.03
949 0.06
950 0.09
951 0.12
952 0.08
953 0.11
954 0.01
955 0.01
956 0.02
957 0.00
958 0.07
959 0.03
960 0.04
961 0.04
962 -0.02
963 0.03
964 0.10
965 0.05
966 0.08
967 0.03
968 0.05
969 0.10
970 0.09
971 0.09
972 0.04
973 0.09
974 0.04
975 0.04
976 0.05
977 0.02
978 0.06
979 0.05
980 0.09
981 0.02
982 0.04
983 0.02
984 0.10
985 0.09
986 0.10
987 0.04
988 0.06
989 0.06
990 0.08
991 0.05
992 0.08
993 0.03
994 0.02
995 0.06
996 0.05
997 0.08
998 0.08
999 0.02
1000 0.00
1001 0.05
1002 0.10
1003 0.00
1004 0.06
1005 0.03
1006 0.06
1007 0.12
1008 0.09
1009 0.06
1010 0.07
1011 0.08
1012 0.07
1013 0.03
1014 0.04
1015 0.08
1016 0.05
1017 0.03
1018 0.04
1019 -0.04
1020 0.06
1021 0.02
1022 -0.00
1023 0.07
1024 0.03
1025 0.01
1026 -0.02
1027 0.05
1028 0.04
1029 0.01
1030 0.08
1031 0.01
1032 0.04
1033 -0.07
1034 0.07
1035 -0.01
1036 0.07
1037 0.02
1038 0.07
1039 0.07
1040 0.05
1041 0.07
1042 0.07
1043 0.03
1044 0.08
1045 0.05
1046 0.06
1047 0.02
1048 0.13
1049 0.06
1050 0.11
1051 0.05
1052 0.09
1053 0.08
1054 0.11
1055 0.06
1056 -0.03
1057 0.07
1058 0.14
1059 0.04
1060 0.10
1061 0.08
1062 0.05
1063 0.07
1064 0.07
1065 0.06
1066 0.05
1067 0.07
1068 0.00
1069 0.05
1070 0.02
1071 0.07
1072 0.03
1073 0.13
1074 0.00
1075 0.07
1076 -0.07
1077 0.05
1078 0.07
1079 0.12
1080 0.08
1081 0.13
1082 0.08
1083 0.00
1084 0.07
1085 0.07
1086 0.02
1087 0.06
1088 0.12
1089 0.05
1090 0.06
1091 0.07
1092 0.06
1093 -0.01
1094 0.09
1095 0.03
1096 0.09
1097 0.07
1098 0.03
1099 -0.07
1100 0.03
1101 -0.07
1102 -0.04
1103 0.01
1104 0.03
1105 0.10
1106 0.03
1107 0.00
1108 0.07
1109 0.08
1110 0.07
1111 0.08
1112 0.09
1113 -0.01
1114 0.05
1115 0.02
1116 0.10
1117 0.06
1118 0.07
1119 0.09
1120 0.08
1121 0.06
1122 0.10
1123 0.05
1124 0.04
1125 0.06
1126 0.08
1127 0.08
1128 0.08
1129 0.06
1130 0.07
1131 0.09
1132 0.07
1133 0.06
1134 0.08
1135 0.14
1136 0.07
1137 0.10
1138 0.09
1139 0.05
1140 0.03
1141 0.06
1142 0.07
1143 0.07
1144 0.08
1145 0.11
1146 0.07
1147 0.05
1148 0.04
1149 0.02
1150 0.08
1151 0.09
1152 0.10
1153 0.06
1154 0.05
1155 0.06
1156 0.05
1157 0.07
1158 0.08
1159 0.02
1160 0.01
1161 0.06
1162 0.09
1163 0.05
1164 0.10
1165 0.10
1166 0.05
1167 0.06
1168 0.13
1169 0.12
1170 -0.02
1171 0.01
1172 0.04
1173 0.09
1174 0.04
1175 0.11
1176 -0.01
1177 0.04
1178 -0.05
1179 0.07
1180 -0.01
1181 0.05
1182 0.09
1183 0.06
1184 0.06
1185 0.02
1186 0.10
1187 -0.01
1188 0.06
1189 0.08
1190 0.06
1191 0.04
1192 0.15
1193 0.12
1194 0.13
1195 0.05
1196 0.03
1197 0.07
1198 0.07
1199 0.13
1200 0.12
1201 0.16
1202 0.16
1203 0.14
1204 0.08
1205 0.12
1206 0.08
1207 0.06
1208 0.16
1209 0.13
1210 0.06
1211 0.06
1212 0.09
1213 0.14
1214 0.10
1215 0.10
1216 0.10
1217 0.09
1218 0.13
1219 0.09
1220 0.07
1221 0.10
1222 0.08
1223 0.05
1224 0.15
1225 0.09
1226 0.10
1227 0.07
1228 0.15
1229 0.05
1230 0.04
1231 0.10
1232 0.11
1233 0.11
1234 0.06
1235 0.10
1236 0.03
1237 0.13
1238 -0.05
1239 0.10
1240 0.10
1241 0.09
1242 0.03
1243 0.14
1244 0.13
1245 0.12
1246 0.10
1247 0.11
1248 0.07
1249 0.07
1250 0.08
1251 0.10
1252 0.11
1253 0.09
1254 0.10
1255 0.06
1256 0.10
1257 0.08
1258 0.10
1259 0.10
1260 0.06
1261 0.06
1262 0.07
1263 0.05
1264 0.09
1265 0.04
1266 0.03
1267 0.08
1268 0.07
1269 0.09
1270 0.11
1271 0.07
1272 0.07
1273 0.06
1274 0.08
1275 0.07
1276 0.08
1277 0.08
1278 0.06
1279 0.12
1280 0.05
1281 0.04
1282 0.13
1283 0.09
1284 0.07
1285 0.10
1286 0.07
1287 0.13
1288 0.08
1289 0.05
1290 0.11
1291 0.11
1292 0.10
1293 0.08
1294 0.12
1295 0.08
1296 0.14
1297 0.09
1298 0.10
1299 0.11
1300 0.11
1301 0.07
1302 0.11
1303 0.11
1304 0.07
1305 0.08
1306 0.08
1307 0.06
1308 0.06
1309 0.13
1310 0.15
1311 0.15
1312 0.14
1313 0.14
1314 0.12
1315 0.09
1316 0.06
1317 0.05
1318 0.03
1319 0.04
1320 0.11
1321 0.15
1322 0.08
1323 0.14
1324 0.05
1325 0.12
1326 0.11
1327 0.07
1328 0.09
1329 0.06
1330 0.10
1331 0.09
1332 0.11
1333 0.05
1334 0.02
1335 0.12
1336 0.09
1337 0.07
1338 0.06
1339 0.16
1340 0.04
1341 0.08
1342 0.11
1343 0.12
1344 0.06
1345 0.13
1346 0.04
1347 0.12
1348 0.11
1349 0.08
1350 0.06
1351 0.09
1352 0.16
1353 0.09
1354 0.08
1355 0.01
1356 0.12
1357 0.07
1358 0.10
1359 0.02
1360 0.07
1361 0.11
1362 0.06
1363 0.09
1364 0.08
1365 0.09
1366 0.08
1367 0.14
1368 0.10
1369 0.13
1370 0.09
1371 0.09
1372 0.10
1373 0.08
1374 0.08
1375 0.10
1376 0.04
1377 0.10
1378 0.04
1379 0.01
1380 0.01
1381 0.05
1382 0.10
1383 0.09
1384 0.08
1385 0.09
1386 0.04
1387 0.01
1388 0.06
1389 0.11
1390 0.07
1391 0.11
1392 0.06
1393 0.10
1394 0.06
1395 0.07
1396 0.10
1397 0.05
1398 0.12
1399 0.12
1400 0.05
1401 0.15
1402 0.16
1403 0.10
1404 0.12
1405 0.09
1406 0.08
1407 0.17
1408 0.08
1409 0.09
1410 0.09
1411 0.16
1412 0.11
1413 0.13
1414 0.08
1415 0.10
1416 0.14
1417 0.13
1418 0.08
1419 0.08
1420 0.05
1421 0.08
1422 0.10
1423 0.12
1424 0.13
1425 0.17
1426 0.12
1427 0.12
1428 0.11
1429 0.06
1430 0.06
1431 0.11
1432 0.13
1433 0.08
1434 0.18
1435 0.11
1436 0.10
1437 0.13
1438 0.17
1439 0.12
1440 0.05
1441 0.08
1442 0.08
1443 0.12
1444 0.05
1445 0.13
1446 0.12
1447 0.17
1448 0.14
1449 0.11
1450 0.15
1451 0.16
1452 0.11
1453 -0.00
1454 0.08
1455 0.04
1456 0.14
1457 0.11
1458 0.14
1459 0.13
1460 0.07
1461 0.12
1462 0.13
1463 -0.00
1464 0.11
1465 0.07
1466 0.13
1467 0.08
1468 0.13
1469 0.16
1470 0.09
1471 0.15
1472 0.08
1473 0.15
1474 0.14
1475 0.06
1476 0.17
1477 0.12
1478 0.17
1479 0.14
1480 0.17
1481 0.11
1482 0.16
1483 0.10
1484 0.12
1485 0.12
1486 0.09
1487 0.12
1488 0.10
1489 0.14
1490 0.09
1491 0.14
1492 0.06
1493 0.11
1494 0.08
1495 0.11
1496 0.11
1497 0.09
1498 0.09
1499 0.11
1500 0.03
1501 0.11
1502 0.15
1503 0.06
1504 0.10
1505 0.11
1506 0.14
1507 0.08
1508 0.12
1509 0.08
1510 0.14
1511 0.11
1512 0.15
1513 0.13
1514 0.14
1515 0.10
1516 0.10
1517 0.12
1518 0.16
1519 0.09
1520 0.12
1521 0.12
1522 0.05
1523 0.16
1524 0.16
1525 0.12
1526 0.12
1527 0.14
1528 0.11
1529 0.07
1530 0.10
1531 0.11
1532 0.13
1533 0.14
1534 0.09
1535 0.11
1536 0.08
1537 0.09
1538 0.09
1539 0.10
1540 0.14
1541 0.14
1542 0.11
1543 0.14
1544 0.17
1545 0.05
1546 0.07
1547 0.11
1548 0.15
1549 0.14
1550 0.13
1551 0.11
1552 0.10
1553 0.13
1554 0.15
1555 0.14
1556 0.16
1557 0.12
1558 0.13
1559 0.12
1560 0.11
1561 0.11
1562 0.13
1563 0.13
1564 0.12
1565 0.09
1566 0.11
1567 0.08
1568 0.12
1569 0.12
1570 0.06
1571 0.05
1572 0.06
1573 0.15
1574 0.10
1575 0.13
1576 0.12
1577 0.13
1578 0.09
1579 0.11
1580 0.08
1581 0.10
1582 0.06
1583 0.12
1584 0.15
1585 0.09
1586 0.15
1587 0.10
1588 0.10
1589 0.08
1590 0.08
1591 0.07
1592 0.15
1593 0.08
1594 0.12
1595 0.14
1596 0.12
1597 0.06
1598 0.14
1599 0.06
1600 0.08
1601 0.08
1602 0.15
1603 0.13
1604 0.18
1605 0.15
1606 0.15
1607 0.19
1608 0.10
1609 0.18
1610 0.12
1611 0.16
1612 0.14
1613 0.18
1614 0.14
1615 0.19
1616 0.15
1617 0.10
1618 0.15
1619 0.16
1620 0.10
1621 0.13
1622 0.11
1623 0.15
1624 0.15
1625 0.13
1626 0.16
1627 0.16
1628 0.09
1629 0.17
1630 0.12
1631 0.19
1632 0.16
1633 0.20
1634 0.12
1635 0.19
1636 0.11
1637 0.14
1638 0.19
1639 0.15
1640 0.20
1641 0.16
1642 0.16
1643 0.16
1644 0.18
1645 0.18
1646 0.14
1647 0.19
1648 0.13
1649 0.16
1650 0.17
1651 0.19
1652 0.15
1653 0.15
1654 0.17
1655 0.18
1656 0.15
1657 0.18
1658 0.21
1659 0.11
1660 0.15
1661 0.19
1662 0.17
1663 0.17
1664 0.18
1665 0.18
1666 0.14
1667 0.20
1668 0.15
1669 0.17
1670 0.17
1671 0.18
1672 0.18
1673 0.17
1674 0.15
1675 0.14
1676 0.13
1677 0.16
1678 0.15
1679 0.16
1680 0.19
1681 0.21
1682 0.21
1683 0.13
1684 0.17
1685 0.15
1686 0.17
1687 0.16
1688 0.16
1689 0.15
1690 0.14
1691 0.16
1692 0.22
1693 0.13
1694 0.21
1695 0.15
1696 0.11
1697 0.11
1698 0.13
1699 0.17
1700 0.19
1701 0.20
1702 0.13
1703 0.18
1704 0.19
1705 0.13
1706 0.16
1707 0.14
1708 0.15
1709 0.11
1710 0.19
1711 0.14
1712 0.13
1713 0.17
1714 0.14
1715 0.10
1716 0.15
1717 0.16
1718 0.14
1719 0.21
1720 0.19
1721 0.22
1722 0.16
1723 0.18
1724 0.17
1725 0.12
1726 0.13
1727 0.18
1728 0.12
1729 0.17
1730 0.13
1731 0.13
1732 0.15
1733 0.18
1734 0.15
1735 0.16
1736 0.17
1737 0.15
1738 0.15
1739 0.13
1740 0.20
1741 0.15
1742 0.13
1743 0.14
1744 0.16
1745 0.21
1746 0.16
1747 0.15
1748 0.12
1749 0.16
1750 0.21
1751 0.11
1752 0.11
1753 0.16
1754 0.13
1755 0.17
1756 0.17
1757 0.18
1758 0.13
1759 0.16
1760 0.18
1761 0.15
1762 0.15
1763 0.19
1764 0.16
1765 0.16
1766 0.12
1767 0.18
1768 0.17
1769 0.12
1770 0.16
1771 0.15
1772 0.18
1773 0.14
1774 0.13
1775 0.22
1776 0.21
1777 0.18
1778 0.19
1779 0.16
1780 0.21
1781 0.11
1782 0.19
1783 0.21
1784 0.22
1785 0.16
1786 0.13
1787 0.12
1788 0.15
1789 0.14
1790 0.15
1791 0.17
1792 0.15
1793 0.17
1794 0.11
1795 0.15
1796 0.14
1797 0.17
1798 0.15
1799 0.21
1800 0.26
1801 0.15
1802 0.25
1803 0.23
1804 0.26
1805 0.22
1806 0.23
1807 0.20
1808 0.22
1809 0.19
1810 0.19
1811 0.22
1812 0.20
1813 0.22
1814 0.20
1815 0.11
1816 0.18
1817 0.23
1818 0.17
1819 0.23
1820 0.22
1821 0.22
1822 0.17
1823 0.24
1824 0.19
1825 0.19
1826 0.21
1827 0.13
1828 0.14
1829 0.24
1830 0.22
1831 0.21
1832 0.23
1833 0.21
1834 0.23
1835 0.20
1836 0.15
1837 0.23
1838 0.21
1839 0.18
1840 0.20
1841 0.22
1842 0.18
1843 0.18
1844 0.19
1845 0.17
1846 0.18
1847 0.15
1848 0.20
1849 0.22
1850 0.20
1851 0.18
1852 0.11
1853 0.18
1854 0.17
1855 0.24
1856 0.21
1857 0.18
1858 0.19
1859 0.21
1860 0.18
1861 0.18
1862 0.18
1863 0.15
1864 0.14
1865 0.20
1866 0.16
1867 0.22
1868 0.17
1869 0.20
1870 0.16
1871 0.20
1872 0.21
1873 0.20
1874 0.20
1875 0.24
1876 0.20
1877 0.21
1878 0.23
1879 0.19
1880 0.18
1881 0.16
1882 0.18
1883 0.21
1884 0.22
1885 0.18
1886 0.19
1887 0.19
1888 0.19
1889 0.25
1890 0.23
1891 0.18
1892 0.19
1893 0.22
1894 0.17
1895 0.20
1896 0.19
1897 0.20
1898 0.18
1899 0.21
1900 0.16
1901 0.23
1902 0.20
1903 0.23
1904 0.21
1905 0.19
1906 0.16
1907 0.21
1908 0.20
1909 0.19
1910 0.21
1911 0.19
1912 0.18
1913 0.16
1914 0.20
1915 0.18
1916 0.20
1917 0.27
1918 0.23
1919 0.22
1920 0.22
1921 0.21
1922 0.17
1923 0.17
1924 0.20
1925 0.20
1926 0.21
1927 0.16
1928 0.22
1929 0.15
1930 0.20
1931 0.19
1932 0.15
1933 0.25
1934 0.14
1935 0.19
1936 0.19
1937 0.18
1938 0.22
1939 0.21
1940 0.21
1941 0.18
1942 0.16
1943 0.20
1944 0.18
1945 0.19
1946 0.17
1947 0.22
1948 0.22
1949 0.23
1950 0.17
1951 0.19
1952 0.17
1953 0.17
1954 0.25
1955 0.22
1956 0.18
1957 0.17
1958 0.17
1959 0.21
1960 0.27
1961 0.22
1962 0.22
1963 0.19
1964 0.22
1965 0.22
1966 0.22
1967 0.21
1968 0.25
1969 0.23
1970 0.19
1971 0.17
1972 0.19
1973 0.21
1974 0.23
1975 0.19
1976 0.24
1977 0.17
1978 0.18
1979 0.20
1980 0.23
1981 0.18
1982 0.22
1983 0.23
1984 0.18
1985 0.23
1986 0.10
1987 0.16
1988 0.19
1989 0.17
1990 0.18
1991 0.25
1992 0.23
1993 0.21
1994 0.16
1995 0.24
1996 0.21
1997 0.25
1998 0.27
1999 0.25
2000 0.26
2001 0.26
2002 0.24
2003 0.25
2004 0.20
2005 0.22
2006 0.22
2007 0.19
2008 0.21
2009 0.24
2010 0.19
2011 0.24
2012 0.26
2013 0.23
2014 0.22
2015 0.21
2016 0.25
2017 0.22
2018 0.22
2019 0.25
2020 0.24
2021 0.25
2022 0.19
2023 0.24
2024 0.24
2025 0.26
2026 0.25
2027 0.29
2028 0.25
2029 0.21
2030 0.23
2031 0.26
2032 0.22
2033 0.24
2034 0.18
2035 0.24
2036 0.21
2037 0.21
2038 0.27
2039 0.24
2040 0.18
2041 0.25
2042 0.24
2043 0.20
2044 0.16
2045 0.22
2046 0.27
2047 0.24
2048 0.25
2049 0.20
2050 0.26
2051 0.22
2052 0.20
2053 0.17
2054 0.19
2055 0.24
2056 0.19
2057 0.25
2058 0.27
2059 0.22
2060 0.23
2061 0.21
2062 0.27
2063 0.21
2064 0.21
2065 0.24
2066 0.23
2067 0.27
2068 0.24
2069 0.23
2070 0.24
2071 0.27
2072 0.26
2073 0.25
2074 0.28
2075 0.24
2076 0.26
2077 0.27
2078 0.22
2079 0.27
2080 0.27
2081 0.21
2082 0.19
2083 0.21
2084 0.20
2085 0.19
2086 0.16
2087 0.21
2088 0.25
2089 0.25
2090 0.20
2091 0.23
2092 0.16
2093 0.20
2094 0.20
2095 0.27
2096 0.19
2097 0.18
2098 0.20
2099 0.19
2100 0.24
2101 0.25
2102 0.26
2103 0.24
2104 0.24
2105 0.19
2106 0.16
2107 0.26
2108 0.18
2109 0.26
2110 0.22
2111 0.21
2112 0.20
2113 0.20
2114 0.26
2115 0.23
2116 0.27
2117 0.22
2118 0.17
2119 0.23
2120 0.25
2121 0.24
2122 0.22
2123 0.15
2124 0.26
2125 0.23
2126 0.21
2127 0.19
2128 0.26
2129 0.25
2130 0.28
2131 0.17
2132 0.22
2133 0.18
2134 0.20
2135 0.16
2136 0.21
2137 0.18
2138 0.19
2139 0.20
2140 0.21
2141 0.26
2142 0.26
2143 0.26
2144 0.20
2145 0.25
2146 0.20
2147 0.26
2148 0.22
2149 0.27
2150 0.24
2151 0.26
2152 0.21
2153 0.26
2154 0.21
2155 0.22
2156 0.22
2157 0.24
2158 0.19
2159 0.16
2160 0.21
2161 0.18
2162 0.25
2163 0.18
2164 0.24
2165 0.26
2166 0.23
2167 0.18
2168 0.19
2169 0.22
2170 0.25
2171 0.23
2172 0.19
2173 0.22
2174 0.22
2175 0.22
2176 0.19
2177 0.25
2178 0.20
2179 0.22
2180 0.26
2181 0.24
2182 0.23
2183 0.24
2184 0.23
2185 0.22
2186 0.23
2187 0.25
2188 0.16
2189 0.21
2190 0.20
2191 0.25
2192 0.25
2193 0.19
2194 0.20
2195 0.22
2196 0.19
2197 0.17
2198 0.23
2199 0.19
2200 0.13
2201 0.20
2202 0.21
2203 0.20
2204 0.21
2205 0.18
2206 0.17
2207 0.23
2208 0.22
2209 0.23
2210 0.22
2211 0.22
2212 0.23
2213 0.21
2214 0.18
2215 0.19
2216 0.22
2217 0.21
2218 0.18
2219 0.17
2220 0.18
2221 0.18
2222 0.19
2223 0.11
2224 0.21
2225 0.24
2226 0.18
2227 0.18
2228 0.17
2229 0.17
2230 0.19
2231 0.22
2232 0.24
2233 0.22
2234 0.21
2235 0.24
2236 0.22
2237 0.15
2238 0.16
2239 0.20
2240 0.17
2241 0.25
2242 0.18
2243 0.21
2244 0.23
2245 0.21
2246 0.23
2247 0.18
2248 0.17
2249 0.24
2250 0.22
2251 0.23
2252 0.23
2253 0.21
2254 0.22
2255 0.19
2256 0.24
2257 0.22
2258 0.23
2259 0.23
2260 0.27
2261 0.22
2262 0.22
2263 0.23
2264 0.21
2265 0.23
2266 0.21
2267 0.25
2268 0.21
2269 0.22
2270 0.22
2271 0.18
2272 0.15
2273 0.17
2274 0.20
2275 0.21
2276 0.25
2277 0.20
2278 0.22
2279 0.23
2280 0.20
2281 0.22
2282 0.18
2283 0.26
2284 0.21
2285 0.21
2286 0.19
2287 0.23
2288 0.24
2289 0.24
2290 0.21
2291 0.18
2292 0.25
2293 0.24
2294 0.25
2295 0.24
2296 0.24
2297 0.21
2298 0.19
2299 0.25
2300 0.19
2301 0.20
2302 0.16
2303 0.24
2304 0.23
2305 0.23
2306 0.22
2307 0.25
2308 0.22
2309 0.18
2310 0.16
2311 0.18
2312 0.19
2313 0.19
2314 0.26
2315 0.23
2316 0.16
2317 0.15
2318 0.25
2319 0.19
2320 0.23
2321 0.23
2322 0.17
2323 0.18
2324 0.17
2325 0.22
2326 0.23
2327 0.18
2328 0.21
2329 0.25
2330 0.22
2331 0.22
2332 0.15
2333 0.24
2334 0.24
2335 0.24
2336 0.23
2337 0.14
2338 0.22
2339 0.19
2340 0.19
2341 0.21
2342 0.22
2343 0.19
2344 0.26
2345 0.21
2346 0.23
2347 0.25
2348 0.18
2349 0.23
2350 0.24
2351 0.23
2352 0.23
2353 0.22
2354 0.23
2355 0.24
2356 0.20
2357 0.25
2358 0.26
2359 0.23
2360 0.24
2361 0.24
2362 0.25
2363 0.21
2364 0.17
2365 0.22
2366 0.21
2367 0.25
2368 0.19
2369 0.17
2370 0.24
2371 0.25
2372 0.22
2373 0.21
2374 0.16
2375 0.26
2376 0.23
2377 0.22
2378 0.22
2379 0.20
2380 0.16
2381 0.20
2382 0.14
2383 0.19
2384 0.21
2385 0.16
2386 0.22
2387 0.20
2388 0.19
2389 0.23
2390 0.24
2391 0.25
2392 0.16
2393 0.25
2394 0.22
2395 0.23
2396 0.26
2397 0.13
2398 0.24
2399 0.20
2400 0.20
2401 0.17
2402 0.19
2403 0.17
2404 0.16
2405 0.17
2406 0.22
2407 0.25
2408 0.24
2409 0.20
2410 0.19
2411 0.24
2412 0.21
2413 0.23
2414 0.20
2415 0.27
2416 0.21
2417 0.27
2418 0.25
2419 0.20
2420 0.23
2421 0.15
2422 0.23
2423 0.19
2424 0.23
2425 0.27
2426 0.23
2427 0.18
2428 0.25
2429 0.22
2430 0.24
2431 0.21
2432 0.18
2433 0.22
2434 0.20
2435 0.21
2436 0.24
2437 0.24
2438 0.29
2439 0.21
2440 0.18
2441 0.18
2442 0.21
2443 0.21
2444 0.24
2445 0.26
2446 0.16
2447 0.22
2448 0.22
2449 0.21
2450 0.15
2451 0.26
2452 0.20
2453 0.21
2454 0.23
2455 0.23
2456 0.23
2457 0.26
2458 0.10
2459 0.21
2460 0.22
2461 0.22
2462 0.20
2463 0.22
2464 0.22
2465 0.22
2466 0.22
2467 0.18
2468 0.24
2469 0.16
2470 0.27
2471 0.21
2472 0.25
2473 0.23
2474 0.20
2475 0.24
2476 0.25
2477 0.20
2478 0.26
2479 0.17
2480 0.28
2481 0.29
2482 0.13
2483 0.21
2484 0.22
2485 0.25
2486 0.21
2487 0.24
2488 0.28
2489 0.26
2490 0.22
2491 0.25
2492 0.22
2493 0.23
2494 0.28
2495 0.23
2496 0.24
2497 0.22
2498 0.24
2499 0.24
2500 0.22
2501 0.16
2502 0.16
2503 0.23
2504 0.26
2505 0.25
2506 0.25
2507 0.22
2508 0.27
2509 0.17
2510 0.19
2511 0.19
2512 0.22
2513 0.23
2514 0.17
2515 0.25
2516 0.23
2517 0.24
2518 0.26
2519 0.20
2520 0.26
2521 0.24
2522 0.20
2523 0.14
2524 0.22
2525 0.24
2526 0.22
2527 0.23
2528 0.18
2529 0.27
2530 0.20
2531 0.20
2532 0.22
2533 0.20
2534 0.20
2535 0.26
2536 0.23
2537 0.21
2538 0.19
2539 0.25
2540 0.16
2541 0.21
2542 0.25
2543 0.27
2544 0.24
2545 0.25
2546 0.26
2547 0.20
2548 0.25
2549 0.24
2550 0.22
2551 0.20
2552 0.24
2553 0.18
2554 0.18
2555 0.20
2556 0.20
2557 0.13
2558 0.16
2559 0.18
2560 0.26
2561 0.22
2562 0.28
2563 0.22
2564 0.17
2565 0.26
2566 0.25
2567 0.21
2568 0.21
2569 0.25
2570 0.22
2571 0.23
2572 0.17
2573 0.21
2574 0.24
2575 0.24
2576 0.22
2577 0.20
2578 0.22
2579 0.23
2580 0.21
2581 0.19
2582 0.26
2583 0.25
2584 0.17
2585 0.24
2586 0.21
2587 0.21
2588 0.19
2589 0.23
2590 0.29
2591 0.18
2592 0.23
2593 0.22
2594 0.24
2595 0.24
2596 0.15
2597 0.17
2598 0.23
2599 0.22
2600 0.24
2601 0.23
2602 0.21
2603 0.18
2604 0.25
2605 0.24
2606 0.19
2607 0.24
2608 0.23
2609 0.22
2610 0.24
2611 0.22
2612 0.18
2613 0.21
2614 0.20
2615 0.20
2616 0.13
2617 0.23
2618 0.22
2619 0.18
2620 0.25
2621 0.18
2622 0.24
2623 0.20
2624 0.23
2625 0.12
2626 0.24
2627 0.21
2628 0.19
2629 0.17
2630 0.12
2631 0.24
2632 0.21
2633 0.18
2634 0.17
2635 0.18
2636 0.21
2637 0.20
2638 0.20
2639 0.20
2640 0.25
2641 0.19
2642 0.18
2643 0.22
2644 0.21
2645 0.23
2646 0.19
2647 0.15
2648 0.19
2649 0.24
2650 0.23
2651 0.24
2652 0.24
2653 0.19
2654 0.24
2655 0.26
2656 0.25
2657 0.25
2658 0.23
2659 0.18
2660 0.28
2661 0.25
2662 0.25
2663 0.18
2664 0.19
2665 0.27
2666 0.28
2667 0.24
2668 0.20
2669 0.27
2670 0.24
2671 0.23
2672 0.23
2673 0.23
2674 0.21
2675 0.25
2676 0.21
2677 0.22
2678 0.17
2679 0.23
2680 0.20
2681 0.19
2682 0.22
2683 0.21
2684 0.17
2685 0.25
2686 0.23
2687 0.24
2688 0.21
2689 0.24
2690 0.24
2691 0.21
2692 0.19
2693 0.22
2694 0.25
2695 0.23
2696 0.21
2697 0.26
2698 0.26
2699 0.22
2700 0.26
2701 0.26
2702 0.23
2703 0.22
2704 0.20
2705 0.20
2706 0.16
2707 0.20
2708 0.21
2709 0.21
2710 0.20
2711 0.15
2712 0.25
2713 0.25
2714 0.24
2715 0.20
2716 0.23
2717 0.25
2718 0.28
2719 0.19
2720 0.23
2721 0.21
2722 0.25
2723 0.24
2724 0.27
2725 0.26
2726 0.20
2727 0.25
2728 0.26
2729 0.25
2730 0.27
2731 0.22
2732 0.26
2733 0.24
2734 0.22
2735 0.25
2736 0.25
2737 0.29
2738 0.26
2739 0.23
2740 0.25
2741 0.20
2742 0.26
2743 0.27
2744 0.26
2745 0.27
2746 0.27
2747 0.23
2748 0.23
2749 0.18
2750 0.22
2751 0.24
2752 0.19
2753 0.22
2754 0.22
2755 0.23
2756 0.22
2757 0.27
2758 0.20
2759 0.21
2760 0.26
2761 0.25
2762 0.27
2763 0.26
2764 0.29
2765 0.23
2766 0.25
2767 0.21
2768 0.24
2769 0.25
2770 0.22
2771 0.22
2772 0.26
2773 0.26
2774 0.22
2775 0.24
2776 0.23
2777 0.24
2778 0.20
2779 0.22
2780 0.25
2781 0.24
2782 0.16
2783 0.21
2784 0.23
2785 0.23
2786 0.27
2787 0.24
2788 0.18
2789 0.23
2790 0.26
2791 0.24
2792 0.23
2793 0.23
2794 0.26
2795 0.25
2796 0.24
2797 0.20
2798 0.22
2799 0.24
2800 0.21
2801 0.29
2802 0.26
2803 0.28
2804 0.23
2805 0.23
2806 0.21
2807 0.22
2808 0.24
2809 0.20
2810 0.21
2811 0.19
2812 0.23
2813 0.26
2814 0.22
2815 0.28
2816 0.27
2817 0.24
2818 0.27
2819 0.21
2820 0.27
2821 0.22
2822 0.21
2823 0.24
2824 0.24
2825 0.24
2826 0.31
2827 0.26
2828 0.29
2829 0.24
2830 0.16
2831 0.26
2832 0.24
2833 0.22
2834 0.23
2835 0.25
2836 0.25
2837 0.23
2838 0.22
2839 0.23
2840 0.24
2841 0.22
2842 0.29
2843 0.23
2844 0.26
2845 0.25
2846 0.22
2847 0.23
2848 0.26
2849 0.29
2850 0.21
2851 0.27
2852 0.28
2853 0.20
2854 0.28
2855 0.29
2856 0.23
2857 0.25
2858 0.28
2859 0.25
2860 0.23
2861 0.29
2862 0.21
2863 0.29
2864 0.28
2865 0.25
2866 0.21
2867 0.25
2868 0.27
2869 0.23
2870 0.31
2871 0.24
2872 0.27
2873 0.28
2874 0.22
2875 0.26
2876 0.30
2877 0.25
2878 0.31
2879 0.26
2880 0.24
2881 0.25
2882 0.15
2883 0.28
2884 0.27
2885 0.28
2886 0.28
2887 0.32
2888 0.31
2889 0.27
2890 0.24
2891 0.26
2892 0.28
2893 0.25
2894 0.25
2895 0.24
2896 0.23
2897 0.25
2898 0.23
2899 0.25
2900 0.28
2901 0.25
2902 0.26
2903 0.27
2904 0.25
2905 0.25
2906 0.26
2907 0.28
2908 0.20
2909 0.25
2910 0.22
2911 0.27
2912 0.25
2913 0.17
2914 0.21
2915 0.29
2916 0.24
2917 0.24
2918 0.27
2919 0.27
2920 0.21
2921 0.22
2922 0.31
2923 0.27
2924 0.24
2925 0.24
2926 0.28
2927 0.26
2928 0.28
2929 0.29
2930 0.22
2931 0.24
2932 0.20
2933 0.22
2934 0.29
2935 0.22
2936 0.25
2937 0.26
2938 0.26
2939 0.19
2940 0.28
2941 0.24
2942 0.28
2943 0.28
2944 0.22
2945 0.26
2946 0.21
2947 0.27
2948 0.19
2949 0.22
2950 0.26
2951 0.21
2952 0.24
2953 0.26
2954 0.25
2955 0.26
2956 0.27
2957 0.26
2958 0.30
2959 0.24
2960 0.23
2961 0.29
2962 0.23
2963 0.23
2964 0.17
2965 0.31
2966 0.19
2967 0.25
2968 0.29
2969 0.19
2970 0.25
2971 0.24
2972 0.25
2973 0.21
2974 0.20
2975 0.24
2976 0.26
2977 0.26
2978 0.28
2979 0.23
2980 0.26
2981 0.31
2982 0.26
2983 0.30
2984 0.26
2985 0.27
2986 0.25
2987 0.18
2988 0.26
2989 0.30
2990 0.22
2991 0.26
2992 0.22
2993 0.18
2994 0.25
2995 0.28
2996 0.28
2997 0.26
2998 0.22
2999 0.25
