0 218.36
30 205.27
60 213.58
90 226.82
120 220.69
150 212.04
180 257.16
210 256.13
240 284.27
270 293.22
300 287.44
330 300.11
360 261.91
390 300.02
420 322.07
450 293.84
480 299.20
510 297.33
540 309.11
570 322.18
600 352.07
630 336.62
660 340.60
690 356.93
720 333.36
750 320.69
780 311.98
810 335.49
840 324.96
870 316.40
900 320.62
930 316.13
960 342.00
990 295.38
1020 354.69
1050 293.04
1080 337.18
1110 333.98
1140 336.76
1170 345.38
1200 298.73
1230 347.73
1260 371.89
1290 335.13
1320 335.22
1350 353.78
1380 330.47
1410 329.47
1440 342.24
1470 330.71
1500 332.11
1530 340.07
1560 309.96
1590 308.87
1620 323.18
1650 317.67
1680 324.53
1710 358.13
1740 360.78
1770 338.98
1800 346.40
1830 324.11
1860 368.04
1890 334.89
1920 303.16
1950 340.82
1980 349.58
2010 356.82
2040 322.29
2070 327.87
2100 332.78
2130 355.31
2160 349.96
2190 373.16
2220 340.00
2250 334.11
2280 337.13
2310 349.53
2340 316.09
2370 349.36
2400 338.31
2430 349.36
2460 341.47
2490 358.02
2520 342.53
2550 324.20
2580 324.36
2610 331.13
2640 338.87
2670 367.93
2700 354.53
2730 313.09
2760 297.49
2790 327.29
2820 367.84
2850 332.49
2880 354.89
2910 376.40
2940 333.22
2970 325.04
