0 318.67
30 292.00
60 326.00
90 309.33
120 289.33
150 309.33
180 298.67
210 319.33
240 307.33
270 276.67
300 318.00
330 332.00
360 329.33
390 357.33
420 346.67
450 341.33
480 320.00
510 339.33
540 312.00
570 355.33
600 351.33
630 338.00
660 353.33
690 344.67
720 347.33
750 346.67
780 354.00
810 346.67
840 342.67
870 324.00
900 310.67
930 350.00
960 348.00
990 361.33
1020 354.00
1050 335.33
1080 348.00
1110 345.33
1140 351.33
1170 346.67
1200 314.67
1230 348.00
1260 354.67
1290 332.67
1320 344.67
1350 350.00
1380 358.67
1410 336.67
1440 356.67
1470 359.33
1500 320.67
1530 348.67
1560 348.67
1590 344.00
1620 348.67
1650 312.00
1680 339.33
1710 318.00
1740 341.33
1770 360.67
1800 336.67
1830 364.67
1860 354.00
1890 358.67
1920 342.67
1950 334.67
1980 318.00
2010 360.00
2040 330.67
2070 336.00
2100 340.00
2130 336.00
2160 346.00
2190 356.00
2220 338.00
2250 346.00
2280 352.00
2310 364.00
2340 351.33
2370 339.33
2400 333.33
2430 342.67
2460 358.00
2490 330.67
2520 329.33
2550 354.00
2580 348.00
2610 349.33
2640 362.67
2670 346.67
2700 354.00
2730 345.33
2760 345.33
2790 339.33
2820 301.33
2850 344.00
2880 342.67
2910 346.67
2940 342.67
2970 363.33
