0 330.00
30 300.67
60 292.67
90 314.00
120 340.67
150 316.67
180 331.33
210 351.33
240 323.33
270 338.67
300 358.00
330 341.33
360 338.00
390 347.33
420 372.00
450 361.33
480 360.67
510 366.00
540 362.67
570 359.33
600 365.33
630 374.67
660 366.00
690 364.00
720 376.00
750 372.00
780 366.67
810 354.67
840 376.00
870 358.67
900 359.33
930 371.33
960 369.33
990 360.00
1020 374.00
1050 371.33
1080 368.00
1110 369.33
1140 368.67
1170 369.33
1200 370.67
1230 374.00
1260 369.33
1290 377.33
1320 366.00
1350 366.67
1380 370.00
1410 356.67
1440 349.33
1470 349.33
1500 358.67
1530 354.00
1560 342.67
1590 343.33
1620 369.33
1650 372.00
1680 369.33
1710 374.00
1740 361.33
1770 368.00
1800 344.67
1830 358.00
1860 346.67
1890 337.33
1920 339.33
1950 345.33
1980 350.67
2010 359.33
2040 365.33
2070 364.67
2100 368.00
2130 372.00
2160 374.00
2190 369.33
2220 370.67
2250 376.67
2280 373.33
2310 374.67
2340 375.33
2370 370.67
2400 376.67
2430 371.33
2460 361.33
2490 374.67
2520 358.67
2550 367.33
2580 365.33
2610 366.00
2640 365.33
2670 372.00
2700 366.00
2730 371.33
2760 374.00
2790 364.00
2820 359.33
2850 371.33
2880 370.67
2910 370.00
2940 369.33
2970 352.67
