0 6.14
30 8.30
60 9.69
90 11.01
120 11.20
150 12.56
180 16.08
210 14.47
240 17.51
270 16.18
300 16.20
330 16.66
360 17.16
390 21.51
420 21.14
450 20.30
480 22.75
510 22.64
540 19.30
570 24.48
600 22.02
630 21.39
660 21.15
690 22.71
720 24.85
750 19.12
780 20.09
810 24.21
840 21.12
870 23.98
900 24.47
930 19.93
960 18.28
990 25.52
1020 21.39
1050 17.77
1080 21.47
1110 23.09
1140 25.64
1170 20.78
1200 19.37
1230 23.31
1260 21.09
1290 20.95
1320 24.33
1350 21.66
1380 21.06
1410 22.84
1440 23.02
1470 19.03
1500 18.48
1530 20.53
1560 24.30
1590 26.26
1620 27.22
1650 25.76
1680 24.43
1710 20.79
1740 24.17
1770 22.96
1800 25.74
1830 22.62
1860 23.50
1890 27.61
1920 21.16
1950 24.92
1980 25.91
2010 21.71
2040 31.17
2070 23.94
2100 25.06
2130 31.07
2160 24.63
2190 28.71
2220 25.37
2250 20.63
2280 22.89
2310 20.96
2340 27.72
2370 24.84
2400 29.52
2430 28.14
2460 24.20
2490 24.73
2520 20.15
2550 21.52
2580 26.50
2610 17.69
2640 25.34
2670 31.31
2700 25.80
2730 27.05
2760 22.80
2790 26.62
2820 26.15
2850 22.04
2880 20.45
2910 22.10
2940 21.73
2970 25.58
