0 1.00
1 2.00
2 8.00
3 19.00
4 10.00
5 4.00
6 21.00
7 14.00
8 12.00
9 14.00
10 16.00
11 15.00
12 15.00
13 15.00
14 15.00
15 14.00
16 16.00
17 11.00
18 21.00
19 17.00
20 2.00
21 25.00
22 15.00
23 15.00
24 28.00
25 16.00
26 19.00
27 16.00
28 15.00
29 15.00
30 15.00
31 15.00
32 8.00
33 15.00
34 17.00
35 15.00
36 15.00
37 16.00
38 51.00
39 20.00
40 15.00
41 15.00
42 23.00
43 15.00
44 14.00
45 14.00
46 15.00
47 14.00
48 18.00
49 16.00
50 14.00
51 16.00
52 14.00
53 16.00
54 16.00
55 13.00
56 15.00
57 15.00
58 15.00
59 15.00
60 20.00
61 14.00
62 14.00
63 20.00
64 15.00
65 15.00
66 16.00
67 14.00
68 19.00
69 14.00
70 28.00
71 19.00
72 14.00
73 15.00
74 33.00
75 11.00
76 16.00
77 23.00
78 1.00
79 15.00
80 15.00
81 15.00
82 75.00
83 15.00
84 16.00
85 17.00
86 13.00
87 14.00
88 15.00
89 14.00
90 14.00
91 17.00
92 17.00
93 9.00
94 16.00
95 4.00
96 15.00
97 15.00
98 1.00
99 14.00
100 14.00
101 15.00
102 15.00
103 8.00
104 19.00
105 26.00
106 15.00
107 15.00
108 5.00
109 15.00
110 14.00
111 15.00
112 15.00
113 17.00
114 16.00
115 14.00
116 15.00
117 23.00
118 23.00
119 21.00
120 14.00
121 15.00
122 14.00
123 9.00
124 14.00
125 16.00
126 15.00
127 4.00
128 6.00
129 4.00
130 16.00
131 24.00
132 16.00
133 14.00
134 16.00
135 17.00
136 16.00
137 0.00
138 15.00
139 16.00
140 15.00
141 14.00
142 3.00
143 14.00
144 17.00
145 16.00
146 17.00
147 10.00
148 15.00
149 16.00
150 14.00
151 17.00
152 9.00
153 14.00
154 14.00
155 16.00
156 15.00
157 15.00
158 21.00
159 15.00
160 17.00
161 15.00
162 15.00
163 17.00
164 15.00
165 16.00
166 29.00
167 18.00
168 15.00
169 0.00
170 0.00
171 18.00
172 15.00
173 15.00
174 15.00
175 30.00
176 14.00
177 14.00
178 28.00
179 17.00
180 10.00
181 15.00
182 15.00
183 14.00
184 15.00
185 14.00
186 7.00
187 14.00
188 16.00
189 21.00
190 15.00
191 15.00
192 15.00
193 14.00
194 15.00
195 14.00
196 17.00
197 14.00
198 23.00
199 15.00
200 13.00
201 40.00
202 2.00
203 63.00
204 73.00
205 25.00
206 23.00
207 25.00
208 44.00
209 73.00
210 13.00
211 32.00
212 16.00
213 19.00
214 33.00
215 4.00
216 14.00
217 13.00
218 32.00
219 7.00
220 32.00
221 13.00
222 13.00
223 11.00
224 32.00
225 13.00
226 13.00
227 6.00
228 13.00
229 13.00
230 13.00
231 8.00
232 5.00
233 33.00
234 17.00
235 13.00
236 13.00
237 28.00
238 42.00
239 24.00
240 20.00
241 48.00
242 16.00
243 13.00
244 24.00
245 12.00
246 32.00
247 13.00
248 31.00
249 13.00
250 32.00
251 13.00
252 33.00
253 13.00
254 32.00
255 4.00
256 5.00
257 33.00
258 13.00
259 49.00
260 13.00
261 32.00
262 33.00
263 13.00
264 13.00
265 13.00
266 13.00
267 13.00
268 33.00
269 32.00
270 12.00
271 9.00
272 63.00
273 32.00
274 13.00
275 13.00
276 13.00
277 13.00
278 30.00
279 13.00
280 13.00
281 32.00
282 26.00
283 13.00
284 22.00
285 8.00
286 33.00
287 31.00
288 13.00
289 13.00
290 13.00
291 22.00
292 13.00
293 0.00
294 13.00
295 13.00
296 11.00
297 9.00
298 13.00
299 33.00
300 32.00
301 13.00
302 13.00
303 25.00
304 32.00
305 32.00
306 23.00
307 63.00
308 6.00
309 44.00
310 13.00
311 18.00
312 64.00
313 45.00
314 14.00
315 41.00
316 2.00
317 4.00
318 14.00
319 23.00
320 1.00
321 42.00
322 20.00
323 13.00
324 13.00
325 1.00
326 13.00
327 13.00
328 13.00
329 13.00
330 30.00
331 36.00
332 3.00
333 13.00
334 32.00
335 13.00
336 13.00
337 63.00
338 18.00
339 11.00
340 13.00
341 13.00
342 22.00
343 56.00
344 32.00
345 33.00
346 13.00
347 13.00
348 13.00
349 13.00
350 14.00
351 57.00
352 13.00
353 12.00
354 0.00
355 32.00
356 33.00
357 32.00
358 16.00
359 13.00
360 32.00
361 39.00
362 13.00
363 13.00
364 58.00
365 32.00
366 5.00
367 37.00
368 37.00
369 3.00
370 32.00
371 29.00
372 34.00
373 7.00
374 6.00
375 29.00
376 22.00
377 13.00
378 13.00
379 13.00
380 3.00
381 48.00
382 13.00
383 32.00
384 54.00
385 55.00
386 5.00
387 50.00
388 13.00
389 13.00
390 13.00
391 13.00
392 49.00
393 13.00
394 32.00
395 40.00
396 36.00
397 13.00
398 13.00
399 13.00
400 34.00
401 10.00
402 25.00
403 62.00
404 7.00
405 18.00
406 45.00
407 45.00
408 1.00
409 10.00
410 23.00
411 27.00
412 7.00
413 13.00
414 10.00
415 10.00
416 66.00
417 2.00
418 23.00
419 10.00
420 10.00
421 37.00
422 10.00
423 10.00
424 5.00
425 3.00
426 17.00
427 38.00
428 45.00
429 10.00
430 52.00
431 10.00
432 10.00
433 10.00
434 10.00
435 10.00
436 10.00
437 12.00
438 10.00
439 4.00
440 10.00
441 13.00
442 17.00
443 47.00
444 24.00
445 41.00
446 10.00
447 10.00
448 70.00
449 25.00
450 11.00
451 49.00
452 47.00
453 11.00
454 10.00
455 10.00
456 13.00
457 10.00
458 10.00
459 25.00
460 24.00
461 25.00
462 41.00
463 19.00
464 6.00
465 6.00
466 10.00
467 10.00
468 10.00
469 23.00
470 0.00
471 45.00
472 57.00
473 10.00
474 2.00
475 98.00
476 23.00
477 10.00
478 10.00
479 23.00
480 23.00
481 23.00
482 23.00
483 3.00
484 23.00
485 23.00
486 10.00
487 45.00
488 58.00
489 10.00
490 0.00
491 18.00
492 22.00
493 10.00
494 24.00
495 10.00
496 23.00
497 23.00
498 10.00
499 36.00
500 32.00
501 10.00
502 14.00
503 10.00
504 10.00
505 10.00
506 5.00
507 58.00
508 23.00
509 13.00
510 19.00
511 14.00
512 28.00
513 7.00
514 10.00
515 2.00
516 138.00
517 52.00
518 25.00
519 11.00
520 25.00
521 25.00
522 25.00
523 21.00
524 10.00
525 43.00
526 10.00
527 22.00
528 47.00
529 18.00
530 35.00
531 19.00
532 10.00
533 19.00
534 6.00
535 28.00
536 13.00
537 14.00
538 65.00
539 24.00
540 32.00
541 32.00
542 0.00
543 17.00
544 17.00
545 25.00
546 30.00
547 40.00
548 9.00
549 25.00
550 10.00
551 10.00
552 36.00
553 65.00
554 10.00
555 35.00
556 32.00
557 17.00
558 162.00
559 40.00
560 35.00
561 18.00
562 36.00
563 25.00
564 5.00
565 17.00
566 5.00
567 10.00
568 19.00
569 10.00
570 10.00
571 10.00
572 22.00
573 40.00
574 44.00
575 23.00
576 10.00
577 87.00
578 10.00
579 49.00
580 9.00
581 21.00
582 78.00
583 10.00
584 7.00
585 10.00
586 55.00
587 9.00
588 10.00
589 38.00
590 114.00
591 6.00
592 21.00
593 10.00
594 13.00
595 21.00
596 21.00
597 88.00
598 10.00
599 125.00
600 29.00
601 59.00
602 13.00
603 13.00
604 68.00
605 105.00
606 18.00
607 12.00
608 14.00
609 12.00
610 3.00
611 5.00
612 91.00
613 12.00
614 30.00
615 12.00
616 7.00
617 12.00
618 29.00
619 96.00
620 16.00
621 7.00
622 14.00
623 11.00
624 12.00
625 31.00
626 12.00
627 12.00
628 7.00
629 82.00
630 10.00
631 12.00
632 12.00
633 9.00
634 15.00
635 15.00
636 43.00
637 22.00
638 14.00
639 38.00
640 103.00
641 12.00
642 25.00
643 34.00
644 12.00
645 23.00
646 96.00
647 11.00
648 12.00
649 12.00
650 48.00
651 12.00
652 12.00
653 30.00
654 29.00
655 48.00
656 12.00
657 77.00
658 12.00
659 19.00
660 4.00
661 12.00
662 54.00
663 13.00
664 65.00
665 48.00
666 59.00
667 12.00
668 82.00
669 3.00
670 4.00
671 34.00
672 65.00
673 10.00
674 37.00
675 56.00
676 12.00
677 12.00
678 26.00
679 12.00
680 31.00
681 12.00
682 57.00
683 19.00
684 54.00
685 12.00
686 12.00
687 12.00
688 29.00
689 5.00
690 31.00
691 12.00
692 14.00
693 47.00
694 29.00
695 40.00
696 10.00
697 7.00
698 9.00
699 20.00
700 22.00
701 59.00
702 20.00
703 9.00
704 12.00
705 42.00
706 20.00
707 43.00
708 43.00
709 6.00
710 2.00
711 57.00
712 9.00
713 9.00
714 13.00
715 20.00
716 12.00
717 13.00
718 9.00
719 7.00
720 14.00
721 26.00
722 31.00
723 31.00
724 71.00
725 37.00
726 21.00
727 62.00
728 2.00
729 118.00
730 12.00
731 12.00
732 32.00
733 25.00
734 93.00
735 24.00
736 54.00
737 22.00
738 10.00
739 32.00
740 32.00
741 38.00
742 9.00
743 47.00
744 22.00
745 9.00
746 9.00
747 12.00
748 22.00
749 23.00
750 22.00
751 3.00
752 28.00
753 12.00
754 12.00
755 8.00
756 2.00
757 31.00
758 17.00
759 9.00
760 65.00
761 7.00
762 12.00
763 18.00
764 0.00
765 70.00
766 5.00
767 12.00
768 12.00
769 16.00
770 12.00
771 12.00
772 35.00
773 9.00
774 43.00
775 1.00
776 45.00
777 47.00
778 4.00
779 94.00
780 27.00
781 12.00
782 12.00
783 12.00
784 12.00
785 13.00
786 20.00
787 19.00
788 36.00
789 12.00
790 72.00
791 6.00
792 12.00
793 30.00
794 22.00
795 18.00
796 48.00
797 17.00
798 12.00
799 8.00
800 12.00
801 4.00
802 27.00
803 29.00
804 10.00
805 10.00
806 34.00
807 37.00
808 15.00
809 1.00
810 15.00
811 15.00
812 4.00
813 5.00
814 5.00
815 30.00
816 24.00
817 47.00
818 61.00
819 55.00
820 7.00
821 83.00
822 29.00
823 64.00
824 68.00
825 29.00
826 29.00
827 13.00
828 7.00
829 1.00
830 15.00
831 29.00
832 26.00
833 2.00
834 82.00
835 18.00
836 3.00
837 12.00
838 12.00
839 58.00
840 12.00
841 7.00
842 19.00
843 4.00
844 30.00
845 12.00
846 12.00
847 20.00
848 29.00
849 12.00
850 36.00
851 8.00
852 27.00
853 29.00
854 29.00
855 29.00
856 12.00
857 56.00
858 38.00
859 12.00
860 12.00
861 29.00
862 18.00
863 0.00
864 3.00
865 60.00
866 12.00
867 12.00
868 25.00
869 13.00
870 11.00
871 12.00
872 49.00
873 12.00
874 34.00
875 9.00
876 21.00
877 7.00
878 20.00
879 83.00
880 37.00
881 12.00
882 28.00
883 18.00
884 63.00
885 12.00
886 12.00
887 12.00
888 10.00
889 12.00
890 29.00
891 60.00
892 12.00
893 12.00
894 16.00
895 29.00
896 3.00
897 73.00
898 27.00
899 56.00
900 15.00
901 12.00
902 71.00
903 19.00
904 12.00
905 29.00
906 12.00
907 12.00
908 12.00
909 12.00
910 29.00
911 12.00
912 12.00
913 36.00
914 112.00
915 21.00
916 29.00
917 12.00
918 13.00
919 6.00
920 12.00
921 29.00
922 12.00
923 98.00
924 12.00
925 24.00
926 45.00
927 12.00
928 40.00
929 29.00
930 31.00
931 26.00
932 12.00
933 12.00
934 20.00
935 7.00
936 31.00
937 12.00
938 12.00
939 29.00
940 12.00
941 60.00
942 56.00
943 12.00
944 29.00
945 54.00
946 16.00
947 12.00
948 10.00
949 10.00
950 12.00
951 30.00
952 88.00
953 13.00
954 19.00
955 18.00
956 17.00
957 91.00
958 12.00
959 5.00
960 34.00
961 12.00
962 12.00
963 16.00
964 29.00
965 2.00
966 9.00
967 22.00
968 24.00
969 13.00
970 36.00
971 9.00
972 58.00
973 5.00
974 44.00
975 4.00
976 3.00
977 19.00
978 16.00
979 8.00
980 91.00
981 48.00
982 13.00
983 4.00
984 12.00
985 49.00
986 34.00
987 1.00
988 12.00
989 18.00
990 54.00
991 12.00
992 12.00
993 29.00
994 12.00
995 12.00
996 12.00
997 13.00
998 32.00
999 17.00
1000 13.00
1001 43.00
1002 87.00
1003 30.00
1004 13.00
1005 13.00
1006 30.00
1007 30.00
1008 7.00
1009 14.00
1010 13.00
1011 29.00
1012 30.00
1013 5.00
1014 6.00
1015 56.00
1016 29.00
1017 31.00
1018 12.00
1019 60.00
1020 13.00
1021 56.00
1022 109.00
1023 19.00
1024 2.00
1025 7.00
1026 15.00
1027 8.00
1028 46.00
1029 2.00
1030 2.00
1031 12.00
1032 12.00
1033 29.00
1034 22.00
1035 12.00
1036 13.00
1037 13.00
1038 13.00
1039 30.00
1040 12.00
1041 7.00
1042 15.00
1043 10.00
1044 26.00
1045 13.00
1046 13.00
1047 13.00
1048 13.00
1049 24.00
1050 10.00
1051 13.00
1052 11.00
1053 41.00
1054 13.00
1055 13.00
1056 18.00
1057 22.00
1058 4.00
1059 22.00
1060 9.00
1061 13.00
1062 43.00
1063 22.00
1064 0.00
1065 9.00
1066 10.00
1067 27.00
1068 9.00
1069 9.00
1070 0.00
1071 6.00
1072 27.00
1073 39.00
1074 13.00
1075 20.00
1076 13.00
1077 17.00
1078 61.00
1079 22.00
1080 12.00
1081 40.00
1082 97.00
1083 13.00
1084 8.00
1085 33.00
1086 12.00
1087 44.00
1088 13.00
1089 27.00
1090 3.00
1091 13.00
1092 21.00
1093 13.00
1094 73.00
1095 13.00
1096 10.00
1097 12.00
1098 122.00
1099 12.00
1100 0.00
1101 10.00
1102 17.00
1103 29.00
1104 38.00
1105 54.00
1106 7.00
1107 5.00
1108 28.00
1109 25.00
1110 55.00
1111 12.00
1112 4.00
1113 37.00
1114 12.00
1115 12.00
1116 26.00
1117 17.00
1118 91.00
1119 140.00
1120 22.00
1121 18.00
1122 76.00
1123 35.00
1124 13.00
1125 17.00
1126 12.00
1127 57.00
1128 12.00
1129 21.00
1130 12.00
1131 13.00
1132 9.00
1133 59.00
1134 41.00
1135 12.00
1136 6.00
1137 27.00
1138 30.00
1139 20.00
1140 30.00
1141 12.00
1142 8.00
1143 21.00
1144 12.00
1145 12.00
1146 91.00
1147 2.00
1148 92.00
1149 40.00
1150 29.00
1151 12.00
1152 42.00
1153 24.00
1154 12.00
1155 12.00
1156 57.00
1157 13.00
1158 24.00
1159 38.00
1160 12.00
1161 14.00
1162 13.00
1163 50.00
1164 19.00
1165 30.00
1166 30.00
1167 30.00
1168 55.00
1169 42.00
1170 12.00
1171 4.00
1172 6.00
1173 13.00
1174 13.00
1175 12.00
1176 15.00
1177 16.00
1178 9.00
1179 27.00
1180 25.00
1181 17.00
1182 9.00
1183 34.00
1184 23.00
1185 5.00
1186 28.00
1187 65.00
1188 39.00
1189 30.00
1190 109.00
1191 1.00
1192 13.00
1193 16.00
1194 27.00
1195 63.00
1196 13.00
1197 30.00
1198 7.00
1199 12.00
1200 12.00
1201 42.00
1202 16.00
1203 17.00
1204 31.00
1205 5.00
1206 2.00
1207 5.00
1208 36.00
1209 10.00
1210 3.00
1211 89.00
1212 29.00
1213 21.00
1214 40.00
1215 10.00
1216 42.00
1217 7.00
1218 49.00
1219 21.00
1220 13.00
1221 14.00
1222 89.00
1223 23.00
1224 7.00
1225 7.00
1226 1.00
1227 25.00
1228 29.00
1229 21.00
1230 10.00
1231 20.00
1232 31.00
1233 41.00
1234 12.00
1235 27.00
1236 3.00
1237 12.00
1238 60.00
1239 29.00
1240 12.00
1241 12.00
1242 54.00
1243 23.00
1244 30.00
1245 12.00
1246 12.00
1247 12.00
1248 12.00
1249 12.00
1250 13.00
1251 13.00
1252 85.00
1253 31.00
1254 10.00
1255 12.00
1256 20.00
1257 5.00
1258 58.00
1259 12.00
1260 10.00
1261 15.00
1262 2.00
1263 69.00
1264 19.00
1265 56.00
1266 31.00
1267 34.00
1268 3.00
1269 56.00
1270 10.00
1271 6.00
1272 23.00
1273 11.00
1274 17.00
1275 53.00
1276 63.00
1277 12.00
1278 11.00
1279 11.00
1280 12.00
1281 36.00
1282 91.00
1283 70.00
1284 2.00
1285 29.00
1286 4.00
1287 12.00
1288 12.00
1289 12.00
1290 12.00
1291 5.00
1292 12.00
1293 18.00
1294 47.00
1295 5.00
1296 26.00
1297 12.00
1298 29.00
1299 4.00
1300 29.00
1301 0.00
1302 12.00
1303 8.00
1304 16.00
1305 13.00
1306 38.00
1307 32.00
1308 13.00
1309 32.00
1310 13.00
1311 13.00
1312 57.00
1313 13.00
1314 32.00
1315 35.00
1316 13.00
1317 42.00
1318 170.00
1319 7.00
1320 35.00
1321 4.00
1322 7.00
1323 38.00
1324 9.00
1325 12.00
1326 12.00
1327 12.00
1328 38.00
1329 108.00
1330 12.00
1331 29.00
1332 12.00
1333 5.00
1334 91.00
1335 10.00
1336 24.00
1337 56.00
1338 7.00
1339 121.00
1340 12.00
1341 56.00
1342 8.00
1343 14.00
1344 27.00
1345 29.00
1346 19.00
1347 91.00
1348 11.00
1349 12.00
1350 18.00
1351 29.00
1352 45.00
1353 7.00
1354 4.00
1355 0.00
1356 12.00
1357 5.00
1358 12.00
1359 22.00
1360 122.00
1361 7.00
1362 12.00
1363 71.00
1364 5.00
1365 0.00
1366 15.00
1367 21.00
1368 12.00
1369 12.00
1370 55.00
1371 12.00
1372 7.00
1373 51.00
1374 12.00
1375 12.00
1376 58.00
1377 29.00
1378 12.00
1379 24.00
1380 22.00
1381 12.00
1382 31.00
1383 19.00
1384 16.00
1385 6.00
1386 12.00
1387 12.00
1388 22.00
1389 18.00
1390 12.00
1391 12.00
1392 12.00
1393 32.00
1394 12.00
1395 12.00
1396 13.00
1397 29.00
1398 28.00
1399 14.00
1400 17.00
1401 74.00
1402 7.00
1403 15.00
1404 27.00
1405 17.00
1406 17.00
1407 13.00
1408 21.00
1409 4.00
1410 14.00
1411 19.00
1412 47.00
1413 31.00
1414 4.00
1415 45.00
1416 176.00
1417 80.00
1418 28.00
1419 5.00
1420 17.00
1421 21.00
1422 62.00
1423 5.00
1424 13.00
1425 50.00
1426 31.00
1427 30.00
1428 7.00
1429 9.00
1430 11.00
1431 2.00
1432 33.00
1433 12.00
1434 12.00
1435 13.00
1436 17.00
1437 19.00
1438 40.00
1439 39.00
1440 21.00
1441 20.00
1442 5.00
1443 21.00
1444 13.00
1445 14.00
1446 6.00
1447 14.00
1448 2.00
1449 5.00
1450 46.00
1451 49.00
1452 39.00
1453 31.00
1454 12.00
1455 72.00
1456 12.00
1457 54.00
1458 12.00
1459 12.00
1460 12.00
1461 12.00
1462 16.00
1463 50.00
1464 54.00
1465 5.00
1466 10.00
1467 4.00
1468 10.00
1469 21.00
1470 9.00
1471 44.00
1472 75.00
1473 5.00
1474 43.00
1475 103.00
1476 106.00
1477 13.00
1478 39.00
1479 13.00
1480 5.00
1481 5.00
1482 20.00
1483 5.00
1484 24.00
1485 24.00
1486 9.00
1487 24.00
1488 77.00
1489 9.00
1490 13.00
1491 23.00
1492 22.00
1493 24.00
1494 12.00
1495 21.00
1496 9.00
1497 8.00
1498 23.00
1499 50.00
1500 24.00
1501 28.00
1502 23.00
1503 0.00
1504 38.00
1505 10.00
1506 13.00
1507 9.00
1508 9.00
1509 62.00
1510 13.00
1511 9.00
1512 38.00
1513 43.00
1514 0.00
1515 12.00
1516 19.00
1517 37.00
1518 21.00
1519 3.00
1520 50.00
1521 76.00
1522 66.00
1523 5.00
1524 1.00
1525 7.00
1526 42.00
1527 9.00
1528 9.00
1529 0.00
1530 31.00
1531 10.00
1532 51.00
1533 12.00
1534 45.00
1535 12.00
1536 4.00
1537 12.00
1538 2.00
1539 68.00
1540 34.00
1541 17.00
1542 38.00
1543 12.00
1544 31.00
1545 57.00
1546 2.00
1547 12.00
1548 12.00
1549 19.00
1550 10.00
1551 33.00
1552 11.00
1553 12.00
1554 13.00
1555 27.00
1556 27.00
1557 32.00
1558 55.00
1559 13.00
1560 24.00
1561 13.00
1562 13.00
1563 31.00
1564 13.00
1565 32.00
1566 11.00
1567 13.00
1568 33.00
1569 38.00
1570 31.00
1571 13.00
1572 13.00
1573 13.00
1574 50.00
1575 13.00
1576 13.00
1577 6.00
1578 13.00
1579 22.00
1580 2.00
1581 12.00
1582 8.00
1583 10.00
1584 5.00
1585 5.00
1586 32.00
1587 7.00
1588 5.00
1589 13.00
1590 45.00
1591 43.00
1592 13.00
1593 13.00
1594 33.00
1595 52.00
1596 31.00
1597 31.00
1598 31.00
1599 49.00
1600 0.00
1601 9.00
1602 61.00
1603 36.00
1604 46.00
1605 9.00
1606 58.00
1607 47.00
1608 43.00
1609 36.00
1610 9.00
1611 15.00
1612 9.00
1613 7.00
1614 9.00
1615 9.00
1616 4.00
1617 9.00
1618 59.00
1619 28.00
1620 10.00
1621 28.00
1622 12.00
1623 19.00
1624 9.00
1625 13.00
1626 13.00
1627 30.00
1628 2.00
1629 13.00
1630 32.00
1631 45.00
1632 30.00
1633 6.00
1634 13.00
1635 13.00
1636 13.00
1637 13.00
1638 68.00
1639 46.00
1640 9.00
1641 9.00
1642 28.00
1643 91.00
1644 42.00
1645 59.00
1646 36.00
1647 28.00
1648 28.00
1649 24.00
1650 24.00
1651 9.00
1652 23.00
1653 16.00
1654 248.00
1655 43.00
1656 45.00
1657 9.00
1658 57.00
1659 3.00
1660 4.00
1661 9.00
1662 39.00
1663 21.00
1664 9.00
1665 22.00
1666 4.00
1667 2.00
1668 9.00
1669 29.00
1670 11.00
1671 10.00
1672 12.00
1673 5.00
1674 12.00
1675 13.00
1676 13.00
1677 41.00
1678 42.00
1679 37.00
1680 22.00
1681 7.00
1682 10.00
1683 15.00
1684 22.00
1685 9.00
1686 0.00
1687 9.00
1688 91.00
1689 32.00
1690 60.00
1691 9.00
1692 52.00
1693 17.00
1694 9.00
1695 18.00
1696 65.00
1697 20.00
1698 25.00
1699 9.00
1700 73.00
1701 22.00
1702 22.00
1703 6.00
1704 135.00
1705 9.00
1706 22.00
1707 91.00
1708 25.00
1709 14.00
1710 22.00
1711 7.00
1712 4.00
1713 7.00
1714 17.00
1715 31.00
1716 11.00
1717 16.00
1718 7.00
1719 22.00
1720 26.00
1721 26.00
1722 9.00
1723 24.00
1724 15.00
1725 25.00
1726 2.00
1727 87.00
1728 72.00
1729 105.00
1730 22.00
1731 9.00
1732 22.00
1733 5.00
1734 63.00
1735 1.00
1736 31.00
1737 23.00
1738 118.00
1739 0.00
1740 46.00
1741 87.00
1742 45.00
1743 21.00
1744 1.00
1745 9.00
1746 142.00
1747 18.00
1748 9.00
1749 54.00
1750 9.00
1751 22.00
1752 21.00
1753 9.00
1754 65.00
1755 9.00
1756 32.00
1757 9.00
1758 63.00
1759 9.00
1760 9.00
1761 10.00
1762 26.00
1763 42.00
1764 45.00
1765 24.00
1766 23.00
1767 9.00
1768 35.00
1769 20.00
1770 9.00
1771 14.00
1772 21.00
1773 9.00
1774 9.00
1775 2.00
1776 8.00
1777 12.00
1778 12.00
1779 31.00
1780 12.00
1781 12.00
1782 15.00
1783 9.00
1784 13.00
1785 60.00
1786 13.00
1787 15.00
1788 21.00
1789 9.00
1790 13.00
1791 22.00
1792 67.00
1793 35.00
1794 146.00
1795 9.00
1796 10.00
1797 15.00
1798 21.00
1799 9.00
1800 47.00
1801 12.00
1802 23.00
1803 9.00
1804 26.00
1805 9.00
1806 99.00
1807 1.00
1808 16.00
1809 46.00
1810 99.00
1811 9.00
1812 17.00
1813 59.00
1814 5.00
1815 34.00
1816 9.00
1817 10.00
1818 11.00
1819 11.00
1820 31.00
1821 6.00
1822 71.00
1823 25.00
1824 48.00
1825 27.00
1826 45.00
1827 10.00
1828 9.00
1829 53.00
1830 28.00
1831 62.00
1832 43.00
1833 10.00
1834 30.00
1835 14.00
1836 7.00
1837 11.00
1838 3.00
1839 31.00
1840 34.00
1841 10.00
1842 9.00
1843 93.00
1844 101.00
1845 46.00
1846 12.00
1847 19.00
1848 11.00
1849 3.00
1850 54.00
1851 53.00
1852 12.00
1853 31.00
1854 44.00
1855 22.00
1856 31.00
1857 5.00
1858 9.00
1859 57.00
1860 56.00
1861 6.00
1862 32.00
1863 34.00
1864 18.00
1865 52.00
1866 25.00
1867 9.00
1868 50.00
1869 11.00
1870 12.00
1871 5.00
1872 17.00
1873 12.00
1874 27.00
1875 14.00
1876 112.00
1877 12.00
1878 72.00
1879 74.00
1880 34.00
1881 12.00
1882 10.00
1883 74.00
1884 31.00
1885 31.00
1886 4.00
1887 31.00
1888 2.00
1889 16.00
1890 9.00
1891 16.00
1892 84.00
1893 26.00
1894 12.00
1895 12.00
1896 31.00
1897 8.00
1898 26.00
1899 62.00
1900 12.00
1901 54.00
1902 14.00
1903 8.00
1904 12.00
1905 15.00
1906 50.00
1907 80.00
1908 14.00
1909 67.00
1910 31.00
1911 51.00
1912 82.00
1913 31.00
1914 81.00
1915 60.00
1916 6.00
1917 16.00
1918 7.00
1919 27.00
1920 27.00
1921 13.00
1922 13.00
1923 4.00
1924 9.00
1925 9.00
1926 29.00
1927 12.00
1928 22.00
1929 11.00
1930 11.00
1931 34.00
1932 69.00
1933 4.00
1934 75.00
1935 12.00
1936 26.00
1937 29.00
1938 2.00
1939 12.00
1940 3.00
1941 12.00
1942 14.00
1943 31.00
1944 14.00
1945 12.00
1946 58.00
1947 12.00
1948 12.00
1949 12.00
1950 55.00
1951 11.00
1952 17.00
1953 5.00
1954 12.00
1955 12.00
1956 12.00
1957 23.00
1958 29.00
1959 108.00
1960 37.00
1961 17.00
1962 29.00
1963 28.00
1964 29.00
1965 29.00
1966 12.00
1967 12.00
1968 12.00
1969 13.00
1970 67.00
1971 2.00
1972 55.00
1973 86.00
1974 87.00
1975 0.00
1976 14.00
1977 36.00
1978 26.00
1979 40.00
1980 29.00
1981 29.00
1982 33.00
1983 49.00
1984 12.00
1985 46.00
1986 29.00
1987 17.00
1988 34.00
1989 12.00
1990 19.00
1991 12.00
1992 1.00
1993 61.00
1994 12.00
1995 29.00
1996 4.00
1997 12.00
1998 57.00
1999 0.00
2000 12.00
2001 36.00
2002 15.00
2003 6.00
2004 22.00
2005 9.00
2006 69.00
2007 41.00
2008 13.00
2009 12.00
2010 12.00
2011 12.00
2012 9.00
2013 30.00
2014 3.00
2015 58.00
2016 12.00
2017 29.00
2018 15.00
2019 12.00
2020 27.00
2021 34.00
2022 12.00
2023 12.00
2024 12.00
2025 26.00
2026 31.00
2027 8.00
2028 26.00
2029 12.00
2030 12.00
2031 29.00
2032 24.00
2033 15.00
2034 78.00
2035 45.00
2036 2.00
2037 17.00
2038 11.00
2039 17.00
2040 23.00
2041 46.00
2042 79.00
2043 15.00
2044 38.00
2045 16.00
2046 82.00
2047 31.00
2048 57.00
2049 23.00
2050 61.00
2051 10.00
2052 9.00
2053 11.00
2054 5.00
2055 79.00
2056 5.00
2057 0.00
2058 14.00
2059 201.00
2060 44.00
2061 17.00
2062 0.00
2063 5.00
2064 5.00
2065 29.00
2066 12.00
2067 27.00
2068 26.00
2069 46.00
2070 12.00
2071 12.00
2072 14.00
2073 20.00
2074 64.00
2075 41.00
2076 12.00
2077 12.00
2078 4.00
2079 33.00
2080 26.00
2081 24.00
2082 31.00
2083 9.00
2084 33.00
2085 49.00
2086 75.00
2087 8.00
2088 31.00
2089 9.00
2090 30.00
2091 60.00
2092 11.00
2093 16.00
2094 26.00
2095 26.00
2096 9.00
2097 33.00
2098 18.00
2099 7.00
2100 15.00
2101 20.00
2102 50.00
2103 32.00
2104 7.00
2105 52.00
2106 14.00
2107 9.00
2108 29.00
2109 38.00
2110 122.00
2111 11.00
2112 12.00
2113 34.00
2114 12.00
2115 24.00
2116 25.00
2117 28.00
2118 9.00
2119 9.00
2120 57.00
2121 31.00
2122 29.00
2123 12.00
2124 12.00
2125 13.00
2126 6.00
2127 31.00
2128 12.00
2129 79.00
2130 12.00
2131 15.00
2132 12.00
2133 60.00
2134 119.00
2135 31.00
2136 75.00
2137 31.00
2138 31.00
2139 34.00
2140 6.00
2141 6.00
2142 74.00
2143 32.00
2144 19.00
2145 18.00
2146 11.00
2147 19.00
2148 54.00
2149 104.00
2150 12.00
2151 7.00
2152 36.00
2153 12.00
2154 12.00
2155 12.00
2156 12.00
2157 46.00
2158 50.00
2159 51.00
2160 10.00
2161 36.00
2162 46.00
2163 33.00
2164 23.00
2165 22.00
2166 12.00
2167 29.00
2168 21.00
2169 12.00
2170 12.00
2171 28.00
2172 45.00
2173 52.00
2174 12.00
2175 12.00
2176 127.00
2177 12.00
2178 21.00
2179 12.00
2180 33.00
2181 6.00
2182 12.00
2183 12.00
2184 12.00
2185 12.00
2186 53.00
2187 74.00
2188 13.00
2189 77.00
2190 26.00
2191 12.00
2192 12.00
2193 118.00
2194 40.00
2195 29.00
2196 12.00
2197 6.00
2198 22.00
2199 63.00
2200 42.00
2201 14.00
2202 12.00
2203 34.00
2204 12.00
2205 57.00
2206 12.00
2207 12.00
2208 5.00
2209 33.00
2210 73.00
2211 61.00
2212 12.00
2213 29.00
2214 12.00
2215 10.00
2216 103.00
2217 56.00
2218 73.00
2219 12.00
2220 56.00
2221 8.00
2222 27.00
2223 61.00
2224 24.00
2225 26.00
2226 30.00
2227 29.00
2228 29.00
2229 39.00
2230 12.00
2231 6.00
2232 54.00
2233 14.00
2234 12.00
2235 12.00
2236 25.00
2237 14.00
2238 1.00
2239 21.00
2240 31.00
2241 60.00
2242 14.00
2243 29.00
2244 11.00
2245 38.00
2246 12.00
2247 12.00
2248 9.00
2249 17.00
2250 14.00
2251 14.00
2252 44.00
2253 14.00
2254 1.00
2255 16.00
2256 9.00
2257 6.00
2258 12.00
2259 21.00
2260 18.00
2261 15.00
2262 21.00
2263 12.00
2264 57.00
2265 13.00
2266 12.00
2267 62.00
2268 26.00
2269 12.00
2270 69.00
2271 23.00
2272 31.00
2273 0.00
2274 12.00
2275 29.00
2276 12.00
2277 12.00
2278 12.00
2279 32.00
2280 74.00
2281 7.00
2282 12.00
2283 12.00
2284 7.00
2285 31.00
2286 12.00
2287 54.00
2288 6.00
2289 20.00
2290 2.00
2291 64.00
2292 23.00
2293 3.00
2294 23.00
2295 22.00
2296 8.00
2297 24.00
2298 5.00
2299 12.00
2300 31.00
2301 96.00
2302 29.00
2303 13.00
2304 69.00
2305 12.00
2306 12.00
2307 12.00
2308 50.00
2309 4.00
2310 12.00
2311 12.00
2312 13.00
2313 12.00
2314 33.00
2315 12.00
2316 54.00
2317 29.00
2318 13.00
2319 32.00
2320 7.00
2321 29.00
2322 13.00
2323 12.00
2324 15.00
2325 12.00
2326 7.00
2327 12.00
2328 60.00
2329 2.00
2330 9.00
2331 28.00
2332 1.00
2333 12.00
2334 12.00
2335 12.00
2336 23.00
2337 44.00
2338 10.00
2339 23.00
2340 12.00
2341 31.00
2342 74.00
2343 31.00
2344 31.00
2345 12.00
2346 12.00
2347 23.00
2348 3.00
2349 20.00
2350 29.00
2351 5.00
2352 26.00
2353 22.00
2354 15.00
2355 49.00
2356 36.00
2357 0.00
2358 1.00
2359 5.00
2360 15.00
2361 29.00
2362 40.00
2363 22.00
2364 12.00
2365 73.00
2366 85.00
2367 106.00
2368 72.00
2369 116.00
2370 37.00
2371 27.00
2372 5.00
2373 29.00
2374 51.00
2375 11.00
2376 38.00
2377 15.00
2378 12.00
2379 18.00
2380 40.00
2381 12.00
2382 113.00
2383 75.00
2384 12.00
2385 12.00
2386 71.00
2387 12.00
2388 12.00
2389 31.00
2390 31.00
2391 14.00
2392 50.00
2393 12.00
2394 13.00
2395 12.00
2396 50.00
2397 94.00
2398 21.00
2399 16.00
2400 8.00
2401 11.00
2402 10.00
2403 21.00
2404 51.00
2405 5.00
2406 42.00
2407 71.00
2408 68.00
2409 2.00
2410 55.00
2411 10.00
2412 9.00
2413 21.00
2414 38.00
2415 9.00
2416 76.00
2417 45.00
2418 33.00
2419 54.00
2420 20.00
2421 23.00
2422 40.00
2423 9.00
2424 40.00
2425 5.00
2426 9.00
2427 57.00
2428 22.00
2429 3.00
2430 97.00
2431 9.00
2432 17.00
2433 9.00
2434 12.00
2435 119.00
2436 45.00
2437 9.00
2438 1.00
2439 12.00
2440 56.00
2441 31.00
2442 25.00
2443 32.00
2444 12.00
2445 31.00
2446 2.00
2447 31.00
2448 31.00
2449 12.00
2450 34.00
2451 25.00
2452 33.00
2453 9.00
2454 54.00
2455 9.00
2456 78.00
2457 96.00
2458 9.00
2459 25.00
2460 61.00
2461 9.00
2462 9.00
2463 64.00
2464 9.00
2465 18.00
2466 12.00
2467 26.00
2468 9.00
2469 45.00
2470 9.00
2471 21.00
2472 0.00
2473 21.00
2474 22.00
2475 7.00
2476 45.00
2477 45.00
2478 45.00
2479 9.00
2480 38.00
2481 18.00
2482 44.00
2483 90.00
2484 90.00
2485 20.00
2486 9.00
2487 9.00
2488 4.00
2489 12.00
2490 3.00
2491 87.00
2492 12.00
2493 41.00
2494 46.00
2495 40.00
2496 9.00
2497 15.00
2498 9.00
2499 11.00
2500 0.00
2501 45.00
2502 25.00
2503 4.00
2504 15.00
2505 42.00
2506 40.00
2507 46.00
2508 9.00
2509 39.00
2510 21.00
2511 21.00
2512 48.00
2513 9.00
2514 21.00
2515 18.00
2516 28.00
2517 100.00
2518 9.00
2519 40.00
2520 9.00
2521 15.00
2522 9.00
2523 28.00
2524 9.00
2525 9.00
2526 8.00
2527 5.00
2528 8.00
2529 16.00
2530 44.00
2531 20.00
2532 12.00
2533 20.00
2534 42.00
2535 9.00
2536 53.00
2537 15.00
2538 7.00
2539 10.00
2540 21.00
2541 11.00
2542 9.00
2543 21.00
2544 9.00
2545 21.00
2546 21.00
2547 9.00
2548 9.00
2549 14.00
2550 68.00
2551 21.00
2552 22.00
2553 9.00
2554 36.00
2555 9.00
2556 10.00
2557 9.00
2558 15.00
2559 45.00
2560 25.00
2561 21.00
2562 9.00
2563 9.00
2564 10.00
2565 10.00
2566 22.00
2567 39.00
2568 123.00
2569 63.00
2570 5.00
2571 25.00
2572 9.00
2573 49.00
2574 9.00
2575 66.00
2576 0.00
2577 16.00
2578 9.00
2579 45.00
2580 2.00
2581 9.00
2582 22.00
2583 26.00
2584 41.00
2585 21.00
2586 27.00
2587 9.00
2588 14.00
2589 102.00
2590 170.00
2591 9.00
2592 18.00
2593 52.00
2594 67.00
2595 9.00
2596 69.00
2597 9.00
2598 9.00
2599 16.00
2600 18.00
2601 9.00
2602 14.00
2603 2.00
2604 81.00
2605 7.00
2606 44.00
2607 45.00
2608 46.00
2609 27.00
2610 52.00
2611 31.00
2612 9.00
2613 1.00
2614 14.00
2615 9.00
2616 42.00
2617 9.00
2618 9.00
2619 9.00
2620 17.00
2621 10.00
2622 27.00
2623 12.00
2624 7.00
2625 2.00
2626 0.00
2627 11.00
2628 12.00
2629 12.00
2630 7.00
2631 3.00
2632 12.00
2633 17.00
2634 52.00
2635 13.00
2636 17.00
2637 48.00
2638 15.00
2639 75.00
2640 13.00
2641 2.00
2642 31.00
2643 25.00
2644 7.00
2645 25.00
2646 48.00
2647 12.00
2648 12.00
2649 12.00
2650 23.00
2651 75.00
2652 45.00
2653 31.00
2654 12.00
2655 76.00
2656 12.00
2657 22.00
2658 24.00
2659 7.00
2660 7.00
2661 31.00
2662 5.00
2663 53.00
2664 72.00
2665 49.00
2666 21.00
2667 28.00
2668 31.00
2669 10.00
2670 75.00
2671 16.00
2672 12.00
2673 41.00
2674 23.00
2675 18.00
2676 2.00
2677 18.00
2678 79.00
2679 12.00
2680 10.00
2681 7.00
2682 51.00
2683 16.00
2684 76.00
2685 31.00
2686 39.00
2687 7.00
2688 58.00
2689 31.00
2690 12.00
2691 12.00
2692 31.00
2693 11.00
2694 31.00
2695 32.00
2696 44.00
2697 50.00
2698 42.00
2699 40.00
2700 82.00
2701 12.00
2702 32.00
2703 25.00
2704 34.00
2705 58.00
2706 1.00
2707 2.00
2708 57.00
2709 3.00
2710 7.00
2711 3.00
2712 64.00
2713 47.00
2714 114.00
2715 1.00
2716 12.00
2717 52.00
2718 12.00
2719 12.00
2720 12.00
2721 28.00
2722 10.00
2723 45.00
2724 12.00
2725 12.00
2726 28.00
2727 12.00
2728 26.00
2729 1.00
2730 22.00
2731 31.00
2732 59.00
2733 31.00
2734 98.00
2735 12.00
2736 32.00
2737 12.00
2738 7.00
2739 113.00
2740 43.00
2741 15.00
2742 5.00
2743 34.00
2744 2.00
2745 20.00
2746 10.00
2747 12.00
2748 71.00
2749 30.00
2750 21.00
2751 7.00
2752 20.00
2753 44.00
2754 9.00
2755 62.00
2756 31.00
2757 14.00
2758 31.00
2759 29.00
2760 62.00
2761 43.00
2762 15.00
2763 31.00
2764 0.00
2765 8.00
2766 10.00
2767 31.00
2768 31.00
2769 2.00
2770 54.00
2771 15.00
2772 105.00
2773 12.00
2774 56.00
2775 31.00
2776 14.00
2777 48.00
2778 18.00
2779 12.00
2780 12.00
2781 30.00
2782 34.00
2783 17.00
2784 12.00
2785 12.00
2786 3.00
2787 7.00
2788 14.00
2789 27.00
2790 5.00
2791 161.00
2792 32.00
2793 73.00
2794 35.00
2795 18.00
2796 20.00
2797 128.00
2798 109.00
2799 21.00
2800 9.00
2801 0.00
2802 10.00
2803 35.00
2804 10.00
2805 84.00
2806 27.00
2807 37.00
2808 106.00
2809 18.00
2810 16.00
2811 9.00
2812 4.00
2813 54.00
2814 17.00
2815 42.00
2816 16.00
2817 5.00
2818 202.00
2819 13.00
2820 10.00
2821 50.00
2822 22.00
2823 132.00
2824 15.00
2825 41.00
2826 9.00
2827 19.00
2828 40.00
2829 43.00
2830 8.00
2831 33.00
2832 36.00
2833 12.00
2834 5.00
2835 42.00
2836 9.00
2837 16.00
2838 5.00
2839 30.00
2840 9.00
2841 29.00
2842 85.00
2843 78.00
2844 10.00
2845 25.00
2846 74.00
2847 25.00
2848 102.00
2849 10.00
2850 12.00
2851 57.00
2852 12.00
2853 16.00
2854 12.00
2855 19.00
2856 5.00
2857 8.00
2858 23.00
2859 19.00
2860 12.00
2861 49.00
2862 2.00
2863 20.00
2864 58.00
2865 10.00
2866 34.00
2867 10.00
2868 12.00
2869 12.00
2870 12.00
2871 25.00
2872 12.00
2873 12.00
2874 20.00
2875 36.00
2876 36.00
2877 12.00
2878 164.00
2879 62.00
2880 11.00
2881 31.00
2882 5.00
2883 51.00
2884 12.00
2885 31.00
2886 22.00
2887 14.00
2888 14.00
2889 5.00
2890 12.00
2891 12.00
2892 13.00
2893 36.00
2894 14.00
2895 72.00
2896 10.00
2897 5.00
2898 12.00
2899 38.00
2900 12.00
2901 12.00
2902 52.00
2903 26.00
2904 3.00
2905 51.00
2906 39.00
2907 12.00
2908 33.00
2909 12.00
2910 19.00
2911 15.00
2912 0.00
2913 12.00
2914 58.00
2915 54.00
2916 12.00
2917 11.00
2918 98.00
2919 44.00
2920 20.00
2921 10.00
2922 2.00
2923 12.00
2924 31.00
2925 46.00
2926 21.00
2927 12.00
2928 4.00
2929 12.00
2930 12.00
2931 13.00
2932 19.00
2933 1.00
2934 12.00
2935 12.00
2936 36.00
2937 23.00
2938 22.00
2939 37.00
2940 26.00
2941 5.00
2942 42.00
2943 9.00
2944 9.00
2945 11.00
2946 35.00
2947 28.00
2948 12.00
2949 38.00
2950 5.00
2951 7.00
2952 31.00
2953 45.00
2954 27.00
2955 57.00
2956 43.00
2957 20.00
2958 20.00
2959 10.00
2960 9.00
2961 10.00
2962 12.00
2963 25.00
2964 31.00
2965 41.00
2966 31.00
2967 12.00
2968 12.00
2969 12.00
2970 12.00
2971 12.00
2972 156.00
2973 10.00
2974 9.00
2975 15.00
2976 18.00
2977 11.00
2978 54.00
2979 12.00
2980 41.00
2981 15.00
2982 12.00
2983 36.00
2984 12.00
2985 14.00
2986 86.00
2987 7.00
2988 34.00
2989 14.00
2990 29.00
2991 62.00
2992 14.00
2993 34.00
2994 5.00
2995 18.00
2996 4.00
2997 26.00
2998 26.00
2999 42.00
