0 -0.19
1 -0.22
2 -0.20
3 -0.18
4 -0.18
5 -0.11
6 -0.14
7 -0.10
8 -0.15
9 -0.07
10 -0.14
11 -0.12
12 -0.08
13 -0.10
14 -0.12
15 -0.08
16 -0.15
17 -0.10
18 -0.06
19 -0.08
20 -0.11
21 -0.07
22 -0.12
23 0.00
24 -0.15
25 -0.02
26 -0.11
27 -0.13
28 -0.08
29 -0.06
30 -0.11
31 -0.11
32 -0.08
33 -0.12
34 -0.06
35 -0.08
36 -0.05
37 -0.08
38 -0.05
39 -0.10
40 -0.06
41 -0.09
42 -0.08
43 -0.10
44 -0.09
45 -0.04
46 -0.12
47 -0.04
48 -0.07
49 -0.05
50 -0.06
51 -0.08
52 -0.04
53 -0.10
54 -0.11
55 -0.07
56 -0.09
57 -0.10
58 -0.09
59 -0.07
60 -0.04
61 -0.12
62 -0.07
63 -0.05
64 -0.09
65 -0.09
66 -0.10
67 -0.09
68 -0.10
69 -0.09
70 -0.08
71 -0.11
72 -0.10
73 -0.09
74 -0.02
75 -0.06
76 -0.11
77 -0.08
78 -0.04
79 -0.08
80 -0.01
81 -0.05
82 -0.03
83 -0.03
84 -0.04
85 -0.04
86 -0.04
87 -0.04
88 -0.10
89 -0.03
90 -0.09
91 -0.07
92 -0.03
93 -0.00
94 -0.02
95 -0.03
96 0.00
97 0.03
98 -0.03
99 -0.07
100 -0.05
101 -0.10
102 0.01
103 -0.07
104 -0.07
105 -0.10
106 -0.10
107 -0.07
108 -0.13
109 -0.10
110 -0.07
111 -0.02
112 -0.02
113 -0.01
114 -0.10
115 -0.05
116 -0.07
117 -0.06
118 -0.07
119 -0.08
120 -0.12
121 -0.10
122 -0.06
123 -0.04
124 0.03
125 -0.03
126 -0.12
127 -0.05
128 -0.01
129 -0.07
130 -0.07
131 -0.06
132 -0.05
133 -0.00
134 -0.04
135 -0.05
136 -0.10
137 -0.05
138 0.01
139 -0.04
140 -0.03
141 -0.11
142 -0.06
143 -0.05
144 -0.03
145 -0.04
146 -0.03
147 0.01
148 -0.03
149 -0.03
150 -0.06
151 -0.09
152 -0.04
153 -0.05
154 -0.01
155 -0.01
156 -0.01
157 -0.06
158 -0.05
159 0.03
160 -0.07
161 -0.06
162 -0.07
163 -0.07
164 -0.06
165 0.03
166 -0.05
167 -0.07
168 -0.02
169 -0.05
170 -0.08
171 -0.08
172 -0.07
173 -0.04
174 -0.02
175 -0.08
176 -0.05
177 -0.05
178 -0.05
179 -0.07
180 -0.09
181 -0.05
182 -0.04
183 -0.14
184 -0.08
185 -0.01
186 0.00
187 -0.04
188 -0.07
189 -0.00
190 -0.07
191 -0.01
192 -0.02
193 -0.01
194 -0.11
195 0.01
196 -0.05
197 -0.07
198 -0.05
199 -0.02
200 0.16
201 0.12
202 0.16
203 0.14
204 0.23
205 0.04
206 0.09
207 0.17
208 0.07
209 0.10
210 0.19
211 0.11
212 -0.02
213 -0.02
214 0.04
215 0.06
216 0.04
217 0.09
218 0.04
219 -0.01
220 0.10
221 0.14
222 0.09
223 0.02
224 -0.02
225 0.08
226 0.02
227 0.02
228 -0.01
229 0.01
230 0.03
231 -0.08
232 -0.01
233 -0.03
234 0.11
235 -0.02
236 -0.09
237 -0.00
238 0.01
239 0.02
240 0.03
241 -0.03
242 -0.02
243 -0.02
244 0.05
245 -0.03
246 0.05
247 0.00
248 -0.01
249 -0.02
250 0.07
251 -0.08
252 0.01
253 0.03
254 0.01
255 -0.01
256 -0.04
257 0.03
258 0.08
259 0.01
260 -0.05
261 -0.01
262 -0.03
263 -0.03
264 -0.04
265 0.02
266 -0.00
267 -0.02
268 -0.01
269 -0.01
270 -0.03
271 0.04
272 0.05
273 -0.01
274 -0.09
275 -0.06
276 -0.01
277 -0.10
278 -0.04
279 -0.06
280 0.02
281 -0.01
282 0.05
283 0.03
284 -0.00
285 -0.02
286 0.05
287 0.05
288 -0.03
289 0.03
290 -0.04
291 0.12
292 0.03
293 0.01
294 0.05
295 0.08
296 0.12
297 0.02
298 0.01
299 -0.01
300 0.01
301 0.03
302 -0.01
303 -0.10
304 -0.09
305 -0.03
306 -0.06
307 0.07
308 -0.02
309 -0.03
310 -0.04
311 -0.05
312 -0.06
313 -0.04
314 -0.03
315 -0.02
316 -0.06
317 0.02
318 -0.09
319 0.01
320 -0.01
321 -0.02
322 -0.06
323 0.01
324 0.03
325 -0.09
326 -0.09
327 -0.00
328 -0.06
329 -0.04
330 -0.04
331 0.00
332 0.04
333 -0.02
334 -0.10
335 0.00
336 0.03
337 -0.03
338 0.03
339 0.05
340 0.05
341 0.04
342 0.04
343 0.02
344 -0.00
345 -0.05
346 0.02
347 0.02
348 -0.05
349 -0.02
350 0.01
351 0.03
352 0.04
353 0.01
354 0.05
355 0.06
356 -0.01
357 0.03
358 0.07
359 0.04
360 0.10
361 -0.03
362 -0.09
363 -0.04
364 -0.00
365 -0.02
366 -0.06
367 -0.04
368 -0.08
369 0.01
370 -0.02
371 -0.06
372 0.03
373 0.00
374 0.06
375 -0.07
376 -0.08
377 -0.02
378 -0.02
379 -0.03
380 0.05
381 0.07
382 0.05
383 -0.07
384 0.01
385 -0.04
386 0.02
387 -0.05
388 -0.09
389 -0.04
390 -0.04
391 -0.04
392 0.02
393 0.01
394 -0.03
395 0.03
396 -0.03
397 0.07
398 -0.07
399 -0.08
400 -0.07
401 -0.08
402 0.12
403 0.10
404 0.15
405 0.13
406 0.04
407 0.14
408 0.05
409 0.10
410 0.14
411 0.11
412 0.06
413 0.11
414 0.14
415 0.11
416 0.10
417 0.19
418 0.07
419 0.13
420 0.08
421 0.07
422 0.04
423 0.18
424 0.01
425 0.07
426 0.10
427 0.10
428 0.06
429 0.18
430 0.06
431 0.06
432 0.15
433 0.08
434 0.08
435 0.12
436 0.12
437 0.13
438 0.15
439 0.11
440 0.11
441 0.07
442 0.12
443 0.18
444 0.11
445 0.08
446 0.14
447 0.14
448 0.06
449 0.21
450 0.17
451 0.12
452 0.10
453 0.07
454 0.21
455 0.07
456 0.14
457 0.12
458 0.09
459 0.12
460 0.08
461 0.10
462 0.12
463 0.06
464 0.06
465 0.14
466 0.19
467 0.16
468 0.12
469 0.13
470 0.11
471 0.13
472 0.16
473 0.01
474 0.06
475 0.10
476 0.14
477 0.06
478 0.10
479 0.10
480 0.08
481 0.10
482 0.11
483 0.11
484 0.13
485 0.10
486 0.04
487 0.08
488 0.06
489 0.12
490 0.10
491 0.08
492 0.08
493 0.12
494 0.11
495 0.19
496 0.18
497 0.10
498 0.13
499 0.12
500 0.14
501 0.12
502 0.08
503 0.08
504 0.12
505 0.14
506 0.15
507 0.08
508 0.17
509 0.03
510 0.11
511 0.08
512 0.13
513 0.12
514 0.13
515 0.10
516 0.08
517 0.06
518 0.12
519 0.02
520 0.06
521 0.07
522 0.14
523 0.10
524 0.11
525 0.14
526 0.11
527 0.10
528 0.04
529 0.11
530 0.03
531 0.05
532 0.13
533 0.14
534 0.12
535 0.04
536 0.10
537 0.17
538 0.18
539 0.10
540 0.11
541 0.08
542 0.09
543 0.16
544 0.10
545 0.12
546 0.14
547 0.10
548 0.18
549 0.13
550 0.13
551 0.02
552 0.10
553 0.19
554 0.17
555 0.13
556 0.06
557 0.19
558 0.17
559 0.10
560 0.12
561 0.13
562 0.17
563 0.10
564 0.16
565 0.18
566 0.07
567 0.15
568 0.10
569 0.14
570 0.07
571 0.15
572 0.08
573 0.15
574 0.11
575 0.06
576 0.08
577 0.05
578 0.11
579 0.10
580 0.10
581 0.12
582 0.04
583 0.09
584 0.12
585 0.13
586 0.02
587 0.10
588 0.09
589 0.08
590 0.14
591 0.08
592 0.11
593 0.15
594 0.10
595 0.13
596 0.03
597 0.17
598 0.11
599 0.14
600 0.32
601 0.27
602 0.12
603 0.29
604 0.15
605 0.22
606 0.15
607 0.16
608 0.06
609 0.23
610 0.14
611 0.15
612 0.11
613 0.19
614 0.15
615 0.18
616 0.08
617 0.18
618 0.14
619 0.14
620 0.10
621 0.07
622 0.06
623 0.12
624 0.18
625 0.16
626 0.15
627 0.07
628 0.11
629 0.11
630 0.20
631 0.19
632 0.12
633 0.11
634 0.23
635 0.14
636 0.19
637 0.18
638 0.16
639 0.18
640 0.17
641 0.18
642 0.13
643 0.10
644 0.07
645 0.13
646 0.15
647 0.06
648 0.08
649 0.12
650 0.20
651 0.09
652 0.15
653 0.15
654 0.13
655 0.14
656 0.16
657 0.10
658 0.13
659 0.10
660 0.11
661 0.10
662 0.19
663 0.14
664 0.21
665 0.17
666 0.09
667 0.09
668 0.06
669 0.10
670 0.13
671 0.18
672 0.11
673 0.11
674 0.11
675 0.11
676 0.19
677 0.17
678 0.19
679 0.26
680 0.09
681 0.22
682 0.13
683 0.14
684 0.09
685 0.08
686 0.16
687 -0.01
688 0.17
689 0.14
690 0.20
691 0.17
692 0.16
693 0.12
694 0.23
695 0.22
696 0.14
697 0.18
698 0.11
699 0.10
700 0.14
701 0.12
702 0.22
703 0.17
704 0.18
705 0.16
706 0.17
707 0.16
708 0.12
709 0.05
710 0.09
711 0.12
712 0.13
713 0.06
714 0.06
715 0.14
716 0.09
717 0.07
718 0.06
719 0.17
720 0.07
721 0.16
722 0.14
723 0.13
724 0.16
725 0.09
726 0.12
727 0.20
728 0.18
729 0.09
730 0.11
731 0.10
732 0.09
733 0.08
734 0.17
735 0.19
736 0.07
737 0.18
738 0.11
739 0.07
740 0.15
741 0.16
742 0.15
743 0.11
744 0.20
745 0.20
746 0.18
747 0.22
748 0.12
749 0.09
750 0.15
751 0.17
752 0.09
753 0.23
754 0.13
755 0.10
756 0.22
757 0.13
758 0.15
759 0.17
760 0.08
761 0.11
762 0.14
763 0.11
764 0.14
765 0.19
766 0.07
767 0.08
768 0.08
769 0.09
770 0.08
771 0.19
772 0.07
773 0.16
774 0.16
775 0.14
776 0.10
777 0.12
778 0.09
779 0.15
780 0.16
781 0.12
782 0.15
783 0.14
784 0.22
785 0.13
786 0.11
787 0.13
788 0.14
789 -0.00
790 0.11
791 0.09
792 0.07
793 0.09
794 0.04
795 0.03
796 0.12
797 0.06
798 0.10
799 0.05
800 0.27
801 0.27
802 0.22
803 0.27
804 0.27
805 0.25
806 0.23
807 0.21
808 0.20
809 0.31
810 0.27
811 0.24
812 0.20
813 0.27
814 0.23
815 0.15
816 0.33
817 0.24
818 0.22
819 0.20
820 0.21
821 0.25
822 0.17
823 0.26
824 0.22
825 0.18
826 0.26
827 0.20
828 0.13
829 0.16
830 0.15
831 0.09
832 0.18
833 0.25
834 0.17
835 0.16
836 0.20
837 0.17
838 0.24
839 0.23
840 0.20
841 0.22
842 0.17
843 0.22
844 0.28
845 0.21
846 0.15
847 0.18
848 0.14
849 0.14
850 0.22
851 0.18
852 0.23
853 0.17
854 0.26
855 0.27
856 0.19
857 0.17
858 0.14
859 0.24
860 0.20
861 0.19
862 0.18
863 0.24
864 0.24
865 0.18
866 0.18
867 0.26
868 0.19
869 0.22
870 0.19
871 0.23
872 0.23
873 0.22
874 0.24
875 0.21
876 0.33
877 0.23
878 0.17
879 0.22
880 0.20
881 0.17
882 0.09
883 0.16
884 0.16
885 0.20
886 0.25
887 0.15
888 0.27
889 0.23
890 0.26
891 0.21
892 0.25
893 0.22
894 0.24
895 0.14
896 0.09
897 0.15
898 0.22
899 0.27
900 0.15
901 0.26
902 0.22
903 0.18
904 0.18
905 0.24
906 0.18
907 0.17
908 0.24
909 0.16
910 0.19
911 0.15
912 0.21
913 0.20
914 0.19
915 0.26
916 0.17
917 0.16
918 0.20
919 0.07
920 0.20
921 0.25
922 0.18
923 0.12
924 0.18
925 0.18
926 0.27
927 0.17
928 0.26
929 0.14
930 0.23
931 0.23
932 0.20
933 0.32
934 0.31
935 0.21
936 0.20
937 0.23
938 0.30
939 0.18
940 0.21
941 0.16
942 0.18
943 0.17
944 0.18
945 0.16
946 0.11
947 0.18
948 0.15
949 0.16
950 0.14
951 0.18
952 0.17
953 0.18
954 0.23
955 0.20
956 0.21
957 0.26
958 0.19
959 0.20
960 0.26
961 0.23
962 0.25
963 0.25
964 0.14
965 0.15
966 0.25
967 0.13
968 0.22
969 0.20
970 0.17
971 0.14
972 0.25
973 0.20
974 0.22
975 0.22
976 0.12
977 0.25
978 0.24
979 0.21
980 0.14
981 0.25
982 0.31
983 0.19
984 0.25
985 0.33
986 0.26
987 0.22
988 0.22
989 0.23
990 0.27
991 0.16
992 0.23
993 0.24
994 0.22
995 0.15
996 0.09
997 0.22
998 0.27
999 0.23
1000 0.19
1001 0.21
1002 0.24
1003 0.30
1004 0.16
1005 0.25
1006 0.20
1007 0.25
1008 0.28
1009 0.26
1010 0.24
1011 0.21
1012 0.30
1013 0.26
1014 0.20
1015 0.25
1016 0.24
1017 0.25
1018 0.23
1019 0.26
1020 0.20
1021 0.29
1022 0.14
1023 0.19
1024 0.24
1025 0.29
1026 0.26
1027 0.23
1028 0.23
1029 0.31
1030 0.27
1031 0.30
1032 0.27
1033 0.20
1034 0.27
1035 0.16
1036 0.17
1037 0.29
1038 0.28
1039 0.27
1040 0.18
1041 0.29
1042 0.25
1043 0.20
1044 0.29
1045 0.29
1046 0.26
1047 0.22
1048 0.32
1049 0.16
1050 0.24
1051 0.21
1052 0.25
1053 0.22
1054 0.21
1055 0.25
1056 0.25
1057 0.20
1058 0.30
1059 0.15
1060 0.26
1061 0.32
1062 0.36
1063 0.16
1064 0.12
1065 0.26
1066 0.32
1067 0.22
1068 0.28
1069 0.23
1070 0.17
1071 0.25
1072 0.21
1073 0.29
1074 0.23
1075 0.22
1076 0.19
1077 0.18
1078 0.23
1079 0.26
1080 0.16
1081 0.20
1082 0.19
1083 0.26
1084 0.25
1085 0.18
1086 0.23
1087 0.19
1088 0.23
1089 0.25
1090 0.16
1091 0.17
1092 0.25
1093 0.29
1094 0.16
1095 0.29
1096 0.32
1097 0.27
1098 0.23
1099 0.22
1100 0.25
1101 0.30
1102 0.27
1103 0.27
1104 0.26
1105 0.23
1106 0.31
1107 0.23
1108 0.12
1109 0.32
1110 0.26
1111 0.22
1112 0.21
1113 0.24
1114 0.21
1115 0.17
1116 0.25
1117 0.33
1118 0.17
1119 0.25
1120 0.26
1121 0.15
1122 0.28
1123 0.31
1124 0.16
1125 0.18
1126 0.28
1127 0.15
1128 0.19
1129 0.24
1130 0.20
1131 0.21
1132 0.21
1133 0.28
1134 0.20
1135 0.10
1136 0.20
1137 0.15
1138 0.25
1139 0.21
1140 0.21
1141 0.19
1142 0.27
1143 0.22
1144 0.15
1145 0.18
1146 0.17
1147 0.22
1148 0.21
1149 0.19
1150 0.12
1151 0.25
1152 0.28
1153 0.22
1154 0.22
1155 0.29
1156 0.26
1157 0.15
1158 0.18
1159 0.29
1160 0.16
1161 0.25
1162 0.20
1163 0.23
1164 0.20
1165 0.20
1166 0.23
1167 0.32
1168 0.15
1169 0.21
1170 0.25
1171 0.26
1172 0.18
1173 0.19
1174 0.20
1175 0.26
1176 0.22
1177 0.20
1178 0.20
1179 0.15
1180 0.24
1181 0.21
1182 0.26
1183 0.26
1184 0.24
1185 0.34
1186 0.19
1187 0.18
1188 0.21
1189 0.22
1190 0.19
1191 0.17
1192 0.18
1193 0.19
1194 0.26
1195 0.16
1196 0.21
1197 0.24
1198 0.21
1199 0.22
1200 0.33
1201 0.22
1202 0.28
1203 0.26
1204 0.27
1205 0.24
1206 0.33
1207 0.30
1208 0.28
1209 0.32
1210 0.28
1211 0.31
1212 0.24
1213 0.26
1214 0.32
1215 0.33
1216 0.34
1217 0.32
1218 0.26
1219 0.20
1220 0.28
1221 0.26
1222 0.27
1223 0.32
1224 0.28
1225 0.24
1226 0.30
1227 0.28
1228 0.16
1229 0.24
1230 0.24
1231 0.22
1232 0.23
1233 0.28
1234 0.25
1235 0.28
1236 0.24
1237 0.21
1238 0.19
1239 0.27
1240 0.25
1241 0.27
1242 0.30
1243 0.31
1244 0.23
1245 0.25
1246 0.26
1247 0.19
1248 0.25
1249 0.25
1250 0.25
1251 0.26
1252 0.25
1253 0.18
1254 0.28
1255 0.34
1256 0.29
1257 0.28
1258 0.22
1259 0.23
1260 0.21
1261 0.26
1262 0.25
1263 0.22
1264 0.20
1265 0.27
1266 0.18
1267 0.34
1268 0.28
1269 0.21
1270 0.25
1271 0.24
1272 0.27
1273 0.23
1274 0.22
1275 0.30
1276 0.17
1277 0.23
1278 0.24
1279 0.27
1280 0.22
1281 0.28
1282 0.20
1283 0.28
1284 0.24
1285 0.21
1286 0.25
1287 0.24
1288 0.25
1289 0.26
1290 0.23
1291 0.21
1292 0.24
1293 0.22
1294 0.19
1295 0.24
1296 0.16
1297 0.18
1298 0.30
1299 0.26
1300 0.29
1301 0.22
1302 0.28
1303 0.31
1304 0.27
1305 0.17
1306 0.29
1307 0.18
1308 0.23
1309 0.20
1310 0.24
1311 0.24
1312 0.23
1313 0.32
1314 0.30
1315 0.31
1316 0.30
1317 0.20
1318 0.21
1319 0.28
1320 0.29
1321 0.34
1322 0.29
1323 0.29
1324 0.27
1325 0.34
1326 0.29
1327 0.28
1328 0.21
1329 0.24
1330 0.27
1331 0.27
1332 0.31
1333 0.22
1334 0.30
1335 0.22
1336 0.28
1337 0.26
1338 0.22
1339 0.20
1340 0.22
1341 0.24
1342 0.17
1343 0.24
1344 0.26
1345 0.35
1346 0.23
1347 0.25
1348 0.24
1349 0.20
1350 0.29
1351 0.23
1352 0.23
1353 0.22
1354 0.22
1355 0.26
1356 0.21
1357 0.31
1358 0.26
1359 0.25
1360 0.27
1361 0.20
1362 0.21
1363 0.24
1364 0.32
1365 0.22
1366 0.22
1367 0.28
1368 0.26
1369 0.24
1370 0.26
1371 0.19
1372 0.23
1373 0.18
1374 0.31
1375 0.21
1376 0.27
1377 0.23
1378 0.23
1379 0.31
1380 0.16
1381 0.25
1382 0.26
1383 0.22
1384 0.19
1385 0.23
1386 0.17
1387 0.24
1388 0.20
1389 0.26
1390 0.30
1391 0.20
1392 0.33
1393 0.29
1394 0.25
1395 0.24
1396 0.28
1397 0.27
1398 0.20
1399 0.30
1400 0.17
1401 0.29
1402 0.26
1403 0.32
1404 0.33
1405 0.31
1406 0.25
1407 0.33
1408 0.29
1409 0.24
1410 0.31
1411 0.35
1412 0.28
1413 0.29
1414 0.20
1415 0.21
1416 0.26
1417 0.27
1418 0.24
1419 0.32
1420 0.26
1421 0.32
1422 0.25
1423 0.26
1424 0.29
1425 0.30
1426 0.27
1427 0.27
1428 0.32
1429 0.33
1430 0.28
1431 0.28
1432 0.29
1433 0.30
1434 0.33
1435 0.25
1436 0.29
1437 0.28
1438 0.28
1439 0.32
1440 0.35
1441 0.29
1442 0.33
1443 0.33
1444 0.29
1445 0.28
1446 0.26
1447 0.28
1448 0.28
1449 0.25
1450 0.28
1451 0.23
1452 0.35
1453 0.34
1454 0.33
1455 0.33
1456 0.28
1457 0.31
1458 0.29
1459 0.29
1460 0.32
1461 0.35
1462 0.39
1463 0.36
1464 0.28
1465 0.29
1466 0.32
1467 0.28
1468 0.32
1469 0.30
1470 0.25
1471 0.29
1472 0.32
1473 0.32
1474 0.25
1475 0.32
1476 0.23
1477 0.24
1478 0.32
1479 0.31
1480 0.25
1481 0.29
1482 0.35
1483 0.38
1484 0.34
1485 0.27
1486 0.33
1487 0.26
1488 0.27
1489 0.26
1490 0.25
1491 0.25
1492 0.30
1493 0.26
1494 0.30
1495 0.31
1496 0.34
1497 0.28
1498 0.33
1499 0.32
1500 0.32
1501 0.33
1502 0.34
1503 0.30
1504 0.31
1505 0.30
1506 0.30
1507 0.35
1508 0.27
1509 0.33
1510 0.35
1511 0.33
1512 0.36
1513 0.30
1514 0.34
1515 0.33
1516 0.36
1517 0.36
1518 0.28
1519 0.32
1520 0.29
1521 0.33
1522 0.32
1523 0.29
1524 0.30
1525 0.32
1526 0.36
1527 0.36
1528 0.31
1529 0.29
1530 0.30
1531 0.26
1532 0.31
1533 0.29
1534 0.22
1535 0.27
1536 0.24
1537 0.30
1538 0.32
1539 0.26
1540 0.34
1541 0.28
1542 0.31
1543 0.31
1544 0.26
1545 0.27
1546 0.34
1547 0.35
1548 0.31
1549 0.28
1550 0.31
1551 0.33
1552 0.35
1553 0.33
1554 0.33
1555 0.36
1556 0.33
1557 0.35
1558 0.38
1559 0.32
1560 0.34
1561 0.36
1562 0.34
1563 0.29
1564 0.30
1565 0.34
1566 0.35
1567 0.29
1568 0.29
1569 0.33
1570 0.29
1571 0.27
1572 0.25
1573 0.27
1574 0.32
1575 0.31
1576 0.37
1577 0.31
1578 0.31
1579 0.35
1580 0.32
1581 0.35
1582 0.35
1583 0.32
1584 0.34
1585 0.29
1586 0.29
1587 0.36
1588 0.32
1589 0.35
1590 0.30
1591 0.30
1592 0.31
1593 0.31
1594 0.32
1595 0.30
1596 0.30
1597 0.28
1598 0.35
1599 0.36
1600 0.29
1601 0.35
1602 0.29
1603 0.29
1604 0.36
1605 0.26
1606 0.22
1607 0.29
1608 0.30
1609 0.26
1610 0.30
1611 0.30
1612 0.28
1613 0.31
1614 0.31
1615 0.29
1616 0.30
1617 0.32
1618 0.30
1619 0.33
1620 0.34
1621 0.34
1622 0.34
1623 0.35
1624 0.32
1625 0.31
1626 0.34
1627 0.33
1628 0.35
1629 0.34
1630 0.34
1631 0.34
1632 0.35
1633 0.37
1634 0.32
1635 0.32
1636 0.30
1637 0.31
1638 0.37
1639 0.34
1640 0.36
1641 0.28
1642 0.33
1643 0.30
1644 0.29
1645 0.31
1646 0.26
1647 0.36
1648 0.35
1649 0.32
1650 0.33
1651 0.35
1652 0.29
1653 0.37
1654 0.35
1655 0.36
1656 0.37
1657 0.34
1658 0.39
1659 0.29
1660 0.34
1661 0.36
1662 0.34
1663 0.31
1664 0.36
1665 0.33
1666 0.39
1667 0.35
1668 0.38
1669 0.38
1670 0.31
1671 0.31
1672 0.35
1673 0.38
1674 0.30
1675 0.35
1676 0.29
1677 0.33
1678 0.35
1679 0.33
1680 0.35
1681 0.31
1682 0.30
1683 0.34
1684 0.34
1685 0.31
1686 0.32
1687 0.35
1688 0.32
1689 0.31
1690 0.29
1691 0.37
1692 0.26
1693 0.34
1694 0.31
1695 0.37
1696 0.32
1697 0.35
1698 0.36
1699 0.35
1700 0.36
1701 0.32
1702 0.30
1703 0.35
1704 0.30
1705 0.28
1706 0.33
1707 0.31
1708 0.32
1709 0.32
1710 0.28
1711 0.34
1712 0.32
1713 0.34
1714 0.36
1715 0.29
1716 0.36
1717 0.35
1718 0.30
1719 0.35
1720 0.35
1721 0.35
1722 0.36
1723 0.34
1724 0.36
1725 0.30
1726 0.35
1727 0.32
1728 0.37
1729 0.36
1730 0.37
1731 0.35
1732 0.30
1733 0.33
1734 0.32
1735 0.32
1736 0.34
1737 0.33
1738 0.34
1739 0.38
1740 0.36
1741 0.35
1742 0.29
1743 0.34
1744 0.36
1745 0.31
1746 0.30
1747 0.34
1748 0.35
1749 0.31
1750 0.34
1751 0.34
1752 0.31
1753 0.34
1754 0.39
1755 0.34
1756 0.32
1757 0.30
1758 0.32
1759 0.33
1760 0.35
1761 0.38
1762 0.31
1763 0.32
1764 0.35
1765 0.33
1766 0.34
1767 0.36
1768 0.33
1769 0.33
1770 0.24
1771 0.31
1772 0.34
1773 0.36
1774 0.28
1775 0.35
1776 0.31
1777 0.32
1778 0.30
1779 0.33
1780 0.35
1781 0.31
1782 0.35
1783 0.35
1784 0.32
1785 0.31
1786 0.36
1787 0.34
1788 0.33
1789 0.27
1790 0.36
1791 0.34
1792 0.30
1793 0.37
1794 0.31
1795 0.41
1796 0.32
1797 0.33
1798 0.26
1799 0.29
1800 0.30
1801 0.31
1802 0.32
1803 0.39
1804 0.33
1805 0.30
1806 0.34
1807 0.37
1808 0.36
1809 0.36
1810 0.32
1811 0.36
1812 0.40
1813 0.38
1814 0.31
1815 0.34
1816 0.36
1817 0.38
1818 0.35
1819 0.38
1820 0.35
1821 0.32
1822 0.33
1823 0.36
1824 0.23
1825 0.33
1826 0.31
1827 0.35
1828 0.28
1829 0.34
1830 0.38
1831 0.36
1832 0.35
1833 0.36
1834 0.27
1835 0.36
1836 0.38
1837 0.37
1838 0.37
1839 0.31
1840 0.35
1841 0.34
1842 0.35
1843 0.34
1844 0.32
1845 0.32
1846 0.35
1847 0.35
1848 0.34
1849 0.39
1850 0.34
1851 0.33
1852 0.38
1853 0.34
1854 0.32
1855 0.35
1856 0.36
1857 0.35
1858 0.35
1859 0.31
1860 0.34
1861 0.38
1862 0.39
1863 0.36
1864 0.34
1865 0.37
1866 0.37
1867 0.35
1868 0.31
1869 0.31
1870 0.36
1871 0.27
1872 0.31
1873 0.35
1874 0.34
1875 0.30
1876 0.33
1877 0.27
1878 0.35
1879 0.31
1880 0.29
1881 0.39
1882 0.30
1883 0.39
1884 0.35
1885 0.35
1886 0.36
1887 0.34
1888 0.36
1889 0.37
1890 0.37
1891 0.29
1892 0.32
1893 0.38
1894 0.40
1895 0.34
1896 0.31
1897 0.38
1898 0.39
1899 0.35
1900 0.36
1901 0.35
1902 0.36
1903 0.34
1904 0.28
1905 0.33
1906 0.34
1907 0.34
1908 0.37
1909 0.32
1910 0.29
1911 0.32
1912 0.30
1913 0.33
1914 0.36
1915 0.38
1916 0.30
1917 0.34
1918 0.31
1919 0.35
1920 0.28
1921 0.26
1922 0.32
1923 0.39
1924 0.33
1925 0.33
1926 0.35
1927 0.34
1928 0.36
1929 0.39
1930 0.35
1931 0.33
1932 0.39
1933 0.31
1934 0.33
1935 0.34
1936 0.32
1937 0.34
1938 0.32
1939 0.32
1940 0.36
1941 0.34
1942 0.29
1943 0.34
1944 0.34
1945 0.37
1946 0.37
1947 0.36
1948 0.35
1949 0.37
1950 0.36
1951 0.39
1952 0.36
1953 0.36
1954 0.31
1955 0.33
1956 0.38
1957 0.36
1958 0.32
1959 0.33
1960 0.41
1961 0.38
1962 0.36
1963 0.31
1964 0.36
1965 0.32
1966 0.33
1967 0.35
1968 0.39
1969 0.33
1970 0.31
1971 0.29
1972 0.32
1973 0.33
1974 0.32
1975 0.32
1976 0.28
1977 0.31
1978 0.33
1979 0.38
1980 0.33
1981 0.36
1982 0.37
1983 0.32
1984 0.36
1985 0.36
1986 0.35
1987 0.31
1988 0.31
1989 0.36
1990 0.34
1991 0.34
1992 0.38
1993 0.31
1994 0.28
1995 0.35
1996 0.31
1997 0.27
1998 0.33
1999 0.30
2000 0.28
2001 0.33
2002 0.42
2003 0.27
2004 0.34
2005 0.36
2006 0.37
2007 0.29
2008 0.36
2009 0.27
2010 0.37
2011 0.31
2012 0.37
2013 0.23
2014 0.37
2015 0.33
2016 0.24
2017 0.30
2018 0.37
2019 0.36
2020 0.31
2021 0.32
2022 0.36
2023 0.29
2024 0.35
2025 0.35
2026 0.34
2027 0.30
2028 0.29
2029 0.36
2030 0.37
2031 0.30
2032 0.30
2033 0.34
2034 0.33
2035 0.35
2036 0.33
2037 0.33
2038 0.38
2039 0.30
2040 0.34
2041 0.34
2042 0.39
2043 0.35
2044 0.30
2045 0.35
2046 0.33
2047 0.36
2048 0.30
2049 0.31
2050 0.34
2051 0.30
2052 0.30
2053 0.36
2054 0.33
2055 0.35
2056 0.32
2057 0.37
2058 0.27
2059 0.28
2060 0.33
2061 0.31
2062 0.35
2063 0.25
2064 0.30
2065 0.31
2066 0.29
2067 0.29
2068 0.28
2069 0.31
2070 0.31
2071 0.32
2072 0.34
2073 0.35
2074 0.31
2075 0.30
2076 0.34
2077 0.31
2078 0.29
2079 0.29
2080 0.33
2081 0.32
2082 0.37
2083 0.30
2084 0.28
2085 0.34
2086 0.29
2087 0.34
2088 0.31
2089 0.34
2090 0.34
2091 0.32
2092 0.31
2093 0.33
2094 0.37
2095 0.35
2096 0.32
2097 0.34
2098 0.33
2099 0.30
2100 0.22
2101 0.23
2102 0.30
2103 0.32
2104 0.34
2105 0.31
2106 0.30
2107 0.29
2108 0.35
2109 0.31
2110 0.33
2111 0.31
2112 0.34
2113 0.31
2114 0.28
2115 0.34
2116 0.39
2117 0.37
2118 0.35
2119 0.32
2120 0.37
2121 0.37
2122 0.34
2123 0.33
2124 0.35
2125 0.33
2126 0.33
2127 0.31
2128 0.35
2129 0.37
2130 0.33
2131 0.34
2132 0.37
2133 0.35
2134 0.32
2135 0.35
2136 0.30
2137 0.31
2138 0.37
2139 0.35
2140 0.29
2141 0.30
2142 0.26
2143 0.37
2144 0.30
2145 0.33
2146 0.33
2147 0.34
2148 0.36
2149 0.37
2150 0.35
2151 0.33
2152 0.34
2153 0.28
2154 0.36
2155 0.34
2156 0.36
2157 0.35
2158 0.32
2159 0.31
2160 0.31
2161 0.33
2162 0.34
2163 0.33
2164 0.33
2165 0.36
2166 0.38
2167 0.32
2168 0.32
2169 0.31
2170 0.37
2171 0.32
2172 0.37
2173 0.31
2174 0.30
2175 0.33
2176 0.29
2177 0.35
2178 0.33
2179 0.30
2180 0.38
2181 0.31
2182 0.33
2183 0.31
2184 0.31
2185 0.35
2186 0.31
2187 0.35
2188 0.34
2189 0.34
2190 0.30
2191 0.33
2192 0.33
2193 0.32
2194 0.35
2195 0.32
2196 0.33
2197 0.34
2198 0.40
2199 0.35
2200 0.37
2201 0.37
2202 0.42
2203 0.33
2204 0.37
2205 0.39
2206 0.37
2207 0.32
2208 0.30
2209 0.38
2210 0.34
2211 0.35
2212 0.41
2213 0.37
2214 0.39
2215 0.32
2216 0.35
2217 0.24
2218 0.27
2219 0.34
2220 0.38
2221 0.28
2222 0.28
2223 0.34
2224 0.34
2225 0.25
2226 0.36
2227 0.31
2228 0.39
2229 0.40
2230 0.36
2231 0.37
2232 0.35
2233 0.32
2234 0.37
2235 0.37
2236 0.28
2237 0.33
2238 0.39
2239 0.36
2240 0.36
2241 0.37
2242 0.37
2243 0.35
2244 0.35
2245 0.34
2246 0.35
2247 0.37
2248 0.31
2249 0.33
2250 0.31
2251 0.37
2252 0.39
2253 0.34
2254 0.31
2255 0.39
2256 0.37
2257 0.39
2258 0.37
2259 0.34
2260 0.35
2261 0.36
2262 0.36
2263 0.39
2264 0.34
2265 0.34
2266 0.34
2267 0.33
2268 0.34
2269 0.34
2270 0.36
2271 0.41
2272 0.38
2273 0.33
2274 0.33
2275 0.33
2276 0.40
2277 0.31
2278 0.28
2279 0.35
2280 0.37
2281 0.34
2282 0.26
2283 0.25
2284 0.34
2285 0.32
2286 0.31
2287 0.36
2288 0.27
2289 0.34
2290 0.37
2291 0.34
2292 0.37
2293 0.32
2294 0.39
2295 0.33
2296 0.31
2297 0.29
2298 0.33
2299 0.34
2300 0.35
2301 0.32
2302 0.31
2303 0.32
2304 0.37
2305 0.33
2306 0.30
2307 0.34
2308 0.24
2309 0.37
2310 0.35
2311 0.23
2312 0.35
2313 0.35
2314 0.34
2315 0.31
2316 0.34
2317 0.32
2318 0.36
2319 0.33
2320 0.32
2321 0.29
2322 0.32
2323 0.30
2324 0.30
2325 0.32
2326 0.37
2327 0.29
2328 0.38
2329 0.34
2330 0.35
2331 0.38
2332 0.31
2333 0.31
2334 0.36
2335 0.32
2336 0.31
2337 0.34
2338 0.34
2339 0.36
2340 0.37
2341 0.36
2342 0.36
2343 0.31
2344 0.31
2345 0.30
2346 0.36
2347 0.33
2348 0.32
2349 0.35
2350 0.35
2351 0.36
2352 0.36
2353 0.38
2354 0.29
2355 0.38
2356 0.30
2357 0.33
2358 0.25
2359 0.32
2360 0.33
2361 0.30
2362 0.34
2363 0.32
2364 0.30
2365 0.30
2366 0.31
2367 0.31
2368 0.36
2369 0.30
2370 0.32
2371 0.32
2372 0.40
2373 0.35
2374 0.35
2375 0.33
2376 0.36
2377 0.34
2378 0.33
2379 0.29
2380 0.35
2381 0.37
2382 0.35
2383 0.35
2384 0.34
2385 0.28
2386 0.34
2387 0.38
2388 0.35
2389 0.27
2390 0.37
2391 0.38
2392 0.32
2393 0.37
2394 0.35
2395 0.40
2396 0.33
2397 0.39
2398 0.35
2399 0.35
2400 0.33
2401 0.36
2402 0.34
2403 0.39
2404 0.38
2405 0.39
2406 0.38
2407 0.37
2408 0.35
2409 0.36
2410 0.35
2411 0.39
2412 0.36
2413 0.35
2414 0.37
2415 0.36
2416 0.32
2417 0.35
2418 0.34
2419 0.30
2420 0.35
2421 0.40
2422 0.38
2423 0.35
2424 0.33
2425 0.33
2426 0.29
2427 0.36
2428 0.32
2429 0.33
2430 0.29
2431 0.35
2432 0.31
2433 0.33
2434 0.32
2435 0.31
2436 0.35
2437 0.27
2438 0.33
2439 0.33
2440 0.32
2441 0.36
2442 0.36
2443 0.38
2444 0.34
2445 0.33
2446 0.30
2447 0.32
2448 0.37
2449 0.33
2450 0.27
2451 0.36
2452 0.35
2453 0.29
2454 0.35
2455 0.32
2456 0.29
2457 0.36
2458 0.39
2459 0.36
2460 0.31
2461 0.30
2462 0.36
2463 0.36
2464 0.37
2465 0.35
2466 0.33
2467 0.35
2468 0.37
2469 0.34
2470 0.36
2471 0.27
2472 0.38
2473 0.33
2474 0.40
2475 0.34
2476 0.39
2477 0.32
2478 0.30
2479 0.38
2480 0.40
2481 0.37
2482 0.34
2483 0.37
2484 0.33
2485 0.31
2486 0.38
2487 0.32
2488 0.29
2489 0.36
2490 0.32
2491 0.41
2492 0.36
2493 0.34
2494 0.36
2495 0.36
2496 0.33
2497 0.34
2498 0.40
2499 0.32
2500 0.33
2501 0.25
2502 0.38
2503 0.33
2504 0.29
2505 0.35
2506 0.35
2507 0.34
2508 0.37
2509 0.38
2510 0.27
2511 0.32
2512 0.36
2513 0.37
2514 0.37
2515 0.37
2516 0.34
2517 0.35
2518 0.40
2519 0.31
2520 0.29
2521 0.34
2522 0.35
2523 0.34
2524 0.34
2525 0.37
2526 0.34
2527 0.34
2528 0.31
2529 0.35
2530 0.39
2531 0.36
2532 0.33
2533 0.27
2534 0.37
2535 0.33
2536 0.32
2537 0.34
2538 0.34
2539 0.35
2540 0.36
2541 0.33
2542 0.33
2543 0.34
2544 0.36
2545 0.39
2546 0.39
2547 0.36
2548 0.36
2549 0.34
2550 0.35
2551 0.38
2552 0.34
2553 0.31
2554 0.37
2555 0.38
2556 0.34
2557 0.36
2558 0.34
2559 0.35
2560 0.31
2561 0.37
2562 0.37
2563 0.34
2564 0.35
2565 0.32
2566 0.34
2567 0.31
2568 0.34
2569 0.36
2570 0.34
2571 0.33
2572 0.35
2573 0.34
2574 0.37
2575 0.37
2576 0.35
2577 0.30
2578 0.33
2579 0.36
2580 0.33
2581 0.33
2582 0.30
2583 0.30
2584 0.35
2585 0.31
2586 0.36
2587 0.31
2588 0.35
2589 0.37
2590 0.34
2591 0.36
2592 0.32
2593 0.31
2594 0.32
2595 0.38
2596 0.39
2597 0.28
2598 0.36
2599 0.30
2600 0.36
2601 0.36
2602 0.40
2603 0.35
2604 0.35
2605 0.39
2606 0.34
2607 0.34
2608 0.34
2609 0.36
2610 0.29
2611 0.31
2612 0.36
2613 0.36
2614 0.37
2615 0.39
2616 0.35
2617 0.36
2618 0.36
2619 0.37
2620 0.37
2621 0.39
2622 0.38
2623 0.36
2624 0.39
2625 0.37
2626 0.36
2627 0.28
2628 0.33
2629 0.36
2630 0.37
2631 0.38
2632 0.37
2633 0.38
2634 0.38
2635 0.34
2636 0.31
2637 0.39
2638 0.33
2639 0.30
2640 0.36
2641 0.39
2642 0.33
2643 0.29
2644 0.35
2645 0.30
2646 0.36
2647 0.29
2648 0.37
2649 0.33
2650 0.39
2651 0.34
2652 0.33
2653 0.38
2654 0.30
2655 0.41
2656 0.34
2657 0.37
2658 0.36
2659 0.28
2660 0.34
2661 0.35
2662 0.38
2663 0.33
2664 0.38
2665 0.37
2666 0.35
2667 0.32
2668 0.34
2669 0.37
2670 0.38
2671 0.34
2672 0.33
2673 0.38
2674 0.34
2675 0.36
2676 0.31
2677 0.37
2678 0.35
2679 0.39
2680 0.31
2681 0.32
2682 0.36
2683 0.32
2684 0.35
2685 0.36
2686 0.27
2687 0.34
2688 0.28
2689 0.36
2690 0.36
2691 0.39
2692 0.40
2693 0.37
2694 0.29
2695 0.34
2696 0.36
2697 0.37
2698 0.37
2699 0.28
2700 0.37
2701 0.32
2702 0.34
2703 0.36
2704 0.31
2705 0.35
2706 0.33
2707 0.35
2708 0.35
2709 0.27
2710 0.33
2711 0.41
2712 0.35
2713 0.38
2714 0.35
2715 0.26
2716 0.32
2717 0.37
2718 0.32
2719 0.39
2720 0.34
2721 0.36
2722 0.36
2723 0.30
2724 0.34
2725 0.25
2726 0.37
2727 0.35
2728 0.30
2729 0.37
2730 0.33
2731 0.40
2732 0.38
2733 0.37
2734 0.30
2735 0.36
2736 0.36
2737 0.32
2738 0.33
2739 0.39
2740 0.35
2741 0.33
2742 0.33
2743 0.36
2744 0.38
2745 0.39
2746 0.31
2747 0.38
2748 0.32
2749 0.34
2750 0.39
2751 0.27
2752 0.37
2753 0.35
2754 0.35
2755 0.31
2756 0.34
2757 0.31
2758 0.32
2759 0.32
2760 0.33
2761 0.33
2762 0.34
2763 0.34
2764 0.36
2765 0.38
2766 0.36
2767 0.35
2768 0.38
2769 0.32
2770 0.39
2771 0.33
2772 0.34
2773 0.37
2774 0.35
2775 0.30
2776 0.36
2777 0.34
2778 0.30
2779 0.37
2780 0.33
2781 0.34
2782 0.33
2783 0.35
2784 0.34
2785 0.32
2786 0.32
2787 0.37
2788 0.37
2789 0.33
2790 0.35
2791 0.32
2792 0.29
2793 0.31
2794 0.40
2795 0.29
2796 0.34
2797 0.37
2798 0.29
2799 0.38
2800 0.35
2801 0.40
2802 0.39
2803 0.39
2804 0.33
2805 0.36
2806 0.39
2807 0.38
2808 0.37
2809 0.34
2810 0.38
2811 0.37
2812 0.34
2813 0.33
2814 0.37
2815 0.38
2816 0.40
2817 0.39
2818 0.37
2819 0.30
2820 0.30
2821 0.34
2822 0.37
2823 0.35
2824 0.36
2825 0.33
2826 0.36
2827 0.41
2828 0.37
2829 0.31
2830 0.36
2831 0.38
2832 0.33
2833 0.34
2834 0.34
2835 0.36
2836 0.39
2837 0.35
2838 0.39
2839 0.37
2840 0.36
2841 0.35
2842 0.32
2843 0.36
2844 0.34
2845 0.33
2846 0.37
2847 0.36
2848 0.38
2849 0.35
2850 0.35
2851 0.40
2852 0.35
2853 0.39
2854 0.23
2855 0.35
2856 0.34
2857 0.39
2858 0.40
2859 0.32
2860 0.39
2861 0.32
2862 0.31
2863 0.34
2864 0.33
2865 0.32
2866 0.37
2867 0.29
2868 0.35
2869 0.34
2870 0.35
2871 0.25
2872 0.34
2873 0.32
2874 0.32
2875 0.33
2876 0.34
2877 0.33
2878 0.32
2879 0.33
2880 0.30
2881 0.30
2882 0.32
2883 0.35
2884 0.36
2885 0.31
2886 0.33
2887 0.32
2888 0.35
2889 0.31
2890 0.34
2891 0.35
2892 0.36
2893 0.32
2894 0.36
2895 0.32
2896 0.35
2897 0.33
2898 0.34
2899 0.35
2900 0.35
2901 0.40
2902 0.39
2903 0.35
2904 0.35
2905 0.38
2906 0.33
2907 0.35
2908 0.34
2909 0.30
2910 0.34
2911 0.36
2912 0.26
2913 0.34
2914 0.23
2915 0.38
2916 0.33
2917 0.36
2918 0.33
2919 0.37
2920 0.28
2921 0.32
2922 0.32
2923 0.36
2924 0.34
2925 0.33
2926 0.34
2927 0.33
2928 0.33
2929 0.33
2930 0.39
2931 0.26
2932 0.34
2933 0.39
2934 0.36
2935 0.32
2936 0.36
2937 0.38
2938 0.29
2939 0.34
2940 0.31
2941 0.36
2942 0.37
2943 0.36
2944 0.33
2945 0.40
2946 0.34
2947 0.38
2948 0.38
2949 0.37
2950 0.38
2951 0.37
2952 0.35
2953 0.39
2954 0.29
2955 0.35
2956 0.38
2957 0.34
2958 0.34
2959 0.33
2960 0.37
2961 0.37
2962 0.35
2963 0.39
2964 0.36
2965 0.32
2966 0.32
2967 0.34
2968 0.33
2969 0.36
2970 0.33
2971 0.32
2972 0.35
2973 0.31
2974 0.36
2975 0.35
2976 0.36
2977 0.36
2978 0.35
2979 0.37
2980 0.39
2981 0.35
2982 0.30
2983 0.32
2984 0.31
2985 0.30
2986 0.37
2987 0.39
2988 0.31
2989 0.35
2990 0.37
2991 0.35
2992 0.34
2993 0.35
2994 0.35
2995 0.38
2996 0.35
2997 0.34
2998 0.37
2999 0.38
