0 -0.20
1 -0.29
2 -0.31
3 -0.25
4 -0.01
5 -0.17
6 -0.26
7 -0.21
8 -0.17
9 0.49
10 0.49
11 0.49
12 -0.13
13 -0.32
14 -0.28
15 0.49
16 0.49
17 0.49
18 0.49
19 -0.23
20 0.46
21 0.44
22 -0.18
23 -0.34
24 -0.31
25 -0.29
26 0.49
27 0.44
28 0.49
29 -0.21
30 0.49
31 -0.08
32 0.40
33 -0.09
34 0.49
35 -0.11
36 -0.04
37 -0.00
38 -0.23
39 -0.13
40 -0.17
41 0.44
42 0.46
43 0.46
44 -0.11
45 -0.28
46 -0.13
47 0.40
48 -0.29
49 0.49
50 0.49
51 -0.28
52 0.49
53 0.49
54 -0.12
55 -0.24
56 -0.09
57 -0.18
58 0.49
59 0.49
60 0.49
61 -0.28
62 0.49
63 0.49
64 0.46
65 -0.32
66 -0.29
67 0.44
68 0.49
69 0.12
70 0.49
71 0.42
72 0.09
73 -0.32
74 0.46
75 0.49
76 0.32
77 0.49
78 0.49
79 -0.32
80 0.49
81 0.49
82 -0.25
83 0.49
84 -0.29
85 -0.32
86 -0.23
87 0.44
88 0.40
89 0.42
90 0.49
91 0.49
92 -0.25
93 -0.10
94 -0.25
95 -0.26
96 -0.32
97 -0.24
98 0.49
99 0.49
100 0.44
101 0.49
102 0.49
103 0.49
104 0.49
105 -0.29
106 -0.34
107 0.49
108 -0.00
109 -0.21
110 -0.21
111 -0.24
112 -0.31
113 0.44
114 -0.29
115 0.49
116 0.49
117 0.42
118 -0.31
119 0.49
120 0.49
121 -0.17
122 0.49
123 -0.28
124 -0.28
125 -0.29
126 -0.29
127 0.46
128 0.49
129 0.49
130 0.49
131 -0.17
132 -0.34
133 -0.25
134 0.46
135 0.49
136 0.06
137 0.46
138 0.46
139 0.10
140 -0.25
141 -0.28
142 0.49
143 0.12
144 0.46
145 0.26
146 -0.25
147 -0.31
148 0.49
149 0.17
150 -0.01
151 -0.08
152 -0.34
153 -0.14
154 -0.17
155 -0.01
156 0.46
157 -0.31
158 0.44
159 0.46
160 0.49
161 0.49
162 0.44
163 0.49
164 0.46
165 0.12
166 0.49
167 0.49
168 -0.28
169 -0.31
170 0.49
171 -0.38
172 0.49
173 0.46
174 -0.31
175 0.49
176 0.49
177 0.38
178 0.44
179 0.46
180 0.49
181 -0.28
182 0.46
183 0.44
184 -0.18
185 -0.29
186 0.49
187 -0.25
188 0.46
189 -0.28
190 0.49
191 -0.21
192 -0.36
193 -0.29
194 -0.23
195 -0.17
196 -0.25
197 -0.23
198 -0.32
199 -0.04
200 0.40
201 -0.04
202 0.32
203 0.34
204 0.03
205 -0.13
206 -0.36
207 -0.00
208 -0.00
209 -0.28
210 0.42
211 0.38
212 0.36
213 0.36
214 0.42
215 0.34
216 0.36
217 0.31
218 -0.38
219 0.36
220 -0.07
221 -0.25
222 0.40
223 -0.28
224 0.17
225 0.36
226 0.38
227 0.40
228 0.20
229 -0.13
230 0.34
231 0.36
232 -0.31
233 0.38
234 0.42
235 0.36
236 0.29
237 0.38
238 0.36
239 0.40
240 0.40
241 0.36
242 -0.06
243 0.38
244 0.36
245 0.06
246 0.38
247 -0.28
248 -0.24
249 0.36
250 -0.29
251 0.32
252 0.38
253 0.40
254 0.40
255 0.38
256 0.38
257 -0.00
258 0.36
259 0.00
260 0.40
261 0.40
262 0.34
263 0.38
264 0.38
265 0.34
266 0.38
267 0.38
268 0.29
269 0.38
270 0.31
271 0.38
272 -0.01
273 0.34
274 -0.29
275 0.38
276 0.36
277 0.26
278 0.34
279 0.34
280 0.13
281 0.36
282 0.28
283 0.40
284 -0.07
285 0.19
286 0.42
287 -0.05
288 0.36
289 -0.28
290 -0.23
291 0.29
292 -0.06
293 0.36
294 0.29
295 0.34
296 0.38
297 0.34
298 0.29
299 0.38
300 -0.28
301 -0.02
302 -0.26
303 0.36
304 0.38
305 0.25
306 -0.28
307 -0.26
308 0.38
309 -0.29
310 0.17
311 -0.05
312 0.36
313 0.36
314 0.36
315 0.32
316 -0.04
317 0.25
318 0.42
319 -0.29
320 0.36
321 0.28
322 -0.29
323 0.28
324 -0.03
325 -0.16
326 0.06
327 -0.07
328 0.28
329 -0.32
330 0.36
331 0.34
332 -0.29
333 0.38
334 0.38
335 0.32
336 0.36
337 0.40
338 0.25
339 0.36
340 0.40
341 0.40
342 0.32
343 0.28
344 0.40
345 0.32
346 -0.16
347 0.28
348 0.40
349 -0.25
350 0.34
351 0.40
352 -0.29
353 0.34
354 0.38
355 0.36
356 0.16
357 0.29
358 0.32
359 0.38
360 0.36
361 -0.23
362 0.40
363 0.42
364 0.40
365 0.29
366 0.36
367 0.38
368 0.38
369 0.38
370 -0.09
371 0.44
372 0.23
373 0.31
374 0.44
375 0.42
376 0.42
377 0.42
378 -0.08
379 0.38
380 0.42
381 -0.32
382 0.40
383 -0.24
384 0.38
385 0.46
386 0.40
387 0.44
388 -0.28
389 0.40
390 0.42
391 -0.32
392 -0.28
393 -0.32
394 0.40
395 0.42
396 0.40
397 0.40
398 0.42
399 0.40
400 -0.21
401 -0.00
402 -0.18
403 -0.23
404 -0.18
405 0.17
406 -0.26
407 -0.01
408 0.15
409 0.38
410 0.10
411 -0.09
412 0.40
413 0.31
414 0.36
415 0.38
416 0.34
417 0.29
418 0.34
419 0.34
420 0.42
421 0.42
422 -0.29
423 0.36
424 0.42
425 0.34
426 0.36
427 0.38
428 0.42
429 0.42
430 0.42
431 0.38
432 0.38
433 0.25
434 0.06
435 0.42
436 0.42
437 -0.34
438 0.36
439 0.36
440 -0.05
441 -0.32
442 0.32
443 0.36
444 0.42
445 0.36
446 0.42
447 0.38
448 0.36
449 0.07
450 0.24
451 0.24
452 0.34
453 0.36
454 0.36
455 0.42
456 0.29
457 0.29
458 0.38
459 0.31
460 0.34
461 0.42
462 0.38
463 0.34
464 0.32
465 0.42
466 -0.28
467 0.36
468 0.36
469 0.40
470 0.23
471 0.42
472 0.32
473 0.42
474 0.42
475 0.32
476 0.29
477 0.28
478 0.42
479 0.42
480 0.36
481 -0.04
482 0.44
483 0.32
484 0.42
485 0.42
486 0.38
487 0.29
488 0.29
489 0.29
490 0.42
491 0.44
492 0.38
493 0.42
494 0.32
495 0.24
496 0.42
497 0.31
498 0.36
499 0.32
500 0.32
501 0.32
502 0.42
503 0.42
504 0.42
505 0.40
506 0.42
507 0.31
508 -0.17
509 0.36
510 0.42
511 0.36
512 0.42
513 0.32
514 0.42
515 0.26
516 0.36
517 -0.01
518 -0.04
519 0.31
520 -0.29
521 -0.38
522 0.36
523 -0.28
524 0.42
525 -0.05
526 0.38
527 0.32
528 0.46
529 0.29
530 -0.04
531 0.42
532 0.42
533 0.42
534 0.42
535 0.34
536 0.38
537 0.29
538 0.42
539 -0.07
540 0.38
541 0.31
542 0.38
543 0.36
544 0.36
545 0.42
546 0.25
547 0.38
548 0.42
549 0.38
550 0.36
551 0.00
552 0.26
553 0.42
554 0.23
555 0.29
556 0.34
557 0.34
558 0.31
559 0.01
560 0.34
561 0.38
562 0.26
563 0.01
564 0.32
565 0.42
566 0.34
567 0.38
568 0.05
569 0.42
570 0.28
571 0.40
572 0.25
573 0.04
574 0.42
575 0.29
576 0.38
577 0.32
578 0.28
579 0.31
580 0.36
581 0.40
582 -0.07
583 0.36
584 0.10
585 0.31
586 0.12
587 -0.34
588 0.38
589 0.36
590 0.42
591 0.40
592 0.36
593 -0.04
594 0.36
595 0.38
596 0.29
597 0.42
598 0.40
599 0.42
600 0.42
601 0.08
602 -0.32
603 0.42
604 0.42
605 0.36
606 0.42
607 0.42
608 0.32
609 0.29
610 0.42
611 0.40
612 0.32
613 0.25
614 0.40
615 0.31
616 0.25
617 0.26
618 0.32
619 0.34
620 0.36
621 0.42
622 0.31
623 0.31
624 0.21
625 0.26
626 0.36
627 0.36
628 0.28
629 0.36
630 0.34
631 0.40
632 0.24
633 0.40
634 -0.20
635 0.34
636 0.40
637 -0.07
638 0.36
639 0.44
640 0.36
641 0.21
642 -0.38
643 0.26
644 0.29
645 0.42
646 0.34
647 0.42
648 0.42
649 0.36
650 -0.06
651 0.29
652 0.34
653 0.42
654 0.31
655 0.29
656 0.34
657 0.40
658 0.42
659 0.32
660 0.34
661 0.36
662 0.34
663 0.29
664 -0.20
665 0.42
666 -0.11
667 0.31
668 -0.40
669 -0.05
670 0.16
671 0.21
672 0.42
673 0.38
674 0.24
675 0.36
676 0.36
677 0.36
678 -0.28
679 0.28
680 -0.34
681 -0.29
682 0.38
683 -0.04
684 -0.29
685 -0.03
686 -0.03
687 -0.26
688 -0.05
689 -0.14
690 0.03
691 -0.23
692 -0.20
693 -0.09
694 0.07
695 -0.03
696 0.14
697 -0.00
698 0.16
699 0.40
700 0.44
701 0.31
702 0.31
703 0.42
704 0.46
705 0.44
706 0.46
707 0.46
708 -0.32
709 0.34
710 0.46
711 0.42
712 0.46
713 0.46
714 0.42
715 0.42
716 0.46
717 0.44
718 0.44
719 0.46
720 0.46
721 0.36
722 0.42
723 0.25
724 0.44
725 0.42
726 0.40
727 0.46
728 0.34
729 0.42
730 0.42
731 0.36
732 0.36
733 0.38
734 0.44
735 0.44
736 0.46
737 0.46
738 0.42
739 0.46
740 0.44
741 0.46
742 0.44
743 0.46
744 0.36
745 0.36
746 0.44
747 0.46
748 0.40
749 0.44
750 0.38
751 0.46
752 0.46
753 0.40
754 0.42
755 0.36
756 0.36
757 0.38
758 0.36
759 0.42
760 0.46
761 -0.34
762 0.46
763 0.46
764 0.36
765 0.46
766 0.36
767 0.46
768 0.44
769 -0.15
770 0.21
771 0.44
772 0.36
773 0.42
774 0.44
775 0.34
776 0.38
777 0.42
778 -0.24
779 0.34
780 0.44
781 0.38
782 -0.34
783 0.44
784 0.44
785 0.32
786 0.46
787 0.38
788 0.42
789 0.14
790 0.42
791 0.34
792 0.46
793 0.32
794 0.44
795 0.46
796 0.32
797 0.40
798 0.40
799 0.09
800 0.44
801 0.44
802 0.34
803 0.44
804 0.46
805 0.31
806 -0.34
807 -0.14
808 0.46
809 0.46
810 0.46
811 0.40
812 0.44
813 0.44
814 0.40
815 0.34
816 0.36
817 0.44
818 -0.17
819 0.42
820 -0.23
821 0.46
822 0.40
823 0.42
824 0.42
825 0.46
826 0.46
827 0.42
828 0.38
829 0.46
830 0.42
831 0.38
832 0.38
833 0.46
834 0.40
835 0.42
836 0.40
837 0.44
838 0.42
839 0.46
840 0.46
841 0.26
842 0.46
843 0.46
844 -0.24
845 0.38
846 0.36
847 0.42
848 0.46
849 -0.34
850 0.32
851 -0.28
852 0.46
853 -0.12
854 0.46
855 0.46
856 0.26
857 0.44
858 -0.32
859 0.46
860 0.38
861 0.42
862 0.40
863 0.46
864 0.44
865 0.36
866 0.42
867 0.46
868 0.46
869 0.44
870 0.44
871 0.46
872 0.36
873 0.46
874 0.44
875 0.40
876 0.46
877 0.34
878 0.44
879 0.38
880 0.42
881 0.34
882 0.44
883 0.42
884 0.44
885 -0.09
886 0.44
887 0.46
888 -0.24
889 0.44
890 0.42
891 0.46
892 0.44
893 0.46
894 0.40
895 0.38
896 0.46
897 0.44
898 0.44
899 0.40
900 -0.26
901 0.40
902 0.40
903 0.29
904 0.46
905 -0.28
906 0.13
907 0.29
908 0.24
909 0.31
910 0.42
911 0.42
912 0.42
913 0.46
914 0.44
915 0.38
916 0.38
917 0.42
918 0.46
919 0.46
920 0.46
921 -0.17
922 0.38
923 0.36
924 0.42
925 0.46
926 0.32
927 0.46
928 0.44
929 0.32
930 0.40
931 0.38
932 0.46
933 0.13
934 -0.34
935 0.31
936 0.42
937 0.40
938 0.32
939 0.46
940 0.40
941 0.12
942 0.26
943 0.46
944 0.38
945 0.42
946 0.40
947 -0.10
948 0.25
949 0.16
950 0.29
951 0.38
952 0.38
953 0.40
954 0.46
955 0.46
956 0.44
957 0.46
958 0.46
959 0.46
960 0.42
961 0.42
962 0.38
963 0.44
964 0.42
965 0.40
966 0.36
967 0.46
968 0.44
969 0.44
970 0.38
971 0.44
972 0.36
973 0.28
974 0.36
975 0.46
976 0.34
977 -0.29
978 0.40
979 0.16
980 0.46
981 0.34
982 0.42
983 0.46
984 0.44
985 0.40
986 0.44
987 0.38
988 0.46
989 0.40
990 0.29
991 0.14
992 -0.32
993 0.44
994 0.46
995 0.42
996 0.40
997 0.42
998 0.42
999 0.46
1000 0.40
1001 0.36
1002 0.44
1003 0.31
1004 0.36
1005 0.42
1006 -0.19
1007 0.40
1008 -0.32
1009 0.42
1010 0.42
1011 0.36
1012 0.44
1013 0.36
1014 0.40
1015 0.38
1016 0.38
1017 0.38
1018 0.40
1019 -0.29
1020 0.38
1021 -0.18
1022 0.38
1023 0.38
1024 0.46
1025 0.46
1026 0.42
1027 0.44
1028 0.46
1029 0.42
1030 0.42
1031 0.32
1032 0.46
1033 0.46
1034 0.44
1035 0.44
1036 0.46
1037 0.46
1038 0.46
1039 0.46
1040 0.34
1041 -0.16
1042 -0.06
1043 0.44
1044 0.46
1045 0.44
1046 0.36
1047 0.46
1048 0.34
1049 0.44
1050 0.40
1051 0.28
1052 0.44
1053 0.46
1054 0.42
1055 0.44
1056 0.44
1057 0.42
1058 0.17
1059 0.46
1060 0.46
1061 0.46
1062 0.46
1063 0.42
1064 0.44
1065 0.38
1066 0.40
1067 -0.14
1068 0.42
1069 0.38
1070 0.42
1071 0.44
1072 0.46
1073 0.42
1074 -0.29
1075 0.38
1076 0.44
1077 0.36
1078 0.32
1079 0.38
1080 -0.32
1081 0.44
1082 -0.32
1083 0.42
1084 0.38
1085 0.40
1086 0.44
1087 0.42
1088 0.40
1089 0.42
1090 0.38
1091 0.42
1092 0.44
1093 0.38
1094 0.40
1095 -0.10
1096 -0.07
1097 0.44
1098 0.42
1099 0.40
1100 0.42
1101 0.42
1102 0.42
1103 0.34
1104 0.46
1105 0.46
1106 0.36
1107 -0.16
1108 -0.34
1109 0.40
1110 0.42
1111 0.42
1112 0.46
1113 0.46
1114 0.46
1115 0.42
1116 0.42
1117 0.32
1118 0.44
1119 0.44
1120 0.46
1121 0.38
1122 0.25
1123 0.44
1124 0.46
1125 0.44
1126 0.42
1127 0.42
1128 0.42
1129 0.31
1130 0.44
1131 0.46
1132 -0.34
1133 0.46
1134 0.46
1135 0.42
1136 0.42
1137 0.36
1138 0.42
1139 -0.12
1140 0.42
1141 0.44
1142 0.42
1143 0.46
1144 0.42
1145 0.40
1146 -0.23
1147 -0.32
1148 0.26
1149 -0.29
1150 0.32
1151 0.31
1152 0.34
1153 0.40
1154 0.38
1155 0.44
1156 0.38
1157 0.46
1158 0.38
1159 0.34
1160 0.42
1161 0.44
1162 0.42
1163 0.40
1164 0.32
1165 0.46
1166 0.36
1167 0.28
1168 0.46
1169 0.38
1170 0.44
1171 0.38
1172 0.42
1173 0.46
1174 0.46
1175 0.42
1176 0.44
1177 0.40
1178 0.42
1179 0.40
1180 0.34
1181 0.25
1182 0.46
1183 0.42
1184 0.38
1185 0.42
1186 0.44
1187 0.44
1188 0.46
1189 0.44
1190 0.42
1191 0.46
1192 0.42
1193 0.42
1194 0.42
1195 0.46
1196 0.44
1197 0.38
1198 -0.32
1199 0.34
1200 0.40
1201 0.38
1202 0.38
1203 0.42
1204 0.42
1205 0.46
1206 0.42
1207 -0.34
1208 0.44
1209 0.32
1210 0.38
1211 0.34
1212 -0.34
1213 0.46
1214 0.38
1215 0.46
1216 0.21
1217 0.44
1218 0.42
1219 0.38
1220 0.44
1221 -0.04
1222 -0.21
1223 0.34
1224 0.34
1225 0.34
1226 0.44
1227 0.42
1228 0.46
1229 0.46
1230 0.38
1231 0.40
1232 0.42
1233 0.17
1234 0.38
1235 0.46
1236 0.46
1237 0.42
1238 0.42
1239 0.44
1240 0.40
1241 0.42
1242 0.32
1243 0.40
1244 0.46
1245 0.36
1246 0.38
1247 0.46
1248 0.46
1249 0.40
1250 0.38
1251 0.38
1252 0.34
1253 0.40
1254 0.42
1255 0.44
1256 0.40
1257 -0.36
1258 0.34
1259 0.40
1260 0.46
1261 0.38
1262 0.46
1263 0.42
1264 0.46
1265 0.46
1266 0.28
1267 0.44
1268 0.42
1269 0.32
1270 0.44
1271 0.44
1272 0.46
1273 0.40
1274 0.46
1275 0.44
1276 0.46
1277 0.36
1278 0.38
1279 0.46
1280 -0.06
1281 0.42
1282 0.32
1283 0.31
1284 0.40
1285 0.40
1286 0.46
1287 0.46
1288 0.44
1289 0.42
1290 0.38
1291 0.40
1292 0.40
1293 0.34
1294 0.42
1295 0.42
1296 0.42
1297 0.46
1298 0.36
1299 0.44
1300 0.46
1301 0.36
1302 0.46
1303 0.46
1304 0.36
1305 0.36
1306 0.44
1307 0.38
1308 0.44
1309 0.42
1310 0.42
1311 0.46
1312 0.44
1313 0.42
1314 0.40
1315 0.44
1316 0.44
1317 0.46
1318 0.44
1319 0.44
1320 0.42
1321 0.42
1322 0.44
1323 0.42
1324 0.46
1325 -0.31
1326 0.40
1327 0.36
1328 0.44
1329 0.42
1330 0.46
1331 0.44
1332 -0.00
1333 -0.05
1334 0.44
1335 0.44
1336 0.28
1337 0.34
1338 0.34
1339 0.32
1340 0.36
1341 0.34
1342 0.42
1343 0.44
1344 0.36
1345 0.38
1346 0.46
1347 0.40
1348 0.38
1349 0.31
1350 0.42
1351 0.34
1352 0.42
1353 0.40
1354 0.46
1355 0.40
1356 0.46
1357 0.44
1358 0.42
1359 0.42
1360 0.42
1361 0.46
1362 0.42
1363 0.32
1364 0.44
1365 0.42
1366 0.46
1367 0.46
1368 0.42
1369 0.44
1370 0.42
1371 -0.24
1372 -0.26
1373 -0.24
1374 -0.21
1375 0.17
1376 0.44
1377 0.38
1378 0.34
1379 0.42
1380 0.44
1381 0.44
1382 0.42
1383 0.44
1384 0.14
1385 0.42
1386 0.36
1387 0.42
1388 0.36
1389 0.38
1390 0.11
1391 0.38
1392 0.32
1393 0.44
1394 0.36
1395 0.40
1396 0.46
1397 0.32
1398 0.38
1399 0.40
1400 0.42
1401 0.46
1402 0.29
1403 0.31
1404 0.32
1405 0.36
1406 0.31
1407 -0.32
1408 0.14
1409 -0.14
1410 0.20
1411 -0.02
1412 0.06
1413 0.32
1414 0.31
1415 0.34
1416 0.28
1417 0.42
1418 0.28
1419 0.40
1420 0.38
1421 0.40
1422 -0.21
1423 0.46
1424 0.46
1425 0.42
1426 0.26
1427 0.40
1428 0.36
1429 0.42
1430 0.38
1431 0.42
1432 0.36
1433 0.46
1434 0.44
1435 -0.34
1436 0.32
1437 0.38
1438 0.46
1439 0.44
1440 0.44
1441 0.32
1442 0.38
1443 0.44
1444 0.40
1445 0.42
1446 0.38
1447 0.42
1448 0.32
1449 0.36
1450 0.32
1451 0.38
1452 0.38
1453 0.40
1454 0.46
1455 0.38
1456 0.44
1457 0.46
1458 0.38
1459 0.42
1460 0.25
1461 0.46
1462 0.38
1463 0.46
1464 0.46
1465 0.42
1466 0.40
1467 -0.24
1468 0.42
1469 0.38
1470 0.28
1471 0.44
1472 0.42
1473 0.46
1474 0.44
1475 0.46
1476 0.32
1477 0.36
1478 0.44
1479 0.29
1480 0.40
1481 0.46
1482 0.44
1483 0.46
1484 0.42
1485 0.28
1486 0.44
1487 0.29
1488 0.42
1489 0.38
1490 0.42
1491 0.24
1492 0.38
1493 -0.18
1494 0.38
1495 0.40
1496 0.46
1497 0.44
1498 0.25
1499 0.44
1500 0.38
1501 0.44
1502 0.40
1503 0.42
1504 0.40
1505 0.23
1506 0.46
1507 0.42
1508 0.42
1509 0.40
1510 0.46
1511 0.44
1512 0.46
1513 0.46
1514 0.46
1515 0.44
1516 0.36
1517 0.44
1518 0.42
1519 0.46
1520 0.36
1521 0.42
1522 0.42
1523 0.44
1524 0.46
1525 -0.24
1526 0.42
1527 0.34
1528 0.44
1529 0.31
1530 0.34
1531 0.40
1532 0.40
1533 0.34
1534 0.42
1535 0.44
1536 0.44
1537 0.36
1538 0.40
1539 0.38
1540 0.42
1541 0.42
1542 0.44
1543 0.44
1544 -0.36
1545 0.31
1546 0.36
1547 0.28
1548 0.42
1549 0.24
1550 -0.01
1551 0.14
1552 0.42
1553 -0.04
1554 0.16
1555 0.38
1556 0.34
1557 0.38
1558 0.32
1559 -0.28
1560 0.24
1561 0.32
1562 0.26
1563 0.31
1564 0.40
1565 0.34
1566 0.42
1567 0.40
1568 0.32
1569 0.44
1570 0.34
1571 0.40
1572 0.40
1573 0.42
1574 0.36
1575 0.44
1576 0.44
1577 0.38
1578 0.40
1579 0.42
1580 0.42
1581 0.44
1582 0.44
1583 0.40
1584 0.38
1585 0.42
1586 -0.12
1587 0.42
1588 0.42
1589 0.29
1590 0.11
1591 0.36
1592 0.34
1593 -0.06
1594 0.44
1595 -0.29
1596 0.34
1597 0.42
1598 -0.10
1599 0.09
1600 0.42
1601 0.44
1602 0.42
1603 0.40
1604 0.46
1605 0.40
1606 0.40
1607 0.46
1608 0.38
1609 0.44
1610 0.40
1611 0.36
1612 0.36
1613 0.42
1614 0.42
1615 0.46
1616 0.46
1617 0.44
1618 0.46
1619 0.46
1620 0.42
1621 0.42
1622 0.46
1623 0.42
1624 0.31
1625 0.42
1626 0.32
1627 -0.15
1628 -0.09
1629 -0.13
1630 0.29
1631 0.44
1632 0.44
1633 0.42
1634 0.40
1635 0.38
1636 0.42
1637 0.38
1638 0.40
1639 0.46
1640 0.46
1641 0.38
1642 0.36
1643 0.38
1644 0.46
1645 0.42
1646 0.40
1647 -0.10
1648 0.40
1649 0.44
1650 0.19
1651 -0.26
1652 0.28
1653 0.29
1654 0.31
1655 0.26
1656 0.06
1657 0.16
1658 0.36
1659 0.38
1660 0.34
1661 0.42
1662 0.42
1663 0.38
1664 0.36
1665 0.46
1666 0.46
1667 0.46
1668 0.40
1669 0.42
1670 0.46
1671 0.46
1672 0.46
1673 0.46
1674 -0.25
1675 0.40
1676 0.46
1677 0.44
1678 0.44
1679 0.34
1680 0.42
1681 0.42
1682 0.38
1683 -0.34
1684 0.46
1685 0.40
1686 0.38
1687 0.46
1688 0.44
1689 0.38
1690 0.42
1691 -0.32
1692 0.38
1693 0.44
1694 0.46
1695 0.42
1696 0.38
1697 0.46
1698 0.42
1699 0.42
1700 0.44
1701 0.42
1702 0.40
1703 0.34
1704 0.34
1705 0.42
1706 0.42
1707 0.26
1708 0.40
1709 0.14
1710 0.32
1711 0.38
1712 0.42
1713 0.36
1714 0.46
1715 0.42
1716 0.46
1717 0.42
1718 0.42
1719 0.42
1720 0.44
1721 0.34
1722 0.42
1723 -0.02
1724 0.42
1725 0.42
1726 0.44
1727 0.42
1728 0.40
1729 0.40
1730 0.34
1731 0.44
1732 0.40
1733 0.42
1734 0.44
1735 0.46
1736 0.44
1737 0.46
1738 0.42
1739 0.42
1740 -0.06
1741 0.40
1742 0.31
1743 0.32
1744 0.42
1745 0.44
1746 0.46
1747 0.40
1748 0.36
1749 0.42
1750 0.42
1751 0.42
1752 0.19
1753 0.42
1754 0.38
1755 0.38
1756 0.38
1757 0.40
1758 -0.07
1759 0.38
1760 0.38
1761 0.46
1762 0.46
1763 0.42
1764 0.46
1765 0.38
1766 0.46
1767 0.46
1768 0.42
1769 0.44
1770 0.46
1771 0.46
1772 0.42
1773 0.36
1774 0.44
1775 0.46
1776 0.24
1777 0.38
1778 0.46
1779 -0.18
1780 0.34
1781 0.46
1782 -0.38
1783 0.46
1784 0.34
1785 0.44
1786 0.29
1787 0.44
1788 0.42
1789 0.42
1790 0.40
1791 0.46
1792 -0.29
1793 0.44
1794 0.44
1795 0.42
1796 -0.17
1797 0.42
1798 0.46
1799 0.19
1800 0.31
1801 0.42
1802 0.38
1803 0.46
1804 0.42
1805 0.46
1806 0.36
1807 0.40
1808 0.34
1809 0.38
1810 0.44
1811 0.34
1812 0.46
1813 0.42
1814 0.44
1815 0.46
1816 0.44
1817 0.38
1818 0.44
1819 0.46
1820 0.42
1821 -0.05
1822 0.24
1823 0.40
1824 0.42
1825 0.46
1826 0.42
1827 0.36
1828 0.40
1829 0.44
1830 -0.07
1831 0.46
1832 0.42
1833 0.46
1834 0.46
1835 0.46
1836 0.44
1837 0.46
1838 0.46
1839 0.42
1840 0.26
1841 0.44
1842 0.38
1843 0.44
1844 0.46
1845 0.46
1846 0.38
1847 0.38
1848 0.46
1849 -0.09
1850 0.38
1851 0.38
1852 0.42
1853 0.44
1854 0.10
1855 0.46
1856 0.46
1857 0.44
1858 0.44
1859 0.31
1860 0.44
1861 0.36
1862 -0.18
1863 0.28
1864 -0.07
1865 -0.08
1866 0.38
1867 0.44
1868 0.34
1869 0.46
1870 -0.21
1871 0.29
1872 0.34
1873 0.29
1874 -0.06
1875 -0.04
1876 -0.23
1877 0.13
1878 0.34
1879 0.26
1880 0.26
1881 0.34
1882 0.23
1883 0.26
1884 0.42
1885 0.36
1886 0.28
1887 0.36
1888 0.46
1889 0.36
1890 0.40
1891 0.26
1892 0.32
1893 0.36
1894 0.42
1895 0.32
1896 0.46
1897 0.38
1898 0.42
1899 0.25
1900 0.46
1901 0.34
1902 0.34
1903 0.42
1904 0.42
1905 0.42
1906 0.42
1907 -0.29
1908 0.46
1909 0.44
1910 0.34
1911 0.44
1912 0.46
1913 0.38
1914 0.10
1915 0.31
1916 0.25
1917 0.32
1918 0.42
1919 0.40
1920 0.46
1921 0.36
1922 0.31
1923 0.38
1924 0.46
1925 0.40
1926 0.46
1927 0.36
1928 0.46
1929 0.38
1930 0.25
1931 0.40
1932 0.38
1933 0.46
1934 0.44
1935 0.34
1936 0.46
1937 0.38
1938 -0.17
1939 0.34
1940 0.46
1941 -0.17
1942 0.38
1943 0.42
1944 0.29
1945 0.46
1946 0.44
1947 0.38
1948 0.40
1949 0.44
1950 -0.18
1951 0.46
1952 0.44
1953 0.40
1954 0.38
1955 0.44
1956 0.44
1957 -0.10
1958 0.44
1959 0.19
1960 0.46
1961 0.46
1962 0.46
1963 0.40
1964 0.42
1965 0.46
1966 0.29
1967 0.32
1968 0.46
1969 0.44
1970 0.46
1971 0.46
1972 0.42
1973 0.44
1974 0.36
1975 0.40
1976 0.32
1977 0.26
1978 0.38
1979 0.44
1980 0.46
1981 -0.31
1982 0.42
1983 0.46
1984 -0.32
1985 0.42
1986 0.44
1987 0.42
1988 0.40
1989 0.38
1990 0.44
1991 0.46
1992 0.44
1993 0.32
1994 0.42
1995 0.46
1996 0.42
1997 0.46
1998 0.42
1999 0.42
2000 0.44
2001 -0.12
2002 0.46
2003 -0.09
2004 0.25
2005 0.09
2006 0.05
2007 0.36
2008 0.44
2009 0.23
2010 0.32
2011 0.44
2012 0.46
2013 0.40
2014 0.40
2015 0.44
2016 0.34
2017 0.46
2018 -0.31
2019 0.46
2020 0.34
2021 0.40
2022 0.46
2023 0.42
2024 0.42
2025 0.46
2026 0.42
2027 0.34
2028 0.42
2029 0.38
2030 0.46
2031 0.42
2032 0.46
2033 -0.15
2034 0.42
2035 0.12
2036 0.46
2037 0.46
2038 0.46
2039 0.42
2040 0.42
2041 0.46
2042 0.31
2043 0.34
2044 0.42
2045 0.38
2046 0.26
2047 0.34
2048 0.46
2049 0.46
2050 0.36
2051 0.46
2052 0.44
2053 0.38
2054 0.38
2055 0.46
2056 0.38
2057 0.46
2058 0.40
2059 -0.10
2060 0.40
2061 0.46
2062 0.34
2063 0.44
2064 0.29
2065 0.36
2066 0.44
2067 0.38
2068 0.44
2069 0.46
2070 0.34
2071 0.38
2072 0.40
2073 0.40
2074 0.44
2075 0.44
2076 0.31
2077 0.31
2078 0.40
2079 0.42
2080 0.29
2081 -0.26
2082 0.42
2083 0.40
2084 0.38
2085 0.44
2086 0.40
2087 0.46
2088 0.46
2089 0.46
2090 0.32
2091 0.12
2092 0.42
2093 0.38
2094 0.46
2095 0.38
2096 0.11
2097 0.44
2098 0.36
2099 0.42
2100 0.46
2101 0.42
2102 0.42
2103 0.46
2104 0.36
2105 0.46
2106 0.24
2107 0.40
2108 0.40
2109 -0.25
2110 0.24
2111 0.42
2112 0.40
2113 -0.40
2114 -0.02
2115 0.28
2116 0.38
2117 0.32
2118 0.31
2119 0.40
2120 0.44
2121 0.34
2122 0.44
2123 0.42
2124 0.44
2125 0.36
2126 0.16
2127 0.44
2128 0.44
2129 0.34
2130 0.44
2131 0.40
2132 0.44
2133 0.32
2134 0.28
2135 0.34
2136 0.38
2137 0.29
2138 0.40
2139 0.42
2140 0.42
2141 -0.06
2142 -0.09
2143 0.34
2144 0.40
2145 0.32
2146 0.44
2147 0.34
2148 0.42
2149 0.40
2150 0.38
2151 0.40
2152 0.40
2153 0.40
2154 0.46
2155 0.40
2156 0.40
2157 0.46
2158 0.42
2159 0.38
2160 0.42
2161 0.40
2162 0.42
2163 0.42
2164 -0.24
2165 0.42
2166 0.46
2167 0.19
2168 0.12
2169 0.44
2170 0.34
2171 0.42
2172 0.38
2173 -0.36
2174 0.34
2175 0.34
2176 0.32
2177 0.44
2178 0.38
2179 0.38
2180 0.36
2181 0.44
2182 0.40
2183 0.44
2184 0.46
2185 0.44
2186 0.44
2187 0.40
2188 0.38
2189 0.46
2190 0.38
2191 0.46
2192 0.46
2193 0.44
2194 0.34
2195 0.40
2196 0.38
2197 0.40
2198 0.46
2199 0.36
2200 0.46
2201 0.42
2202 0.36
2203 -0.08
2204 0.36
2205 0.36
2206 0.42
2207 0.40
2208 0.46
2209 0.46
2210 0.46
2211 0.42
2212 0.42
2213 0.44
2214 0.42
2215 0.32
2216 0.46
2217 0.31
2218 0.42
2219 0.36
2220 0.42
2221 0.40
2222 0.44
2223 0.46
2224 0.40
2225 0.32
2226 0.38
2227 0.36
2228 0.40
2229 0.46
2230 0.44
2231 0.46
2232 0.34
2233 0.14
2234 -0.05
2235 0.44
2236 0.38
2237 0.44
2238 0.36
2239 0.40
2240 0.44
2241 0.38
2242 0.44
2243 0.44
2244 0.42
2245 0.40
2246 0.42
2247 0.42
2248 -0.34
2249 0.40
2250 0.44
2251 0.34
2252 0.42
2253 0.31
2254 0.32
2255 0.31
2256 -0.32
2257 0.42
2258 0.42
2259 0.25
2260 0.40
2261 0.31
2262 0.38
2263 0.38
2264 0.36
2265 0.13
2266 0.36
2267 0.36
2268 0.38
2269 0.36
2270 0.46
2271 0.44
2272 0.42
2273 0.42
2274 0.20
2275 0.32
2276 0.44
2277 0.44
2278 0.42
2279 0.38
2280 0.15
2281 0.40
2282 0.44
2283 0.34
2284 0.42
2285 0.46
2286 0.42
2287 0.46
2288 0.40
2289 0.38
2290 0.40
2291 0.44
2292 0.32
2293 0.46
2294 0.46
2295 0.40
2296 0.34
2297 0.46
2298 0.46
2299 0.36
2300 0.42
2301 0.44
2302 0.42
2303 0.46
2304 0.42
2305 0.46
2306 0.46
2307 0.32
2308 0.44
2309 0.38
2310 0.42
2311 0.40
2312 0.40
2313 0.46
2314 0.40
2315 0.44
2316 0.44
2317 0.46
2318 0.36
2319 0.29
2320 0.46
2321 0.20
2322 0.40
2323 0.40
2324 0.46
2325 0.44
2326 0.46
2327 0.38
2328 0.38
2329 0.44
2330 0.46
2331 0.44
2332 0.42
2333 0.42
2334 0.38
2335 0.09
2336 0.34
2337 0.44
2338 0.34
2339 0.38
2340 0.23
2341 0.10
2342 0.36
2343 -0.28
2344 0.42
2345 0.36
2346 0.42
2347 0.23
2348 0.23
2349 0.32
2350 -0.13
2351 0.28
2352 0.34
2353 0.36
2354 0.42
2355 0.38
2356 0.46
2357 0.21
2358 0.34
2359 0.46
2360 0.17
2361 0.34
2362 0.46
2363 0.46
2364 0.46
2365 0.42
2366 0.42
2367 0.42
2368 0.34
2369 0.36
2370 0.38
2371 0.44
2372 0.40
2373 -0.19
2374 0.46
2375 0.42
2376 0.46
2377 0.32
2378 0.32
2379 0.23
2380 0.40
2381 0.40
2382 0.36
2383 0.46
2384 0.40
2385 0.42
2386 0.46
2387 0.31
2388 0.46
2389 0.40
2390 0.42
2391 0.46
2392 0.28
2393 0.44
2394 0.44
2395 0.46
2396 0.36
2397 0.40
2398 0.46
2399 0.42
2400 0.38
2401 0.28
2402 0.38
2403 0.46
2404 0.32
2405 0.46
2406 0.40
2407 0.42
2408 0.38
2409 0.42
2410 0.42
2411 0.46
2412 0.36
2413 0.44
2414 0.42
2415 0.42
2416 0.34
2417 0.40
2418 0.34
2419 0.34
2420 0.46
2421 0.38
2422 0.38
2423 0.38
2424 0.29
2425 0.46
2426 0.42
2427 0.36
2428 0.42
2429 0.42
2430 0.12
2431 -0.36
2432 0.31
2433 0.19
2434 0.20
2435 0.38
2436 0.26
2437 0.34
2438 0.42
2439 0.40
2440 0.46
2441 0.44
2442 0.34
2443 0.38
2444 0.36
2445 0.31
2446 0.36
2447 0.46
2448 0.38
2449 0.44
2450 0.42
2451 0.36
2452 0.12
2453 0.36
2454 0.46
2455 0.36
2456 0.46
2457 0.46
2458 0.40
2459 0.40
2460 0.46
2461 0.42
2462 0.42
2463 0.32
2464 0.46
2465 0.42
2466 0.38
2467 0.42
2468 0.38
2469 0.46
2470 0.42
2471 0.38
2472 0.46
2473 0.36
2474 0.44
2475 0.28
2476 0.46
2477 0.29
2478 0.42
2479 0.46
2480 0.38
2481 0.44
2482 0.42
2483 0.44
2484 0.36
2485 0.42
2486 0.46
2487 0.34
2488 0.46
2489 0.34
2490 0.40
2491 0.38
2492 0.38
2493 0.46
2494 0.42
2495 -0.01
2496 0.44
2497 0.44
2498 0.46
2499 0.46
2500 0.42
2501 0.42
2502 0.36
2503 -0.24
2504 0.24
2505 0.26
2506 0.31
2507 0.40
2508 0.40
2509 0.32
2510 0.38
2511 0.40
2512 0.32
2513 0.40
2514 0.42
2515 0.36
2516 0.34
2517 0.38
2518 0.42
2519 0.36
2520 0.40
2521 0.34
2522 0.32
2523 0.34
2524 0.40
2525 0.18
2526 0.34
2527 0.42
2528 0.38
2529 0.38
2530 0.40
2531 0.42
2532 0.36
2533 0.32
2534 0.36
2535 0.44
2536 0.44
2537 0.44
2538 -0.10
2539 0.38
2540 0.36
2541 0.46
2542 0.42
2543 0.38
2544 0.40
2545 0.46
2546 0.46
2547 0.44
2548 0.36
2549 0.46
2550 0.46
2551 0.42
2552 0.46
2553 0.40
2554 0.44
2555 0.44
2556 0.40
2557 0.38
2558 0.38
2559 0.42
2560 0.40
2561 0.46
2562 0.36
2563 0.44
2564 0.34
2565 0.46
2566 -0.15
2567 0.46
2568 0.46
2569 0.46
2570 0.42
2571 0.40
2572 0.23
2573 0.31
2574 0.36
2575 0.40
2576 0.46
2577 0.46
2578 0.46
2579 0.38
2580 0.44
2581 0.46
2582 0.44
2583 0.44
2584 0.29
2585 0.42
2586 -0.07
2587 0.42
2588 0.14
2589 0.38
2590 0.44
2591 0.38
2592 0.38
2593 0.40
2594 0.46
2595 0.28
2596 0.46
2597 0.38
2598 0.46
2599 0.40
2600 0.38
2601 0.46
2602 0.46
2603 -0.32
2604 0.36
2605 0.40
2606 0.38
2607 0.44
2608 0.46
2609 -0.01
2610 0.23
2611 0.29
2612 0.40
2613 0.42
2614 0.38
2615 0.34
2616 0.42
2617 0.44
2618 0.40
2619 0.44
2620 0.46
2621 0.44
2622 0.38
2623 0.44
2624 0.46
2625 0.38
2626 0.40
2627 0.31
2628 0.46
2629 0.44
2630 0.46
2631 0.34
2632 0.42
2633 0.46
2634 0.46
2635 0.44
2636 0.46
2637 0.40
2638 0.46
2639 0.46
2640 0.46
2641 0.34
2642 0.42
2643 0.31
2644 0.42
2645 0.36
2646 0.42
2647 0.38
2648 0.46
2649 0.38
2650 -0.38
2651 0.44
2652 0.36
2653 0.29
2654 0.40
2655 0.44
2656 0.46
2657 0.42
2658 0.42
2659 0.42
2660 0.38
2661 0.44
2662 0.40
2663 0.46
2664 0.36
2665 0.46
2666 0.32
2667 0.46
2668 0.42
2669 0.40
2670 0.38
2671 0.42
2672 0.38
2673 0.46
2674 0.40
2675 0.38
2676 0.44
2677 0.44
2678 0.24
2679 0.44
2680 0.31
2681 0.40
2682 0.17
2683 0.34
2684 0.40
2685 0.46
2686 0.16
2687 0.31
2688 -0.18
2689 0.15
2690 0.25
2691 0.32
2692 0.40
2693 0.36
2694 0.46
2695 0.34
2696 0.46
2697 0.38
2698 0.38
2699 0.28
2700 0.31
2701 0.44
2702 0.46
2703 0.44
2704 0.32
2705 0.46
2706 0.36
2707 -0.14
2708 0.42
2709 0.34
2710 0.32
2711 0.32
2712 0.28
2713 0.42
2714 0.40
2715 0.46
2716 0.44
2717 0.40
2718 0.34
2719 0.44
2720 0.34
2721 0.32
2722 0.42
2723 0.40
2724 0.26
2725 0.34
2726 0.28
2727 0.44
2728 0.46
2729 0.40
2730 0.23
2731 0.40
2732 0.42
2733 0.46
2734 0.42
2735 0.42
2736 0.46
2737 0.44
2738 0.44
2739 0.40
2740 0.46
2741 0.34
2742 0.36
2743 0.46
2744 0.42
2745 0.40
2746 0.40
2747 0.46
2748 0.44
2749 0.46
2750 0.46
2751 0.38
2752 0.12
2753 0.42
2754 0.38
2755 0.34
2756 0.36
2757 0.46
2758 0.46
2759 0.36
2760 0.44
2761 0.21
2762 0.29
2763 0.40
2764 0.40
2765 0.42
2766 0.38
2767 0.44
2768 0.42
2769 0.38
2770 -0.18
2771 -0.20
2772 0.21
2773 0.36
2774 0.44
2775 0.38
2776 0.44
2777 0.44
2778 -0.12
2779 0.40
2780 0.36
2781 0.40
2782 0.38
2783 0.26
2784 0.38
2785 0.46
2786 0.34
2787 0.46
2788 0.38
2789 0.38
2790 0.46
2791 0.28
2792 0.20
2793 0.38
2794 0.46
2795 0.44
2796 0.23
2797 0.44
2798 0.20
2799 0.26
2800 0.34
2801 0.36
2802 0.31
2803 0.36
2804 0.44
2805 0.29
2806 0.40
2807 0.36
2808 0.44
2809 0.38
2810 0.42
2811 0.44
2812 0.38
2813 0.36
2814 0.38
2815 0.31
2816 0.32
2817 0.38
2818 0.44
2819 0.44
2820 0.44
2821 0.17
2822 0.36
2823 0.38
2824 0.38
2825 0.32
2826 0.29
2827 0.13
2828 0.24
2829 0.23
2830 0.36
2831 0.17
2832 0.26
2833 0.38
2834 0.40
2835 0.29
2836 0.20
2837 0.28
2838 0.32
2839 0.16
2840 0.34
2841 0.44
2842 0.44
2843 0.34
2844 0.42
2845 0.42
2846 0.29
2847 0.34
2848 0.32
2849 0.34
2850 0.36
2851 0.38
2852 0.36
2853 -0.09
2854 -0.21
2855 -0.01
2856 0.38
2857 0.25
2858 0.26
2859 0.24
2860 0.28
2861 0.32
2862 0.24
2863 0.31
2864 0.32
2865 0.42
2866 0.36
2867 0.44
2868 0.46
2869 0.32
2870 0.44
2871 0.46
2872 0.36
2873 0.44
2874 0.42
2875 0.46
2876 0.32
2877 0.44
2878 0.46
2879 0.28
2880 0.46
2881 0.42
2882 0.42
2883 0.13
2884 0.34
2885 0.36
2886 0.36
2887 0.28
2888 0.44
2889 0.46
2890 0.42
2891 0.38
2892 0.40
2893 0.29
2894 0.34
2895 0.46
2896 0.15
2897 0.36
2898 0.42
2899 0.46
2900 0.34
2901 0.40
2902 0.36
2903 0.44
2904 0.46
2905 0.40
2906 0.29
2907 0.42
2908 0.40
2909 0.44
2910 0.42
2911 0.42
2912 0.46
2913 0.36
2914 0.44
2915 0.42
2916 0.40
2917 0.40
2918 0.46
2919 0.44
2920 0.40
2921 0.36
2922 0.29
2923 0.46
2924 0.34
2925 0.46
2926 0.38
2927 0.42
2928 0.31
2929 0.14
2930 0.46
2931 0.40
2932 0.42
2933 0.44
2934 0.40
2935 0.44
2936 0.40
2937 0.34
2938 -0.38
2939 0.42
2940 0.46
2941 0.17
2942 0.38
2943 0.28
2944 0.40
2945 0.31
2946 0.42
2947 0.44
2948 0.40
2949 0.44
2950 0.46
2951 0.42
2952 0.46
2953 0.44
2954 0.46
2955 0.38
2956 0.31
2957 0.46
2958 0.46
2959 0.42
2960 0.38
2961 0.42
2962 0.46
2963 0.34
2964 0.46
2965 0.44
2966 0.38
2967 0.38
2968 0.42
2969 0.46
2970 0.36
2971 0.38
2972 0.40
2973 0.46
2974 0.42
2975 0.40
2976 0.46
2977 0.40
2978 0.42
2979 0.34
2980 0.46
2981 0.40
2982 0.32
2983 0.44
2984 0.32
2985 0.46
2986 0.44
2987 0.46
2988 0.46
2989 0.42
2990 0.36
2991 0.38
2992 0.42
2993 0.44
2994 0.06
2995 0.40
2996 0.42
2997 0.25
2998 0.12
2999 0.10
