0 -0.34
1 -0.29
2 -0.24
3 -0.25
4 -0.15
5 -0.17
6 -0.17
7 0.49
8 0.49
9 -0.32
10 0.49
11 -0.21
12 -0.31
13 -0.13
14 0.44
15 -0.31
16 -0.26
17 0.49
18 0.49
19 0.46
20 0.46
21 0.10
22 0.49
23 -0.32
24 0.49
25 0.49
26 -0.34
27 -0.16
28 0.49
29 0.49
30 0.49
31 0.49
32 0.36
33 0.44
34 0.42
35 0.44
36 -0.28
37 0.49
38 0.46
39 0.44
40 0.49
41 0.44
42 0.49
43 -0.24
44 -0.12
45 0.49
46 -0.32
47 -0.16
48 0.44
49 0.49
50 0.49
51 -0.32
52 0.49
53 0.49
54 0.46
55 0.49
56 0.49
57 0.49
58 -0.08
59 -0.34
60 0.49
61 -0.32
62 0.46
63 0.46
64 0.44
65 0.44
66 0.49
67 -0.34
68 0.49
69 -0.28
70 0.26
71 -0.34
72 0.49
73 0.40
74 -0.11
75 -0.05
76 -0.20
77 -0.28
78 -0.17
79 -0.21
80 -0.09
81 -0.25
82 0.46
83 -0.36
84 0.49
85 0.49
86 -0.11
87 0.49
88 -0.07
89 0.46
90 0.36
91 -0.09
92 0.49
93 0.40
94 0.49
95 0.28
96 -0.24
97 -0.17
98 -0.31
99 -0.18
100 -0.28
101 -0.14
102 -0.06
103 0.49
104 0.49
105 -0.25
106 -0.32
107 0.49
108 -0.09
109 0.46
110 -0.28
111 0.42
112 0.29
113 0.49
114 0.49
115 -0.31
116 -0.26
117 -0.36
118 0.44
119 0.49
120 0.49
121 0.49
122 -0.26
123 -0.32
124 0.49
125 -0.20
126 -0.29
127 -0.28
128 -0.21
129 -0.24
130 -0.17
131 -0.31
132 0.46
133 -0.32
134 -0.32
135 -0.18
136 -0.18
137 0.49
138 0.49
139 -0.38
140 -0.32
141 -0.23
142 -0.12
143 -0.24
144 -0.19
145 -0.24
146 -0.32
147 -0.19
148 0.49
149 0.49
150 -0.34
151 0.49
152 0.49
153 0.49
154 0.46
155 0.49
156 -0.11
157 -0.28
158 -0.28
159 -0.25
160 -0.26
161 -0.12
162 -0.32
163 -0.15
164 -0.02
165 -0.00
166 -0.28
167 -0.21
168 0.49
169 0.49
170 0.49
171 -0.24
172 -0.28
173 0.46
174 0.46
175 -0.31
176 -0.25
177 0.49
178 -0.38
179 -0.32
180 -0.28
181 -0.34
182 -0.20
183 0.49
184 -0.13
185 0.49
186 -0.31
187 0.44
188 0.44
189 -0.31
190 0.49
191 -0.29
192 0.49
193 0.49
194 -0.38
195 0.49
196 0.46
197 -0.31
198 0.49
199 -0.31
200 -0.34
201 0.44
202 0.46
203 -0.26
204 -0.28
205 0.06
206 0.46
207 0.42
208 0.38
209 0.42
210 -0.34
211 -0.21
212 0.42
213 0.44
214 0.12
215 0.44
216 0.09
217 0.46
218 -0.05
219 0.44
220 -0.28
221 0.40
222 0.12
223 0.14
224 0.11
225 0.10
226 0.46
227 0.14
228 0.14
229 0.18
230 0.46
231 0.46
232 0.44
233 -0.38
234 0.46
235 0.42
236 0.46
237 0.36
238 0.46
239 0.40
240 0.14
241 0.46
242 0.44
243 0.40
244 0.32
245 0.42
246 0.10
247 0.15
248 0.14
249 -0.23
250 0.44
251 0.13
252 0.12
253 -0.08
254 0.46
255 0.13
256 0.14
257 0.44
258 0.42
259 0.44
260 0.14
261 0.42
262 0.42
263 0.46
264 0.23
265 0.46
266 0.06
267 0.42
268 0.12
269 0.46
270 -0.34
271 0.10
272 0.10
273 0.15
274 0.14
275 -0.00
276 -0.17
277 -0.23
278 -0.05
279 -0.04
280 -0.07
281 -0.19
282 -0.34
283 -0.29
284 -0.07
285 -0.05
286 -0.24
287 -0.25
288 -0.26
289 -0.15
290 0.36
291 0.42
292 -0.32
293 0.44
294 0.42
295 0.44
296 0.46
297 0.42
298 -0.12
299 0.42
300 -0.17
301 0.38
302 0.14
303 0.38
304 -0.00
305 -0.16
306 -0.24
307 0.42
308 0.10
309 0.07
310 0.44
311 0.12
312 0.13
313 -0.11
314 0.38
315 0.46
316 0.13
317 0.46
318 0.14
319 0.38
320 -0.25
321 0.42
322 -0.00
323 0.10
324 0.38
325 0.13
326 0.07
327 -0.00
328 -0.02
329 -0.00
330 -0.20
331 -0.24
332 -0.16
333 0.40
334 0.10
335 0.12
336 0.46
337 0.07
338 0.10
339 0.46
340 0.44
341 0.36
342 0.12
343 -0.16
344 0.38
345 0.46
346 0.44
347 0.12
348 0.12
349 0.42
350 0.42
351 0.14
352 0.15
353 0.10
354 0.10
355 -0.31
356 0.14
357 0.14
358 0.14
359 0.40
360 0.12
361 0.42
362 0.38
363 0.14
364 -0.00
365 0.00
366 0.42
367 0.12
368 0.38
369 0.46
370 0.10
371 0.46
372 0.14
373 0.12
374 0.42
375 0.29
376 0.14
377 0.10
378 0.13
379 0.42
380 0.42
381 0.17
382 0.42
383 0.09
384 0.42
385 0.17
386 0.14
387 0.34
388 0.42
389 0.28
390 0.42
391 0.42
392 0.42
393 0.42
394 0.17
395 0.42
396 0.12
397 0.11
398 0.38
399 0.34
400 0.34
401 0.38
402 0.06
403 0.42
404 -0.00
405 -0.38
406 0.15
407 -0.34
408 0.16
409 0.16
410 0.40
411 0.42
412 0.16
413 -0.00
414 -0.02
415 -0.01
416 -0.09
417 -0.05
418 -0.13
419 -0.38
420 -0.01
421 0.09
422 0.40
423 0.36
424 0.44
425 0.46
426 0.49
427 0.49
428 0.44
429 0.46
430 0.34
431 0.12
432 0.46
433 0.49
434 0.05
435 0.12
436 0.20
437 0.12
438 0.05
439 0.26
440 0.42
441 0.26
442 0.42
443 0.44
444 0.42
445 0.12
446 0.49
447 0.46
448 0.29
449 0.49
450 0.46
451 0.49
452 0.46
453 0.29
454 0.10
455 0.46
456 0.44
457 0.13
458 0.12
459 0.38
460 0.42
461 0.38
462 0.44
463 0.49
464 0.46
465 0.28
466 0.49
467 0.46
468 0.09
469 0.42
470 0.28
471 0.38
472 -0.26
473 -0.00
474 0.49
475 0.17
476 0.46
477 0.31
478 0.42
479 0.44
480 0.49
481 0.42
482 0.49
483 0.21
484 0.49
485 0.46
486 0.34
487 0.46
488 0.46
489 0.14
490 0.09
491 0.14
492 0.49
493 0.26
494 0.40
495 0.49
496 0.46
497 0.09
498 0.26
499 0.46
500 0.31
501 0.46
502 0.13
503 0.46
504 0.13
505 0.32
506 0.25
507 0.49
508 0.44
509 0.49
510 0.44
511 0.46
512 0.49
513 0.34
514 0.03
515 0.17
516 0.08
517 -0.10
518 0.40
519 0.36
520 0.38
521 0.40
522 -0.00
523 0.34
524 0.44
525 0.11
526 0.46
527 0.05
528 0.34
529 0.40
530 0.11
531 0.05
532 -0.23
533 0.12
534 -0.31
535 0.26
536 -0.18
537 0.40
538 0.03
539 0.24
540 0.42
541 0.49
542 0.46
543 0.18
544 0.46
545 0.46
546 0.49
547 0.23
548 0.49
549 0.46
550 0.31
551 0.49
552 0.49
553 0.34
554 0.40
555 0.42
556 0.42
557 0.16
558 0.49
559 0.26
560 0.29
561 0.31
562 0.16
563 0.44
564 0.44
565 0.46
566 0.49
567 0.46
568 0.28
569 0.46
570 0.29
571 0.32
572 0.34
573 0.38
574 -0.04
575 0.34
576 0.32
577 0.42
578 0.28
579 0.46
580 0.49
581 0.46
582 0.36
583 0.36
584 0.46
585 0.26
586 0.40
587 0.49
588 0.46
589 0.31
590 0.32
591 0.38
592 0.09
593 0.34
594 0.38
595 0.49
596 0.44
597 0.31
598 0.38
599 0.44
600 0.14
601 0.44
602 0.46
603 0.19
604 0.38
605 0.49
606 0.38
607 0.44
608 0.34
609 0.49
610 0.42
611 0.15
612 0.20
613 -0.28
614 0.28
615 0.21
616 0.36
617 0.49
618 0.42
619 0.40
620 0.42
621 0.26
622 0.44
623 0.31
624 0.49
625 0.09
626 0.49
627 0.40
628 0.34
629 0.14
630 0.46
631 0.49
632 0.18
633 0.42
634 0.10
635 0.34
636 0.38
637 0.46
638 0.09
639 0.38
640 0.46
641 0.49
642 0.28
643 0.46
644 0.23
645 0.29
646 0.46
647 0.49
648 0.49
649 0.21
650 0.02
651 0.20
652 0.42
653 0.46
654 0.44
655 -0.32
656 0.31
657 0.44
658 0.49
659 0.40
660 0.46
661 0.46
662 0.44
663 0.46
664 0.46
665 0.49
666 0.42
667 0.31
668 0.49
669 -0.29
670 0.42
671 0.44
672 0.42
673 0.49
674 0.38
675 0.25
676 0.31
677 0.34
678 0.44
679 0.31
680 0.46
681 0.49
682 0.19
683 0.49
684 0.49
685 0.36
686 0.44
687 0.38
688 0.46
689 -0.04
690 0.08
691 0.28
692 0.46
693 0.49
694 0.34
695 0.16
696 0.23
697 0.46
698 0.44
699 0.49
700 0.49
701 0.49
702 0.49
703 0.04
704 0.49
705 0.13
706 0.44
707 0.49
708 0.36
709 0.36
710 0.40
711 0.42
712 0.32
713 0.49
714 0.25
715 0.49
716 0.38
717 0.05
718 0.40
719 0.49
720 0.06
721 0.49
722 0.46
723 0.40
724 -0.17
725 0.16
726 0.36
727 0.36
728 0.31
729 0.32
730 0.21
731 0.25
732 0.28
733 -0.10
734 0.16
735 0.26
736 0.34
737 0.40
738 0.18
739 0.26
740 0.26
741 0.29
742 0.38
743 0.44
744 0.46
745 0.42
746 0.49
747 0.14
748 0.42
749 -0.02
750 0.44
751 0.26
752 0.42
753 -0.07
754 0.36
755 0.46
756 0.49
757 0.36
758 0.29
759 0.38
760 0.14
761 0.44
762 0.49
763 0.34
764 0.46
765 0.38
766 0.44
767 0.15
768 0.40
769 0.29
770 0.40
771 0.40
772 0.49
773 0.42
774 0.29
775 0.44
776 0.49
777 0.38
778 0.49
779 0.49
780 0.46
781 0.44
782 0.46
783 0.46
784 -0.23
785 0.40
786 0.32
787 0.38
788 0.49
789 0.34
790 0.21
791 0.40
792 -0.12
793 0.46
794 0.31
795 0.28
796 0.18
797 0.36
798 0.44
799 0.38
800 0.44
801 0.44
802 0.44
803 0.44
804 0.05
805 0.44
806 0.49
807 0.49
808 0.34
809 0.23
810 0.36
811 0.29
812 0.24
813 0.49
814 0.44
815 0.46
816 0.49
817 0.42
818 0.34
819 0.44
820 0.49
821 0.46
822 0.44
823 0.34
824 0.29
825 0.46
826 0.40
827 0.46
828 0.40
829 0.18
830 0.42
831 0.46
832 0.38
833 0.29
834 0.14
835 0.44
836 0.12
837 0.46
838 0.49
839 0.42
840 0.42
841 0.49
842 0.23
843 0.42
844 0.25
845 0.49
846 0.42
847 0.44
848 0.49
849 0.42
850 0.21
851 0.38
852 0.46
853 0.36
854 0.17
855 0.10
856 0.49
857 0.42
858 0.44
859 0.44
860 0.40
861 0.46
862 0.21
863 0.25
864 0.44
865 0.34
866 0.36
867 0.49
868 0.38
869 0.44
870 0.40
871 0.49
872 0.49
873 -0.16
874 0.38
875 0.40
876 0.36
877 0.46
878 0.46
879 0.00
880 0.25
881 0.42
882 0.38
883 0.31
884 0.44
885 0.26
886 0.31
887 0.44
888 0.42
889 0.38
890 0.40
891 0.49
892 0.34
893 0.49
894 0.49
895 0.26
896 0.46
897 0.46
898 0.14
899 0.46
900 0.44
901 0.49
902 0.44
903 0.44
904 0.32
905 0.44
906 -0.24
907 0.46
908 0.26
909 0.38
910 0.49
911 0.38
912 0.44
913 0.49
914 0.49
915 0.49
916 0.17
917 0.46
918 -0.28
919 0.09
920 0.24
921 0.34
922 0.42
923 -0.00
924 0.17
925 0.31
926 0.46
927 0.31
928 0.29
929 0.40
930 0.44
931 0.46
932 0.46
933 0.44
934 0.49
935 0.42
936 0.32
937 0.23
938 0.46
939 0.46
940 -0.32
941 0.24
942 0.32
943 0.44
944 0.38
945 0.42
946 0.49
947 0.36
948 0.46
949 0.36
950 0.46
951 0.44
952 0.26
953 0.14
954 0.42
955 0.40
956 0.36
957 0.49
958 0.46
959 0.34
960 0.42
961 0.25
962 0.46
963 0.38
964 0.46
965 0.28
966 0.09
967 0.29
968 0.08
969 0.36
970 0.38
971 0.40
972 0.42
973 0.49
974 0.40
975 0.40
976 0.16
977 0.38
978 0.49
979 0.49
980 0.42
981 0.42
982 -0.34
983 0.49
984 0.49
985 0.46
986 0.49
987 0.38
988 0.49
989 0.46
990 0.46
991 0.34
992 0.24
993 0.49
994 0.34
995 0.44
996 0.32
997 0.38
998 0.49
999 0.40
1000 0.46
1001 0.26
1002 0.44
1003 0.46
1004 0.44
1005 0.44
1006 0.49
1007 0.44
1008 0.46
1009 0.46
1010 -0.18
1011 0.44
1012 0.42
1013 0.26
1014 0.46
1015 0.49
1016 0.40
1017 0.42
1018 0.40
1019 0.36
1020 0.40
1021 0.42
1022 0.32
1023 0.44
1024 0.44
1025 0.49
1026 0.09
1027 0.46
1028 0.31
1029 0.46
1030 0.42
1031 0.07
1032 0.32
1033 0.49
1034 0.42
1035 0.42
1036 0.49
1037 0.31
1038 0.42
1039 0.04
1040 0.46
1041 0.40
1042 0.49
1043 0.36
1044 0.46
1045 0.46
1046 0.46
1047 0.49
1048 0.42
1049 0.36
1050 0.42
1051 0.44
1052 0.49
1053 0.42
1054 0.40
1055 0.44
1056 0.05
1057 0.34
1058 0.46
1059 0.49
1060 0.49
1061 0.44
1062 0.40
1063 0.42
1064 0.44
1065 0.36
1066 0.44
1067 0.46
1068 0.40
1069 0.40
1070 0.42
1071 0.44
1072 0.38
1073 0.42
1074 0.44
1075 0.46
1076 0.36
1077 0.38
1078 0.38
1079 0.12
1080 0.46
1081 0.04
1082 0.46
1083 0.28
1084 0.19
1085 0.24
1086 0.31
1087 0.20
1088 0.49
1089 0.49
1090 0.42
1091 0.42
1092 0.13
1093 0.44
1094 0.46
1095 0.40
1096 0.42
1097 0.32
1098 0.42
1099 0.40
1100 0.49
1101 0.38
1102 -0.07
1103 0.49
1104 0.46
1105 0.38
1106 0.42
1107 0.32
1108 0.42
1109 0.46
1110 0.46
1111 0.36
1112 0.46
1113 0.44
1114 0.42
1115 0.42
1116 0.34
1117 0.49
1118 0.46
1119 0.49
1120 0.26
1121 0.28
1122 0.28
1123 0.44
1124 0.46
1125 0.49
1126 0.42
1127 0.40
1128 0.42
1129 0.46
1130 0.31
1131 0.42
1132 0.44
1133 0.24
1134 0.49
1135 0.49
1136 0.42
1137 0.49
1138 0.46
1139 0.38
1140 0.49
1141 0.32
1142 0.40
1143 0.49
1144 0.42
1145 0.46
1146 0.38
1147 0.46
1148 0.44
1149 0.42
1150 0.46
1151 0.42
1152 0.49
1153 0.36
1154 0.46
1155 0.40
1156 0.44
1157 0.44
1158 -0.08
1159 0.42
1160 0.42
1161 0.40
1162 0.13
1163 0.44
1164 0.44
1165 0.46
1166 0.42
1167 0.42
1168 0.40
1169 0.44
1170 0.46
1171 0.49
1172 0.44
1173 0.38
1174 0.44
1175 0.32
1176 0.36
1177 0.46
1178 0.44
1179 0.42
1180 0.38
1181 0.46
1182 0.46
1183 0.42
1184 0.44
1185 0.46
1186 0.42
1187 0.16
1188 0.44
1189 0.42
1190 0.44
1191 0.46
1192 0.46
1193 0.40
1194 0.46
1195 0.44
1196 0.49
1197 0.36
1198 0.42
1199 0.40
1200 0.28
1201 0.44
1202 0.28
1203 0.46
1204 0.42
1205 0.49
1206 0.46
1207 0.49
1208 0.40
1209 0.40
1210 0.46
1211 0.46
1212 0.46
1213 0.38
1214 0.34
1215 0.40
1216 0.40
1217 0.42
1218 0.46
1219 0.49
1220 0.40
1221 0.42
1222 0.32
1223 0.46
1224 0.42
1225 0.46
1226 0.49
1227 0.42
1228 0.42
1229 0.46
1230 0.44
1231 -0.31
1232 0.40
1233 0.44
1234 0.46
1235 0.49
1236 -0.18
1237 0.49
1238 0.44
1239 0.49
1240 0.34
1241 0.49
1242 0.44
1243 0.40
1244 0.42
1245 0.29
1246 0.49
1247 0.49
1248 0.49
1249 0.44
1250 0.08
1251 0.40
1252 0.34
1253 0.46
1254 0.44
1255 0.38
1256 0.38
1257 0.44
1258 0.49
1259 0.46
1260 0.44
1261 -0.36
1262 0.42
1263 0.38
1264 0.34
1265 0.49
1266 0.49
1267 -0.01
1268 0.49
1269 -0.02
1270 0.34
1271 0.49
1272 0.44
1273 0.46
1274 0.49
1275 0.44
1276 0.46
1277 0.49
1278 0.42
1279 0.42
1280 0.49
1281 0.38
1282 0.49
1283 0.42
1284 0.42
1285 0.46
1286 0.42
1287 0.32
1288 0.42
1289 0.49
1290 0.49
1291 0.49
1292 0.42
1293 0.36
1294 0.40
1295 0.46
1296 0.34
1297 0.46
1298 0.40
1299 0.44
1300 0.08
1301 0.26
1302 0.44
1303 0.46
1304 0.44
1305 0.40
1306 0.44
1307 0.49
1308 0.31
1309 0.49
1310 0.40
1311 0.36
1312 0.31
1313 0.44
1314 0.49
1315 0.46
1316 0.44
1317 0.44
1318 0.36
1319 0.49
1320 0.46
1321 0.42
1322 0.25
1323 0.07
1324 0.36
1325 0.49
1326 0.44
1327 0.49
1328 0.40
1329 0.40
1330 0.31
1331 0.42
1332 0.46
1333 0.46
1334 0.46
1335 0.46
1336 0.29
1337 0.32
1338 0.42
1339 0.44
1340 0.26
1341 0.40
1342 0.46
1343 0.44
1344 0.49
1345 0.42
1346 0.40
1347 0.40
1348 0.46
1349 0.44
1350 0.36
1351 0.42
1352 -0.29
1353 0.40
1354 0.44
1355 -0.36
1356 0.17
1357 0.36
1358 0.32
1359 0.46
1360 0.38
1361 0.49
1362 0.49
1363 0.32
1364 0.38
1365 0.46
1366 0.09
1367 0.49
1368 0.49
1369 0.49
1370 0.46
1371 0.20
1372 0.44
1373 0.46
1374 0.40
1375 0.44
1376 0.49
1377 0.38
1378 0.44
1379 0.32
1380 0.42
1381 0.21
1382 0.44
1383 0.46
1384 0.40
1385 0.49
1386 0.44
1387 0.44
1388 0.46
1389 0.42
1390 0.46
1391 0.42
1392 0.44
1393 0.36
1394 0.49
1395 0.46
1396 0.38
1397 0.46
1398 0.40
1399 0.38
1400 0.44
1401 0.34
1402 0.44
1403 0.49
1404 0.42
1405 0.12
1406 0.49
1407 0.36
1408 0.46
1409 0.38
1410 0.42
1411 0.38
1412 0.44
1413 0.49
1414 0.49
1415 0.46
1416 0.26
1417 0.38
1418 0.44
1419 0.44
1420 0.32
1421 0.42
1422 0.44
1423 0.09
1424 0.38
1425 0.25
1426 0.36
1427 0.49
1428 0.32
1429 0.49
1430 -0.24
1431 0.44
1432 0.42
1433 0.46
1434 0.46
1435 0.38
1436 0.38
1437 0.49
1438 0.36
1439 0.46
1440 0.46
1441 0.49
1442 0.46
1443 0.29
1444 0.31
1445 0.46
1446 0.44
1447 0.29
1448 0.46
1449 0.40
1450 0.42
1451 0.44
1452 0.29
1453 0.46
1454 0.40
1455 0.38
1456 0.23
1457 0.38
1458 0.46
1459 0.44
1460 0.49
1461 0.40
1462 0.31
1463 0.42
1464 0.49
1465 0.46
1466 0.09
1467 0.09
1468 0.46
1469 0.32
1470 0.44
1471 0.34
1472 0.49
1473 0.49
1474 -0.12
1475 0.21
1476 0.44
1477 0.46
1478 0.42
1479 0.49
1480 0.49
1481 0.40
1482 0.25
1483 0.46
1484 0.44
1485 0.49
1486 0.42
1487 0.44
1488 -0.28
1489 0.44
1490 0.46
1491 0.44
1492 0.10
1493 0.44
1494 0.49
1495 0.42
1496 0.42
1497 0.40
1498 0.49
1499 0.44
1500 0.26
1501 0.32
1502 0.46
1503 0.26
1504 0.38
1505 0.44
1506 0.49
1507 0.40
1508 0.49
1509 0.49
1510 0.38
1511 0.49
1512 0.11
1513 0.46
1514 0.42
1515 0.40
1516 0.29
1517 0.49
1518 0.46
1519 0.36
1520 0.49
1521 0.38
1522 0.44
1523 0.49
1524 0.31
1525 0.49
1526 0.28
1527 0.36
1528 0.36
1529 0.23
1530 0.46
1531 0.49
1532 0.36
1533 0.44
1534 0.34
1535 0.49
1536 0.46
1537 0.38
1538 0.46
1539 0.44
1540 0.38
1541 0.49
1542 0.40
1543 0.32
1544 0.46
1545 0.44
1546 0.49
1547 0.42
1548 0.46
1549 0.44
1550 0.06
1551 0.40
1552 0.31
1553 0.40
1554 0.44
1555 0.42
1556 0.38
1557 0.21
1558 0.42
1559 0.46
1560 0.38
1561 0.09
1562 0.34
1563 0.40
1564 0.42
1565 0.42
1566 0.21
1567 0.26
1568 0.38
1569 0.40
1570 0.38
1571 0.46
1572 0.42
1573 0.25
1574 0.40
1575 0.42
1576 0.46
1577 0.46
1578 0.46
1579 0.46
1580 0.18
1581 0.21
1582 0.44
1583 0.38
1584 0.42
1585 0.40
1586 0.28
1587 0.46
1588 0.28
1589 0.44
1590 0.49
1591 0.44
1592 0.42
1593 0.49
1594 0.46
1595 0.40
1596 0.46
1597 0.40
1598 0.44
1599 0.42
1600 0.49
1601 0.40
1602 0.49
1603 0.40
1604 0.42
1605 0.42
1606 0.46
1607 0.44
1608 0.18
1609 0.34
1610 0.38
1611 0.46
1612 0.29
1613 0.42
1614 0.42
1615 0.44
1616 0.42
1617 0.44
1618 0.49
1619 0.38
1620 0.46
1621 0.49
1622 0.19
1623 0.40
1624 0.49
1625 0.46
1626 0.49
1627 0.34
1628 0.46
1629 0.44
1630 0.46
1631 0.38
1632 0.34
1633 0.40
1634 0.49
1635 0.46
1636 0.46
1637 0.42
1638 0.46
1639 0.42
1640 0.46
1641 0.46
1642 0.44
1643 0.44
1644 0.42
1645 0.49
1646 0.46
1647 0.49
1648 0.44
1649 0.46
1650 0.36
1651 0.46
1652 0.44
1653 0.38
1654 0.40
1655 0.09
1656 0.40
1657 0.32
1658 0.36
1659 0.40
1660 0.44
1661 0.42
1662 0.40
1663 0.40
1664 0.40
1665 0.46
1666 0.44
1667 0.46
1668 0.49
1669 0.38
1670 0.46
1671 0.49
1672 0.42
1673 0.46
1674 0.40
1675 0.46
1676 0.49
1677 0.46
1678 0.34
1679 0.25
1680 0.14
1681 0.46
1682 0.44
1683 0.49
1684 0.49
1685 0.38
1686 0.44
1687 0.44
1688 0.32
1689 0.46
1690 0.31
1691 0.10
1692 0.34
1693 0.49
1694 0.36
1695 0.18
1696 0.44
1697 0.40
1698 0.46
1699 0.49
1700 0.38
1701 0.46
1702 0.49
1703 0.49
1704 0.42
1705 0.46
1706 0.42
1707 0.49
1708 0.44
1709 0.46
1710 0.49
1711 0.44
1712 0.26
1713 0.42
1714 0.36
1715 0.44
1716 0.46
1717 0.24
1718 0.49
1719 0.34
1720 0.24
1721 0.46
1722 0.49
1723 0.38
1724 0.44
1725 0.49
1726 0.46
1727 0.49
1728 0.46
1729 0.38
1730 0.42
1731 0.46
1732 0.46
1733 0.49
1734 0.40
1735 0.44
1736 0.36
1737 0.38
1738 0.36
1739 0.42
1740 0.44
1741 0.31
1742 0.34
1743 0.36
1744 0.31
1745 0.46
1746 0.49
1747 0.34
1748 0.46
1749 0.44
1750 0.44
1751 0.42
1752 0.44
1753 0.49
1754 0.44
1755 0.49
1756 0.38
1757 0.46
1758 0.44
1759 0.46
1760 0.40
1761 0.44
1762 0.40
1763 0.49
1764 0.20
1765 0.46
1766 0.38
1767 0.18
1768 0.29
1769 0.46
1770 0.42
1771 -0.18
1772 0.40
1773 0.46
1774 0.24
1775 0.46
1776 0.49
1777 0.29
1778 0.46
1779 0.49
1780 0.36
1781 0.49
1782 0.46
1783 0.46
1784 0.49
1785 0.38
1786 0.46
1787 0.49
1788 0.40
1789 0.46
1790 0.42
1791 0.31
1792 0.49
1793 0.46
1794 0.49
1795 0.49
1796 0.34
1797 0.36
1798 0.49
1799 0.40
1800 0.36
1801 0.49
1802 0.46
1803 0.44
1804 0.42
1805 0.42
1806 0.42
1807 0.34
1808 0.42
1809 0.40
1810 0.42
1811 0.42
1812 0.34
1813 0.42
1814 0.40
1815 0.44
1816 0.40
1817 0.38
1818 0.40
1819 0.40
1820 0.46
1821 0.46
1822 0.44
1823 0.44
1824 0.46
1825 0.44
1826 0.49
1827 0.44
1828 0.49
1829 0.46
1830 0.49
1831 0.07
1832 0.46
1833 0.46
1834 0.18
1835 -0.36
1836 -0.17
1837 0.16
1838 0.03
1839 -0.07
1840 -0.25
1841 0.09
1842 0.13
1843 0.42
1844 0.49
1845 0.46
1846 0.40
1847 0.49
1848 0.46
1849 0.40
1850 0.44
1851 0.44
1852 0.32
1853 0.49
1854 0.46
1855 0.34
1856 0.36
1857 0.42
1858 0.49
1859 0.38
1860 0.42
1861 -0.25
1862 0.32
1863 0.44
1864 0.49
1865 0.46
1866 0.49
1867 0.38
1868 0.04
1869 0.44
1870 0.28
1871 0.46
1872 0.23
1873 0.42
1874 0.42
1875 0.40
1876 0.46
1877 0.49
1878 0.46
1879 0.49
1880 0.40
1881 0.36
1882 0.49
1883 0.31
1884 0.36
1885 0.31
1886 0.44
1887 0.42
1888 0.40
1889 0.42
1890 0.31
1891 0.46
1892 0.36
1893 0.38
1894 -0.32
1895 0.42
1896 0.36
1897 0.44
1898 -0.17
1899 0.28
1900 0.40
1901 0.46
1902 0.44
1903 0.40
1904 0.46
1905 0.44
1906 0.29
1907 0.23
1908 0.49
1909 0.49
1910 0.49
1911 0.49
1912 0.49
1913 0.42
1914 0.49
1915 0.40
1916 0.38
1917 0.28
1918 0.49
1919 0.44
1920 0.46
1921 0.42
1922 0.46
1923 0.42
1924 0.31
1925 0.44
1926 0.49
1927 0.38
1928 0.44
1929 0.44
1930 0.42
1931 0.44
1932 -0.28
1933 0.42
1934 0.49
1935 0.12
1936 0.40
1937 0.28
1938 0.42
1939 0.46
1940 0.42
1941 0.44
1942 0.42
1943 0.46
1944 0.46
1945 0.38
1946 0.34
1947 -0.28
1948 0.44
1949 0.49
1950 0.46
1951 0.42
1952 0.44
1953 0.46
1954 0.40
1955 -0.11
1956 0.42
1957 0.34
1958 0.46
1959 0.46
1960 0.49
1961 0.46
1962 0.44
1963 0.46
1964 0.46
1965 0.42
1966 0.49
1967 0.44
1968 -0.16
1969 0.42
1970 0.46
1971 0.49
1972 0.49
1973 0.34
1974 0.44
1975 0.25
1976 0.49
1977 0.46
1978 0.40
1979 0.46
1980 0.46
1981 0.44
1982 0.46
1983 0.20
1984 -0.26
1985 0.49
1986 0.49
1987 0.46
1988 0.46
1989 0.46
1990 0.49
1991 0.34
1992 0.46
1993 0.31
1994 0.46
1995 0.49
1996 0.49
1997 0.46
1998 0.42
1999 0.46
2000 0.44
2001 0.44
2002 0.44
2003 0.31
2004 0.28
2005 0.36
2006 0.46
2007 0.49
2008 0.49
2009 0.49
2010 0.34
2011 0.26
2012 0.16
2013 0.40
2014 0.44
2015 0.49
2016 0.49
2017 0.44
2018 0.49
2019 0.44
2020 0.49
2021 0.44
2022 0.46
2023 0.44
2024 0.31
2025 0.49
2026 0.44
2027 0.46
2028 0.46
2029 0.29
2030 0.40
2031 0.46
2032 0.42
2033 0.42
2034 -0.19
2035 0.44
2036 0.40
2037 0.49
2038 0.44
2039 0.46
2040 0.49
2041 0.46
2042 0.34
2043 0.40
2044 0.44
2045 0.46
2046 0.42
2047 0.44
2048 0.46
2049 0.49
2050 0.40
2051 0.40
2052 0.44
2053 0.42
2054 0.46
2055 0.46
2056 0.46
2057 0.46
2058 0.46
2059 0.49
2060 0.49
2061 0.40
2062 0.42
2063 0.44
2064 0.25
2065 0.49
2066 0.46
2067 0.44
2068 0.49
2069 0.44
2070 0.49
2071 0.42
2072 0.46
2073 0.42
2074 0.42
2075 0.36
2076 0.42
2077 0.44
2078 0.44
2079 0.46
2080 0.46
2081 0.40
2082 0.32
2083 0.42
2084 0.46
2085 0.46
2086 0.46
2087 0.49
2088 -0.09
2089 0.40
2090 0.46
2091 0.42
2092 0.46
2093 0.46
2094 0.32
2095 0.44
2096 0.49
2097 0.44
2098 0.49
2099 0.46
2100 0.40
2101 0.36
2102 0.49
2103 0.29
2104 0.49
2105 0.49
2106 0.49
2107 0.44
2108 0.49
2109 0.32
2110 0.42
2111 0.46
2112 0.44
2113 0.42
2114 0.44
2115 0.44
2116 0.38
2117 0.49
2118 0.42
2119 0.42
2120 0.42
2121 0.44
2122 0.46
2123 0.49
2124 0.46
2125 0.46
2126 0.05
2127 0.21
2128 0.38
2129 0.46
2130 0.38
2131 0.40
2132 0.49
2133 0.26
2134 0.46
2135 0.26
2136 0.38
2137 0.46
2138 0.46
2139 0.23
2140 0.36
2141 0.38
2142 0.46
2143 0.44
2144 0.46
2145 0.44
2146 0.36
2147 0.42
2148 0.40
2149 0.42
2150 0.44
2151 0.44
2152 0.40
2153 0.49
2154 0.49
2155 0.44
2156 0.49
2157 0.42
2158 0.49
2159 0.46
2160 0.36
2161 0.40
2162 0.49
2163 0.29
2164 0.05
2165 0.18
2166 0.36
2167 0.46
2168 -0.21
2169 0.25
2170 0.36
2171 0.44
2172 0.40
2173 0.42
2174 0.49
2175 0.49
2176 0.44
2177 0.36
2178 0.44
2179 0.44
2180 0.46
2181 0.46
2182 0.14
2183 0.49
2184 0.44
2185 0.42
2186 0.44
2187 0.49
2188 0.49
2189 0.46
2190 0.38
2191 0.42
2192 0.15
2193 0.46
2194 0.49
2195 0.34
2196 0.40
2197 0.44
2198 0.46
2199 0.29
2200 0.42
2201 0.40
2202 0.44
2203 0.46
2204 0.40
2205 0.44
2206 0.14
2207 0.46
2208 0.49
2209 0.49
2210 0.49
2211 0.46
2212 0.11
2213 0.38
2214 0.49
2215 0.14
2216 0.42
2217 0.44
2218 0.42
2219 0.40
2220 0.49
2221 0.44
2222 0.42
2223 0.46
2224 0.44
2225 0.46
2226 0.44
2227 -0.29
2228 0.38
2229 0.44
2230 0.44
2231 0.49
2232 0.49
2233 0.40
2234 0.46
2235 0.03
2236 0.44
2237 0.44
2238 0.23
2239 0.36
2240 0.49
2241 0.40
2242 0.40
2243 0.46
2244 0.49
2245 0.46
2246 0.34
2247 0.44
2248 0.42
2249 0.49
2250 0.46
2251 0.46
2252 0.46
2253 0.44
2254 0.44
2255 0.44
2256 0.03
2257 0.40
2258 0.42
2259 0.44
2260 0.46
2261 0.49
2262 0.44
2263 0.46
2264 0.42
2265 -0.05
2266 0.49
2267 0.34
2268 0.49
2269 0.49
2270 0.49
2271 0.49
2272 0.40
2273 0.38
2274 0.49
2275 0.40
2276 0.04
2277 0.44
2278 0.26
2279 0.46
2280 0.44
2281 0.15
2282 0.42
2283 0.38
2284 0.28
2285 0.49
2286 0.29
2287 0.46
2288 0.44
2289 0.38
2290 0.17
2291 0.44
2292 0.38
2293 0.40
2294 0.19
2295 0.36
2296 0.34
2297 0.40
2298 0.42
2299 0.44
2300 0.42
2301 0.42
2302 0.49
2303 0.44
2304 0.44
2305 0.40
2306 0.40
2307 0.32
2308 0.38
2309 0.49
2310 0.34
2311 0.49
2312 -0.34
2313 0.28
2314 0.36
2315 0.42
2316 0.49
2317 0.44
2318 0.46
2319 0.31
2320 0.46
2321 0.34
2322 0.46
2323 0.34
2324 0.46
2325 0.40
2326 0.42
2327 0.44
2328 0.36
2329 0.42
2330 0.49
2331 0.46
2332 0.42
2333 0.34
2334 0.32
2335 0.49
2336 0.38
2337 0.31
2338 0.42
2339 0.36
2340 0.49
2341 0.49
2342 0.44
2343 0.46
2344 0.16
2345 0.20
2346 0.49
2347 0.42
2348 0.40
2349 0.36
2350 0.34
2351 0.49
2352 0.46
2353 0.44
2354 0.49
2355 0.32
2356 0.44
2357 0.49
2358 0.49
2359 0.46
2360 0.24
2361 0.46
2362 0.49
2363 0.46
2364 0.46
2365 0.49
2366 0.34
2367 0.40
2368 0.49
2369 0.40
2370 0.49
2371 0.46
2372 0.46
2373 0.13
2374 0.49
2375 0.46
2376 0.32
2377 0.46
2378 0.49
2379 0.49
2380 0.42
2381 0.38
2382 0.36
2383 0.42
2384 0.44
2385 0.49
2386 0.42
2387 0.46
2388 0.40
2389 0.49
2390 0.46
2391 0.19
2392 0.46
2393 0.49
2394 0.49
2395 0.46
2396 0.44
2397 0.49
2398 0.49
2399 0.46
2400 0.46
2401 0.49
2402 0.46
2403 0.49
2404 0.31
2405 0.49
2406 0.44
2407 0.42
2408 0.42
2409 0.42
2410 0.46
2411 0.14
2412 0.46
2413 0.46
2414 0.38
2415 0.49
2416 0.21
2417 0.44
2418 0.44
2419 0.44
2420 0.49
2421 0.34
2422 0.17
2423 0.44
2424 0.44
2425 0.49
2426 0.46
2427 0.49
2428 0.46
2429 0.42
2430 0.49
2431 0.40
2432 0.46
2433 0.49
2434 0.42
2435 0.49
2436 0.49
2437 0.46
2438 0.46
2439 0.42
2440 0.49
2441 0.42
2442 0.32
2443 -0.34
2444 0.49
2445 0.49
2446 0.49
2447 0.40
2448 -0.31
2449 0.31
2450 0.11
2451 0.03
2452 -0.17
2453 0.44
2454 0.44
2455 0.42
2456 0.23
2457 0.49
2458 -0.10
2459 -0.14
2460 0.36
2461 0.36
2462 0.46
2463 0.44
2464 0.29
2465 0.44
2466 0.44
2467 0.36
2468 0.36
2469 0.44
2470 0.40
2471 -0.21
2472 0.26
2473 0.28
2474 0.44
2475 0.36
2476 0.46
2477 0.46
2478 0.29
2479 0.46
2480 0.38
2481 0.49
2482 0.49
2483 0.44
2484 -0.28
2485 0.44
2486 0.49
2487 0.49
2488 0.28
2489 0.42
2490 0.49
2491 0.49
2492 0.49
2493 0.46
2494 0.36
2495 0.49
2496 0.38
2497 0.46
2498 0.49
2499 0.44
2500 0.49
2501 0.46
2502 0.46
2503 0.49
2504 0.44
2505 0.42
2506 0.46
2507 0.44
2508 0.42
2509 0.44
2510 0.32
2511 0.49
2512 0.06
2513 0.49
2514 0.46
2515 0.42
2516 0.44
2517 0.38
2518 0.44
2519 0.38
2520 0.49
2521 0.49
2522 0.46
2523 0.40
2524 0.42
2525 0.46
2526 0.40
2527 0.44
2528 0.49
2529 0.44
2530 0.46
2531 0.46
2532 0.49
2533 0.46
2534 0.23
2535 0.36
2536 0.38
2537 0.44
2538 0.38
2539 0.34
2540 0.46
2541 0.42
2542 0.42
2543 0.44
2544 0.24
2545 0.46
2546 0.32
2547 0.34
2548 0.34
2549 0.46
2550 0.44
2551 0.44
2552 0.44
2553 0.49
2554 0.49
2555 0.46
2556 0.44
2557 0.46
2558 0.46
2559 0.40
2560 0.46
2561 0.49
2562 0.36
2563 0.34
2564 0.38
2565 0.40
2566 0.49
2567 0.46
2568 0.26
2569 0.29
2570 0.38
2571 0.46
2572 0.46
2573 0.49
2574 0.46
2575 0.42
2576 0.46
2577 -0.25
2578 0.44
2579 0.44
2580 -0.26
2581 0.29
2582 0.46
2583 0.42
2584 0.42
2585 0.46
2586 0.49
2587 0.10
2588 0.49
2589 0.44
2590 0.42
2591 -0.25
2592 0.36
2593 0.28
2594 0.42
2595 0.44
2596 0.46
2597 0.42
2598 -0.14
2599 0.46
2600 0.36
2601 0.44
2602 0.46
2603 0.46
2604 0.49
2605 0.40
2606 -0.29
2607 0.49
2608 0.46
2609 0.44
2610 0.44
2611 0.44
2612 0.46
2613 0.46
2614 0.28
2615 0.42
2616 0.46
2617 0.49
2618 0.44
2619 0.46
2620 0.44
2621 0.42
2622 0.49
2623 0.46
2624 0.46
2625 0.38
2626 0.46
2627 -0.28
2628 -0.11
2629 0.44
2630 0.46
2631 0.44
2632 0.49
2633 0.49
2634 0.49
2635 0.44
2636 0.23
2637 0.46
2638 0.49
2639 0.44
2640 0.24
2641 0.40
2642 0.16
2643 0.49
2644 0.46
2645 0.44
2646 0.38
2647 0.49
2648 0.42
2649 0.42
2650 0.28
2651 0.46
2652 0.49
2653 0.31
2654 0.46
2655 0.49
2656 -0.18
2657 0.42
2658 0.46
2659 0.49
2660 0.49
2661 0.44
2662 0.44
2663 0.46
2664 0.46
2665 0.46
2666 0.23
2667 0.23
2668 0.36
2669 0.46
2670 0.42
2671 0.42
2672 0.46
2673 0.42
2674 0.40
2675 0.29
2676 0.38
2677 0.46
2678 0.44
2679 0.46
2680 0.49
2681 0.44
2682 0.40
2683 0.44
2684 0.49
2685 -0.19
2686 0.46
2687 0.42
2688 0.44
2689 0.49
2690 0.32
2691 0.42
2692 0.49
2693 0.49
2694 0.38
2695 0.42
2696 0.46
2697 0.38
2698 0.46
2699 0.44
2700 0.46
2701 0.34
2702 0.44
2703 0.25
2704 0.36
2705 0.49
2706 0.20
2707 0.49
2708 0.49
2709 0.25
2710 0.40
2711 0.28
2712 0.38
2713 0.44
2714 0.49
2715 0.44
2716 0.49
2717 0.44
2718 0.46
2719 0.46
2720 0.40
2721 0.46
2722 0.38
2723 0.40
2724 0.23
2725 0.26
2726 0.29
2727 0.29
2728 0.28
2729 0.46
2730 0.46
2731 0.42
2732 0.46
2733 0.42
2734 0.49
2735 0.38
2736 0.46
2737 0.44
2738 0.44
2739 0.31
2740 0.46
2741 0.42
2742 0.49
2743 0.46
2744 0.44
2745 0.46
2746 0.46
2747 0.36
2748 0.40
2749 0.49
2750 0.49
2751 0.46
2752 0.49
2753 0.49
2754 0.46
2755 0.31
2756 0.49
2757 0.42
2758 0.17
2759 0.46
2760 0.31
2761 0.44
2762 0.46
2763 0.46
2764 0.23
2765 0.24
2766 0.44
2767 0.18
2768 0.38
2769 0.49
2770 0.44
2771 0.46
2772 0.46
2773 0.49
2774 0.38
2775 0.46
2776 0.46
2777 0.40
2778 0.46
2779 0.49
2780 0.49
2781 0.42
2782 0.44
2783 0.49
2784 0.44
2785 0.46
2786 0.49
2787 0.49
2788 0.49
2789 0.42
2790 0.49
2791 0.38
2792 0.49
2793 0.46
2794 0.32
2795 0.44
2796 0.21
2797 0.42
2798 0.12
2799 0.44
2800 -0.14
2801 0.36
2802 0.42
2803 0.28
2804 -0.29
2805 0.38
2806 0.40
2807 0.49
2808 0.49
2809 0.46
2810 0.46
2811 0.44
2812 0.40
2813 0.49
2814 0.32
2815 0.46
2816 -0.19
2817 0.49
2818 0.42
2819 0.42
2820 0.40
2821 0.49
2822 0.46
2823 0.49
2824 0.46
2825 0.38
2826 0.44
2827 0.49
2828 0.44
2829 0.49
2830 0.44
2831 0.40
2832 0.44
2833 0.25
2834 0.44
2835 0.32
2836 0.49
2837 0.44
2838 0.49
2839 0.36
2840 0.42
2841 0.49
2842 0.49
2843 0.44
2844 0.44
2845 0.49
2846 0.38
2847 0.44
2848 0.44
2849 0.49
2850 0.46
2851 0.46
2852 0.44
2853 0.46
2854 0.46
2855 0.36
2856 0.49
2857 0.49
2858 -0.29
2859 0.42
2860 0.46
2861 0.42
2862 0.46
2863 0.28
2864 0.49
2865 0.42
2866 0.46
2867 0.40
2868 0.46
2869 0.44
2870 0.44
2871 0.40
2872 0.42
2873 0.42
2874 0.34
2875 0.49
2876 0.44
2877 0.49
2878 0.32
2879 0.49
2880 0.28
2881 0.46
2882 0.42
2883 0.40
2884 0.46
2885 0.44
2886 0.23
2887 0.42
2888 0.40
2889 0.46
2890 0.49
2891 0.49
2892 0.42
2893 0.46
2894 -0.32
2895 0.03
2896 0.42
2897 0.44
2898 0.03
2899 0.49
2900 0.40
2901 0.46
2902 0.26
2903 0.40
2904 0.44
2905 0.49
2906 0.46
2907 0.42
2908 0.21
2909 0.42
2910 0.46
2911 0.44
2912 0.49
2913 0.46
2914 0.49
2915 0.44
2916 0.46
2917 0.44
2918 0.44
2919 0.49
2920 0.49
2921 0.49
2922 0.46
2923 0.49
2924 0.46
2925 -0.32
2926 0.23
2927 0.38
2928 0.32
2929 0.34
2930 0.32
2931 0.46
2932 0.42
2933 0.38
2934 0.44
2935 0.40
2936 0.46
2937 0.49
2938 0.44
2939 0.46
2940 0.44
2941 0.49
2942 0.38
2943 0.46
2944 0.44
2945 0.46
2946 0.49
2947 0.44
2948 0.44
2949 0.44
2950 0.44
2951 0.46
2952 0.46
2953 0.42
2954 0.44
2955 0.15
2956 0.28
2957 0.40
2958 0.17
2959 0.40
2960 0.49
2961 0.42
2962 0.46
2963 0.36
2964 0.42
2965 0.29
2966 0.49
2967 0.38
2968 0.46
2969 0.46
2970 0.40
2971 0.34
2972 -0.16
2973 0.46
2974 0.46
2975 0.46
2976 0.49
2977 0.42
2978 0.42
2979 0.46
2980 0.44
2981 0.17
2982 0.49
2983 0.49
2984 0.42
2985 0.40
2986 0.40
2987 0.46
2988 0.40
2989 0.49
2990 0.49
2991 0.34
2992 0.38
2993 0.38
2994 0.38
2995 0.46
2996 0.42
2997 0.28
2998 0.40
2999 0.44
