0 0.16
1 0.16
2 0.21
3 0.16
4 0.16
5 0.20
6 0.21
7 0.21
8 0.21
9 0.25
10 0.21
11 0.17
12 0.21
13 0.25
14 0.25
15 0.25
16 0.25
17 0.25
18 0.21
19 0.25
20 0.21
21 0.21
22 0.21
23 0.25
24 0.21
25 0.21
26 0.25
27 0.21
28 0.21
29 0.17
30 0.21
31 0.25
32 0.21
33 0.21
34 0.17
35 0.17
36 0.17
37 0.17
38 0.17
39 0.17
40 0.21
41 0.21
42 0.21
43 0.21
44 0.21
45 0.17
46 0.13
47 0.13
48 0.17
49 0.21
50 0.17
51 0.17
52 0.21
53 0.17
54 0.17
55 0.13
56 0.09
57 0.05
58 0.09
59 0.09
60 0.05
61 0.05
62 0.01
63 0.01
64 0.05
65 0.09
66 0.13
67 0.17
68 0.17
69 0.17
70 0.21
71 0.17
72 0.17
73 0.16
74 0.20
75 0.20
76 0.24
77 0.24
78 0.24
79 0.24
80 0.28
81 0.28
82 0.29
83 0.29
84 0.29
85 0.29
86 0.29
87 0.29
88 0.24
89 0.21
90 0.21
91 0.25
92 0.21
93 0.25
94 0.25
95 0.26
96 0.26
97 0.25
98 0.25
99 0.25
100 0.25
101 0.22
102 0.25
103 0.25
104 0.25
105 0.25
106 0.21
107 0.18
108 0.22
109 0.25
110 0.21
111 0.21
112 0.21
113 0.21
114 0.17
115 0.21
116 0.21
117 0.25
118 0.25
119 0.25
120 0.21
121 0.25
122 0.25
123 0.25
124 0.21
125 0.21
126 0.21
127 0.25
128 0.21
129 0.21
130 0.25
131 0.25
132 0.25
133 0.25
134 0.29
135 0.29
136 0.25
137 0.25
138 0.25
139 0.25
140 0.29
141 0.25
142 0.25
143 0.25
144 0.29
145 0.29
146 0.33
147 0.33
148 0.37
149 0.37
150 0.33
151 0.33
152 0.37
153 0.33
154 0.29
155 0.25
156 0.25
157 0.21
158 0.17
159 0.17
160 0.17
161 0.21
162 0.21
163 0.21
164 0.21
165 0.21
166 0.21
167 0.21
168 0.21
169 0.21
170 0.25
171 0.25
172 0.25
173 0.29
174 0.29
175 0.29
176 0.33
177 0.33
178 0.37
179 0.37
180 0.33
181 0.33
182 0.29
183 0.29
184 0.29
185 0.25
186 0.21
187 0.21
188 0.17
189 0.13
190 0.13
191 0.13
192 0.09
193 0.05
194 0.09
195 0.13
196 0.13
197 0.17
198 0.17
199 0.13
200 0.25
201 0.26
202 0.28
203 0.26
204 0.26
205 0.28
206 0.28
207 0.28
208 0.27
209 0.29
210 0.29
211 0.27
212 0.29
213 0.30
214 0.30
215 0.32
216 0.33
217 0.33
218 0.32
219 0.33
220 0.32
221 0.30
222 0.29
223 0.30
224 0.29
225 0.27
226 0.28
227 0.26
228 0.26
229 0.25
230 0.27
231 0.26
232 0.25
233 0.25
234 0.23
235 0.23
236 0.23
237 0.22
238 0.22
239 0.22
240 0.22
241 0.23
242 0.25
243 0.25
244 0.25
245 0.25
246 0.24
247 0.24
248 0.26
249 0.27
250 0.26
251 0.27
252 0.29
253 0.27
254 0.27
255 0.26
256 0.25
257 0.25
258 0.26
259 0.26
260 0.26
261 0.26
262 0.25
263 0.25
264 0.25
265 0.25
266 0.26
267 0.28
268 0.28
269 0.26
270 0.28
271 0.26
272 0.26
273 0.26
274 0.28
275 0.28
276 0.29
277 0.29
278 0.29
279 0.29
280 0.31
281 0.31
282 0.30
283 0.30
284 0.30
285 0.32
286 0.32
287 0.32
288 0.30
289 0.30
290 0.30
291 0.32
292 0.30
293 0.31
294 0.31
295 0.31
296 0.30
297 0.30
298 0.30
299 0.29
300 0.29
301 0.27
302 0.29
303 0.29
304 0.30
305 0.30
306 0.29
307 0.27
308 0.29
309 0.30
310 0.29
311 0.29
312 0.29
313 0.29
314 0.27
315 0.29
316 0.30
317 0.31
318 0.30
319 0.32
320 0.30
321 0.32
322 0.30
323 0.30
324 0.29
325 0.29
326 0.29
327 0.29
328 0.27
329 0.26
330 0.27
331 0.27
332 0.27
333 0.27
334 0.29
335 0.29
336 0.27
337 0.27
338 0.29
339 0.27
340 0.29
341 0.27
342 0.29
343 0.29
344 0.30
345 0.30
346 0.32
347 0.33
348 0.34
349 0.36
350 0.35
351 0.33
352 0.35
353 0.33
354 0.32
355 0.30
356 0.30
357 0.29
358 0.27
359 0.29
360 0.28
361 0.29
362 0.28
363 0.28
364 0.28
365 0.26
366 0.26
367 0.26
368 0.25
369 0.25
370 0.26
371 0.27
372 0.27
373 0.29
374 0.29
375 0.29
376 0.30
377 0.30
378 0.32
379 0.32
380 0.32
381 0.30
382 0.30
383 0.30
384 0.30
385 0.30
386 0.29
387 0.29
388 0.29
389 0.27
390 0.26
391 0.26
392 0.25
393 0.23
394 0.25
395 0.25
396 0.23
397 0.25
398 0.25
399 0.23
400 0.35
401 0.35
402 0.36
403 0.36
404 0.38
405 0.41
406 0.41
407 0.42
408 0.41
409 0.42
410 0.41
411 0.40
412 0.40
413 0.41
414 0.41
415 0.41
416 0.42
417 0.42
418 0.40
419 0.41
420 0.40
421 0.37
422 0.38
423 0.38
424 0.38
425 0.35
426 0.34
427 0.34
428 0.34
429 0.34
430 0.35
431 0.35
432 0.34
433 0.34
434 0.33
435 0.33
436 0.33
437 0.33
438 0.32
439 0.32
440 0.33
441 0.36
442 0.36
443 0.36
444 0.35
445 0.37
446 0.38
447 0.38
448 0.38
449 0.39
450 0.38
451 0.39
452 0.39
453 0.39
454 0.40
455 0.39
456 0.38
457 0.38
458 0.40
459 0.40
460 0.40
461 0.40
462 0.39
463 0.39
464 0.39
465 0.40
466 0.40
467 0.41
468 0.41
469 0.41
470 0.42
471 0.42
472 0.41
473 0.40
474 0.41
475 0.42
476 0.43
477 0.42
478 0.42
479 0.42
480 0.43
481 0.43
482 0.43
483 0.43
484 0.44
485 0.44
486 0.44
487 0.44
488 0.43
489 0.43
490 0.43
491 0.43
492 0.43
493 0.44
494 0.44
495 0.43
496 0.43
497 0.44
498 0.44
499 0.41
500 0.41
501 0.40
502 0.41
503 0.41
504 0.41
505 0.41
506 0.40
507 0.38
508 0.38
509 0.39
510 0.39
511 0.39
512 0.38
513 0.38
514 0.38
515 0.39
516 0.38
517 0.39
518 0.35
519 0.37
520 0.37
521 0.38
522 0.37
523 0.37
524 0.36
525 0.36
526 0.36
527 0.36
528 0.35
529 0.35
530 0.36
531 0.36
532 0.36
533 0.36
534 0.37
535 0.37
536 0.36
537 0.36
538 0.39
539 0.39
540 0.40
541 0.39
542 0.40
543 0.40
544 0.40
545 0.40
546 0.41
547 0.43
548 0.44
549 0.44
550 0.44
551 0.44
552 0.45
553 0.43
554 0.43
555 0.42
556 0.43
557 0.42
558 0.42
559 0.42
560 0.42
561 0.43
562 0.42
563 0.42
564 0.42
565 0.42
566 0.42
567 0.42
568 0.42
569 0.42
570 0.42
571 0.42
572 0.42
573 0.43
574 0.43
575 0.43
576 0.44
577 0.43
578 0.43
579 0.43
580 0.43
581 0.42
582 0.43
583 0.42
584 0.40
585 0.38
586 0.37
587 0.37
588 0.36
589 0.36
590 0.36
591 0.36
592 0.35
593 0.34
594 0.35
595 0.36
596 0.34
597 0.35
598 0.35
599 0.34
600 0.36
601 0.37
602 0.38
603 0.38
604 0.38
605 0.40
606 0.41
607 0.41
608 0.41
609 0.41
610 0.40
611 0.39
612 0.40
613 0.40
614 0.40
615 0.40
616 0.42
617 0.41
618 0.40
619 0.41
620 0.40
621 0.39
622 0.39
623 0.39
624 0.39
625 0.37
626 0.37
627 0.37
628 0.37
629 0.37
630 0.38
631 0.38
632 0.37
633 0.37
634 0.36
635 0.36
636 0.36
637 0.36
638 0.36
639 0.36
640 0.37
641 0.38
642 0.38
643 0.38
644 0.38
645 0.39
646 0.39
647 0.39
648 0.39
649 0.39
650 0.39
651 0.39
652 0.40
653 0.40
654 0.41
655 0.40
656 0.39
657 0.38
658 0.40
659 0.40
660 0.40
661 0.40
662 0.39
663 0.39
664 0.39
665 0.40
666 0.40
667 0.41
668 0.41
669 0.41
670 0.42
671 0.42
672 0.41
673 0.40
674 0.41
675 0.42
676 0.43
677 0.42
678 0.42
679 0.42
680 0.43
681 0.43
682 0.43
683 0.43
684 0.44
685 0.44
686 0.44
687 0.44
688 0.43
689 0.43
690 0.43
691 0.43
692 0.43
693 0.44
694 0.44
695 0.43
696 0.43
697 0.44
698 0.44
699 0.42
700 0.42
701 0.41
702 0.41
703 0.41
704 0.41
705 0.41
706 0.41
707 0.39
708 0.40
709 0.41
710 0.41
711 0.40
712 0.40
713 0.40
714 0.39
715 0.40
716 0.40
717 0.40
718 0.38
719 0.40
720 0.40
721 0.40
722 0.40
723 0.40
724 0.39
725 0.39
726 0.39
727 0.39
728 0.38
729 0.38
730 0.38
731 0.39
732 0.39
733 0.39
734 0.40
735 0.40
736 0.39
737 0.39
738 0.40
739 0.40
740 0.41
741 0.40
742 0.41
743 0.41
744 0.41
745 0.41
746 0.42
747 0.43
748 0.44
749 0.44
750 0.44
751 0.44
752 0.45
753 0.42
754 0.41
755 0.40
756 0.41
757 0.41
758 0.40
759 0.40
760 0.40
761 0.42
762 0.40
763 0.40
764 0.40
765 0.40
766 0.40
767 0.40
768 0.40
769 0.40
770 0.41
771 0.41
772 0.41
773 0.43
774 0.43
775 0.43
776 0.44
777 0.43
778 0.43
779 0.43
780 0.43
781 0.42
782 0.43
783 0.42
784 0.42
785 0.40
786 0.39
787 0.39
788 0.38
789 0.38
790 0.38
791 0.38
792 0.37
793 0.37
794 0.38
795 0.38
796 0.36
797 0.37
798 0.37
799 0.36
800 0.39
801 0.40
802 0.39
803 0.40
804 0.40
805 0.43
806 0.42
807 0.42
808 0.42
809 0.42
810 0.42
811 0.42
812 0.41
813 0.42
814 0.41
815 0.40
816 0.40
817 0.40
818 0.39
819 0.41
820 0.41
821 0.41
822 0.42
823 0.42
824 0.42
825 0.42
826 0.42
827 0.41
828 0.41
829 0.41
830 0.40
831 0.40
832 0.42
833 0.42
834 0.41
835 0.42
836 0.42
837 0.43
838 0.43
839 0.43
840 0.42
841 0.43
842 0.43
843 0.43
844 0.42
845 0.42
846 0.42
847 0.42
848 0.41
849 0.42
850 0.43
851 0.43
852 0.43
853 0.43
854 0.44
855 0.43
856 0.43
857 0.43
858 0.42
859 0.42
860 0.42
861 0.42
862 0.41
863 0.41
864 0.42
865 0.42
866 0.42
867 0.42
868 0.42
869 0.40
870 0.40
871 0.40
872 0.40
873 0.40
874 0.40
875 0.41
876 0.41
877 0.41
878 0.41
879 0.41
880 0.41
881 0.41
882 0.42
883 0.42
884 0.42
885 0.42
886 0.43
887 0.43
888 0.44
889 0.46
890 0.45
891 0.45
892 0.45
893 0.45
894 0.44
895 0.44
896 0.44
897 0.44
898 0.45
899 0.44
900 0.44
901 0.44
902 0.44
903 0.43
904 0.43
905 0.43
906 0.43
907 0.43
908 0.43
909 0.43
910 0.43
911 0.43
912 0.43
913 0.42
914 0.43
915 0.44
916 0.44
917 0.44
918 0.43
919 0.43
920 0.42
921 0.42
922 0.42
923 0.43
924 0.42
925 0.42
926 0.41
927 0.41
928 0.41
929 0.41
930 0.41
931 0.41
932 0.42
933 0.42
934 0.43
935 0.43
936 0.43
937 0.43
938 0.43
939 0.42
940 0.43
941 0.43
942 0.43
943 0.43
944 0.44
945 0.43
946 0.44
947 0.45
948 0.45
949 0.45
950 0.45
951 0.45
952 0.45
953 0.44
954 0.43
955 0.43
956 0.43
957 0.43
958 0.43
959 0.44
960 0.44
961 0.44
962 0.44
963 0.44
964 0.44
965 0.44
966 0.44
967 0.44
968 0.44
969 0.42
970 0.43
971 0.43
972 0.43
973 0.44
974 0.43
975 0.43
976 0.43
977 0.43
978 0.43
979 0.43
980 0.42
981 0.41
982 0.42
983 0.41
984 0.40
985 0.38
986 0.38
987 0.38
988 0.39
989 0.40
990 0.40
991 0.40
992 0.39
993 0.38
994 0.39
995 0.40
996 0.39
997 0.40
998 0.40
999 0.39
1000 0.44
1001 0.44
1002 0.44
1003 0.45
1004 0.45
1005 0.45
1006 0.45
1007 0.46
1008 0.46
1009 0.45
1010 0.45
1011 0.45
1012 0.45
1013 0.46
1014 0.45
1015 0.45
1016 0.45
1017 0.45
1018 0.45
1019 0.45
1020 0.45
1021 0.45
1022 0.45
1023 0.45
1024 0.46
1025 0.45
1026 0.45
1027 0.45
1028 0.45
1029 0.46
1030 0.45
1031 0.45
1032 0.45
1033 0.45
1034 0.45
1035 0.46
1036 0.46
1037 0.46
1038 0.46
1039 0.46
1040 0.46
1041 0.46
1042 0.46
1043 0.46
1044 0.46
1045 0.46
1046 0.46
1047 0.46
1048 0.45
1049 0.45
1050 0.45
1051 0.45
1052 0.46
1053 0.45
1054 0.46
1055 0.45
1056 0.45
1057 0.45
1058 0.45
1059 0.45
1060 0.46
1061 0.45
1062 0.45
1063 0.45
1064 0.45
1065 0.45
1066 0.45
1067 0.45
1068 0.45
1069 0.45
1070 0.45
1071 0.45
1072 0.44
1073 0.44
1074 0.44
1075 0.45
1076 0.45
1077 0.45
1078 0.45
1079 0.45
1080 0.45
1081 0.45
1082 0.45
1083 0.45
1084 0.46
1085 0.46
1086 0.46
1087 0.46
1088 0.46
1089 0.46
1090 0.46
1091 0.46
1092 0.47
1093 0.47
1094 0.47
1095 0.46
1096 0.46
1097 0.46
1098 0.47
1099 0.46
1100 0.46
1101 0.46
1102 0.46
1103 0.46
1104 0.45
1105 0.45
1106 0.46
1107 0.46
1108 0.46
1109 0.46
1110 0.46
1111 0.46
1112 0.46
1113 0.46
1114 0.46
1115 0.46
1116 0.46
1117 0.46
1118 0.45
1119 0.45
1120 0.46
1121 0.45
1122 0.45
1123 0.45
1124 0.45
1125 0.45
1126 0.45
1127 0.44
1128 0.44
1129 0.44
1130 0.44
1131 0.44
1132 0.44
1133 0.44
1134 0.44
1135 0.44
1136 0.45
1137 0.45
1138 0.45
1139 0.44
1140 0.45
1141 0.45
1142 0.45
1143 0.45
1144 0.45
1145 0.45
1146 0.45
1147 0.45
1148 0.45
1149 0.45
1150 0.46
1151 0.45
1152 0.45
1153 0.45
1154 0.45
1155 0.45
1156 0.45
1157 0.45
1158 0.45
1159 0.45
1160 0.45
1161 0.46
1162 0.46
1163 0.46
1164 0.45
1165 0.46
1166 0.46
1167 0.46
1168 0.45
1169 0.45
1170 0.45
1171 0.45
1172 0.45
1173 0.45
1174 0.45
1175 0.45
1176 0.45
1177 0.45
1178 0.45
1179 0.45
1180 0.45
1181 0.45
1182 0.45
1183 0.45
1184 0.44
1185 0.45
1186 0.44
1187 0.44
1188 0.44
1189 0.44
1190 0.44
1191 0.45
1192 0.44
1193 0.44
1194 0.44
1195 0.45
1196 0.44
1197 0.44
1198 0.44
1199 0.44
1200 0.44
1201 0.44
1202 0.44
1203 0.45
1204 0.45
1205 0.45
1206 0.45
1207 0.46
1208 0.46
1209 0.45
1210 0.45
1211 0.45
1212 0.45
1213 0.46
1214 0.45
1215 0.45
1216 0.45
1217 0.45
1218 0.45
1219 0.45
1220 0.45
1221 0.45
1222 0.45
1223 0.45
1224 0.46
1225 0.45
1226 0.45
1227 0.45
1228 0.45
1229 0.46
1230 0.45
1231 0.45
1232 0.45
1233 0.45
1234 0.45
1235 0.46
1236 0.46
1237 0.46
1238 0.46
1239 0.46
1240 0.46
1241 0.46
1242 0.46
1243 0.46
1244 0.46
1245 0.46
1246 0.46
1247 0.46
1248 0.45
1249 0.45
1250 0.45
1251 0.45
1252 0.46
1253 0.45
1254 0.46
1255 0.45
1256 0.45
1257 0.45
1258 0.45
1259 0.45
1260 0.46
1261 0.45
1262 0.45
1263 0.45
1264 0.45
1265 0.45
1266 0.45
1267 0.45
1268 0.45
1269 0.45
1270 0.45
1271 0.45
1272 0.44
1273 0.44
1274 0.44
1275 0.45
1276 0.45
1277 0.45
1278 0.45
1279 0.45
1280 0.45
1281 0.45
1282 0.45
1283 0.45
1284 0.46
1285 0.46
1286 0.46
1287 0.46
1288 0.46
1289 0.46
1290 0.46
1291 0.46
1292 0.47
1293 0.47
1294 0.47
1295 0.46
1296 0.46
1297 0.46
1298 0.47
1299 0.46
1300 0.46
1301 0.46
1302 0.46
1303 0.46
1304 0.45
1305 0.45
1306 0.46
1307 0.45
1308 0.46
1309 0.46
1310 0.46
1311 0.46
1312 0.46
1313 0.46
1314 0.46
1315 0.46
1316 0.46
1317 0.46
1318 0.45
1319 0.45
1320 0.45
1321 0.45
1322 0.45
1323 0.44
1324 0.45
1325 0.45
1326 0.45
1327 0.44
1328 0.44
1329 0.44
1330 0.44
1331 0.44
1332 0.44
1333 0.44
1334 0.44
1335 0.44
1336 0.45
1337 0.45
1338 0.45
1339 0.44
1340 0.45
1341 0.45
1342 0.45
1343 0.45
1344 0.45
1345 0.45
1346 0.45
1347 0.45
1348 0.45
1349 0.45
1350 0.46
1351 0.45
1352 0.45
1353 0.45
1354 0.45
1355 0.45
1356 0.45
1357 0.45
1358 0.45
1359 0.45
1360 0.45
1361 0.46
1362 0.46
1363 0.46
1364 0.45
1365 0.46
1366 0.46
1367 0.46
1368 0.45
1369 0.45
1370 0.45
1371 0.45
1372 0.45
1373 0.45
1374 0.45
1375 0.45
1376 0.45
1377 0.45
1378 0.45
1379 0.45
1380 0.45
1381 0.45
1382 0.45
1383 0.45
1384 0.44
1385 0.45
1386 0.44
1387 0.44
1388 0.44
1389 0.44
1390 0.44
1391 0.45
1392 0.44
1393 0.44
1394 0.44
1395 0.45
1396 0.44
1397 0.44
1398 0.44
1399 0.44
1400 0.46
1401 0.46
1402 0.46
1403 0.46
1404 0.45
1405 0.45
1406 0.45
1407 0.46
1408 0.46
1409 0.46
1410 0.46
1411 0.46
1412 0.46
1413 0.46
1414 0.46
1415 0.46
1416 0.46
1417 0.45
1418 0.45
1419 0.45
1420 0.45
1421 0.45
1422 0.45
1423 0.45
1424 0.46
1425 0.45
1426 0.45
1427 0.45
1428 0.45
1429 0.46
1430 0.45
1431 0.45
1432 0.45
1433 0.45
1434 0.45
1435 0.46
1436 0.46
1437 0.46
1438 0.46
1439 0.46
1440 0.46
1441 0.46
1442 0.46
1443 0.46
1444 0.46
1445 0.46
1446 0.46
1447 0.46
1448 0.46
1449 0.46
1450 0.46
1451 0.46
1452 0.46
1453 0.46
1454 0.46
1455 0.46
1456 0.46
1457 0.46
1458 0.46
1459 0.46
1460 0.46
1461 0.46
1462 0.46
1463 0.46
1464 0.46
1465 0.46
1466 0.46
1467 0.46
1468 0.45
1469 0.45
1470 0.46
1471 0.45
1472 0.45
1473 0.45
1474 0.45
1475 0.45
1476 0.45
1477 0.45
1478 0.46
1479 0.46
1480 0.46
1481 0.46
1482 0.46
1483 0.46
1484 0.47
1485 0.47
1486 0.47
1487 0.47
1488 0.47
1489 0.47
1490 0.47
1491 0.47
1492 0.47
1493 0.47
1494 0.47
1495 0.47
1496 0.47
1497 0.47
1498 0.47
1499 0.47
1500 0.47
1501 0.47
1502 0.47
1503 0.47
1504 0.47
1505 0.47
1506 0.46
1507 0.46
1508 0.46
1509 0.46
1510 0.47
1511 0.47
1512 0.47
1513 0.46
1514 0.46
1515 0.47
1516 0.47
1517 0.47
1518 0.47
1519 0.46
1520 0.46
1521 0.47
1522 0.46
1523 0.46
1524 0.46
1525 0.46
1526 0.46
1527 0.45
1528 0.45
1529 0.45
1530 0.45
1531 0.45
1532 0.45
1533 0.45
1534 0.45
1535 0.45
1536 0.45
1537 0.46
1538 0.46
1539 0.46
1540 0.46
1541 0.46
1542 0.46
1543 0.46
1544 0.47
1545 0.46
1546 0.46
1547 0.46
1548 0.46
1549 0.46
1550 0.47
1551 0.46
1552 0.46
1553 0.46
1554 0.46
1555 0.46
1556 0.46
1557 0.46
1558 0.45
1559 0.45
1560 0.45
1561 0.46
1562 0.46
1563 0.46
1564 0.46
1565 0.46
1566 0.46
1567 0.47
1568 0.47
1569 0.47
1570 0.47
1571 0.46
1572 0.46
1573 0.47
1574 0.47
1575 0.47
1576 0.47
1577 0.47
1578 0.47
1579 0.47
1580 0.47
1581 0.47
1582 0.47
1583 0.46
1584 0.47
1585 0.47
1586 0.47
1587 0.46
1588 0.46
1589 0.46
1590 0.46
1591 0.46
1592 0.46
1593 0.46
1594 0.46
1595 0.46
1596 0.46
1597 0.46
1598 0.46
1599 0.46
1600 0.44
1601 0.44
1602 0.44
1603 0.44
1604 0.44
1605 0.44
1606 0.44
1607 0.46
1608 0.46
1609 0.46
1610 0.46
1611 0.46
1612 0.46
1613 0.46
1614 0.46
1615 0.45
1616 0.46
1617 0.45
1618 0.45
1619 0.45
1620 0.45
1621 0.45
1622 0.45
1623 0.45
1624 0.46
1625 0.45
1626 0.45
1627 0.45
1628 0.45
1629 0.46
1630 0.45
1631 0.45
1632 0.45
1633 0.45
1634 0.45
1635 0.46
1636 0.46
1637 0.46
1638 0.46
1639 0.46
1640 0.46
1641 0.46
1642 0.46
1643 0.46
1644 0.46
1645 0.46
1646 0.46
1647 0.46
1648 0.46
1649 0.46
1650 0.47
1651 0.47
1652 0.47
1653 0.47
1654 0.47
1655 0.46
1656 0.47
1657 0.46
1658 0.46
1659 0.46
1660 0.47
1661 0.47
1662 0.46
1663 0.46
1664 0.46
1665 0.46
1666 0.46
1667 0.46
1668 0.45
1669 0.45
1670 0.46
1671 0.44
1672 0.44
1673 0.44
1674 0.44
1675 0.44
1676 0.44
1677 0.44
1678 0.44
1679 0.44
1680 0.44
1681 0.44
1682 0.44
1683 0.45
1684 0.45
1685 0.45
1686 0.46
1687 0.46
1688 0.46
1689 0.46
1690 0.45
1691 0.47
1692 0.47
1693 0.47
1694 0.47
1695 0.47
1696 0.47
1697 0.47
1698 0.47
1699 0.47
1700 0.47
1701 0.47
1702 0.47
1703 0.47
1704 0.47
1705 0.47
1706 0.46
1707 0.46
1708 0.46
1709 0.47
1710 0.47
1711 0.47
1712 0.47
1713 0.46
1714 0.47
1715 0.47
1716 0.47
1717 0.47
1718 0.47
1719 0.46
1720 0.46
1721 0.47
1722 0.46
1723 0.46
1724 0.46
1725 0.46
1726 0.46
1727 0.45
1728 0.45
1729 0.45
1730 0.45
1731 0.45
1732 0.45
1733 0.45
1734 0.45
1735 0.45
1736 0.45
1737 0.46
1738 0.46
1739 0.46
1740 0.46
1741 0.46
1742 0.46
1743 0.46
1744 0.47
1745 0.44
1746 0.45
1747 0.45
1748 0.45
1749 0.45
1750 0.45
1751 0.45
1752 0.45
1753 0.45
1754 0.44
1755 0.44
1756 0.44
1757 0.44
1758 0.44
1759 0.44
1760 0.44
1761 0.44
1762 0.44
1763 0.45
1764 0.44
1765 0.46
1766 0.46
1767 0.47
1768 0.47
1769 0.47
1770 0.47
1771 0.46
1772 0.46
1773 0.47
1774 0.47
1775 0.47
1776 0.47
1777 0.47
1778 0.47
1779 0.47
1780 0.47
1781 0.47
1782 0.47
1783 0.46
1784 0.47
1785 0.46
1786 0.46
1787 0.44
1788 0.44
1789 0.44
1790 0.44
1791 0.45
1792 0.45
1793 0.44
1794 0.44
1795 0.45
1796 0.44
1797 0.44
1798 0.44
1799 0.44
1800 0.45
1801 0.45
1802 0.45
1803 0.45
1804 0.44
1805 0.44
1806 0.44
1807 0.46
1808 0.46
1809 0.46
1810 0.46
1811 0.46
1812 0.46
1813 0.46
1814 0.46
1815 0.45
1816 0.46
1817 0.45
1818 0.45
1819 0.45
1820 0.45
1821 0.45
1822 0.45
1823 0.45
1824 0.46
1825 0.45
1826 0.45
1827 0.45
1828 0.45
1829 0.46
1830 0.45
1831 0.45
1832 0.45
1833 0.45
1834 0.45
1835 0.46
1836 0.46
1837 0.46
1838 0.46
1839 0.46
1840 0.46
1841 0.46
1842 0.46
1843 0.46
1844 0.46
1845 0.46
1846 0.46
1847 0.46
1848 0.46
1849 0.46
1850 0.47
1851 0.47
1852 0.47
1853 0.47
1854 0.47
1855 0.46
1856 0.47
1857 0.46
1858 0.46
1859 0.46
1860 0.47
1861 0.47
1862 0.46
1863 0.46
1864 0.46
1865 0.46
1866 0.46
1867 0.46
1868 0.45
1869 0.45
1870 0.46
1871 0.44
1872 0.44
1873 0.44
1874 0.44
1875 0.44
1876 0.44
1877 0.44
1878 0.45
1879 0.45
1880 0.45
1881 0.45
1882 0.45
1883 0.45
1884 0.46
1885 0.46
1886 0.46
1887 0.46
1888 0.46
1889 0.46
1890 0.46
1891 0.47
1892 0.47
1893 0.47
1894 0.47
1895 0.47
1896 0.47
1897 0.47
1898 0.47
1899 0.47
1900 0.47
1901 0.47
1902 0.47
1903 0.47
1904 0.47
1905 0.47
1906 0.46
1907 0.46
1908 0.46
1909 0.47
1910 0.47
1911 0.47
1912 0.47
1913 0.46
1914 0.47
1915 0.47
1916 0.47
1917 0.47
1918 0.47
1919 0.46
1920 0.46
1921 0.47
1922 0.46
1923 0.46
1924 0.46
1925 0.46
1926 0.46
1927 0.45
1928 0.45
1929 0.45
1930 0.45
1931 0.46
1932 0.46
1933 0.46
1934 0.46
1935 0.46
1936 0.46
1937 0.46
1938 0.46
1939 0.46
1940 0.46
1941 0.46
1942 0.47
1943 0.47
1944 0.47
1945 0.46
1946 0.46
1947 0.46
1948 0.46
1949 0.46
1950 0.46
1951 0.46
1952 0.46
1953 0.46
1954 0.46
1955 0.46
1956 0.46
1957 0.45
1958 0.45
1959 0.45
1960 0.45
1961 0.45
1962 0.46
1963 0.46
1964 0.46
1965 0.47
1966 0.47
1967 0.47
1968 0.47
1969 0.47
1970 0.47
1971 0.46
1972 0.46
1973 0.47
1974 0.47
1975 0.47
1976 0.47
1977 0.47
1978 0.47
1979 0.47
1980 0.47
1981 0.47
1982 0.47
1983 0.46
1984 0.47
1985 0.47
1986 0.47
1987 0.45
1988 0.45
1989 0.45
1990 0.45
1991 0.45
1992 0.45
1993 0.45
1994 0.45
1995 0.45
1996 0.45
1997 0.45
1998 0.45
1999 0.45
2000 0.43
2001 0.43
2002 0.43
2003 0.43
2004 0.43
2005 0.43
2006 0.43
2007 0.43
2008 0.43
2009 0.42
2010 0.43
2011 0.43
2012 0.43
2013 0.43
2014 0.43
2015 0.43
2016 0.43
2017 0.43
2018 0.43
2019 0.43
2020 0.43
2021 0.43
2022 0.42
2023 0.42
2024 0.43
2025 0.43
2026 0.43
2027 0.43
2028 0.43
2029 0.42
2030 0.42
2031 0.43
2032 0.43
2033 0.43
2034 0.42
2035 0.42
2036 0.43
2037 0.43
2038 0.43
2039 0.43
2040 0.42
2041 0.42
2042 0.43
2043 0.43
2044 0.42
2045 0.42
2046 0.43
2047 0.43
2048 0.43
2049 0.44
2050 0.44
2051 0.44
2052 0.44
2053 0.44
2054 0.44
2055 0.44
2056 0.44
2057 0.44
2058 0.44
2059 0.44
2060 0.44
2061 0.45
2062 0.44
2063 0.44
2064 0.44
2065 0.44
2066 0.44
2067 0.44
2068 0.43
2069 0.43
2070 0.43
2071 0.43
2072 0.43
2073 0.43
2074 0.43
2075 0.43
2076 0.43
2077 0.43
2078 0.43
2079 0.43
2080 0.43
2081 0.42
2082 0.43
2083 0.43
2084 0.43
2085 0.43
2086 0.44
2087 0.44
2088 0.44
2089 0.44
2090 0.44
2091 0.44
2092 0.44
2093 0.44
2094 0.44
2095 0.44
2096 0.43
2097 0.44
2098 0.44
2099 0.44
2100 0.44
2101 0.44
2102 0.44
2103 0.44
2104 0.45
2105 0.45
2106 0.44
2107 0.44
2108 0.44
2109 0.43
2110 0.44
2111 0.44
2112 0.43
2113 0.43
2114 0.43
2115 0.43
2116 0.44
2117 0.44
2118 0.44
2119 0.44
2120 0.43
2121 0.43
2122 0.43
2123 0.43
2124 0.42
2125 0.42
2126 0.42
2127 0.43
2128 0.43
2129 0.42
2130 0.42
2131 0.42
2132 0.43
2133 0.43
2134 0.43
2135 0.43
2136 0.43
2137 0.43
2138 0.43
2139 0.43
2140 0.43
2141 0.43
2142 0.44
2143 0.44
2144 0.44
2145 0.44
2146 0.44
2147 0.44
2148 0.44
2149 0.44
2150 0.44
2151 0.44
2152 0.44
2153 0.44
2154 0.44
2155 0.44
2156 0.44
2157 0.43
2158 0.43
2159 0.43
2160 0.43
2161 0.43
2162 0.43
2163 0.43
2164 0.43
2165 0.43
2166 0.43
2167 0.44
2168 0.44
2169 0.44
2170 0.44
2171 0.44
2172 0.44
2173 0.44
2174 0.44
2175 0.44
2176 0.44
2177 0.44
2178 0.44
2179 0.44
2180 0.45
2181 0.45
2182 0.45
2183 0.45
2184 0.45
2185 0.44
2186 0.44
2187 0.44
2188 0.44
2189 0.44
2190 0.44
2191 0.44
2192 0.44
2193 0.44
2194 0.44
2195 0.43
2196 0.43
2197 0.44
2198 0.43
2199 0.43
2200 0.46
2201 0.46
2202 0.46
2203 0.46
2204 0.45
2205 0.45
2206 0.45
2207 0.46
2208 0.46
2209 0.46
2210 0.46
2211 0.46
2212 0.46
2213 0.46
2214 0.46
2215 0.46
2216 0.46
2217 0.45
2218 0.45
2219 0.45
2220 0.45
2221 0.45
2222 0.45
2223 0.45
2224 0.46
2225 0.45
2226 0.45
2227 0.45
2228 0.45
2229 0.46
2230 0.45
2231 0.45
2232 0.45
2233 0.45
2234 0.45
2235 0.46
2236 0.46
2237 0.46
2238 0.46
2239 0.46
2240 0.46
2241 0.46
2242 0.46
2243 0.46
2244 0.46
2245 0.46
2246 0.46
2247 0.46
2248 0.46
2249 0.46
2250 0.46
2251 0.46
2252 0.46
2253 0.46
2254 0.46
2255 0.46
2256 0.46
2257 0.46
2258 0.46
2259 0.46
2260 0.46
2261 0.46
2262 0.46
2263 0.46
2264 0.46
2265 0.46
2266 0.46
2267 0.46
2268 0.45
2269 0.45
2270 0.46
2271 0.45
2272 0.45
2273 0.45
2274 0.45
2275 0.45
2276 0.45
2277 0.45
2278 0.46
2279 0.46
2280 0.46
2281 0.46
2282 0.46
2283 0.46
2284 0.47
2285 0.47
2286 0.47
2287 0.47
2288 0.47
2289 0.47
2290 0.47
2291 0.47
2292 0.47
2293 0.47
2294 0.47
2295 0.47
2296 0.47
2297 0.47
2298 0.47
2299 0.47
2300 0.47
2301 0.47
2302 0.47
2303 0.47
2304 0.47
2305 0.47
2306 0.46
2307 0.46
2308 0.46
2309 0.47
2310 0.47
2311 0.47
2312 0.47
2313 0.46
2314 0.47
2315 0.47
2316 0.47
2317 0.47
2318 0.47
2319 0.46
2320 0.46
2321 0.47
2322 0.46
2323 0.46
2324 0.46
2325 0.46
2326 0.46
2327 0.45
2328 0.45
2329 0.45
2330 0.44
2331 0.45
2332 0.45
2333 0.45
2334 0.45
2335 0.45
2336 0.45
2337 0.45
2338 0.45
2339 0.46
2340 0.46
2341 0.46
2342 0.46
2343 0.46
2344 0.46
2345 0.46
2346 0.46
2347 0.46
2348 0.46
2349 0.46
2350 0.47
2351 0.46
2352 0.46
2353 0.44
2354 0.44
2355 0.44
2356 0.44
2357 0.43
2358 0.43
2359 0.43
2360 0.43
2361 0.43
2362 0.44
2363 0.44
2364 0.44
2365 0.44
2366 0.44
2367 0.45
2368 0.45
2369 0.44
2370 0.44
2371 0.44
2372 0.44
2373 0.47
2374 0.47
2375 0.47
2376 0.47
2377 0.47
2378 0.47
2379 0.47
2380 0.47
2381 0.47
2382 0.47
2383 0.46
2384 0.47
2385 0.47
2386 0.47
2387 0.46
2388 0.46
2389 0.46
2390 0.46
2391 0.46
2392 0.46
2393 0.46
2394 0.46
2395 0.46
2396 0.46
2397 0.46
2398 0.46
2399 0.46
2400 0.43
2401 0.43
2402 0.43
2403 0.44
2404 0.44
2405 0.44
2406 0.44
2407 0.44
2408 0.44
2409 0.44
2410 0.44
2411 0.44
2412 0.44
2413 0.44
2414 0.44
2415 0.44
2416 0.44
2417 0.44
2418 0.44
2419 0.44
2420 0.44
2421 0.43
2422 0.43
2423 0.44
2424 0.44
2425 0.44
2426 0.44
2427 0.44
2428 0.44
2429 0.44
2430 0.44
2431 0.43
2432 0.43
2433 0.43
2434 0.44
2435 0.44
2436 0.44
2437 0.44
2438 0.44
2439 0.44
2440 0.44
2441 0.44
2442 0.44
2443 0.44
2444 0.44
2445 0.44
2446 0.44
2447 0.44
2448 0.44
2449 0.44
2450 0.44
2451 0.45
2452 0.45
2453 0.45
2454 0.45
2455 0.44
2456 0.45
2457 0.44
2458 0.44
2459 0.44
2460 0.45
2461 0.45
2462 0.44
2463 0.44
2464 0.44
2465 0.44
2466 0.44
2467 0.44
2468 0.44
2469 0.44
2470 0.44
2471 0.44
2472 0.44
2473 0.44
2474 0.44
2475 0.44
2476 0.44
2477 0.44
2478 0.44
2479 0.44
2480 0.44
2481 0.44
2482 0.44
2483 0.45
2484 0.45
2485 0.45
2486 0.45
2487 0.45
2488 0.46
2489 0.45
2490 0.45
2491 0.45
2492 0.45
2493 0.46
2494 0.45
2495 0.45
2496 0.45
2497 0.45
2498 0.45
2499 0.45
2500 0.45
2501 0.45
2502 0.45
2503 0.45
2504 0.45
2505 0.45
2506 0.45
2507 0.44
2508 0.44
2509 0.44
2510 0.45
2511 0.45
2512 0.45
2513 0.44
2514 0.45
2515 0.45
2516 0.45
2517 0.45
2518 0.45
2519 0.44
2520 0.44
2521 0.44
2522 0.44
2523 0.44
2524 0.44
2525 0.44
2526 0.44
2527 0.44
2528 0.44
2529 0.44
2530 0.42
2531 0.42
2532 0.42
2533 0.42
2534 0.42
2535 0.42
2536 0.42
2537 0.42
2538 0.42
2539 0.43
2540 0.43
2541 0.43
2542 0.43
2543 0.43
2544 0.43
2545 0.43
2546 0.43
2547 0.43
2548 0.43
2549 0.43
2550 0.45
2551 0.44
2552 0.45
2553 0.43
2554 0.43
2555 0.43
2556 0.43
2557 0.43
2558 0.43
2559 0.43
2560 0.43
2561 0.43
2562 0.43
2563 0.43
2564 0.43
2565 0.44
2566 0.44
2567 0.44
2568 0.44
2569 0.44
2570 0.44
2571 0.43
2572 0.43
2573 0.45
2574 0.45
2575 0.45
2576 0.45
2577 0.45
2578 0.45
2579 0.45
2580 0.45
2581 0.45
2582 0.45
2583 0.44
2584 0.44
2585 0.44
2586 0.44
2587 0.43
2588 0.43
2589 0.43
2590 0.43
2591 0.43
2592 0.43
2593 0.43
2594 0.43
2595 0.43
2596 0.43
2597 0.43
2598 0.43
2599 0.43
2600 0.44
2601 0.44
2602 0.44
2603 0.44
2604 0.43
2605 0.43
2606 0.43
2607 0.43
2608 0.44
2609 0.44
2610 0.44
2611 0.44
2612 0.44
2613 0.44
2614 0.44
2615 0.44
2616 0.44
2617 0.44
2618 0.44
2619 0.44
2620 0.44
2621 0.44
2622 0.44
2623 0.44
2624 0.44
2625 0.44
2626 0.44
2627 0.44
2628 0.44
2629 0.44
2630 0.44
2631 0.44
2632 0.44
2633 0.44
2634 0.44
2635 0.44
2636 0.44
2637 0.44
2638 0.44
2639 0.44
2640 0.44
2641 0.44
2642 0.44
2643 0.44
2644 0.44
2645 0.44
2646 0.44
2647 0.44
2648 0.44
2649 0.44
2650 0.44
2651 0.44
2652 0.44
2653 0.44
2654 0.44
2655 0.44
2656 0.44
2657 0.44
2658 0.44
2659 0.44
2660 0.44
2661 0.44
2662 0.44
2663 0.44
2664 0.44
2665 0.44
2666 0.44
2667 0.44
2668 0.44
2669 0.44
2670 0.44
2671 0.44
2672 0.43
2673 0.44
2674 0.44
2675 0.44
2676 0.44
2677 0.44
2678 0.44
2679 0.44
2680 0.44
2681 0.44
2682 0.44
2683 0.45
2684 0.45
2685 0.45
2686 0.46
2687 0.46
2688 0.46
2689 0.46
2690 0.45
2691 0.45
2692 0.45
2693 0.46
2694 0.45
2695 0.45
2696 0.45
2697 0.45
2698 0.45
2699 0.45
2700 0.45
2701 0.45
2702 0.45
2703 0.45
2704 0.44
2705 0.44
2706 0.44
2707 0.44
2708 0.44
2709 0.44
2710 0.44
2711 0.44
2712 0.44
2713 0.44
2714 0.44
2715 0.44
2716 0.44
2717 0.44
2718 0.44
2719 0.44
2720 0.44
2721 0.44
2722 0.44
2723 0.43
2724 0.43
2725 0.43
2726 0.44
2727 0.43
2728 0.43
2729 0.44
2730 0.44
2731 0.44
2732 0.44
2733 0.44
2734 0.44
2735 0.44
2736 0.44
2737 0.44
2738 0.45
2739 0.45
2740 0.45
2741 0.45
2742 0.45
2743 0.45
2744 0.45
2745 0.45
2746 0.45
2747 0.45
2748 0.45
2749 0.45
2750 0.45
2751 0.44
2752 0.44
2753 0.44
2754 0.44
2755 0.44
2756 0.44
2757 0.44
2758 0.43
2759 0.43
2760 0.43
2761 0.44
2762 0.44
2763 0.44
2764 0.44
2765 0.45
2766 0.45
2767 0.45
2768 0.45
2769 0.45
2770 0.45
2771 0.44
2772 0.45
2773 0.45
2774 0.45
2775 0.45
2776 0.45
2777 0.45
2778 0.46
2779 0.46
2780 0.45
2781 0.45
2782 0.45
2783 0.45
2784 0.45
2785 0.45
2786 0.45
2787 0.45
2788 0.45
2789 0.44
2790 0.44
2791 0.45
2792 0.44
2793 0.44
2794 0.44
2795 0.44
2796 0.44
2797 0.44
2798 0.44
2799 0.44
2800 0.46
2801 0.46
2802 0.46
2803 0.46
2804 0.45
2805 0.45
2806 0.45
2807 0.46
2808 0.46
2809 0.46
2810 0.46
2811 0.46
2812 0.46
2813 0.46
2814 0.46
2815 0.46
2816 0.46
2817 0.45
2818 0.45
2819 0.45
2820 0.45
2821 0.45
2822 0.45
2823 0.45
2824 0.46
2825 0.45
2826 0.45
2827 0.45
2828 0.45
2829 0.46
2830 0.45
2831 0.45
2832 0.45
2833 0.45
2834 0.45
2835 0.46
2836 0.46
2837 0.46
2838 0.46
2839 0.46
2840 0.46
2841 0.46
2842 0.46
2843 0.46
2844 0.46
2845 0.46
2846 0.46
2847 0.46
2848 0.46
2849 0.46
2850 0.46
2851 0.46
2852 0.46
2853 0.46
2854 0.46
2855 0.46
2856 0.46
2857 0.46
2858 0.46
2859 0.46
2860 0.46
2861 0.46
2862 0.46
2863 0.46
2864 0.46
2865 0.46
2866 0.46
2867 0.46
2868 0.45
2869 0.45
2870 0.46
2871 0.45
2872 0.45
2873 0.45
2874 0.45
2875 0.45
2876 0.45
2877 0.45
2878 0.46
2879 0.46
2880 0.46
2881 0.46
2882 0.46
2883 0.46
2884 0.47
2885 0.47
2886 0.47
2887 0.47
2888 0.47
2889 0.47
2890 0.47
2891 0.47
2892 0.47
2893 0.47
2894 0.47
2895 0.47
2896 0.47
2897 0.47
2898 0.47
2899 0.47
2900 0.47
2901 0.47
2902 0.47
2903 0.47
2904 0.47
2905 0.47
2906 0.46
2907 0.46
2908 0.46
2909 0.47
2910 0.47
2911 0.47
2912 0.47
2913 0.46
2914 0.47
2915 0.47
2916 0.47
2917 0.47
2918 0.47
2919 0.46
2920 0.46
2921 0.47
2922 0.46
2923 0.46
2924 0.46
2925 0.46
2926 0.46
2927 0.45
2928 0.45
2929 0.45
2930 0.45
2931 0.45
2932 0.45
2933 0.46
2934 0.46
2935 0.46
2936 0.46
2937 0.46
2938 0.46
2939 0.46
2940 0.46
2941 0.46
2942 0.47
2943 0.47
2944 0.47
2945 0.46
2946 0.46
2947 0.46
2948 0.46
2949 0.46
2950 0.47
2951 0.46
2952 0.46
2953 0.46
2954 0.46
2955 0.46
2956 0.46
2957 0.46
2958 0.46
2959 0.46
2960 0.46
2961 0.46
2962 0.46
2963 0.46
2964 0.46
2965 0.47
2966 0.47
2967 0.47
2968 0.47
2969 0.47
2970 0.47
2971 0.47
2972 0.47
2973 0.47
2974 0.47
2975 0.47
2976 0.47
2977 0.47
2978 0.47
2979 0.47
2980 0.47
2981 0.47
2982 0.47
2983 0.47
2984 0.47
2985 0.47
2986 0.47
2987 0.46
2988 0.46
2989 0.46
2990 0.46
2991 0.46
2992 0.46
2993 0.46
2994 0.46
2995 0.46
2996 0.46
2997 0.46
2998 0.46
2999 0.46
