0 -0.28
1 -0.26
2 -0.32
3 -0.07
4 -0.21
5 -0.36
6 -0.16
7 -0.26
8 -0.21
9 -0.00
10 -0.28
11 -0.17
12 -0.29
13 -0.16
14 -0.16
15 -0.08
16 -0.18
17 -0.08
18 -0.23
19 -0.06
20 -0.38
21 -0.05
22 -0.31
23 -0.28
24 -0.12
25 -0.25
26 -0.23
27 -0.13
28 -0.14
29 -0.17
30 -0.01
31 -0.09
32 -0.18
33 -0.20
34 -0.20
35 0.49
36 0.49
37 0.44
38 -0.29
39 0.44
40 -0.34
41 0.49
42 0.44
43 0.46
44 0.49
45 0.42
46 -0.34
47 0.46
48 -0.36
49 0.44
50 -0.12
51 0.49
52 0.49
53 0.49
54 0.46
55 0.46
56 -0.34
57 0.46
58 -0.28
59 0.44
60 0.49
61 -0.32
62 0.49
63 0.46
64 0.49
65 -0.34
66 -0.23
67 0.46
68 0.49
69 0.44
70 -0.34
71 -0.24
72 -0.28
73 -0.18
74 -0.28
75 -0.17
76 -0.16
77 -0.28
78 -0.12
79 -0.17
80 -0.17
81 -0.16
82 -0.31
83 -0.15
84 -0.31
85 -0.13
86 -0.16
87 0.49
88 -0.31
89 -0.31
90 -0.16
91 -0.31
92 -0.32
93 -0.16
94 -0.19
95 0.49
96 -0.34
97 -0.34
98 0.49
99 0.49
100 0.49
101 0.49
102 0.49
103 0.49
104 -0.29
105 -0.28
106 -0.13
107 0.49
108 -0.26
109 0.44
110 -0.29
111 0.49
112 -0.29
113 0.49
114 0.49
115 -0.12
116 -0.32
117 -0.29
118 0.49
119 0.49
120 0.44
121 -0.17
122 -0.10
123 0.49
124 0.49
125 -0.13
126 -0.11
127 0.38
128 0.49
129 0.49
130 0.42
131 -0.26
132 0.49
133 -0.12
134 0.49
135 0.49
136 0.49
137 0.49
138 -0.10
139 -0.23
140 0.44
141 0.49
142 0.49
143 -0.10
144 0.46
145 0.44
146 -0.36
147 0.49
148 -0.36
149 0.44
150 0.49
151 -0.28
152 0.49
153 -0.20
154 -0.18
155 0.44
156 0.49
157 0.49
158 0.49
159 -0.28
160 -0.10
161 -0.28
162 -0.34
163 -0.14
164 -0.28
165 0.49
166 0.49
167 0.49
168 0.44
169 -0.28
170 0.49
171 0.49
172 -0.28
173 -0.19
174 0.32
175 0.49
176 -0.09
177 0.49
178 0.46
179 0.49
180 -0.26
181 0.49
182 -0.24
183 0.49
184 0.46
185 -0.28
186 0.38
187 0.46
188 0.49
189 0.40
190 0.49
191 0.49
192 0.49
193 0.29
194 -0.29
195 -0.16
196 0.36
197 0.40
198 0.44
199 0.42
200 -0.28
201 0.49
202 0.49
203 0.46
204 0.46
205 0.49
206 0.42
207 -0.10
208 0.49
209 -0.26
210 0.42
211 -0.10
212 0.49
213 0.36
214 0.46
215 0.46
216 0.49
217 0.46
218 -0.29
219 0.44
220 -0.36
221 0.46
222 0.49
223 -0.26
224 0.44
225 0.44
226 -0.32
227 0.40
228 0.49
229 -0.25
230 0.49
231 -0.36
232 0.46
233 0.46
234 0.46
235 -0.08
236 -0.32
237 -0.40
238 0.49
239 0.49
240 -0.31
241 0.46
242 0.40
243 0.46
244 0.46
245 -0.14
246 0.49
247 -0.08
248 0.46
249 0.46
250 0.38
251 -0.29
252 0.44
253 -0.08
254 0.42
255 0.38
256 -0.29
257 0.49
258 -0.06
259 0.44
260 -0.11
261 0.49
262 0.46
263 0.46
264 0.44
265 0.49
266 -0.29
267 0.46
268 0.44
269 0.46
270 0.46
271 0.46
272 0.46
273 0.40
274 0.49
275 0.46
276 0.49
277 0.46
278 0.49
279 -0.10
280 0.44
281 0.42
282 0.46
283 -0.09
284 0.46
285 0.44
286 0.44
287 0.49
288 0.44
289 -0.32
290 0.44
291 0.46
292 0.38
293 0.42
294 0.49
295 0.44
296 -0.10
297 -0.10
298 -0.09
299 0.40
300 0.46
301 0.46
302 0.44
303 0.40
304 0.31
305 0.42
306 0.46
307 -0.24
308 -0.28
309 0.49
310 0.44
311 0.46
312 -0.12
313 0.49
314 0.46
315 -0.28
316 0.46
317 0.46
318 0.46
319 0.46
320 0.38
321 0.44
322 0.44
323 0.44
324 0.49
325 0.46
326 0.44
327 0.46
328 0.49
329 0.46
330 0.46
331 0.49
332 0.49
333 0.36
334 0.49
335 0.42
336 0.44
337 -0.26
338 0.40
339 0.44
340 0.44
341 0.49
342 0.42
343 0.42
344 0.49
345 -0.31
346 0.46
347 0.44
348 0.49
349 -0.17
350 0.46
351 0.46
352 0.46
353 0.49
354 0.38
355 0.42
356 0.44
357 0.44
358 0.49
359 0.49
360 0.46
361 0.44
362 -0.25
363 0.46
364 0.46
365 0.44
366 -0.36
367 0.46
368 0.49
369 0.49
370 0.46
371 0.49
372 0.42
373 0.49
374 0.49
375 -0.17
376 0.40
377 0.44
378 0.49
379 0.40
380 -0.38
381 0.44
382 0.42
383 0.49
384 0.42
385 0.46
386 0.42
387 0.49
388 0.49
389 0.40
390 0.42
391 0.46
392 0.36
393 0.44
394 0.49
395 0.49
396 0.49
397 0.46
398 0.49
399 0.42
400 0.46
401 0.46
402 -0.18
403 0.44
404 0.42
405 0.44
406 0.44
407 0.40
408 0.49
409 0.42
410 0.49
411 0.49
412 0.46
413 0.49
414 0.46
415 -0.26
416 0.46
417 0.49
418 0.49
419 0.44
420 0.49
421 0.49
422 0.49
423 0.40
424 0.46
425 0.42
426 0.46
427 0.38
428 0.42
429 0.44
430 0.40
431 0.42
432 0.44
433 0.46
434 0.44
435 0.49
436 0.44
437 -0.10
438 0.49
439 0.42
440 0.49
441 0.49
442 0.42
443 0.46
444 0.49
445 0.40
446 -0.29
447 0.36
448 -0.28
449 0.44
450 -0.31
451 -0.26
452 -0.17
453 0.16
454 0.23
455 0.14
456 0.20
457 0.17
458 0.19
459 0.17
460 0.23
461 0.25
462 0.14
463 0.24
464 -0.24
465 0.12
466 0.14
467 -0.24
468 -0.01
469 0.21
470 0.17
471 0.14
472 0.19
473 0.21
474 0.20
475 0.23
476 -0.12
477 -0.04
478 0.17
479 -0.28
480 -0.02
481 0.10
482 -0.03
483 0.14
484 0.09
485 0.13
486 0.09
487 -0.36
488 -0.16
489 -0.36
490 0.03
491 -0.04
492 -0.15
493 0.08
494 -0.02
495 0.02
496 0.08
497 0.01
498 -0.17
499 0.17
500 -0.26
501 -0.06
502 -0.24
503 0.14
504 0.16
505 0.26
506 0.28
507 0.23
508 0.49
509 0.49
510 -0.08
511 0.24
512 0.34
513 0.25
514 0.44
515 0.36
516 0.29
517 0.40
518 0.31
519 0.38
520 0.40
521 0.25
522 0.29
523 0.49
524 0.36
525 0.36
526 0.18
527 0.31
528 0.32
529 0.46
530 -0.23
531 0.44
532 0.46
533 0.46
534 -0.25
535 0.46
536 0.40
537 0.46
538 0.46
539 0.49
540 0.36
541 0.15
542 0.46
543 0.46
544 0.15
545 0.49
546 0.46
547 0.44
548 0.32
549 0.49
550 0.42
551 0.49
552 -0.31
553 0.49
554 0.46
555 0.44
556 0.46
557 0.40
558 0.40
559 0.46
560 0.34
561 0.46
562 0.44
563 0.42
564 0.46
565 0.40
566 0.44
567 0.44
568 0.49
569 0.38
570 -0.17
571 0.34
572 0.44
573 0.44
574 0.49
575 0.49
576 0.46
577 0.36
578 0.36
579 0.46
580 0.46
581 0.49
582 0.44
583 0.46
584 0.49
585 0.46
586 0.49
587 0.46
588 0.44
589 0.49
590 0.40
591 0.42
592 0.38
593 0.40
594 0.44
595 0.46
596 0.40
597 0.46
598 0.38
599 0.49
600 0.49
601 0.44
602 0.44
603 0.38
604 0.42
605 0.36
606 0.49
607 0.46
608 0.49
609 0.46
610 0.49
611 0.44
612 0.40
613 0.44
614 0.40
615 0.46
616 0.42
617 0.44
618 0.44
619 0.42
620 0.46
621 0.38
622 0.49
623 0.44
624 0.49
625 -0.19
626 0.34
627 0.44
628 -0.17
629 0.40
630 0.36
631 0.49
632 0.46
633 0.49
634 0.44
635 0.38
636 0.29
637 0.28
638 0.38
639 0.19
640 0.49
641 0.40
642 0.40
643 0.44
644 -0.26
645 0.31
646 0.49
647 0.40
648 0.38
649 0.49
650 0.38
651 0.49
652 0.42
653 0.44
654 0.38
655 0.46
656 -0.15
657 0.26
658 0.46
659 0.49
660 0.44
661 0.46
662 0.38
663 0.49
664 0.42
665 0.32
666 0.46
667 0.38
668 0.40
669 0.46
670 0.44
671 0.49
672 0.36
673 0.46
674 0.49
675 0.44
676 0.29
677 0.46
678 0.40
679 0.42
680 0.49
681 0.42
682 0.46
683 0.42
684 0.31
685 0.46
686 0.44
687 0.46
688 0.38
689 0.44
690 0.49
691 0.46
692 0.36
693 0.24
694 -0.26
695 -0.21
696 -0.28
697 -0.17
698 0.42
699 0.46
700 0.46
701 0.44
702 0.40
703 0.49
704 0.49
705 0.46
706 0.44
707 0.46
708 0.46
709 0.44
710 0.49
711 0.40
712 0.44
713 0.38
714 0.40
715 0.44
716 0.44
717 0.49
718 0.49
719 0.49
720 0.42
721 0.46
722 0.49
723 0.44
724 0.38
725 0.44
726 0.46
727 0.46
728 0.46
729 -0.04
730 0.42
731 0.46
732 0.40
733 0.44
734 0.44
735 0.49
736 0.46
737 0.46
738 0.46
739 0.44
740 0.49
741 0.49
742 0.49
743 0.44
744 0.40
745 0.36
746 0.46
747 0.49
748 0.44
749 0.49
750 0.49
751 0.46
752 0.46
753 0.38
754 0.49
755 0.46
756 0.44
757 -0.09
758 0.34
759 0.46
760 0.44
761 0.44
762 0.42
763 0.40
764 0.44
765 0.49
766 0.36
767 0.42
768 0.40
769 0.42
770 0.36
771 0.49
772 0.42
773 0.42
774 0.49
775 0.46
776 0.36
777 0.49
778 0.40
779 0.44
780 0.46
781 0.49
782 0.46
783 0.44
784 0.44
785 0.49
786 0.46
787 0.42
788 0.49
789 0.46
790 0.44
791 -0.26
792 0.38
793 -0.32
794 -0.18
795 -0.25
796 0.21
797 -0.03
798 0.17
799 -0.20
800 0.23
801 0.44
802 0.49
803 0.49
804 0.46
805 0.46
806 0.49
807 0.44
808 0.49
809 0.44
810 0.40
811 0.49
812 0.42
813 0.46
814 -0.19
815 0.44
816 0.46
817 0.49
818 0.46
819 0.46
820 0.44
821 0.36
822 0.44
823 0.49
824 0.42
825 0.46
826 0.49
827 0.46
828 0.46
829 0.42
830 0.38
831 0.49
832 0.42
833 0.46
834 0.34
835 -0.25
836 0.42
837 0.49
838 0.49
839 0.46
840 0.44
841 0.49
842 0.32
843 0.49
844 0.42
845 0.36
846 -0.17
847 0.46
848 0.49
849 0.38
850 0.42
851 0.44
852 0.46
853 0.40
854 0.49
855 0.40
856 -0.13
857 0.44
858 -0.16
859 -0.18
860 0.29
861 0.20
862 0.49
863 0.44
864 0.49
865 0.46
866 0.46
867 0.42
868 0.40
869 0.44
870 0.49
871 0.49
872 0.40
873 0.49
874 0.42
875 0.40
876 0.38
877 0.46
878 0.42
879 0.49
880 -0.19
881 0.31
882 0.44
883 0.40
884 0.44
885 0.40
886 0.49
887 0.44
888 0.44
889 0.46
890 0.42
891 0.38
892 0.46
893 0.46
894 0.25
895 0.34
896 0.49
897 0.46
898 0.40
899 0.49
900 0.46
901 0.42
902 0.38
903 0.40
904 0.42
905 0.49
906 0.46
907 0.46
908 0.46
909 0.49
910 0.40
911 0.44
912 0.46
913 0.42
914 0.44
915 0.46
916 0.46
917 0.29
918 0.40
919 0.38
920 0.49
921 0.49
922 0.49
923 0.49
924 0.40
925 0.49
926 0.46
927 -0.28
928 0.49
929 0.46
930 -0.24
931 0.44
932 0.46
933 0.49
934 0.44
935 0.46
936 0.46
937 0.44
938 0.36
939 0.44
940 0.49
941 0.46
942 0.40
943 0.42
944 0.38
945 0.42
946 0.40
947 0.44
948 0.46
949 0.46
950 0.44
951 0.49
952 0.44
953 0.44
954 0.49
955 0.44
956 0.42
957 0.44
958 0.46
959 0.36
960 0.38
961 0.44
962 0.40
963 0.44
964 0.44
965 0.44
966 0.42
967 0.46
968 0.46
969 0.42
970 0.42
971 0.46
972 0.46
973 0.44
974 0.44
975 0.44
976 0.44
977 0.42
978 0.36
979 0.42
980 0.44
981 0.44
982 0.31
983 0.46
984 0.46
985 0.44
986 0.42
987 0.42
988 0.44
989 0.42
990 0.46
991 0.49
992 0.38
993 0.49
994 0.44
995 0.40
996 -0.29
997 0.46
998 0.46
999 0.46
1000 0.40
1001 0.40
1002 0.09
1003 0.31
1004 0.25
1005 0.42
1006 0.46
1007 0.44
1008 0.49
1009 0.44
1010 0.42
1011 0.44
1012 0.49
1013 0.40
1014 0.46
1015 0.44
1016 0.44
1017 0.42
1018 -0.19
1019 0.44
1020 0.49
1021 0.46
1022 -0.18
1023 0.40
1024 -0.14
1025 0.36
1026 0.28
1027 0.46
1028 0.44
1029 0.46
1030 0.42
1031 -0.15
1032 0.49
1033 0.46
1034 0.46
1035 0.42
1036 0.46
1037 0.44
1038 0.28
1039 0.49
1040 0.44
1041 0.44
1042 0.40
1043 0.38
1044 0.38
1045 0.31
1046 -0.26
1047 0.34
1048 0.34
1049 0.46
1050 0.49
1051 0.46
1052 0.46
1053 0.32
1054 0.42
1055 0.49
1056 0.44
1057 0.46
1058 0.46
1059 0.46
1060 0.49
1061 0.44
1062 0.49
1063 0.44
1064 0.46
1065 0.49
1066 0.42
1067 0.38
1068 0.44
1069 0.49
1070 0.46
1071 0.49
1072 0.44
1073 0.44
1074 0.49
1075 0.46
1076 0.49
1077 0.46
1078 0.49
1079 0.40
1080 0.49
1081 0.44
1082 0.36
1083 0.49
1084 0.49
1085 0.44
1086 0.49
1087 0.46
1088 0.46
1089 0.40
1090 0.46
1091 0.34
1092 0.40
1093 -0.24
1094 0.34
1095 -0.28
1096 0.28
1097 0.32
1098 0.42
1099 0.36
1100 0.46
1101 0.44
1102 0.44
1103 0.49
1104 0.49
1105 0.34
1106 0.36
1107 0.46
1108 0.46
1109 0.46
1110 0.44
1111 0.46
1112 0.42
1113 0.49
1114 -0.23
1115 0.44
1116 0.36
1117 0.31
1118 0.36
1119 0.42
1120 0.40
1121 0.42
1122 0.38
1123 0.46
1124 0.46
1125 0.46
1126 0.40
1127 0.42
1128 0.34
1129 0.38
1130 0.38
1131 0.42
1132 0.40
1133 0.36
1134 0.46
1135 0.44
1136 0.44
1137 0.46
1138 0.38
1139 0.44
1140 0.44
1141 0.42
1142 0.46
1143 0.46
1144 0.44
1145 0.44
1146 0.44
1147 0.44
1148 0.44
1149 0.32
1150 -0.17
1151 0.40
1152 0.44
1153 0.44
1154 0.46
1155 0.42
1156 0.44
1157 0.40
1158 0.40
1159 0.44
1160 0.40
1161 0.42
1162 0.46
1163 0.46
1164 0.42
1165 0.44
1166 -0.04
1167 0.24
1168 0.26
1169 0.38
1170 0.44
1171 0.42
1172 0.38
1173 0.40
1174 0.12
1175 0.26
1176 0.28
1177 0.42
1178 0.40
1179 0.46
1180 0.44
1181 0.42
1182 0.44
1183 0.46
1184 0.36
1185 0.44
1186 0.44
1187 0.40
1188 0.42
1189 0.44
1190 0.44
1191 0.46
1192 0.46
1193 0.42
1194 0.34
1195 0.46
1196 0.40
1197 0.46
1198 0.40
1199 0.40
1200 0.46
1201 0.09
1202 0.19
1203 0.36
1204 0.40
1205 0.38
1206 0.26
1207 0.44
1208 0.36
1209 0.46
1210 0.49
1211 0.46
1212 0.46
1213 0.44
1214 -0.31
1215 0.40
1216 0.49
1217 0.40
1218 0.49
1219 0.42
1220 0.42
1221 0.44
1222 0.49
1223 0.49
1224 0.49
1225 0.40
1226 0.46
1227 0.46
1228 0.24
1229 0.31
1230 0.42
1231 0.36
1232 0.42
1233 0.49
1234 0.44
1235 0.46
1236 0.46
1237 0.46
1238 0.46
1239 0.44
1240 0.46
1241 0.46
1242 0.44
1243 0.46
1244 0.42
1245 0.44
1246 0.38
1247 0.44
1248 0.44
1249 0.49
1250 -0.26
1251 0.42
1252 0.26
1253 0.46
1254 0.40
1255 0.26
1256 0.42
1257 0.40
1258 0.49
1259 0.44
1260 0.49
1261 0.46
1262 0.46
1263 0.46
1264 0.49
1265 0.46
1266 0.40
1267 0.36
1268 0.44
1269 0.38
1270 0.40
1271 0.49
1272 0.32
1273 0.49
1274 0.49
1275 0.38
1276 0.46
1277 0.44
1278 0.40
1279 0.46
1280 0.49
1281 0.44
1282 0.46
1283 0.44
1284 0.42
1285 0.34
1286 0.40
1287 0.46
1288 0.42
1289 -0.26
1290 0.46
1291 0.46
1292 0.40
1293 0.46
1294 0.46
1295 0.49
1296 0.38
1297 0.46
1298 0.34
1299 0.32
1300 0.44
1301 0.49
1302 0.49
1303 0.49
1304 0.40
1305 0.42
1306 0.46
1307 0.46
1308 0.42
1309 0.46
1310 0.49
1311 0.44
1312 0.46
1313 0.49
1314 -0.21
1315 0.46
1316 0.49
1317 0.46
1318 0.44
1319 0.40
1320 0.44
1321 0.44
1322 0.46
1323 0.49
1324 0.46
1325 0.44
1326 0.49
1327 0.49
1328 0.44
1329 0.46
1330 0.44
1331 0.34
1332 0.08
1333 0.20
1334 0.17
1335 -0.17
1336 -0.36
1337 0.23
1338 0.24
1339 0.24
1340 0.29
1341 0.29
1342 0.46
1343 0.40
1344 0.42
1345 0.40
1346 0.36
1347 0.46
1348 0.49
1349 0.46
1350 0.38
1351 0.38
1352 0.42
1353 0.46
1354 0.46
1355 0.46
1356 0.44
1357 -0.31
1358 0.29
1359 0.44
1360 0.29
1361 0.46
1362 0.46
1363 0.44
1364 0.46
1365 0.46
1366 0.42
1367 0.49
1368 0.42
1369 0.40
1370 0.46
1371 0.44
1372 0.46
1373 0.49
1374 -0.34
1375 0.46
1376 0.38
1377 0.34
1378 0.44
1379 0.46
1380 0.46
1381 0.38
1382 0.46
1383 0.44
1384 0.46
1385 0.49
1386 0.44
1387 0.49
1388 0.46
1389 0.44
1390 0.40
1391 0.36
1392 0.44
1393 0.25
1394 0.44
1395 0.36
1396 0.32
1397 0.36
1398 0.42
1399 0.46
1400 0.42
1401 0.29
1402 0.31
1403 0.46
1404 0.44
1405 0.46
1406 0.46
1407 0.42
1408 0.40
1409 0.49
1410 0.42
1411 0.44
1412 0.44
1413 0.46
1414 0.38
1415 0.49
1416 0.49
1417 0.40
1418 -0.26
1419 0.32
1420 0.40
1421 0.46
1422 0.49
1423 0.44
1424 0.46
1425 0.49
1426 0.40
1427 0.44
1428 0.44
1429 0.49
1430 0.44
1431 0.42
1432 0.46
1433 0.46
1434 0.49
1435 0.46
1436 0.46
1437 0.46
1438 0.34
1439 0.40
1440 0.49
1441 0.44
1442 0.44
1443 0.34
1444 0.44
1445 0.44
1446 0.42
1447 0.49
1448 0.44
1449 0.42
1450 0.49
1451 0.49
1452 0.46
1453 0.40
1454 0.38
1455 0.49
1456 0.38
1457 0.42
1458 0.42
1459 0.40
1460 0.44
1461 0.38
1462 0.40
1463 0.24
1464 0.46
1465 0.44
1466 0.34
1467 0.49
1468 -0.28
1469 0.46
1470 0.36
1471 0.46
1472 0.42
1473 0.46
1474 0.42
1475 0.42
1476 0.46
1477 0.42
1478 0.38
1479 0.46
1480 0.44
1481 0.46
1482 0.49
1483 -0.16
1484 0.49
1485 0.49
1486 0.36
1487 0.49
1488 0.49
1489 0.46
1490 -0.21
1491 0.44
1492 0.42
1493 0.46
1494 0.38
1495 -0.34
1496 0.34
1497 0.40
1498 0.40
1499 0.40
1500 0.44
1501 0.44
1502 0.38
1503 0.38
1504 0.38
1505 0.49
1506 0.44
1507 0.40
1508 0.49
1509 0.46
1510 0.44
1511 0.40
1512 -0.14
1513 0.42
1514 0.44
1515 0.49
1516 0.49
1517 0.49
1518 0.42
1519 0.44
1520 0.44
1521 0.36
1522 0.44
1523 0.44
1524 0.44
1525 0.40
1526 0.09
1527 0.46
1528 0.32
1529 0.46
1530 0.46
1531 -0.26
1532 0.23
1533 0.07
1534 0.23
1535 0.49
1536 0.40
1537 0.46
1538 0.46
1539 0.46
1540 -0.21
1541 0.46
1542 0.49
1543 0.40
1544 0.49
1545 0.44
1546 0.44
1547 0.46
1548 0.44
1549 0.38
1550 0.46
1551 0.49
1552 0.46
1553 0.42
1554 0.36
1555 0.49
1556 0.49
1557 0.44
1558 0.44
1559 0.38
1560 0.44
1561 0.46
1562 0.46
1563 0.40
1564 0.36
1565 0.38
1566 0.38
1567 0.18
1568 0.23
1569 0.26
1570 0.32
1571 0.46
1572 0.42
1573 0.42
1574 0.49
1575 0.46
1576 0.42
1577 -0.09
1578 0.42
1579 0.44
1580 0.42
1581 0.34
1582 0.40
1583 -0.25
1584 0.25
1585 0.46
1586 0.38
1587 0.46
1588 0.49
1589 0.44
1590 0.46
1591 0.34
1592 -0.23
1593 0.34
1594 0.44
1595 0.49
1596 0.46
1597 0.46
1598 -0.29
1599 0.34
1600 0.38
1601 0.46
1602 0.46
1603 0.46
1604 0.46
1605 0.49
1606 0.49
1607 0.44
1608 0.44
1609 0.46
1610 0.42
1611 0.49
1612 0.46
1613 0.44
1614 0.42
1615 0.49
1616 0.49
1617 0.49
1618 0.46
1619 0.49
1620 0.46
1621 0.49
1622 0.49
1623 -0.01
1624 0.34
1625 0.38
1626 0.49
1627 0.36
1628 0.40
1629 0.46
1630 0.49
1631 0.44
1632 0.49
1633 0.42
1634 0.46
1635 0.46
1636 0.46
1637 0.32
1638 0.44
1639 0.44
1640 0.34
1641 0.34
1642 0.49
1643 0.49
1644 0.46
1645 0.40
1646 0.42
1647 0.36
1648 0.49
1649 0.44
1650 0.44
1651 0.49
1652 0.46
1653 0.49
1654 0.38
1655 0.40
1656 0.46
1657 -0.34
1658 -0.29
1659 0.24
1660 0.19
1661 0.25
1662 0.24
1663 0.32
1664 0.36
1665 -0.20
1666 0.32
1667 0.46
1668 0.49
1669 0.46
1670 0.46
1671 0.36
1672 0.42
1673 0.46
1674 0.42
1675 0.49
1676 0.44
1677 0.32
1678 0.46
1679 0.46
1680 0.44
1681 0.40
1682 0.44
1683 0.42
1684 0.46
1685 0.40
1686 0.49
1687 0.46
1688 0.40
1689 0.49
1690 0.49
1691 -0.17
1692 0.46
1693 0.49
1694 0.46
1695 0.40
1696 0.40
1697 0.29
1698 0.44
1699 0.42
1700 0.34
1701 0.36
1702 0.49
1703 -0.24
1704 0.49
1705 0.46
1706 0.44
1707 0.42
1708 0.25
1709 0.46
1710 0.44
1711 -0.06
1712 0.46
1713 0.42
1714 0.49
1715 -0.14
1716 0.44
1717 0.32
1718 0.46
1719 -0.25
1720 0.40
1721 0.42
1722 0.44
1723 0.42
1724 0.49
1725 0.49
1726 0.49
1727 0.49
1728 0.44
1729 0.42
1730 0.44
1731 0.38
1732 0.46
1733 0.38
1734 0.46
1735 -0.21
1736 -0.31
1737 0.46
1738 0.46
1739 0.42
1740 0.36
1741 0.31
1742 0.44
1743 0.49
1744 0.46
1745 0.46
1746 -0.17
1747 0.42
1748 0.42
1749 0.38
1750 0.38
1751 0.49
1752 0.44
1753 0.44
1754 0.40
1755 0.28
1756 0.38
1757 0.49
1758 0.49
1759 0.46
1760 0.42
1761 0.46
1762 0.40
1763 0.34
1764 0.44
1765 0.46
1766 0.49
1767 0.40
1768 0.49
1769 0.46
1770 -0.17
1771 0.44
1772 0.40
1773 0.34
1774 0.28
1775 0.44
1776 0.32
1777 0.36
1778 0.44
1779 0.49
1780 0.44
1781 -0.28
1782 0.49
1783 0.42
1784 0.44
1785 0.42
1786 0.49
1787 0.46
1788 0.38
1789 0.46
1790 0.42
1791 0.29
1792 0.49
1793 0.40
1794 0.44
1795 0.44
1796 0.46
1797 0.42
1798 0.46
1799 0.44
1800 0.40
1801 0.44
1802 0.40
1803 0.40
1804 0.46
1805 0.42
1806 0.40
1807 0.46
1808 0.46
1809 0.38
1810 0.44
1811 0.46
1812 0.49
1813 0.42
1814 -0.16
1815 0.46
1816 0.49
1817 0.42
1818 0.49
1819 -0.38
1820 0.40
1821 0.46
1822 0.34
1823 0.44
1824 0.34
1825 0.31
1826 0.49
1827 0.44
1828 0.49
1829 0.42
1830 0.36
1831 0.44
1832 0.36
1833 0.49
1834 0.49
1835 0.40
1836 0.49
1837 0.44
1838 0.42
1839 0.46
1840 0.46
1841 0.46
1842 0.38
1843 0.49
1844 0.44
1845 0.42
1846 0.46
1847 0.42
1848 0.44
1849 0.42
1850 0.49
1851 0.44
1852 0.44
1853 0.44
1854 0.36
1855 0.46
1856 0.44
1857 0.40
1858 0.38
1859 0.44
1860 -0.24
1861 0.36
1862 0.24
1863 0.21
1864 0.25
1865 0.31
1866 0.34
1867 0.46
1868 0.46
1869 0.03
1870 0.21
1871 0.40
1872 0.49
1873 0.23
1874 0.29
1875 0.38
1876 0.42
1877 0.36
1878 0.44
1879 0.38
1880 0.44
1881 0.44
1882 0.46
1883 0.49
1884 0.46
1885 0.46
1886 0.49
1887 0.49
1888 0.44
1889 0.44
1890 0.24
1891 0.36
1892 0.49
1893 0.38
1894 0.46
1895 0.42
1896 0.46
1897 0.49
1898 0.44
1899 0.38
1900 0.49
1901 0.49
1902 0.46
1903 0.49
1904 0.38
1905 0.42
1906 -0.34
1907 0.42
1908 0.49
1909 0.44
1910 0.40
1911 0.49
1912 0.40
1913 0.46
1914 0.38
1915 0.49
1916 0.46
1917 0.49
1918 0.44
1919 0.46
1920 0.38
1921 0.46
1922 0.44
1923 -0.32
1924 -0.16
1925 0.28
1926 0.40
1927 0.46
1928 0.42
1929 0.38
1930 0.49
1931 0.40
1932 0.34
1933 0.38
1934 0.36
1935 0.32
1936 0.25
1937 0.19
1938 0.36
1939 0.42
1940 0.40
1941 0.44
1942 0.49
1943 0.42
1944 0.46
1945 0.49
1946 0.40
1947 0.46
1948 0.42
1949 0.46
1950 -0.26
1951 0.38
1952 0.49
1953 0.42
1954 0.44
1955 0.38
1956 0.38
1957 0.38
1958 0.42
1959 0.42
1960 0.46
1961 0.44
1962 0.46
1963 0.44
1964 0.42
1965 0.49
1966 0.46
1967 0.42
1968 0.40
1969 0.44
1970 0.46
1971 -0.36
1972 0.26
1973 0.29
1974 0.25
1975 0.42
1976 0.49
1977 0.49
1978 -0.11
1979 0.40
1980 0.42
1981 0.46
1982 0.49
1983 0.44
1984 0.46
1985 0.44
1986 0.49
1987 0.49
1988 0.49
1989 0.44
1990 0.44
1991 0.42
1992 0.46
1993 0.42
1994 0.46
1995 0.44
1996 -0.24
1997 0.42
1998 0.46
1999 -0.25
