0 -0.29
1 -0.29
2 -0.17
3 -0.18
4 -0.21
5 -0.17
6 0.46
7 0.49
8 0.49
9 0.44
10 0.49
11 -0.38
12 -0.28
13 0.46
14 0.49
15 0.49
16 0.46
17 -0.32
18 0.49
19 -0.31
20 -0.26
21 -0.32
22 0.49
23 0.42
24 0.49
25 0.49
26 0.49
27 -0.34
28 0.49
29 0.46
30 0.49
31 0.49
32 -0.12
33 0.49
34 0.46
35 -0.26
36 0.49
37 0.44
38 0.46
39 -0.32
40 -0.32
41 0.46
42 -0.31
43 -0.31
44 0.49
45 0.49
46 -0.28
47 -0.10
48 0.49
49 -0.26
50 0.49
51 -0.32
52 0.49
53 0.46
54 0.49
55 -0.28
56 0.49
57 -0.29
58 -0.23
59 0.44
60 -0.29
61 -0.28
62 0.49
63 -0.38
64 0.49
65 -0.32
66 -0.25
67 -0.18
68 -0.21
69 0.09
70 0.46
71 -0.36
72 0.46
73 -0.00
74 -0.19
75 -0.00
76 0.44
77 0.49
78 -0.17
79 -0.00
80 -0.32
81 -0.23
82 -0.18
83 -0.15
84 -0.12
85 -0.16
86 -0.28
87 -0.29
88 -0.20
89 -0.14
90 -0.02
91 -0.21
92 -0.31
93 -0.14
94 -0.31
95 -0.29
96 -0.31
97 -0.23
98 -0.28
99 -0.17
100 0.49
101 -0.34
102 0.46
103 -0.36
104 -0.31
105 0.49
106 0.49
107 0.12
108 0.49
109 0.46
110 0.49
111 -0.31
112 -0.38
113 -0.31
114 0.49
115 0.49
116 -0.26
117 -0.12
118 0.12
119 -0.29
120 -0.38
121 -0.03
122 -0.29
123 -0.17
124 -0.32
125 -0.00
126 -0.21
127 0.44
128 -0.26
129 0.49
130 -0.38
131 -0.23
132 0.46
133 -0.31
134 0.44
135 -0.09
136 -0.10
137 -0.31
138 0.49
139 0.49
140 0.46
141 0.44
142 0.49
143 -0.28
144 -0.36
145 0.44
146 -0.09
147 -0.09
148 0.49
149 0.44
150 -0.21
151 0.49
152 0.49
153 -0.31
154 -0.32
155 -0.32
156 -0.12
157 -0.20
158 -0.14
159 -0.34
160 -0.15
161 -0.21
162 -0.23
163 0.49
164 0.49
165 -0.34
166 0.46
167 -0.26
168 0.49
169 0.40
170 -0.25
171 -0.34
172 0.36
173 0.49
174 0.49
175 0.40
176 -0.20
177 0.49
178 0.49
179 0.42
180 0.49
181 -0.29
182 0.40
183 0.44
184 -0.10
185 0.49
186 0.49
187 0.49
188 0.36
189 0.49
190 0.49
191 0.49
192 -0.28
193 0.46
194 0.44
195 -0.08
196 -0.29
197 -0.32
198 -0.17
199 -0.23
200 -0.07
201 -0.20
202 -0.19
203 -0.29
204 0.49
205 -0.10
206 0.49
207 0.42
208 0.44
209 0.44
210 0.46
211 0.49
212 -0.34
213 -0.32
214 0.46
215 0.44
216 0.46
217 -0.09
218 0.14
219 0.46
220 0.49
221 0.49
222 0.49
223 0.44
224 0.49
225 0.49
226 -0.29
227 0.49
228 0.03
229 0.49
230 0.46
231 0.13
232 0.46
233 0.49
234 -0.31
235 0.46
236 0.09
237 -0.00
238 -0.26
239 -0.04
240 -0.18
241 -0.09
242 -0.34
243 -0.17
244 -0.25
245 -0.29
246 -0.23
247 0.49
248 -0.17
249 0.46
250 -0.16
251 0.49
252 0.44
253 -0.26
254 -0.29
255 -0.21
256 0.49
257 -0.32
258 -0.32
259 -0.19
260 -0.17
261 -0.19
262 -0.24
263 0.49
264 -0.24
265 -0.12
266 -0.36
267 -0.19
268 -0.18
269 0.06
270 0.49
271 0.46
272 0.49
273 0.49
274 0.49
275 -0.09
276 0.42
277 0.49
278 -0.28
279 -0.28
280 0.49
281 0.44
282 0.49
283 0.49
284 0.08
285 0.49
286 0.44
287 0.03
288 -0.28
289 -0.24
290 -0.34
291 0.49
292 0.49
293 -0.25
294 0.12
295 -0.29
296 0.49
297 0.49
298 0.40
299 -0.29
300 -0.26
301 -0.31
302 0.49
303 -0.29
304 -0.25
305 0.44
306 0.49
307 -0.36
308 -0.31
309 0.49
310 -0.13
311 0.49
312 0.46
313 0.49
314 -0.31
315 0.49
316 0.49
317 -0.29
318 -0.24
319 -0.32
320 0.40
321 0.49
322 0.46
323 0.46
324 0.49
325 0.49
326 0.49
327 0.49
328 0.44
329 -0.26
330 -0.36
331 0.26
332 0.44
333 0.49
334 0.49
335 0.49
336 -0.36
337 0.46
338 0.46
339 -0.29
340 0.44
341 0.46
342 -0.31
343 -0.23
344 0.46
345 0.42
346 0.49
347 0.49
348 0.44
349 0.46
350 -0.18
351 -0.17
352 0.46
353 0.17
354 -0.31
355 0.49
356 0.44
357 -0.31
358 -0.34
359 -0.07
360 0.49
361 0.44
362 -0.31
363 0.49
364 -0.23
365 -0.24
366 -0.28
367 -0.19
368 -0.01
369 -0.25
370 -0.16
371 -0.06
372 -0.32
373 -0.34
374 -0.16
375 -0.25
376 -0.01
377 -0.15
378 -0.24
379 -0.24
380 -0.17
381 -0.09
382 -0.14
383 -0.18
384 -0.14
385 -0.08
386 -0.20
387 -0.14
388 -0.25
389 -0.32
390 -0.32
391 -0.26
392 -0.31
393 -0.18
394 -0.31
395 -0.20
396 0.49
397 0.49
398 0.49
399 0.49
400 0.49
401 0.49
402 -0.26
403 0.49
404 -0.25
405 -0.11
406 0.49
407 -0.26
408 0.44
409 -0.32
410 -0.36
411 0.49
412 -0.00
413 -0.31
414 -0.06
415 -0.36
416 -0.17
417 -0.34
418 -0.16
419 -0.25
420 -0.24
421 -0.32
422 -0.21
423 -0.31
424 -0.23
425 0.49
426 0.36
427 -0.29
428 -0.29
429 -0.34
430 -0.25
431 -0.28
432 0.44
433 0.49
434 0.49
435 -0.32
436 0.49
437 -0.11
438 -0.08
439 -0.09
440 -0.28
441 0.49
442 -0.17
443 -0.32
444 0.46
445 -0.34
446 0.49
447 -0.34
448 0.49
449 -0.09
450 0.44
451 -0.15
452 0.49
453 0.49
454 0.49
455 0.42
456 0.49
457 -0.29
458 -0.32
459 -0.28
460 0.49
461 -0.23
462 -0.26
463 0.44
464 -0.24
465 0.44
466 -0.26
467 0.36
468 0.46
469 -0.34
470 -0.28
471 0.40
472 0.44
473 0.49
474 -0.23
475 -0.31
476 0.49
477 0.49
478 0.44
479 -0.31
480 -0.36
481 0.49
482 -0.34
483 0.49
484 0.46
485 0.49
486 -0.29
487 0.44
488 -0.26
489 0.49
490 0.49
491 0.46
492 -0.29
493 0.49
494 -0.00
495 0.49
496 0.49
497 -0.29
498 -0.29
499 0.44
500 0.49
501 0.49
502 0.49
503 0.49
504 0.49
505 0.49
506 0.49
507 0.49
508 0.49
509 0.49
510 -0.34
511 -0.34
512 0.49
513 -0.31
514 -0.34
515 -0.25
516 -0.32
517 0.38
518 0.46
519 0.44
520 -0.29
521 0.49
522 0.46
523 0.49
524 0.49
525 0.44
526 0.46
527 0.49
528 0.12
529 0.49
530 -0.09
531 0.49
532 0.49
533 0.49
534 -0.32
535 -0.36
536 0.49
537 -0.29
538 -0.01
539 -0.18
540 -0.19
541 0.49
542 0.49
543 0.49
544 -0.31
545 -0.29
546 0.49
547 -0.10
548 -0.32
549 0.46
550 0.49
551 0.46
552 0.49
553 0.46
554 0.44
555 -0.36
556 0.49
557 0.44
558 0.46
559 -0.31
560 -0.11
561 0.49
562 -0.29
563 0.49
564 -0.31
565 -0.29
566 0.44
567 0.40
568 -0.28
569 0.49
570 0.49
571 -0.29
572 0.46
573 0.40
574 -0.31
575 -0.36
576 -0.34
577 -0.04
578 -0.24
579 -0.08
580 0.49
581 0.49
582 -0.21
583 0.49
584 0.40
585 0.49
586 0.46
587 -0.09
588 -0.12
589 -0.29
590 0.44
591 0.44
592 0.42
593 -0.21
594 0.46
595 0.49
596 0.46
597 -0.06
598 0.49
599 0.49
600 0.46
601 0.36
602 0.49
603 0.49
604 -0.24
605 0.21
606 0.49
607 0.49
608 0.32
609 0.42
610 -0.34
611 0.46
612 -0.07
613 0.49
614 -0.25
615 0.49
616 0.42
617 0.44
618 0.44
619 -0.29
620 0.46
621 0.44
622 -0.31
623 0.49
624 -0.25
625 0.49
626 0.46
627 0.49
628 0.44
629 -0.24
630 0.49
631 -0.11
632 0.49
633 -0.25
634 -0.20
635 -0.20
636 -0.10
637 -0.25
638 -0.24
639 -0.28
640 -0.21
641 0.49
642 -0.36
643 0.49
644 -0.32
645 0.49
646 -0.31
647 -0.34
648 0.29
649 0.49
650 -0.31
651 0.49
652 0.49
653 0.46
654 0.49
655 -0.26
656 -0.11
657 -0.02
658 -0.34
659 -0.29
660 -0.14
661 -0.23
662 -0.03
663 -0.28
664 -0.17
665 -0.28
666 -0.16
667 -0.34
668 -0.10
669 -0.18
670 0.49
671 -0.34
672 -0.38
673 0.49
674 -0.36
675 0.49
676 0.49
677 0.40
678 0.49
679 0.40
680 0.23
681 -0.10
682 0.49
683 -0.34
684 -0.12
685 0.49
686 0.49
687 0.49
688 -0.12
689 0.49
690 0.44
691 0.49
692 -0.28
693 0.44
694 0.44
695 0.49
696 -0.21
697 0.49
698 0.49
699 0.49
700 0.49
701 -0.28
702 -0.20
703 0.44
704 0.49
705 -0.14
706 -0.34
707 -0.31
708 -0.32
709 -0.19
710 -0.25
711 -0.28
712 -0.26
713 0.49
714 0.49
715 0.49
716 0.42
717 0.49
718 0.49
719 0.49
720 0.49
721 0.49
722 0.49
723 0.44
724 0.49
725 0.49
726 -0.28
727 -0.38
728 -0.29
729 0.46
730 -0.25
731 -0.26
732 -0.34
733 0.49
734 0.49
735 0.49
736 -0.10
737 0.46
738 0.49
739 0.44
740 0.40
741 -0.26
742 -0.32
743 0.49
744 -0.34
745 0.49
746 0.49
747 0.49
748 -0.24
749 -0.24
750 -0.34
751 0.49
752 0.36
753 0.44
754 -0.18
755 -0.28
756 -0.25
757 -0.31
758 -0.21
759 -0.24
760 -0.20
761 -0.34
762 -0.20
763 -0.02
764 -0.18
765 -0.21
766 0.49
767 0.49
768 0.46
769 0.49
770 -0.25
771 0.49
772 -0.29
773 -0.25
774 -0.32
775 -0.32
776 0.49
777 0.49
778 -0.31
779 -0.34
780 -0.31
781 -0.28
782 0.42
783 0.49
784 -0.12
785 0.49
786 -0.13
787 -0.12
788 0.49
789 0.46
790 0.49
791 0.49
792 0.44
793 0.49
794 0.49
795 0.49
796 0.44
797 0.49
798 0.49
799 0.49
800 -0.09
801 0.46
802 0.49
803 0.49
804 0.49
805 -0.12
806 0.49
807 0.46
808 -0.32
809 0.49
810 -0.29
811 0.49
812 -0.29
813 -0.28
814 0.49
815 -0.36
816 0.46
817 0.49
818 -0.20
819 0.44
820 0.49
821 0.46
822 -0.31
823 0.42
824 -0.36
825 0.46
826 -0.29
827 0.49
828 -0.13
829 0.44
830 -0.29
831 -0.09
832 -0.17
833 -0.24
834 -0.10
835 -0.19
836 -0.23
837 -0.10
838 -0.07
839 -0.17
840 -0.26
841 -0.08
842 -0.20
843 -0.24
844 -0.17
845 -0.28
846 -0.23
847 -0.23
848 -0.10
849 -0.03
850 -0.14
851 -0.17
852 0.44
853 0.49
854 -0.25
855 0.32
856 -0.31
857 0.49
858 0.49
859 -0.09
860 -0.29
861 0.46
862 -0.32
863 0.49
864 -0.25
865 0.40
866 -0.14
867 -0.19
868 -0.21
869 -0.32
870 -0.26
871 -0.18
872 0.49
873 0.49
874 -0.28
875 0.46
876 0.46
877 -0.36
878 0.46
879 0.49
880 -0.28
881 -0.38
882 -0.29
883 -0.26
884 0.49
885 0.49
886 0.49
887 -0.32
888 -0.34
889 -0.32
890 0.42
891 0.01
892 -0.24
893 0.49
894 -0.32
895 0.10
896 -0.04
897 -0.32
898 -0.29
899 -0.14
900 0.44
901 0.40
902 -0.32
903 0.08
904 0.49
905 -0.20
906 -0.31
907 0.49
908 0.49
909 -0.31
910 0.38
911 0.49
912 0.49
913 0.49
914 -0.12
915 0.44
916 -0.31
917 0.49
918 0.46
919 -0.23
920 0.49
921 0.49
922 0.49
923 0.42
924 -0.09
925 -0.29
926 -0.13
927 0.49
928 0.44
929 -0.28
930 0.49
931 0.46
932 0.49
933 0.49
934 0.49
935 -0.24
936 0.49
937 0.49
938 -0.32
939 -0.12
940 0.49
941 0.46
942 -0.12
943 0.49
944 0.44
945 0.49
946 -0.36
947 0.49
948 -0.29
949 -0.28
950 0.49
951 -0.31
952 -0.10
953 0.49
954 0.46
955 0.46
956 0.49
957 -0.36
958 0.46
959 0.40
960 -0.34
961 -0.34
962 0.49
963 -0.32
964 0.49
965 0.38
966 0.49
967 0.49
968 -0.24
969 -0.10
970 0.49
971 0.25
972 0.49
973 -0.34
974 -0.29
975 -0.31
976 0.44
977 0.44
978 0.49
979 0.44
980 -0.32
981 0.49
982 -0.36
983 -0.36
984 -0.40
985 -0.08
986 -0.15
987 -0.25
988 0.49
989 0.44
990 0.49
991 -0.24
992 -0.07
993 -0.20
994 0.49
995 -0.16
996 0.49
997 0.49
998 -0.23
999 0.46
1000 0.49
1001 0.49
1002 -0.34
1003 0.49
1004 -0.09
1005 -0.24
1006 -0.34
1007 0.46
1008 -0.26
1009 0.44
1010 0.44
1011 0.46
1012 0.42
1013 -0.28
1014 0.46
1015 -0.21
1016 0.44
1017 -0.29
1018 -0.32
1019 -0.29
1020 -0.14
1021 -0.23
1022 -0.06
1023 -0.17
1024 -0.10
1025 -0.36
1026 -0.02
1027 -0.02
1028 -0.20
1029 -0.23
1030 0.20
1031 0.44
1032 0.46
1033 -0.26
1034 -0.31
1035 0.42
1036 -0.28
1037 0.44
1038 -0.34
1039 -0.29
1040 0.44
1041 -0.20
1042 0.46
1043 -0.28
1044 0.46
1045 -0.25
1046 -0.34
1047 -0.36
1048 -0.14
1049 -0.03
1050 -0.02
1051 -0.02
1052 -0.17
1053 -0.28
1054 -0.17
1055 -0.04
1056 -0.14
1057 0.14
1058 -0.14
1059 -0.07
1060 -0.02
1061 0.12
1062 -0.04
1063 -0.04
1064 -0.06
1065 -0.02
1066 -0.19
1067 -0.17
1068 0.12
1069 -0.29
1070 0.38
1071 0.44
1072 -0.32
1073 -0.36
1074 -0.34
1075 -0.06
1076 0.17
1077 0.25
1078 -0.25
1079 -0.32
1080 0.17
1081 -0.38
1082 0.16
1083 0.10
1084 0.44
1085 -0.32
1086 0.42
1087 0.34
1088 0.42
1089 0.46
1090 0.46
1091 0.42
1092 0.36
1093 0.42
1094 -0.28
1095 0.46
1096 -0.31
1097 0.20
1098 -0.04
1099 -0.02
1100 0.17
1101 0.24
1102 0.24
1103 -0.17
1104 0.34
1105 0.14
1106 0.32
1107 -0.28
1108 -0.31
1109 0.19
1110 0.20
1111 0.17
1112 0.20
1113 0.21
1114 0.26
1115 0.17
1116 0.21
1117 0.26
1118 0.42
1119 0.46
1120 -0.31
1121 0.44
1122 0.46
1123 0.44
1124 0.44
1125 0.44
1126 -0.32
1127 -0.36
1128 0.44
1129 0.46
1130 0.46
1131 0.46
1132 0.46
1133 0.46
1134 -0.31
1135 0.44
1136 0.46
1137 0.44
1138 0.46
1139 0.44
1140 0.44
1141 -0.32
1142 0.38
1143 0.46
1144 -0.32
1145 0.38
1146 0.44
1147 0.40
1148 0.38
1149 0.42
1150 -0.34
1151 -0.28
1152 -0.34
1153 0.40
1154 0.42
1155 0.46
1156 -0.38
1157 -0.05
1158 -0.24
1159 0.21
1160 0.14
1161 -0.14
1162 0.12
1163 0.16
1164 0.44
1165 0.42
1166 0.46
1167 -0.34
1168 -0.07
1169 0.12
1170 0.40
1171 0.42
1172 0.46
1173 0.44
1174 -0.05
1175 0.36
1176 0.20
1177 0.26
1178 0.08
1179 0.46
1180 0.38
1181 0.46
1182 0.42
1183 0.44
1184 0.40
1185 0.46
1186 0.17
1187 0.34
1188 0.40
1189 0.42
1190 0.46
1191 0.46
1192 0.40
1193 0.46
1194 0.23
1195 -0.34
1196 0.46
1197 0.31
1198 0.46
1199 0.46
1200 0.46
1201 0.42
1202 0.46
1203 -0.09
1204 0.08
1205 0.46
1206 -0.06
1207 -0.19
1208 0.26
1209 0.44
1210 0.06
1211 -0.29
1212 0.26
1213 0.44
1214 -0.29
1215 0.21
1216 0.17
1217 0.26
1218 0.44
1219 0.42
1220 0.46
1221 0.46
1222 0.40
1223 0.46
1224 -0.28
1225 0.40
1226 -0.14
1227 0.31
1228 0.32
1229 0.28
1230 0.19
1231 0.18
1232 0.24
1233 0.26
1234 0.23
1235 0.21
1236 0.20
1237 0.24
1238 0.23
1239 -0.05
1240 -0.03
1241 0.15
1242 0.26
1243 0.23
1244 -0.05
1245 0.18
1246 0.18
1247 0.19
1248 0.25
1249 0.23
1250 0.25
1251 0.20
1252 0.23
1253 0.19
1254 -0.16
1255 -0.14
1256 -0.09
1257 -0.24
1258 0.20
1259 -0.19
1260 0.07
1261 0.42
1262 0.36
1263 -0.32
1264 0.24
1265 0.29
1266 0.44
1267 0.44
1268 -0.28
1269 0.09
1270 0.44
1271 0.44
1272 0.46
1273 0.42
1274 0.42
1275 0.46
1276 0.44
1277 0.13
1278 0.46
1279 0.44
1280 0.12
1281 0.44
1282 0.44
1283 0.44
1284 -0.38
1285 -0.18
1286 0.46
1287 0.38
1288 0.40
1289 0.12
1290 0.12
1291 0.14
1292 -0.31
1293 0.44
1294 0.44
1295 0.44
1296 0.10
1297 0.42
1298 -0.08
1299 0.34
1300 0.44
1301 0.18
1302 0.34
1303 0.36
1304 0.31
1305 0.44
1306 0.38
1307 0.44
1308 0.44
1309 0.38
1310 0.38
1311 0.14
1312 -0.32
1313 0.34
1314 0.40
1315 0.28
1316 0.38
1317 0.11
1318 0.12
1319 -0.01
1320 -0.26
1321 0.14
1322 -0.08
1323 0.24
1324 0.02
1325 0.18
1326 0.23
1327 0.24
1328 0.24
1329 0.23
1330 0.26
1331 0.28
1332 -0.01
1333 0.21
1334 0.26
1335 0.18
1336 0.23
1337 0.28
1338 -0.00
1339 0.11
1340 0.12
1341 0.19
1342 0.01
1343 0.28
1344 0.19
1345 0.11
1346 0.24
1347 0.17
1348 0.24
1349 0.19
1350 0.24
1351 0.23
1352 0.28
1353 0.23
1354 0.24
1355 0.21
1356 0.24
1357 0.25
1358 0.05
1359 -0.13
1360 0.21
1361 0.24
1362 0.28
1363 -0.31
1364 0.23
1365 0.15
1366 0.16
1367 0.25
1368 0.20
1369 0.25
1370 0.24
1371 0.25
1372 0.20
1373 0.17
1374 0.14
1375 0.13
1376 0.12
1377 0.28
1378 0.26
1379 0.25
1380 0.21
1381 0.44
1382 0.44
1383 0.44
1384 0.42
1385 0.38
1386 0.44
1387 0.44
1388 0.44
1389 0.46
1390 0.44
1391 0.46
1392 0.44
1393 0.40
1394 0.44
1395 0.46
1396 0.42
1397 0.38
1398 0.46
1399 0.46
1400 0.40
1401 -0.29
1402 0.25
1403 0.32
1404 -0.25
1405 0.03
1406 -0.31
1407 0.42
1408 0.25
1409 -0.16
1410 0.25
1411 0.40
1412 0.40
1413 0.40
1414 0.25
1415 0.32
1416 0.36
1417 0.44
1418 0.40
1419 0.29
1420 0.02
1421 0.26
1422 -0.21
1423 0.25
1424 0.25
1425 0.13
1426 0.19
1427 0.13
1428 0.24
1429 0.21
1430 0.26
1431 0.31
1432 0.13
1433 0.09
1434 0.23
1435 0.25
1436 -0.31
1437 -0.07
1438 0.11
1439 -0.03
1440 0.14
1441 -0.04
1442 -0.16
1443 0.00
1444 0.10
1445 0.02
1446 -0.29
1447 0.20
1448 0.24
1449 0.23
1450 0.03
1451 0.17
1452 0.14
1453 0.12
1454 -0.19
1455 0.17
1456 0.25
1457 0.23
1458 0.34
1459 0.07
1460 0.21
1461 0.07
1462 0.23
1463 0.36
1464 0.18
1465 0.09
1466 0.10
1467 0.28
1468 0.40
1469 -0.06
1470 -0.04
1471 0.21
1472 0.11
1473 0.23
1474 0.24
1475 0.08
1476 0.15
1477 -0.12
1478 -0.20
1479 0.13
1480 0.02
1481 -0.01
1482 0.15
1483 0.10
1484 0.15
1485 0.20
1486 0.23
1487 0.42
1488 0.12
1489 0.38
1490 0.40
1491 0.42
1492 0.34
1493 0.46
1494 -0.36
1495 0.04
1496 0.42
1497 0.40
1498 0.28
1499 0.13
1500 0.17
1501 0.13
1502 -0.14
1503 0.23
1504 -0.29
1505 0.02
1506 -0.36
1507 0.20
1508 -0.38
1509 0.09
1510 0.21
1511 0.20
1512 0.14
1513 -0.24
1514 -0.24
1515 0.09
1516 0.29
1517 0.44
1518 0.26
1519 0.34
1520 0.44
1521 0.44
1522 0.46
1523 0.38
1524 0.38
1525 0.44
1526 -0.31
1527 -0.12
1528 -0.26
1529 0.44
1530 0.42
1531 0.34
1532 0.38
1533 0.32
1534 0.34
1535 0.40
1536 0.34
1537 0.38
1538 0.16
1539 0.09
1540 0.19
1541 0.31
1542 0.32
1543 0.31
1544 0.19
1545 0.38
1546 0.31
1547 0.44
1548 0.32
1549 0.42
1550 0.38
1551 0.44
1552 0.31
1553 0.25
1554 0.36
1555 0.38
1556 0.44
1557 0.42
1558 0.40
1559 0.34
1560 0.38
1561 0.44
1562 0.44
1563 0.38
1564 0.44
1565 0.44
1566 0.42
1567 0.44
1568 0.44
1569 0.42
1570 -0.20
1571 0.44
1572 0.42
1573 0.40
1574 -0.31
1575 0.32
1576 0.36
1577 0.44
1578 0.44
1579 0.44
1580 0.34
1581 0.44
1582 0.40
1583 0.36
1584 0.38
1585 0.32
1586 0.38
1587 0.38
1588 0.36
1589 0.44
1590 0.19
1591 0.42
1592 0.44
1593 0.44
1594 0.44
1595 0.44
1596 0.29
1597 0.36
1598 0.42
1599 0.29
1600 0.44
1601 -0.16
1602 0.34
1603 -0.29
1604 0.38
1605 -0.26
1606 0.44
1607 0.40
1608 0.40
1609 0.40
1610 0.40
1611 0.40
1612 0.40
1613 0.44
1614 0.42
1615 0.38
1616 0.21
1617 -0.21
1618 0.40
1619 0.44
1620 0.42
1621 0.40
1622 0.44
1623 0.42
1624 0.02
1625 0.44
1626 0.44
1627 0.28
1628 -0.42
1629 0.31
1630 0.40
1631 0.44
1632 0.44
1633 0.40
1634 0.40
1635 0.40
1636 -0.08
1637 -0.29
1638 0.38
1639 0.40
1640 0.40
1641 -0.31
1642 0.42
1643 -0.05
1644 0.07
1645 -0.16
1646 0.25
1647 0.20
1648 0.34
1649 0.40
1650 0.34
1651 0.44
1652 0.44
1653 0.34
1654 0.44
1655 0.46
1656 0.44
1657 0.42
1658 0.44
1659 0.46
1660 0.44
1661 -0.38
1662 0.46
1663 0.40
1664 0.42
1665 0.40
1666 0.46
1667 -0.32
1668 0.44
1669 0.25
1670 0.44
1671 0.42
1672 0.23
1673 0.44
1674 0.42
1675 0.40
1676 0.38
1677 0.44
1678 0.44
1679 -0.26
1680 -0.21
1681 0.44
1682 0.32
1683 0.44
1684 -0.23
1685 0.44
1686 0.34
1687 0.14
1688 0.44
1689 0.44
1690 0.42
1691 0.06
1692 0.46
1693 0.18
1694 0.46
1695 0.46
1696 0.46
1697 0.42
1698 0.34
1699 0.46
1700 0.38
1701 0.46
1702 0.34
1703 0.46
1704 0.32
1705 0.44
1706 0.42
1707 0.38
1708 0.32
1709 0.44
1710 0.42
1711 0.36
1712 0.21
1713 0.34
1714 0.25
1715 0.20
1716 0.44
1717 0.44
1718 0.23
1719 0.34
1720 0.44
1721 0.23
1722 0.42
1723 -0.29
1724 -0.19
1725 0.20
1726 0.29
1727 0.29
1728 0.42
1729 0.38
1730 0.38
1731 0.38
1732 0.46
1733 0.40
1734 0.42
1735 0.46
1736 0.44
1737 0.28
1738 0.44
1739 0.44
1740 0.44
1741 0.40
1742 0.44
1743 -0.25
1744 -0.34
1745 0.40
1746 0.44
1747 0.38
1748 0.40
1749 0.44
1750 0.24
1751 0.38
1752 0.40
1753 0.40
1754 0.44
1755 0.42
1756 0.42
1757 -0.21
1758 0.38
1759 0.17
1760 0.38
1761 0.40
1762 0.40
1763 0.34
1764 0.38
1765 0.31
1766 0.44
1767 0.38
1768 0.36
1769 0.40
1770 0.36
1771 0.44
1772 0.29
1773 0.42
1774 0.42
1775 0.42
1776 0.17
1777 0.29
1778 0.25
1779 0.29
1780 0.29
1781 0.38
1782 0.36
1783 0.36
1784 0.40
1785 0.29
1786 0.38
1787 0.40
1788 0.28
1789 0.38
1790 0.34
1791 0.40
1792 0.40
1793 0.44
1794 0.44
1795 0.44
1796 0.44
1797 0.46
1798 0.40
1799 0.44
1800 0.46
1801 -0.18
1802 0.36
1803 0.46
1804 0.46
1805 0.42
1806 0.36
1807 0.34
1808 0.44
1809 0.32
1810 -0.26
1811 0.44
1812 0.38
1813 0.42
1814 0.44
1815 0.44
1816 0.44
1817 0.46
1818 0.42
1819 0.36
1820 0.34
1821 0.42
1822 0.44
1823 0.46
1824 0.44
1825 0.40
1826 0.46
1827 0.42
1828 0.42
1829 0.40
1830 0.42
1831 0.44
1832 0.44
1833 0.42
1834 -0.31
1835 -0.31
1836 0.40
1837 0.44
1838 0.44
1839 0.40
1840 0.40
1841 0.40
1842 0.44
1843 0.34
1844 0.28
1845 0.36
1846 0.44
1847 0.44
1848 0.40
1849 0.44
1850 0.44
1851 0.40
1852 0.40
1853 0.44
1854 0.38
1855 0.42
1856 0.40
1857 0.02
1858 0.03
1859 0.28
1860 0.31
1861 0.44
1862 0.44
1863 0.32
1864 0.44
1865 0.44
1866 0.46
1867 0.46
1868 0.42
1869 0.44
1870 0.44
1871 -0.31
1872 0.40
1873 0.44
1874 0.21
1875 0.46
1876 0.40
1877 0.36
1878 0.46
1879 0.42
1880 0.42
1881 0.42
1882 0.40
1883 0.44
1884 0.42
1885 0.44
1886 0.44
1887 0.42
1888 0.44
1889 0.46
1890 0.42
1891 0.44
1892 0.38
1893 0.40
1894 0.44
1895 0.36
1896 0.44
1897 0.14
1898 0.38
1899 0.38
1900 0.36
1901 0.36
1902 0.44
1903 0.40
1904 0.42
1905 0.36
1906 0.46
1907 0.44
1908 0.46
1909 0.44
1910 -0.24
1911 -0.14
1912 0.38
1913 0.42
1914 0.38
1915 0.38
1916 0.40
1917 0.46
1918 0.38
1919 0.44
1920 0.44
1921 0.36
1922 0.44
1923 0.32
1924 0.44
1925 0.42
1926 0.20
1927 0.25
1928 0.40
1929 0.40
1930 0.42
1931 0.42
1932 0.03
1933 0.44
1934 0.46
1935 0.44
1936 0.40
1937 0.28
1938 0.40
1939 0.44
1940 0.42
1941 0.46
1942 0.42
1943 0.44
1944 0.42
1945 0.36
1946 0.44
1947 0.40
1948 0.44
1949 0.42
1950 -0.36
1951 0.42
1952 0.44
1953 0.44
1954 -0.29
1955 0.34
1956 0.24
1957 0.24
1958 0.32
1959 0.18
1960 0.17
1961 0.12
1962 0.19
1963 0.26
1964 0.28
1965 0.29
1966 0.17
1967 0.36
1968 0.26
1969 0.31
1970 0.19
1971 -0.31
1972 0.28
1973 0.21
1974 0.25
1975 0.21
1976 0.16
1977 0.19
1978 0.40
1979 0.46
1980 0.38
1981 0.42
1982 0.42
1983 0.42
1984 0.46
1985 0.38
1986 0.42
1987 0.17
1988 0.46
1989 0.36
1990 0.44
1991 0.46
1992 0.46
1993 -0.09
1994 0.23
1995 0.42
1996 -0.25
1997 -0.31
1998 0.12
1999 -0.15
2000 0.38
2001 0.46
2002 0.40
2003 0.42
2004 0.42
2005 0.44
2006 0.44
2007 0.44
2008 0.34
2009 0.40
2010 0.42
2011 0.36
2012 0.44
2013 0.32
2014 0.46
2015 0.44
2016 0.46
2017 0.32
2018 0.42
2019 0.36
2020 0.38
2021 0.40
2022 0.38
2023 0.44
2024 0.44
2025 0.42
2026 -0.09
2027 0.38
2028 0.46
2029 0.36
2030 0.40
2031 0.46
2032 0.46
2033 0.44
2034 0.44
2035 0.40
2036 0.38
2037 -0.34
2038 0.46
2039 0.46
2040 0.46
2041 0.40
2042 -0.34
2043 0.46
2044 -0.36
2045 0.40
2046 0.40
2047 0.44
2048 0.13
2049 0.46
2050 0.44
2051 0.38
2052 0.36
2053 0.46
2054 0.46
2055 0.46
2056 0.46
2057 -0.36
2058 0.40
2059 0.40
2060 0.44
2061 0.44
2062 0.46
2063 0.31
2064 0.46
2065 0.38
2066 0.46
2067 0.38
2068 0.44
2069 0.44
2070 0.44
2071 0.44
2072 0.34
2073 0.46
2074 0.38
2075 0.38
2076 0.40
2077 0.32
2078 0.44
2079 0.44
2080 0.40
2081 0.42
2082 0.44
2083 0.44
2084 0.26
2085 0.40
2086 0.38
2087 0.36
2088 0.44
2089 0.42
2090 0.42
2091 0.46
2092 0.42
2093 0.40
2094 0.40
2095 0.46
2096 0.44
2097 0.40
2098 0.40
2099 0.19
2100 0.38
2101 0.38
2102 0.36
2103 0.40
2104 0.44
2105 0.20
2106 0.36
2107 0.34
2108 0.44
2109 0.44
2110 0.46
2111 0.46
2112 0.36
2113 0.46
2114 0.42
2115 0.42
2116 0.23
2117 0.13
2118 0.44
2119 0.42
2120 0.44
2121 0.44
2122 0.40
2123 0.38
2124 0.44
2125 0.26
2126 0.31
2127 0.24
2128 -0.26
2129 0.34
2130 0.34
2131 0.18
2132 0.12
2133 0.38
2134 0.31
2135 0.14
2136 0.32
2137 0.24
2138 0.06
2139 0.13
2140 0.06
2141 0.07
2142 0.04
2143 0.04
2144 0.28
2145 0.42
2146 0.42
2147 0.23
2148 0.46
2149 0.44
2150 0.40
2151 0.36
2152 0.40
2153 0.40
2154 0.46
2155 0.46
2156 0.44
2157 0.24
2158 0.38
2159 0.42
2160 0.34
2161 0.36
2162 0.42
2163 0.40
2164 0.20
2165 0.28
2166 0.38
2167 0.07
2168 0.18
2169 0.46
2170 0.46
2171 0.38
2172 0.01
2173 0.36
2174 0.44
2175 0.42
2176 0.44
2177 0.40
2178 0.34
2179 0.46
2180 0.46
2181 0.36
2182 0.38
2183 0.46
2184 0.42
2185 0.46
2186 0.36
2187 0.34
2188 0.36
2189 0.42
2190 0.44
2191 0.36
2192 0.34
2193 0.46
2194 0.19
2195 0.24
2196 0.38
2197 0.46
2198 0.46
2199 0.46
2200 0.18
2201 0.21
2202 0.12
2203 0.44
2204 0.23
2205 0.40
2206 -0.34
2207 0.38
2208 0.42
2209 0.42
2210 0.34
2211 0.46
2212 0.08
2213 -0.28
2214 0.09
2215 0.44
2216 0.38
2217 0.38
2218 0.31
2219 0.42
2220 0.07
2221 0.09
2222 0.31
2223 0.19
2224 0.07
2225 0.09
2226 0.36
2227 0.32
2228 0.21
2229 0.08
2230 0.42
2231 0.38
2232 0.28
2233 0.06
2234 0.17
2235 0.23
2236 0.46
2237 0.38
2238 0.40
2239 0.40
2240 0.44
2241 0.36
2242 0.42
2243 0.44
2244 0.29
2245 0.32
2246 0.32
2247 0.42
2248 0.34
2249 0.25
2250 0.38
2251 0.29
2252 0.44
2253 0.44
2254 0.34
2255 0.34
2256 0.44
2257 0.32
2258 0.40
2259 0.44
2260 0.32
2261 0.34
2262 0.44
2263 0.36
2264 0.42
2265 0.34
2266 0.36
2267 0.18
2268 0.44
2269 0.42
2270 0.31
2271 0.31
2272 0.44
2273 0.36
2274 0.40
2275 0.31
2276 0.44
2277 0.44
2278 0.44
2279 0.40
2280 0.44
2281 0.38
2282 0.44
2283 0.44
2284 0.42
2285 0.34
2286 0.34
2287 0.10
2288 0.36
2289 0.36
2290 0.34
2291 0.42
2292 0.40
2293 0.38
2294 0.40
2295 0.28
2296 0.18
2297 0.34
2298 0.42
2299 0.44
2300 0.38
2301 0.38
2302 0.42
2303 0.31
2304 0.40
2305 0.44
2306 -0.26
2307 0.32
2308 0.03
2309 0.13
2310 0.24
2311 0.31
2312 0.28
2313 0.14
2314 0.24
2315 0.44
2316 0.34
2317 0.19
2318 0.46
2319 0.40
2320 0.19
2321 0.23
2322 0.46
2323 0.42
2324 0.32
2325 0.42
2326 0.44
2327 0.44
2328 0.46
2329 0.38
2330 0.44
2331 0.32
2332 0.42
2333 0.38
2334 0.44
2335 0.25
2336 0.34
2337 0.42
2338 0.46
2339 0.46
2340 0.44
2341 0.44
2342 0.34
2343 0.20
2344 0.40
2345 0.40
2346 0.36
2347 0.44
2348 0.32
2349 0.36
2350 0.38
2351 0.40
2352 0.34
2353 0.29
2354 0.29
2355 0.18
2356 0.40
2357 0.40
2358 0.38
2359 0.31
2360 0.40
2361 0.32
2362 0.06
2363 0.19
2364 0.31
2365 0.08
2366 -0.15
2367 0.44
2368 0.40
2369 0.42
2370 0.46
2371 0.44
2372 0.36
2373 0.46
2374 0.46
2375 -0.29
2376 0.44
2377 0.40
2378 0.36
2379 0.36
2380 0.36
2381 0.42
2382 0.36
2383 0.46
2384 0.40
2385 0.40
2386 0.46
2387 0.42
2388 0.46
2389 0.42
2390 0.42
2391 0.21
2392 0.14
2393 0.40
2394 -0.34
2395 0.44
2396 0.46
2397 0.44
2398 0.44
2399 0.46
2400 0.07
2401 0.46
2402 -0.32
2403 0.42
2404 0.36
2405 0.46
2406 0.42
2407 0.44
2408 0.44
2409 0.44
2410 0.24
2411 0.40
2412 0.40
2413 0.40
2414 0.42
2415 0.38
2416 0.40
2417 0.44
2418 0.44
2419 0.44
2420 0.42
2421 0.46
2422 0.44
2423 0.38
2424 0.44
2425 -0.06
2426 0.38
2427 0.46
2428 0.44
2429 0.40
2430 0.46
2431 0.36
2432 0.46
2433 0.46
2434 0.36
2435 -0.26
2436 0.40
2437 0.42
2438 0.42
2439 0.38
2440 0.44
2441 -0.34
2442 0.46
2443 0.38
2444 0.16
2445 0.42
2446 0.40
2447 0.40
2448 0.46
2449 0.44
2450 0.44
2451 0.44
2452 0.38
2453 0.44
2454 0.46
2455 0.38
2456 0.46
2457 0.46
2458 0.31
2459 0.46
2460 0.42
2461 0.42
2462 0.40
2463 0.46
2464 0.42
2465 0.38
2466 0.31
2467 0.38
2468 0.42
2469 0.29
2470 0.36
2471 0.32
2472 0.09
2473 0.17
2474 0.42
2475 0.44
2476 0.38
2477 0.40
2478 0.46
2479 0.44
2480 0.44
2481 0.28
2482 0.40
2483 0.38
2484 0.40
2485 0.42
2486 0.38
2487 0.42
2488 0.40
2489 0.20
2490 0.44
2491 0.34
2492 0.40
2493 0.38
2494 0.40
2495 0.34
2496 0.44
2497 0.40
2498 0.42
2499 0.42
2500 0.38
2501 0.02
2502 0.40
2503 0.44
2504 0.36
2505 -0.23
2506 0.44
2507 0.46
2508 0.28
2509 0.42
2510 0.44
2511 0.46
2512 0.46
2513 0.31
2514 0.42
2515 0.38
2516 0.46
2517 -0.12
2518 0.42
2519 0.42
2520 0.40
2521 0.40
2522 0.32
2523 0.21
2524 0.25
2525 0.24
2526 0.34
2527 0.28
2528 0.38
2529 0.40
2530 0.32
2531 0.42
2532 0.42
2533 0.42
2534 0.32
2535 0.25
2536 0.26
2537 0.15
2538 -0.16
2539 0.46
2540 0.44
2541 0.46
2542 0.34
2543 0.38
2544 -0.25
2545 0.46
2546 0.42
2547 0.26
2548 -0.25
2549 0.32
2550 0.44
2551 0.46
2552 0.38
2553 0.40
2554 0.42
2555 0.46
2556 0.42
2557 0.29
2558 0.44
2559 0.42
2560 0.46
2561 0.42
2562 0.44
2563 0.44
2564 0.34
2565 0.25
2566 0.34
2567 0.46
2568 0.44
2569 0.42
2570 0.38
2571 0.44
2572 0.46
2573 -0.25
2574 0.44
2575 0.38
2576 0.10
2577 0.20
2578 0.44
2579 0.40
2580 0.13
2581 0.44
2582 0.46
2583 0.34
2584 0.46
2585 0.46
2586 0.40
2587 0.46
2588 0.10
2589 0.46
2590 0.40
2591 0.46
2592 0.36
2593 0.38
2594 0.46
2595 0.46
2596 0.40
2597 0.40
2598 0.38
2599 0.29
2600 0.31
2601 0.40
2602 0.44
2603 0.40
2604 0.42
2605 0.44
2606 0.46
2607 0.42
2608 0.46
2609 0.46
2610 0.38
2611 0.40
2612 0.46
2613 0.46
2614 0.38
2615 0.40
2616 0.44
2617 0.13
2618 0.36
2619 0.26
2620 0.23
2621 0.34
2622 0.38
2623 0.40
2624 0.40
2625 0.32
2626 0.36
2627 0.40
2628 0.32
2629 0.40
2630 0.34
2631 0.46
2632 0.42
2633 0.42
2634 0.42
2635 0.44
2636 0.44
2637 0.40
2638 0.46
2639 0.40
2640 0.42
2641 0.40
2642 0.28
2643 0.40
2644 0.46
2645 0.42
2646 0.44
2647 -0.12
2648 0.12
2649 0.16
2650 0.38
2651 0.36
2652 0.05
2653 0.34
2654 0.38
2655 0.34
2656 0.34
2657 0.36
2658 0.42
2659 0.46
2660 0.38
2661 0.42
2662 -0.08
2663 0.42
2664 0.42
2665 0.34
2666 0.42
2667 0.36
2668 0.38
2669 0.46
2670 0.42
2671 0.44
2672 0.44
2673 0.44
2674 0.42
2675 0.46
2676 0.40
2677 0.34
2678 0.46
2679 0.44
2680 0.38
2681 0.42
2682 0.42
2683 0.42
2684 0.44
2685 -0.25
2686 0.34
2687 0.38
2688 0.42
2689 0.42
2690 0.44
2691 0.46
2692 0.44
2693 0.40
2694 0.46
2695 0.42
2696 0.44
2697 0.42
2698 -0.20
2699 0.38
2700 0.44
2701 0.42
2702 0.44
2703 0.42
2704 0.42
2705 0.40
2706 0.44
2707 0.44
2708 0.38
2709 0.36
2710 0.44
2711 0.31
2712 -0.24
2713 0.36
2714 0.21
2715 0.34
2716 0.40
2717 0.46
2718 0.38
2719 0.46
2720 0.44
2721 0.46
2722 0.44
2723 0.46
2724 0.42
2725 0.36
2726 0.46
2727 0.44
2728 0.40
2729 0.34
2730 0.38
2731 0.46
2732 0.40
2733 0.40
2734 0.34
2735 0.42
2736 0.01
2737 0.46
2738 0.20
2739 0.44
2740 0.46
2741 0.18
2742 0.40
2743 0.46
2744 -0.12
2745 0.29
2746 0.44
2747 0.46
2748 0.44
2749 0.46
2750 -0.23
2751 0.40
2752 -0.15
2753 0.44
2754 0.46
2755 0.44
2756 0.20
2757 0.24
2758 0.38
2759 0.44
2760 0.31
2761 0.40
2762 0.34
2763 0.40
2764 0.34
2765 0.34
2766 0.40
2767 0.40
2768 0.38
2769 0.21
2770 0.40
2771 0.42
2772 0.26
2773 0.29
2774 0.34
2775 0.42
2776 -0.19
2777 0.40
2778 0.40
2779 0.40
2780 0.44
2781 0.40
2782 0.38
2783 0.44
2784 0.42
2785 0.26
2786 0.44
2787 0.29
2788 0.46
2789 0.40
2790 0.46
2791 0.44
2792 0.42
2793 0.46
2794 -0.13
2795 0.46
2796 0.42
2797 0.44
2798 0.44
2799 0.38
2800 0.40
2801 -0.23
2802 -0.11
2803 0.19
2804 0.31
2805 0.25
2806 0.26
2807 0.42
2808 0.40
2809 0.31
2810 0.31
2811 0.46
2812 0.31
2813 0.34
2814 0.28
2815 0.36
2816 0.44
2817 0.32
2818 0.32
2819 -0.32
2820 0.46
2821 0.24
2822 0.34
2823 0.20
2824 0.44
2825 0.38
2826 0.24
2827 0.44
2828 0.40
2829 0.46
2830 0.42
2831 0.42
2832 0.40
2833 0.46
2834 0.46
2835 0.06
2836 0.38
2837 0.44
2838 0.20
2839 0.46
2840 -0.13
2841 0.42
2842 0.36
2843 0.46
2844 0.44
2845 0.44
2846 0.46
2847 -0.34
2848 0.42
2849 0.44
2850 0.40
2851 0.44
2852 0.46
2853 0.44
2854 0.40
2855 0.42
2856 0.44
2857 0.42
2858 0.42
2859 0.46
2860 0.44
2861 0.44
2862 0.31
2863 0.44
2864 0.42
2865 0.40
2866 0.44
2867 0.38
2868 0.38
2869 0.44
2870 0.44
2871 0.31
2872 0.42
2873 0.34
2874 0.24
2875 0.31
2876 0.34
2877 0.34
2878 0.44
2879 0.40
2880 0.44
2881 0.46
2882 0.44
2883 0.44
2884 0.46
2885 0.40
2886 0.46
2887 0.42
2888 0.36
2889 0.46
2890 0.42
2891 0.46
2892 -0.23
2893 0.46
2894 0.46
2895 0.34
2896 0.46
2897 0.03
2898 0.40
2899 0.38
2900 0.40
2901 0.34
2902 0.40
2903 0.10
2904 0.38
2905 0.44
2906 0.42
2907 0.44
2908 0.44
2909 0.46
2910 0.40
2911 0.46
2912 0.31
2913 0.46
2914 0.36
2915 0.42
2916 0.40
2917 0.46
2918 0.34
2919 0.29
2920 0.04
2921 0.46
2922 0.34
2923 0.44
2924 0.44
2925 0.44
2926 0.42
2927 0.40
2928 0.44
2929 0.46
2930 0.46
2931 0.46
2932 0.42
2933 0.46
2934 0.40
2935 0.44
2936 0.46
2937 0.31
2938 0.42
2939 -0.38
2940 0.38
2941 0.03
2942 0.42
2943 0.42
2944 0.44
2945 0.36
2946 0.28
2947 0.46
2948 0.44
2949 0.36
2950 0.38
2951 0.32
2952 0.09
2953 0.21
2954 0.11
2955 0.44
2956 0.32
2957 0.42
2958 0.44
2959 0.40
2960 0.46
2961 0.42
2962 0.44
2963 0.32
2964 0.44
2965 0.46
2966 0.44
2967 0.44
2968 0.40
2969 0.44
2970 0.44
2971 -0.29
2972 0.40
2973 0.34
2974 0.34
2975 0.31
2976 0.42
2977 0.28
2978 0.40
2979 0.40
2980 0.34
2981 0.23
2982 0.38
2983 0.29
2984 0.38
2985 0.38
2986 0.42
2987 0.46
2988 0.38
2989 0.42
2990 0.42
2991 0.44
2992 0.46
2993 0.28
2994 0.44
2995 0.46
2996 -0.04
2997 0.34
2998 0.26
2999 0.40
3000 0.40
3001 0.19
3002 0.31
3003 0.09
3004 0.02
3005 0.18
3006 0.09
3007 0.12
3008 0.09
3009 0.40
3010 0.42
3011 0.44
3012 0.44
3013 0.46
3014 -0.24
3015 0.28
3016 0.42
3017 -0.03
3018 0.34
3019 0.34
3020 0.36
3021 0.38
3022 0.46
3023 0.44
3024 0.40
3025 0.42
3026 0.46
3027 0.40
3028 0.46
3029 0.46
3030 0.36
3031 0.42
3032 0.42
3033 0.36
3034 0.46
3035 0.46
3036 0.36
3037 0.29
3038 0.44
3039 0.40
3040 0.42
3041 0.36
3042 0.36
3043 0.44
3044 0.46
3045 -0.36
3046 0.40
3047 0.40
3048 0.24
3049 0.44
3050 0.38
3051 0.34
3052 0.38
3053 0.42
3054 0.36
3055 0.32
3056 0.46
3057 0.46
3058 0.42
3059 0.40
3060 0.42
3061 0.46
3062 0.44
3063 0.36
3064 0.29
3065 0.44
3066 0.42
3067 0.46
3068 0.46
3069 0.31
3070 0.42
3071 0.44
3072 0.42
3073 0.42
3074 0.06
3075 0.44
3076 0.42
3077 0.42
3078 0.44
3079 0.42
3080 0.42
3081 0.12
3082 0.46
3083 0.44
3084 0.44
3085 0.46
3086 0.46
3087 0.46
3088 0.42
3089 0.44
3090 0.38
3091 0.42
3092 0.34
3093 0.40
3094 0.44
3095 0.38
3096 0.40
3097 0.38
3098 0.44
3099 0.40
3100 0.36
3101 0.44
3102 0.40
3103 0.46
3104 0.40
3105 0.40
3106 0.38
3107 0.32
3108 0.14
3109 0.28
3110 0.46
3111 0.42
3112 0.44
3113 0.40
3114 0.44
3115 0.46
3116 0.42
3117 0.36
3118 0.40
3119 0.44
3120 0.44
3121 0.44
3122 0.46
3123 0.44
3124 0.42
3125 0.09
3126 -0.32
3127 -0.32
3128 0.25
3129 0.34
3130 0.36
3131 0.29
3132 0.36
3133 0.42
3134 0.44
3135 0.14
3136 0.46
3137 0.42
3138 0.38
3139 0.25
3140 0.42
3141 0.46
3142 0.44
3143 -0.24
3144 0.44
3145 0.46
3146 0.44
3147 0.40
3148 0.40
3149 0.44
3150 0.44
3151 0.44
3152 0.38
3153 0.40
3154 -0.19
3155 0.36
3156 0.46
3157 0.46
3158 0.46
3159 0.46
3160 0.46
3161 -0.34
3162 0.31
3163 0.44
3164 0.40
3165 0.36
3166 0.40
3167 0.46
3168 -0.25
3169 0.44
3170 0.44
3171 0.44
3172 0.40
3173 0.29
3174 0.40
3175 0.46
3176 0.24
3177 0.42
3178 0.44
3179 0.42
3180 0.40
3181 0.28
3182 0.46
3183 0.44
3184 0.38
3185 0.46
3186 0.44
3187 0.44
3188 0.40
3189 0.44
3190 0.46
3191 0.40
3192 0.44
3193 0.46
3194 0.44
3195 0.46
3196 0.46
3197 0.14
3198 0.40
3199 0.42
3200 0.36
3201 0.40
3202 0.44
3203 0.42
3204 0.26
3205 0.46
3206 0.19
3207 0.46
3208 0.38
3209 0.42
3210 0.42
3211 0.44
3212 0.46
3213 0.46
3214 0.36
3215 0.46
3216 0.46
3217 0.44
3218 0.34
3219 0.31
3220 0.42
3221 0.31
3222 0.46
3223 0.44
3224 0.09
3225 0.44
3226 0.42
3227 0.40
3228 0.44
3229 0.42
3230 0.44
3231 0.32
3232 0.40
3233 0.46
3234 0.46
3235 0.46
3236 0.44
3237 0.05
3238 0.38
3239 0.44
3240 0.38
3241 -0.05
3242 0.21
3243 0.26
3244 0.44
3245 0.42
3246 0.40
3247 0.38
3248 0.46
3249 0.44
3250 0.46
3251 0.42
3252 0.46
3253 0.46
3254 0.40
3255 0.36
3256 0.42
3257 0.36
3258 0.38
3259 0.42
3260 0.42
3261 0.42
3262 0.42
3263 0.36
3264 0.32
3265 0.04
3266 0.40
3267 0.42
3268 0.36
3269 0.46
3270 0.42
3271 0.42
3272 0.46
3273 0.46
3274 0.32
3275 0.44
3276 0.42
3277 0.38
3278 0.40
3279 0.40
3280 0.38
3281 0.46
3282 0.42
3283 0.36
3284 -0.14
3285 -0.31
3286 0.36
3287 -0.06
3288 0.42
3289 0.42
3290 0.44
3291 0.46
3292 0.44
3293 0.44
3294 0.44
3295 0.40
3296 0.46
3297 0.40
3298 0.42
3299 0.44
3300 0.44
3301 0.40
3302 0.42
3303 0.38
3304 0.38
3305 0.42
3306 0.44
3307 0.36
3308 0.42
3309 0.46
3310 0.44
3311 0.40
3312 0.46
3313 0.42
3314 0.29
3315 0.42
3316 0.44
3317 0.18
3318 0.46
3319 0.40
3320 0.46
3321 0.46
3322 0.40
3323 0.44
3324 0.46
3325 0.42
3326 0.44
3327 0.46
3328 0.34
3329 0.42
3330 0.38
3331 0.42
3332 0.40
3333 0.44
3334 0.42
3335 0.38
3336 0.44
3337 0.36
3338 0.44
3339 0.40
3340 0.44
3341 0.40
3342 0.34
3343 0.44
3344 0.44
3345 0.38
3346 0.46
3347 0.36
3348 0.06
3349 0.46
3350 0.28
3351 0.44
3352 0.44
3353 0.44
3354 -0.10
3355 0.34
3356 -0.17
3357 0.38
3358 0.44
3359 -0.34
3360 0.38
3361 0.25
3362 0.44
3363 0.40
3364 0.44
3365 0.46
3366 0.46
3367 0.44
3368 0.44
3369 0.44
3370 0.40
3371 0.42
3372 0.44
3373 0.42
3374 0.36
3375 0.34
3376 0.44
3377 0.44
3378 0.25
3379 -0.23
3380 0.44
3381 0.46
3382 0.38
3383 -0.24
3384 0.46
3385 0.32
3386 0.44
3387 0.46
3388 -0.17
3389 -0.12
3390 0.36
3391 0.46
3392 0.46
3393 0.38
3394 0.46
3395 0.44
3396 -0.14
3397 0.40
3398 0.36
3399 0.46
3400 0.42
3401 0.44
3402 0.42
3403 0.34
3404 0.42
3405 0.40
3406 0.40
3407 0.38
3408 0.44
3409 0.32
3410 0.44
3411 -0.29
3412 0.44
3413 0.40
3414 0.44
3415 -0.36
3416 0.36
3417 0.26
3418 0.32
3419 0.46
3420 0.44
3421 0.36
3422 0.46
3423 0.44
3424 0.40
3425 0.46
3426 -0.18
3427 0.28
3428 0.24
3429 0.46
3430 0.42
3431 0.46
3432 0.34
3433 0.46
3434 0.32
3435 0.44
3436 0.40
3437 0.46
3438 0.40
3439 -0.32
3440 0.40
3441 0.42
3442 0.42
3443 0.46
3444 0.46
3445 0.44
3446 0.40
3447 0.34
3448 0.34
3449 0.46
3450 0.36
3451 0.46
3452 0.46
3453 0.40
3454 0.42
3455 0.44
3456 0.31
3457 0.42
3458 0.38
3459 0.32
3460 0.05
3461 0.40
3462 0.34
3463 -0.24
3464 0.08
3465 0.40
3466 0.36
3467 0.42
3468 0.46
3469 -0.32
3470 0.32
3471 0.38
3472 0.38
3473 0.42
3474 0.32
3475 0.46
3476 0.40
3477 0.38
3478 0.44
3479 0.46
3480 0.46
3481 0.42
3482 0.42
3483 0.46
3484 0.40
3485 0.44
3486 0.44
3487 0.36
3488 0.44
3489 0.12
3490 0.44
3491 -0.18
3492 0.38
3493 0.42
3494 0.31
3495 0.36
3496 0.40
3497 -0.38
3498 -0.34
3499 0.26
3500 0.10
3501 0.14
3502 0.09
3503 0.06
3504 0.01
3505 0.36
3506 0.40
3507 0.19
3508 0.16
3509 0.28
3510 0.26
3511 0.38
3512 0.34
3513 0.26
3514 0.26
3515 0.34
3516 0.15
3517 0.31
3518 0.42
3519 0.26
3520 0.25
3521 0.32
3522 0.34
3523 0.42
3524 0.36
3525 0.42
3526 0.36
3527 0.18
3528 0.40
3529 0.29
3530 0.31
3531 0.42
3532 0.44
3533 0.34
3534 0.40
3535 0.42
3536 0.32
3537 0.32
3538 0.26
3539 -0.20
3540 0.34
3541 0.26
3542 0.44
3543 0.28
3544 0.36
3545 0.42
3546 0.44
3547 0.44
3548 0.31
3549 0.05
3550 0.08
3551 0.16
3552 0.29
3553 -0.07
3554 0.28
3555 0.31
3556 0.25
3557 0.32
3558 0.00
3559 0.40
3560 0.42
3561 0.31
3562 0.46
3563 0.46
3564 0.32
3565 0.42
3566 0.46
3567 0.44
3568 0.42
3569 0.40
3570 0.42
3571 0.31
3572 0.46
3573 0.34
3574 0.38
3575 0.13
3576 0.42
3577 0.38
3578 0.44
3579 0.46
3580 0.46
3581 0.32
3582 0.46
3583 0.44
3584 0.46
3585 0.34
3586 0.42
3587 0.38
3588 0.40
3589 0.42
3590 0.40
3591 0.40
3592 0.32
3593 0.44
3594 0.36
3595 0.44
3596 0.46
3597 -0.32
3598 0.38
3599 0.42
3600 0.42
3601 0.40
3602 0.44
3603 -0.31
3604 0.44
3605 0.46
3606 0.40
3607 0.46
3608 0.44
3609 0.46
3610 0.38
3611 0.44
3612 0.44
3613 -0.14
3614 0.42
3615 0.42
3616 0.44
3617 0.46
3618 0.38
3619 0.46
3620 0.40
3621 -0.10
3622 0.36
3623 0.44
3624 0.32
3625 0.46
3626 0.42
3627 0.44
3628 0.46
3629 0.38
3630 0.44
3631 0.46
3632 0.42
3633 0.38
3634 0.42
3635 0.38
3636 0.42
3637 0.34
3638 0.46
3639 0.40
3640 0.44
3641 0.40
3642 0.40
3643 0.38
3644 0.46
3645 0.31
3646 0.44
3647 0.44
3648 0.42
3649 0.36
3650 0.20
3651 0.38
3652 0.46
3653 0.44
3654 0.46
3655 0.44
3656 0.38
3657 0.34
3658 0.38
3659 0.40
3660 0.36
3661 0.34
3662 0.26
3663 0.34
3664 0.36
3665 0.42
3666 0.32
3667 0.24
3668 0.38
3669 0.42
3670 0.36
3671 0.36
3672 0.31
3673 0.42
3674 0.42
3675 0.38
3676 0.46
3677 0.32
3678 0.46
3679 0.32
3680 0.46
3681 0.32
3682 0.38
3683 0.44
3684 0.38
3685 0.36
3686 0.29
3687 0.44
3688 0.44
3689 0.44
3690 0.46
3691 0.32
3692 0.38
3693 0.46
3694 0.40
3695 0.42
3696 0.23
3697 0.38
3698 0.40
3699 0.42
3700 0.46
3701 0.44
3702 0.38
3703 0.46
3704 0.42
3705 0.44
3706 0.38
3707 0.46
3708 0.46
3709 0.34
3710 0.34
3711 0.46
3712 0.42
3713 0.44
3714 0.42
3715 0.34
3716 0.44
3717 0.42
3718 0.46
3719 0.46
3720 0.44
3721 0.34
3722 0.46
3723 0.40
3724 0.46
3725 0.38
3726 0.44
3727 0.42
3728 0.44
3729 0.09
3730 -0.23
3731 0.04
3732 0.40
3733 0.25
3734 0.38
3735 0.38
3736 0.38
3737 0.34
3738 0.40
3739 0.42
3740 0.26
3741 0.42
3742 0.42
3743 0.44
3744 0.44
3745 0.46
3746 0.42
3747 0.36
3748 0.46
3749 0.38
3750 0.42
3751 0.34
3752 0.42
3753 0.42
3754 0.28
3755 0.46
3756 0.38
3757 0.44
3758 0.44
3759 0.42
3760 0.34
3761 0.36
3762 0.36
3763 0.46
3764 0.28
3765 0.28
3766 0.42
3767 0.23
3768 0.38
3769 0.42
3770 0.46
3771 0.34
3772 0.44
3773 0.44
3774 0.46
3775 0.46
3776 0.46
3777 0.40
3778 0.44
3779 0.25
3780 0.46
3781 0.29
3782 -0.23
3783 0.44
3784 0.42
3785 0.38
3786 0.46
3787 0.44
3788 0.34
3789 0.34
3790 -0.32
3791 0.28
3792 0.44
3793 0.44
3794 0.40
3795 0.31
3796 -0.36
3797 -0.34
3798 0.31
3799 0.42
3800 0.44
3801 0.46
3802 0.46
3803 0.46
3804 0.46
3805 0.44
3806 -0.24
3807 0.40
3808 0.42
3809 0.46
3810 0.46
3811 0.44
3812 0.34
3813 0.46
3814 0.46
3815 0.44
3816 0.40
3817 0.40
3818 0.44
3819 0.21
3820 0.46
3821 0.42
3822 0.42
3823 0.36
3824 0.46
3825 0.46
3826 0.46
3827 0.36
3828 0.44
3829 0.46
3830 0.42
3831 0.32
3832 0.44
3833 0.44
3834 0.44
3835 0.44
3836 0.46
3837 0.46
3838 0.42
3839 0.44
3840 0.40
3841 0.40
3842 0.42
3843 0.46
3844 0.42
3845 0.44
3846 0.44
3847 0.46
3848 0.40
3849 0.42
3850 0.46
3851 0.44
3852 0.38
3853 -0.32
3854 0.44
3855 0.40
3856 0.46
3857 0.38
3858 0.42
3859 0.46
3860 0.44
3861 0.38
3862 0.40
3863 0.38
3864 0.46
3865 0.46
3866 0.42
3867 0.44
3868 0.40
3869 0.42
3870 0.44
3871 0.38
3872 0.40
3873 0.42
3874 0.44
3875 0.40
3876 0.29
3877 0.46
3878 0.46
3879 0.38
3880 0.42
3881 0.34
3882 0.40
3883 0.44
3884 0.46
3885 0.46
3886 0.46
3887 0.46
3888 0.46
3889 0.46
3890 0.46
3891 0.42
3892 0.44
3893 0.46
3894 0.46
3895 0.46
3896 0.42
3897 0.44
3898 0.32
3899 0.46
3900 0.44
3901 0.44
3902 0.46
3903 -0.20
3904 0.40
3905 0.44
3906 0.44
3907 0.46
3908 0.44
3909 0.42
3910 0.44
3911 -0.19
3912 0.46
3913 0.32
3914 0.32
3915 0.38
3916 0.46
3917 0.44
3918 0.42
3919 -0.23
3920 0.44
3921 0.42
3922 0.46
3923 0.42
3924 0.42
3925 0.42
3926 0.46
3927 0.38
3928 0.46
3929 0.46
3930 0.40
3931 0.38
3932 0.34
3933 0.46
3934 0.46
3935 0.38
3936 0.46
3937 0.42
3938 0.38
3939 0.10
3940 0.42
3941 0.42
3942 0.44
3943 0.46
3944 0.44
3945 0.36
3946 0.38
3947 0.44
3948 0.36
3949 0.25
3950 0.44
3951 0.44
3952 0.10
3953 0.40
3954 0.40
3955 0.40
3956 0.46
3957 0.21
3958 0.24
3959 0.38
3960 0.38
3961 0.46
3962 0.44
3963 0.31
3964 0.42
3965 0.36
3966 0.42
3967 0.44
3968 -0.38
3969 0.29
3970 0.18
3971 0.31
3972 0.24
3973 0.15
3974 0.21
3975 0.09
3976 0.46
3977 0.40
3978 0.44
3979 0.46
3980 0.44
3981 0.46
3982 0.46
3983 0.36
3984 0.40
3985 0.40
3986 0.46
3987 0.40
3988 0.28
3989 0.44
3990 0.46
3991 0.29
3992 0.42
3993 -0.26
3994 0.32
3995 0.34
3996 0.29
3997 0.46
3998 0.36
3999 0.42
4000 0.46
4001 0.36
4002 0.46
4003 0.38
4004 0.42
4005 0.42
4006 0.40
4007 0.42
4008 0.24
4009 0.40
4010 -0.26
4011 0.42
4012 0.40
4013 0.40
4014 0.36
4015 0.40
4016 0.32
4017 0.40
4018 0.36
4019 -0.09
4020 0.34
4021 0.36
4022 0.40
4023 0.44
4024 0.46
4025 0.46
4026 0.42
4027 0.46
4028 0.46
4029 0.44
4030 -0.23
4031 0.40
4032 0.42
4033 0.32
4034 0.32
4035 -0.24
4036 0.42
4037 0.40
4038 0.44
4039 0.34
4040 0.46
4041 0.42
4042 0.46
4043 0.46
4044 0.46
4045 0.42
4046 0.36
4047 0.46
4048 0.40
4049 0.25
4050 0.32
4051 0.31
4052 0.44
4053 0.38
4054 0.44
4055 0.44
4056 -0.18
4057 0.44
4058 0.42
4059 0.46
4060 0.40
4061 0.46
4062 0.42
4063 0.44
4064 0.42
4065 0.46
4066 0.44
4067 0.46
4068 0.42
4069 0.46
4070 0.44
4071 0.46
4072 0.42
4073 0.40
4074 0.38
4075 0.42
4076 0.46
4077 0.44
4078 0.38
4079 0.34
4080 0.44
4081 0.44
4082 0.44
4083 0.34
4084 0.44
4085 0.36
4086 0.44
4087 0.44
4088 0.44
4089 0.38
4090 0.46
4091 0.36
4092 0.44
4093 0.40
4094 0.26
4095 0.42
4096 0.38
4097 0.38
4098 0.46
4099 0.44
4100 0.46
4101 -0.14
4102 0.40
4103 0.44
4104 0.44
4105 0.07
4106 0.42
4107 0.46
4108 0.44
4109 0.16
4110 0.46
4111 0.42
4112 0.38
4113 0.38
4114 0.44
4115 0.46
4116 0.44
4117 0.46
4118 0.34
4119 0.42
4120 0.40
4121 0.44
4122 0.46
4123 0.46
4124 0.36
4125 0.46
4126 0.20
4127 0.38
4128 -0.18
4129 0.38
4130 0.44
4131 0.46
4132 0.44
4133 0.29
4134 0.40
4135 0.31
4136 0.34
4137 0.42
4138 0.44
4139 0.44
4140 0.46
4141 0.31
4142 0.38
4143 0.14
4144 0.44
4145 0.44
4146 -0.08
4147 0.42
4148 0.40
4149 0.46
4150 0.42
4151 0.34
4152 0.44
4153 0.42
4154 0.38
4155 0.44
4156 0.24
4157 -0.23
4158 0.40
4159 0.44
4160 0.42
4161 0.36
4162 0.40
4163 0.42
4164 0.32
4165 0.46
4166 0.46
4167 0.40
4168 0.40
4169 0.46
4170 0.42
4171 0.42
4172 0.31
4173 0.36
4174 0.38
4175 0.34
4176 0.44
4177 0.44
4178 0.44
4179 0.46
4180 0.42
4181 0.44
4182 0.40
4183 0.44
4184 0.34
4185 0.44
4186 0.44
4187 0.46
4188 0.40
4189 0.38
4190 0.40
4191 0.46
4192 0.42
4193 0.46
4194 0.42
4195 0.42
4196 0.42
4197 0.42
4198 0.40
4199 0.42
4200 0.42
4201 0.38
4202 0.40
4203 0.46
4204 0.42
4205 0.42
4206 0.46
4207 0.40
4208 0.46
4209 0.46
4210 0.36
4211 0.24
4212 0.40
4213 0.44
4214 0.42
4215 0.40
4216 0.34
4217 0.40
4218 0.25
4219 0.36
4220 -0.36
4221 0.25
4222 0.23
4223 0.38
4224 0.44
4225 0.44
4226 0.29
4227 0.46
4228 0.46
4229 0.32
4230 0.40
4231 0.38
4232 0.46
4233 0.42
4234 0.46
4235 0.46
4236 0.44
4237 0.40
4238 0.44
4239 -0.34
4240 -0.34
4241 -0.00
4242 -0.02
4243 -0.05
4244 0.11
4245 0.02
4246 0.17
4247 0.40
4248 0.34
4249 0.36
4250 0.40
4251 0.38
4252 0.44
4253 0.38
4254 0.42
4255 0.46
4256 0.44
4257 0.38
4258 0.44
4259 0.46
4260 0.40
4261 0.38
4262 0.46
4263 0.46
4264 0.42
4265 0.44
4266 0.42
4267 0.46
4268 0.42
4269 -0.25
4270 0.44
4271 0.44
4272 0.40
4273 0.46
4274 0.38
4275 0.38
4276 0.38
4277 0.46
4278 0.44
4279 0.40
4280 0.44
4281 0.40
4282 0.46
4283 0.38
4284 0.34
4285 0.42
4286 0.36
4287 0.44
4288 0.38
4289 0.34
4290 0.44
4291 0.40
4292 0.44
4293 0.46
4294 0.40
4295 0.42
4296 0.46
4297 0.42
4298 0.44
4299 0.34
4300 0.40
4301 -0.31
4302 0.42
4303 0.40
4304 0.42
4305 0.44
4306 0.40
4307 0.44
4308 0.38
4309 0.38
4310 0.29
4311 0.38
4312 0.40
4313 0.36
4314 0.44
4315 0.44
4316 0.42
4317 0.42
4318 0.42
4319 0.32
4320 -0.09
4321 0.38
4322 0.42
4323 0.44
4324 0.42
4325 0.44
4326 0.38
4327 0.40
4328 0.40
4329 0.38
4330 0.36
4331 0.46
4332 0.42
4333 0.40
4334 0.40
4335 0.44
4336 0.42
4337 0.44
4338 0.44
4339 0.40
4340 0.46
4341 0.13
4342 0.46
4343 0.44
4344 0.46
4345 0.40
4346 0.42
4347 0.13
4348 0.42
4349 0.46
4350 0.46
4351 0.44
4352 0.40
4353 0.40
4354 0.40
4355 0.42
4356 0.38
4357 0.46
4358 0.44
4359 0.40
4360 0.44
4361 0.42
4362 0.40
4363 0.42
4364 0.42
4365 0.44
4366 0.40
4367 0.44
4368 0.44
4369 0.46
4370 0.42
4371 0.44
4372 0.42
4373 0.44
4374 0.31
4375 0.44
4376 0.44
4377 0.44
4378 0.31
4379 0.38
4380 0.44
4381 0.34
4382 0.06
4383 0.42
4384 -0.36
4385 0.40
4386 0.40
4387 0.44
4388 0.38
4389 0.34
4390 0.36
4391 0.36
4392 0.32
4393 0.40
4394 0.34
4395 0.28
4396 0.12
4397 0.40
4398 -0.08
4399 0.44
4400 0.34
4401 0.40
4402 0.44
4403 0.42
4404 0.38
4405 0.38
4406 0.46
4407 0.46
4408 0.44
4409 0.44
4410 0.46
4411 0.46
4412 0.38
4413 0.44
4414 0.42
4415 0.31
4416 0.34
4417 0.44
4418 0.36
4419 0.42
4420 0.46
4421 0.42
4422 0.42
4423 0.36
4424 0.38
4425 0.42
4426 0.19
4427 0.44
4428 0.38
4429 0.18
4430 0.46
4431 0.42
4432 0.21
4433 0.42
4434 0.46
4435 0.46
4436 0.40
4437 0.34
4438 0.44
4439 0.42
4440 0.42
4441 -0.23
4442 0.38
4443 0.46
4444 0.36
4445 0.46
4446 0.38
4447 0.29
4448 0.40
4449 0.36
4450 0.44
4451 0.46
4452 0.42
4453 0.44
4454 0.46
4455 0.46
4456 0.44
4457 -0.28
4458 0.46
4459 0.46
4460 0.46
4461 0.42
4462 0.44
4463 0.44
4464 0.46
4465 0.36
4466 0.36
4467 0.42
4468 0.44
4469 0.40
4470 0.44
4471 0.40
4472 0.46
4473 0.46
4474 0.44
4475 0.42
4476 0.44
4477 0.44
4478 0.42
4479 0.46
4480 0.46
4481 0.42
4482 0.06
4483 0.46
4484 -0.24
4485 0.38
4486 0.38
4487 0.40
4488 0.44
4489 0.44
4490 0.38
4491 0.34
4492 0.44
4493 -0.26
4494 0.44
4495 0.42
4496 0.38
4497 0.44
4498 0.32
4499 0.46
4500 0.40
4501 0.40
4502 0.40
4503 0.44
4504 0.40
4505 0.24
4506 0.31
4507 0.42
4508 0.46
4509 0.44
4510 0.44
4511 0.38
4512 0.44
4513 0.40
4514 0.42
4515 0.44
4516 0.44
4517 0.42
4518 0.34
4519 0.46
4520 0.42
4521 0.46
4522 0.38
4523 0.40
4524 -0.34
4525 0.40
4526 0.40
4527 0.40
4528 0.40
4529 0.36
4530 0.28
4531 -0.38
4532 0.42
4533 0.20
4534 0.38
4535 0.38
4536 0.26
4537 0.40
4538 0.46
4539 0.42
4540 0.36
4541 0.42
4542 0.36
4543 0.28
4544 0.46
4545 0.38
4546 0.36
4547 0.44
4548 0.46
4549 0.44
4550 0.46
4551 0.38
4552 0.44
4553 0.42
4554 0.29
4555 0.40
4556 0.44
4557 0.44
4558 0.44
4559 0.42
4560 0.44
4561 0.38
4562 0.46
4563 0.46
4564 0.38
4565 0.44
4566 0.44
4567 0.42
4568 0.44
4569 0.28
4570 0.42
4571 0.38
4572 0.34
4573 0.44
4574 0.09
4575 0.38
4576 0.40
4577 0.36
4578 0.40
4579 0.40
4580 0.42
4581 0.44
4582 0.42
4583 0.36
4584 0.24
4585 0.46
4586 0.46
4587 0.40
4588 0.44
4589 0.44
4590 0.42
4591 0.44
4592 0.46
4593 0.17
4594 0.44
4595 0.40
4596 0.32
4597 0.42
4598 0.44
4599 0.38
4600 0.42
4601 0.46
4602 0.42
4603 0.24
4604 0.42
4605 0.40
4606 0.42
4607 0.44
4608 0.40
4609 0.44
4610 0.26
4611 0.38
4612 0.36
4613 0.28
4614 0.29
4615 0.38
4616 0.42
4617 0.24
4618 0.23
4619 0.44
4620 0.36
4621 0.46
4622 0.40
4623 0.32
4624 0.44
4625 0.38
4626 0.44
4627 0.42
4628 0.42
4629 0.38
4630 0.46
4631 0.44
4632 0.44
4633 0.44
4634 0.42
4635 0.34
4636 0.42
4637 0.36
4638 0.31
4639 0.42
4640 0.46
4641 0.40
4642 0.40
4643 0.46
4644 -0.00
4645 0.44
4646 0.44
4647 0.36
4648 0.38
4649 0.38
4650 0.46
4651 0.42
4652 0.36
4653 0.23
4654 0.46
4655 0.42
4656 0.46
4657 0.38
4658 0.44
4659 0.46
4660 0.46
4661 0.46
4662 0.46
4663 0.38
4664 0.42
4665 0.42
4666 0.29
4667 0.34
4668 0.42
4669 0.44
4670 0.46
4671 0.19
4672 0.46
4673 -0.36
4674 0.42
4675 0.44
4676 -0.28
4677 0.42
4678 0.46
4679 0.46
4680 0.44
4681 0.46
4682 0.17
4683 0.46
4684 0.38
4685 0.44
4686 0.36
4687 0.46
4688 0.46
4689 0.42
4690 0.42
4691 0.44
4692 0.38
4693 0.46
4694 0.46
4695 0.44
4696 0.40
4697 0.44
4698 0.29
4699 0.42
4700 0.44
4701 0.44
4702 0.46
4703 0.17
4704 0.46
4705 0.44
4706 0.46
4707 0.42
4708 0.24
4709 0.02
4710 0.46
4711 0.44
4712 0.46
4713 0.44
4714 0.44
4715 0.38
4716 0.44
4717 0.36
4718 0.46
4719 0.38
4720 0.29
4721 0.38
4722 0.40
4723 0.28
4724 0.44
4725 -0.42
4726 0.17
4727 0.40
4728 -0.31
4729 0.38
4730 0.42
4731 0.46
4732 0.44
4733 0.34
4734 0.44
4735 0.42
4736 0.34
4737 0.44
4738 0.46
4739 0.36
4740 0.46
4741 0.44
4742 0.24
4743 0.38
4744 0.46
4745 0.44
4746 0.42
4747 0.38
4748 0.42
4749 0.46
4750 0.38
4751 0.46
4752 0.42
4753 0.44
4754 0.46
4755 0.36
4756 0.42
4757 0.46
4758 0.44
4759 0.34
4760 0.44
4761 0.44
4762 0.44
4763 0.36
4764 0.46
4765 0.40
4766 0.46
4767 0.46
4768 0.44
4769 0.44
4770 0.44
4771 0.40
4772 0.46
4773 0.46
4774 0.46
4775 0.46
4776 0.40
4777 0.18
4778 0.32
4779 0.46
4780 0.44
4781 0.40
4782 0.40
4783 0.42
4784 0.42
4785 0.42
4786 0.29
4787 0.36
4788 0.38
4789 0.42
4790 0.10
4791 0.32
4792 0.44
4793 0.46
4794 0.44
4795 0.29
4796 0.11
4797 0.25
4798 0.38
4799 0.40
4800 0.44
4801 0.42
4802 0.46
4803 0.46
4804 0.44
4805 -0.34
4806 0.38
4807 0.13
4808 0.36
4809 0.26
4810 0.40
4811 0.40
4812 0.46
4813 0.38
4814 0.40
4815 0.42
4816 0.40
4817 0.46
4818 0.36
4819 0.44
4820 0.42
4821 0.42
4822 0.44
4823 0.44
4824 0.44
4825 0.38
4826 0.44
4827 0.40
4828 0.31
4829 0.44
4830 -0.31
4831 0.46
4832 0.42
4833 0.36
4834 0.44
4835 0.26
4836 0.40
4837 0.46
4838 0.40
4839 0.46
4840 0.42
4841 0.38
4842 0.18
4843 0.40
4844 0.44
4845 0.40
4846 0.42
4847 0.38
4848 0.40
4849 0.34
4850 0.46
4851 0.42
4852 0.36
4853 0.44
4854 0.42
4855 0.46
4856 0.29
4857 0.40
4858 0.40
4859 0.31
4860 0.38
4861 0.36
4862 0.38
4863 0.46
4864 0.44
4865 0.44
4866 0.42
4867 -0.02
4868 0.16
4869 0.38
4870 0.42
4871 0.40
4872 0.46
4873 0.42
4874 0.46
4875 0.46
4876 -0.31
4877 0.44
4878 0.42
4879 0.46
4880 0.46
4881 0.40
4882 -0.19
4883 0.40
4884 0.44
4885 0.42
4886 0.44
4887 0.44
4888 0.44
4889 0.42
4890 0.42
4891 0.42
4892 0.44
4893 0.44
4894 0.46
4895 0.44
4896 0.42
4897 0.46
4898 0.40
4899 0.36
4900 0.44
4901 0.44
4902 0.42
4903 0.46
4904 0.34
4905 0.46
4906 0.18
4907 0.38
4908 0.46
4909 0.42
4910 0.38
4911 0.34
4912 0.44
4913 0.18
4914 0.32
4915 0.31
4916 0.46
4917 0.38
4918 0.38
4919 0.40
4920 0.36
4921 0.38
4922 0.42
4923 0.28
4924 0.44
4925 0.46
4926 0.40
4927 0.38
4928 0.18
4929 0.34
4930 0.42
4931 0.36
4932 0.46
4933 0.44
4934 0.44
4935 0.46
4936 0.42
4937 0.46
4938 0.44
4939 0.31
4940 0.42
4941 -0.26
4942 0.46
4943 0.40
4944 0.44
4945 0.32
4946 0.29
4947 0.40
4948 0.31
4949 0.07
4950 0.40
4951 0.34
4952 0.31
4953 0.42
4954 0.46
4955 0.46
4956 0.28
4957 0.32
4958 0.34
4959 0.44
4960 0.40
4961 0.24
4962 0.38
4963 0.36
4964 0.28
4965 0.38
4966 0.40
4967 0.38
4968 0.36
4969 0.44
4970 0.44
4971 0.38
4972 0.44
4973 0.40
4974 0.34
4975 -0.20
4976 0.40
4977 0.42
4978 0.42
4979 0.42
4980 0.42
4981 0.46
4982 0.46
4983 0.46
4984 0.32
4985 0.15
4986 0.38
4987 0.46
4988 0.36
4989 0.40
4990 0.38
4991 0.46
4992 0.42
4993 0.44
4994 0.44
4995 0.46
4996 0.44
4997 0.40
4998 0.44
4999 0.44
