0 181.04
30 225.91
60 245.09
90 246.02
120 260.47
150 285.49
180 243.22
210 202.27
240 222.44
270 301.73
300 285.44
330 275.49
360 306.67
390 280.53
420 257.58
450 315.18
480 332.07
510 321.13
540 301.02
570 290.31
600 330.40
630 339.58
660 340.58
690 347.89
720 337.07
750 321.07
780 361.93
810 346.84
840 324.56
870 352.40
900 345.07
930 353.33
960 347.71
990 314.20
1020 342.62
1050 329.36
1080 384.27
1110 335.56
1140 323.71
1170 359.31
1200 388.78
1230 331.67
1260 359.62
1290 341.73
1320 382.16
1350 311.93
1380 345.93
1410 362.47
1440 379.58
1470 347.40
1500 330.89
1530 387.18
1560 322.36
1590 360.11
1620 368.29
1650 335.22
1680 333.47
1710 356.02
1740 340.84
1770 350.44
1800 359.64
1830 369.67
1860 338.20
1890 348.93
1920 338.27
1950 361.49
1980 369.36
2010 331.33
2040 300.73
2070 350.24
2100 380.56
2130 374.84
2160 327.82
2190 371.16
2220 327.76
2250 351.76
2280 358.09
2310 352.73
2340 360.16
2370 349.13
2400 348.58
2430 355.60
2460 340.13
2490 373.87
2520 366.44
2550 349.07
2580 351.98
2610 335.64
2640 338.40
2670 344.04
2700 364.69
2730 360.67
2760 348.49
2790 372.24
2820 345.98
2850 356.00
2880 358.78
2910 383.84
2940 395.71
2970 354.42
