0 309.00
1 309.00
2 309.00
3 309.00
4 309.00
5 308.60
6 308.60
7 306.00
8 306.00
9 306.00
10 308.60
11 308.80
12 309.20
13 309.20
14 309.20
15 308.40
16 305.80
17 305.80
18 306.20
19 306.20
20 304.00
21 304.00
22 304.00
23 301.40
24 304.00
25 304.00
26 304.00
27 301.40
28 298.80
29 298.80
30 298.00
31 296.00
32 297.00
33 297.00
34 297.00
35 297.00
36 297.00
37 294.40
38 291.80
39 291.60
40 294.20
41 296.60
42 294.00
43 294.00
44 294.80
45 294.80
46 294.80
47 294.80
48 294.80
49 294.80
50 297.00
51 298.20
52 298.20
53 298.20
54 298.20
55 295.60
56 293.00
57 293.40
58 293.40
59 293.40
60 293.40
61 295.00
62 295.00
63 292.40
64 295.00
65 295.00
66 295.00
67 295.00
68 293.40
69 290.80
70 288.20
71 290.80
72 288.20
73 288.20
74 286.40
75 289.00
76 289.00
77 289.00
78 289.00
79 291.00
80 293.60
81 293.60
82 293.60
83 293.60
84 293.40
85 292.00
86 294.60
87 297.20
88 295.80
89 296.00
90 296.00
91 296.00
92 293.40
93 293.40
94 290.80
95 288.20
96 288.20
97 290.80
98 290.80
99 288.20
100 288.20
101 288.20
102 288.20
103 288.20
104 288.20
105 288.60
106 288.60
107 291.20
108 291.20
109 291.20
110 288.60
111 288.40
112 288.00
113 288.00
114 288.00
115 288.80
116 291.40
117 291.40
118 291.00
119 291.00
120 293.20
121 293.20
122 293.20
123 295.80
124 293.20
125 293.20
126 293.20
127 295.80
128 298.40
129 298.40
130 299.20
131 301.20
132 300.20
133 300.20
134 300.20
135 300.20
136 300.20
137 302.80
138 305.40
139 305.60
140 303.00
141 300.60
142 303.20
143 303.20
144 302.40
145 302.40
146 302.40
147 302.40
148 302.40
149 302.40
150 300.20
151 299.00
152 299.00
153 299.00
154 299.00
155 301.60
156 304.20
157 303.80
158 303.80
159 303.80
160 303.80
161 302.20
162 302.20
163 304.80
164 302.20
165 302.20
166 302.20
167 302.20
168 303.80
169 306.40
170 309.00
171 306.40
172 309.00
173 309.00
174 310.80
175 308.20
176 308.20
177 308.20
178 308.20
179 306.20
180 303.60
181 303.60
182 303.60
183 303.60
184 303.80
185 305.20
186 302.60
187 300.00
188 301.40
189 301.20
190 301.20
191 301.20
192 303.80
193 303.80
194 306.40
195 309.00
196 309.00
197 306.40
198 306.40
199 309.00
200 264.60
201 265.60
202 266.80
203 266.80
204 266.00
205 265.60
206 266.20
207 266.60
208 266.60
209 266.80
210 266.80
211 266.00
212 265.80
213 266.20
214 266.20
215 264.60
216 264.60
217 265.80
218 265.00
219 266.80
220 266.20
221 267.40
222 266.40
223 267.20
224 267.80
225 267.60
226 267.20
227 268.40
228 268.40
229 268.00
230 267.80
231 268.40
232 269.20
233 269.60
234 269.40
235 270.20
236 270.00
237 268.80
238 268.00
239 268.00
240 270.20
241 270.40
242 269.60
243 269.80
244 269.40
245 269.00
246 269.40
247 268.40
248 266.60
249 265.60
250 266.80
251 269.40
252 269.80
253 268.80
254 269.80
255 271.00
256 271.20
257 270.40
258 270.00
259 270.20
260 271.60
261 270.40
262 269.00
263 268.40
264 269.00
265 268.60
266 269.00
267 269.60
268 269.60
269 271.00
270 270.60
271 270.60
272 270.00
273 270.00
274 271.00
275 271.40
276 272.60
277 272.60
278 271.80
279 272.00
280 271.80
281 272.80
282 274.20
283 274.60
284 273.40
285 274.20
286 275.20
287 275.60
288 275.40
289 276.40
290 276.40
291 277.20
292 276.80
293 276.40
294 276.80
295 276.20
296 277.00
297 276.80
298 276.00
299 274.40
300 274.40
301 273.40
302 272.20
303 272.20
304 273.00
305 273.40
306 272.80
307 272.40
308 272.40
309 272.20
310 272.20
311 273.00
312 273.20
313 272.80
314 272.80
315 274.40
316 274.40
317 273.20
318 274.00
319 272.20
320 272.80
321 271.60
322 272.60
323 271.80
324 271.20
325 271.40
326 271.80
327 270.60
328 270.60
329 271.00
330 271.20
331 270.60
332 269.80
333 269.40
334 269.60
335 268.80
336 269.00
337 270.20
338 271.00
339 271.00
340 268.80
341 268.60
342 269.40
343 269.20
344 269.60
345 270.00
346 269.60
347 270.60
348 272.40
349 273.40
350 272.20
351 269.60
352 269.20
353 270.20
354 269.20
355 268.00
356 267.80
357 268.60
358 269.00
359 268.80
360 267.40
361 268.60
362 270.00
363 270.60
364 270.00
365 270.40
366 270.00
367 269.40
368 269.40
369 268.00
370 268.40
371 268.40
372 269.00
373 269.00
374 268.00
375 267.60
376 266.40
377 266.40
378 267.20
379 267.00
380 267.20
381 266.20
382 264.80
383 264.40
384 265.60
385 264.80
386 263.80
387 263.40
388 263.60
389 262.60
390 262.60
391 261.80
392 262.20
393 262.60
394 262.20
395 262.80
396 262.00
397 262.20
398 263.00
399 264.60
400 386.00
401 386.60
402 388.40
403 386.80
404 384.60
405 383.40
406 383.80
407 383.60
408 385.20
409 385.00
410 386.20
411 384.20
412 382.80
413 382.40
414 382.00
415 381.00
416 380.80
417 379.00
418 379.40
419 377.40
420 376.60
421 376.80
422 374.40
423 373.80
424 372.80
425 375.00
426 375.40
427 374.60
428 373.60
429 373.60
430 372.40
431 370.80
432 371.00
433 371.20
434 369.00
435 370.40
436 368.20
437 367.60
438 364.80
439 363.00
440 363.80
441 364.80
442 364.80
443 364.80
444 363.80
445 361.80
446 360.20
447 359.80
448 358.20
449 358.60
450 358.60
451 361.20
452 363.00
453 362.80
454 362.80
455 364.60
456 364.20
457 362.40
458 362.40
459 363.80
460 365.80
461 365.20
462 366.80
463 366.00
464 366.80
465 364.80
466 363.40
467 362.00
468 359.60
469 360.60
470 360.00
471 361.40
472 360.20
473 359.60
474 359.20
475 359.60
476 359.60
477 360.20
478 360.60
479 362.00
480 364.40
481 364.40
482 364.80
483 365.20
484 366.80
485 365.20
486 366.40
487 369.40
488 368.60
489 367.00
490 369.80
491 371.80
492 371.00
493 371.40
494 370.80
495 369.80
496 369.80
497 370.40
498 370.20
499 367.80
500 368.60
501 368.00
502 366.20
503 367.80
504 370.00
505 371.20
506 370.80
507 371.00
508 369.40
509 369.60
510 368.40
511 370.40
512 371.80
513 372.20
514 372.60
515 373.60
516 373.80
517 375.60
518 375.20
519 377.20
520 378.00
521 377.80
522 380.20
523 380.80
524 381.80
525 379.60
526 379.20
527 380.00
528 381.00
529 381.00
530 382.20
531 383.80
532 383.60
533 383.40
534 385.60
535 384.20
536 386.40
537 387.00
538 389.80
539 391.60
540 390.80
541 389.80
542 389.80
543 389.80
544 390.80
545 392.80
546 394.40
547 394.80
548 396.40
549 396.00
550 396.00
551 393.40
552 391.60
553 391.80
554 391.80
555 390.00
556 390.40
557 392.20
558 392.20
559 390.80
560 388.80
561 389.40
562 387.80
563 388.60
564 387.80
565 389.80
566 391.20
567 392.60
568 395.00
569 394.00
570 394.60
571 393.20
572 394.40
573 395.00
574 395.40
575 395.00
576 395.00
577 394.40
578 394.00
579 392.60
580 390.20
581 390.20
582 389.80
583 389.40
584 387.80
585 389.40
586 388.20
587 385.20
588 386.00
589 387.60
590 384.80
591 382.80
592 383.60
593 383.20
594 383.80
595 384.80
596 384.80
597 384.20
598 384.40
599 386.80
600 406.00
601 406.20
602 408.20
603 408.00
604 407.60
605 407.20
606 408.20
607 407.80
608 409.00
609 409.80
610 410.80
611 408.80
612 407.00
613 405.20
614 403.40
615 402.60
616 402.20
617 401.80
618 402.20
619 402.80
620 402.20
621 402.20
622 401.20
623 398.40
624 399.60
625 399.20
626 399.20
627 398.40
628 397.60
629 397.60
630 398.80
631 396.80
632 397.20
633 397.20
634 396.80
635 396.80
636 396.60
637 396.00
638 393.20
639 393.80
640 395.80
641 396.20
642 395.60
643 396.20
644 395.00
645 392.80
646 391.00
647 390.80
648 390.80
649 392.80
650 395.00
651 397.00
652 397.00
653 396.80
654 396.80
655 397.60
656 396.60
657 395.20
658 395.20
659 396.60
660 395.20
661 394.60
662 396.60
663 395.80
664 396.60
665 396.80
666 396.20
667 394.80
668 393.40
669 392.80
670 390.00
671 391.00
672 390.60
673 390.60
674 390.20
675 390.60
676 390.80
677 388.60
678 388.40
679 389.80
680 391.20
681 391.20
682 391.20
683 391.80
684 393.80
685 394.60
686 396.20
687 396.80
688 395.40
689 393.80
690 394.60
691 395.40
692 394.60
693 396.80
694 396.00
695 395.40
696 395.60
697 396.20
698 396.20
699 394.20
700 394.40
701 394.20
702 392.20
703 392.40
704 392.80
705 393.20
706 392.20
707 392.60
708 391.40
709 390.60
710 389.60
711 391.60
712 393.40
713 395.20
714 397.00
715 397.80
716 398.20
717 398.60
718 398.20
719 397.60
720 398.20
721 398.20
722 399.20
723 402.00
724 400.80
725 401.20
726 401.20
727 402.00
728 402.80
729 402.80
730 401.60
731 403.60
732 403.20
733 403.20
734 403.60
735 403.60
736 403.80
737 404.40
738 407.20
739 406.60
740 404.60
741 404.20
742 404.80
743 404.20
744 405.40
745 407.60
746 409.40
747 409.60
748 409.60
749 407.60
750 405.40
751 403.40
752 403.40
753 403.60
754 403.60
755 402.80
756 403.80
757 405.20
758 405.20
759 403.80
760 405.20
761 405.80
762 403.80
763 404.60
764 403.80
765 403.60
766 404.20
767 405.60
768 407.00
769 407.60
770 410.40
771 409.40
772 409.80
773 409.80
774 410.20
775 409.80
776 409.60
777 411.80
778 412.00
779 410.60
780 409.20
781 409.20
782 409.20
783 408.60
784 406.60
785 405.80
786 404.20
787 403.60
788 405.00
789 406.60
790 405.80
791 405.00
792 405.80
793 403.60
794 404.40
795 405.00
796 404.80
797 404.20
798 404.20
799 406.20
800 332.80
801 334.00
802 334.00
803 333.20
804 333.60
805 331.60
806 333.00
807 334.40
808 334.80
809 336.60
810 337.60
811 336.80
812 337.80
813 338.20
814 336.60
815 335.80
816 335.80
817 334.20
818 334.60
819 336.80
820 337.40
821 337.20
822 338.20
823 338.60
824 337.60
825 337.60
826 336.20
827 335.00
828 333.60
829 335.00
830 333.20
831 333.80
832 333.00
833 331.20
834 333.60
835 334.80
836 334.00
837 331.20
838 328.60
839 328.20
840 330.00
841 330.40
842 330.60
843 328.60
844 328.40
845 328.20
846 329.20
847 328.00
848 327.40
849 327.20
850 329.20
851 330.60
852 329.60
853 329.00
854 328.80
855 330.60
856 330.20
857 329.40
858 331.00
859 331.20
860 331.60
861 332.60
862 332.60
863 332.80
864 336.00
865 334.80
866 335.00
867 335.20
868 335.00
869 336.40
870 337.40
871 336.60
872 334.00
873 334.60
874 333.80
875 334.80
876 334.40
877 334.40
878 337.00
879 335.40
880 337.40
881 335.80
882 335.60
883 335.40
884 337.60
885 338.60
886 339.20
887 341.60
888 341.00
889 341.60
890 342.00
891 344.00
892 343.40
893 344.60
894 343.80
895 344.00
896 344.40
897 347.40
898 347.60
899 347.60
900 348.80
901 347.60
902 347.60
903 348.40
904 348.00
905 350.00
906 348.60
907 347.20
908 346.80
909 345.00
910 344.00
911 344.80
912 343.80
913 343.40
914 345.00
915 345.80
916 345.80
917 347.40
918 347.00
919 344.80
920 344.20
921 344.40
922 343.40
923 343.00
924 344.00
925 344.00
926 345.40
927 346.60
928 348.00
929 346.60
930 348.40
931 347.80
932 348.60
933 350.40
934 348.00
935 346.80
936 347.60
937 350.40
938 353.00
939 353.40
940 351.60
941 351.20
942 351.00
943 353.00
944 353.20
945 353.40
946 352.40
947 353.60
948 354.20
949 354.40
950 352.40
951 351.00
952 352.00
953 352.60
954 352.80
955 351.00
956 351.40
957 352.20
958 350.60
959 350.40
960 350.00
961 349.00
962 349.00
963 348.80
964 345.60
965 346.80
966 346.60
967 346.40
968 346.60
969 345.20
970 344.20
971 345.00
972 347.60
973 347.00
974 347.80
975 346.80
976 347.20
977 347.20
978 344.60
979 346.20
980 344.20
981 345.80
982 346.00
983 346.20
984 344.00
985 343.00
986 342.40
987 340.00
988 340.60
989 340.00
990 339.60
991 337.60
992 338.20
993 337.00
994 337.80
995 337.60
996 337.20
997 334.20
998 334.00
999 334.00
1000 403.20
1001 403.20
1002 405.40
1003 407.00
1004 406.60
1005 406.20
1006 407.40
1007 406.80
1008 408.40
1009 409.20
1010 410.40
1011 408.00
1012 406.40
1013 405.00
1014 404.60
1015 403.40
1016 403.00
1017 401.00
1018 399.80
1019 400.40
1020 399.80
1021 399.80
1022 399.40
1023 399.00
1024 401.40
1025 401.00
1026 401.20
1027 400.40
1028 399.40
1029 399.40
1030 398.20
1031 396.40
1032 396.60
1033 396.40
1034 396.20
1035 397.80
1036 398.00
1037 397.40
1038 394.60
1039 395.20
1040 397.20
1041 397.60
1042 397.00
1043 396.80
1044 395.60
1045 393.40
1046 391.60
1047 391.40
1048 389.60
1049 391.60
1050 393.80
1051 395.80
1052 395.60
1053 395.40
1054 395.40
1055 394.60
1056 393.40
1057 392.00
1058 389.80
1059 391.40
1060 393.40
1061 392.80
1062 394.80
1063 394.00
1064 394.80
1065 395.40
1066 396.80
1067 397.40
1068 395.80
1069 395.00
1070 394.60
1071 395.80
1072 395.40
1073 395.60
1074 395.20
1075 395.60
1076 395.60
1077 395.60
1078 395.20
1079 396.60
1080 397.00
1081 397.00
1082 397.00
1083 397.60
1084 398.20
1085 396.80
1086 398.40
1087 401.40
1088 400.00
1089 398.20
1090 399.00
1091 400.00
1092 399.20
1093 401.40
1094 400.60
1095 400.00
1096 399.80
1097 400.40
1098 400.60
1099 400.20
1100 400.40
1101 400.40
1102 398.20
1103 396.60
1104 397.00
1105 397.40
1106 396.20
1107 396.80
1108 395.20
1109 394.40
1110 393.20
1111 395.60
1112 397.20
1113 398.60
1114 399.00
1115 400.20
1116 400.60
1117 402.60
1118 403.80
1119 403.20
1120 403.80
1121 403.80
1122 404.20
1123 404.60
1124 402.20
1125 402.60
1126 402.40
1127 403.20
1128 404.20
1129 404.20
1130 405.40
1131 407.20
1132 407.00
1133 407.20
1134 407.40
1135 405.80
1136 405.60
1137 406.20
1138 409.00
1139 408.40
1140 406.40
1141 406.00
1142 406.60
1143 406.80
1144 408.00
1145 410.20
1146 412.00
1147 412.20
1148 414.00
1149 412.00
1150 409.80
1151 407.80
1152 408.00
1153 408.20
1154 408.20
1155 409.00
1156 410.20
1157 411.60
1158 413.80
1159 412.20
1160 410.20
1161 410.80
1162 408.80
1163 409.60
1164 408.80
1165 408.20
1166 406.80
1167 406.20
1168 407.80
1169 408.60
1170 409.00
1171 407.80
1172 408.20
1173 408.00
1174 408.40
1175 408.00
1176 408.00
1177 408.00
1178 408.40
1179 407.00
1180 406.60
1181 406.60
1182 406.60
1183 406.00
1184 405.40
1185 406.80
1186 405.20
1187 402.20
1188 403.60
1189 405.40
1190 404.60
1191 403.60
1192 404.40
1193 402.20
1194 403.00
1195 403.60
1196 403.80
1197 403.20
1198 403.00
1199 403.40
1200 405.80
1201 405.80
1202 407.60
1203 409.60
1204 409.20
1205 409.00
1206 410.00
1207 409.20
1208 410.40
1209 410.80
1210 411.80
1211 409.40
1212 407.80
1213 407.00
1214 408.20
1215 405.80
1216 405.00
1217 403.00
1218 402.00
1219 402.60
1220 402.00
1221 402.00
1222 402.00
1223 402.20
1224 403.00
1225 402.20
1226 402.40
1227 402.60
1228 402.00
1229 401.40
1230 400.60
1231 399.20
1232 399.20
1233 399.00
1234 399.00
1235 400.80
1236 401.20
1237 400.40
1238 397.80
1239 398.40
1240 399.40
1241 399.60
1242 399.00
1243 399.20
1244 399.80
1245 397.60
1246 396.00
1247 395.80
1248 394.00
1249 394.00
1250 393.40
1251 395.20
1252 395.00
1253 395.00
1254 395.00
1255 394.20
1256 393.20
1257 391.60
1258 391.80
1259 393.20
1260 395.00
1261 394.80
1262 396.80
1263 396.20
1264 397.00
1265 397.80
1266 398.60
1267 398.80
1268 397.40
1269 396.00
1270 395.40
1271 396.60
1272 396.20
1273 396.20
1274 395.80
1275 396.20
1276 396.20
1277 394.00
1278 394.00
1279 392.80
1280 393.20
1281 393.00
1282 393.00
1283 393.20
1284 393.80
1285 394.60
1286 395.80
1287 398.20
1288 397.20
1289 395.40
1290 396.20
1291 397.00
1292 396.20
1293 396.20
1294 395.40
1295 394.80
1296 397.00
1297 397.80
1298 397.80
1299 397.40
1300 397.60
1301 397.60
1302 395.80
1303 393.80
1304 394.20
1305 394.40
1306 393.40
1307 394.20
1308 393.00
1309 392.60
1310 391.60
1311 394.00
1312 395.60
1313 396.40
1314 395.20
1315 397.60
1316 398.40
1317 400.40
1318 401.40
1319 400.80
1320 401.40
1321 401.40
1322 401.40
1323 401.20
1324 400.40
1325 401.20
1326 401.00
1327 400.80
1328 401.40
1329 402.00
1330 402.80
1331 404.20
1332 404.20
1333 404.40
1334 404.40
1335 402.60
1336 402.20
1337 403.00
1338 405.60
1339 405.00
1340 404.00
1341 403.80
1342 404.40
1343 404.20
1344 403.60
1345 405.80
1346 407.40
1347 407.60
1348 409.40
1349 409.40
1350 410.00
1351 408.20
1352 408.40
1353 408.40
1354 408.40
1355 409.20
1356 410.20
1357 411.80
1358 411.60
1359 410.20
1360 408.40
1361 408.60
1362 406.60
1363 407.20
1364 406.40
1365 405.60
1366 404.80
1367 404.60
1368 406.00
1369 407.40
1370 408.00
1371 406.80
1372 407.20
1373 407.20
1374 407.60
1375 407.20
1376 407.20
1377 409.40
1378 409.40
1379 410.60
1380 410.20
1381 410.40
1382 410.40
1383 410.20
1384 409.60
1385 408.80
1386 407.60
1387 405.20
1388 406.20
1389 408.00
1390 407.20
1391 406.40
1392 407.20
1393 407.20
1394 408.00
1395 408.60
1396 406.40
1397 405.60
1398 405.60
1399 406.00
1400 395.20
1401 395.00
1402 397.40
1403 397.20
1404 396.60
1405 394.80
1406 394.00
1407 394.40
1408 395.60
1409 397.40
1410 398.00
1411 395.60
1412 394.00
1413 391.60
1414 389.20
1415 388.60
1416 390.00
1417 392.60
1418 393.00
1419 395.40
1420 394.80
1421 394.80
1422 394.00
1423 394.20
1424 395.20
1425 394.80
1426 394.80
1427 392.40
1428 392.00
1429 389.60
1430 389.40
1431 388.40
1432 388.60
1433 388.80
1434 388.00
1435 389.00
1436 388.60
1437 388.00
1438 385.40
1439 386.00
1440 386.60
1441 386.80
1442 384.80
1443 384.80
1444 385.00
1445 382.80
1446 383.40
1447 381.40
1448 379.40
1449 378.20
1450 378.20
1451 380.20
1452 378.20
1453 375.40
1454 375.60
1455 374.80
1456 374.20
1457 374.20
1458 376.20
1459 377.20
1460 375.80
1461 375.00
1462 376.40
1463 376.00
1464 378.60
1465 378.40
1466 379.20
1467 381.20
1468 378.80
1469 376.60
1470 376.00
1471 375.20
1472 375.20
1473 372.80
1474 372.40
1475 372.80
1476 372.80
1477 373.00
1478 373.00
1479 373.60
1480 374.20
1481 372.00
1482 373.60
1483 373.60
1484 372.00
1485 372.80
1486 373.80
1487 376.00
1488 377.00
1489 375.40
1490 375.40
1491 374.00
1492 373.20
1493 374.40
1494 374.20
1495 372.20
1496 374.20
1497 374.40
1498 374.20
1499 373.80
1500 371.80
1501 372.00
1502 369.60
1503 369.80
1504 370.40
1505 372.20
1506 373.00
1507 372.60
1508 371.40
1509 369.60
1510 369.00
1511 371.40
1512 373.00
1513 375.40
1514 377.80
1515 378.40
1516 377.00
1517 374.40
1518 374.00
1519 371.60
1520 372.20
1521 372.20
1522 373.00
1523 372.80
1524 371.80
1525 372.20
1526 372.20
1527 374.60
1528 375.00
1529 377.40
1530 377.60
1531 378.60
1532 378.40
1533 378.20
1534 379.00
1535 378.00
1536 378.40
1537 379.00
1538 381.60
1539 381.00
1540 380.40
1541 380.20
1542 382.20
1543 382.20
1544 382.00
1545 384.20
1546 383.60
1547 385.60
1548 387.60
1549 388.80
1550 388.80
1551 386.80
1552 388.80
1553 391.60
1554 391.40
1555 392.20
1556 392.80
1557 392.80
1558 390.80
1559 389.80
1560 391.20
1561 392.00
1562 390.60
1563 391.00
1564 388.40
1565 388.60
1566 387.80
1567 385.80
1568 388.20
1569 390.40
1570 391.00
1571 391.80
1572 391.80
1573 394.20
1574 394.60
1575 394.20
1576 394.20
1577 394.00
1578 394.00
1579 393.40
1580 392.80
1581 395.00
1582 393.40
1583 393.40
1584 395.00
1585 394.20
1586 393.20
1587 391.00
1588 390.00
1589 391.60
1590 391.60
1591 393.00
1592 393.80
1593 392.60
1594 392.80
1595 394.80
1596 392.80
1597 392.60
1598 392.80
1599 393.20
1600 408.20
1601 408.40
1602 410.40
1603 410.40
1604 410.00
1605 409.60
1606 410.60
1607 410.00
1608 411.20
1609 411.60
1610 412.80
1611 410.40
1612 408.60
1613 406.80
1614 405.00
1615 404.20
1616 405.00
1617 404.60
1618 403.40
1619 404.00
1620 403.40
1621 403.20
1622 403.00
1623 401.00
1624 401.60
1625 401.20
1626 401.20
1627 400.20
1628 399.40
1629 398.80
1630 397.80
1631 396.00
1632 396.20
1633 396.00
1634 395.60
1635 397.20
1636 397.40
1637 396.80
1638 394.20
1639 394.80
1640 395.80
1641 396.20
1642 395.40
1643 395.60
1644 394.40
1645 392.40
1646 390.80
1647 390.80
1648 389.20
1649 391.20
1650 391.20
1651 393.00
1652 392.80
1653 392.80
1654 393.00
1655 392.20
1656 391.20
1657 389.20
1658 389.20
1659 390.40
1660 392.20
1661 391.80
1662 393.80
1663 393.00
1664 393.60
1665 394.40
1666 394.40
1667 394.40
1668 393.40
1669 392.00
1670 391.40
1671 389.40
1672 389.00
1673 389.00
1674 388.60
1675 389.00
1676 389.00
1677 389.00
1678 389.00
1679 390.40
1680 391.80
1681 391.80
1682 391.80
1683 391.80
1684 393.80
1685 394.60
1686 395.60
1687 398.40
1688 397.40
1689 395.80
1690 396.40
1691 397.20
1692 396.20
1693 398.40
1694 397.60
1695 397.00
1696 396.80
1697 397.40
1698 397.40
1699 395.60
1700 395.80
1701 395.60
1702 393.60
1703 393.60
1704 394.00
1705 394.40
1706 393.40
1707 394.00
1708 392.80
1709 392.40
1710 391.20
1711 393.60
1712 395.40
1713 397.20
1714 399.00
1715 399.80
1716 399.00
1717 399.40
1718 400.60
1719 400.00
1720 400.60
1721 400.80
1722 401.00
1723 403.00
1724 402.40
1725 402.80
1726 402.80
1727 403.80
1728 404.60
1729 405.20
1730 406.20
1731 408.00
1732 407.80
1733 408.00
1734 408.40
1735 406.80
1736 406.60
1737 407.20
1738 409.80
1739 409.20
1740 408.20
1741 407.80
1742 408.60
1743 408.40
1744 409.60
1745 411.60
1746 413.20
1747 413.20
1748 414.80
1749 412.80
1750 412.80
1751 411.00
1752 411.20
1753 411.20
1754 411.00
1755 411.80
1756 412.80
1757 414.80
1758 414.80
1759 413.60
1760 411.80
1761 412.20
1762 410.20
1763 411.00
1764 410.40
1765 409.60
1766 409.60
1767 409.60
1768 410.60
1769 412.00
1770 412.60
1771 414.60
1772 415.00
1773 415.00
1774 415.40
1775 415.00
1776 415.00
1777 415.00
1778 415.00
1779 413.60
1780 412.20
1781 412.20
1782 412.20
1783 412.20
1784 410.20
1785 409.40
1786 408.40
1787 405.60
1788 406.60
1789 408.20
1790 407.60
1791 406.80
1792 407.80
1793 405.60
1794 406.40
1795 407.00
1796 407.20
1797 406.60
1798 406.60
1799 408.40
1800 402.00
1801 402.20
1802 404.40
1803 404.80
1804 404.60
1805 404.00
1806 405.00
1807 404.60
1808 406.20
1809 406.60
1810 407.80
1811 405.40
1812 403.60
1813 402.00
1814 401.60
1815 400.80
1816 400.40
1817 398.40
1818 397.20
1819 397.80
1820 397.20
1821 397.20
1822 396.60
1823 396.40
1824 398.60
1825 398.20
1826 396.20
1827 395.40
1828 395.60
1829 395.40
1830 394.20
1831 392.40
1832 392.40
1833 392.40
1834 392.00
1835 394.00
1836 393.80
1837 393.20
1838 390.40
1839 391.40
1840 393.40
1841 394.00
1842 393.60
1843 393.60
1844 392.40
1845 390.20
1846 388.40
1847 388.20
1848 386.20
1849 386.20
1850 388.40
1851 390.60
1852 390.20
1853 389.80
1854 389.60
1855 388.80
1856 387.80
1857 386.40
1858 384.20
1859 385.80
1860 386.20
1861 385.20
1862 387.20
1863 386.40
1864 386.40
1865 387.00
1866 388.40
1867 389.00
1868 388.00
1869 387.40
1870 387.20
1871 388.20
1872 388.00
1873 388.20
1874 387.80
1875 388.20
1876 388.60
1877 388.60
1878 388.60
1879 390.20
1880 390.60
1881 390.60
1882 390.60
1883 391.40
1884 392.00
1885 390.60
1886 391.40
1887 394.40
1888 393.40
1889 391.60
1890 391.60
1891 392.60
1892 392.20
1893 394.40
1894 393.60
1895 393.00
1896 393.00
1897 393.40
1898 393.40
1899 393.00
1900 393.20
1901 393.00
1902 390.80
1903 390.40
1904 390.60
1905 391.20
1906 390.20
1907 390.60
1908 389.00
1909 388.60
1910 387.40
1911 389.80
1912 391.60
1913 393.20
1914 393.60
1915 394.40
1916 394.80
1917 396.80
1918 398.00
1919 397.40
1920 398.00
1921 398.00
1922 398.60
1923 398.80
1924 396.60
1925 397.00
1926 399.00
1927 399.80
1928 399.60
1929 399.80
1930 401.00
1931 402.80
1932 402.80
1933 402.80
1934 403.20
1935 401.20
1936 401.40
1937 402.00
1938 404.80
1939 403.80
1940 401.80
1941 401.20
1942 401.60
1943 401.60
1944 402.80
1945 405.00
1946 406.80
1947 407.00
1948 409.00
1949 409.00
1950 406.80
1951 404.60
1952 405.00
1953 405.40
1954 405.60
1955 406.40
1956 407.40
1957 408.80
1958 411.00
1959 409.40
1960 409.00
1961 410.00
1962 408.00
1963 408.80
1964 408.80
1965 408.20
1966 406.80
1967 406.20
1968 407.20
1969 407.80
1970 408.00
1971 407.00
1972 407.20
1973 407.00
1974 407.40
1975 407.00
1976 406.60
1977 406.60
1978 406.60
1979 405.00
1980 404.60
1981 404.60
1982 404.60
1983 403.80
1984 403.20
1985 404.60
1986 403.80
1987 400.80
1988 401.80
1989 403.60
1990 403.60
1991 402.60
1992 403.00
1993 400.80
1994 401.60
1995 402.20
1996 402.20
1997 401.80
1998 401.80
1999 402.20
2000 364.00
2001 364.20
2002 365.80
2003 366.20
2004 365.80
2005 365.60
2006 366.80
2007 366.00
2008 367.00
2009 367.20
2010 368.40
2011 366.20
2012 364.80
2013 365.40
2014 365.80
2015 365.00
2016 362.00
2017 362.40
2018 361.60
2019 360.40
2020 359.80
2021 359.00
2022 359.20
2023 358.40
2024 357.20
2025 359.40
2026 357.20
2027 358.00
2028 358.00
2029 357.60
2030 358.20
2031 356.60
2032 356.80
2033 358.20
2034 358.00
2035 359.40
2036 359.40
2037 359.20
2038 357.20
2039 357.60
2040 358.80
2041 359.40
2042 358.80
2043 358.40
2044 357.40
2045 357.40
2046 356.00
2047 355.60
2048 354.20
2049 353.60
2050 355.60
2051 357.20
2052 357.00
2053 356.80
2054 356.80
2055 358.00
2056 357.00
2057 355.00
2058 356.60
2059 358.00
2060 358.40
2061 358.00
2062 358.40
2063 358.20
2064 358.60
2065 358.80
2066 357.40
2067 357.20
2068 356.40
2069 355.00
2070 355.80
2071 357.20
2072 357.20
2073 359.00
2074 359.00
2075 359.40
2076 359.20
2077 359.20
2078 359.80
2079 357.80
2080 358.40
2081 358.20
2082 358.00
2083 358.20
2084 357.80
2085 358.60
2086 359.80
2087 362.60
2088 361.80
2089 361.40
2090 361.80
2091 363.20
2092 361.80
2093 364.00
2094 363.20
2095 361.80
2096 361.40
2097 361.60
2098 361.80
2099 359.80
2100 360.00
2101 359.80
2102 358.20
2103 357.80
2104 358.20
2105 358.40
2106 357.20
2107 358.00
2108 357.00
2109 356.80
2110 355.60
2111 357.80
2112 359.20
2113 358.60
2114 358.20
2115 359.00
2116 362.00
2117 361.60
2118 362.40
2119 363.60
2120 364.20
2121 365.00
2122 364.80
2123 365.60
2124 366.80
2125 364.60
2126 366.80
2127 366.00
2128 366.00
2129 366.40
2130 365.80
2131 367.40
2132 367.20
2133 365.80
2134 366.00
2135 364.60
2136 364.60
2137 364.80
2138 366.80
2139 366.40
2140 365.20
2141 364.60
2142 365.20
2143 365.60
2144 366.60
2145 366.60
2146 368.00
2147 368.40
2148 369.80
2149 370.40
2150 368.40
2151 366.80
2152 367.00
2153 367.20
2154 367.20
2155 366.00
2156 367.00
2157 369.00
2158 367.40
2159 366.00
2160 365.60
2161 366.00
2162 365.60
2163 365.80
2164 365.40
2165 365.20
2166 366.60
2167 366.80
2168 367.60
2169 369.00
2170 368.20
2171 366.80
2172 366.80
2173 365.00
2174 365.00
2175 364.60
2176 364.80
2177 364.80
2178 364.20
2179 366.20
2180 365.60
2181 365.80
2182 366.00
2183 365.80
2184 366.20
2185 365.40
2186 364.20
2187 361.40
2188 362.20
2189 362.60
2190 362.20
2191 360.80
2192 362.20
2193 360.00
2194 360.80
2195 362.20
2196 362.60
2197 362.40
2198 362.20
2199 364.20
2200 396.20
2201 396.60
2202 398.20
2203 399.80
2204 399.60
2205 399.40
2206 400.40
2207 399.80
2208 401.00
2209 401.20
2210 402.40
2211 400.20
2212 398.40
2213 397.20
2214 396.40
2215 395.60
2216 395.20
2217 393.20
2218 392.40
2219 393.00
2220 392.60
2221 392.40
2222 391.80
2223 392.00
2224 391.40
2225 391.00
2226 391.20
2227 390.80
2228 390.20
2229 390.20
2230 389.40
2231 387.80
2232 387.80
2233 387.40
2234 387.00
2235 388.40
2236 388.80
2237 388.80
2238 386.80
2239 387.40
2240 389.40
2241 389.60
2242 389.00
2243 389.00
2244 388.00
2245 385.80
2246 384.40
2247 384.20
2248 383.00
2249 385.00
2250 386.20
2251 388.00
2252 387.60
2253 387.20
2254 387.60
2255 386.60
2256 385.60
2257 384.40
2258 384.40
2259 386.00
2260 387.80
2261 387.00
2262 388.80
2263 388.40
2264 388.40
2265 389.20
2266 390.40
2267 390.20
2268 389.40
2269 390.20
2270 390.20
2271 391.60
2272 391.20
2273 391.20
2274 391.20
2275 391.60
2276 392.00
2277 389.80
2278 389.80
2279 389.60
2280 390.20
2281 390.20
2282 390.20
2283 391.00
2284 391.60
2285 392.40
2286 393.60
2287 396.00
2288 395.00
2289 393.40
2290 394.20
2291 395.00
2292 394.00
2293 396.40
2294 395.60
2295 395.00
2296 394.60
2297 395.00
2298 394.80
2299 394.20
2300 394.40
2301 394.00
2302 392.40
2303 390.80
2304 391.00
2305 391.20
2306 390.20
2307 390.80
2308 389.60
2309 389.40
2310 388.20
2311 390.40
2312 392.20
2313 393.40
2314 394.20
2315 395.00
2316 395.40
2317 397.40
2318 398.20
2319 397.60
2320 398.00
2321 398.20
2322 398.80
2323 398.60
2324 399.20
2325 399.60
2326 399.40
2327 399.80
2328 400.40
2329 400.40
2330 401.20
2331 402.80
2332 402.80
2333 403.20
2334 403.60
2335 402.20
2336 401.80
2337 401.80
2338 403.80
2339 403.20
2340 401.20
2341 401.00
2342 401.60
2343 401.60
2344 402.60
2345 404.80
2346 406.20
2347 406.40
2348 407.60
2349 405.60
2350 404.40
2351 402.60
2352 403.00
2353 403.40
2354 403.00
2355 404.00
2356 405.00
2357 406.20
2358 406.20
2359 404.60
2360 402.80
2361 403.60
2362 401.80
2363 402.20
2364 402.20
2365 401.40
2366 400.20
2367 400.40
2368 401.20
2369 400.40
2370 400.40
2371 399.00
2372 399.40
2373 399.40
2374 399.40
2375 399.00
2376 398.60
2377 400.80
2378 400.80
2379 401.00
2380 400.40
2381 400.40
2382 400.40
2383 399.60
2384 399.00
2385 398.20
2386 397.00
2387 394.60
2388 395.60
2389 397.20
2390 396.40
2391 395.60
2392 396.60
2393 394.20
2394 395.00
2395 395.60
2396 396.00
2397 395.60
2398 395.80
2399 396.40
2400 376.60
2401 376.80
2402 379.40
2403 380.40
2404 380.40
2405 379.20
2406 379.60
2407 378.80
2408 380.80
2409 380.80
2410 381.60
2411 381.00
2412 381.00
2413 382.80
2414 382.40
2415 379.80
2416 378.60
2417 379.20
2418 380.00
2419 380.60
2420 380.20
2421 380.00
2422 379.40
2423 378.00
2424 378.80
2425 376.40
2426 376.00
2427 375.40
2428 375.60
2429 375.60
2430 372.60
2431 371.40
2432 373.60
2433 371.80
2434 372.20
2435 374.20
2436 374.20
2437 371.80
2438 369.00
2439 370.20
2440 371.20
2441 371.20
2442 370.60
2443 370.40
2444 369.80
2445 369.60
2446 368.20
2447 367.40
2448 365.20
2449 366.60
2450 368.60
2451 369.40
2452 370.40
2453 369.40
2454 369.60
2455 368.80
2456 368.40
2457 366.60
2458 367.40
2459 368.40
2460 369.00
2461 369.00
2462 370.60
2463 371.20
2464 372.00
2465 371.80
2466 372.00
2467 372.00
2468 370.20
2469 371.40
2470 370.80
2471 372.20
2472 370.20
2473 369.40
2474 369.20
2475 372.00
2476 372.20
2477 372.40
2478 372.80
2479 374.00
2480 374.80
2481 372.60
2482 372.60
2483 373.40
2484 373.80
2485 373.80
2486 374.80
2487 377.80
2488 377.00
2489 377.00
2490 377.20
2491 379.60
2492 378.80
2493 380.20
2494 380.40
2495 380.00
2496 380.20
2497 380.40
2498 380.60
2499 380.20
2500 380.40
2501 380.20
2502 377.60
2503 376.60
2504 376.60
2505 377.80
2506 377.40
2507 378.20
2508 376.20
2509 376.20
2510 375.40
2511 376.00
2512 376.00
2513 374.20
2514 374.60
2515 377.20
2516 378.40
2517 377.80
2518 377.00
2519 376.40
2520 376.80
2521 377.00
2522 377.60
2523 379.00
2524 378.20
2525 380.60
2526 381.00
2527 381.60
2528 381.40
2529 381.40
2530 384.40
2531 385.60
2532 383.40
2533 385.20
2534 384.80
2535 382.80
2536 382.80
2537 385.20
2538 388.00
2539 386.80
2540 385.80
2541 385.80
2542 386.40
2543 386.60
2544 387.20
2545 387.40
2546 388.80
2547 389.60
2548 391.80
2549 390.40
2550 388.40
2551 387.60
2552 386.60
2553 387.60
2554 387.40
2555 388.20
2556 388.60
2557 390.40
2558 389.60
2559 388.60
2560 388.00
2561 388.00
2562 386.40
2563 385.80
2564 385.00
2565 385.20
2566 385.00
2567 385.00
2568 386.80
2569 385.60
2570 386.20
2571 384.80
2572 386.80
2573 387.60
2574 387.80
2575 385.00
2576 384.80
2577 384.60
2578 384.20
2579 383.00
2580 382.20
2581 384.40
2582 384.40
2583 383.60
2584 383.20
2585 383.20
2586 382.20
2587 379.20
2588 380.00
2589 380.00
2590 379.80
2591 377.40
2592 378.20
2593 376.80
2594 376.60
2595 377.00
2596 376.80
2597 376.60
2598 376.40
2599 376.80
2600 377.60
2601 378.00
2602 380.40
2603 380.40
2604 382.40
2605 380.20
2606 379.80
2607 379.00
2608 380.60
2609 380.80
2610 382.00
2611 381.60
2612 382.00
2613 382.20
2614 383.60
2615 382.60
2616 380.00
2617 377.80
2618 377.00
2619 377.80
2620 375.80
2621 375.40
2622 374.80
2623 374.60
2624 375.20
2625 372.80
2626 372.80
2627 372.20
2628 371.40
2629 371.40
2630 372.40
2631 370.60
2632 370.40
2633 372.40
2634 370.20
2635 372.00
2636 370.20
2637 367.60
2638 366.60
2639 367.80
2640 370.40
2641 370.80
2642 370.20
2643 371.40
2644 370.40
2645 370.00
2646 368.60
2647 366.40
2648 364.40
2649 364.40
2650 367.40
2651 367.60
2652 367.00
2653 366.60
2654 366.80
2655 367.60
2656 366.40
2657 365.00
2658 362.80
2659 365.00
2660 363.40
2661 362.80
2662 362.80
2663 360.20
2664 362.60
2665 362.00
2666 363.20
2667 363.60
2668 364.60
2669 363.80
2670 363.40
2671 365.20
2672 364.60
2673 362.40
2674 362.00
2675 362.40
2676 364.20
2677 364.20
2678 363.00
2679 364.40
2680 364.80
2681 364.80
2682 366.40
2683 367.20
2684 367.20
2685 367.80
2686 369.00
2687 371.80
2688 370.60
2689 368.60
2690 368.80
2691 370.00
2692 369.20
2693 369.20
2694 368.40
2695 365.80
2696 367.60
2697 367.80
2698 367.60
2699 367.20
2700 367.00
2701 366.60
2702 364.20
2703 364.20
2704 362.20
2705 364.40
2706 364.80
2707 365.60
2708 364.00
2709 363.80
2710 362.60
2711 363.00
2712 362.60
2713 362.40
2714 361.00
2715 362.00
2716 364.60
2717 366.80
2718 367.60
2719 366.80
2720 368.80
2721 369.20
2722 369.80
2723 370.00
2724 369.40
2725 371.80
2726 371.80
2727 372.40
2728 373.20
2729 373.20
2730 372.20
2731 374.00
2732 374.20
2733 372.20
2734 374.40
2735 372.60
2736 374.40
2737 377.00
2738 378.00
2739 376.80
2740 374.20
2741 373.80
2742 374.40
2743 373.20
2744 374.20
2745 374.60
2746 376.00
2747 378.20
2748 380.20
2749 380.20
2750 377.20
2751 377.00
2752 377.60
2753 378.00
2754 377.80
2755 377.00
2756 378.20
2757 379.60
2758 381.80
2759 379.60
2760 381.20
2761 381.80
2762 381.80
2763 384.40
2764 382.00
2765 382.60
2766 381.40
2767 381.00
2768 380.00
2769 380.80
2770 381.20
2771 379.40
2772 380.00
2773 382.20
2774 382.60
2775 382.20
2776 380.40
2777 380.40
2778 381.60
2779 380.20
2780 379.80
2781 379.80
2782 378.20
2783 377.40
2784 377.40
2785 376.80
2786 375.60
2787 372.80
2788 374.00
2789 376.00
2790 375.80
2791 374.60
2792 375.40
2793 375.40
2794 376.20
2795 378.80
2796 377.00
2797 376.80
2798 377.00
2799 377.40
2800 355.40
2801 356.00
2802 358.00
2803 359.80
2804 359.80
2805 359.00
2806 359.40
2807 358.80
2808 360.00
2809 360.40
2810 361.00
2811 357.80
2812 357.40
2813 358.40
2814 357.60
2815 356.40
2816 354.40
2817 356.00
2818 355.60
2819 356.40
2820 357.00
2821 356.20
2822 355.20
2823 356.40
2824 355.80
2825 358.80
2826 359.20
2827 360.40
2828 360.40
2829 360.80
2830 362.00
2831 360.80
2832 362.60
2833 360.80
2834 360.80
2835 360.20
2836 360.60
2837 361.40
2838 360.00
2839 359.40
2840 360.00
2841 358.80
2842 358.20
2843 358.00
2844 357.80
2845 355.20
2846 354.80
2847 354.40
2848 352.40
2849 351.80
2850 354.60
2851 356.60
2852 355.60
2853 355.20
2854 354.20
2855 357.60
2856 358.40
2857 355.80
2858 355.60
2859 356.60
2860 356.60
2861 355.80
2862 357.20
2863 358.00
2864 357.80
2865 358.80
2866 360.40
2867 360.40
2868 362.40
2869 365.40
2870 366.20
2871 367.60
2872 367.40
2873 367.00
2874 367.40
2875 367.60
2876 365.60
2877 367.60
2878 368.00
2879 366.40
2880 365.40
2881 364.80
2882 365.40
2883 365.80
2884 364.80
2885 365.80
2886 366.60
2887 368.60
2888 367.00
2889 367.40
2890 367.80
2891 367.80
2892 366.60
2893 368.60
2894 369.60
2895 370.60
2896 370.00
2897 369.20
2898 369.40
2899 369.40
2900 370.20
2901 369.60
2902 367.60
2903 365.80
2904 365.80
2905 366.60
2906 366.20
2907 366.80
2908 365.60
2909 365.20
2910 364.60
2911 367.80
2912 368.20
2913 367.20
2914 368.00
2915 369.20
2916 371.20
2917 369.60
2918 370.00
2919 369.20
2920 368.60
2921 369.40
2922 370.40
2923 369.20
2924 369.80
2925 366.80
2926 366.40
2927 365.20
2928 365.20
2929 364.80
2930 363.60
2931 364.80
2932 363.00
2933 364.80
2934 364.80
2935 365.40
2936 365.00
2937 364.20
2938 365.60
2939 366.20
2940 365.60
2941 366.80
2942 367.40
2943 367.60
2944 367.80
2945 370.40
2946 370.80
2947 371.20
2948 373.20
2949 373.80
2950 371.00
2951 369.00
2952 370.00
2953 370.40
2954 371.40
2955 368.00
2956 367.20
2957 369.80
2958 370.00
2959 369.00
2960 369.00
2961 369.80
2962 368.40
2963 367.60
2964 367.80
2965 366.80
2966 365.20
2967 365.20
2968 363.20
2969 360.20
2970 359.40
2971 358.00
2972 358.20
2973 358.60
2974 358.20
2975 358.00
2976 360.00
2977 358.00
2978 357.60
2979 359.20
2980 360.20
2981 360.80
2982 360.20
2983 359.80
2984 360.80
2985 359.80
2986 359.00
2987 357.00
2988 358.60
2989 358.20
2990 357.80
2991 357.80
2992 359.00
2993 357.00
2994 356.00
2995 355.00
2996 355.60
2997 356.40
2998 356.20
2999 356.20
