0 120.00
1 80.00
2 80.00
3 140.00
4 260.00
5 60.00
6 240.00
7 140.00
8 160.00
9 180.00
10 80.00
11 120.00
12 140.00
13 20.00
14 140.00
15 280.00
16 400.00
17 160.00
18 200.00
19 120.00
20 200.00
21 100.00
22 260.00
23 140.00
24 280.00
25 160.00
26 160.00
27 200.00
28 440.00
29 160.00
30 260.00
31 220.00
32 200.00
33 440.00
34 200.00
35 160.00
36 120.00
37 380.00
38 200.00
39 160.00
40 260.00
41 180.00
42 160.00
43 60.00
44 120.00
45 420.00
46 200.00
47 200.00
48 300.00
49 420.00
50 200.00
51 200.00
52 140.00
53 140.00
54 140.00
55 140.00
56 380.00
57 400.00
58 300.00
59 140.00
60 160.00
61 180.00
62 260.00
63 200.00
64 140.00
65 120.00
66 160.00
67 180.00
68 200.00
69 360.00
70 160.00
71 420.00
72 200.00
73 180.00
74 440.00
75 220.00
76 220.00
77 180.00
78 220.00
79 240.00
80 240.00
81 220.00
82 140.00
83 480.00
84 200.00
85 460.00
86 200.00
87 200.00
88 240.00
89 180.00
90 220.00
91 160.00
92 500.00
93 180.00
94 260.00
95 240.00
96 500.00
97 220.00
98 220.00
99 200.00
100 180.00
101 440.00
102 200.00
103 240.00
104 240.00
105 240.00
106 200.00
107 480.00
108 180.00
109 220.00
110 200.00
111 460.00
112 460.00
113 200.00
114 200.00
115 200.00
116 360.00
117 200.00
118 480.00
119 400.00
120 200.00
121 480.00
122 220.00
123 380.00
124 180.00
125 400.00
126 220.00
127 220.00
128 200.00
129 240.00
130 480.00
131 480.00
132 440.00
133 200.00
134 200.00
135 200.00
136 240.00
137 200.00
138 280.00
139 220.00
140 180.00
141 200.00
142 420.00
143 220.00
144 460.00
145 220.00
146 180.00
147 220.00
148 200.00
149 240.00
150 240.00
151 320.00
152 500.00
153 320.00
154 240.00
155 260.00
156 240.00
157 240.00
158 240.00
159 180.00
160 500.00
161 240.00
162 480.00
163 260.00
164 220.00
165 480.00
166 480.00
167 240.00
168 340.00
169 220.00
170 220.00
171 220.00
172 240.00
173 240.00
174 240.00
175 500.00
176 500.00
177 500.00
178 220.00
179 460.00
180 240.00
181 240.00
182 240.00
183 240.00
184 220.00
185 240.00
186 280.00
187 500.00
188 240.00
189 240.00
190 220.00
191 240.00
192 240.00
193 240.00
194 180.00
195 500.00
196 460.00
197 200.00
198 200.00
199 180.00
200 220.00
201 160.00
202 220.00
203 200.00
204 140.00
205 180.00
206 460.00
207 180.00
208 340.00
209 200.00
210 440.00
211 320.00
212 300.00
213 460.00
214 220.00
215 120.00
216 220.00
217 200.00
218 180.00
219 140.00
220 100.00
221 160.00
222 80.00
223 120.00
224 100.00
225 120.00
226 180.00
227 40.00
228 180.00
229 100.00
230 120.00
231 100.00
232 240.00
233 160.00
234 280.00
235 220.00
236 220.00
237 400.00
238 200.00
239 120.00
240 380.00
241 380.00
242 400.00
243 380.00
244 220.00
245 240.00
246 380.00
247 280.00
248 220.00
249 220.00
250 280.00
251 360.00
252 180.00
253 180.00
254 280.00
255 280.00
256 240.00
257 240.00
258 360.00
259 300.00
260 200.00
261 220.00
262 400.00
263 260.00
264 140.00
265 260.00
266 240.00
267 340.00
268 360.00
269 280.00
270 420.00
271 460.00
272 220.00
273 260.00
274 480.00
275 300.00
276 260.00
277 380.00
278 340.00
279 260.00
280 480.00
281 320.00
282 360.00
283 420.00
284 340.00
285 340.00
286 220.00
287 240.00
288 220.00
289 420.00
290 420.00
291 240.00
292 160.00
293 380.00
294 280.00
295 200.00
296 460.00
297 300.00
298 220.00
299 400.00
300 380.00
301 360.00
302 240.00
303 240.00
304 320.00
305 140.00
306 240.00
307 400.00
308 240.00
309 460.00
310 200.00
311 240.00
312 340.00
313 360.00
314 200.00
315 400.00
316 400.00
317 400.00
318 400.00
319 400.00
320 200.00
321 220.00
322 280.00
323 200.00
324 280.00
325 160.00
326 340.00
327 460.00
328 300.00
329 300.00
330 420.00
331 400.00
332 360.00
333 340.00
334 240.00
335 420.00
336 400.00
337 220.00
338 300.00
339 300.00
340 320.00
341 320.00
342 480.00
343 220.00
344 260.00
345 320.00
346 220.00
347 400.00
348 400.00
349 380.00
350 420.00
351 300.00
352 240.00
353 360.00
354 240.00
355 220.00
356 220.00
357 400.00
358 380.00
359 400.00
360 260.00
361 400.00
362 500.00
363 420.00
364 380.00
365 460.00
366 220.00
367 320.00
368 300.00
369 220.00
370 180.00
371 360.00
372 280.00
373 220.00
374 240.00
375 360.00
376 400.00
377 360.00
378 320.00
379 400.00
380 480.00
381 380.00
382 240.00
383 460.00
384 400.00
385 320.00
386 300.00
387 240.00
388 340.00
389 300.00
390 240.00
391 160.00
392 360.00
393 360.00
394 420.00
395 420.00
396 240.00
397 400.00
398 240.00
399 240.00
400 380.00
401 360.00
402 260.00
403 380.00
404 200.00
405 200.00
406 440.00
407 240.00
408 300.00
409 260.00
410 140.00
411 360.00
412 120.00
413 140.00
414 180.00
415 200.00
416 140.00
417 60.00
418 340.00
419 160.00
420 140.00
421 240.00
422 140.00
423 380.00
424 300.00
425 320.00
426 180.00
427 160.00
428 280.00
429 180.00
430 60.00
431 200.00
432 200.00
433 80.00
434 120.00
435 220.00
436 180.00
437 60.00
438 280.00
439 240.00
440 200.00
441 340.00
442 300.00
443 180.00
444 380.00
445 240.00
446 180.00
447 120.00
448 200.00
449 360.00
450 420.00
451 180.00
452 420.00
453 400.00
454 240.00
455 220.00
456 500.00
457 240.00
458 320.00
459 240.00
460 500.00
461 240.00
462 240.00
463 480.00
464 240.00
465 240.00
466 180.00
467 420.00
468 500.00
469 240.00
470 220.00
471 400.00
472 260.00
473 220.00
474 200.00
475 200.00
476 380.00
477 200.00
478 240.00
479 320.00
480 280.00
481 440.00
482 340.00
483 320.00
484 360.00
485 280.00
486 480.00
487 240.00
488 180.00
489 240.00
490 240.00
491 380.00
492 180.00
493 380.00
494 460.00
495 500.00
496 220.00
497 500.00
498 500.00
499 200.00
500 220.00
501 240.00
502 200.00
503 240.00
504 360.00
505 500.00
506 380.00
507 420.00
508 220.00
509 500.00
510 280.00
511 460.00
512 240.00
513 500.00
514 320.00
515 200.00
516 300.00
517 200.00
518 400.00
519 500.00
520 240.00
521 460.00
522 240.00
523 460.00
524 240.00
525 500.00
526 240.00
527 280.00
528 220.00
529 480.00
530 220.00
531 360.00
532 240.00
533 380.00
534 500.00
535 180.00
536 240.00
537 380.00
538 420.00
539 240.00
540 420.00
541 400.00
542 260.00
543 460.00
544 360.00
545 420.00
546 380.00
547 300.00
548 340.00
549 420.00
550 500.00
551 240.00
552 500.00
553 440.00
554 220.00
555 500.00
556 420.00
557 240.00
558 220.00
559 220.00
560 400.00
561 300.00
562 400.00
563 360.00
564 380.00
565 220.00
566 420.00
567 300.00
568 460.00
569 380.00
570 320.00
571 280.00
572 180.00
573 440.00
574 180.00
575 220.00
576 240.00
577 200.00
578 220.00
579 220.00
580 320.00
581 360.00
582 420.00
583 240.00
584 380.00
585 340.00
586 480.00
587 440.00
588 500.00
589 200.00
590 380.00
591 240.00
592 420.00
593 400.00
594 240.00
595 400.00
596 220.00
597 460.00
598 360.00
599 400.00
600 360.00
601 180.00
602 400.00
603 380.00
604 280.00
605 160.00
606 220.00
607 180.00
608 420.00
609 380.00
610 420.00
611 280.00
612 420.00
613 320.00
614 180.00
615 100.00
616 380.00
617 460.00
618 440.00
619 440.00
620 420.00
621 460.00
622 480.00
623 200.00
624 280.00
625 500.00
626 260.00
627 500.00
628 440.00
629 420.00
630 440.00
631 440.00
632 480.00
633 500.00
634 400.00
635 440.00
636 220.00
637 460.00
638 220.00
639 440.00
640 240.00
641 440.00
642 460.00
643 440.00
644 240.00
645 240.00
646 280.00
647 440.00
648 240.00
649 480.00
650 380.00
651 460.00
652 340.00
653 400.00
654 420.00
655 360.00
656 460.00
657 240.00
658 500.00
659 420.00
660 440.00
661 260.00
662 380.00
663 460.00
664 420.00
665 480.00
666 460.00
667 500.00
668 400.00
669 420.00
670 440.00
671 320.00
672 380.00
673 220.00
674 320.00
675 440.00
676 240.00
677 360.00
678 220.00
679 160.00
680 320.00
681 160.00
682 140.00
683 380.00
684 200.00
685 320.00
686 360.00
687 180.00
688 340.00
689 260.00
690 460.00
691 360.00
692 360.00
693 300.00
694 100.00
695 340.00
696 440.00
697 400.00
698 420.00
699 280.00
700 340.00
701 460.00
702 240.00
703 460.00
704 220.00
705 220.00
706 500.00
707 420.00
708 440.00
709 480.00
710 500.00
711 440.00
712 420.00
713 240.00
714 340.00
715 400.00
716 240.00
717 420.00
718 440.00
719 300.00
720 340.00
721 220.00
722 340.00
723 200.00
724 400.00
725 260.00
726 360.00
727 420.00
728 420.00
729 400.00
730 500.00
731 200.00
732 460.00
733 420.00
734 380.00
735 400.00
736 420.00
737 380.00
738 400.00
739 360.00
740 400.00
741 440.00
742 300.00
743 380.00
744 300.00
745 380.00
746 420.00
747 280.00
748 360.00
749 220.00
750 420.00
751 180.00
752 360.00
753 480.00
754 400.00
755 340.00
756 440.00
757 400.00
758 220.00
759 460.00
760 200.00
761 400.00
762 360.00
763 440.00
764 460.00
765 420.00
766 400.00
767 400.00
768 380.00
769 240.00
770 280.00
771 220.00
772 420.00
773 360.00
774 480.00
775 200.00
776 220.00
777 300.00
778 460.00
779 400.00
780 160.00
781 240.00
782 480.00
783 500.00
784 440.00
785 500.00
786 500.00
787 380.00
788 420.00
789 380.00
790 420.00
791 440.00
792 320.00
793 220.00
794 420.00
795 500.00
796 380.00
797 420.00
798 200.00
799 460.00
800 320.00
801 440.00
802 300.00
803 420.00
804 440.00
805 460.00
806 300.00
807 500.00
808 380.00
809 340.00
810 500.00
811 240.00
812 480.00
813 220.00
814 480.00
815 220.00
816 260.00
817 420.00
818 380.00
819 440.00
820 260.00
821 420.00
822 120.00
823 460.00
824 220.00
825 240.00
826 320.00
827 340.00
828 500.00
829 460.00
830 380.00
831 380.00
832 480.00
833 220.00
834 260.00
835 440.00
836 460.00
837 440.00
838 260.00
839 420.00
840 380.00
841 420.00
842 420.00
843 180.00
844 380.00
845 400.00
846 420.00
847 280.00
848 500.00
849 220.00
850 380.00
851 400.00
852 440.00
853 240.00
854 180.00
855 200.00
856 220.00
857 400.00
858 200.00
859 220.00
860 140.00
861 160.00
862 480.00
863 300.00
864 300.00
865 80.00
866 180.00
867 420.00
868 360.00
869 500.00
870 320.00
871 420.00
872 320.00
873 120.00
874 340.00
875 500.00
876 460.00
877 460.00
878 240.00
879 240.00
880 400.00
881 320.00
882 500.00
883 440.00
884 460.00
885 220.00
886 480.00
887 400.00
888 500.00
889 240.00
890 500.00
891 420.00
892 420.00
893 440.00
894 440.00
895 460.00
896 240.00
897 400.00
898 440.00
899 400.00
900 500.00
901 500.00
902 240.00
903 420.00
904 400.00
905 460.00
906 420.00
907 440.00
908 500.00
909 460.00
910 480.00
911 440.00
912 420.00
913 480.00
914 400.00
915 260.00
916 440.00
917 360.00
918 240.00
919 320.00
920 460.00
921 200.00
922 400.00
923 340.00
924 400.00
925 340.00
926 360.00
927 360.00
928 260.00
929 480.00
930 360.00
931 300.00
932 340.00
933 420.00
934 340.00
935 480.00
936 360.00
937 280.00
938 360.00
939 420.00
940 500.00
941 200.00
942 400.00
943 440.00
944 460.00
945 440.00
946 440.00
947 360.00
948 440.00
949 420.00
950 400.00
951 460.00
952 460.00
953 200.00
954 400.00
955 220.00
956 440.00
957 480.00
958 220.00
959 460.00
960 480.00
961 240.00
962 400.00
963 420.00
964 280.00
965 480.00
966 480.00
967 480.00
968 380.00
969 440.00
970 380.00
971 260.00
972 240.00
973 360.00
974 340.00
975 220.00
976 220.00
977 400.00
978 320.00
979 480.00
980 480.00
981 460.00
982 500.00
983 400.00
984 380.00
985 460.00
986 220.00
987 440.00
988 480.00
989 240.00
990 160.00
991 220.00
992 180.00
993 300.00
994 420.00
995 460.00
996 340.00
997 260.00
998 360.00
999 160.00
1000 200.00
1001 400.00
1002 320.00
1003 240.00
1004 300.00
1005 240.00
1006 280.00
1007 340.00
1008 320.00
1009 220.00
1010 360.00
1011 400.00
1012 500.00
1013 240.00
1014 480.00
1015 240.00
1016 340.00
1017 440.00
1018 220.00
1019 200.00
1020 200.00
1021 420.00
1022 280.00
1023 320.00
1024 120.00
1025 180.00
1026 400.00
1027 140.00
1028 260.00
1029 240.00
1030 220.00
1031 200.00
1032 360.00
1033 460.00
1034 320.00
1035 400.00
1036 460.00
1037 420.00
1038 420.00
1039 480.00
1040 440.00
1041 220.00
1042 480.00
1043 220.00
1044 400.00
1045 420.00
1046 240.00
1047 500.00
1048 460.00
1049 380.00
1050 460.00
1051 220.00
1052 240.00
1053 440.00
1054 240.00
1055 240.00
1056 400.00
1057 240.00
1058 280.00
1059 240.00
1060 500.00
1061 400.00
1062 420.00
1063 440.00
1064 260.00
1065 440.00
1066 300.00
1067 240.00
1068 220.00
1069 320.00
1070 380.00
1071 220.00
1072 200.00
1073 340.00
1074 180.00
1075 400.00
1076 380.00
1077 360.00
1078 440.00
1079 380.00
1080 440.00
1081 480.00
1082 420.00
1083 460.00
1084 220.00
1085 460.00
1086 240.00
1087 380.00
1088 380.00
1089 420.00
1090 380.00
1091 440.00
1092 240.00
1093 420.00
1094 240.00
1095 400.00
1096 440.00
1097 420.00
1098 180.00
1099 480.00
1100 440.00
1101 440.00
1102 500.00
1103 440.00
1104 220.00
1105 500.00
1106 340.00
1107 440.00
1108 500.00
1109 440.00
1110 500.00
1111 240.00
1112 440.00
1113 440.00
1114 420.00
1115 240.00
1116 300.00
1117 240.00
1118 380.00
1119 460.00
1120 440.00
1121 180.00
1122 420.00
1123 220.00
1124 300.00
1125 280.00
1126 380.00
1127 460.00
1128 380.00
1129 380.00
1130 420.00
1131 480.00
1132 220.00
1133 440.00
1134 420.00
1135 220.00
1136 400.00
1137 220.00
1138 500.00
1139 380.00
1140 440.00
1141 360.00
1142 440.00
1143 280.00
1144 160.00
1145 240.00
1146 420.00
1147 460.00
1148 460.00
1149 240.00
1150 500.00
1151 200.00
1152 300.00
1153 260.00
1154 240.00
1155 320.00
1156 220.00
1157 220.00
1158 360.00
1159 480.00
1160 400.00
1161 320.00
1162 340.00
1163 260.00
1164 220.00
1165 140.00
1166 380.00
1167 440.00
1168 360.00
1169 260.00
1170 440.00
1171 440.00
1172 400.00
1173 440.00
1174 460.00
1175 260.00
1176 400.00
1177 480.00
1178 400.00
1179 420.00
1180 220.00
1181 380.00
1182 480.00
1183 460.00
1184 240.00
1185 420.00
1186 300.00
1187 440.00
1188 460.00
1189 500.00
1190 420.00
1191 440.00
1192 220.00
1193 240.00
1194 400.00
1195 420.00
1196 420.00
1197 460.00
1198 420.00
1199 440.00
1200 220.00
1201 440.00
1202 500.00
1203 500.00
1204 460.00
1205 420.00
1206 480.00
1207 500.00
1208 240.00
1209 440.00
1210 320.00
1211 420.00
1212 440.00
1213 460.00
1214 400.00
1215 380.00
1216 440.00
1217 360.00
1218 400.00
1219 260.00
1220 460.00
1221 420.00
1222 480.00
1223 440.00
1224 440.00
1225 420.00
1226 200.00
1227 360.00
1228 380.00
1229 460.00
1230 360.00
1231 260.00
1232 440.00
1233 320.00
1234 420.00
1235 340.00
1236 200.00
1237 360.00
1238 200.00
1239 480.00
1240 400.00
1241 180.00
1242 360.00
1243 280.00
1244 460.00
1245 420.00
1246 380.00
1247 180.00
1248 460.00
1249 240.00
1250 420.00
1251 400.00
1252 160.00
1253 220.00
1254 360.00
1255 360.00
1256 400.00
1257 380.00
1258 420.00
1259 400.00
1260 440.00
1261 420.00
1262 460.00
1263 500.00
1264 400.00
1265 280.00
1266 320.00
1267 400.00
1268 120.00
1269 260.00
1270 200.00
1271 240.00
1272 460.00
1273 360.00
1274 280.00
1275 420.00
1276 480.00
1277 480.00
1278 460.00
1279 420.00
1280 300.00
1281 400.00
1282 460.00
1283 440.00
1284 200.00
1285 420.00
1286 360.00
1287 400.00
1288 280.00
1289 240.00
1290 180.00
1291 480.00
1292 240.00
1293 360.00
1294 300.00
1295 240.00
1296 400.00
1297 320.00
1298 320.00
1299 380.00
1300 180.00
1301 320.00
1302 360.00
1303 420.00
1304 160.00
1305 220.00
1306 340.00
1307 360.00
1308 360.00
1309 360.00
1310 360.00
1311 440.00
1312 440.00
1313 420.00
1314 480.00
1315 380.00
1316 440.00
1317 380.00
1318 220.00
1319 140.00
1320 500.00
1321 440.00
1322 240.00
1323 300.00
1324 380.00
1325 460.00
1326 420.00
1327 460.00
1328 480.00
1329 360.00
1330 400.00
1331 500.00
1332 440.00
1333 500.00
1334 480.00
1335 220.00
1336 240.00
1337 220.00
1338 500.00
1339 420.00
1340 440.00
1341 380.00
1342 440.00
1343 380.00
1344 340.00
1345 400.00
1346 420.00
1347 440.00
1348 480.00
1349 460.00
1350 460.00
1351 200.00
1352 480.00
1353 220.00
1354 460.00
1355 220.00
1356 420.00
1357 220.00
1358 460.00
1359 200.00
1360 280.00
1361 200.00
1362 380.00
1363 440.00
1364 400.00
1365 380.00
1366 160.00
1367 300.00
1368 240.00
1369 400.00
1370 360.00
1371 420.00
1372 460.00
1373 240.00
1374 240.00
1375 380.00
1376 440.00
1377 180.00
1378 240.00
1379 480.00
1380 240.00
1381 200.00
1382 480.00
1383 420.00
1384 460.00
1385 260.00
1386 240.00
1387 420.00
1388 380.00
1389 440.00
1390 360.00
1391 380.00
1392 460.00
1393 200.00
1394 400.00
1395 500.00
1396 440.00
1397 220.00
1398 460.00
1399 280.00
1400 420.00
1401 300.00
1402 360.00
1403 240.00
1404 320.00
1405 280.00
1406 440.00
1407 420.00
1408 180.00
1409 220.00
1410 480.00
1411 440.00
1412 220.00
1413 460.00
1414 360.00
1415 360.00
1416 480.00
1417 340.00
1418 420.00
1419 160.00
1420 400.00
1421 380.00
1422 220.00
1423 440.00
1424 240.00
1425 140.00
1426 460.00
1427 340.00
1428 340.00
1429 500.00
1430 460.00
1431 500.00
1432 360.00
1433 300.00
1434 460.00
1435 400.00
1436 220.00
1437 420.00
1438 240.00
1439 380.00
1440 240.00
1441 500.00
1442 480.00
1443 220.00
1444 400.00
1445 340.00
1446 360.00
1447 420.00
1448 180.00
1449 380.00
1450 500.00
1451 300.00
1452 460.00
1453 400.00
1454 240.00
1455 400.00
1456 480.00
1457 180.00
1458 400.00
1459 340.00
1460 320.00
1461 260.00
1462 440.00
1463 440.00
1464 460.00
1465 240.00
1466 200.00
1467 300.00
1468 400.00
1469 400.00
1470 500.00
1471 420.00
1472 480.00
1473 280.00
1474 220.00
1475 260.00
1476 260.00
1477 460.00
1478 400.00
1479 420.00
1480 280.00
1481 480.00
1482 400.00
1483 420.00
1484 420.00
1485 240.00
1486 260.00
1487 500.00
1488 440.00
1489 280.00
1490 260.00
1491 200.00
1492 160.00
1493 340.00
1494 260.00
1495 420.00
1496 320.00
1497 200.00
1498 500.00
1499 420.00
1500 120.00
1501 420.00
1502 160.00
1503 200.00
1504 420.00
1505 500.00
1506 400.00
1507 420.00
1508 420.00
1509 380.00
1510 420.00
1511 220.00
1512 460.00
1513 180.00
1514 420.00
1515 240.00
1516 380.00
1517 440.00
1518 300.00
1519 380.00
1520 400.00
1521 220.00
1522 400.00
1523 340.00
1524 400.00
1525 420.00
1526 400.00
1527 400.00
1528 360.00
1529 420.00
1530 440.00
1531 440.00
1532 280.00
1533 380.00
1534 440.00
1535 280.00
1536 420.00
1537 320.00
1538 360.00
1539 320.00
1540 440.00
1541 480.00
1542 480.00
1543 280.00
1544 460.00
1545 200.00
1546 480.00
1547 380.00
1548 400.00
1549 400.00
1550 240.00
1551 480.00
1552 440.00
1553 480.00
1554 500.00
1555 460.00
1556 480.00
1557 440.00
1558 420.00
1559 460.00
1560 500.00
1561 200.00
1562 240.00
1563 480.00
1564 200.00
1565 180.00
1566 460.00
1567 180.00
1568 240.00
1569 400.00
1570 320.00
1571 320.00
1572 320.00
1573 380.00
1574 280.00
1575 440.00
1576 240.00
1577 340.00
1578 460.00
1579 80.00
1580 260.00
1581 180.00
1582 380.00
1583 400.00
1584 440.00
1585 300.00
1586 420.00
1587 500.00
1588 400.00
1589 380.00
1590 440.00
1591 340.00
1592 180.00
1593 260.00
1594 240.00
1595 220.00
1596 260.00
1597 360.00
1598 440.00
1599 460.00
1600 340.00
1601 420.00
1602 440.00
1603 320.00
1604 180.00
1605 420.00
1606 440.00
1607 400.00
1608 500.00
1609 400.00
1610 140.00
1611 480.00
1612 380.00
1613 220.00
1614 440.00
1615 420.00
1616 460.00
1617 420.00
1618 440.00
1619 440.00
1620 420.00
1621 500.00
1622 240.00
1623 280.00
1624 420.00
1625 440.00
1626 240.00
1627 220.00
1628 300.00
1629 360.00
1630 460.00
1631 440.00
1632 280.00
1633 440.00
1634 260.00
1635 420.00
1636 340.00
1637 400.00
1638 420.00
1639 480.00
1640 320.00
1641 440.00
1642 420.00
1643 220.00
1644 480.00
1645 380.00
1646 420.00
1647 280.00
1648 420.00
1649 360.00
1650 400.00
1651 180.00
1652 460.00
1653 480.00
1654 240.00
1655 420.00
1656 300.00
1657 420.00
1658 400.00
1659 500.00
1660 280.00
1661 400.00
1662 440.00
1663 240.00
1664 400.00
1665 340.00
1666 240.00
1667 380.00
1668 400.00
1669 360.00
1670 500.00
1671 280.00
1672 480.00
1673 280.00
1674 280.00
1675 440.00
1676 180.00
1677 140.00
1678 400.00
1679 220.00
1680 420.00
1681 240.00
1682 320.00
1683 20.00
1684 440.00
1685 340.00
1686 240.00
1687 360.00
1688 200.00
1689 260.00
1690 300.00
1691 260.00
1692 340.00
1693 320.00
1694 120.00
1695 320.00
1696 300.00
1697 80.00
1698 380.00
1699 260.00
1700 400.00
1701 320.00
1702 440.00
1703 220.00
1704 420.00
1705 380.00
1706 360.00
1707 220.00
1708 480.00
1709 400.00
1710 240.00
1711 360.00
1712 360.00
1713 480.00
1714 400.00
1715 440.00
1716 480.00
1717 440.00
1718 340.00
1719 260.00
1720 240.00
1721 240.00
1722 240.00
1723 320.00
1724 400.00
1725 460.00
1726 460.00
1727 440.00
1728 420.00
1729 420.00
1730 460.00
1731 220.00
1732 320.00
1733 440.00
1734 500.00
1735 480.00
1736 460.00
1737 400.00
1738 480.00
1739 360.00
1740 480.00
1741 460.00
1742 480.00
1743 420.00
1744 260.00
1745 380.00
1746 220.00
1747 400.00
1748 360.00
1749 200.00
1750 440.00
1751 500.00
1752 260.00
1753 240.00
1754 320.00
1755 440.00
1756 180.00
1757 400.00
1758 200.00
1759 280.00
1760 380.00
1761 300.00
1762 420.00
1763 500.00
1764 260.00
1765 460.00
1766 320.00
1767 380.00
1768 280.00
1769 240.00
1770 420.00
1771 400.00
1772 460.00
1773 440.00
1774 460.00
1775 240.00
1776 480.00
1777 440.00
1778 480.00
1779 380.00
1780 400.00
1781 400.00
1782 280.00
1783 420.00
1784 500.00
1785 400.00
1786 260.00
1787 380.00
1788 260.00
1789 200.00
1790 220.00
1791 380.00
1792 400.00
1793 400.00
1794 200.00
1795 420.00
1796 360.00
1797 360.00
1798 500.00
1799 500.00
1800 240.00
1801 480.00
1802 200.00
1803 440.00
1804 220.00
1805 340.00
1806 500.00
1807 440.00
1808 420.00
1809 240.00
1810 420.00
1811 320.00
1812 220.00
1813 440.00
1814 460.00
1815 400.00
1816 420.00
1817 340.00
1818 400.00
1819 460.00
1820 400.00
1821 400.00
1822 240.00
1823 400.00
1824 460.00
1825 360.00
1826 200.00
1827 420.00
1828 440.00
1829 440.00
1830 460.00
1831 440.00
1832 240.00
1833 220.00
1834 480.00
1835 440.00
1836 400.00
1837 440.00
1838 460.00
1839 420.00
1840 180.00
1841 240.00
1842 480.00
1843 240.00
1844 420.00
1845 440.00
1846 400.00
1847 180.00
1848 200.00
1849 380.00
1850 500.00
1851 360.00
1852 360.00
1853 480.00
1854 340.00
1855 360.00
1856 420.00
1857 420.00
1858 400.00
1859 320.00
1860 380.00
1861 460.00
1862 200.00
1863 280.00
1864 360.00
1865 220.00
1866 400.00
1867 420.00
1868 380.00
1869 140.00
1870 340.00
1871 140.00
1872 200.00
1873 420.00
1874 300.00
1875 420.00
1876 420.00
1877 440.00
1878 280.00
1879 300.00
1880 320.00
1881 240.00
1882 440.00
1883 420.00
1884 240.00
1885 460.00
1886 220.00
1887 360.00
1888 440.00
1889 360.00
1890 360.00
1891 360.00
1892 320.00
1893 400.00
1894 400.00
1895 460.00
1896 220.00
1897 260.00
1898 260.00
1899 400.00
1900 460.00
1901 460.00
1902 140.00
1903 440.00
1904 500.00
1905 360.00
1906 240.00
1907 420.00
1908 380.00
1909 380.00
1910 240.00
1911 420.00
1912 460.00
1913 440.00
1914 500.00
1915 240.00
1916 260.00
1917 200.00
1918 500.00
1919 380.00
1920 420.00
1921 460.00
1922 420.00
1923 480.00
1924 440.00
1925 240.00
1926 240.00
1927 300.00
1928 440.00
1929 260.00
1930 300.00
1931 400.00
1932 500.00
1933 440.00
1934 440.00
1935 240.00
1936 300.00
1937 400.00
1938 440.00
1939 380.00
1940 260.00
1941 220.00
1942 440.00
1943 380.00
1944 480.00
1945 400.00
1946 100.00
1947 500.00
1948 260.00
1949 300.00
1950 420.00
1951 400.00
1952 460.00
1953 400.00
1954 260.00
1955 380.00
1956 360.00
1957 260.00
1958 340.00
1959 300.00
1960 260.00
1961 500.00
1962 440.00
1963 380.00
1964 360.00
1965 480.00
1966 400.00
1967 200.00
1968 500.00
1969 420.00
1970 480.00
1971 380.00
1972 440.00
1973 260.00
1974 340.00
1975 340.00
1976 400.00
1977 400.00
1978 260.00
1979 300.00
1980 220.00
1981 120.00
1982 440.00
1983 500.00
1984 360.00
1985 240.00
1986 320.00
1987 320.00
1988 460.00
1989 280.00
1990 380.00
1991 460.00
1992 480.00
1993 260.00
1994 440.00
1995 460.00
1996 440.00
1997 460.00
1998 440.00
1999 420.00
2000 380.00
2001 320.00
2002 460.00
2003 220.00
2004 420.00
2005 420.00
2006 420.00
2007 440.00
2008 420.00
2009 440.00
2010 440.00
2011 400.00
2012 300.00
2013 420.00
2014 500.00
2015 400.00
2016 220.00
2017 400.00
2018 460.00
2019 280.00
2020 280.00
2021 360.00
2022 80.00
2023 360.00
2024 320.00
2025 400.00
2026 380.00
2027 340.00
2028 440.00
2029 500.00
2030 240.00
2031 320.00
2032 420.00
2033 440.00
2034 240.00
2035 420.00
2036 420.00
2037 240.00
2038 380.00
2039 320.00
2040 440.00
2041 260.00
2042 80.00
2043 360.00
2044 420.00
2045 440.00
2046 340.00
2047 400.00
2048 420.00
2049 220.00
2050 260.00
2051 380.00
2052 420.00
2053 220.00
2054 360.00
2055 380.00
2056 180.00
2057 420.00
2058 200.00
2059 240.00
2060 360.00
2061 460.00
2062 320.00
2063 260.00
2064 100.00
2065 120.00
2066 200.00
2067 340.00
2068 360.00
2069 220.00
2070 200.00
2071 340.00
2072 260.00
2073 340.00
2074 380.00
2075 360.00
2076 120.00
2077 140.00
2078 320.00
2079 420.00
2080 100.00
2081 400.00
2082 420.00
2083 400.00
2084 480.00
2085 400.00
2086 400.00
2087 440.00
2088 200.00
2089 220.00
2090 340.00
2091 360.00
2092 360.00
2093 420.00
2094 340.00
2095 280.00
2096 440.00
2097 360.00
2098 480.00
2099 480.00
2100 500.00
2101 300.00
2102 500.00
2103 440.00
2104 480.00
2105 500.00
2106 460.00
2107 240.00
2108 240.00
2109 420.00
2110 440.00
2111 480.00
2112 260.00
2113 220.00
2114 500.00
2115 460.00
2116 420.00
2117 240.00
2118 400.00
2119 180.00
2120 400.00
2121 420.00
2122 440.00
2123 220.00
2124 480.00
2125 500.00
2126 220.00
2127 500.00
2128 500.00
2129 440.00
2130 420.00
2131 480.00
2132 280.00
2133 400.00
2134 400.00
2135 280.00
2136 480.00
2137 220.00
2138 440.00
2139 460.00
2140 440.00
2141 300.00
2142 340.00
2143 460.00
2144 440.00
2145 400.00
2146 360.00
2147 420.00
2148 420.00
2149 340.00
2150 420.00
2151 400.00
2152 360.00
2153 240.00
2154 460.00
2155 440.00
2156 400.00
2157 380.00
2158 440.00
2159 400.00
2160 420.00
2161 240.00
2162 400.00
2163 460.00
2164 240.00
2165 440.00
2166 260.00
2167 480.00
2168 420.00
2169 320.00
2170 220.00
2171 460.00
2172 460.00
2173 500.00
2174 240.00
2175 380.00
2176 440.00
2177 240.00
2178 200.00
2179 260.00
2180 420.00
2181 300.00
2182 440.00
2183 340.00
2184 260.00
2185 380.00
2186 360.00
2187 240.00
2188 380.00
2189 160.00
2190 300.00
2191 420.00
2192 380.00
2193 440.00
2194 380.00
2195 500.00
2196 420.00
2197 420.00
2198 440.00
2199 200.00
2200 400.00
2201 460.00
2202 220.00
2203 340.00
2204 440.00
2205 400.00
2206 420.00
2207 320.00
2208 320.00
2209 380.00
2210 440.00
2211 480.00
2212 380.00
2213 280.00
2214 380.00
2215 420.00
2216 460.00
2217 440.00
2218 360.00
2219 460.00
2220 240.00
2221 340.00
2222 500.00
2223 360.00
2224 440.00
2225 420.00
2226 240.00
2227 420.00
2228 200.00
2229 240.00
2230 260.00
2231 260.00
2232 340.00
2233 380.00
2234 300.00
2235 380.00
2236 340.00
2237 440.00
2238 260.00
2239 460.00
2240 440.00
2241 400.00
2242 460.00
2243 360.00
2244 260.00
2245 240.00
2246 160.00
2247 200.00
2248 160.00
2249 300.00
2250 180.00
2251 180.00
2252 340.00
2253 420.00
2254 340.00
2255 440.00
2256 100.00
2257 400.00
2258 320.00
2259 460.00
2260 460.00
2261 220.00
2262 320.00
2263 420.00
2264 440.00
2265 460.00
2266 240.00
2267 480.00
2268 220.00
2269 420.00
2270 380.00
2271 240.00
2272 200.00
2273 420.00
2274 320.00
2275 360.00
2276 380.00
2277 280.00
2278 160.00
2279 200.00
2280 180.00
2281 420.00
2282 460.00
2283 220.00
2284 480.00
2285 400.00
2286 500.00
2287 420.00
2288 460.00
2289 340.00
2290 280.00
2291 200.00
2292 400.00
2293 220.00
2294 380.00
2295 180.00
2296 420.00
2297 400.00
2298 400.00
2299 420.00
2300 460.00
2301 440.00
2302 440.00
2303 400.00
2304 460.00
2305 220.00
2306 420.00
2307 320.00
2308 380.00
2309 440.00
2310 240.00
2311 460.00
2312 360.00
2313 440.00
2314 240.00
2315 420.00
2316 480.00
2317 360.00
2318 240.00
2319 440.00
2320 420.00
2321 440.00
2322 240.00
2323 300.00
2324 400.00
2325 280.00
2326 400.00
2327 400.00
2328 480.00
2329 220.00
2330 240.00
2331 400.00
2332 440.00
2333 240.00
2334 460.00
2335 420.00
2336 400.00
2337 240.00
2338 420.00
2339 440.00
2340 420.00
2341 320.00
2342 440.00
2343 480.00
2344 340.00
2345 220.00
2346 220.00
2347 340.00
2348 440.00
2349 420.00
2350 300.00
2351 420.00
2352 440.00
2353 440.00
2354 380.00
2355 440.00
2356 240.00
2357 460.00
2358 440.00
2359 420.00
2360 460.00
2361 480.00
2362 400.00
2363 420.00
2364 480.00
2365 220.00
2366 440.00
2367 440.00
2368 420.00
2369 420.00
2370 380.00
2371 440.00
2372 480.00
2373 440.00
2374 260.00
2375 280.00
2376 420.00
2377 260.00
2378 380.00
2379 340.00
2380 220.00
2381 260.00
2382 400.00
2383 320.00
2384 380.00
2385 460.00
2386 360.00
2387 340.00
2388 380.00
2389 440.00
2390 440.00
2391 420.00
2392 400.00
2393 440.00
2394 460.00
2395 480.00
2396 440.00
2397 420.00
2398 400.00
2399 360.00
2400 500.00
2401 400.00
2402 240.00
2403 180.00
2404 460.00
2405 280.00
2406 400.00
2407 240.00
2408 460.00
2409 400.00
2410 220.00
2411 360.00
2412 320.00
2413 220.00
2414 260.00
2415 140.00
2416 380.00
2417 360.00
2418 400.00
2419 420.00
2420 420.00
2421 100.00
2422 480.00
2423 400.00
2424 460.00
2425 240.00
2426 460.00
2427 480.00
2428 380.00
2429 420.00
2430 380.00
2431 360.00
2432 380.00
2433 400.00
2434 220.00
2435 440.00
2436 240.00
2437 420.00
2438 280.00
2439 440.00
2440 460.00
2441 420.00
2442 360.00
2443 380.00
2444 220.00
2445 440.00
2446 360.00
2447 420.00
2448 340.00
2449 440.00
2450 480.00
2451 380.00
2452 420.00
2453 400.00
2454 240.00
2455 160.00
2456 480.00
2457 480.00
2458 400.00
2459 240.00
2460 380.00
2461 360.00
2462 460.00
2463 440.00
2464 500.00
2465 220.00
2466 200.00
2467 360.00
2468 180.00
2469 380.00
2470 380.00
2471 420.00
2472 340.00
2473 360.00
2474 400.00
2475 420.00
2476 420.00
2477 220.00
2478 320.00
2479 180.00
2480 240.00
2481 400.00
2482 400.00
2483 440.00
2484 200.00
2485 460.00
2486 300.00
2487 320.00
2488 480.00
2489 220.00
2490 240.00
2491 460.00
2492 440.00
2493 440.00
2494 220.00
2495 340.00
2496 380.00
2497 420.00
2498 400.00
2499 400.00
2500 360.00
2501 400.00
2502 460.00
2503 240.00
2504 220.00
2505 420.00
2506 160.00
2507 440.00
2508 460.00
2509 460.00
2510 400.00
2511 500.00
2512 220.00
2513 420.00
2514 440.00
2515 480.00
2516 500.00
2517 420.00
2518 460.00
2519 380.00
2520 500.00
2521 220.00
2522 360.00
2523 380.00
2524 200.00
2525 360.00
2526 360.00
2527 380.00
2528 440.00
2529 440.00
2530 440.00
2531 440.00
2532 420.00
2533 460.00
2534 220.00
2535 480.00
2536 380.00
2537 460.00
2538 260.00
2539 280.00
2540 440.00
2541 340.00
2542 500.00
2543 400.00
2544 220.00
2545 340.00
2546 220.00
2547 440.00
2548 420.00
2549 220.00
2550 340.00
2551 240.00
2552 340.00
2553 400.00
2554 440.00
2555 400.00
2556 360.00
2557 400.00
2558 400.00
2559 340.00
2560 460.00
2561 240.00
2562 500.00
2563 400.00
2564 500.00
2565 480.00
2566 340.00
2567 220.00
2568 440.00
2569 280.00
2570 460.00
2571 240.00
2572 380.00
2573 300.00
2574 380.00
2575 420.00
2576 420.00
2577 480.00
2578 220.00
2579 480.00
2580 340.00
2581 260.00
2582 400.00
2583 260.00
2584 320.00
2585 380.00
2586 140.00
2587 400.00
2588 380.00
2589 360.00
2590 420.00
2591 260.00
2592 320.00
2593 440.00
2594 220.00
2595 360.00
2596 420.00
2597 380.00
2598 420.00
2599 380.00
2600 360.00
2601 460.00
2602 400.00
2603 460.00
2604 220.00
2605 340.00
2606 440.00
2607 420.00
2608 420.00
2609 500.00
2610 220.00
2611 340.00
2612 160.00
2613 420.00
2614 420.00
2615 380.00
2616 340.00
2617 440.00
2618 220.00
2619 380.00
2620 300.00
2621 440.00
2622 420.00
2623 400.00
2624 440.00
2625 420.00
2626 360.00
2627 440.00
2628 240.00
2629 200.00
2630 300.00
2631 400.00
2632 440.00
2633 360.00
2634 380.00
2635 260.00
2636 200.00
2637 160.00
2638 340.00
2639 280.00
2640 380.00
2641 220.00
2642 460.00
2643 400.00
2644 360.00
2645 400.00
2646 360.00
2647 380.00
2648 420.00
2649 360.00
2650 320.00
2651 420.00
2652 420.00
2653 500.00
2654 380.00
2655 420.00
2656 380.00
2657 220.00
2658 180.00
2659 220.00
2660 280.00
2661 240.00
2662 240.00
2663 460.00
2664 440.00
2665 200.00
2666 400.00
2667 420.00
2668 460.00
2669 200.00
2670 440.00
2671 340.00
2672 480.00
2673 360.00
2674 420.00
2675 500.00
2676 180.00
2677 380.00
2678 440.00
2679 420.00
2680 380.00
2681 440.00
2682 460.00
2683 440.00
2684 440.00
2685 440.00
2686 220.00
2687 400.00
2688 440.00
2689 480.00
2690 280.00
2691 160.00
2692 460.00
2693 220.00
2694 500.00
2695 300.00
2696 460.00
2697 380.00
2698 420.00
2699 220.00
2700 500.00
2701 380.00
2702 240.00
2703 300.00
2704 400.00
2705 340.00
2706 480.00
2707 300.00
2708 500.00
2709 380.00
2710 360.00
2711 460.00
2712 380.00
2713 360.00
2714 400.00
2715 500.00
2716 340.00
2717 460.00
2718 380.00
2719 380.00
2720 380.00
2721 400.00
2722 440.00
2723 360.00
2724 340.00
2725 280.00
2726 380.00
2727 380.00
2728 400.00
2729 200.00
2730 380.00
2731 500.00
2732 480.00
2733 500.00
2734 240.00
2735 240.00
2736 420.00
2737 420.00
2738 140.00
2739 460.00
2740 340.00
2741 460.00
2742 320.00
2743 400.00
2744 440.00
2745 260.00
2746 240.00
2747 220.00
2748 440.00
2749 400.00
2750 420.00
2751 440.00
2752 400.00
2753 420.00
2754 460.00
2755 420.00
2756 420.00
2757 400.00
2758 220.00
2759 220.00
2760 420.00
2761 480.00
2762 220.00
2763 420.00
2764 400.00
2765 460.00
2766 240.00
2767 380.00
2768 180.00
2769 320.00
2770 480.00
2771 280.00
2772 320.00
2773 200.00
2774 460.00
2775 460.00
2776 400.00
2777 280.00
2778 380.00
2779 360.00
2780 400.00
2781 420.00
2782 300.00
2783 260.00
2784 420.00
2785 400.00
2786 440.00
2787 440.00
2788 480.00
2789 420.00
2790 200.00
2791 460.00
2792 400.00
2793 400.00
2794 400.00
2795 480.00
2796 440.00
2797 200.00
2798 460.00
2799 440.00
2800 240.00
2801 220.00
2802 480.00
2803 480.00
2804 200.00
2805 200.00
2806 160.00
2807 220.00
2808 360.00
2809 400.00
2810 440.00
2811 360.00
2812 340.00
2813 360.00
2814 400.00
2815 380.00
2816 360.00
2817 140.00
2818 420.00
2819 440.00
2820 380.00
2821 380.00
2822 480.00
2823 420.00
2824 380.00
2825 320.00
2826 280.00
2827 340.00
2828 440.00
2829 320.00
2830 220.00
2831 180.00
2832 300.00
2833 380.00
2834 480.00
2835 340.00
2836 440.00
2837 400.00
2838 340.00
2839 400.00
2840 320.00
2841 340.00
2842 400.00
2843 240.00
2844 340.00
2845 500.00
2846 400.00
2847 440.00
2848 240.00
2849 440.00
2850 420.00
2851 400.00
2852 460.00
2853 280.00
2854 440.00
2855 220.00
2856 440.00
2857 480.00
2858 240.00
2859 340.00
2860 440.00
2861 380.00
2862 440.00
2863 380.00
2864 260.00
2865 400.00
2866 220.00
2867 420.00
2868 200.00
2869 320.00
2870 440.00
2871 200.00
2872 420.00
2873 340.00
2874 220.00
2875 440.00
2876 440.00
2877 360.00
2878 440.00
2879 380.00
2880 440.00
2881 160.00
2882 440.00
2883 360.00
2884 440.00
2885 400.00
2886 380.00
2887 420.00
2888 380.00
2889 420.00
2890 380.00
2891 200.00
2892 460.00
2893 340.00
2894 500.00
2895 400.00
2896 420.00
2897 420.00
2898 440.00
2899 140.00
2900 460.00
2901 360.00
2902 360.00
2903 240.00
2904 440.00
2905 440.00
2906 420.00
2907 220.00
2908 360.00
2909 380.00
2910 440.00
2911 380.00
2912 480.00
2913 240.00
2914 360.00
2915 400.00
2916 400.00
2917 460.00
2918 420.00
2919 260.00
2920 440.00
2921 440.00
2922 360.00
2923 420.00
2924 240.00
2925 500.00
2926 240.00
2927 440.00
2928 420.00
2929 460.00
2930 240.00
2931 460.00
2932 340.00
2933 400.00
2934 460.00
2935 260.00
2936 440.00
2937 420.00
2938 480.00
2939 460.00
2940 460.00
2941 440.00
2942 460.00
2943 440.00
2944 420.00
2945 400.00
2946 460.00
2947 480.00
2948 360.00
2949 400.00
2950 420.00
2951 480.00
2952 420.00
2953 340.00
2954 480.00
2955 480.00
2956 400.00
2957 440.00
2958 440.00
2959 440.00
2960 400.00
2961 400.00
2962 400.00
2963 220.00
2964 400.00
2965 420.00
2966 300.00
2967 460.00
2968 420.00
2969 420.00
2970 460.00
2971 420.00
2972 340.00
2973 440.00
2974 320.00
2975 380.00
2976 260.00
2977 420.00
2978 300.00
2979 440.00
2980 260.00
2981 480.00
2982 340.00
2983 340.00
2984 420.00
2985 420.00
2986 440.00
2987 460.00
2988 440.00
2989 300.00
2990 240.00
2991 200.00
2992 340.00
2993 260.00
2994 380.00
2995 320.00
2996 440.00
2997 380.00
2998 300.00
2999 380.00
