0 -0.18
1 -0.34
2 -0.18
3 -0.23
4 -0.03
5 -0.17
6 -0.15
7 -0.13
8 -0.00
9 -0.23
10 -0.24
11 -0.31
12 -0.03
13 0.49
14 0.49
15 -0.29
16 0.49
17 -0.34
18 -0.23
19 -0.34
20 0.44
21 -0.25
22 0.49
23 -0.26
24 0.49
25 0.49
26 0.49
27 0.49
28 0.49
29 -0.31
30 -0.36
31 0.49
32 -0.28
33 0.49
34 -0.12
35 0.49
36 0.49
37 -0.21
38 0.42
39 0.49
40 0.49
41 0.46
42 -0.38
43 -0.29
44 0.46
45 -0.36
46 -0.24
47 0.44
48 -0.32
49 0.49
50 -0.31
51 0.49
52 0.46
53 -0.10
54 0.46
55 -0.25
56 0.42
57 -0.12
58 0.49
59 -0.29
60 0.49
61 0.49
62 -0.10
63 -0.28
64 -0.31
65 -0.19
66 -0.28
67 0.46
68 -0.21
69 0.49
70 -0.36
71 0.49
72 0.49
73 -0.09
74 -0.34
75 -0.09
76 -0.17
77 0.49
78 -0.26
79 0.49
80 0.44
81 0.49
82 0.49
83 0.49
84 0.46
85 -0.19
86 -0.32
87 0.49
88 0.49
89 -0.28
90 -0.36
91 0.26
92 0.34
93 0.44
94 0.46
95 0.49
96 -0.15
97 0.49
98 -0.19
99 0.49
100 0.36
101 0.49
102 0.46
103 0.49
104 -0.19
105 0.38
106 0.44
107 -0.29
108 0.49
109 -0.15
110 0.36
111 0.46
112 0.44
113 0.49
114 0.44
115 0.49
116 -0.13
117 0.46
118 0.38
119 -0.09
120 0.49
121 -0.17
122 0.49
123 0.49
124 0.46
125 0.44
126 -0.19
127 0.49
128 0.44
129 0.49
130 -0.25
131 -0.24
132 -0.34
133 0.49
134 0.49
135 0.44
136 0.49
137 -0.31
138 0.40
139 -0.32
140 0.46
141 0.49
142 0.46
143 0.49
144 0.49
145 0.49
146 0.46
147 -0.15
148 -0.08
149 -0.26
150 -0.21
151 -0.08
152 -0.26
153 -0.16
154 -0.02
155 -0.09
156 -0.20
157 -0.34
158 -0.34
159 -0.17
160 -0.08
161 -0.24
162 -0.24
163 -0.12
164 -0.16
165 -0.38
166 -0.28
167 -0.28
168 -0.16
169 -0.20
170 0.49
171 -0.29
172 0.44
173 0.49
174 0.49
175 0.49
176 -0.32
177 -0.36
178 -0.36
179 0.49
180 0.44
181 -0.29
182 0.49
183 0.44
184 0.36
185 0.49
186 0.49
187 0.49
188 -0.32
189 0.44
190 0.36
191 -0.25
192 0.36
193 -0.18
194 -0.26
195 0.49
196 -0.09
197 0.49
198 0.49
199 -0.25
200 -0.26
201 -0.25
202 -0.23
203 -0.32
204 0.42
205 0.38
206 -0.11
207 0.46
208 -0.10
209 0.44
210 -0.28
211 0.44
212 0.49
213 0.49
214 0.49
215 -0.23
216 0.42
217 0.46
218 -0.09
219 0.49
220 0.49
221 0.40
222 -0.29
223 0.40
224 -0.23
225 0.46
226 0.44
227 0.49
228 0.40
229 0.49
230 0.49
231 0.49
232 0.46
233 -0.34
234 0.49
235 -0.21
236 0.42
237 0.42
238 -0.13
239 -0.28
240 0.49
241 -0.09
242 0.42
243 -0.29
244 0.49
245 0.49
246 0.49
247 0.49
248 -0.26
249 -0.28
250 0.26
251 0.36
252 -0.28
253 0.49
254 -0.19
255 0.49
256 0.42
257 0.49
258 -0.36
259 -0.29
260 0.49
261 0.49
262 0.49
263 0.49
264 -0.32
265 -0.28
266 0.28
267 -0.36
268 -0.23
269 -0.25
270 -0.28
271 -0.10
272 -0.31
273 -0.28
274 -0.12
275 -0.09
276 -0.12
277 -0.12
278 -0.13
279 0.49
280 0.46
281 0.49
282 -0.31
283 0.49
284 -0.24
285 -0.18
286 0.49
287 -0.09
288 -0.21
289 -0.29
290 -0.36
291 -0.26
292 -0.34
293 -0.20
294 -0.25
295 0.49
296 -0.29
297 0.49
298 0.49
299 0.49
300 0.49
301 0.49
302 0.44
303 0.44
304 -0.31
305 -0.31
306 0.49
307 -0.31
308 -0.32
309 0.49
310 0.49
311 -0.32
312 -0.28
313 0.49
314 0.49
315 0.36
316 0.49
317 -0.24
318 0.49
319 0.49
320 0.46
321 0.49
322 -0.21
323 0.44
324 0.29
325 0.31
326 0.44
327 0.05
328 0.49
329 -0.25
330 0.44
331 0.44
332 0.49
333 0.46
334 0.49
335 0.49
336 -0.09
337 -0.07
338 0.49
339 0.49
340 0.46
341 0.36
342 0.49
343 -0.25
344 -0.25
345 -0.26
346 0.49
347 0.46
348 -0.11
349 -0.23
350 -0.24
351 -0.32
352 -0.31
353 0.46
354 -0.18
355 0.49
356 -0.12
357 -0.28
358 -0.09
359 -0.20
360 -0.21
361 0.49
362 0.49
363 0.40
364 0.49
365 0.49
366 -0.24
367 -0.18
368 -0.26
369 0.49
370 0.49
371 -0.32
372 -0.34
373 -0.32
374 -0.32
375 -0.24
376 -0.32
377 -0.17
378 -0.36
379 -0.21
380 -0.23
381 -0.17
382 -0.34
383 -0.23
384 -0.20
385 0.46
386 -0.26
387 0.49
388 0.34
389 0.46
390 0.49
391 0.34
392 0.49
393 0.49
394 0.49
395 0.49
396 0.49
397 0.32
398 -0.28
399 0.46
400 0.49
401 0.36
402 0.46
403 -0.28
404 -0.26
405 0.49
406 -0.19
407 0.49
408 0.34
409 0.46
410 0.49
411 -0.28
412 0.46
413 -0.31
414 -0.07
415 0.44
416 0.44
417 0.44
418 0.46
419 -0.12
420 0.49
421 0.46
422 0.49
423 0.44
424 -0.31
425 -0.31
426 0.49
427 0.42
428 0.49
429 -0.32
430 -0.16
431 -0.23
432 -0.31
433 -0.17
434 -0.21
435 0.49
436 0.07
437 0.46
438 0.44
439 -0.26
440 0.44
441 0.46
442 0.42
443 0.44
444 -0.32
445 0.49
446 -0.34
447 0.44
448 0.49
449 0.49
450 0.46
451 0.49
452 0.49
453 0.49
454 0.49
455 -0.36
456 0.49
457 0.49
458 -0.31
459 -0.32
460 0.49
461 0.44
462 -0.31
463 -0.31
464 -0.09
465 0.42
466 0.49
467 0.38
468 0.49
469 -0.26
470 -0.28
471 -0.32
472 -0.28
473 -0.02
474 -0.19
475 -0.23
476 0.49
477 0.49
478 0.49
479 -0.06
480 -0.26
481 -0.24
482 -0.28
483 -0.13
484 -0.04
485 -0.18
486 -0.17
487 -0.21
488 -0.14
489 -0.04
490 -0.20
491 -0.01
492 0.49
493 0.49
494 0.49
495 -0.09
496 -0.26
497 0.49
498 0.49
499 -0.32
500 0.49
501 0.49
502 0.46
503 0.40
504 -0.21
505 0.40
506 0.49
507 -0.29
508 0.49
509 -0.25
510 -0.38
511 -0.29
512 0.46
513 0.44
514 0.49
515 0.49
516 0.49
517 0.49
518 -0.29
519 0.44
520 0.44
521 0.44
522 -0.32
523 0.49
524 0.49
525 -0.29
526 0.23
527 0.49
528 0.49
529 -0.23
530 0.44
531 0.44
532 -0.07
533 0.49
534 -0.28
535 0.49
536 -0.08
537 0.49
538 -0.24
539 0.46
540 -0.23
541 0.11
542 0.49
543 -0.28
544 -0.25
545 -0.32
546 -0.32
547 -0.17
548 -0.05
549 -0.29
550 -0.19
551 -0.12
552 -0.17
553 -0.26
554 0.49
555 -0.09
556 -0.32
557 0.49
558 -0.24
559 0.44
560 0.49
561 -0.10
562 0.49
563 -0.36
564 0.49
565 0.44
566 -0.16
567 0.49
568 0.49
569 -0.11
570 0.46
571 0.21
572 0.49
573 0.49
574 0.49
575 0.49
576 0.49
577 -0.34
578 0.36
579 -0.12
580 0.49
581 0.49
582 0.49
583 -0.13
584 0.49
585 0.42
586 -0.28
587 -0.12
588 -0.08
589 -0.20
590 -0.12
591 -0.05
592 -0.19
593 -0.17
594 -0.28
595 -0.32
596 -0.21
597 -0.14
598 -0.16
599 -0.04
600 -0.13
601 -0.19
602 -0.38
603 -0.07
604 -0.26
605 -0.28
606 -0.20
607 -0.23
608 0.49
609 0.44
610 0.49
611 0.49
612 0.44
613 0.46
614 0.49
615 0.40
616 -0.21
617 -0.13
618 0.49
619 0.34
620 -0.28
621 -0.09
622 -0.14
623 0.46
624 0.49
625 0.44
626 0.49
627 0.49
628 -0.24
629 0.49
630 0.44
631 -0.32
632 -0.26
633 0.46
634 -0.19
635 0.49
636 0.49
637 -0.18
638 0.49
639 0.49
640 0.49
641 0.49
642 0.32
643 0.46
644 0.49
645 -0.31
646 0.46
647 0.49
648 0.49
649 0.49
650 0.44
651 0.49
652 -0.29
653 0.49
654 0.34
655 -0.17
656 0.46
657 -0.20
658 -0.28
659 -0.23
660 -0.16
661 -0.29
662 -0.16
663 -0.12
664 0.46
665 0.49
666 0.49
667 0.49
668 0.29
669 0.44
670 -0.28
671 0.46
672 0.44
673 0.49
674 0.44
675 -0.23
676 0.49
677 0.36
678 0.44
679 0.49
680 -0.24
681 0.17
682 -0.28
683 0.49
684 0.49
685 0.44
686 0.49
687 0.49
688 0.46
689 0.49
690 0.49
691 -0.18
692 -0.29
693 -0.32
694 0.49
695 0.49
696 0.46
697 0.46
698 0.49
699 -0.28
700 0.49
701 -0.29
702 -0.25
703 0.49
704 0.44
705 0.49
706 -0.24
707 -0.36
708 0.49
709 0.49
710 -0.26
711 -0.25
712 -0.31
713 -0.21
714 -0.29
715 -0.24
716 -0.28
717 -0.02
718 -0.38
719 -0.23
720 -0.23
721 -0.14
722 -0.23
723 -0.00
724 -0.18
725 -0.29
726 -0.14
727 0.12
728 0.46
729 0.49
730 0.49
731 -0.26
732 -0.24
733 -0.31
734 -0.34
735 0.49
736 -0.32
737 -0.29
738 -0.01
739 0.42
740 0.46
741 0.49
742 0.01
743 0.49
744 0.49
745 0.01
746 -0.32
747 0.49
748 -0.28
749 0.46
750 0.49
751 0.49
752 0.19
753 -0.31
754 0.46
755 0.49
756 0.11
757 0.49
758 0.46
759 0.42
760 -0.31
761 -0.36
762 0.44
763 -0.01
764 -0.16
765 -0.34
766 -0.28
767 -0.17
768 0.49
769 0.49
770 0.46
771 0.46
772 0.49
773 0.46
774 0.49
775 0.49
776 0.44
777 0.49
778 -0.23
779 -0.31
780 -0.31
781 -0.25
782 -0.38
783 0.46
784 -0.32
785 0.49
786 -0.17
787 0.49
788 0.44
789 0.44
790 -0.14
791 0.49
792 -0.28
793 0.49
794 -0.31
795 -0.31
796 0.49
797 -0.12
798 0.44
799 -0.36
800 0.49
801 -0.07
802 0.49
803 0.36
804 0.49
805 -0.10
806 0.42
807 -0.09
808 0.49
809 -0.29
810 -0.29
811 -0.14
812 -0.36
813 -0.25
814 -0.14
815 -0.12
816 -0.26
817 -0.06
818 -0.17
819 -0.28
820 0.49
821 -0.38
822 -0.28
823 0.44
824 -0.32
825 -0.13
826 -0.12
827 -0.28
828 -0.29
829 -0.26
830 -0.18
831 -0.34
832 -0.28
833 -0.18
834 -0.34
835 -0.15
836 -0.29
837 -0.24
838 -0.09
839 -0.32
840 -0.31
841 0.38
842 -0.34
843 -0.23
844 0.49
845 -0.09
846 -0.34
847 0.42
848 -0.26
849 0.46
850 -0.34
851 0.46
852 -0.29
853 0.49
854 0.49
855 0.44
856 0.49
857 0.49
858 0.49
859 -0.31
860 -0.26
861 -0.09
862 0.49
863 0.42
864 0.49
865 0.44
866 0.49
867 0.49
868 0.46
869 0.49
870 0.42
871 0.16
872 0.49
873 0.49
874 0.40
875 0.44
876 0.17
877 0.49
878 0.46
879 -0.23
880 -0.28
881 0.49
882 0.49
883 0.36
884 -0.09
885 0.38
886 0.44
887 0.44
888 0.36
889 -0.32
890 0.44
891 -0.28
892 0.38
893 0.49
894 -0.10
895 -0.12
896 -0.12
897 -0.21
898 -0.09
899 -0.16
900 -0.09
901 0.49
902 -0.31
903 0.49
904 0.44
905 0.49
906 -0.17
907 0.44
908 0.49
909 -0.12
910 -0.26
911 -0.28
912 -0.00
913 0.10
914 0.49
915 0.49
916 -0.31
917 -0.36
918 0.24
919 0.49
920 0.49
921 -0.32
922 0.49
923 0.46
924 0.49
925 0.46
926 0.46
927 0.49
928 0.49
929 0.49
930 0.49
931 0.46
932 -0.31
933 -0.34
934 -0.29
935 0.28
936 -0.34
937 0.46
938 -0.28
939 0.36
940 -0.38
941 -0.01
942 -0.32
943 -0.18
944 0.08
945 0.49
946 -0.31
947 -0.34
948 -0.17
949 -0.32
950 -0.21
951 -0.36
952 -0.19
953 -0.29
954 0.46
955 0.46
956 0.49
957 0.46
958 0.46
959 -0.19
960 -0.09
961 0.49
962 0.49
963 0.49
964 0.49
965 0.49
966 0.49
967 0.49
968 -0.31
969 -0.32
970 0.49
971 0.26
972 -0.11
973 0.36
974 -0.25
975 0.49
976 0.44
977 0.42
978 -0.29
979 0.49
980 0.42
981 0.49
982 0.49
983 -0.28
984 0.38
985 0.44
986 -0.14
987 0.46
988 -0.24
989 0.49
990 0.26
991 -0.32
992 -0.29
993 -0.21
994 0.49
995 -0.07
996 0.49
997 0.49
998 0.44
999 0.49
1000 0.40
1001 0.40
1002 0.42
1003 0.42
1004 0.44
1005 0.44
1006 0.42
1007 0.44
1008 0.44
1009 0.44
1010 0.42
1011 0.44
1012 -0.21
1013 0.32
1014 -0.08
1015 -0.02
1016 -0.04
1017 -0.26
1018 -0.16
1019 -0.04
1020 0.28
1021 0.34
1022 0.31
1023 0.31
1024 0.44
1025 0.44
1026 0.42
1027 0.42
1028 0.42
1029 -0.26
1030 0.44
1031 0.36
1032 0.36
1033 0.42
1034 0.44
1035 0.44
1036 0.42
1037 -0.31
1038 0.38
1039 0.44
1040 0.44
1041 -0.24
1042 0.44
1043 -0.36
1044 0.29
1045 0.44
1046 -0.19
1047 -0.36
1048 -0.29
1049 -0.24
1050 0.31
1051 0.28
1052 -0.25
1053 0.36
1054 0.44
1055 0.44
1056 0.42
1057 0.40
1058 0.38
1059 0.40
1060 0.42
1061 0.42
1062 -0.32
1063 0.42
1064 -0.32
1065 0.42
1066 0.38
1067 0.42
1068 0.44
1069 0.38
1070 0.44
1071 0.36
1072 0.38
1073 0.31
1074 -0.04
1075 -0.02
1076 -0.24
1077 -0.20
1078 -0.15
1079 -0.19
1080 0.36
1081 -0.29
1082 0.28
1083 0.32
1084 -0.24
1085 0.34
1086 0.26
1087 0.40
1088 0.28
1089 0.44
1090 0.42
1091 0.42
1092 0.40
1093 0.42
1094 0.34
1095 -0.19
1096 0.42
1097 0.38
1098 0.42
1099 0.36
1100 0.42
1101 0.32
1102 -0.21
1103 -0.20
1104 0.34
1105 0.38
1106 0.40
1107 0.29
1108 0.34
1109 0.24
1110 -0.34
1111 -0.04
1112 0.24
1113 0.28
1114 0.07
1115 -0.17
1116 -0.36
1117 -0.10
1118 0.44
1119 -0.15
1120 -0.12
1121 0.29
1122 0.42
1123 0.38
1124 0.44
1125 0.36
1126 0.44
1127 0.44
1128 0.42
1129 0.42
1130 0.42
1131 0.38
1132 0.44
1133 0.32
1134 0.38
1135 0.44
1136 -0.32
1137 0.44
1138 0.42
1139 0.38
1140 0.42
1141 0.42
1142 0.44
1143 0.42
1144 0.42
1145 0.42
1146 0.42
1147 0.44
1148 0.42
1149 -0.32
1150 -0.34
1151 -0.25
1152 0.44
1153 0.42
1154 0.44
1155 0.42
1156 0.32
1157 -0.19
1158 -0.31
1159 0.42
1160 0.42
1161 -0.21
1162 0.32
1163 0.40
1164 0.42
1165 0.42
1166 -0.10
1167 0.44
1168 0.42
1169 0.40
1170 0.31
1171 0.40
1172 0.40
1173 0.44
1174 0.38
1175 0.31
1176 0.42
1177 0.40
1178 0.42
1179 0.42
1180 0.34
1181 -0.40
1182 0.34
1183 0.38
1184 0.44
1185 -0.06
1186 -0.09
1187 -0.20
1188 0.26
1189 -0.31
1190 0.24
1191 0.29
1192 -0.32
1193 -0.05
1194 -0.25
1195 -0.12
1196 -0.19
1197 -0.14
1198 0.29
1199 -0.05
1200 -0.24
1201 0.32
1202 -0.25
1203 0.28
1204 -0.28
1205 -0.42
1206 -0.19
1207 0.31
1208 0.34
1209 0.44
1210 0.36
1211 -0.38
1212 -0.06
1213 -0.23
1214 -0.09
1215 -0.17
1216 -0.09
1217 0.34
1218 -0.06
1219 -0.11
1220 0.28
1221 0.42
1222 0.42
1223 0.42
1224 0.40
1225 0.42
1226 0.42
1227 0.44
1228 0.42
1229 -0.36
1230 0.40
1231 -0.36
1232 0.40
1233 0.38
1234 0.42
1235 0.40
1236 0.42
1237 0.40
1238 0.42
1239 0.36
1240 0.42
1241 0.40
1242 0.44
1243 0.42
1244 0.42
1245 0.44
1246 0.44
1247 -0.34
1248 -0.25
1249 -0.20
1250 -0.07
1251 -0.05
1252 -0.21
1253 -0.23
1254 0.23
1255 -0.06
1256 0.25
1257 0.21
1258 0.32
1259 0.36
1260 0.36
1261 0.42
1262 0.40
1263 0.38
1264 -0.36
1265 0.44
1266 0.42
1267 0.38
1268 0.40
1269 0.36
1270 0.44
1271 -0.38
1272 0.36
1273 -0.19
1274 0.29
1275 0.40
1276 0.40
1277 0.44
1278 0.40
1279 0.44
1280 -0.07
1281 -0.19
1282 0.40
1283 0.31
1284 0.38
1285 0.42
1286 0.42
1287 0.42
1288 0.40
1289 0.38
1290 0.29
1291 0.31
1292 0.29
1293 0.28
1294 0.38
1295 0.28
1296 0.31
1297 0.38
1298 -0.09
1299 0.34
1300 0.40
1301 -0.34
1302 0.38
1303 0.42
1304 0.42
1305 0.44
1306 0.32
1307 0.28
1308 0.40
1309 0.38
1310 0.40
1311 0.40
1312 0.44
1313 0.44
1314 0.34
1315 0.44
1316 0.42
1317 0.29
1318 0.44
1319 0.40
1320 0.36
1321 0.42
1322 0.36
1323 0.42
1324 0.36
1325 0.44
1326 -0.23
1327 0.38
1328 0.34
1329 0.40
1330 0.38
1331 0.44
1332 0.42
1333 0.34
1334 0.38
1335 -0.08
1336 -0.06
1337 -0.12
1338 -0.24
1339 -0.18
1340 -0.21
1341 0.29
1342 0.38
1343 0.40
1344 0.44
1345 0.42
1346 0.40
1347 0.42
1348 0.44
1349 0.44
1350 0.42
1351 0.42
1352 0.42
1353 0.36
1354 0.44
1355 0.42
1356 -0.31
1357 0.36
1358 0.40
1359 -0.36
1360 0.25
1361 0.40
1362 0.42
1363 0.42
1364 0.34
1365 0.44
1366 0.44
1367 0.42
1368 0.42
1369 0.38
1370 0.31
1371 0.31
1372 0.38
1373 0.38
1374 0.32
1375 0.38
1376 -0.34
1377 0.36
1378 0.38
1379 0.36
1380 0.40
1381 0.42
1382 0.34
1383 0.42
1384 0.32
1385 0.44
1386 0.44
1387 -0.06
1388 0.38
1389 0.36
1390 0.42
1391 -0.25
1392 -0.07
1393 -0.07
1394 -0.09
1395 -0.06
1396 -0.11
1397 -0.21
1398 -0.15
1399 -0.18
1400 -0.29
1401 0.25
1402 0.36
1403 0.36
1404 0.34
1405 0.42
1406 0.40
1407 -0.38
1408 0.44
1409 0.44
1410 0.42
1411 0.44
1412 0.44
1413 -0.36
1414 0.40
1415 0.44
1416 0.28
1417 0.44
1418 0.42
1419 0.42
1420 0.42
1421 0.42
1422 0.44
1423 0.38
1424 0.40
1425 0.44
1426 -0.25
1427 0.42
1428 0.42
1429 0.34
1430 0.44
1431 -0.34
1432 -0.10
1433 -0.09
1434 -0.07
1435 -0.28
1436 -0.31
1437 -0.25
1438 -0.28
1439 -0.18
1440 -0.17
1441 -0.08
1442 -0.17
1443 -0.16
1444 -0.20
1445 -0.10
1446 0.24
1447 0.28
1448 0.34
1449 0.40
1450 0.38
1451 -0.21
1452 0.36
1453 0.38
1454 0.42
1455 0.40
1456 -0.17
1457 0.40
1458 0.36
1459 0.36
1460 0.34
1461 0.34
1462 0.44
1463 0.42
1464 0.40
1465 0.42
1466 0.44
1467 0.40
1468 0.42
1469 0.40
1470 0.42
1471 0.42
1472 -0.23
1473 0.44
1474 0.44
1475 0.38
1476 0.36
1477 0.44
1478 0.44
1479 0.42
1480 0.44
1481 0.38
1482 0.36
1483 0.40
1484 0.44
1485 0.42
1486 0.42
1487 0.42
1488 0.44
1489 0.38
1490 0.40
1491 0.44
1492 0.38
1493 0.40
1494 0.42
1495 0.44
1496 0.42
1497 0.44
1498 0.44
1499 0.40
1500 0.40
1501 0.40
1502 0.36
1503 0.31
1504 -0.05
1505 -0.32
1506 0.21
1507 0.32
1508 0.42
1509 0.42
1510 -0.20
1511 0.44
1512 0.44
1513 -0.26
1514 -0.07
1515 -0.12
1516 0.29
1517 0.34
1518 0.38
1519 0.44
1520 0.42
1521 -0.31
1522 0.42
1523 0.44
1524 0.42
1525 0.42
1526 -0.32
1527 -0.26
1528 -0.28
1529 0.29
1530 -0.07
1531 -0.11
1532 -0.07
1533 -0.23
1534 -0.28
1535 -0.05
1536 0.28
1537 0.44
1538 0.38
1539 0.44
1540 0.42
1541 -0.08
1542 -0.20
1543 0.31
1544 -0.14
1545 0.36
1546 0.42
1547 0.32
1548 0.40
1549 0.40
1550 0.42
1551 0.44
1552 -0.34
1553 0.28
1554 0.38
1555 0.44
1556 0.32
1557 0.38
1558 0.28
1559 -0.25
1560 0.38
1561 0.42
1562 0.42
1563 0.40
1564 -0.13
1565 0.34
1566 -0.36
1567 0.44
1568 0.38
1569 0.38
1570 0.38
1571 0.38
1572 0.44
1573 0.44
1574 0.16
1575 0.42
1576 0.38
1577 0.36
1578 -0.29
1579 0.32
1580 0.42
1581 0.42
1582 0.42
1583 0.44
1584 0.42
1585 0.40
1586 0.40
1587 0.44
1588 0.42
1589 0.44
1590 -0.36
1591 0.40
1592 0.42
1593 -0.20
1594 -0.18
1595 0.28
1596 0.34
1597 0.42
1598 -0.13
1599 0.32
1600 -0.24
1601 -0.23
1602 -0.09
1603 0.36
1604 0.36
1605 -0.18
1606 0.12
1607 0.34
1608 0.31
1609 0.42
1610 0.44
1611 0.38
1612 0.44
1613 0.44
1614 0.42
1615 0.44
1616 0.42
1617 0.40
1618 0.42
1619 0.42
1620 0.42
1621 0.42
1622 0.44
1623 0.44
1624 -0.29
1625 0.44
1626 0.44
1627 0.42
1628 0.44
1629 0.44
1630 0.42
1631 0.38
1632 0.42
1633 0.44
1634 0.44
1635 0.28
1636 0.26
1637 -0.20
1638 0.40
1639 0.44
1640 0.38
1641 -0.32
1642 -0.05
1643 0.25
1644 -0.34
1645 -0.21
1646 0.36
1647 0.40
1648 0.38
1649 0.44
1650 0.42
1651 -0.28
1652 0.42
1653 0.44
1654 0.44
1655 0.38
1656 0.38
1657 0.44
1658 0.42
1659 0.38
1660 0.44
1661 0.38
1662 0.40
1663 0.44
1664 0.38
1665 0.44
1666 0.42
1667 0.40
1668 0.36
1669 0.42
1670 0.44
1671 0.42
1672 0.44
1673 0.36
1674 0.40
1675 0.42
1676 0.42
1677 0.40
1678 0.42
1679 0.44
1680 0.38
1681 0.44
1682 0.44
1683 0.34
1684 0.40
1685 0.38
1686 0.38
1687 0.38
1688 0.40
1689 0.44
1690 0.44
1691 0.38
1692 0.42
1693 0.42
1694 0.28
1695 0.42
1696 -0.32
1697 0.44
1698 0.36
1699 -0.34
1700 0.25
1701 0.44
1702 -0.34
1703 0.38
1704 0.42
1705 0.44
1706 0.40
1707 0.44
1708 0.42
1709 0.44
1710 0.42
1711 0.40
1712 0.32
1713 -0.34
1714 -0.28
1715 0.38
1716 0.36
1717 0.36
1718 0.42
1719 0.34
1720 0.38
1721 0.32
1722 0.38
1723 0.40
1724 0.38
1725 0.42
1726 0.40
1727 0.44
1728 0.42
1729 0.44
1730 0.36
1731 0.38
1732 0.42
1733 0.38
1734 0.44
1735 0.42
1736 0.42
1737 0.42
1738 0.44
1739 0.38
1740 -0.29
1741 0.34
1742 0.38
1743 0.42
1744 0.40
1745 0.40
1746 0.42
1747 0.42
1748 0.44
1749 0.44
1750 0.40
1751 0.44
1752 -0.17
1753 0.40
1754 0.42
1755 -0.23
1756 0.38
1757 0.29
1758 -0.26
1759 0.36
1760 0.31
1761 -0.07
1762 0.31
1763 -0.04
1764 -0.18
1765 -0.32
1766 -0.21
1767 0.34
1768 -0.04
1769 -0.31
1770 -0.05
1771 0.24
1772 0.28
1773 0.38
1774 0.34
1775 0.40
1776 0.38
1777 -0.29
1778 0.44
1779 0.38
1780 -0.31
1781 0.32
1782 0.42
1783 0.42
1784 0.38
1785 -0.38
1786 0.34
1787 0.32
1788 0.34
1789 0.19
1790 -0.23
1791 0.38
1792 0.40
1793 0.32
1794 0.31
1795 0.44
1796 0.42
1797 0.36
1798 0.42
1799 0.42
1800 0.42
1801 0.38
1802 -0.20
1803 0.31
1804 0.44
1805 0.38
1806 0.44
1807 0.38
1808 0.40
1809 -0.25
1810 -0.19
1811 -0.06
1812 0.42
1813 0.40
1814 0.34
1815 0.40
1816 -0.18
1817 0.26
1818 0.42
1819 0.38
1820 0.31
1821 0.44
1822 0.42
1823 0.40
1824 -0.34
1825 -0.05
1826 0.28
1827 -0.00
1828 0.42
1829 0.40
1830 0.36
1831 -0.38
1832 0.24
1833 0.31
1834 -0.05
1835 -0.17
1836 -0.21
1837 0.40
1838 0.38
1839 0.40
1840 0.29
1841 0.34
1842 0.40
1843 0.36
1844 0.31
1845 0.44
1846 0.36
1847 0.44
1848 0.44
1849 0.40
1850 0.38
1851 0.42
1852 0.44
1853 0.36
1854 -0.28
1855 0.34
1856 0.44
1857 0.44
1858 -0.14
1859 -0.34
1860 -0.16
1861 0.26
1862 -0.21
1863 0.25
1864 0.34
1865 0.36
1866 0.36
1867 0.36
1868 -0.29
1869 -0.17
1870 0.31
1871 0.42
1872 0.40
1873 0.40
1874 -0.18
1875 0.40
1876 0.40
1877 0.36
1878 0.40
1879 0.36
1880 0.38
1881 0.42
1882 0.38
1883 -0.31
1884 0.40
1885 0.40
1886 0.42
1887 -0.32
1888 0.42
1889 -0.12
1890 0.34
1891 0.32
1892 0.40
1893 0.31
1894 0.34
1895 0.40
1896 0.42
1897 0.40
1898 0.42
1899 -0.29
1900 0.38
1901 0.42
1902 0.42
1903 -0.13
1904 0.29
1905 0.40
1906 0.38
1907 -0.16
1908 0.34
1909 0.32
1910 0.40
1911 0.31
1912 0.38
1913 0.44
1914 -0.29
1915 0.42
1916 0.44
1917 0.36
1918 0.36
1919 0.29
1920 0.40
1921 0.36
1922 0.40
1923 0.44
1924 0.42
1925 0.34
1926 0.40
1927 0.42
1928 0.31
1929 0.31
1930 -0.12
1931 -0.04
1932 0.14
1933 -0.23
1934 0.31
1935 0.36
1936 0.36
1937 0.36
1938 -0.34
1939 -0.24
1940 -0.21
1941 -0.26
1942 -0.32
1943 -0.15
1944 -0.18
1945 -0.20
1946 -0.17
1947 -0.17
1948 -0.23
1949 -0.01
1950 0.19
1951 0.31
1952 -0.18
1953 0.26
1954 0.32
1955 0.32
1956 0.36
1957 -0.34
1958 0.24
1959 0.25
1960 -0.25
1961 0.36
1962 0.44
1963 -0.28
1964 0.40
1965 0.44
1966 -0.32
1967 0.42
1968 0.42
1969 0.40
1970 0.44
1971 0.38
1972 0.36
1973 0.36
1974 0.32
1975 0.42
1976 0.36
1977 -0.10
1978 0.28
1979 0.42
1980 0.34
1981 0.42
1982 0.40
1983 0.36
1984 0.42
1985 0.44
1986 -0.23
1987 -0.34
1988 0.36
1989 -0.25
1990 0.32
1991 -0.20
1992 0.32
1993 -0.07
1994 -0.07
1995 -0.31
1996 -0.15
1997 0.29
1998 0.34
1999 0.32
2000 0.44
2001 -0.31
2002 0.32
2003 0.36
2004 0.38
2005 0.36
2006 0.34
2007 -0.38
2008 0.40
2009 0.40
2010 0.40
2011 0.42
2012 0.42
2013 0.38
2014 0.44
2015 0.44
2016 -0.32
2017 0.40
2018 0.42
2019 0.40
2020 -0.34
2021 0.42
2022 0.44
2023 0.42
2024 0.38
2025 -0.24
2026 0.40
2027 0.34
2028 0.38
2029 0.31
2030 0.32
2031 0.28
2032 0.36
2033 0.29
2034 0.26
2035 -0.08
2036 0.31
2037 0.28
2038 0.34
2039 0.29
2040 0.34
2041 0.31
2042 0.38
2043 -0.21
2044 0.32
2045 0.38
2046 0.40
2047 0.42
2048 0.44
2049 -0.32
2050 0.42
2051 0.44
2052 0.36
2053 0.34
2054 0.32
2055 0.32
2056 0.34
2057 0.36
2058 0.29
2059 0.31
2060 0.34
2061 0.34
2062 0.38
2063 0.40
2064 0.31
2065 0.32
2066 0.42
2067 0.42
2068 -0.34
2069 0.29
2070 0.34
2071 0.31
2072 0.32
2073 0.44
2074 0.42
2075 0.42
2076 0.42
2077 0.44
2078 0.42
2079 0.38
2080 0.44
2081 0.42
2082 0.40
2083 0.40
2084 0.44
2085 0.40
2086 0.34
2087 0.38
2088 0.44
2089 0.42
2090 0.42
2091 0.34
2092 0.40
2093 0.42
2094 0.26
2095 0.34
2096 0.40
2097 0.36
2098 0.40
2099 0.38
2100 0.42
2101 0.40
2102 0.34
2103 0.42
2104 0.38
2105 0.40
2106 0.28
2107 -0.32
2108 0.32
2109 -0.36
2110 -0.42
2111 0.25
2112 0.32
2113 0.25
2114 0.25
2115 0.36
2116 0.38
2117 0.36
2118 0.42
2119 0.32
2120 0.38
2121 0.31
2122 -0.18
2123 0.32
2124 0.31
2125 -0.23
2126 -0.09
2127 -0.24
2128 0.25
2129 -0.24
2130 -0.16
2131 -0.26
2132 0.28
2133 0.18
2134 0.29
2135 -0.19
2136 0.40
2137 0.36
2138 0.23
2139 0.36
2140 0.32
2141 0.38
2142 0.38
2143 0.38
2144 0.36
2145 0.31
2146 0.28
2147 -0.13
2148 0.29
2149 -0.28
2150 -0.21
2151 0.23
2152 -0.16
2153 0.28
2154 -0.08
2155 -0.01
2156 0.25
2157 0.34
2158 0.29
2159 -0.02
2160 -0.08
2161 -0.04
2162 0.29
2163 -0.21
2164 -0.12
2165 0.34
2166 -0.05
2167 -0.04
2168 -0.17
2169 -0.14
2170 0.14
2171 0.31
2172 0.26
2173 0.32
2174 -0.06
2175 0.17
2176 0.29
2177 0.42
2178 0.44
2179 0.40
2180 0.44
2181 0.40
2182 0.40
2183 0.42
2184 0.38
2185 0.44
2186 0.40
2187 -0.16
2188 0.40
2189 0.44
2190 0.42
2191 0.36
2192 0.44
2193 0.42
2194 0.42
2195 0.31
2196 0.36
2197 0.36
2198 0.44
2199 0.40
2200 0.42
2201 0.44
2202 0.38
2203 0.42
2204 0.42
2205 0.42
2206 0.36
2207 0.42
2208 -0.26
2209 0.31
2210 0.36
2211 0.40
2212 0.40
2213 0.26
2214 -0.08
2215 -0.09
2216 0.23
2217 -0.29
2218 0.20
2219 -0.31
2220 -0.16
2221 0.25
2222 0.34
2223 0.42
2224 0.44
2225 0.44
2226 0.42
2227 0.42
2228 0.40
2229 0.38
2230 0.42
2231 0.42
2232 0.42
2233 0.44
2234 0.42
2235 0.34
2236 0.38
2237 0.44
2238 0.44
2239 0.42
2240 -0.21
2241 0.44
2242 0.36
2243 0.31
2244 0.36
2245 0.44
2246 -0.18
2247 0.32
2248 -0.36
2249 0.42
2250 -0.26
2251 0.42
2252 0.44
2253 0.34
2254 0.40
2255 0.44
2256 0.36
2257 0.44
2258 0.40
2259 0.44
2260 0.36
2261 0.44
2262 0.25
2263 0.42
2264 -0.28
2265 -0.01
2266 -0.15
2267 0.38
2268 0.42
2269 0.44
2270 0.36
2271 0.31
2272 0.40
2273 0.31
2274 0.40
2275 0.42
2276 0.42
2277 0.38
2278 0.42
2279 0.42
2280 0.34
2281 0.38
2282 -0.17
2283 -0.24
2284 0.42
2285 0.40
2286 -0.32
2287 0.38
2288 0.44
2289 0.44
2290 0.31
2291 0.44
2292 0.34
2293 0.38
2294 0.42
2295 0.42
2296 0.40
2297 -0.17
2298 0.38
2299 0.42
2300 0.40
2301 0.40
2302 -0.23
2303 0.38
2304 0.42
2305 0.31
2306 0.40
2307 0.42
2308 0.38
2309 0.34
2310 0.40
2311 0.36
2312 0.40
2313 -0.25
2314 0.36
2315 0.40
2316 0.40
2317 0.31
2318 0.40
2319 -0.08
2320 0.42
2321 0.38
2322 0.42
2323 0.42
2324 0.42
2325 0.38
2326 -0.32
2327 -0.08
2328 -0.21
2329 -0.04
2330 -0.05
2331 -0.20
2332 -0.10
2333 0.28
2334 0.21
2335 0.26
2336 0.25
2337 0.42
2338 0.42
2339 0.44
2340 0.42
2341 -0.36
2342 0.44
2343 0.42
2344 0.34
2345 0.34
2346 0.42
2347 0.40
2348 0.38
2349 0.40
2350 0.40
2351 0.38
2352 -0.32
2353 0.42
2354 0.42
2355 0.42
2356 -0.36
2357 0.29
2358 0.42
2359 0.44
2360 -0.18
2361 0.38
2362 0.40
2363 0.36
2364 0.25
2365 0.25
2366 0.34
2367 0.44
2368 0.40
2369 0.42
2370 0.42
2371 -0.16
2372 0.44
2373 0.42
2374 0.40
2375 0.42
2376 0.40
2377 0.42
2378 0.34
2379 0.42
2380 0.44
2381 0.42
2382 0.44
2383 0.28
2384 0.38
2385 0.36
2386 0.13
2387 0.42
2388 0.36
2389 0.28
2390 -0.20
2391 0.42
2392 0.38
2393 -0.32
2394 0.44
2395 0.40
2396 0.32
2397 -0.31
2398 0.40
2399 0.40
2400 -0.12
2401 -0.28
2402 0.38
2403 -0.36
2404 0.32
2405 0.32
2406 0.36
2407 0.44
2408 0.34
2409 0.42
2410 0.44
2411 0.42
2412 0.42
2413 0.40
2414 0.40
2415 -0.11
2416 0.40
2417 0.31
2418 0.31
2419 -0.05
2420 0.26
2421 0.36
2422 0.38
2423 0.42
2424 0.40
2425 0.29
2426 0.36
2427 0.42
2428 0.42
2429 0.40
2430 0.44
2431 0.32
2432 0.32
2433 0.32
2434 0.40
2435 0.34
2436 0.40
2437 0.42
2438 0.42
2439 0.34
2440 0.38
2441 0.40
2442 0.29
2443 -0.13
2444 0.31
2445 -0.17
2446 0.32
2447 0.29
2448 0.29
2449 0.28
2450 0.26
2451 0.38
2452 0.38
2453 -0.14
2454 -0.17
2455 0.29
2456 0.38
2457 -0.36
2458 0.31
2459 0.32
2460 0.40
2461 0.40
2462 0.40
2463 0.32
2464 -0.25
2465 0.24
2466 0.32
2467 0.38
2468 0.32
2469 0.38
2470 0.40
2471 0.44
2472 0.29
2473 0.42
2474 0.42
2475 0.32
2476 0.38
2477 0.44
2478 0.38
2479 0.34
2480 0.42
2481 0.36
2482 0.42
2483 0.42
2484 0.38
2485 0.42
2486 0.38
2487 0.36
2488 -0.31
2489 0.29
2490 0.38
2491 0.32
2492 0.36
2493 0.36
2494 -0.20
2495 0.42
2496 0.42
2497 0.36
2498 0.44
2499 0.24
2500 0.40
2501 0.42
2502 0.42
2503 0.40
2504 0.38
2505 0.29
2506 0.44
2507 0.40
2508 -0.38
2509 0.28
2510 0.34
2511 0.40
2512 0.26
2513 0.23
2514 0.29
2515 0.32
2516 0.32
2517 0.36
2518 0.42
2519 0.44
2520 0.38
2521 0.44
2522 0.44
2523 0.40
2524 0.26
2525 0.28
2526 -0.12
2527 -0.05
2528 0.32
2529 0.31
2530 0.36
2531 0.31
2532 0.36
2533 0.42
2534 -0.26
2535 0.32
2536 0.42
2537 0.42
2538 0.44
2539 0.34
2540 0.42
2541 0.32
2542 0.36
2543 0.42
2544 0.42
2545 0.42
2546 0.40
2547 0.40
2548 0.44
2549 0.42
2550 0.44
2551 0.42
2552 -0.17
2553 0.34
2554 0.38
2555 0.24
2556 0.44
2557 0.44
2558 -0.31
2559 -0.24
2560 0.36
2561 0.42
2562 0.40
2563 0.44
2564 0.40
2565 0.44
2566 0.34
2567 0.29
2568 -0.13
2569 0.29
2570 0.21
2571 0.31
2572 0.13
2573 0.38
2574 0.32
2575 0.42
2576 0.26
2577 0.38
2578 0.38
2579 0.44
2580 0.36
2581 -0.38
2582 0.42
2583 0.42
2584 0.44
2585 0.24
2586 0.36
2587 0.42
2588 0.44
2589 0.36
2590 0.42
2591 0.38
2592 0.42
2593 0.42
2594 0.44
2595 0.34
2596 0.34
2597 0.40
2598 -0.17
2599 0.38
2600 0.31
2601 -0.32
2602 0.28
2603 0.36
2604 0.31
2605 0.29
2606 0.32
2607 0.31
2608 0.40
2609 0.36
2610 0.36
2611 0.38
2612 0.44
2613 0.44
2614 0.44
2615 0.42
2616 0.36
2617 0.36
2618 -0.31
2619 -0.19
2620 0.36
2621 0.34
2622 0.32
2623 0.34
2624 0.40
2625 -0.25
2626 -0.21
2627 0.25
2628 0.28
2629 0.34
2630 0.38
2631 -0.31
2632 0.34
2633 0.44
2634 0.44
2635 0.44
2636 0.38
2637 0.38
2638 0.42
2639 0.40
2640 0.44
2641 0.40
2642 0.42
2643 0.42
2644 0.42
2645 -0.17
2646 0.31
2647 0.31
2648 0.34
2649 0.42
2650 0.40
2651 0.40
2652 0.42
2653 0.38
2654 0.38
2655 0.40
2656 0.40
2657 0.44
2658 0.42
2659 0.44
2660 0.36
2661 0.36
2662 0.42
2663 0.40
2664 -0.24
2665 -0.29
2666 0.25
2667 0.32
2668 0.32
2669 0.44
2670 0.40
2671 0.44
2672 0.40
2673 0.32
2674 0.34
2675 0.40
2676 0.34
2677 -0.36
2678 0.26
2679 -0.06
2680 0.28
2681 0.21
2682 0.21
2683 0.32
2684 0.31
2685 0.28
2686 0.34
2687 0.36
2688 0.34
2689 0.32
2690 0.31
2691 0.42
2692 0.40
2693 0.40
2694 0.42
2695 0.42
2696 0.38
2697 0.38
2698 0.42
2699 0.36
2700 0.36
2701 0.40
2702 0.42
2703 0.42
2704 0.40
2705 0.40
2706 0.44
2707 0.34
2708 0.42
2709 -0.21
2710 0.36
2711 0.38
2712 0.36
2713 0.36
2714 0.44
2715 0.40
2716 0.38
2717 0.42
2718 0.44
2719 -0.23
2720 0.44
2721 -0.21
2722 0.29
2723 0.34
2724 0.40
2725 0.38
2726 0.42
2727 0.28
2728 0.38
2729 -0.40
2730 0.40
2731 0.44
2732 0.36
2733 0.40
2734 0.40
2735 0.38
2736 0.44
2737 0.44
2738 0.40
2739 -0.28
2740 0.31
2741 0.42
2742 0.42
2743 0.44
2744 0.44
2745 0.38
2746 0.42
2747 0.19
2748 0.36
2749 0.36
2750 -0.28
2751 0.34
2752 0.32
2753 0.40
2754 0.42
2755 0.44
2756 0.44
2757 0.42
2758 0.38
2759 0.44
2760 0.44
2761 0.40
2762 0.36
2763 0.34
2764 0.36
2765 0.42
2766 0.40
2767 0.34
2768 0.44
2769 0.42
2770 0.44
2771 -0.31
2772 -0.23
2773 0.42
2774 0.42
2775 -0.38
2776 0.17
2777 0.34
2778 0.42
2779 0.40
2780 0.44
2781 0.36
2782 0.40
2783 0.42
2784 -0.34
2785 0.42
2786 0.42
2787 0.36
2788 0.40
2789 0.34
2790 0.42
2791 0.32
2792 0.40
2793 0.40
2794 0.36
2795 0.42
2796 0.42
2797 0.29
2798 0.24
2799 0.44
2800 0.44
2801 -0.24
2802 0.31
2803 0.32
2804 0.36
2805 0.26
2806 -0.07
2807 -0.02
2808 -0.13
2809 -0.02
2810 0.23
2811 0.32
2812 0.40
2813 -0.36
2814 0.28
2815 0.20
2816 0.31
2817 0.28
2818 0.31
2819 0.31
2820 0.32
2821 0.36
2822 -0.14
2823 0.34
2824 0.34
2825 0.34
2826 0.24
2827 0.28
2828 -0.08
2829 0.07
2830 0.28
2831 0.34
2832 0.29
2833 0.34
2834 0.32
2835 0.32
2836 0.40
2837 -0.26
2838 0.28
2839 0.31
2840 0.36
2841 0.36
2842 0.29
2843 0.29
2844 0.40
2845 0.34
2846 0.34
2847 -0.29
2848 -0.34
2849 0.28
2850 0.36
2851 0.44
2852 0.44
2853 0.42
2854 0.25
2855 0.21
2856 -0.09
2857 0.26
2858 0.32
2859 0.42
2860 0.42
2861 0.36
2862 0.44
2863 0.44
2864 0.38
2865 0.36
2866 0.34
2867 -0.28
2868 0.32
2869 0.40
2870 0.42
2871 0.42
2872 0.36
2873 0.38
2874 0.38
2875 0.40
2876 0.38
2877 0.38
2878 0.42
2879 0.44
2880 0.38
2881 0.40
2882 0.44
2883 0.42
2884 0.32
2885 0.42
2886 0.34
2887 0.40
2888 0.42
2889 0.40
2890 0.44
2891 0.44
2892 0.42
2893 0.42
2894 -0.31
2895 0.40
2896 0.34
2897 -0.17
2898 0.21
2899 0.21
2900 0.32
2901 0.44
2902 0.42
2903 0.28
2904 -0.14
2905 0.36
2906 0.15
2907 0.17
2908 0.10
2909 0.17
2910 0.31
2911 0.36
2912 0.24
2913 -0.34
2914 0.40
2915 0.44
2916 -0.20
2917 0.29
2918 0.31
2919 0.36
2920 0.44
2921 0.44
2922 0.42
2923 0.42
2924 0.44
2925 0.42
2926 0.44
2927 0.42
2928 0.34
2929 -0.29
2930 0.44
2931 0.44
2932 0.44
2933 0.42
2934 -0.38
2935 0.42
2936 0.42
2937 0.36
2938 -0.31
2939 0.38
2940 0.44
2941 -0.32
2942 0.38
2943 0.23
2944 0.44
2945 0.42
2946 0.44
2947 0.44
2948 0.44
2949 0.40
2950 0.40
2951 -0.13
2952 -0.38
2953 0.34
2954 0.26
2955 0.40
2956 -0.09
2957 0.26
2958 0.38
2959 0.36
2960 -0.13
2961 0.36
2962 0.42
2963 0.36
2964 0.44
2965 0.32
2966 0.44
2967 0.44
2968 0.40
2969 0.28
2970 0.38
2971 0.40
2972 0.40
2973 0.40
2974 0.38
2975 0.42
2976 0.40
2977 0.32
2978 0.42
2979 -0.14
2980 0.36
2981 0.44
2982 0.34
2983 0.29
2984 -0.15
2985 0.12
2986 0.29
2987 0.38
2988 0.21
2989 0.42
2990 0.44
2991 0.34
2992 0.42
2993 0.42
2994 -0.26
2995 0.25
2996 0.44
2997 0.32
2998 0.36
2999 -0.26
