0 -0.16
1 -0.17
2 -0.20
3 -0.17
4 -0.13
5 -0.13
6 -0.18
7 -0.11
8 -0.09
9 -0.21
10 -0.18
11 -0.17
12 -0.11
13 -0.12
14 -0.15
15 -0.09
16 -0.03
17 -0.00
18 -0.16
19 -0.03
20 0.02
21 -0.17
22 -0.25
23 -0.00
24 -0.14
25 -0.01
26 -0.04
27 -0.01
28 -0.21
29 -0.00
30 -0.02
31 -0.13
32 -0.20
33 -0.02
34 -0.15
35 0.00
36 -0.10
37 -0.11
38 0.01
39 -0.05
40 -0.10
41 -0.03
42 -0.15
43 -0.18
44 -0.13
45 -0.21
46 -0.03
47 -0.13
48 -0.16
49 -0.11
50 -0.19
51 -0.21
52 -0.12
53 -0.16
54 -0.04
55 -0.10
56 -0.15
57 -0.07
58 -0.07
59 -0.09
60 -0.03
61 -0.13
62 -0.07
63 -0.13
64 -0.07
65 -0.14
66 -0.10
67 -0.13
68 -0.11
69 -0.15
70 -0.13
71 -0.02
72 -0.21
73 -0.17
74 -0.10
75 -0.10
76 -0.11
77 -0.07
78 -0.08
79 -0.06
80 -0.17
81 -0.03
82 -0.08
83 -0.06
84 -0.18
85 -0.07
86 0.00
87 -0.13
88 -0.02
89 -0.22
90 -0.01
91 0.04
92 -0.08
93 -0.00
94 -0.21
95 -0.23
96 0.01
97 -0.03
98 -0.18
99 -0.08
100 -0.08
101 -0.03
102 -0.02
103 0.08
104 0.06
105 -0.03
106 -0.21
107 0.01
108 -0.16
109 -0.13
110 -0.14
111 -0.12
112 -0.02
113 -0.01
114 -0.02
115 0.08
116 -0.01
117 -0.22
118 -0.18
119 -0.16
120 -0.07
121 0.01
122 -0.03
123 -0.17
124 -0.04
125 -0.02
126 0.00
127 -0.24
128 -0.16
129 -0.17
130 -0.11
131 -0.07
132 -0.14
133 -0.10
134 -0.14
135 -0.08
136 -0.21
137 -0.10
138 -0.09
139 -0.16
140 -0.08
141 -0.09
142 -0.01
143 0.00
144 -0.12
145 -0.22
146 -0.24
147 0.03
148 -0.17
149 0.05
150 0.06
151 0.00
152 -0.16
153 -0.22
154 -0.11
155 -0.01
156 0.03
157 -0.11
158 -0.16
159 -0.18
160 -0.12
161 -0.16
162 -0.11
163 -0.04
164 -0.13
165 -0.04
166 -0.15
167 -0.12
168 -0.12
169 -0.16
170 -0.13
171 -0.09
172 -0.04
173 -0.02
174 0.02
175 0.02
176 -0.13
177 -0.02
178 -0.02
179 0.01
180 -0.01
181 -0.20
182 -0.07
183 0.07
184 -0.15
185 0.04
186 0.07
187 0.09
188 -0.08
189 -0.13
190 0.05
191 0.03
192 0.09
193 -0.02
194 0.06
195 -0.13
196 0.06
197 0.08
198 -0.19
199 -0.11
200 0.10
201 0.13
202 0.10
203 0.02
204 0.23
205 0.04
206 -0.23
207 -0.26
208 0.18
209 0.22
210 0.12
211 -0.13
212 -0.06
213 -0.02
214 0.15
215 0.17
216 -0.27
217 0.15
218 -0.00
219 0.14
220 -0.25
221 0.16
222 -0.01
223 -0.20
224 -0.28
225 0.05
226 -0.08
227 -0.12
228 -0.03
229 0.01
230 0.06
231 -0.14
232 -0.14
233 0.04
234 -0.07
235 -0.10
236 -0.07
237 0.01
238 0.10
239 -0.17
240 -0.00
241 0.06
242 -0.01
243 -0.14
244 -0.17
245 -0.21
246 -0.19
247 -0.07
248 -0.17
249 -0.16
250 0.01
251 -0.14
252 -0.11
253 -0.00
254 -0.20
255 -0.04
256 -0.04
257 -0.08
258 -0.16
259 -0.18
260 -0.04
261 -0.01
262 0.03
263 0.05
264 -0.20
265 0.09
266 -0.18
267 0.07
268 0.04
269 0.01
270 -0.10
271 0.10
272 -0.24
273 0.03
274 0.08
275 -0.17
276 -0.13
277 -0.07
278 -0.16
279 -0.16
280 -0.23
281 -0.18
282 -0.07
283 -0.12
284 0.02
285 -0.17
286 0.03
287 -0.09
288 0.07
289 0.01
290 0.04
291 -0.19
292 0.05
293 -0.14
294 0.01
295 -0.13
296 -0.09
297 -0.04
298 0.08
299 -0.15
300 -0.12
301 -0.14
302 -0.09
303 0.01
304 0.13
305 -0.10
306 0.06
307 -0.20
308 -0.20
309 -0.11
310 0.10
311 0.09
312 0.08
313 0.08
314 0.08
315 0.10
316 0.10
317 -0.09
318 0.12
319 -0.14
320 -0.15
321 -0.14
322 0.10
323 -0.05
324 -0.13
325 0.11
326 0.11
327 -0.15
328 0.15
329 -0.16
330 0.09
331 0.01
332 0.15
333 -0.01
334 0.11
335 0.13
336 0.14
337 0.10
338 0.14
339 0.16
340 -0.10
341 0.18
342 0.15
343 -0.19
344 0.16
345 -0.16
346 -0.03
347 0.22
348 -0.20
349 0.15
350 -0.19
351 -0.21
352 0.06
353 -0.18
354 0.10
355 -0.10
356 0.03
357 0.11
358 0.15
359 0.12
360 0.15
361 0.14
362 0.13
363 0.15
364 -0.07
365 -0.14
366 -0.15
367 -0.18
368 -0.17
369 0.14
370 0.10
371 0.14
372 0.16
373 -0.02
374 0.14
375 0.13
376 -0.14
377 0.12
378 0.14
379 -0.12
380 -0.05
381 0.09
382 -0.03
383 0.14
384 0.16
385 0.18
386 -0.06
387 -0.14
388 -0.15
389 0.15
390 0.19
391 -0.05
392 -0.16
393 -0.10
394 -0.01
395 -0.02
396 -0.14
397 -0.16
398 -0.16
399 -0.13
400 0.18
401 0.29
402 -0.19
403 0.32
404 -0.30
405 -0.16
406 -0.11
407 -0.08
408 -0.04
409 0.11
410 -0.13
411 -0.18
412 0.04
413 0.14
414 0.15
415 0.22
416 0.23
417 -0.24
418 0.24
419 -0.19
420 0.22
421 0.20
422 0.25
423 0.24
424 0.25
425 0.11
426 0.22
427 -0.22
428 -0.23
429 -0.21
430 0.19
431 0.23
432 0.25
433 -0.23
434 -0.12
435 0.24
436 0.24
437 -0.15
438 0.27
439 0.30
440 -0.14
441 0.28
442 0.28
443 -0.17
444 -0.12
445 -0.17
446 0.02
447 -0.14
448 -0.04
449 0.01
450 0.10
451 -0.05
452 0.13
453 -0.16
454 0.14
455 0.12
456 0.20
457 0.21
458 0.18
459 0.22
460 -0.12
461 0.20
462 0.15
463 -0.08
464 -0.07
465 0.17
466 -0.22
467 0.14
468 0.14
469 0.21
470 -0.22
471 -0.27
472 0.14
473 -0.05
474 0.13
475 -0.22
476 0.16
477 0.19
478 -0.22
479 0.15
480 0.17
481 -0.20
482 -0.14
483 0.18
484 -0.11
485 0.14
486 -0.21
487 -0.21
488 0.04
489 -0.14
490 -0.11
491 0.06
492 -0.17
493 -0.13
494 0.02
495 -0.10
496 -0.16
497 -0.13
498 -0.10
499 0.02
500 -0.20
501 -0.15
502 -0.13
503 0.01
504 -0.17
505 -0.22
506 -0.02
507 -0.20
508 -0.17
509 -0.14
510 -0.11
511 -0.17
512 -0.11
513 0.02
514 0.07
515 0.07
516 -0.13
517 0.08
518 -0.23
519 -0.11
520 -0.11
521 0.07
522 -0.16
523 -0.03
524 0.00
525 0.01
526 -0.13
527 0.05
528 0.06
529 0.09
530 0.11
531 -0.17
532 0.14
533 0.13
534 -0.05
535 0.09
536 0.13
537 -0.11
538 0.16
539 0.16
540 -0.08
541 -0.05
542 0.16
543 0.14
544 0.11
545 0.16
546 0.19
547 -0.06
548 -0.19
549 -0.06
550 -0.13
551 0.11
552 0.09
553 0.16
554 -0.04
555 -0.01
556 -0.13
557 0.13
558 -0.15
559 -0.18
560 0.11
561 0.12
562 0.12
563 -0.10
564 0.12
565 0.11
566 -0.00
567 -0.16
568 0.03
569 -0.11
570 -0.12
571 -0.14
572 -0.02
573 0.06
574 -0.14
575 0.03
576 -0.10
577 -0.12
578 -0.07
579 -0.09
580 -0.12
581 -0.03
582 0.06
583 0.00
584 0.02
585 -0.08
586 -0.14
587 -0.09
588 0.03
589 -0.10
590 0.05
591 0.08
592 0.00
593 -0.09
594 0.07
595 0.00
596 0.02
597 0.08
598 -0.13
599 -0.16
600 0.29
601 -0.23
602 -0.10
603 -0.25
604 0.12
605 -0.08
606 0.04
607 0.07
608 -0.07
609 0.09
610 0.04
611 -0.09
612 -0.09
613 -0.07
614 0.01
615 0.13
616 0.12
617 -0.01
618 -0.15
619 -0.11
620 0.02
621 -0.00
622 0.14
623 0.00
624 0.06
625 -0.17
626 0.12
627 0.04
628 -0.01
629 0.00
630 0.08
631 -0.14
632 0.06
633 0.15
634 -0.00
635 -0.17
636 -0.10
637 -0.11
638 0.04
639 0.14
640 -0.01
641 -0.10
642 0.01
643 0.13
644 0.11
645 0.17
646 0.21
647 -0.12
648 -0.10
649 -0.19
650 0.03
651 0.11
652 0.13
653 0.19
654 -0.08
655 0.21
656 -0.09
657 0.19
658 -0.06
659 -0.04
660 -0.01
661 -0.02
662 -0.04
663 -0.08
664 0.11
665 0.12
666 0.14
667 0.16
668 0.11
669 0.10
670 0.17
671 0.19
672 0.13
673 -0.06
674 0.18
675 -0.06
676 0.00
677 0.18
678 0.13
679 -0.17
680 -0.02
681 0.24
682 -0.02
683 -0.06
684 0.03
685 -0.01
686 0.18
687 -0.03
688 -0.14
689 0.03
690 0.05
691 -0.07
692 -0.15
693 0.13
694 0.10
695 0.13
696 0.13
697 0.14
698 0.14
699 -0.01
700 -0.01
701 -0.15
702 0.13
703 -0.09
704 0.10
705 -0.01
706 0.16
707 -0.13
708 -0.06
709 -0.02
710 0.07
711 0.11
712 0.07
713 0.02
714 0.12
715 0.07
716 -0.03
717 0.19
718 0.20
719 -0.08
720 -0.19
721 0.12
722 -0.07
723 0.00
724 0.10
725 0.09
726 0.12
727 0.14
728 0.12
729 -0.13
730 0.11
731 0.10
732 -0.14
733 -0.12
734 -0.14
735 -0.11
736 0.06
737 0.15
738 -0.15
739 -0.10
740 0.11
741 -0.11
742 -0.03
743 0.05
744 -0.19
745 0.13
746 0.17
747 0.06
748 0.14
749 0.13
750 0.14
751 0.18
752 0.19
753 0.17
754 0.05
755 0.14
756 -0.18
757 0.18
758 0.08
759 -0.09
760 0.14
761 -0.09
762 -0.20
763 -0.13
764 -0.01
765 -0.00
766 0.04
767 0.07
768 0.09
769 -0.15
770 0.12
771 0.13
772 0.14
773 -0.10
774 0.16
775 0.09
776 0.13
777 0.13
778 -0.18
779 -0.15
780 -0.04
781 -0.16
782 0.10
783 -0.20
784 -0.08
785 -0.04
786 0.00
787 -0.04
788 0.03
789 0.02
790 0.02
791 0.07
792 0.01
793 -0.11
794 0.07
795 -0.11
796 -0.07
797 -0.13
798 0.09
799 -0.13
800 0.42
801 0.49
802 0.42
803 0.40
804 0.49
805 -0.23
806 0.49
807 -0.28
808 -0.10
809 -0.16
810 0.05
811 -0.07
812 -0.20
813 -0.19
814 -0.10
815 -0.08
816 -0.07
817 -0.04
818 -0.17
819 -0.19
820 -0.12
821 -0.08
822 -0.15
823 -0.06
824 -0.03
825 -0.07
826 0.01
827 -0.18
828 -0.11
829 0.05
830 0.04
831 -0.19
832 -0.03
833 -0.15
834 -0.18
835 -0.17
836 -0.04
837 0.02
838 0.07
839 -0.10
840 0.02
841 0.05
842 -0.10
843 -0.14
844 -0.12
845 -0.09
846 -0.18
847 -0.13
848 -0.05
849 -0.03
850 -0.15
851 -0.06
852 -0.05
853 -0.18
854 -0.07
855 -0.05
856 -0.21
857 -0.09
858 -0.19
859 -0.04
860 -0.17
861 -0.17
862 -0.16
863 -0.08
864 -0.17
865 -0.24
866 -0.18
867 -0.11
868 -0.15
869 -0.10
870 -0.11
871 -0.11
872 -0.11
873 -0.05
874 -0.13
875 -0.07
876 -0.09
877 -0.03
878 -0.10
879 -0.16
880 -0.08
881 -0.05
882 -0.05
883 -0.21
884 -0.03
885 0.04
886 -0.01
887 -0.04
888 0.10
889 -0.05
890 0.08
891 0.05
892 0.09
893 -0.08
894 0.11
895 0.14
896 0.14
897 0.02
898 0.09
899 -0.12
900 0.15
901 -0.11
902 -0.08
903 0.15
904 0.12
905 0.06
906 0.09
907 -0.08
908 0.14
909 -0.14
910 0.13
911 0.15
912 -0.13
913 0.13
914 0.09
915 0.07
916 0.20
917 -0.08
918 0.17
919 -0.06
920 -0.16
921 0.16
922 0.21
923 -0.08
924 0.16
925 0.20
926 -0.07
927 0.09
928 -0.07
929 0.13
930 0.19
931 0.18
932 0.21
933 0.18
934 -0.12
935 -0.09
936 -0.04
937 -0.10
938 -0.09
939 0.15
940 0.19
941 -0.05
942 -0.21
943 -0.03
944 0.14
945 -0.11
946 -0.03
947 0.11
948 -0.09
949 -0.12
950 -0.07
951 -0.19
952 -0.11
953 0.10
954 -0.09
955 -0.14
956 -0.08
957 -0.02
958 -0.10
959 0.03
960 0.07
961 0.08
962 0.08
963 0.14
964 0.13
965 -0.13
966 0.06
967 0.02
968 -0.17
969 0.13
970 -0.01
971 0.09
972 0.07
973 0.10
974 0.17
975 0.13
976 0.13
977 0.12
978 0.02
979 0.17
980 0.11
981 0.15
982 0.12
983 -0.05
984 0.01
985 0.01
986 0.06
987 0.05
988 -0.01
989 0.11
990 -0.05
991 0.17
992 -0.09
993 -0.14
994 0.08
995 0.02
996 0.07
997 -0.05
998 0.10
999 0.14
1000 -0.09
1001 -0.02
1002 0.20
1003 -0.01
1004 0.40
1005 -0.06
1006 -0.09
1007 0.24
1008 0.36
1009 -0.18
1010 0.42
1011 0.04
1012 0.35
1013 0.44
1014 0.15
1015 -0.13
1016 -0.05
1017 0.25
1018 -0.03
1019 0.10
1020 0.14
1021 0.23
1022 0.24
1023 0.25
1024 0.26
1025 0.26
1026 0.28
1027 -0.15
1028 -0.07
1029 0.25
1030 0.21
1031 0.29
1032 0.22
1033 -0.18
1034 -0.27
1035 0.06
1036 0.05
1037 0.10
1038 -0.16
1039 0.13
1040 0.17
1041 0.19
1042 0.20
1043 -0.20
1044 -0.22
1045 0.04
1046 0.15
1047 0.05
1048 -0.13
1049 -0.12
1050 0.11
1051 -0.06
1052 -0.11
1053 -0.09
1054 -0.02
1055 -0.07
1056 -0.05
1057 -0.17
1058 -0.02
1059 -0.05
1060 -0.11
1061 -0.16
1062 -0.04
1063 -0.13
1064 -0.13
1065 -0.09
1066 -0.09
1067 -0.07
1068 -0.10
1069 -0.07
1070 -0.12
1071 -0.12
1072 -0.19
1073 -0.11
1074 -0.19
1075 -0.13
1076 -0.14
1077 -0.12
1078 -0.09
1079 -0.07
1080 -0.14
1081 -0.06
1082 -0.09
1083 -0.07
1084 -0.11
1085 -0.13
1086 -0.11
1087 -0.07
1088 -0.00
1089 -0.07
1090 0.03
1091 0.00
1092 0.00
1093 -0.02
1094 -0.06
1095 -0.04
1096 0.00
1097 -0.15
1098 -0.10
1099 -0.03
1100 0.04
1101 0.04
1102 -0.08
1103 0.03
1104 0.01
1105 0.03
1106 -0.02
1107 -0.07
1108 0.02
1109 0.06
1110 0.02
1111 0.03
1112 0.03
1113 0.03
1114 0.02
1115 0.03
1116 0.02
1117 0.06
1118 0.04
1119 0.06
1120 -0.14
1121 0.04
1122 0.06
1123 -0.11
1124 -0.05
1125 -0.06
1126 0.06
1127 -0.06
1128 -0.06
1129 -0.08
1130 0.03
1131 0.01
1132 -0.09
1133 0.00
1134 -0.12
1135 -0.06
1136 -0.04
1137 -0.01
1138 -0.01
1139 -0.01
1140 -0.00
1141 -0.01
1142 -0.07
1143 -0.17
1144 -0.01
1145 -0.06
1146 -0.06
1147 -0.10
1148 -0.04
1149 -0.07
1150 -0.11
1151 -0.07
1152 -0.06
1153 0.01
1154 -0.02
1155 -0.03
1156 -0.02
1157 0.03
1158 0.03
1159 -0.07
1160 -0.01
1161 -0.08
1162 -0.01
1163 -0.10
1164 0.00
1165 0.03
1166 -0.10
1167 -0.10
1168 0.02
1169 0.08
1170 -0.06
1171 -0.07
1172 -0.02
1173 -0.04
1174 -0.12
1175 -0.01
1176 -0.06
1177 -0.07
1178 -0.07
1179 -0.14
1180 -0.12
1181 -0.08
1182 -0.04
1183 -0.07
1184 -0.16
1185 -0.01
1186 -0.08
1187 -0.06
1188 -0.06
1189 -0.05
1190 -0.02
1191 -0.03
1192 -0.06
1193 -0.16
1194 -0.01
1195 -0.05
1196 -0.08
1197 -0.10
1198 -0.02
1199 -0.01
1200 -0.06
1201 0.07
1202 0.03
1203 -0.12
1204 0.02
1205 0.10
1206 0.07
1207 0.09
1208 -0.20
1209 -0.07
1210 -0.14
1211 -0.10
1212 0.05
1213 -0.16
1214 -0.02
1215 -0.04
1216 -0.00
1217 0.04
1218 -0.09
1219 -0.00
1220 -0.06
1221 -0.02
1222 -0.09
1223 -0.02
1224 -0.00
1225 -0.05
1226 0.04
1227 -0.02
1228 0.03
1229 0.07
1230 0.02
1231 -0.08
1232 -0.05
1233 -0.12
1234 0.00
1235 0.03
1236 0.04
1237 0.01
1238 0.07
1239 -0.13
1240 -0.14
1241 -0.03
1242 0.04
1243 0.05
1244 0.05
1245 0.08
1246 0.04
1247 0.02
1248 0.05
1249 0.02
1250 -0.09
1251 -0.02
1252 -0.12
1253 -0.12
1254 -0.12
1255 0.00
1256 0.05
1257 -0.02
1258 0.01
1259 0.02
1260 0.13
1261 -0.01
1262 0.03
1263 -0.07
1264 -0.03
1265 0.08
1266 0.06
1267 -0.05
1268 0.04
1269 0.08
1270 0.15
1271 0.10
1272 0.03
1273 0.13
1274 -0.06
1275 0.05
1276 -0.05
1277 -0.04
1278 0.06
1279 0.12
1280 -0.03
1281 0.04
1282 0.13
1283 -0.00
1284 0.14
1285 0.17
1286 0.10
1287 0.13
1288 -0.08
1289 0.10
1290 0.00
1291 0.05
1292 0.11
1293 0.08
1294 -0.01
1295 -0.03
1296 0.02
1297 -0.16
1298 -0.00
1299 -0.02
1300 0.00
1301 -0.07
1302 0.04
1303 0.06
1304 0.05
1305 -0.04
1306 0.13
1307 0.16
1308 0.12
1309 0.10
1310 -0.12
1311 0.10
1312 0.05
1313 0.13
1314 -0.10
1315 0.00
1316 0.07
1317 0.05
1318 -0.03
1319 0.10
1320 -0.23
1321 -0.02
1322 0.02
1323 -0.07
1324 0.05
1325 0.03
1326 0.13
1327 0.07
1328 0.06
1329 0.04
1330 -0.08
1331 -0.06
1332 0.04
1333 -0.08
1334 0.01
1335 0.05
1336 0.04
1337 -0.11
1338 0.08
1339 0.01
1340 -0.05
1341 0.10
1342 -0.03
1343 -0.04
1344 -0.07
1345 -0.05
1346 0.02
1347 0.08
1348 0.08
1349 0.14
1350 -0.10
1351 0.16
1352 0.07
1353 0.01
1354 -0.03
1355 -0.09
1356 0.02
1357 -0.08
1358 0.10
1359 0.10
1360 0.07
1361 -0.16
1362 -0.09
1363 -0.05
1364 0.02
1365 -0.01
1366 -0.05
1367 -0.03
1368 -0.03
1369 0.05
1370 -0.04
1371 0.03
1372 0.01
1373 0.01
1374 0.04
1375 -0.03
1376 -0.05
1377 0.07
1378 0.02
1379 0.05
1380 0.03
1381 0.08
1382 -0.07
1383 0.01
1384 0.11
1385 0.12
1386 0.04
1387 0.11
1388 0.11
1389 0.10
1390 0.01
1391 0.11
1392 -0.02
1393 0.00
1394 -0.02
1395 -0.02
1396 0.06
1397 0.09
1398 0.13
1399 0.14
1400 -0.25
1401 -0.14
1402 0.09
1403 0.01
1404 -0.05
1405 -0.02
1406 0.05
1407 0.13
1408 0.02
1409 0.12
1410 0.23
1411 0.20
1412 0.21
1413 0.22
1414 -0.15
1415 0.13
1416 0.17
1417 -0.01
1418 0.10
1419 0.12
1420 0.08
1421 0.12
1422 -0.08
1423 0.03
1424 0.02
1425 -0.04
1426 -0.02
1427 -0.01
1428 -0.13
1429 -0.06
1430 0.04
1431 0.04
1432 0.05
1433 -0.06
1434 0.04
1435 0.02
1436 0.04
1437 0.02
1438 -0.02
1439 -0.07
1440 -0.07
1441 -0.08
1442 0.02
1443 -0.04
1444 -0.10
1445 0.00
1446 -0.05
1447 -0.01
1448 -0.08
1449 -0.07
1450 0.00
1451 -0.02
1452 -0.13
1453 0.03
1454 -0.08
1455 -0.01
1456 0.00
1457 -0.03
1458 0.02
1459 -0.06
1460 0.03
1461 -0.08
1462 -0.08
1463 -0.03
1464 -0.06
1465 0.01
1466 0.08
1467 -0.04
1468 0.04
1469 0.08
1470 0.10
1471 -0.07
1472 0.10
1473 0.02
1474 -0.03
1475 0.10
1476 0.11
1477 0.15
1478 0.15
1479 0.14
1480 -0.05
1481 0.10
1482 0.11
1483 0.07
1484 0.11
1485 0.11
1486 0.10
1487 0.05
1488 0.15
1489 0.20
1490 0.02
1491 -0.08
1492 0.09
1493 0.08
1494 0.16
1495 0.09
1496 0.11
1497 0.18
1498 0.12
1499 0.08
1500 -0.08
1501 0.09
1502 0.12
1503 0.04
1504 -0.06
1505 0.10
1506 -0.06
1507 0.07
1508 0.06
1509 0.11
1510 0.00
1511 0.07
1512 -0.00
1513 0.07
1514 -0.11
1515 0.02
1516 0.08
1517 0.05
1518 0.01
1519 -0.03
1520 -0.05
1521 -0.08
1522 -0.03
1523 0.13
1524 -0.07
1525 0.01
1526 0.05
1527 -0.04
1528 0.08
1529 0.07
1530 -0.02
1531 -0.01
1532 0.03
1533 -0.00
1534 0.08
1535 -0.01
1536 -0.01
1537 0.01
1538 -0.02
1539 -0.06
1540 0.02
1541 -0.05
1542 0.05
1543 -0.06
1544 0.04
1545 0.08
1546 0.11
1547 0.05
1548 0.11
1549 -0.00
1550 0.14
1551 -0.07
1552 -0.05
1553 0.12
1554 0.09
1555 0.09
1556 0.12
1557 0.02
1558 -0.04
1559 -0.17
1560 0.01
1561 0.02
1562 -0.03
1563 0.08
1564 0.00
1565 -0.08
1566 0.09
1567 0.07
1568 0.02
1569 -0.03
1570 0.05
1571 0.04
1572 0.09
1573 -0.02
1574 0.00
1575 0.07
1576 0.11
1577 0.17
1578 0.08
1579 0.12
1580 0.09
1581 0.13
1582 0.15
1583 -0.03
1584 0.02
1585 0.11
1586 -0.04
1587 0.12
1588 0.11
1589 0.12
1590 0.15
1591 -0.01
1592 -0.04
1593 0.04
1594 -0.00
1595 0.11
1596 0.16
1597 0.16
1598 0.07
1599 -0.02
1600 -0.24
1601 -0.21
1602 -0.00
1603 0.20
1604 0.23
1605 0.19
1606 0.21
1607 0.30
1608 0.26
1609 0.17
1610 0.12
1611 0.29
1612 0.10
1613 -0.04
1614 0.26
1615 0.24
1616 0.33
1617 -0.07
1618 0.28
1619 0.30
1620 0.06
1621 0.16
1622 0.19
1623 -0.09
1624 0.17
1625 0.16
1626 -0.07
1627 0.15
1628 0.15
1629 0.15
1630 0.21
1631 0.21
1632 0.20
1633 0.22
1634 0.14
1635 0.01
1636 -0.06
1637 0.12
1638 0.22
1639 0.20
1640 0.26
1641 0.16
1642 0.24
1643 0.20
1644 -0.04
1645 -0.00
1646 -0.01
1647 0.16
1648 0.05
1649 0.17
1650 -0.03
1651 0.07
1652 0.19
1653 0.17
1654 -0.02
1655 0.09
1656 0.03
1657 0.21
1658 0.21
1659 0.24
1660 0.25
1661 -0.07
1662 0.20
1663 0.20
1664 0.12
1665 0.18
1666 -0.10
1667 -0.02
1668 0.07
1669 0.16
1670 -0.08
1671 0.12
1672 0.19
1673 0.15
1674 0.12
1675 0.19
1676 0.09
1677 -0.07
1678 0.10
1679 0.06
1680 0.19
1681 0.18
1682 0.19
1683 0.08
1684 0.23
1685 0.26
1686 0.18
1687 0.24
1688 0.28
1689 0.16
1690 0.07
1691 0.26
1692 0.33
1693 -0.16
1694 0.30
1695 -0.03
1696 0.10
1697 0.15
1698 0.22
1699 0.09
1700 0.14
1701 0.19
1702 0.21
1703 0.15
1704 -0.02
1705 -0.03
1706 0.21
1707 0.22
1708 0.23
1709 0.18
1710 0.28
1711 0.23
1712 0.23
1713 0.21
1714 0.15
1715 0.09
1716 0.02
1717 0.16
1718 0.20
1719 0.11
1720 0.20
1721 0.16
1722 0.13
1723 0.17
1724 0.22
1725 0.18
1726 0.24
1727 0.27
1728 0.22
1729 0.32
1730 -0.09
1731 0.25
1732 0.27
1733 0.24
1734 0.26
1735 0.26
1736 0.25
1737 0.16
1738 0.22
1739 0.28
1740 0.06
1741 0.20
1742 0.22
1743 0.30
1744 0.13
1745 0.13
1746 -0.10
1747 0.17
1748 0.16
1749 0.14
1750 0.16
1751 0.18
1752 0.16
1753 0.16
1754 0.12
1755 -0.04
1756 0.16
1757 0.15
1758 0.26
1759 0.13
1760 0.05
1761 0.17
1762 0.18
1763 0.13
1764 0.15
1765 0.07
1766 0.11
1767 0.05
1768 0.24
1769 0.13
1770 0.19
1771 0.22
1772 0.03
1773 0.18
1774 0.23
1775 0.25
1776 0.24
1777 0.24
1778 0.24
1779 0.13
1780 0.22
1781 -0.16
1782 0.21
1783 0.12
1784 -0.07
1785 0.17
1786 0.16
1787 0.24
1788 0.02
1789 0.20
1790 0.07
1791 0.11
1792 0.23
1793 0.17
1794 0.20
1795 0.18
1796 0.21
1797 0.21
1798 0.26
1799 0.18
1800 -0.04
1801 -0.15
1802 0.40
1803 0.32
1804 0.40
1805 0.40
1806 0.32
1807 0.30
1808 0.35
1809 -0.20
1810 -0.03
1811 0.28
1812 0.18
1813 0.32
1814 0.20
1815 0.21
1816 0.27
1817 0.24
1818 0.01
1819 0.30
1820 -0.22
1821 0.22
1822 0.23
1823 0.24
1824 0.16
1825 -0.10
1826 0.12
1827 0.04
1828 0.13
1829 0.13
1830 0.14
1831 0.10
1832 -0.07
1833 -0.03
1834 -0.04
1835 -0.10
1836 0.09
1837 0.04
1838 0.02
1839 0.08
1840 0.10
1841 0.09
1842 0.12
1843 -0.02
1844 0.08
1845 0.08
1846 0.08
1847 -0.03
1848 -0.04
1849 0.14
1850 0.05
1851 0.04
1852 0.13
1853 0.10
1854 0.05
1855 0.05
1856 -0.31
1857 0.00
1858 0.11
1859 0.16
1860 -0.01
1861 0.10
1862 0.15
1863 0.00
1864 0.06
1865 -0.01
1866 0.10
1867 0.08
1868 0.10
1869 -0.04
1870 0.18
1871 0.09
1872 0.10
1873 0.11
1874 0.04
1875 0.16
1876 0.14
1877 0.20
1878 0.21
1879 0.19
1880 0.20
1881 0.16
1882 0.16
1883 0.05
1884 0.17
1885 0.14
1886 0.13
1887 0.21
1888 0.11
1889 0.20
1890 0.22
1891 0.22
1892 0.16
1893 0.26
1894 0.09
1895 0.17
1896 0.09
1897 0.23
1898 0.14
1899 0.21
1900 0.27
1901 0.09
1902 0.17
1903 0.20
1904 -0.05
1905 0.25
1906 0.16
1907 0.23
1908 0.12
1909 0.27
1910 0.18
1911 0.16
1912 0.20
1913 0.16
1914 0.26
1915 0.20
1916 0.26
1917 0.13
1918 0.20
1919 0.21
1920 -0.03
1921 0.27
1922 0.22
1923 0.20
1924 0.21
1925 0.02
1926 0.22
1927 0.18
1928 -0.00
1929 0.23
1930 0.15
1931 0.04
1932 0.25
1933 0.19
1934 0.05
1935 0.16
1936 0.21
1937 0.20
1938 0.04
1939 -0.08
1940 -0.12
1941 0.20
1942 0.27
1943 0.21
1944 0.16
1945 0.20
1946 0.23
1947 0.23
1948 0.11
1949 0.19
1950 0.28
1951 0.04
1952 0.22
1953 0.21
1954 0.15
1955 0.05
1956 0.21
1957 0.24
1958 0.23
1959 0.06
1960 0.18
1961 0.27
1962 0.27
1963 0.29
1964 0.22
1965 -0.12
1966 0.15
1967 -0.13
1968 0.12
1969 0.27
1970 0.23
1971 0.14
1972 0.27
1973 -0.05
1974 0.10
1975 0.06
1976 0.19
1977 0.11
1978 0.21
1979 0.29
1980 0.26
1981 0.27
1982 0.15
1983 0.21
1984 0.28
1985 0.30
1986 0.31
1987 0.17
1988 0.16
1989 0.21
1990 0.22
1991 0.21
1992 0.19
1993 0.28
1994 0.33
1995 0.33
1996 0.14
1997 0.27
1998 0.29
1999 0.29
2000 0.28
2001 0.23
2002 0.23
2003 -0.08
2004 0.23
2005 0.27
2006 0.01
2007 0.22
2008 0.35
2009 0.02
2010 0.29
2011 0.27
2012 -0.16
2013 -0.09
2014 0.32
2015 0.08
2016 0.26
2017 -0.14
2018 -0.05
2019 0.17
2020 0.07
2021 0.08
2022 -0.17
2023 0.06
2024 0.10
2025 0.03
2026 0.24
2027 0.15
2028 -0.12
2029 0.14
2030 0.14
2031 0.00
2032 0.10
2033 0.11
2034 0.18
2035 0.05
2036 0.25
2037 0.10
2038 0.22
2039 0.17
2040 0.19
2041 0.17
2042 -0.00
2043 0.16
2044 0.17
2045 0.11
2046 0.21
2047 0.04
2048 0.20
2049 0.15
2050 0.16
2051 0.10
2052 0.12
2053 0.17
2054 0.23
2055 0.25
2056 0.15
2057 0.10
2058 0.07
2059 0.15
2060 0.18
2061 0.10
2062 0.20
2063 0.27
2064 0.10
2065 0.24
2066 0.22
2067 0.27
2068 0.10
2069 0.22
2070 0.03
2071 0.19
2072 0.26
2073 -0.19
2074 0.19
2075 0.25
2076 0.12
2077 0.20
2078 0.22
2079 0.16
2080 0.24
2081 0.16
2082 0.00
2083 0.08
2084 0.25
2085 0.10
2086 0.22
2087 0.23
2088 0.26
2089 0.25
2090 -0.12
2091 0.16
2092 0.19
2093 0.11
2094 0.23
2095 0.20
2096 0.24
2097 0.02
2098 0.13
2099 0.00
2100 0.25
2101 0.09
2102 0.17
2103 0.20
2104 0.21
2105 0.24
2106 0.24
2107 0.19
2108 0.21
2109 0.20
2110 0.07
2111 0.02
2112 0.22
2113 0.13
2114 0.23
2115 0.15
2116 0.24
2117 0.25
2118 0.19
2119 0.27
2120 0.20
2121 0.22
2122 0.10
2123 0.14
2124 0.18
2125 0.23
2126 0.24
2127 0.26
2128 0.23
2129 0.24
2130 0.23
2131 0.25
2132 0.28
2133 0.27
2134 0.25
2135 0.24
2136 0.24
2137 0.23
2138 -0.14
2139 0.23
2140 -0.10
2141 0.06
2142 0.20
2143 0.02
2144 0.11
2145 0.02
2146 0.14
2147 0.10
2148 0.06
2149 0.25
2150 0.26
2151 0.25
2152 0.20
2153 0.03
2154 0.12
2155 0.01
2156 0.22
2157 0.11
2158 0.08
2159 0.12
2160 -0.06
2161 0.11
2162 0.11
2163 -0.05
2164 0.13
2165 0.06
2166 0.09
2167 0.06
2168 0.18
2169 0.12
2170 0.10
2171 0.18
2172 0.17
2173 0.10
2174 0.08
2175 0.14
2176 0.15
2177 0.10
2178 0.11
2179 0.14
2180 0.20
2181 0.16
2182 0.16
2183 -0.01
2184 0.20
2185 0.21
2186 0.03
2187 -0.05
2188 0.16
2189 -0.02
2190 0.19
2191 0.19
2192 0.07
2193 0.12
2194 0.06
2195 0.06
2196 0.20
2197 0.24
2198 0.20
2199 0.25
2200 0.33
2201 0.38
2202 0.37
2203 0.21
2204 0.40
2205 0.42
2206 0.36
2207 -0.11
2208 -0.05
2209 0.24
2210 0.26
2211 0.21
2212 0.17
2213 0.16
2214 0.12
2215 0.26
2216 0.21
2217 0.27
2218 0.29
2219 0.18
2220 -0.04
2221 0.22
2222 0.20
2223 0.22
2224 -0.03
2225 0.13
2226 0.13
2227 0.04
2228 0.13
2229 0.16
2230 -0.10
2231 0.07
2232 0.12
2233 0.16
2234 0.13
2235 0.14
2236 0.14
2237 0.02
2238 0.19
2239 0.15
2240 0.21
2241 0.26
2242 0.20
2243 0.12
2244 0.19
2245 0.14
2246 0.09
2247 0.15
2248 0.17
2249 0.20
2250 -0.05
2251 0.22
2252 0.16
2253 0.23
2254 0.27
2255 0.13
2256 0.04
2257 0.16
2258 0.21
2259 0.28
2260 0.25
2261 0.20
2262 0.09
2263 0.26
2264 0.27
2265 -0.12
2266 -0.03
2267 0.14
2268 0.22
2269 0.25
2270 -0.03
2271 0.10
2272 0.15
2273 0.16
2274 0.17
2275 0.09
2276 0.14
2277 -0.05
2278 0.11
2279 0.16
2280 0.19
2281 0.25
2282 0.16
2283 0.25
2284 0.20
2285 0.25
2286 0.22
2287 0.22
2288 0.22
2289 0.22
2290 0.24
2291 0.12
2292 0.22
2293 0.14
2294 0.14
2295 0.24
2296 0.25
2297 0.12
2298 0.31
2299 0.13
2300 0.19
2301 0.17
2302 -0.04
2303 0.02
2304 0.15
2305 0.13
2306 0.17
2307 0.19
2308 0.12
2309 0.08
2310 0.12
2311 0.11
2312 0.08
2313 0.09
2314 0.14
2315 0.14
2316 0.03
2317 0.16
2318 0.17
2319 0.16
2320 0.14
2321 0.20
2322 0.22
2323 0.02
2324 0.18
2325 0.18
2326 -0.00
2327 0.15
2328 0.12
2329 0.17
2330 0.19
2331 0.23
2332 0.12
2333 -0.01
2334 0.16
2335 -0.03
2336 0.06
2337 0.18
2338 0.14
2339 0.16
2340 0.20
2341 0.16
2342 0.14
2343 0.21
2344 -0.17
2345 0.15
2346 0.22
2347 0.25
2348 0.08
2349 0.24
2350 -0.16
2351 0.02
2352 0.24
2353 0.25
2354 0.22
2355 0.03
2356 0.28
2357 0.17
2358 0.24
2359 0.17
2360 0.25
2361 0.22
2362 0.02
2363 0.29
2364 0.21
2365 0.16
2366 0.24
2367 0.24
2368 0.24
2369 0.17
2370 0.23
2371 -0.04
2372 0.21
2373 -0.04
2374 0.23
2375 0.20
2376 0.22
2377 0.15
2378 -0.11
2379 0.04
2380 0.20
2381 0.20
2382 0.08
2383 -0.09
2384 0.13
2385 0.25
2386 0.24
2387 0.23
2388 0.17
2389 0.23
2390 0.21
2391 -0.16
2392 0.23
2393 0.09
2394 0.26
2395 0.17
2396 0.09
2397 0.11
2398 0.08
2399 0.16
2400 0.09
2401 0.08
2402 0.13
2403 0.08
2404 -0.15
2405 -0.06
2406 -0.12
2407 0.04
2408 0.06
2409 0.10
2410 -0.09
2411 -0.02
2412 0.04
2413 0.10
2414 0.10
2415 0.06
2416 0.10
2417 0.09
2418 0.06
2419 -0.06
2420 0.09
2421 0.13
2422 0.14
2423 0.01
2424 0.10
2425 0.10
2426 0.12
2427 0.18
2428 -0.05
2429 0.03
2430 0.14
2431 0.04
2432 -0.06
2433 0.15
2434 0.19
2435 0.18
2436 0.13
2437 0.17
2438 0.11
2439 0.20
2440 0.18
2441 0.18
2442 0.20
2443 0.16
2444 0.19
2445 -0.14
2446 0.08
2447 0.23
2448 0.21
2449 0.23
2450 0.17
2451 0.24
2452 0.20
2453 0.24
2454 -0.12
2455 0.22
2456 0.23
2457 0.29
2458 -0.03
2459 0.12
2460 0.18
2461 0.17
2462 0.08
2463 0.14
2464 0.21
2465 0.21
2466 0.20
2467 0.22
2468 0.26
2469 0.20
2470 0.24
2471 0.19
2472 0.21
2473 0.27
2474 0.24
2475 0.22
2476 0.28
2477 0.23
2478 0.31
2479 0.21
2480 0.22
2481 0.05
2482 0.27
2483 0.23
2484 0.25
2485 -0.16
2486 0.26
2487 0.29
2488 0.30
2489 0.05
2490 0.28
2491 0.25
2492 0.14
2493 -0.05
2494 0.06
2495 0.19
2496 0.19
2497 0.15
2498 0.21
2499 0.26
2500 0.26
2501 0.22
2502 0.26
2503 0.28
2504 0.18
2505 0.02
2506 0.09
2507 0.09
2508 0.21
2509 0.08
2510 0.22
2511 0.19
2512 0.21
2513 0.13
2514 0.14
2515 0.26
2516 0.18
2517 -0.00
2518 0.11
2519 0.15
2520 0.13
2521 0.22
2522 0.25
2523 0.10
2524 0.16
2525 0.17
2526 0.22
2527 0.06
2528 0.14
2529 0.14
2530 0.17
2531 0.16
2532 0.20
2533 0.19
2534 0.09
2535 0.16
2536 0.19
2537 -0.13
2538 0.07
2539 0.17
2540 0.16
2541 0.00
2542 0.21
2543 0.16
2544 0.16
2545 0.20
2546 0.17
2547 0.16
2548 0.16
2549 0.13
2550 0.18
2551 0.22
2552 0.26
2553 0.14
2554 0.10
2555 0.14
2556 0.23
2557 0.20
2558 0.09
2559 0.09
2560 0.16
2561 0.07
2562 0.19
2563 0.15
2564 0.14
2565 0.04
2566 0.22
2567 0.21
2568 0.11
2569 0.13
2570 0.18
2571 0.17
2572 0.24
2573 -0.09
2574 0.17
2575 0.16
2576 0.13
2577 0.17
2578 0.20
2579 0.21
2580 0.19
2581 0.20
2582 0.15
2583 0.18
2584 0.17
2585 0.20
2586 0.09
2587 0.18
2588 0.23
2589 0.15
2590 0.20
2591 0.20
2592 0.20
2593 0.09
2594 0.02
2595 0.07
2596 0.15
2597 0.24
2598 0.11
2599 0.22
2600 0.33
2601 0.13
2602 0.34
2603 0.31
2604 0.08
2605 0.37
2606 0.31
2607 0.21
2608 0.25
2609 0.34
2610 0.20
2611 0.32
2612 0.29
2613 0.30
2614 0.32
2615 0.35
2616 0.34
2617 0.29
2618 0.29
2619 -0.08
2620 0.31
2621 0.32
2622 0.34
2623 0.33
2624 0.35
2625 0.31
2626 0.33
2627 0.07
2628 0.36
2629 0.12
2630 0.35
2631 0.32
2632 0.39
2633 0.37
2634 0.35
2635 0.36
2636 0.30
2637 0.14
2638 0.33
2639 0.29
2640 0.33
2641 0.29
2642 0.36
2643 0.22
2644 0.37
2645 0.41
2646 0.35
2647 0.38
2648 0.07
2649 0.21
2650 0.33
2651 0.34
2652 -0.24
2653 0.36
2654 0.36
2655 0.35
2656 0.21
2657 0.14
2658 0.27
2659 0.27
2660 0.23
2661 0.28
2662 0.10
2663 0.26
2664 0.25
2665 0.29
2666 0.34
2667 0.30
2668 0.37
2669 0.37
2670 0.32
2671 0.32
2672 0.39
2673 0.37
2674 0.27
2675 0.29
2676 0.21
2677 0.34
2678 -0.24
2679 0.31
2680 0.26
2681 0.31
2682 0.34
2683 0.29
2684 0.31
2685 0.31
2686 0.33
2687 0.34
2688 0.13
2689 0.29
2690 0.31
2691 0.29
2692 0.34
2693 0.35
2694 -0.24
2695 0.39
2696 0.37
2697 0.07
2698 0.03
2699 0.22
2700 0.25
2701 0.15
2702 0.20
2703 0.28
2704 0.14
2705 0.26
2706 0.27
2707 0.19
2708 0.35
2709 0.37
2710 0.29
2711 0.21
2712 0.29
2713 -0.00
2714 0.33
2715 0.30
2716 0.20
2717 0.22
2718 0.20
2719 0.23
2720 0.33
2721 0.17
2722 0.22
2723 0.31
2724 0.12
2725 0.23
2726 0.10
2727 0.19
2728 0.28
2729 0.25
2730 -0.06
2731 0.24
2732 0.09
2733 0.25
2734 0.23
2735 0.26
2736 0.32
2737 0.29
2738 0.25
2739 0.31
2740 0.32
2741 -0.05
2742 0.10
2743 0.13
2744 0.26
2745 0.29
2746 0.29
2747 0.26
2748 0.33
2749 0.30
2750 0.32
2751 0.28
2752 0.22
2753 0.37
2754 0.33
2755 0.34
2756 0.15
2757 0.01
2758 0.05
2759 0.21
2760 0.24
2761 0.25
2762 0.10
2763 0.29
2764 0.12
2765 0.21
2766 0.06
2767 0.26
2768 0.33
2769 0.32
2770 0.34
2771 0.35
2772 0.17
2773 0.09
2774 0.28
2775 0.33
2776 0.37
2777 0.31
2778 0.28
2779 0.14
2780 0.21
2781 0.25
2782 0.32
2783 0.31
2784 0.32
2785 0.26
2786 0.26
2787 0.25
2788 0.35
2789 0.32
2790 -0.17
2791 0.33
2792 0.32
2793 0.30
2794 0.19
2795 0.07
2796 0.23
2797 0.16
2798 0.17
2799 0.09
2800 0.33
2801 0.26
2802 0.02
2803 0.13
2804 0.22
2805 0.33
2806 0.30
2807 -0.30
2808 0.30
2809 0.39
2810 0.37
2811 0.27
2812 0.20
2813 0.27
2814 0.25
2815 0.25
2816 0.33
2817 0.31
2818 0.15
2819 -0.14
2820 0.36
2821 0.39
2822 0.36
2823 0.33
2824 0.01
2825 0.24
2826 0.31
2827 0.38
2828 0.34
2829 0.40
2830 0.29
2831 0.02
2832 0.20
2833 0.34
2834 0.23
2835 0.37
2836 0.35
2837 0.08
2838 0.17
2839 0.25
2840 0.28
2841 0.33
2842 0.08
2843 0.20
2844 0.24
2845 0.27
2846 0.25
2847 0.11
2848 0.12
2849 0.25
2850 0.20
2851 0.32
2852 0.25
2853 0.34
2854 0.22
2855 0.33
2856 0.31
2857 0.32
2858 0.35
2859 0.26
2860 -0.13
2861 0.02
2862 0.16
2863 0.29
2864 0.29
2865 0.08
2866 0.16
2867 0.23
2868 0.24
2869 0.15
2870 0.26
2871 0.15
2872 0.17
2873 0.25
2874 0.20
2875 0.25
2876 0.30
2877 0.32
2878 0.10
2879 0.22
2880 0.17
2881 0.06
2882 0.30
2883 0.24
2884 0.08
2885 0.32
2886 0.27
2887 0.19
2888 0.20
2889 0.17
2890 0.14
2891 0.22
2892 0.15
2893 0.06
2894 0.21
2895 0.22
2896 0.22
2897 0.17
2898 0.13
2899 0.07
2900 0.05
2901 0.10
2902 0.13
2903 0.12
2904 0.13
2905 0.03
2906 0.03
2907 0.03
2908 -0.01
2909 -0.06
2910 0.09
2911 0.06
2912 0.05
2913 0.03
2914 -0.02
2915 -0.02
2916 0.00
2917 0.01
2918 0.03
2919 0.01
2920 0.02
2921 0.09
2922 -0.05
2923 -0.10
2924 0.04
2925 0.00
2926 0.02
2927 0.07
2928 0.02
2929 0.07
2930 0.05
2931 0.06
2932 0.06
2933 0.03
2934 0.06
2935 0.15
2936 -0.14
2937 0.16
2938 0.10
2939 0.10
2940 0.18
2941 0.13
2942 0.02
2943 0.15
2944 0.18
2945 0.17
2946 0.16
2947 0.19
2948 0.21
2949 0.03
2950 0.19
2951 0.16
2952 -0.09
2953 0.17
2954 0.13
2955 0.17
2956 0.16
2957 0.16
2958 0.22
2959 0.11
2960 0.15
2961 0.10
2962 0.10
2963 0.14
2964 0.19
2965 0.17
2966 0.19
2967 0.17
2968 0.18
2969 0.17
2970 0.04
2971 0.25
2972 0.22
2973 0.25
2974 0.17
2975 -0.01
2976 0.21
2977 0.10
2978 0.07
2979 0.12
2980 0.09
2981 0.18
2982 0.10
2983 -0.01
2984 0.01
2985 0.18
2986 0.20
2987 0.10
2988 0.04
2989 0.06
2990 0.21
2991 0.21
2992 0.24
2993 0.16
2994 0.10
2995 0.14
2996 0.16
2997 0.19
2998 -0.07
2999 0.19
