0 302.10
30 302.10
60 302.10
90 302.10
120 302.10
150 302.10
180 315.57
210 342.50
240 342.50
270 342.50
300 342.50
330 342.50
360 342.50
390 353.70
420 359.30
450 359.30
480 359.30
510 359.30
540 359.30
570 359.30
600 365.90
630 365.90
660 365.90
690 365.90
720 365.90
750 365.90
780 359.57
810 346.90
840 346.90
870 346.90
900 346.90
930 346.90
960 346.90
990 380.43
1020 397.20
1050 397.20
1080 397.20
1110 397.20
1140 397.20
1170 397.20
1200 399.50
1230 399.50
1260 399.50
1290 399.50
1320 399.50
1350 399.50
1380 397.53
1410 393.60
1440 393.60
1470 393.60
1500 393.60
1530 393.60
1560 393.60
1590 383.27
1620 378.10
1650 378.10
1680 378.10
1710 378.10
1740 378.10
1770 378.10
1800 371.50
1830 371.50
1860 371.50
1890 371.50
1920 371.50
1950 371.50
1980 374.40
2010 380.20
2040 380.20
2070 380.20
2100 380.20
2130 380.20
2160 380.20
2190 384.60
2220 386.80
2250 386.80
2280 386.80
2310 386.80
2340 386.80
2370 386.80
2400 383.30
2430 383.30
2460 383.30
2490 383.30
2520 383.30
2550 383.30
2580 377.17
2610 364.90
2640 364.90
2670 364.90
2700 364.90
2730 364.90
2760 364.90
2790 383.43
2820 392.70
2850 392.70
2880 392.70
2910 392.70
2940 392.70
2970 392.70
