0 385.33
30 385.97
60 384.70
90 384.27
120 383.23
150 386.47
180 385.90
210 388.30
240 389.43
270 380.80
300 385.03
330 390.60
360 388.30
390 381.63
420 387.03
450 379.50
480 384.33
510 389.83
540 388.67
570 383.97
600 389.73
630 382.30
660 389.67
690 386.10
720 385.73
750 384.40
780 381.80
810 386.43
840 384.83
870 389.80
900 385.90
930 387.17
960 386.80
990 386.40
1020 385.63
1050 383.90
1080 385.73
1110 389.70
1140 392.40
1170 387.73
1200 391.10
1230 384.97
1260 383.13
1290 390.80
1320 384.87
1350 385.40
1380 386.77
1410 382.30
1440 383.67
1470 388.07
1500 381.20
1530 383.97
1560 386.73
1590 384.67
1620 386.80
1650 388.67
1680 383.90
1710 384.60
1740 382.67
1770 386.10
1800 388.60
1830 390.03
1860 386.03
1890 383.40
1920 386.37
1950 384.93
1980 385.43
2010 390.87
2040 388.87
2070 384.67
2100 387.57
2130 388.93
2160 385.30
2190 384.63
2220 385.13
2250 388.03
2280 390.83
2310 388.63
2340 381.63
2370 383.23
2400 389.37
2430 388.30
2460 387.20
2490 387.07
2520 388.47
2550 385.40
2580 386.50
2610 380.60
2640 385.43
2670 385.53
2700 382.63
2730 389.13
2760 384.67
2790 384.37
2820 385.03
2850 388.50
2880 385.13
2910 385.40
2940 378.47
2970 392.10
