0 -0.24
1 -0.23
2 -0.22
3 -0.19
4 -0.21
5 -0.18
6 -0.20
7 -0.21
8 -0.21
9 -0.22
10 -0.21
11 -0.19
12 -0.20
13 -0.21
14 -0.18
15 -0.18
16 -0.17
17 -0.19
18 -0.22
19 -0.18
20 -0.17
21 -0.19
22 -0.21
23 -0.22
24 -0.21
25 -0.21
26 -0.18
27 -0.20
28 -0.18
29 -0.15
30 -0.16
31 -0.16
32 -0.12
33 -0.17
34 -0.14
35 -0.17
36 -0.21
37 -0.14
38 -0.16
39 -0.16
40 -0.18
41 -0.15
42 -0.14
43 -0.15
44 -0.14
45 -0.18
46 -0.18
47 -0.19
48 -0.15
49 -0.15
50 -0.16
51 -0.11
52 -0.15
53 -0.11
54 -0.14
55 -0.10
56 -0.16
57 -0.16
58 -0.14
59 -0.16
60 -0.19
61 -0.12
62 -0.15
63 -0.15
64 -0.11
65 -0.13
66 -0.09
67 -0.11
68 -0.13
69 -0.10
70 -0.11
71 -0.11
72 -0.15
73 -0.10
74 -0.12
75 -0.09
76 -0.13
77 -0.08
78 -0.10
79 -0.12
80 -0.10
81 -0.12
82 -0.12
83 -0.09
84 -0.12
85 -0.09
86 -0.09
87 -0.07
88 -0.09
89 -0.05
90 -0.09
91 -0.10
92 -0.09
93 -0.06
94 -0.07
95 -0.07
96 -0.06
97 -0.12
98 -0.06
99 -0.07
100 -0.08
101 -0.02
102 -0.09
103 -0.05
104 -0.04
105 -0.12
106 -0.11
107 -0.10
108 -0.11
109 -0.12
110 -0.11
111 -0.14
112 -0.11
113 -0.11
114 -0.10
115 -0.08
116 -0.08
117 -0.09
118 -0.12
119 -0.11
120 -0.09
121 -0.11
122 -0.10
123 -0.06
124 -0.11
125 -0.07
126 -0.10
127 -0.07
128 -0.09
129 -0.14
130 -0.08
131 -0.15
132 -0.06
133 -0.07
134 -0.07
135 -0.07
136 -0.07
137 -0.07
138 -0.09
139 0.01
140 -0.08
141 -0.05
142 -0.07
143 -0.08
144 -0.05
145 -0.07
146 -0.13
147 -0.09
148 -0.03
149 -0.05
150 -0.11
151 -0.10
152 -0.06
153 -0.06
154 -0.09
155 -0.08
156 -0.04
157 -0.06
158 -0.04
159 -0.02
160 -0.05
161 -0.06
162 -0.05
163 -0.14
164 -0.04
165 -0.09
166 -0.06
167 -0.10
168 -0.03
169 -0.08
170 -0.03
171 -0.07
172 -0.01
173 -0.05
174 -0.09
175 -0.08
176 -0.04
177 -0.08
178 -0.07
179 -0.03
180 -0.01
181 0.00
182 -0.02
183 -0.03
184 -0.06
185 -0.06
186 -0.06
187 -0.05
188 -0.04
189 -0.06
190 -0.02
191 -0.02
192 -0.00
193 0.04
194 -0.01
195 -0.05
196 -0.06
197 0.01
198 -0.12
199 -0.08
200 0.11
201 0.13
202 0.09
203 0.05
204 0.22
205 0.07
206 0.05
207 0.06
208 0.09
209 -0.05
210 0.06
211 0.05
212 0.08
213 -0.07
214 0.05
215 0.08
216 -0.00
217 0.11
218 0.09
219 -0.01
220 0.04
221 -0.01
222 -0.04
223 -0.03
224 -0.03
225 -0.02
226 -0.00
227 -0.04
228 -0.03
229 -0.03
230 -0.11
231 -0.05
232 -0.09
233 -0.05
234 -0.02
235 -0.03
236 -0.03
237 0.03
238 -0.05
239 0.03
240 0.04
241 -0.12
242 -0.08
243 -0.09
244 -0.07
245 0.02
246 -0.02
247 -0.01
248 0.06
249 0.06
250 -0.07
251 -0.02
252 -0.04
253 -0.03
254 0.03
255 0.01
256 -0.11
257 -0.03
258 -0.09
259 0.05
260 -0.04
261 -0.02
262 -0.08
263 0.04
264 0.01
265 0.03
266 -0.08
267 -0.04
268 0.00
269 -0.06
270 -0.01
271 0.01
272 -0.04
273 -0.01
274 -0.02
275 0.04
276 0.06
277 0.06
278 -0.03
279 0.04
280 0.03
281 0.04
282 -0.01
283 -0.03
284 -0.02
285 0.01
286 -0.08
287 0.00
288 -0.03
289 -0.01
290 0.01
291 -0.06
292 -0.01
293 -0.04
294 -0.04
295 -0.05
296 0.02
297 0.00
298 -0.03
299 -0.02
300 -0.14
301 -0.04
302 -0.01
303 -0.05
304 -0.02
305 0.01
306 0.00
307 0.04
308 0.00
309 -0.11
310 -0.06
311 -0.02
312 -0.03
313 -0.03
314 -0.03
315 -0.00
316 -0.01
317 0.02
318 -0.08
319 -0.03
320 -0.01
321 -0.07
322 -0.06
323 -0.05
324 -0.06
325 -0.03
326 -0.01
327 -0.01
328 -0.05
329 -0.03
330 -0.01
331 -0.03
332 0.02
333 -0.07
334 -0.06
335 -0.09
336 -0.07
337 -0.06
338 -0.06
339 -0.00
340 -0.03
341 0.00
342 -0.03
343 -0.05
344 -0.10
345 -0.05
346 -0.08
347 -0.03
348 -0.05
349 -0.09
350 -0.06
351 -0.06
352 -0.03
353 -0.05
354 -0.01
355 -0.08
356 -0.07
357 -0.11
358 0.00
359 -0.06
360 -0.00
361 -0.04
362 -0.03
363 -0.06
364 -0.01
365 -0.02
366 -0.00
367 -0.03
368 -0.06
369 -0.12
370 -0.01
371 -0.08
372 0.03
373 -0.05
374 -0.04
375 -0.07
376 -0.08
377 -0.04
378 -0.03
379 -0.05
380 -0.04
381 -0.06
382 -0.03
383 -0.02
384 -0.09
385 -0.03
386 -0.03
387 -0.05
388 0.04
389 -0.08
390 -0.05
391 -0.09
392 -0.07
393 -0.04
394 -0.05
395 0.01
396 -0.08
397 -0.07
398 -0.05
399 -0.06
400 0.12
401 0.04
402 0.04
403 0.03
404 -0.05
405 0.00
406 -0.04
407 -0.00
408 -0.10
409 -0.06
410 -0.04
411 -0.10
412 -0.09
413 -0.07
414 -0.03
415 -0.07
416 -0.08
417 -0.04
418 -0.04
419 -0.00
420 -0.06
421 -0.06
422 -0.04
423 -0.02
424 -0.04
425 -0.11
426 -0.00
427 -0.07
428 -0.09
429 -0.03
430 -0.04
431 -0.02
432 -0.05
433 -0.09
434 0.00
435 -0.01
436 0.01
437 0.03
438 -0.06
439 -0.01
440 0.00
441 0.02
442 -0.03
443 0.04
444 -0.00
445 0.00
446 -0.02
447 0.02
448 -0.10
449 -0.04
450 0.05
451 0.05
452 -0.03
453 0.01
454 -0.01
455 -0.01
456 -0.08
457 0.09
458 -0.02
459 -0.02
460 0.03
461 0.05
462 0.05
463 0.09
464 0.04
465 0.05
466 0.07
467 0.10
468 0.10
469 0.09
470 0.02
471 0.07
472 0.04
473 0.13
474 0.11
475 0.16
476 0.05
477 0.09
478 0.12
479 0.07
480 0.14
481 -0.01
482 0.04
483 0.06
484 0.14
485 0.12
486 -0.00
487 -0.01
488 0.07
489 0.11
490 0.01
491 0.05
492 0.16
493 -0.01
494 0.11
495 0.05
496 0.00
497 0.09
498 0.08
499 0.00
500 0.01
501 0.06
502 0.05
503 0.05
504 0.04
505 0.08
506 0.12
507 0.07
508 0.07
509 0.04
510 -0.01
511 0.05
512 0.01
513 -0.02
514 -0.05
515 0.08
516 0.14
517 0.06
518 0.07
519 0.02
520 0.00
521 0.05
522 0.13
523 0.10
524 0.05
525 0.08
526 0.11
527 0.10
528 0.04
529 -0.02
530 0.00
531 0.06
532 0.03
533 0.06
534 0.01
535 0.10
536 0.06
537 0.00
538 0.06
539 0.06
540 0.12
541 0.02
542 0.07
543 0.11
544 0.02
545 0.08
546 0.11
547 0.03
548 0.00
549 0.21
550 0.07
551 0.03
552 0.09
553 0.07
554 0.12
555 0.10
556 0.17
557 0.12
558 0.10
559 0.11
560 0.09
561 0.02
562 -0.01
563 0.08
564 0.07
565 0.09
566 0.02
567 0.14
568 0.06
569 0.04
570 0.00
571 0.03
572 -0.01
573 -0.03
574 0.02
575 0.02
576 -0.01
577 0.02
578 0.05
579 0.03
580 0.08
581 0.11
582 0.02
583 0.04
584 0.02
585 0.04
586 0.04
587 0.10
588 -0.03
589 0.02
590 -0.01
591 0.07
592 0.06
593 0.05
594 0.01
595 0.05
596 0.08
597 0.15
598 0.11
599 0.10
600 0.38
601 0.32
602 0.28
603 0.34
604 0.26
605 0.32
606 0.33
607 0.37
608 0.26
609 0.25
610 0.30
611 0.31
612 0.35
613 0.27
614 0.24
615 0.25
616 0.33
617 0.32
618 0.24
619 0.28
620 0.26
621 0.30
622 0.23
623 0.29
624 0.25
625 0.32
626 0.28
627 0.25
628 0.27
629 0.32
630 0.29
631 0.23
632 0.29
633 0.26
634 0.31
635 0.30
636 0.30
637 0.26
638 0.28
639 0.29
640 0.13
641 0.22
642 0.26
643 0.21
644 0.23
645 0.27
646 0.33
647 0.27
648 0.24
649 0.29
650 0.27
651 0.21
652 0.27
653 0.16
654 0.26
655 0.23
656 0.29
657 0.16
658 0.24
659 0.25
660 0.26
661 0.24
662 0.26
663 0.23
664 0.26
665 0.16
666 0.16
667 0.26
668 0.30
669 0.24
670 0.28
671 0.13
672 0.25
673 0.26
674 0.18
675 0.26
676 0.21
677 0.28
678 0.27
679 0.27
680 0.22
681 0.20
682 0.24
683 0.19
684 0.23
685 0.22
686 0.23
687 0.25
688 0.25
689 0.18
690 0.27
691 0.20
692 0.25
693 0.24
694 0.32
695 0.22
696 0.25
697 0.28
698 0.29
699 0.27
700 0.22
701 0.25
702 0.24
703 0.27
704 0.23
705 0.24
706 0.19
707 0.23
708 0.24
709 0.26
710 0.24
711 0.24
712 0.23
713 0.20
714 0.19
715 0.23
716 0.27
717 0.25
718 0.23
719 0.24
720 0.22
721 0.25
722 0.25
723 0.28
724 0.24
725 0.23
726 0.27
727 0.32
728 0.34
729 0.29
730 0.28
731 0.26
732 0.28
733 0.29
734 0.30
735 0.25
736 0.26
737 0.27
738 0.27
739 0.27
740 0.22
741 0.25
742 0.27
743 0.28
744 0.18
745 0.18
746 0.22
747 0.25
748 0.25
749 0.23
750 0.30
751 0.30
752 0.20
753 0.31
754 0.23
755 0.25
756 0.26
757 0.23
758 0.21
759 0.20
760 0.23
761 0.26
762 0.25
763 0.26
764 0.20
765 0.22
766 0.15
767 0.23
768 0.25
769 0.25
770 0.22
771 0.30
772 0.29
773 0.24
774 0.26
775 0.19
776 0.26
777 0.17
778 0.26
779 0.16
780 0.20
781 0.21
782 0.24
783 0.24
784 0.27
785 0.25
786 0.27
787 0.23
788 0.27
789 0.26
790 0.22
791 0.19
792 0.25
793 0.29
794 0.22
795 0.26
796 0.17
797 0.29
798 0.24
799 0.21
800 0.12
801 0.11
802 0.18
803 0.24
804 0.29
805 0.29
806 0.26
807 0.24
808 0.23
809 0.26
810 0.27
811 0.26
812 0.36
813 0.27
814 0.35
815 0.28
816 0.28
817 0.29
818 0.28
819 0.30
820 0.30
821 0.32
822 0.37
823 0.32
824 0.35
825 0.29
826 0.24
827 0.30
828 0.30
829 0.26
830 0.29
831 0.26
832 0.28
833 0.30
834 0.30
835 0.30
836 0.24
837 0.32
838 0.27
839 0.21
840 0.33
841 0.29
842 0.24
843 0.29
844 0.22
845 0.24
846 0.18
847 0.24
848 0.24
849 0.20
850 0.33
851 0.30
852 0.28
853 0.30
854 0.34
855 0.28
856 0.27
857 0.28
858 0.28
859 0.26
860 0.31
861 0.34
862 0.33
863 0.27
864 0.28
865 0.22
866 0.30
867 0.30
868 0.30
869 0.31
870 0.38
871 0.28
872 0.34
873 0.31
874 0.27
875 0.27
876 0.26
877 0.23
878 0.29
879 0.34
880 0.27
881 0.31
882 0.28
883 0.29
884 0.29
885 0.31
886 0.25
887 0.30
888 0.27
889 0.29
890 0.28
891 0.25
892 0.26
893 0.32
894 0.23
895 0.26
896 0.24
897 0.28
898 0.19
899 0.28
900 0.26
901 0.25
902 0.28
903 0.31
904 0.30
905 0.30
906 0.26
907 0.27
908 0.23
909 0.25
910 0.27
911 0.26
912 0.26
913 0.24
914 0.25
915 0.25
916 0.29
917 0.30
918 0.30
919 0.28
920 0.29
921 0.27
922 0.31
923 0.24
924 0.24
925 0.32
926 0.15
927 0.26
928 0.27
929 0.25
930 0.22
931 0.26
932 0.24
933 0.24
934 0.28
935 0.26
936 0.26
937 0.30
938 0.25
939 0.28
940 0.23
941 0.28
942 0.18
943 0.29
944 0.27
945 0.28
946 0.27
947 0.28
948 0.24
949 0.29
950 0.28
951 0.24
952 0.29
953 0.26
954 0.19
955 0.22
956 0.21
957 0.20
958 0.19
959 0.23
960 0.22
961 0.20
962 0.25
963 0.17
964 0.26
965 0.29
966 0.17
967 0.27
968 0.25
969 0.24
970 0.25
971 0.23
972 0.25
973 0.20
974 0.30
975 0.28
976 0.32
977 0.29
978 0.34
979 0.26
980 0.24
981 0.19
982 0.16
983 0.29
984 0.30
985 0.28
986 0.26
987 0.30
988 0.31
989 0.31
990 0.29
991 0.28
992 0.33
993 0.32
994 0.33
995 0.29
996 0.24
997 0.32
998 0.21
999 0.29
1000 0.37
1001 0.43
1002 0.37
1003 0.33
1004 0.35
1005 0.38
1006 0.33
1007 0.31
1008 0.26
1009 0.37
1010 0.29
1011 0.37
1012 0.29
1013 0.36
1014 0.31
1015 0.30
1016 0.33
1017 0.27
1018 0.36
1019 0.31
1020 0.32
1021 0.30
1022 0.29
1023 0.31
1024 0.31
1025 0.32
1026 0.25
1027 0.24
1028 0.30
1029 0.32
1030 0.35
1031 0.36
1032 0.34
1033 0.33
1034 0.37
1035 0.37
1036 0.39
1037 0.34
1038 0.42
1039 0.32
1040 0.37
1041 0.32
1042 0.34
1043 0.34
1044 0.29
1045 0.29
1046 0.32
1047 0.32
1048 0.36
1049 0.36
1050 0.37
1051 0.34
1052 0.35
1053 0.37
1054 0.31
1055 0.32
1056 0.33
1057 0.30
1058 0.36
1059 0.32
1060 0.35
1061 0.30
1062 0.37
1063 0.41
1064 0.31
1065 0.35
1066 0.36
1067 0.33
1068 0.27
1069 0.26
1070 0.30
1071 0.29
1072 0.32
1073 0.28
1074 0.25
1075 0.32
1076 0.26
1077 0.32
1078 0.33
1079 0.26
1080 0.34
1081 0.30
1082 0.31
1083 0.37
1084 0.24
1085 0.33
1086 0.33
1087 0.31
1088 0.34
1089 0.33
1090 0.32
1091 0.36
1092 0.27
1093 0.33
1094 0.34
1095 0.32
1096 0.31
1097 0.19
1098 0.27
1099 0.31
1100 0.32
1101 0.29
1102 0.35
1103 0.30
1104 0.30
1105 0.35
1106 0.32
1107 0.30
1108 0.30
1109 0.30
1110 0.32
1111 0.27
1112 0.31
1113 0.36
1114 0.29
1115 0.23
1116 0.28
1117 0.21
1118 0.28
1119 0.31
1120 0.21
1121 0.20
1122 0.32
1123 0.24
1124 0.35
1125 0.26
1126 0.29
1127 0.30
1128 0.33
1129 0.30
1130 0.27
1131 0.26
1132 0.29
1133 0.30
1134 0.31
1135 0.32
1136 0.29
1137 0.32
1138 0.28
1139 0.24
1140 0.33
1141 0.33
1142 0.32
1143 0.29
1144 0.32
1145 0.35
1146 0.37
1147 0.32
1148 0.29
1149 0.31
1150 0.34
1151 0.28
1152 0.32
1153 0.35
1154 0.32
1155 0.34
1156 0.33
1157 0.34
1158 0.35
1159 0.30
1160 0.35
1161 0.39
1162 0.31
1163 0.26
1164 0.35
1165 0.29
1166 0.28
1167 0.34
1168 0.29
1169 0.29
1170 0.34
1171 0.27
1172 0.35
1173 0.35
1174 0.30
1175 0.36
1176 0.29
1177 0.34
1178 0.34
1179 0.37
1180 0.36
1181 0.32
1182 0.37
1183 0.28
1184 0.31
1185 0.35
1186 0.30
1187 0.32
1188 0.31
1189 0.33
1190 0.33
1191 0.26
1192 0.31
1193 0.34
1194 0.29
1195 0.34
1196 0.24
1197 0.37
1198 0.31
1199 0.28
1200 0.34
1201 0.32
1202 0.33
1203 0.36
1204 0.37
1205 0.27
1206 0.35
1207 0.31
1208 0.30
1209 0.28
1210 0.31
1211 0.32
1212 0.36
1213 0.33
1214 0.34
1215 0.33
1216 0.36
1217 0.27
1218 0.37
1219 0.36
1220 0.38
1221 0.36
1222 0.36
1223 0.36
1224 0.38
1225 0.40
1226 0.33
1227 0.31
1228 0.38
1229 0.29
1230 0.32
1231 0.37
1232 0.34
1233 0.38
1234 0.36
1235 0.36
1236 0.35
1237 0.33
1238 0.33
1239 0.35
1240 0.34
1241 0.27
1242 0.24
1243 0.37
1244 0.36
1245 0.35
1246 0.32
1247 0.36
1248 0.36
1249 0.38
1250 0.43
1251 0.37
1252 0.33
1253 0.36
1254 0.31
1255 0.35
1256 0.34
1257 0.35
1258 0.41
1259 0.36
1260 0.40
1261 0.35
1262 0.40
1263 0.38
1264 0.36
1265 0.36
1266 0.38
1267 0.25
1268 0.35
1269 0.33
1270 0.38
1271 0.36
1272 0.37
1273 0.40
1274 0.31
1275 0.38
1276 0.40
1277 0.34
1278 0.31
1279 0.40
1280 0.40
1281 0.35
1282 0.36
1283 0.38
1284 0.36
1285 0.34
1286 0.36
1287 0.32
1288 0.33
1289 0.36
1290 0.37
1291 0.32
1292 0.37
1293 0.40
1294 0.35
1295 0.34
1296 0.36
1297 0.42
1298 0.32
1299 0.40
1300 0.39
1301 0.40
1302 0.34
1303 0.31
1304 0.32
1305 0.40
1306 0.36
1307 0.33
1308 0.33
1309 0.30
1310 0.29
1311 0.30
1312 0.38
1313 0.32
1314 0.38
1315 0.32
1316 0.39
1317 0.32
1318 0.34
1319 0.35
1320 0.38
1321 0.34
1322 0.31
1323 0.32
1324 0.36
1325 0.37
1326 0.32
1327 0.34
1328 0.34
1329 0.34
1330 0.35
1331 0.36
1332 0.36
1333 0.32
1334 0.34
1335 0.33
1336 0.38
1337 0.39
1338 0.41
1339 0.32
1340 0.36
1341 0.37
1342 0.38
1343 0.31
1344 0.27
1345 0.33
1346 0.35
1347 0.38
1348 0.41
1349 0.34
1350 0.37
1351 0.34
1352 0.36
1353 0.40
1354 0.33
1355 0.40
1356 0.36
1357 0.38
1358 0.37
1359 0.36
1360 0.37
1361 0.39
1362 0.33
1363 0.38
1364 0.36
1365 0.38
1366 0.27
1367 0.42
1368 0.32
1369 0.36
1370 0.34
1371 0.41
1372 0.34
1373 0.30
1374 0.36
1375 0.38
1376 0.41
1377 0.35
1378 0.39
1379 0.39
1380 0.36
1381 0.39
1382 0.40
1383 0.33
1384 0.38
1385 0.28
1386 0.36
1387 0.32
1388 0.39
1389 0.35
1390 0.32
1391 0.37
1392 0.33
1393 0.37
1394 0.34
1395 0.33
1396 0.33
1397 0.35
1398 0.42
1399 0.42
1400 0.38
1401 0.35
1402 0.37
1403 0.36
1404 0.36
1405 0.40
1406 0.32
1407 0.32
1408 0.39
1409 0.42
1410 0.34
1411 0.34
1412 0.37
1413 0.35
1414 0.38
1415 0.38
1416 0.38
1417 0.40
1418 0.38
1419 0.38
1420 0.35
1421 0.37
1422 0.35
1423 0.35
1424 0.41
1425 0.37
1426 0.34
1427 0.38
1428 0.34
1429 0.31
1430 0.34
1431 0.35
1432 0.38
1433 0.36
1434 0.31
1435 0.35
1436 0.39
1437 0.32
1438 0.31
1439 0.39
1440 0.36
1441 0.37
1442 0.34
1443 0.40
1444 0.39
1445 0.37
1446 0.37
1447 0.30
1448 0.36
1449 0.34
1450 0.31
1451 0.37
1452 0.37
1453 0.35
1454 0.32
1455 0.36
1456 0.38
1457 0.36
1458 0.26
1459 0.25
1460 0.36
1461 0.38
1462 0.38
1463 0.31
1464 0.35
1465 0.36
1466 0.34
1467 0.39
1468 0.40
1469 0.36
1470 0.36
1471 0.37
1472 0.37
1473 0.32
1474 0.36
1475 0.37
1476 0.39
1477 0.37
1478 0.37
1479 0.37
1480 0.31
1481 0.36
1482 0.38
1483 0.39
1484 0.38
1485 0.40
1486 0.39
1487 0.34
1488 0.34
1489 0.37
1490 0.36
1491 0.34
1492 0.34
1493 0.37
1494 0.31
1495 0.35
1496 0.31
1497 0.39
1498 0.37
1499 0.37
1500 0.38
1501 0.30
1502 0.36
1503 0.32
1504 0.32
1505 0.36
1506 0.36
1507 0.36
1508 0.39
1509 0.40
1510 0.37
1511 0.38
1512 0.34
1513 0.36
1514 0.43
1515 0.28
1516 0.35
1517 0.37
1518 0.38
1519 0.41
1520 0.37
1521 0.41
1522 0.33
1523 0.34
1524 0.35
1525 0.36
1526 0.37
1527 0.41
1528 0.41
1529 0.42
1530 0.38
1531 0.33
1532 0.32
1533 0.38
1534 0.39
1535 0.34
1536 0.35
1537 0.37
1538 0.35
1539 0.40
1540 0.41
1541 0.32
1542 0.34
1543 0.35
1544 0.37
1545 0.32
1546 0.33
1547 0.36
1548 0.35
1549 0.36
1550 0.39
1551 0.38
1552 0.35
1553 0.35
1554 0.29
1555 0.33
1556 0.39
1557 0.34
1558 0.34
1559 0.26
1560 0.34
1561 0.35
1562 0.33
1563 0.28
1564 0.36
1565 0.34
1566 0.36
1567 0.37
1568 0.34
1569 0.35
1570 0.38
1571 0.35
1572 0.37
1573 0.38
1574 0.35
1575 0.38
1576 0.39
1577 0.29
1578 0.33
1579 0.32
1580 0.33
1581 0.36
1582 0.27
1583 0.30
1584 0.33
1585 0.38
1586 0.28
1587 0.30
1588 0.37
1589 0.32
1590 0.32
1591 0.38
1592 0.33
1593 0.35
1594 0.34
1595 0.34
1596 0.37
1597 0.30
1598 0.29
1599 0.34
1600 0.27
1601 0.32
1602 0.31
1603 0.35
1604 0.30
1605 0.36
1606 0.36
1607 0.36
1608 0.37
1609 0.33
1610 0.31
1611 0.30
1612 0.39
1613 0.37
1614 0.36
1615 0.33
1616 0.35
1617 0.34
1618 0.33
1619 0.36
1620 0.34
1621 0.32
1622 0.35
1623 0.36
1624 0.34
1625 0.30
1626 0.28
1627 0.32
1628 0.26
1629 0.32
1630 0.34
1631 0.31
1632 0.33
1633 0.25
1634 0.31
1635 0.36
1636 0.34
1637 0.31
1638 0.31
1639 0.38
1640 0.35
1641 0.31
1642 0.40
1643 0.38
1644 0.34
1645 0.37
1646 0.34
1647 0.29
1648 0.33
1649 0.34
1650 0.38
1651 0.35
1652 0.32
1653 0.34
1654 0.35
1655 0.36
1656 0.35
1657 0.38
1658 0.29
1659 0.37
1660 0.38
1661 0.41
1662 0.42
1663 0.35
1664 0.38
1665 0.38
1666 0.37
1667 0.38
1668 0.42
1669 0.38
1670 0.33
1671 0.37
1672 0.39
1673 0.36
1674 0.36
1675 0.34
1676 0.32
1677 0.31
1678 0.34
1679 0.33
1680 0.37
1681 0.34
1682 0.28
1683 0.33
1684 0.32
1685 0.36
1686 0.33
1687 0.40
1688 0.39
1689 0.40
1690 0.33
1691 0.31
1692 0.38
1693 0.32
1694 0.34
1695 0.38
1696 0.39
1697 0.35
1698 0.35
1699 0.36
1700 0.36
1701 0.30
1702 0.34
1703 0.37
1704 0.30
1705 0.36
1706 0.41
1707 0.37
1708 0.37
1709 0.31
1710 0.38
1711 0.39
1712 0.42
1713 0.40
1714 0.41
1715 0.35
1716 0.37
1717 0.37
1718 0.40
1719 0.43
1720 0.35
1721 0.41
1722 0.34
1723 0.39
1724 0.38
1725 0.38
1726 0.37
1727 0.36
1728 0.38
1729 0.35
1730 0.35
1731 0.35
1732 0.31
1733 0.33
1734 0.37
1735 0.40
1736 0.32
1737 0.36
1738 0.38
1739 0.41
1740 0.32
1741 0.37
1742 0.40
1743 0.31
1744 0.36
1745 0.38
1746 0.33
1747 0.33
1748 0.32
1749 0.31
1750 0.36
1751 0.33
1752 0.40
1753 0.30
1754 0.30
1755 0.38
1756 0.33
1757 0.38
1758 0.33
1759 0.37
1760 0.38
1761 0.37
1762 0.40
1763 0.33
1764 0.37
1765 0.39
1766 0.41
1767 0.42
1768 0.37
1769 0.28
1770 0.33
1771 0.32
1772 0.34
1773 0.32
1774 0.34
1775 0.37
1776 0.33
1777 0.32
1778 0.34
1779 0.41
1780 0.38
1781 0.39
1782 0.39
1783 0.39
1784 0.40
1785 0.38
1786 0.42
1787 0.41
1788 0.38
1789 0.31
1790 0.40
1791 0.42
1792 0.36
1793 0.35
1794 0.36
1795 0.39
1796 0.37
1797 0.42
1798 0.38
1799 0.37
1800 0.45
1801 0.37
1802 0.39
1803 0.43
1804 0.37
1805 0.36
1806 0.36
1807 0.41
1808 0.42
1809 0.37
1810 0.36
1811 0.41
1812 0.36
1813 0.37
1814 0.38
1815 0.39
1816 0.36
1817 0.28
1818 0.31
1819 0.38
1820 0.41
1821 0.35
1822 0.29
1823 0.36
1824 0.35
1825 0.39
1826 0.40
1827 0.37
1828 0.33
1829 0.26
1830 0.33
1831 0.39
1832 0.38
1833 0.34
1834 0.35
1835 0.37
1836 0.37
1837 0.34
1838 0.34
1839 0.34
1840 0.35
1841 0.36
1842 0.40
1843 0.37
1844 0.38
1845 0.36
1846 0.39
1847 0.37
1848 0.35
1849 0.30
1850 0.36
1851 0.35
1852 0.30
1853 0.37
1854 0.35
1855 0.34
1856 0.41
1857 0.28
1858 0.26
1859 0.33
1860 0.40
1861 0.37
1862 0.38
1863 0.36
1864 0.30
1865 0.37
1866 0.33
1867 0.33
1868 0.34
1869 0.34
1870 0.37
1871 0.37
1872 0.34
1873 0.36
1874 0.39
1875 0.39
1876 0.32
1877 0.36
1878 0.37
1879 0.35
1880 0.38
1881 0.36
1882 0.44
1883 0.40
1884 0.42
1885 0.38
1886 0.38
1887 0.35
1888 0.36
1889 0.38
1890 0.33
1891 0.38
1892 0.34
1893 0.36
1894 0.34
1895 0.35
1896 0.34
1897 0.38
1898 0.38
1899 0.41
1900 0.32
1901 0.36
1902 0.39
1903 0.30
1904 0.38
1905 0.41
1906 0.37
1907 0.33
1908 0.35
1909 0.33
1910 0.29
1911 0.33
1912 0.39
1913 0.36
1914 0.39
1915 0.41
1916 0.39
1917 0.38
1918 0.42
1919 0.30
1920 0.40
1921 0.40
1922 0.35
1923 0.37
1924 0.32
1925 0.35
1926 0.31
1927 0.33
1928 0.31
1929 0.39
1930 0.39
1931 0.37
1932 0.39
1933 0.36
1934 0.27
1935 0.34
1936 0.33
1937 0.27
1938 0.35
1939 0.33
1940 0.32
1941 0.34
1942 0.38
1943 0.37
1944 0.38
1945 0.38
1946 0.32
1947 0.35
1948 0.36
1949 0.39
1950 0.36
1951 0.42
1952 0.33
1953 0.37
1954 0.35
1955 0.38
1956 0.41
1957 0.40
1958 0.34
1959 0.24
1960 0.38
1961 0.37
1962 0.37
1963 0.39
1964 0.32
1965 0.37
1966 0.41
1967 0.29
1968 0.34
1969 0.37
1970 0.33
1971 0.40
1972 0.37
1973 0.35
1974 0.38
1975 0.35
1976 0.36
1977 0.38
1978 0.35
1979 0.31
1980 0.39
1981 0.38
1982 0.34
1983 0.37
1984 0.37
1985 0.37
1986 0.34
1987 0.36
1988 0.41
1989 0.43
1990 0.32
1991 0.31
1992 0.32
1993 0.23
1994 0.38
1995 0.36
1996 0.38
1997 0.40
1998 0.36
1999 0.35
2000 0.02
2001 0.06
2002 0.13
2003 0.15
2004 0.17
2005 0.22
2006 0.23
2007 0.26
2008 0.19
2009 0.25
2010 0.29
2011 0.34
2012 0.32
2013 0.29
2014 0.36
2015 0.35
2016 0.32
2017 0.37
2018 0.30
2019 0.35
2020 0.36
2021 0.31
2022 0.30
2023 0.35
2024 0.34
2025 0.36
2026 0.35
2027 0.30
2028 0.31
2029 0.33
2030 0.38
2031 0.33
2032 0.30
2033 0.39
2034 0.34
2035 0.34
2036 0.32
2037 0.38
2038 0.33
2039 0.30
2040 0.33
2041 0.30
2042 0.38
2043 0.26
2044 0.36
2045 0.34
2046 0.32
2047 0.33
2048 0.33
2049 0.39
2050 0.41
2051 0.37
2052 0.37
2053 0.31
2054 0.40
2055 0.34
2056 0.36
2057 0.33
2058 0.37
2059 0.33
2060 0.38
2061 0.35
2062 0.39
2063 0.36
2064 0.41
2065 0.39
2066 0.34
2067 0.30
2068 0.33
2069 0.28
2070 0.39
2071 0.32
2072 0.39
2073 0.37
2074 0.37
2075 0.33
2076 0.38
2077 0.35
2078 0.36
2079 0.33
2080 0.37
2081 0.39
2082 0.38
2083 0.38
2084 0.40
2085 0.35
2086 0.39
2087 0.39
2088 0.42
2089 0.42
2090 0.37
2091 0.40
2092 0.38
2093 0.41
2094 0.36
2095 0.40
2096 0.27
2097 0.43
2098 0.39
2099 0.40
2100 0.43
2101 0.32
2102 0.43
2103 0.41
2104 0.38
2105 0.44
2106 0.39
2107 0.35
2108 0.39
2109 0.35
2110 0.39
2111 0.31
2112 0.41
2113 0.42
2114 0.41
2115 0.41
2116 0.32
2117 0.38
2118 0.36
2119 0.36
2120 0.41
2121 0.38
2122 0.39
2123 0.39
2124 0.43
2125 0.34
2126 0.40
2127 0.30
2128 0.35
2129 0.38
2130 0.40
2131 0.35
2132 0.38
2133 0.33
2134 0.34
2135 0.30
2136 0.41
2137 0.37
2138 0.39
2139 0.37
2140 0.35
2141 0.41
2142 0.38
2143 0.37
2144 0.37
2145 0.32
2146 0.35
2147 0.34
2148 0.39
2149 0.33
2150 0.40
2151 0.32
2152 0.36
2153 0.35
2154 0.33
2155 0.37
2156 0.34
2157 0.38
2158 0.41
2159 0.44
2160 0.38
2161 0.36
2162 0.37
2163 0.42
2164 0.38
2165 0.39
2166 0.37
2167 0.37
2168 0.35
2169 0.39
2170 0.38
2171 0.38
2172 0.37
2173 0.34
2174 0.38
2175 0.37
2176 0.33
2177 0.37
2178 0.32
2179 0.35
2180 0.36
2181 0.33
2182 0.36
2183 0.36
2184 0.40
2185 0.36
2186 0.37
2187 0.39
2188 0.36
2189 0.38
2190 0.37
2191 0.39
2192 0.42
2193 0.38
2194 0.34
2195 0.33
2196 0.38
2197 0.34
2198 0.35
2199 0.37
2200 0.29
2201 0.34
2202 0.38
2203 0.38
2204 0.40
2205 0.38
2206 0.33
2207 0.36
2208 0.42
2209 0.37
2210 0.41
2211 0.38
2212 0.39
2213 0.35
2214 0.40
2215 0.40
2216 0.41
2217 0.38
2218 0.41
2219 0.36
2220 0.37
2221 0.38
2222 0.37
2223 0.41
2224 0.33
2225 0.42
2226 0.37
2227 0.42
2228 0.39
2229 0.33
2230 0.35
2231 0.32
2232 0.34
2233 0.40
2234 0.37
2235 0.36
2236 0.40
2237 0.36
2238 0.38
2239 0.35
2240 0.33
2241 0.37
2242 0.41
2243 0.41
2244 0.38
2245 0.36
2246 0.34
2247 0.40
2248 0.40
2249 0.44
2250 0.39
2251 0.31
2252 0.36
2253 0.37
2254 0.38
2255 0.37
2256 0.39
2257 0.42
2258 0.39
2259 0.38
2260 0.39
2261 0.32
2262 0.32
2263 0.38
2264 0.43
2265 0.40
2266 0.32
2267 0.41
2268 0.41
2269 0.35
2270 0.38
2271 0.41
2272 0.44
2273 0.40
2274 0.35
2275 0.38
2276 0.34
2277 0.39
2278 0.39
2279 0.43
2280 0.38
2281 0.32
2282 0.36
2283 0.37
2284 0.43
2285 0.35
2286 0.39
2287 0.37
2288 0.39
2289 0.35
2290 0.41
2291 0.40
2292 0.33
2293 0.31
2294 0.33
2295 0.37
2296 0.32
2297 0.38
2298 0.41
2299 0.32
2300 0.32
2301 0.30
2302 0.32
2303 0.34
2304 0.37
2305 0.33
2306 0.37
2307 0.35
2308 0.38
2309 0.43
2310 0.40
2311 0.39
2312 0.43
2313 0.37
2314 0.36
2315 0.38
2316 0.38
2317 0.37
2318 0.38
2319 0.37
2320 0.40
2321 0.37
2322 0.36
2323 0.33
2324 0.38
2325 0.38
2326 0.39
2327 0.39
2328 0.42
2329 0.41
2330 0.38
2331 0.39
2332 0.40
2333 0.42
2334 0.37
2335 0.33
2336 0.40
2337 0.36
2338 0.38
2339 0.42
2340 0.42
2341 0.38
2342 0.37
2343 0.42
2344 0.32
2345 0.38
2346 0.34
2347 0.38
2348 0.36
2349 0.41
2350 0.39
2351 0.41
2352 0.37
2353 0.34
2354 0.38
2355 0.42
2356 0.39
2357 0.30
2358 0.39
2359 0.36
2360 0.42
2361 0.36
2362 0.35
2363 0.40
2364 0.41
2365 0.33
2366 0.37
2367 0.37
2368 0.37
2369 0.40
2370 0.40
2371 0.43
2372 0.37
2373 0.37
2374 0.42
2375 0.36
2376 0.34
2377 0.39
2378 0.34
2379 0.35
2380 0.34
2381 0.41
2382 0.41
2383 0.41
2384 0.30
2385 0.39
2386 0.39
2387 0.31
2388 0.35
2389 0.36
2390 0.38
2391 0.35
2392 0.38
2393 0.31
2394 0.38
2395 0.37
2396 0.42
2397 0.38
2398 0.36
2399 0.34
2400 0.38
2401 0.38
2402 0.40
2403 0.35
2404 0.41
2405 0.39
2406 0.38
2407 0.38
2408 0.32
2409 0.40
2410 0.32
2411 0.33
2412 0.35
2413 0.26
2414 0.37
2415 0.36
2416 0.36
2417 0.32
2418 0.34
2419 0.34
2420 0.38
2421 0.37
2422 0.36
2423 0.36
2424 0.35
2425 0.26
2426 0.36
2427 0.33
2428 0.30
2429 0.38
2430 0.37
2431 0.34
2432 0.33
2433 0.30
2434 0.40
2435 0.36
2436 0.37
2437 0.31
2438 0.34
2439 0.35
2440 0.34
2441 0.34
2442 0.30
2443 0.34
2444 0.31
2445 0.38
2446 0.36
2447 0.37
2448 0.36
2449 0.38
2450 0.36
2451 0.42
2452 0.38
2453 0.37
2454 0.37
2455 0.40
2456 0.32
2457 0.39
2458 0.34
2459 0.33
2460 0.35
2461 0.34
2462 0.27
2463 0.30
2464 0.36
2465 0.33
2466 0.41
2467 0.36
2468 0.35
2469 0.36
2470 0.35
2471 0.32
2472 0.37
2473 0.37
2474 0.37
2475 0.35
2476 0.38
2477 0.38
2478 0.36
2479 0.33
2480 0.39
2481 0.37
2482 0.42
2483 0.41
2484 0.27
2485 0.32
2486 0.38
2487 0.37
2488 0.36
2489 0.38
2490 0.28
2491 0.34
2492 0.35
2493 0.37
2494 0.35
2495 0.35
2496 0.33
2497 0.31
2498 0.34
2499 0.36
2500 0.35
2501 0.35
2502 0.35
2503 0.32
2504 0.35
2505 0.33
2506 0.41
2507 0.31
2508 0.35
2509 0.40
2510 0.36
2511 0.30
2512 0.34
2513 0.31
2514 0.29
2515 0.30
2516 0.34
2517 0.36
2518 0.35
2519 0.35
2520 0.36
2521 0.35
2522 0.38
2523 0.39
2524 0.35
2525 0.32
2526 0.38
2527 0.36
2528 0.32
2529 0.40
2530 0.33
2531 0.34
2532 0.35
2533 0.32
2534 0.36
2535 0.37
2536 0.39
2537 0.41
2538 0.31
2539 0.40
2540 0.43
2541 0.38
2542 0.37
2543 0.31
2544 0.39
2545 0.39
2546 0.38
2547 0.36
2548 0.34
2549 0.41
2550 0.38
2551 0.41
2552 0.40
2553 0.41
2554 0.38
2555 0.36
2556 0.36
2557 0.39
2558 0.40
2559 0.39
2560 0.40
2561 0.41
2562 0.39
2563 0.37
2564 0.38
2565 0.40
2566 0.37
2567 0.40
2568 0.36
2569 0.37
2570 0.31
2571 0.33
2572 0.33
2573 0.32
2574 0.34
2575 0.39
2576 0.40
2577 0.35
2578 0.33
2579 0.31
2580 0.35
2581 0.40
2582 0.38
2583 0.38
2584 0.38
2585 0.34
2586 0.32
2587 0.33
2588 0.31
2589 0.32
2590 0.36
2591 0.33
2592 0.36
2593 0.38
2594 0.39
2595 0.37
2596 0.40
2597 0.35
2598 0.34
2599 0.35
2600 0.39
2601 0.40
2602 0.41
2603 0.32
2604 0.42
2605 0.39
2606 0.36
2607 0.41
2608 0.37
2609 0.40
2610 0.35
2611 0.34
2612 0.35
2613 0.35
2614 0.39
2615 0.30
2616 0.30
2617 0.32
2618 0.32
2619 0.37
2620 0.38
2621 0.40
2622 0.35
2623 0.30
2624 0.38
2625 0.34
2626 0.39
2627 0.37
2628 0.39
2629 0.38
2630 0.35
2631 0.35
2632 0.40
2633 0.37
2634 0.36
2635 0.35
2636 0.38
2637 0.34
2638 0.40
2639 0.32
2640 0.33
2641 0.38
2642 0.35
2643 0.34
2644 0.39
2645 0.37
2646 0.34
2647 0.31
2648 0.33
2649 0.40
2650 0.40
2651 0.35
2652 0.41
2653 0.35
2654 0.28
2655 0.38
2656 0.38
2657 0.39
2658 0.36
2659 0.37
2660 0.37
2661 0.34
2662 0.38
2663 0.40
2664 0.35
2665 0.37
2666 0.38
2667 0.35
2668 0.38
2669 0.36
2670 0.34
2671 0.36
2672 0.39
2673 0.38
2674 0.40
2675 0.36
2676 0.37
2677 0.39
2678 0.39
2679 0.33
2680 0.40
2681 0.31
2682 0.36
2683 0.33
2684 0.36
2685 0.42
2686 0.39
2687 0.35
2688 0.38
2689 0.35
2690 0.37
2691 0.33
2692 0.37
2693 0.38
2694 0.39
2695 0.36
2696 0.39
2697 0.36
2698 0.39
2699 0.39
2700 0.39
2701 0.31
2702 0.36
2703 0.38
2704 0.39
2705 0.34
2706 0.39
2707 0.41
2708 0.38
2709 0.38
2710 0.38
2711 0.38
2712 0.38
2713 0.36
2714 0.37
2715 0.28
2716 0.34
2717 0.33
2718 0.38
2719 0.31
2720 0.29
2721 0.33
2722 0.34
2723 0.36
2724 0.35
2725 0.31
2726 0.36
2727 0.30
2728 0.37
2729 0.37
2730 0.35
2731 0.32
2732 0.34
2733 0.30
2734 0.31
2735 0.35
2736 0.32
2737 0.35
2738 0.33
2739 0.31
2740 0.33
2741 0.34
2742 0.34
2743 0.33
2744 0.36
2745 0.35
2746 0.35
2747 0.30
2748 0.36
2749 0.34
2750 0.36
2751 0.39
2752 0.35
2753 0.40
2754 0.34
2755 0.37
2756 0.37
2757 0.42
2758 0.41
2759 0.37
2760 0.39
2761 0.39
2762 0.38
2763 0.39
2764 0.39
2765 0.36
2766 0.35
2767 0.30
2768 0.32
2769 0.36
2770 0.33
2771 0.37
2772 0.40
2773 0.31
2774 0.33
2775 0.38
2776 0.36
2777 0.37
2778 0.29
2779 0.32
2780 0.30
2781 0.37
2782 0.33
2783 0.35
2784 0.35
2785 0.30
2786 0.31
2787 0.32
2788 0.31
2789 0.39
2790 0.37
2791 0.34
2792 0.34
2793 0.34
2794 0.30
2795 0.35
2796 0.31
2797 0.35
2798 0.39
2799 0.39
2800 0.43
2801 0.36
2802 0.39
2803 0.44
2804 0.41
2805 0.40
2806 0.36
2807 0.36
2808 0.33
2809 0.37
2810 0.39
2811 0.39
2812 0.39
2813 0.42
2814 0.32
2815 0.35
2816 0.34
2817 0.36
2818 0.39
2819 0.38
2820 0.28
2821 0.39
2822 0.35
2823 0.30
2824 0.40
2825 0.34
2826 0.34
2827 0.33
2828 0.37
2829 0.37
2830 0.37
2831 0.35
2832 0.32
2833 0.35
2834 0.35
2835 0.35
2836 0.37
2837 0.30
2838 0.27
2839 0.38
2840 0.38
2841 0.34
2842 0.36
2843 0.36
2844 0.37
2845 0.38
2846 0.34
2847 0.37
2848 0.33
2849 0.33
2850 0.35
2851 0.34
2852 0.35
2853 0.35
2854 0.34
2855 0.28
2856 0.36
2857 0.34
2858 0.35
2859 0.33
2860 0.36
2861 0.38
2862 0.38
2863 0.35
2864 0.34
2865 0.31
2866 0.36
2867 0.39
2868 0.34
2869 0.32
2870 0.34
2871 0.37
2872 0.38
2873 0.34
2874 0.32
2875 0.34
2876 0.42
2877 0.40
2878 0.39
2879 0.39
2880 0.38
2881 0.34
2882 0.37
2883 0.35
2884 0.36
2885 0.37
2886 0.40
2887 0.33
2888 0.31
2889 0.33
2890 0.37
2891 0.39
2892 0.35
2893 0.40
2894 0.38
2895 0.37
2896 0.40
2897 0.34
2898 0.40
2899 0.39
2900 0.35
2901 0.31
2902 0.39
2903 0.35
2904 0.34
2905 0.40
2906 0.33
2907 0.36
2908 0.36
2909 0.34
2910 0.36
2911 0.33
2912 0.34
2913 0.37
2914 0.38
2915 0.33
2916 0.37
2917 0.37
2918 0.35
2919 0.41
2920 0.39
2921 0.41
2922 0.37
2923 0.33
2924 0.38
2925 0.35
2926 0.31
2927 0.34
2928 0.36
2929 0.30
2930 0.32
2931 0.37
2932 0.33
2933 0.36
2934 0.37
2935 0.33
2936 0.34
2937 0.35
2938 0.32
2939 0.34
2940 0.34
2941 0.33
2942 0.39
2943 0.35
2944 0.35
2945 0.41
2946 0.39
2947 0.36
2948 0.35
2949 0.40
2950 0.35
2951 0.32
2952 0.30
2953 0.36
2954 0.36
2955 0.39
2956 0.34
2957 0.37
2958 0.39
2959 0.37
2960 0.36
2961 0.39
2962 0.38
2963 0.31
2964 0.40
2965 0.35
2966 0.40
2967 0.38
2968 0.38
2969 0.36
2970 0.38
2971 0.39
2972 0.34
2973 0.33
2974 0.40
2975 0.40
2976 0.38
2977 0.36
2978 0.33
2979 0.38
2980 0.32
2981 0.34
2982 0.33
2983 0.30
2984 0.31
2985 0.37
2986 0.34
2987 0.28
2988 0.38
2989 0.36
2990 0.37
2991 0.38
2992 0.27
2993 0.38
2994 0.37
2995 0.32
2996 0.33
2997 0.36
2998 0.33
2999 0.35
3000 0.25
3001 0.24
3002 0.22
3003 0.22
3004 0.27
3005 0.28
3006 0.23
3007 0.28
3008 0.28
3009 0.25
3010 0.24
3011 0.27
3012 0.26
3013 0.23
3014 0.26
3015 0.31
3016 0.32
3017 0.28
3018 0.30
3019 0.29
3020 0.33
3021 0.32
3022 0.27
3023 0.31
3024 0.34
3025 0.35
3026 0.35
3027 0.26
3028 0.37
3029 0.34
3030 0.30
3031 0.35
3032 0.35
3033 0.33
3034 0.33
3035 0.36
3036 0.27
3037 0.36
3038 0.35
3039 0.35
3040 0.28
3041 0.32
3042 0.35
3043 0.34
3044 0.28
3045 0.33
3046 0.27
3047 0.32
3048 0.30
3049 0.31
3050 0.33
3051 0.35
3052 0.30
3053 0.34
3054 0.32
3055 0.34
3056 0.34
3057 0.31
3058 0.37
3059 0.32
3060 0.30
3061 0.33
3062 0.32
3063 0.28
3064 0.33
3065 0.29
3066 0.29
3067 0.32
3068 0.26
3069 0.32
3070 0.35
3071 0.35
3072 0.33
3073 0.35
3074 0.29
3075 0.31
3076 0.35
3077 0.38
3078 0.35
3079 0.36
3080 0.29
3081 0.34
3082 0.37
3083 0.37
3084 0.35
3085 0.35
3086 0.39
3087 0.37
3088 0.37
3089 0.37
3090 0.34
3091 0.40
3092 0.37
3093 0.39
3094 0.41
3095 0.32
3096 0.36
3097 0.37
3098 0.31
3099 0.36
3100 0.36
3101 0.31
3102 0.37
3103 0.36
3104 0.38
3105 0.34
3106 0.38
3107 0.38
3108 0.29
3109 0.39
3110 0.36
3111 0.35
3112 0.36
3113 0.36
3114 0.39
3115 0.35
3116 0.39
3117 0.34
3118 0.37
3119 0.39
3120 0.34
3121 0.41
3122 0.38
3123 0.37
3124 0.38
3125 0.33
3126 0.38
3127 0.38
3128 0.36
3129 0.35
3130 0.38
3131 0.34
3132 0.42
3133 0.30
3134 0.42
3135 0.32
3136 0.28
3137 0.39
3138 0.35
3139 0.40
3140 0.37
3141 0.34
3142 0.40
3143 0.36
3144 0.35
3145 0.38
3146 0.37
3147 0.37
3148 0.35
3149 0.36
3150 0.34
3151 0.39
3152 0.37
3153 0.35
3154 0.38
3155 0.40
3156 0.40
3157 0.37
3158 0.39
3159 0.42
3160 0.38
3161 0.38
3162 0.30
3163 0.37
3164 0.34
3165 0.38
3166 0.41
3167 0.39
3168 0.36
3169 0.37
3170 0.38
3171 0.40
3172 0.38
3173 0.34
3174 0.33
3175 0.38
3176 0.36
3177 0.36
3178 0.34
3179 0.34
3180 0.33
3181 0.37
3182 0.37
3183 0.34
3184 0.40
3185 0.34
3186 0.34
3187 0.38
3188 0.38
3189 0.33
3190 0.32
3191 0.39
3192 0.37
3193 0.37
3194 0.34
3195 0.36
3196 0.37
3197 0.37
3198 0.39
3199 0.35
3200 0.34
3201 0.39
3202 0.38
3203 0.35
3204 0.36
3205 0.37
3206 0.34
3207 0.40
3208 0.39
3209 0.33
3210 0.38
3211 0.34
3212 0.38
3213 0.36
3214 0.34
3215 0.37
3216 0.40
3217 0.34
3218 0.35
3219 0.39
3220 0.37
3221 0.30
3222 0.38
3223 0.37
3224 0.37
3225 0.37
3226 0.36
3227 0.35
3228 0.26
3229 0.32
3230 0.35
3231 0.34
3232 0.32
3233 0.32
3234 0.33
3235 0.35
3236 0.37
3237 0.36
3238 0.37
3239 0.33
3240 0.36
3241 0.35
3242 0.32
3243 0.37
3244 0.38
3245 0.34
3246 0.36
3247 0.32
3248 0.29
3249 0.30
3250 0.34
3251 0.35
3252 0.29
3253 0.37
3254 0.38
3255 0.36
3256 0.35
3257 0.37
3258 0.37
3259 0.34
3260 0.38
3261 0.38
3262 0.38
3263 0.39
3264 0.37
3265 0.35
3266 0.38
3267 0.34
3268 0.34
3269 0.34
3270 0.38
3271 0.28
3272 0.30
3273 0.35
3274 0.30
3275 0.38
3276 0.38
3277 0.30
3278 0.37
3279 0.37
3280 0.35
3281 0.35
3282 0.32
3283 0.37
3284 0.35
3285 0.27
3286 0.32
3287 0.34
3288 0.26
3289 0.31
3290 0.34
3291 0.40
3292 0.35
3293 0.34
3294 0.35
3295 0.36
3296 0.37
3297 0.35
3298 0.35
3299 0.33
3300 0.33
3301 0.31
3302 0.32
3303 0.36
3304 0.39
3305 0.37
3306 0.37
3307 0.39
3308 0.35
3309 0.37
3310 0.40
3311 0.37
3312 0.37
3313 0.31
3314 0.36
3315 0.35
3316 0.37
3317 0.32
3318 0.35
3319 0.32
3320 0.35
3321 0.38
3322 0.38
3323 0.38
3324 0.31
3325 0.39
3326 0.30
3327 0.37
3328 0.32
3329 0.36
3330 0.36
3331 0.36
3332 0.39
3333 0.39
3334 0.36
3335 0.36
3336 0.32
3337 0.31
3338 0.40
3339 0.34
3340 0.40
3341 0.35
3342 0.34
3343 0.35
3344 0.38
3345 0.35
3346 0.31
3347 0.41
3348 0.39
3349 0.30
3350 0.39
3351 0.39
3352 0.36
3353 0.38
3354 0.40
3355 0.33
3356 0.34
3357 0.34
3358 0.37
3359 0.34
3360 0.40
3361 0.39
3362 0.34
3363 0.35
3364 0.34
3365 0.30
3366 0.39
3367 0.39
3368 0.39
3369 0.35
3370 0.37
3371 0.38
3372 0.34
3373 0.37
3374 0.36
3375 0.38
3376 0.41
3377 0.37
3378 0.36
3379 0.31
3380 0.36
3381 0.37
3382 0.33
3383 0.36
3384 0.36
3385 0.33
3386 0.38
3387 0.37
3388 0.41
3389 0.36
3390 0.28
3391 0.37
3392 0.39
3393 0.32
3394 0.31
3395 0.32
3396 0.36
3397 0.32
3398 0.29
3399 0.37
3400 0.40
3401 0.41
3402 0.41
3403 0.33
3404 0.39
3405 0.37
3406 0.34
3407 0.34
3408 0.40
3409 0.39
3410 0.40
3411 0.36
3412 0.37
3413 0.33
3414 0.35
3415 0.33
3416 0.36
3417 0.35
3418 0.38
3419 0.33
3420 0.37
3421 0.37
3422 0.39
3423 0.34
3424 0.41
3425 0.37
3426 0.41
3427 0.33
3428 0.34
3429 0.35
3430 0.37
3431 0.36
3432 0.38
3433 0.35
3434 0.38
3435 0.41
3436 0.34
3437 0.40
3438 0.33
3439 0.36
3440 0.34
3441 0.40
3442 0.33
3443 0.33
3444 0.39
3445 0.37
3446 0.37
3447 0.39
3448 0.35
3449 0.36
3450 0.32
3451 0.30
3452 0.35
3453 0.36
3454 0.34
3455 0.35
3456 0.34
3457 0.38
3458 0.39
3459 0.33
3460 0.39
3461 0.39
3462 0.37
3463 0.38
3464 0.39
3465 0.36
3466 0.43
3467 0.39
3468 0.37
3469 0.35
3470 0.32
3471 0.39
3472 0.37
3473 0.38
3474 0.39
3475 0.37
3476 0.39
3477 0.31
3478 0.39
3479 0.39
3480 0.35
3481 0.30
3482 0.37
3483 0.36
3484 0.38
3485 0.41
3486 0.38
3487 0.36
3488 0.37
3489 0.36
3490 0.31
3491 0.31
3492 0.38
3493 0.33
3494 0.39
3495 0.37
3496 0.39
3497 0.39
3498 0.41
3499 0.41
3500 0.35
3501 0.37
3502 0.37
3503 0.40
3504 0.36
3505 0.37
3506 0.39
3507 0.39
3508 0.33
3509 0.33
3510 0.30
3511 0.36
3512 0.34
3513 0.31
3514 0.38
3515 0.34
3516 0.36
3517 0.40
3518 0.37
3519 0.33
3520 0.34
3521 0.38
3522 0.32
3523 0.35
3524 0.34
3525 0.40
3526 0.38
3527 0.35
3528 0.33
3529 0.40
3530 0.36
3531 0.37
3532 0.37
3533 0.34
3534 0.40
3535 0.37
3536 0.38
3537 0.31
3538 0.35
3539 0.31
3540 0.34
3541 0.39
3542 0.36
3543 0.36
3544 0.38
3545 0.32
3546 0.33
3547 0.37
3548 0.36
3549 0.35
3550 0.33
3551 0.29
3552 0.37
3553 0.36
3554 0.32
3555 0.36
3556 0.33
3557 0.34
3558 0.39
3559 0.35
3560 0.38
3561 0.38
3562 0.38
3563 0.31
3564 0.34
3565 0.38
3566 0.32
3567 0.36
3568 0.34
3569 0.31
3570 0.32
3571 0.38
3572 0.39
3573 0.38
3574 0.31
3575 0.33
3576 0.36
3577 0.35
3578 0.29
3579 0.36
3580 0.33
3581 0.33
3582 0.40
3583 0.32
3584 0.24
3585 0.36
3586 0.35
3587 0.34
3588 0.32
3589 0.36
3590 0.37
3591 0.35
3592 0.36
3593 0.36
3594 0.36
3595 0.39
3596 0.36
3597 0.40
3598 0.37
3599 0.31
3600 0.40
3601 0.38
3602 0.43
3603 0.41
3604 0.39
3605 0.42
3606 0.38
3607 0.37
3608 0.35
3609 0.37
3610 0.38
3611 0.36
3612 0.39
3613 0.34
3614 0.38
3615 0.31
3616 0.37
3617 0.37
3618 0.35
3619 0.31
3620 0.29
3621 0.36
3622 0.32
3623 0.32
3624 0.30
3625 0.33
3626 0.36
3627 0.38
3628 0.34
3629 0.37
3630 0.35
3631 0.37
3632 0.34
3633 0.36
3634 0.39
3635 0.37
3636 0.33
3637 0.35
3638 0.34
3639 0.38
3640 0.37
3641 0.37
3642 0.38
3643 0.35
3644 0.38
3645 0.38
3646 0.31
3647 0.38
3648 0.39
3649 0.38
3650 0.34
3651 0.31
3652 0.29
3653 0.33
3654 0.36
3655 0.33
3656 0.34
3657 0.38
3658 0.36
3659 0.39
3660 0.36
3661 0.36
3662 0.36
3663 0.38
3664 0.29
3665 0.38
3666 0.33
3667 0.36
3668 0.38
3669 0.36
3670 0.35
3671 0.39
3672 0.44
3673 0.36
3674 0.35
3675 0.35
3676 0.40
3677 0.34
3678 0.35
3679 0.36
3680 0.34
3681 0.36
3682 0.37
3683 0.39
3684 0.40
3685 0.41
3686 0.36
3687 0.32
3688 0.36
3689 0.35
3690 0.36
3691 0.40
3692 0.38
3693 0.35
3694 0.40
3695 0.40
3696 0.36
3697 0.39
3698 0.36
3699 0.38
3700 0.38
3701 0.38
3702 0.38
3703 0.38
3704 0.39
3705 0.39
3706 0.34
3707 0.36
3708 0.40
3709 0.36
3710 0.42
3711 0.42
3712 0.38
3713 0.34
3714 0.38
3715 0.27
3716 0.33
3717 0.33
3718 0.39
3719 0.38
3720 0.32
3721 0.36
3722 0.39
3723 0.41
3724 0.37
3725 0.37
3726 0.36
3727 0.37
3728 0.33
3729 0.33
3730 0.39
3731 0.39
3732 0.40
3733 0.33
3734 0.37
3735 0.38
3736 0.35
3737 0.36
3738 0.37
3739 0.40
3740 0.38
3741 0.37
3742 0.36
3743 0.37
3744 0.36
3745 0.37
3746 0.38
3747 0.37
3748 0.40
3749 0.40
3750 0.38
3751 0.41
3752 0.35
3753 0.31
3754 0.39
3755 0.36
3756 0.40
3757 0.36
3758 0.35
3759 0.31
3760 0.31
3761 0.35
3762 0.31
3763 0.39
3764 0.36
3765 0.40
3766 0.40
3767 0.39
3768 0.37
3769 0.40
3770 0.38
3771 0.39
3772 0.35
3773 0.41
3774 0.42
3775 0.36
3776 0.33
3777 0.36
3778 0.39
3779 0.36
3780 0.38
3781 0.38
3782 0.37
3783 0.34
3784 0.38
3785 0.40
3786 0.36
3787 0.36
3788 0.38
3789 0.40
3790 0.36
3791 0.31
3792 0.40
3793 0.36
3794 0.40
3795 0.34
3796 0.40
3797 0.38
3798 0.33
3799 0.35
3800 0.36
3801 0.35
3802 0.41
3803 0.37
3804 0.42
3805 0.40
3806 0.42
3807 0.40
3808 0.33
3809 0.32
3810 0.30
3811 0.31
3812 0.38
3813 0.36
3814 0.34
3815 0.39
3816 0.38
3817 0.33
3818 0.34
3819 0.36
3820 0.36
3821 0.42
3822 0.38
3823 0.33
3824 0.37
3825 0.38
3826 0.31
3827 0.36
3828 0.36
3829 0.37
3830 0.37
3831 0.39
3832 0.32
3833 0.37
3834 0.38
3835 0.40
3836 0.40
3837 0.34
3838 0.33
3839 0.37
3840 0.34
3841 0.32
3842 0.39
3843 0.30
3844 0.34
3845 0.36
3846 0.36
3847 0.33
3848 0.36
3849 0.35
3850 0.36
3851 0.36
3852 0.34
3853 0.35
3854 0.35
3855 0.35
3856 0.33
3857 0.38
3858 0.38
3859 0.34
3860 0.38
3861 0.38
3862 0.36
3863 0.34
3864 0.33
3865 0.34
3866 0.33
3867 0.37
3868 0.37
3869 0.34
3870 0.34
3871 0.34
3872 0.36
3873 0.34
3874 0.32
3875 0.37
3876 0.35
3877 0.33
3878 0.33
3879 0.35
3880 0.35
3881 0.36
3882 0.31
3883 0.31
3884 0.36
3885 0.35
3886 0.38
3887 0.35
3888 0.39
3889 0.39
3890 0.35
3891 0.36
3892 0.33
3893 0.37
3894 0.39
3895 0.31
3896 0.42
3897 0.38
3898 0.35
3899 0.35
3900 0.38
3901 0.43
3902 0.40
3903 0.40
3904 0.37
3905 0.37
3906 0.34
3907 0.34
3908 0.34
3909 0.38
3910 0.35
3911 0.39
3912 0.38
3913 0.37
3914 0.34
3915 0.37
3916 0.37
3917 0.40
3918 0.38
3919 0.36
3920 0.41
3921 0.36
3922 0.37
3923 0.36
3924 0.36
3925 0.41
3926 0.29
3927 0.35
3928 0.38
3929 0.35
3930 0.38
3931 0.40
3932 0.35
3933 0.37
3934 0.30
3935 0.36
3936 0.37
3937 0.37
3938 0.31
3939 0.39
3940 0.37
3941 0.31
3942 0.37
3943 0.38
3944 0.33
3945 0.40
3946 0.37
3947 0.40
3948 0.35
3949 0.39
3950 0.37
3951 0.35
3952 0.34
3953 0.33
3954 0.38
3955 0.36
3956 0.26
3957 0.35
3958 0.37
3959 0.38
3960 0.36
3961 0.37
3962 0.38
3963 0.39
3964 0.30
3965 0.40
3966 0.36
3967 0.38
3968 0.39
3969 0.39
3970 0.38
3971 0.38
3972 0.39
3973 0.41
3974 0.39
3975 0.40
3976 0.37
3977 0.37
3978 0.34
3979 0.35
3980 0.40
3981 0.30
3982 0.41
3983 0.38
3984 0.40
3985 0.41
3986 0.40
3987 0.38
3988 0.40
3989 0.37
3990 0.40
3991 0.41
3992 0.35
3993 0.41
3994 0.35
3995 0.35
3996 0.37
3997 0.36
3998 0.39
3999 0.32
