0 307.00
1 298.00
2 353.00
3 329.00
4 361.00
5 330.00
6 367.00
7 347.00
8 356.00
9 311.00
10 323.00
11 320.00
12 337.00
13 333.00
14 288.00
15 271.00
16 293.00
17 312.00
18 289.00
19 279.00
20 271.00
21 340.00
22 267.00
23 284.00
24 320.00
25 278.00
26 274.00
27 287.00
28 276.00
29 291.00
30 305.00
31 313.00
32 262.00
33 295.00
34 330.00
35 293.00
36 317.00
37 277.00
38 335.00
39 344.00
40 293.00
41 284.00
42 336.00
43 267.00
44 280.00
45 335.00
46 359.00
47 329.00
48 344.00
49 324.00
50 362.00
51 305.00
52 353.00
53 315.00
54 344.00
55 351.00
56 368.00
57 308.00
58 305.00
59 366.00
60 356.00
61 352.00
62 330.00
63 308.00
64 355.00
65 381.00
66 276.00
67 324.00
68 314.00
69 327.00
70 309.00
71 304.00
72 300.00
73 299.00
74 344.00
75 342.00
76 337.00
77 312.00
78 365.00
79 345.00
80 319.00
81 345.00
82 325.00
83 283.00
84 299.00
85 310.00
86 360.00
87 352.00
88 275.00
89 288.00
90 296.00
91 327.00
92 348.00
93 305.00
94 329.00
95 335.00
96 295.00
97 361.00
98 303.00
99 316.00
100 300.00
101 325.00
102 341.00
103 298.00
104 286.00
105 309.00
106 269.00
107 302.00
108 270.00
109 307.00
110 265.00
111 253.00
112 308.00
113 281.00
114 284.00
115 313.00
116 282.00
117 305.00
118 310.00
119 297.00
120 316.00
121 332.00
122 341.00
123 336.00
124 321.00
125 343.00
126 352.00
127 311.00
128 267.00
129 319.00
130 350.00
131 261.00
132 333.00
133 317.00
134 332.00
135 315.00
136 337.00
137 304.00
138 264.00
139 269.00
140 376.00
141 311.00
142 271.00
143 309.00
144 274.00
145 314.00
146 296.00
147 318.00
148 336.00
149 340.00
150 340.00
151 357.00
152 297.00
153 274.00
154 366.00
155 292.00
156 333.00
157 286.00
158 264.00
159 284.00
160 339.00
161 300.00
162 328.00
163 293.00
164 302.00
165 311.00
166 335.00
167 330.00
168 330.00
169 333.00
170 321.00
171 317.00
172 345.00
173 331.00
174 316.00
175 304.00
176 345.00
177 332.00
178 330.00
179 299.00
180 317.00
181 325.00
182 289.00
183 302.00
184 278.00
185 288.00
186 274.00
187 265.00
188 284.00
189 263.00
190 341.00
191 282.00
192 298.00
193 296.00
194 298.00
195 289.00
196 340.00
197 280.00
198 345.00
199 344.00
200 360.00
201 348.00
202 358.00
203 385.00
204 385.00
205 364.00
206 389.00
207 374.00
208 374.00
209 343.00
210 367.00
211 331.00
212 361.00
213 372.00
214 316.00
215 297.00
216 341.00
217 349.00
218 355.00
219 301.00
220 296.00
221 343.00
222 287.00
223 299.00
224 350.00
225 311.00
226 314.00
227 328.00
228 310.00
229 310.00
230 315.00
231 325.00
232 283.00
233 325.00
234 334.00
235 299.00
236 315.00
237 311.00
238 321.00
239 331.00
240 344.00
241 363.00
242 345.00
243 326.00
244 348.00
245 352.00
246 343.00
247 352.00
248 341.00
249 353.00
250 344.00
251 330.00
252 362.00
253 351.00
254 376.00
255 375.00
256 376.00
257 342.00
258 331.00
259 372.00
260 357.00
261 369.00
262 347.00
263 356.00
264 361.00
265 376.00
266 328.00
267 356.00
268 352.00
269 368.00
270 349.00
271 331.00
272 340.00
273 362.00
274 356.00
275 364.00
276 379.00
277 352.00
278 361.00
279 364.00
280 384.00
281 391.00
282 362.00
283 331.00
284 362.00
285 349.00
286 403.00
287 375.00
288 349.00
289 361.00
290 352.00
291 337.00
292 389.00
293 358.00
294 358.00
295 351.00
296 334.00
297 346.00
298 333.00
299 352.00
300 321.00
301 334.00
302 323.00
303 328.00
304 333.00
305 320.00
306 309.00
307 313.00
308 310.00
309 320.00
310 296.00
311 298.00
312 308.00
313 302.00
314 302.00
315 303.00
316 317.00
317 315.00
318 335.00
319 315.00
320 325.00
321 328.00
322 371.00
323 340.00
324 337.00
325 363.00
326 367.00
327 346.00
328 341.00
329 362.00
330 369.00
331 315.00
332 375.00
333 366.00
334 381.00
335 366.00
336 374.00
337 353.00
338 340.00
339 331.00
340 363.00
341 386.00
342 347.00
343 348.00
344 323.00
345 364.00
346 352.00
347 377.00
348 356.00
349 371.00
350 376.00
351 396.00
352 287.00
353 301.00
354 392.00
355 322.00
356 343.00
357 295.00
358 304.00
359 302.00
360 391.00
361 342.00
362 316.00
363 327.00
364 327.00
365 314.00
366 344.00
367 324.00
368 366.00
369 344.00
370 345.00
371 319.00
372 329.00
373 337.00
374 314.00
375 332.00
376 365.00
377 327.00
378 332.00
379 327.00
380 345.00
381 344.00
382 315.00
383 338.00
384 323.00
385 332.00
386 323.00
387 323.00
388 341.00
389 330.00
390 376.00
391 367.00
392 359.00
393 352.00
394 354.00
395 346.00
396 396.00
397 339.00
398 376.00
399 366.00
400 380.00
401 374.00
402 376.00
403 401.00
404 410.00
405 397.00
406 376.00
407 418.00
408 410.00
409 348.00
410 337.00
411 387.00
412 366.00
413 389.00
414 322.00
415 336.00
416 373.00
417 379.00
418 374.00
419 364.00
420 342.00
421 362.00
422 323.00
423 365.00
424 366.00
425 364.00
426 358.00
427 362.00
428 308.00
429 374.00
430 373.00
431 373.00
432 303.00
433 373.00
434 352.00
435 339.00
436 375.00
437 317.00
438 357.00
439 348.00
440 360.00
441 372.00
442 373.00
443 340.00
444 372.00
445 405.00
446 375.00
447 376.00
448 385.00
449 387.00
450 388.00
451 346.00
452 364.00
453 381.00
454 375.00
455 407.00
456 410.00
457 363.00
458 351.00
459 396.00
460 387.00
461 375.00
462 360.00
463 322.00
464 378.00
465 377.00
466 333.00
467 363.00
468 377.00
469 367.00
470 337.00
471 305.00
472 370.00
473 347.00
474 382.00
475 377.00
476 397.00
477 356.00
478 374.00
479 390.00
480 406.00
481 415.00
482 394.00
483 364.00
484 368.00
485 366.00
486 404.00
487 375.00
488 329.00
489 362.00
490 355.00
491 367.00
492 391.00
493 366.00
494 360.00
495 385.00
496 338.00
497 373.00
498 327.00
499 338.00
500 349.00
501 362.00
502 339.00
503 345.00
504 323.00
505 342.00
506 315.00
507 299.00
508 310.00
509 339.00
510 277.00
511 325.00
512 345.00
513 306.00
514 294.00
515 333.00
516 359.00
517 339.00
518 382.00
519 335.00
520 362.00
521 375.00
522 401.00
523 380.00
524 367.00
525 404.00
526 397.00
527 388.00
528 352.00
529 389.00
530 406.00
531 326.00
532 405.00
533 388.00
534 406.00
535 387.00
536 395.00
537 396.00
538 368.00
539 329.00
540 411.00
541 394.00
542 386.00
543 388.00
544 355.00
545 385.00
546 390.00
547 394.00
548 399.00
549 403.00
550 403.00
551 397.00
552 397.00
553 346.00
554 415.00
555 389.00
556 389.00
557 352.00
558 320.00
559 373.00
560 393.00
561 368.00
562 361.00
563 363.00
564 341.00
565 337.00
566 343.00
567 347.00
568 345.00
569 382.00
570 361.00
571 318.00
572 375.00
573 379.00
574 332.00
575 325.00
576 410.00
577 360.00
578 360.00
579 345.00
580 394.00
581 399.00
582 340.00
583 342.00
584 338.00
585 353.00
586 351.00
587 339.00
588 334.00
589 324.00
590 399.00
591 357.00
592 357.00
593 362.00
594 378.00
595 391.00
596 419.00
597 330.00
598 371.00
599 396.00
600 392.00
601 375.00
602 422.00
603 406.00
604 440.00
605 389.00
606 436.00
607 413.00
608 409.00
609 379.00
610 396.00
611 397.00
612 408.00
613 407.00
614 348.00
615 333.00
616 378.00
617 381.00
618 371.00
619 331.00
620 338.00
621 395.00
622 335.00
623 327.00
624 400.00
625 358.00
626 329.00
627 362.00
628 340.00
629 362.00
630 345.00
631 340.00
632 325.00
633 379.00
634 364.00
635 331.00
636 362.00
637 361.00
638 366.00
639 396.00
640 403.00
641 383.00
642 421.00
643 373.00
644 396.00
645 396.00
646 417.00
647 408.00
648 398.00
649 413.00
650 412.00
651 370.00
652 397.00
653 385.00
654 408.00
655 418.00
656 419.00
657 378.00
658 369.00
659 419.00
660 403.00
661 413.00
662 377.00
663 376.00
664 411.00
665 408.00
666 364.00
667 378.00
668 398.00
669 396.00
670 376.00
671 353.00
672 377.00
673 372.00
674 392.00
675 399.00
676 412.00
677 366.00
678 409.00
679 390.00
680 406.00
681 417.00
682 400.00
683 354.00
684 383.00
685 388.00
686 423.00
687 394.00
688 369.00
689 394.00
690 374.00
691 380.00
692 405.00
693 384.00
694 388.00
695 375.00
696 351.00
697 396.00
698 354.00
699 388.00
700 343.00
701 338.00
702 373.00
703 349.00
704 342.00
705 334.00
706 314.00
707 345.00
708 329.00
709 338.00
710 320.00
711 337.00
712 353.00
713 327.00
714 324.00
715 339.00
716 347.00
717 365.00
718 372.00
719 373.00
720 378.00
721 405.00
722 408.00
723 387.00
724 385.00
725 412.00
726 417.00
727 395.00
728 380.00
729 426.00
730 405.00
731 344.00
732 397.00
733 402.00
734 409.00
735 392.00
736 401.00
737 385.00
738 368.00
739 347.00
740 394.00
741 391.00
742 369.00
743 389.00
744 351.00
745 392.00
746 380.00
747 381.00
748 374.00
749 381.00
750 392.00
751 414.00
752 389.00
753 346.00
754 414.00
755 384.00
756 403.00
757 358.00
758 322.00
759 366.00
760 409.00
761 364.00
762 392.00
763 383.00
764 356.00
765 376.00
766 371.00
767 363.00
768 381.00
769 403.00
770 388.00
771 365.00
772 384.00
773 362.00
774 362.00
775 378.00
776 416.00
777 395.00
778 397.00
779 368.00
780 386.00
781 396.00
782 347.00
783 372.00
784 362.00
785 387.00
786 366.00
787 363.00
788 374.00
789 365.00
790 421.00
791 386.00
792 386.00
793 388.00
794 382.00
795 382.00
796 401.00
797 355.00
798 412.00
799 412.00
800 400.00
801 372.00
802 426.00
803 411.00
804 445.00
805 406.00
806 427.00
807 422.00
808 417.00
809 381.00
810 393.00
811 395.00
812 418.00
813 426.00
814 346.00
815 341.00
816 407.00
817 402.00
818 384.00
819 340.00
820 339.00
821 410.00
822 326.00
823 357.00
824 426.00
825 374.00
826 351.00
827 395.00
828 341.00
829 392.00
830 376.00
831 383.00
832 314.00
833 396.00
834 392.00
835 332.00
836 360.00
837 346.00
838 394.00
839 400.00
840 386.00
841 382.00
842 413.00
843 381.00
844 407.00
845 394.00
846 419.00
847 409.00
848 399.00
849 410.00
850 412.00
851 356.00
852 374.00
853 388.00
854 408.00
855 415.00
856 418.00
857 382.00
858 367.00
859 412.00
860 392.00
861 407.00
862 377.00
863 384.00
864 404.00
865 401.00
866 362.00
867 365.00
868 381.00
869 387.00
870 376.00
871 338.00
872 374.00
873 371.00
874 383.00
875 393.00
876 405.00
877 371.00
878 400.00
879 401.00
880 416.00
881 417.00
882 416.00
883 340.00
884 352.00
885 371.00
886 421.00
887 404.00
888 357.00
889 384.00
890 356.00
891 375.00
892 400.00
893 375.00
894 381.00
895 379.00
896 341.00
897 385.00
898 343.00
899 386.00
900 342.00
901 362.00
902 395.00
903 362.00
904 343.00
905 375.00
906 333.00
907 341.00
908 335.00
909 371.00
910 320.00
911 359.00
912 369.00
913 343.00
914 338.00
915 372.00
916 355.00
917 389.00
918 369.00
919 389.00
920 389.00
921 411.00
922 405.00
923 389.00
924 384.00
925 410.00
926 398.00
927 387.00
928 373.00
929 419.00
930 397.00
931 344.00
932 408.00
933 406.00
934 413.00
935 395.00
936 409.00
937 406.00
938 374.00
939 346.00
940 398.00
941 397.00
942 388.00
943 395.00
944 367.00
945 405.00
946 393.00
947 414.00
948 398.00
949 396.00
950 397.00
951 416.00
952 400.00
953 358.00
954 408.00
955 389.00
956 415.00
957 378.00
958 317.00
959 367.00
960 392.00
961 348.00
962 380.00
963 353.00
964 340.00
965 363.00
966 354.00
967 351.00
968 360.00
969 377.00
970 364.00
971 355.00
972 361.00
973 363.00
974 355.00
975 348.00
976 388.00
977 373.00
978 363.00
979 343.00
980 374.00
981 367.00
982 335.00
983 358.00
984 330.00
985 365.00
986 354.00
987 353.00
988 365.00
989 332.00
990 405.00
991 381.00
992 369.00
993 386.00
994 367.00
995 375.00
996 405.00
997 362.00
998 412.00
999 433.00
1000 396.00
1001 376.00
1002 423.00
1003 428.00
1004 450.00
1005 402.00
1006 437.00
1007 423.00
1008 419.00
1009 380.00
1010 392.00
1011 409.00
1012 419.00
1013 429.00
1014 360.00
1015 347.00
1016 421.00
1017 423.00
1018 402.00
1019 350.00
1020 353.00
1021 426.00
1022 341.00
1023 353.00
1024 442.00
1025 380.00
1026 356.00
1027 393.00
1028 366.00
1029 384.00
1030 378.00
1031 361.00
1032 330.00
1033 403.00
1034 395.00
1035 340.00
1036 386.00
1037 363.00
1038 378.00
1039 404.00
1040 412.00
1041 406.00
1042 424.00
1043 386.00
1044 397.00
1045 419.00
1046 420.00
1047 417.00
1048 407.00
1049 416.00
1050 424.00
1051 389.00
1052 403.00
1053 388.00
1054 420.00
1055 430.00
1056 423.00
1057 390.00
1058 373.00
1059 428.00
1060 406.00
1061 422.00
1062 377.00
1063 377.00
1064 414.00
1065 410.00
1066 368.00
1067 381.00
1068 412.00
1069 407.00
1070 380.00
1071 354.00
1072 386.00
1073 375.00
1074 401.00
1075 410.00
1076 433.00
1077 378.00
1078 422.00
1079 420.00
1080 428.00
1081 436.00
1082 423.00
1083 369.00
1084 402.00
1085 401.00
1086 445.00
1087 404.00
1088 368.00
1089 396.00
1090 372.00
1091 378.00
1092 416.00
1093 401.00
1094 390.00
1095 385.00
1096 361.00
1097 406.00
1098 375.00
1099 413.00
1100 366.00
1101 371.00
1102 396.00
1103 367.00
1104 366.00
1105 362.00
1106 350.00
1107 385.00
1108 377.00
1109 386.00
1110 328.00
1111 366.00
1112 378.00
1113 380.00
1114 343.00
1115 378.00
1116 381.00
1117 410.00
1118 382.00
1119 386.00
1120 389.00
1121 443.00
1122 430.00
1123 409.00
1124 396.00
1125 437.00
1126 408.00
1127 417.00
1128 392.00
1129 436.00
1130 428.00
1131 361.00
1132 432.00
1133 426.00
1134 442.00
1135 411.00
1136 434.00
1137 398.00
1138 380.00
1139 352.00
1140 405.00
1141 434.00
1142 401.00
1143 434.00
1144 362.00
1145 418.00
1146 422.00
1147 423.00
1148 410.00
1149 413.00
1150 412.00
1151 431.00
1152 392.00
1153 347.00
1154 435.00
1155 395.00
1156 415.00
1157 380.00
1158 323.00
1159 380.00
1160 444.00
1161 364.00
1162 393.00
1163 396.00
1164 369.00
1165 388.00
1166 383.00
1167 380.00
1168 391.00
1169 439.00
1170 423.00
1171 380.00
1172 411.00
1173 385.00
1174 386.00
1175 386.00
1176 429.00
1177 416.00
1178 386.00
1179 381.00
1180 410.00
1181 411.00
1182 359.00
1183 371.00
1184 369.00
1185 413.00
1186 376.00
1187 374.00
1188 389.00
1189 383.00
1190 422.00
1191 401.00
1192 388.00
1193 402.00
1194 383.00
1195 383.00
1196 414.00
1197 357.00
1198 416.00
1199 437.00
1200 379.00
1201 338.00
1202 383.00
1203 393.00
1204 408.00
1205 408.00
1206 388.00
1207 403.00
1208 389.00
1209 342.00
1210 358.00
1211 375.00
1212 342.00
1213 388.00
1214 354.00
1215 338.00
1216 370.00
1217 380.00
1218 363.00
1219 318.00
1220 332.00
1221 384.00
1222 296.00
1223 331.00
1224 383.00
1225 340.00
1226 330.00
1227 339.00
1228 328.00
1229 368.00
1230 365.00
1231 362.00
1232 288.00
1233 364.00
1234 374.00
1235 344.00
1236 367.00
1237 330.00
1238 407.00
1239 334.00
1240 339.00
1241 347.00
1242 372.00
1243 329.00
1244 334.00
1245 385.00
1246 379.00
1247 384.00
1248 393.00
1249 364.00
1250 419.00
1251 329.00
1252 404.00
1253 376.00
1254 364.00
1255 399.00
1256 396.00
1257 331.00
1258 334.00
1259 412.00
1260 391.00
1261 390.00
1262 342.00
1263 338.00
1264 400.00
1265 383.00
1266 338.00
1267 368.00
1268 382.00
1269 379.00
1270 353.00
1271 333.00
1272 350.00
1273 346.00
1274 387.00
1275 371.00
1276 380.00
1277 348.00
1278 418.00
1279 363.00
1280 401.00
1281 393.00
1282 371.00
1283 336.00
1284 363.00
1285 363.00
1286 393.00
1287 372.00
1288 349.00
1289 351.00
1290 336.00
1291 345.00
1292 373.00
1293 336.00
1294 355.00
1295 335.00
1296 307.00
1297 376.00
1298 353.00
1299 353.00
1300 323.00
1301 321.00
1302 351.00
1303 363.00
1304 343.00
1305 331.00
1306 294.00
1307 359.00
1308 326.00
1309 339.00
1310 304.00
1311 324.00
1312 355.00
1313 298.00
1314 310.00
1315 337.00
1316 337.00
1317 357.00
1318 364.00
1319 374.00
1320 367.00
1321 419.00
1322 383.00
1323 392.00
1324 355.00
1325 397.00
1326 355.00
1327 372.00
1328 349.00
1329 394.00
1330 430.00
1331 306.00
1332 387.00
1333 376.00
1334 413.00
1335 357.00
1336 398.00
1337 358.00
1338 362.00
1339 346.00
1340 378.00
1341 405.00
1342 357.00
1343 361.00
1344 345.00
1345 392.00
1346 365.00
1347 379.00
1348 373.00
1349 381.00
1350 402.00
1351 394.00
1352 373.00
1353 351.00
1354 393.00
1355 386.00
1356 388.00
1357 353.00
1358 310.00
1359 376.00
1360 375.00
1361 342.00
1362 379.00
1363 375.00
1364 359.00
1365 348.00
1366 369.00
1367 378.00
1368 343.00
1369 400.00
1370 371.00
1371 339.00
1372 370.00
1373 382.00
1374 347.00
1375 362.00
1376 399.00
1377 377.00
1378 376.00
1379 341.00
1380 361.00
1381 387.00
1382 340.00
1383 353.00
1384 343.00
1385 372.00
1386 317.00
1387 324.00
1388 342.00
1389 338.00
1390 393.00
1391 362.00
1392 354.00
1393 341.00
1394 359.00
1395 372.00
1396 394.00
1397 308.00
1398 397.00
1399 384.00
1400 399.00
1401 376.00
1402 376.00
1403 417.00
1404 424.00
1405 418.00
1406 418.00
1407 425.00
1408 411.00
1409 382.00
1410 389.00
1411 403.00
1412 403.00
1413 419.00
1414 381.00
1415 369.00
1416 401.00
1417 410.00
1418 407.00
1419 361.00
1420 370.00
1421 407.00
1422 345.00
1423 380.00
1424 424.00
1425 383.00
1426 384.00
1427 381.00
1428 378.00
1429 393.00
1430 406.00
1431 378.00
1432 354.00
1433 410.00
1434 404.00
1435 379.00
1436 381.00
1437 379.00
1438 396.00
1439 412.00
1440 386.00
1441 400.00
1442 421.00
1443 368.00
1444 379.00
1445 437.00
1446 413.00
1447 420.00
1448 425.00
1449 394.00
1450 423.00
1451 372.00
1452 395.00
1453 395.00
1454 416.00
1455 428.00
1456 427.00
1457 378.00
1458 355.00
1459 425.00
1460 410.00
1461 408.00
1462 366.00
1463 361.00
1464 408.00
1465 407.00
1466 356.00
1467 395.00
1468 400.00
1469 407.00
1470 383.00
1471 363.00
1472 375.00
1473 379.00
1474 389.00
1475 407.00
1476 421.00
1477 400.00
1478 408.00
1479 416.00
1480 421.00
1481 435.00
1482 422.00
1483 369.00
1484 398.00
1485 396.00
1486 430.00
1487 396.00
1488 369.00
1489 384.00
1490 362.00
1491 377.00
1492 434.00
1493 368.00
1494 391.00
1495 379.00
1496 351.00
1497 397.00
1498 362.00
1499 393.00
1500 360.00
1501 378.00
1502 392.00
1503 366.00
1504 382.00
1505 376.00
1506 362.00
1507 378.00
1508 360.00
1509 376.00
1510 335.00
1511 356.00
1512 390.00
1513 335.00
1514 338.00
1515 385.00
1516 373.00
1517 395.00
1518 376.00
1519 391.00
1520 391.00
1521 431.00
1522 426.00
1523 411.00
1524 386.00
1525 423.00
1526 401.00
1527 416.00
1528 386.00
1529 417.00
1530 414.00
1531 356.00
1532 424.00
1533 405.00
1534 431.00
1535 399.00
1536 427.00
1537 391.00
1538 387.00
1539 380.00
1540 418.00
1541 423.00
1542 388.00
1543 412.00
1544 357.00
1545 405.00
1546 401.00
1547 410.00
1548 401.00
1549 413.00
1550 403.00
1551 410.00
1552 400.00
1553 344.00
1554 445.00
1555 404.00
1556 402.00
1557 386.00
1558 324.00
1559 386.00
1560 426.00
1561 344.00
1562 397.00
1563 403.00
1564 384.00
1565 393.00
1566 361.00
1567 387.00
1568 378.00
1569 417.00
1570 410.00
1571 375.00
1572 393.00
1573 398.00
1574 372.00
1575 363.00
1576 398.00
1577 396.00
1578 375.00
1579 375.00
1580 407.00
1581 406.00
1582 358.00
1583 387.00
1584 363.00
1585 392.00
1586 375.00
1587 362.00
1588 352.00
1589 345.00
1590 410.00
1591 369.00
1592 389.00
1593 401.00
1594 395.00
1595 396.00
1596 416.00
1597 355.00
1598 406.00
1599 407.00
1600 398.00
1601 380.00
1602 414.00
1603 421.00
1604 432.00
1605 401.00
1606 405.00
1607 431.00
1608 404.00
1609 363.00
1610 402.00
1611 410.00
1612 391.00
1613 420.00
1614 362.00
1615 334.00
1616 388.00
1617 406.00
1618 400.00
1619 348.00
1620 370.00
1621 424.00
1622 328.00
1623 374.00
1624 427.00
1625 373.00
1626 391.00
1627 398.00
1628 366.00
1629 373.00
1630 423.00
1631 354.00
1632 339.00
1633 391.00
1634 384.00
1635 344.00
1636 392.00
1637 390.00
1638 398.00
1639 379.00
1640 378.00
1641 408.00
1642 425.00
1643 378.00
1644 380.00
1645 432.00
1646 394.00
1647 400.00
1648 414.00
1649 401.00
1650 398.00
1651 371.00
1652 377.00
1653 377.00
1654 403.00
1655 418.00
1656 409.00
1657 376.00
1658 340.00
1659 416.00
1660 382.00
1661 397.00
1662 374.00
1663 351.00
1664 398.00
1665 371.00
1666 344.00
1667 352.00
1668 370.00
1669 383.00
1670 355.00
1671 364.00
1672 360.00
1673 374.00
1674 407.00
1675 365.00
1676 407.00
1677 358.00
1678 387.00
1679 382.00
1680 420.00
1681 391.00
1682 401.00
1683 337.00
1684 421.00
1685 394.00
1686 434.00
1687 387.00
1688 386.00
1689 402.00
1690 361.00
1691 358.00
1692 415.00
1693 370.00
1694 366.00
1695 373.00
1696 330.00
1697 399.00
1698 388.00
1699 367.00
1700 346.00
1701 343.00
1702 354.00
1703 375.00
1704 345.00
1705 350.00
1706 344.00
1707 374.00
1708 346.00
1709 359.00
1710 318.00
1711 368.00
1712 365.00
1713 351.00
1714 328.00
1715 349.00
1716 362.00
1717 372.00
1718 380.00
1719 359.00
1720 375.00
1721 413.00
1722 414.00
1723 384.00
1724 369.00
1725 407.00
1726 405.00
1727 375.00
1728 363.00
1729 418.00
1730 401.00
1731 326.00
1732 404.00
1733 408.00
1734 429.00
1735 373.00
1736 423.00
1737 385.00
1738 383.00
1739 369.00
1740 379.00
1741 422.00
1742 384.00
1743 411.00
1744 363.00
1745 396.00
1746 399.00
1747 396.00
1748 386.00
1749 395.00
1750 393.00
1751 404.00
1752 399.00
1753 341.00
1754 423.00
1755 393.00
1756 402.00
1757 365.00
1758 316.00
1759 377.00
1760 415.00
1761 352.00
1762 384.00
1763 391.00
1764 354.00
1765 348.00
1766 349.00
1767 361.00
1768 359.00
1769 393.00
1770 371.00
1771 324.00
1772 378.00
1773 378.00
1774 339.00
1775 327.00
1776 367.00
1777 349.00
1778 370.00
1779 345.00
1780 367.00
1781 388.00
1782 338.00
1783 351.00
1784 368.00
1785 371.00
1786 343.00
1787 338.00
1788 358.00
1789 364.00
1790 429.00
1791 397.00
1792 383.00
1793 386.00
1794 393.00
1795 398.00
1796 422.00
1797 339.00
1798 422.00
1799 442.00
1800 410.00
1801 385.00
1802 409.00
1803 434.00
1804 443.00
1805 428.00
1806 410.00
1807 428.00
1808 402.00
1809 370.00
1810 401.00
1811 394.00
1812 384.00
1813 431.00
1814 368.00
1815 334.00
1816 409.00
1817 397.00
1818 409.00
1819 350.00
1820 356.00
1821 398.00
1822 336.00
1823 371.00
1824 418.00
1825 398.00
1826 385.00
1827 398.00
1828 393.00
1829 396.00
1830 411.00
1831 376.00
1832 351.00
1833 406.00
1834 404.00
1835 363.00
1836 388.00
1837 384.00
1838 389.00
1839 397.00
1840 381.00
1841 406.00
1842 419.00
1843 365.00
1844 374.00
1845 436.00
1846 420.00
1847 413.00
1848 422.00
1849 401.00
1850 422.00
1851 373.00
1852 396.00
1853 412.00
1854 409.00
1855 417.00
1856 404.00
1857 374.00
1858 355.00
1859 415.00
1860 403.00
1861 406.00
1862 398.00
1863 352.00
1864 395.00
1865 385.00
1866 354.00
1867 376.00
1868 392.00
1869 389.00
1870 379.00
1871 356.00
1872 379.00
1873 384.00
1874 404.00
1875 356.00
1876 412.00
1877 385.00
1878 409.00
1879 397.00
1880 406.00
1881 394.00
1882 398.00
1883 354.00
1884 390.00
1885 388.00
1886 416.00
1887 393.00
1888 372.00
1889 379.00
1890 336.00
1891 377.00
1892 438.00
1893 383.00
1894 357.00
1895 368.00
1896 332.00
1897 380.00
1898 372.00
1899 408.00
1900 354.00
1901 358.00
1902 356.00
1903 367.00
1904 351.00
1905 347.00
1906 345.00
1907 365.00
1908 364.00
1909 374.00
1910 328.00
1911 355.00
1912 370.00
1913 362.00
1914 325.00
1915 389.00
1916 374.00
1917 389.00
1918 392.00
1919 370.00
1920 383.00
1921 428.00
1922 412.00
1923 408.00
1924 383.00
1925 419.00
1926 383.00
1927 400.00
1928 375.00
1929 409.00
1930 411.00
1931 330.00
1932 424.00
1933 410.00
1934 427.00
1935 376.00
1936 425.00
1937 399.00
1938 381.00
1939 368.00
1940 416.00
1941 426.00
1942 392.00
1943 411.00
1944 370.00
1945 398.00
1946 407.00
1947 417.00
1948 393.00
1949 411.00
1950 417.00
1951 407.00
1952 406.00
1953 340.00
1954 433.00
1955 398.00
1956 401.00
1957 367.00
1958 322.00
1959 406.00
1960 424.00
1961 349.00
1962 389.00
1963 386.00
1964 385.00
1965 374.00
1966 374.00
1967 382.00
1968 371.00
1969 414.00
1970 410.00
1971 378.00
1972 392.00
1973 403.00
1974 364.00
1975 377.00
1976 391.00
1977 401.00
1978 389.00
1979 379.00
1980 399.00
1981 410.00
1982 360.00
1983 352.00
1984 373.00
1985 395.00
1986 364.00
1987 375.00
1988 371.00
1989 369.00
1990 413.00
1991 385.00
1992 386.00
1993 401.00
1994 401.00
1995 370.00
1996 417.00
1997 349.00
1998 413.00
1999 426.00
2000 408.00
2001 374.00
2002 407.00
2003 412.00
2004 425.00
2005 400.00
2006 403.00
2007 419.00
2008 396.00
2009 366.00
2010 390.00
2011 394.00
2012 393.00
2013 411.00
2014 355.00
2015 333.00
2016 405.00
2017 392.00
2018 394.00
2019 356.00
2020 356.00
2021 393.00
2022 331.00
2023 380.00
2024 407.00
2025 392.00
2026 388.00
2027 404.00
2028 370.00
2029 397.00
2030 400.00
2031 376.00
2032 346.00
2033 390.00
2034 391.00
2035 354.00
2036 394.00
2037 372.00
2038 384.00
2039 395.00
2040 384.00
2041 393.00
2042 399.00
2043 367.00
2044 388.00
2045 409.00
2046 405.00
2047 398.00
2048 404.00
2049 407.00
2050 398.00
2051 363.00
2052 396.00
2053 400.00
2054 399.00
2055 412.00
2056 394.00
2057 384.00
2058 360.00
2059 403.00
2060 394.00
2061 401.00
2062 380.00
2063 362.00
2064 388.00
2065 378.00
2066 357.00
2067 366.00
2068 386.00
2069 382.00
2070 372.00
2071 361.00
2072 379.00
2073 383.00
2074 385.00
2075 367.00
2076 414.00
2077 400.00
2078 398.00
2079 395.00
2080 404.00
2081 403.00
2082 413.00
2083 363.00
2084 400.00
2085 393.00
2086 418.00
2087 402.00
2088 369.00
2089 385.00
2090 350.00
2091 373.00
2092 425.00
2093 387.00
2094 374.00
2095 372.00
2096 334.00
2097 385.00
2098 360.00
2099 372.00
2100 360.00
2101 371.00
2102 372.00
2103 357.00
2104 362.00
2105 369.00
2106 341.00
2107 378.00
2108 351.00
2109 383.00
2110 326.00
2111 357.00
2112 377.00
2113 338.00
2114 330.00
2115 362.00
2116 368.00
2117 386.00
2118 369.00
2119 373.00
2120 390.00
2121 413.00
2122 395.00
2123 396.00
2124 388.00
2125 407.00
2126 393.00
2127 389.00
2128 348.00
2129 406.00
2130 389.00
2131 311.00
2132 395.00
2133 416.00
2134 410.00
2135 382.00
2136 407.00
2137 393.00
2138 381.00
2139 343.00
2140 407.00
2141 407.00
2142 390.00
2143 401.00
2144 357.00
2145 394.00
2146 394.00
2147 394.00
2148 386.00
2149 405.00
2150 401.00
2151 412.00
2152 397.00
2153 345.00
2154 415.00
2155 401.00
2156 400.00
2157 381.00
2158 327.00
2159 384.00
2160 414.00
2161 370.00
2162 387.00
2163 382.00
2164 370.00
2165 372.00
2166 384.00
2167 378.00
2168 376.00
2169 399.00
2170 385.00
2171 369.00
2172 381.00
2173 386.00
2174 365.00
2175 369.00
2176 374.00
2177 370.00
2178 383.00
2179 349.00
2180 371.00
2181 370.00
2182 338.00
2183 352.00
2184 368.00
2185 378.00
2186 349.00
2187 360.00
2188 362.00
2189 356.00
2190 400.00
2191 368.00
2192 369.00
2193 384.00
2194 390.00
2195 367.00
2196 392.00
2197 344.00
2198 401.00
2199 401.00
2200 390.00
2201 358.00
2202 418.00
2203 365.00
2204 428.00
2205 414.00
2206 414.00
2207 401.00
2208 403.00
2209 364.00
2210 384.00
2211 383.00
2212 354.00
2213 395.00
2214 352.00
2215 332.00
2216 345.00
2217 347.00
2218 355.00
2219 333.00
2220 379.00
2221 355.00
2222 296.00
2223 335.00
2224 369.00
2225 328.00
2226 325.00
2227 344.00
2228 323.00
2229 361.00
2230 345.00
2231 345.00
2232 318.00
2233 372.00
2234 356.00
2235 335.00
2236 365.00
2237 339.00
2238 375.00
2239 362.00
2240 347.00
2241 346.00
2242 402.00
2243 358.00
2244 370.00
2245 384.00
2246 368.00
2247 366.00
2248 367.00
2249 393.00
2250 409.00
2251 348.00
2252 395.00
2253 373.00
2254 405.00
2255 411.00
2256 418.00
2257 367.00
2258 353.00
2259 396.00
2260 407.00
2261 414.00
2262 362.00
2263 379.00
2264 402.00
2265 385.00
2266 355.00
2267 363.00
2268 389.00
2269 371.00
2270 360.00
2271 364.00
2272 373.00
2273 383.00
2274 391.00
2275 373.00
2276 395.00
2277 369.00
2278 416.00
2279 393.00
2280 399.00
2281 401.00
2282 407.00
2283 351.00
2284 377.00
2285 391.00
2286 399.00
2287 372.00
2288 397.00
2289 383.00
2290 349.00
2291 375.00
2292 405.00
2293 373.00
2294 373.00
2295 395.00
2296 347.00
2297 401.00
2298 365.00
2299 389.00
2300 368.00
2301 359.00
2302 366.00
2303 348.00
2304 355.00
2305 348.00
2306 314.00
2307 329.00
2308 305.00
2309 354.00
2310 286.00
2311 321.00
2312 365.00
2313 303.00
2314 306.00
2315 370.00
2316 350.00
2317 362.00
2318 361.00
2319 361.00
2320 370.00
2321 398.00
2322 381.00
2323 372.00
2324 392.00
2325 401.00
2326 415.00
2327 397.00
2328 365.00
2329 412.00
2330 397.00
2331 330.00
2332 389.00
2333 368.00
2334 385.00
2335 375.00
2336 401.00
2337 356.00
2338 340.00
2339 358.00
2340 363.00
2341 387.00
2342 351.00
2343 363.00
2344 342.00
2345 364.00
2346 375.00
2347 371.00
2348 372.00
2349 385.00
2350 388.00
2351 398.00
2352 400.00
2353 339.00
2354 391.00
2355 384.00
2356 391.00
2357 370.00
2358 329.00
2359 378.00
2360 427.00
2361 368.00
2362 391.00
2363 355.00
2364 343.00
2365 358.00
2366 371.00
2367 384.00
2368 374.00
2369 386.00
2370 370.00
2371 339.00
2372 342.00
2373 377.00
2374 361.00
2375 367.00
2376 413.00
2377 391.00
2378 380.00
2379 362.00
2380 377.00
2381 393.00
2382 339.00
2383 359.00
2384 360.00
2385 369.00
2386 349.00
2387 332.00
2388 319.00
2389 351.00
2390 398.00
2391 386.00
2392 357.00
2393 352.00
2394 364.00
2395 361.00
2396 412.00
2397 326.00
2398 392.00
2399 409.00
2400 382.00
2401 360.00
2402 399.00
2403 399.00
2404 421.00
2405 401.00
2406 388.00
2407 417.00
2408 416.00
2409 352.00
2410 367.00
2411 382.00
2412 366.00
2413 394.00
2414 346.00
2415 326.00
2416 372.00
2417 372.00
2418 385.00
2419 344.00
2420 356.00
2421 376.00
2422 323.00
2423 373.00
2424 384.00
2425 365.00
2426 359.00
2427 372.00
2428 366.00
2429 386.00
2430 382.00
2431 393.00
2432 295.00
2433 389.00
2434 381.00
2435 355.00
2436 365.00
2437 343.00
2438 398.00
2439 373.00
2440 333.00
2441 385.00
2442 387.00
2443 331.00
2444 348.00
2445 381.00
2446 357.00
2447 380.00
2448 396.00
2449 379.00
2450 427.00
2451 337.00
2452 362.00
2453 379.00
2454 395.00
2455 400.00
2456 399.00
2457 360.00
2458 340.00
2459 370.00
2460 404.00
2461 399.00
2462 355.00
2463 350.00
2464 403.00
2465 369.00
2466 346.00
2467 353.00
2468 398.00
2469 378.00
2470 339.00
2471 330.00
2472 378.00
2473 362.00
2474 353.00
2475 389.00
2476 396.00
2477 388.00
2478 408.00
2479 376.00
2480 404.00
2481 422.00
2482 418.00
2483 353.00
2484 361.00
2485 373.00
2486 430.00
2487 386.00
2488 366.00
2489 367.00
2490 357.00
2491 385.00
2492 409.00
2493 381.00
2494 378.00
2495 392.00
2496 351.00
2497 402.00
2498 359.00
2499 385.00
2500 350.00
2501 369.00
2502 378.00
2503 346.00
2504 371.00
2505 360.00
2506 326.00
2507 358.00
2508 325.00
2509 366.00
2510 306.00
2511 342.00
2512 385.00
2513 319.00
2514 305.00
2515 382.00
2516 358.00
2517 371.00
2518 355.00
2519 387.00
2520 368.00
2521 424.00
2522 391.00
2523 379.00
2524 393.00
2525 428.00
2526 392.00
2527 399.00
2528 391.00
2529 415.00
2530 407.00
2531 352.00
2532 396.00
2533 403.00
2534 418.00
2535 387.00
2536 402.00
2537 379.00
2538 377.00
2539 357.00
2540 411.00
2541 381.00
2542 366.00
2543 390.00
2544 345.00
2545 403.00
2546 392.00
2547 379.00
2548 383.00
2549 390.00
2550 416.00
2551 401.00
2552 387.00
2553 347.00
2554 400.00
2555 363.00
2556 384.00
2557 393.00
2558 327.00
2559 383.00
2560 419.00
2561 350.00
2562 380.00
2563 351.00
2564 354.00
2565 348.00
2566 368.00
2567 354.00
2568 357.00
2569 397.00
2570 391.00
2571 365.00
2572 386.00
2573 364.00
2574 342.00
2575 355.00
2576 396.00
2577 393.00
2578 347.00
2579 363.00
2580 385.00
2581 395.00
2582 353.00
2583 353.00
2584 340.00
2585 382.00
2586 359.00
2587 339.00
2588 355.00
2589 363.00
2590 420.00
2591 377.00
2592 379.00
2593 385.00
2594 394.00
2595 382.00
2596 410.00
2597 338.00
2598 416.00
2599 431.00
2600 403.00
2601 370.00
2602 421.00
2603 390.00
2604 435.00
2605 410.00
2606 415.00
2607 413.00
2608 407.00
2609 381.00
2610 384.00
2611 398.00
2612 385.00
2613 422.00
2614 353.00
2615 329.00
2616 382.00
2617 402.00
2618 403.00
2619 348.00
2620 352.00
2621 408.00
2622 339.00
2623 373.00
2624 402.00
2625 382.00
2626 375.00
2627 407.00
2628 358.00
2629 386.00
2630 393.00
2631 392.00
2632 327.00
2633 378.00
2634 390.00
2635 354.00
2636 394.00
2637 333.00
2638 411.00
2639 387.00
2640 383.00
2641 379.00
2642 401.00
2643 349.00
2644 366.00
2645 389.00
2646 397.00
2647 389.00
2648 407.00
2649 388.00
2650 434.00
2651 331.00
2652 411.00
2653 401.00
2654 410.00
2655 406.00
2656 411.00
2657 343.00
2658 332.00
2659 416.00
2660 383.00
2661 414.00
2662 353.00
2663 355.00
2664 411.00
2665 407.00
2666 322.00
2667 370.00
2668 383.00
2669 387.00
2670 372.00
2671 334.00
2672 363.00
2673 376.00
2674 398.00
2675 373.00
2676 413.00
2677 347.00
2678 426.00
2679 411.00
2680 391.00
2681 409.00
2682 397.00
2683 343.00
2684 379.00
2685 395.00
2686 397.00
2687 382.00
2688 341.00
2689 348.00
2690 329.00
2691 373.00
2692 418.00
2693 361.00
2694 401.00
2695 389.00
2696 358.00
2697 398.00
2698 345.00
2699 383.00
2700 354.00
2701 369.00
2702 386.00
2703 368.00
2704 365.00
2705 347.00
2706 347.00
2707 351.00
2708 318.00
2709 365.00
2710 307.00
2711 318.00
2712 383.00
2713 311.00
2714 321.00
2715 368.00
2716 322.00
2717 374.00
2718 373.00
2719 368.00
2720 366.00
2721 405.00
2722 409.00
2723 397.00
2724 382.00
2725 415.00
2726 415.00
2727 385.00
2728 353.00
2729 402.00
2730 414.00
2731 306.00
2732 394.00
2733 384.00
2734 405.00
2735 371.00
2736 388.00
2737 376.00
2738 376.00
2739 393.00
2740 416.00
2741 389.00
2742 398.00
2743 396.00
2744 348.00
2745 384.00
2746 368.00
2747 395.00
2748 389.00
2749 394.00
2750 420.00
2751 427.00
2752 389.00
2753 360.00
2754 428.00
2755 387.00
2756 417.00
2757 382.00
2758 339.00
2759 387.00
2760 424.00
2761 351.00
2762 391.00
2763 354.00
2764 327.00
2765 368.00
2766 362.00
2767 359.00
2768 386.00
2769 391.00
2770 383.00
2771 368.00
2772 381.00
2773 377.00
2774 355.00
2775 374.00
2776 412.00
2777 401.00
2778 391.00
2779 366.00
2780 383.00
2781 391.00
2782 341.00
2783 372.00
2784 361.00
2785 389.00
2786 357.00
2787 344.00
2788 329.00
2789 341.00
2790 417.00
2791 359.00
2792 374.00
2793 378.00
2794 379.00
2795 366.00
2796 392.00
2797 360.00
2798 422.00
2799 421.00
2800 397.00
2801 339.00
2802 409.00
2803 384.00
2804 417.00
2805 405.00
2806 389.00
2807 400.00
2808 397.00
2809 355.00
2810 370.00
2811 368.00
2812 364.00
2813 404.00
2814 327.00
2815 309.00
2816 372.00
2817 394.00
2818 378.00
2819 334.00
2820 355.00
2821 365.00
2822 318.00
2823 353.00
2824 377.00
2825 365.00
2826 381.00
2827 363.00
2828 344.00
2829 388.00
2830 402.00
2831 363.00
2832 317.00
2833 401.00
2834 400.00
2835 358.00
2836 379.00
2837 339.00
2838 385.00
2839 390.00
2840 375.00
2841 366.00
2842 413.00
2843 345.00
2844 345.00
2845 408.00
2846 407.00
2847 399.00
2848 416.00
2849 378.00
2850 422.00
2851 325.00
2852 376.00
2853 386.00
2854 404.00
2855 385.00
2856 417.00
2857 335.00
2858 311.00
2859 417.00
2860 380.00
2861 388.00
2862 360.00
2863 333.00
2864 382.00
2865 395.00
2866 313.00
2867 366.00
2868 367.00
2869 385.00
2870 351.00
2871 334.00
2872 357.00
2873 345.00
2874 368.00
2875 394.00
2876 397.00
2877 367.00
2878 404.00
2879 371.00
2880 409.00
2881 391.00
2882 391.00
2883 344.00
2884 368.00
2885 385.00
2886 406.00
2887 362.00
2888 346.00
2889 339.00
2890 305.00
2891 363.00
2892 396.00
2893 333.00
2894 391.00
2895 382.00
2896 332.00
2897 399.00
2898 340.00
2899 387.00
2900 343.00
2901 339.00
2902 374.00
2903 375.00
2904 340.00
2905 354.00
2906 316.00
2907 351.00
2908 338.00
2909 355.00
2910 299.00
2911 312.00
2912 357.00
2913 304.00
2914 315.00
2915 363.00
2916 318.00
2917 338.00
2918 369.00
2919 365.00
2920 376.00
2921 396.00
2922 407.00
2923 384.00
2924 364.00
2925 395.00
2926 379.00
2927 394.00
2928 320.00
2929 373.00
2930 396.00
2931 299.00
2932 399.00
2933 377.00
2934 406.00
2935 358.00
2936 401.00
2937 361.00
2938 345.00
2939 343.00
2940 404.00
2941 400.00
2942 372.00
2943 379.00
2944 322.00
2945 350.00
2946 373.00
2947 378.00
2948 387.00
2949 392.00
2950 399.00
2951 409.00
2952 398.00
2953 367.00
2954 394.00
2955 388.00
2956 404.00
2957 372.00
2958 317.00
2959 376.00
2960 405.00
2961 344.00
2962 388.00
2963 347.00
2964 321.00
2965 357.00
2966 361.00
2967 352.00
2968 362.00
2969 359.00
2970 376.00
2971 349.00
2972 347.00
2973 378.00
2974 337.00
2975 347.00
2976 381.00
2977 370.00
2978 378.00
2979 314.00
2980 362.00
2981 380.00
2982 326.00
2983 366.00
2984 318.00
2985 347.00
2986 315.00
2987 326.00
2988 331.00
2989 304.00
2990 378.00
2991 339.00
2992 371.00
2993 352.00
2994 364.00
2995 341.00
2996 394.00
2997 329.00
2998 398.00
2999 383.00
