0 140.00
1 160.00
2 120.00
3 240.00
4 400.00
5 300.00
6 240.00
7 240.00
8 500.00
9 240.00
10 500.00
11 420.00
12 460.00
13 200.00
14 240.00
15 200.00
16 220.00
17 240.00
18 240.00
19 240.00
20 240.00
21 240.00
22 240.00
23 220.00
24 240.00
25 220.00
26 260.00
27 240.00
28 500.00
29 220.00
30 160.00
31 240.00
32 220.00
33 480.00
34 180.00
35 240.00
36 500.00
37 220.00
38 500.00
39 200.00
40 240.00
41 240.00
42 240.00
43 500.00
44 240.00
45 460.00
46 220.00
47 260.00
48 240.00
49 240.00
50 240.00
51 240.00
52 240.00
53 480.00
54 220.00
55 240.00
56 240.00
57 220.00
58 240.00
59 240.00
60 200.00
61 440.00
62 420.00
63 480.00
64 240.00
65 500.00
66 240.00
67 240.00
68 380.00
69 220.00
70 220.00
71 260.00
72 220.00
73 300.00
74 360.00
75 480.00
76 480.00
77 240.00
78 240.00
79 420.00
80 280.00
81 280.00
82 240.00
83 220.00
84 480.00
85 200.00
86 420.00
87 240.00
88 460.00
89 220.00
90 240.00
91 420.00
92 240.00
93 240.00
94 280.00
95 240.00
96 500.00
97 220.00
98 240.00
99 320.00
100 440.00
101 240.00
102 240.00
103 220.00
104 200.00
105 240.00
106 240.00
107 240.00
108 200.00
109 240.00
110 220.00
111 440.00
112 240.00
113 420.00
114 240.00
115 480.00
116 220.00
117 240.00
118 240.00
119 240.00
120 240.00
121 200.00
122 500.00
123 260.00
124 480.00
125 480.00
126 220.00
127 220.00
128 200.00
129 220.00
130 220.00
131 480.00
132 420.00
133 240.00
134 260.00
135 220.00
136 240.00
137 220.00
138 220.00
139 460.00
140 400.00
141 220.00
142 220.00
143 340.00
144 200.00
145 260.00
146 240.00
147 240.00
148 240.00
149 240.00
150 240.00
151 300.00
152 240.00
153 60.00
154 400.00
155 280.00
156 260.00
157 440.00
158 220.00
159 240.00
160 320.00
161 260.00
162 240.00
163 240.00
164 300.00
165 240.00
166 400.00
167 460.00
168 240.00
169 280.00
170 400.00
171 240.00
172 200.00
173 500.00
174 220.00
175 200.00
176 440.00
177 460.00
178 260.00
179 240.00
180 240.00
181 280.00
182 420.00
183 220.00
184 400.00
185 440.00
186 240.00
187 420.00
188 220.00
189 440.00
190 260.00
191 220.00
192 420.00
193 280.00
194 160.00
195 440.00
196 500.00
197 260.00
198 200.00
199 500.00
200 200.00
201 240.00
202 240.00
203 500.00
204 480.00
205 260.00
206 480.00
207 420.00
208 500.00
209 440.00
210 240.00
211 480.00
212 240.00
213 240.00
214 220.00
215 400.00
216 460.00
217 220.00
218 460.00
219 160.00
220 380.00
221 200.00
222 240.00
223 260.00
224 180.00
225 180.00
226 360.00
227 240.00
228 240.00
229 300.00
230 200.00
231 200.00
232 280.00
233 280.00
234 240.00
235 180.00
236 180.00
237 220.00
238 240.00
239 400.00
240 260.00
241 380.00
242 280.00
243 300.00
244 360.00
245 240.00
246 320.00
247 340.00
248 260.00
249 220.00
250 220.00
251 220.00
252 500.00
253 240.00
254 280.00
255 220.00
256 400.00
257 280.00
258 300.00
259 260.00
260 120.00
261 360.00
262 260.00
263 360.00
264 220.00
265 140.00
266 220.00
267 220.00
268 220.00
269 500.00
270 280.00
271 300.00
272 220.00
273 220.00
274 180.00
275 200.00
276 220.00
277 200.00
278 200.00
279 180.00
280 260.00
281 340.00
282 220.00
283 240.00
284 220.00
285 280.00
286 240.00
287 420.00
288 340.00
289 480.00
290 240.00
291 420.00
292 320.00
293 260.00
294 500.00
295 200.00
296 240.00
297 240.00
298 240.00
299 300.00
300 220.00
301 340.00
302 280.00
303 240.00
304 420.00
305 240.00
306 340.00
307 420.00
308 220.00
309 400.00
310 180.00
311 220.00
312 220.00
313 240.00
314 240.00
315 160.00
316 260.00
317 220.00
318 140.00
319 120.00
320 400.00
321 360.00
322 360.00
323 280.00
324 220.00
325 480.00
326 500.00
327 240.00
328 460.00
329 440.00
330 220.00
331 180.00
332 180.00
333 500.00
334 200.00
335 240.00
336 240.00
337 240.00
338 220.00
339 220.00
340 320.00
341 200.00
342 500.00
343 340.00
344 240.00
345 200.00
346 320.00
347 200.00
348 280.00
349 240.00
350 460.00
351 340.00
352 300.00
353 220.00
354 200.00
355 240.00
356 320.00
357 380.00
358 280.00
359 240.00
360 260.00
361 220.00
362 200.00
363 200.00
364 380.00
365 360.00
366 240.00
367 220.00
368 280.00
369 500.00
370 340.00
371 460.00
372 300.00
373 220.00
374 460.00
375 240.00
376 440.00
377 240.00
378 480.00
379 240.00
380 260.00
381 220.00
382 380.00
383 460.00
384 240.00
385 380.00
386 200.00
387 200.00
388 220.00
389 480.00
390 220.00
391 280.00
392 180.00
393 240.00
394 500.00
395 340.00
396 500.00
397 440.00
398 380.00
399 400.00
400 240.00
401 480.00
402 420.00
403 360.00
404 220.00
405 420.00
406 360.00
407 360.00
408 220.00
409 460.00
410 400.00
411 260.00
412 160.00
413 380.00
414 360.00
415 240.00
416 260.00
417 440.00
418 240.00
419 280.00
420 240.00
421 420.00
422 220.00
423 240.00
424 220.00
425 260.00
426 460.00
427 220.00
428 460.00
429 240.00
430 500.00
431 380.00
432 460.00
433 220.00
434 460.00
435 200.00
436 220.00
437 360.00
438 220.00
439 180.00
440 260.00
441 440.00
442 220.00
443 400.00
444 400.00
445 200.00
446 160.00
447 460.00
448 220.00
449 400.00
450 400.00
451 220.00
452 440.00
453 440.00
454 220.00
455 440.00
456 440.00
457 260.00
458 380.00
459 460.00
460 240.00
461 320.00
462 220.00
463 220.00
464 360.00
465 460.00
466 500.00
467 300.00
468 280.00
469 140.00
470 400.00
471 200.00
472 460.00
473 240.00
474 200.00
475 260.00
476 360.00
477 340.00
478 280.00
479 420.00
480 220.00
481 360.00
482 260.00
483 240.00
484 240.00
485 200.00
486 140.00
487 380.00
488 420.00
489 460.00
490 380.00
491 360.00
492 380.00
493 460.00
494 220.00
495 380.00
496 260.00
497 320.00
498 440.00
499 460.00
500 360.00
501 220.00
502 240.00
503 420.00
504 240.00
505 340.00
506 360.00
507 460.00
508 260.00
509 460.00
510 360.00
511 380.00
512 360.00
513 240.00
514 420.00
515 380.00
516 480.00
517 400.00
518 460.00
519 300.00
520 240.00
521 500.00
522 240.00
523 500.00
524 240.00
525 460.00
526 420.00
527 240.00
528 400.00
529 500.00
530 420.00
531 360.00
532 220.00
533 320.00
534 500.00
535 300.00
536 400.00
537 240.00
538 420.00
539 460.00
540 380.00
541 200.00
542 380.00
543 200.00
544 380.00
545 300.00
546 260.00
547 360.00
548 240.00
549 180.00
550 200.00
551 200.00
552 140.00
553 160.00
554 220.00
555 340.00
556 140.00
557 280.00
558 360.00
559 380.00
560 480.00
561 180.00
562 460.00
563 440.00
564 480.00
565 280.00
566 460.00
567 340.00
568 200.00
569 220.00
570 400.00
571 380.00
572 220.00
573 480.00
574 340.00
575 240.00
576 360.00
577 180.00
578 460.00
579 180.00
580 420.00
581 480.00
582 220.00
583 420.00
584 180.00
585 380.00
586 500.00
587 440.00
588 160.00
589 240.00
590 200.00
591 440.00
592 360.00
593 440.00
594 420.00
595 240.00
596 200.00
597 380.00
598 320.00
599 220.00
600 380.00
601 340.00
602 240.00
603 360.00
604 240.00
605 260.00
606 360.00
607 180.00
608 460.00
609 220.00
610 220.00
611 420.00
612 220.00
613 440.00
614 280.00
615 240.00
616 320.00
617 460.00
618 360.00
619 400.00
620 440.00
621 480.00
622 240.00
623 440.00
624 260.00
625 420.00
626 360.00
627 440.00
628 380.00
629 180.00
630 360.00
631 320.00
632 240.00
633 260.00
634 420.00
635 220.00
636 300.00
637 440.00
638 160.00
639 280.00
640 500.00
641 440.00
642 380.00
643 420.00
644 280.00
645 480.00
646 420.00
647 380.00
648 260.00
649 240.00
650 440.00
651 480.00
652 480.00
653 240.00
654 220.00
655 500.00
656 240.00
657 480.00
658 480.00
659 220.00
660 500.00
661 340.00
662 360.00
663 440.00
664 480.00
665 460.00
666 480.00
667 240.00
668 460.00
669 240.00
670 440.00
671 400.00
672 380.00
673 320.00
674 420.00
675 460.00
676 220.00
677 220.00
678 380.00
679 460.00
680 420.00
681 360.00
682 420.00
683 480.00
684 200.00
685 340.00
686 400.00
687 480.00
688 360.00
689 480.00
690 500.00
691 500.00
692 500.00
693 460.00
694 140.00
695 240.00
696 340.00
697 440.00
698 500.00
699 360.00
700 220.00
701 460.00
702 500.00
703 400.00
704 240.00
705 440.00
706 220.00
707 240.00
708 440.00
709 420.00
710 340.00
711 440.00
712 480.00
713 440.00
714 220.00
715 420.00
716 260.00
717 460.00
718 420.00
719 240.00
720 420.00
721 240.00
722 340.00
723 320.00
724 500.00
725 240.00
726 360.00
727 360.00
728 420.00
729 200.00
730 400.00
731 400.00
732 240.00
733 420.00
734 380.00
735 480.00
736 280.00
737 440.00
738 400.00
739 420.00
740 400.00
741 340.00
742 220.00
743 300.00
744 460.00
745 380.00
746 220.00
747 340.00
748 360.00
749 400.00
750 360.00
751 300.00
752 380.00
753 380.00
754 320.00
755 400.00
756 500.00
757 460.00
758 440.00
759 220.00
760 480.00
761 240.00
762 360.00
763 400.00
764 480.00
765 420.00
766 260.00
767 400.00
768 240.00
769 280.00
770 400.00
771 380.00
772 380.00
773 320.00
774 400.00
775 420.00
776 360.00
777 380.00
778 400.00
779 240.00
780 360.00
781 360.00
782 420.00
783 260.00
784 300.00
785 240.00
786 240.00
787 360.00
788 380.00
789 360.00
790 260.00
791 360.00
792 420.00
793 240.00
794 500.00
795 420.00
796 400.00
797 440.00
798 500.00
799 480.00
800 440.00
801 300.00
802 400.00
803 240.00
804 440.00
805 400.00
806 280.00
807 460.00
808 500.00
809 320.00
810 420.00
811 500.00
812 380.00
813 200.00
814 360.00
815 500.00
816 380.00
817 320.00
818 200.00
819 180.00
820 400.00
821 440.00
822 280.00
823 420.00
824 380.00
825 200.00
826 420.00
827 220.00
828 360.00
829 300.00
830 200.00
831 200.00
832 420.00
833 420.00
834 240.00
835 260.00
836 220.00
837 300.00
838 160.00
839 440.00
840 460.00
841 500.00
842 360.00
843 380.00
844 220.00
845 380.00
846 240.00
847 340.00
848 340.00
849 440.00
850 440.00
851 360.00
852 440.00
853 360.00
854 460.00
855 240.00
856 380.00
857 340.00
858 400.00
859 360.00
860 340.00
861 320.00
862 340.00
863 240.00
864 340.00
865 200.00
866 340.00
867 240.00
868 500.00
869 380.00
870 500.00
871 340.00
872 400.00
873 480.00
874 500.00
875 360.00
876 420.00
877 340.00
878 400.00
879 240.00
880 460.00
881 320.00
882 240.00
883 500.00
884 480.00
885 420.00
886 400.00
887 200.00
888 340.00
889 360.00
890 460.00
891 500.00
892 400.00
893 220.00
894 480.00
895 420.00
896 380.00
897 260.00
898 480.00
899 440.00
900 260.00
901 140.00
902 380.00
903 360.00
904 340.00
905 240.00
906 400.00
907 400.00
908 220.00
909 480.00
910 460.00
911 420.00
912 380.00
913 500.00
914 320.00
915 240.00
916 400.00
917 460.00
918 360.00
919 500.00
920 460.00
921 260.00
922 260.00
923 420.00
924 400.00
925 400.00
926 240.00
927 300.00
928 240.00
929 400.00
930 400.00
931 220.00
932 200.00
933 180.00
934 380.00
935 400.00
936 460.00
937 360.00
938 340.00
939 440.00
940 240.00
941 400.00
942 480.00
943 240.00
944 360.00
945 460.00
946 400.00
947 340.00
948 220.00
949 240.00
950 380.00
951 400.00
952 320.00
953 500.00
954 220.00
955 260.00
956 340.00
957 400.00
958 460.00
959 240.00
960 420.00
961 240.00
962 360.00
963 320.00
964 380.00
965 300.00
966 280.00
967 400.00
968 500.00
969 220.00
970 360.00
971 480.00
972 480.00
973 220.00
974 480.00
975 400.00
976 440.00
977 500.00
978 360.00
979 420.00
980 420.00
981 440.00
982 500.00
983 400.00
984 460.00
985 240.00
986 340.00
987 500.00
988 220.00
989 440.00
990 220.00
991 460.00
992 380.00
993 420.00
994 480.00
995 500.00
996 220.00
997 240.00
998 460.00
999 420.00
1000 300.00
1001 440.00
1002 380.00
1003 360.00
1004 360.00
1005 360.00
1006 240.00
1007 380.00
1008 500.00
1009 220.00
1010 480.00
1011 240.00
1012 400.00
1013 400.00
1014 460.00
1015 420.00
1016 200.00
1017 440.00
1018 260.00
1019 280.00
1020 420.00
1021 220.00
1022 480.00
1023 400.00
1024 460.00
1025 460.00
1026 260.00
1027 460.00
1028 480.00
1029 260.00
1030 260.00
1031 280.00
1032 300.00
1033 220.00
1034 140.00
1035 340.00
1036 500.00
1037 460.00
1038 360.00
1039 460.00
1040 420.00
1041 200.00
1042 460.00
1043 240.00
1044 440.00
1045 360.00
1046 440.00
1047 460.00
1048 180.00
1049 360.00
1050 240.00
1051 480.00
1052 180.00
1053 500.00
1054 160.00
1055 100.00
1056 340.00
1057 360.00
1058 360.00
1059 220.00
1060 200.00
1061 420.00
1062 80.00
1063 460.00
1064 420.00
1065 360.00
1066 420.00
1067 220.00
1068 240.00
1069 420.00
1070 380.00
1071 200.00
1072 240.00
1073 220.00
1074 400.00
1075 200.00
1076 340.00
1077 300.00
1078 460.00
1079 420.00
1080 160.00
1081 440.00
1082 240.00
1083 420.00
1084 220.00
1085 180.00
1086 360.00
1087 460.00
1088 220.00
1089 120.00
1090 420.00
1091 460.00
1092 300.00
1093 480.00
1094 420.00
1095 260.00
1096 460.00
1097 440.00
1098 260.00
1099 240.00
1100 380.00
1101 400.00
1102 360.00
1103 440.00
1104 220.00
1105 400.00
1106 460.00
1107 380.00
1108 220.00
1109 340.00
1110 260.00
1111 360.00
1112 460.00
1113 400.00
1114 400.00
1115 320.00
1116 200.00
1117 300.00
1118 340.00
1119 440.00
1120 180.00
1121 340.00
1122 340.00
1123 440.00
1124 500.00
1125 280.00
1126 240.00
1127 440.00
1128 400.00
1129 320.00
1130 240.00
1131 420.00
1132 480.00
1133 240.00
1134 260.00
1135 340.00
1136 340.00
1137 440.00
1138 500.00
1139 440.00
1140 400.00
1141 460.00
1142 440.00
1143 240.00
1144 240.00
1145 400.00
1146 400.00
1147 240.00
1148 220.00
1149 360.00
1150 440.00
1151 220.00
1152 320.00
1153 360.00
1154 340.00
1155 240.00
1156 280.00
1157 460.00
1158 320.00
1159 360.00
1160 480.00
1161 500.00
1162 420.00
1163 440.00
1164 400.00
1165 400.00
1166 440.00
1167 340.00
1168 360.00
1169 480.00
1170 360.00
1171 240.00
1172 420.00
1173 240.00
1174 500.00
1175 280.00
1176 400.00
1177 280.00
1178 480.00
1179 260.00
1180 380.00
1181 360.00
1182 400.00
1183 420.00
1184 360.00
1185 260.00
1186 240.00
1187 480.00
1188 380.00
1189 400.00
1190 400.00
1191 480.00
1192 260.00
1193 440.00
1194 320.00
1195 380.00
1196 500.00
1197 460.00
1198 480.00
1199 280.00
1200 220.00
1201 420.00
1202 320.00
1203 380.00
1204 320.00
1205 500.00
1206 280.00
1207 500.00
1208 440.00
1209 320.00
1210 460.00
1211 460.00
1212 420.00
1213 460.00
1214 440.00
1215 440.00
1216 440.00
1217 360.00
1218 220.00
1219 420.00
1220 280.00
1221 260.00
1222 380.00
1223 420.00
1224 420.00
1225 400.00
1226 380.00
1227 420.00
1228 420.00
1229 420.00
1230 420.00
1231 400.00
1232 240.00
1233 420.00
1234 480.00
1235 240.00
1236 500.00
1237 400.00
1238 420.00
1239 500.00
1240 420.00
1241 440.00
1242 500.00
1243 400.00
1244 240.00
1245 420.00
1246 400.00
1247 480.00
1248 220.00
1249 360.00
1250 400.00
1251 280.00
1252 360.00
1253 240.00
1254 460.00
1255 200.00
1256 260.00
1257 340.00
1258 400.00
1259 360.00
1260 280.00
1261 400.00
1262 340.00
1263 360.00
1264 200.00
1265 240.00
1266 460.00
1267 280.00
1268 240.00
1269 240.00
1270 160.00
1271 300.00
1272 340.00
1273 480.00
1274 340.00
1275 260.00
1276 400.00
1277 460.00
1278 340.00
1279 440.00
1280 440.00
1281 380.00
1282 380.00
1283 440.00
1284 360.00
1285 320.00
1286 300.00
1287 180.00
1288 160.00
1289 200.00
1290 420.00
1291 360.00
1292 460.00
1293 340.00
1294 420.00
1295 200.00
1296 420.00
1297 220.00
1298 380.00
1299 280.00
1300 320.00
1301 280.00
1302 380.00
1303 60.00
1304 400.00
1305 380.00
1306 460.00
1307 400.00
1308 360.00
1309 400.00
1310 500.00
1311 200.00
1312 360.00
1313 340.00
1314 400.00
1315 480.00
1316 500.00
1317 380.00
1318 200.00
1319 200.00
1320 380.00
1321 260.00
1322 220.00
1323 380.00
1324 480.00
1325 220.00
1326 360.00
1327 380.00
1328 460.00
1329 260.00
1330 400.00
1331 200.00
1332 380.00
1333 220.00
1334 320.00
1335 420.00
1336 240.00
1337 360.00
1338 480.00
1339 400.00
1340 340.00
1341 340.00
1342 460.00
1343 240.00
1344 400.00
1345 340.00
1346 380.00
1347 420.00
1348 320.00
1349 400.00
1350 420.00
1351 380.00
1352 460.00
1353 220.00
1354 360.00
1355 420.00
1356 460.00
1357 420.00
1358 360.00
1359 360.00
1360 400.00
1361 460.00
1362 500.00
1363 380.00
1364 380.00
1365 340.00
1366 460.00
1367 420.00
1368 420.00
1369 480.00
1370 460.00
1371 240.00
1372 380.00
1373 380.00
1374 380.00
1375 400.00
1376 440.00
1377 380.00
1378 240.00
1379 440.00
1380 220.00
1381 300.00
1382 280.00
1383 220.00
1384 400.00
1385 220.00
1386 360.00
1387 380.00
1388 460.00
1389 460.00
1390 300.00
1391 380.00
1392 340.00
1393 380.00
1394 240.00
1395 380.00
1396 440.00
1397 460.00
1398 400.00
1399 460.00
1400 400.00
1401 420.00
1402 480.00
1403 460.00
1404 420.00
1405 380.00
1406 440.00
1407 380.00
1408 380.00
1409 400.00
1410 320.00
1411 440.00
1412 440.00
1413 380.00
1414 340.00
1415 220.00
1416 220.00
1417 420.00
1418 400.00
1419 360.00
1420 360.00
1421 400.00
1422 380.00
1423 320.00
1424 460.00
1425 120.00
1426 220.00
1427 420.00
1428 260.00
1429 460.00
1430 480.00
1431 400.00
1432 420.00
1433 400.00
1434 360.00
1435 200.00
1436 240.00
1437 320.00
1438 380.00
1439 460.00
1440 200.00
1441 340.00
1442 360.00
1443 460.00
1444 340.00
1445 240.00
1446 300.00
1447 180.00
1448 460.00
1449 120.00
1450 280.00
1451 320.00
1452 240.00
1453 300.00
1454 420.00
1455 340.00
1456 380.00
1457 260.00
1458 200.00
1459 400.00
1460 360.00
1461 180.00
1462 440.00
1463 340.00
1464 240.00
1465 420.00
1466 420.00
1467 240.00
1468 340.00
1469 340.00
1470 500.00
1471 240.00
1472 220.00
1473 360.00
1474 240.00
1475 380.00
1476 500.00
1477 220.00
1478 380.00
1479 400.00
1480 380.00
1481 480.00
1482 380.00
1483 440.00
1484 340.00
1485 200.00
1486 400.00
1487 440.00
1488 400.00
1489 360.00
1490 280.00
1491 460.00
1492 420.00
1493 260.00
1494 320.00
1495 240.00
1496 360.00
1497 180.00
1498 460.00
1499 380.00
1500 460.00
1501 280.00
1502 340.00
1503 220.00
1504 160.00
1505 320.00
1506 120.00
1507 280.00
1508 200.00
1509 480.00
1510 440.00
1511 440.00
1512 500.00
1513 420.00
1514 240.00
1515 380.00
1516 200.00
1517 500.00
1518 360.00
1519 380.00
1520 500.00
1521 420.00
1522 480.00
1523 480.00
1524 220.00
1525 420.00
1526 440.00
1527 240.00
1528 420.00
1529 300.00
1530 440.00
1531 460.00
1532 440.00
1533 260.00
1534 260.00
1535 380.00
1536 460.00
1537 460.00
1538 480.00
1539 420.00
1540 460.00
1541 500.00
1542 220.00
1543 240.00
1544 260.00
1545 220.00
1546 400.00
1547 420.00
1548 240.00
1549 380.00
1550 280.00
1551 380.00
1552 400.00
1553 360.00
1554 280.00
1555 460.00
1556 360.00
1557 240.00
1558 440.00
1559 420.00
1560 440.00
1561 260.00
1562 440.00
1563 400.00
1564 380.00
1565 500.00
1566 240.00
1567 400.00
1568 320.00
1569 300.00
1570 480.00
1571 480.00
1572 440.00
1573 240.00
1574 500.00
1575 220.00
1576 400.00
1577 240.00
1578 500.00
1579 400.00
1580 280.00
1581 420.00
1582 240.00
1583 420.00
1584 280.00
1585 240.00
1586 360.00
1587 440.00
1588 360.00
1589 380.00
1590 420.00
1591 400.00
1592 220.00
1593 360.00
1594 440.00
1595 400.00
1596 460.00
1597 300.00
1598 440.00
1599 220.00
1600 240.00
1601 400.00
1602 200.00
1603 180.00
1604 320.00
1605 220.00
1606 460.00
1607 240.00
1608 100.00
1609 380.00
1610 500.00
1611 480.00
1612 500.00
1613 420.00
1614 440.00
1615 380.00
1616 500.00
1617 420.00
1618 420.00
1619 200.00
1620 280.00
1621 340.00
1622 400.00
1623 420.00
1624 460.00
1625 440.00
1626 420.00
1627 460.00
1628 420.00
1629 220.00
1630 440.00
1631 360.00
1632 380.00
1633 460.00
1634 460.00
1635 360.00
1636 420.00
1637 400.00
1638 360.00
1639 340.00
1640 440.00
1641 500.00
1642 380.00
1643 420.00
1644 380.00
1645 340.00
1646 180.00
1647 380.00
1648 420.00
1649 320.00
1650 420.00
1651 460.00
1652 420.00
1653 380.00
1654 380.00
1655 420.00
1656 340.00
1657 380.00
1658 380.00
1659 440.00
1660 380.00
1661 300.00
1662 300.00
1663 260.00
1664 400.00
1665 440.00
1666 220.00
1667 220.00
1668 320.00
1669 380.00
1670 360.00
1671 480.00
1672 300.00
1673 240.00
1674 440.00
1675 220.00
1676 380.00
1677 400.00
1678 500.00
1679 240.00
1680 380.00
1681 360.00
1682 400.00
1683 460.00
1684 400.00
1685 360.00
1686 200.00
1687 220.00
1688 400.00
1689 380.00
1690 460.00
1691 200.00
1692 280.00
1693 260.00
1694 420.00
1695 180.00
1696 440.00
1697 440.00
1698 240.00
1699 220.00
1700 380.00
1701 220.00
1702 380.00
1703 340.00
1704 440.00
1705 340.00
1706 180.00
1707 260.00
1708 220.00
1709 380.00
1710 400.00
1711 400.00
1712 460.00
1713 220.00
1714 380.00
1715 420.00
1716 280.00
1717 480.00
1718 220.00
1719 200.00
1720 380.00
1721 440.00
1722 380.00
1723 400.00
1724 240.00
1725 460.00
1726 460.00
1727 400.00
1728 240.00
1729 400.00
1730 460.00
1731 220.00
1732 420.00
1733 420.00
1734 500.00
1735 480.00
1736 360.00
1737 440.00
1738 460.00
1739 440.00
1740 240.00
1741 300.00
1742 240.00
1743 500.00
1744 500.00
1745 400.00
1746 460.00
1747 240.00
1748 340.00
1749 380.00
1750 420.00
1751 220.00
1752 240.00
1753 320.00
1754 340.00
1755 180.00
1756 380.00
1757 340.00
1758 320.00
1759 440.00
1760 500.00
1761 220.00
1762 400.00
1763 440.00
1764 280.00
1765 340.00
1766 180.00
1767 360.00
1768 200.00
1769 340.00
1770 380.00
1771 380.00
1772 360.00
1773 160.00
1774 420.00
1775 340.00
1776 220.00
1777 400.00
1778 360.00
1779 460.00
1780 360.00
1781 180.00
1782 180.00
1783 360.00
1784 420.00
1785 400.00
1786 380.00
1787 380.00
1788 200.00
1789 480.00
1790 240.00
1791 420.00
1792 300.00
1793 420.00
1794 420.00
1795 480.00
1796 200.00
1797 500.00
1798 400.00
1799 220.00
1800 440.00
1801 480.00
1802 480.00
1803 240.00
1804 400.00
1805 420.00
1806 460.00
1807 460.00
1808 460.00
1809 220.00
1810 420.00
1811 480.00
1812 240.00
1813 380.00
1814 480.00
1815 240.00
1816 460.00
1817 340.00
1818 440.00
1819 420.00
1820 420.00
1821 360.00
1822 420.00
1823 360.00
1824 240.00
1825 420.00
1826 400.00
1827 280.00
1828 240.00
1829 400.00
1830 380.00
1831 340.00
1832 400.00
1833 220.00
1834 460.00
1835 360.00
1836 400.00
1837 380.00
1838 500.00
1839 380.00
1840 320.00
1841 420.00
1842 300.00
1843 380.00
1844 220.00
1845 420.00
1846 300.00
1847 400.00
1848 220.00
1849 260.00
1850 360.00
1851 220.00
1852 380.00
1853 460.00
1854 360.00
1855 320.00
1856 440.00
1857 420.00
1858 260.00
1859 320.00
1860 440.00
1861 440.00
1862 400.00
1863 340.00
1864 380.00
1865 320.00
1866 400.00
1867 420.00
1868 420.00
1869 360.00
1870 440.00
1871 420.00
1872 440.00
1873 440.00
1874 400.00
1875 440.00
1876 460.00
1877 300.00
1878 340.00
1879 440.00
1880 460.00
1881 500.00
1882 380.00
1883 420.00
1884 220.00
1885 360.00
1886 360.00
1887 300.00
1888 200.00
1889 400.00
1890 480.00
1891 460.00
1892 340.00
1893 460.00
1894 240.00
1895 400.00
1896 480.00
1897 380.00
1898 280.00
1899 160.00
1900 320.00
1901 420.00
1902 420.00
1903 500.00
1904 220.00
1905 420.00
1906 420.00
1907 420.00
1908 400.00
1909 460.00
1910 320.00
1911 460.00
1912 240.00
1913 420.00
1914 460.00
1915 220.00
1916 320.00
1917 400.00
1918 380.00
1919 220.00
1920 340.00
1921 220.00
1922 220.00
1923 420.00
1924 460.00
1925 220.00
1926 400.00
1927 400.00
1928 380.00
1929 440.00
1930 340.00
1931 320.00
1932 460.00
1933 320.00
1934 440.00
1935 180.00
1936 420.00
1937 380.00
1938 440.00
1939 360.00
1940 460.00
1941 440.00
1942 460.00
1943 220.00
1944 500.00
1945 300.00
1946 360.00
1947 380.00
1948 400.00
1949 420.00
1950 280.00
1951 460.00
1952 420.00
1953 480.00
1954 380.00
1955 280.00
1956 460.00
1957 380.00
1958 380.00
1959 380.00
1960 460.00
1961 400.00
1962 400.00
1963 480.00
1964 420.00
1965 380.00
1966 200.00
1967 460.00
1968 180.00
1969 400.00
1970 260.00
1971 220.00
1972 220.00
1973 440.00
1974 420.00
1975 380.00
1976 400.00
1977 500.00
1978 280.00
1979 400.00
1980 420.00
1981 480.00
1982 220.00
1983 240.00
1984 260.00
1985 360.00
1986 440.00
1987 200.00
1988 380.00
1989 320.00
1990 260.00
1991 500.00
1992 440.00
1993 380.00
1994 500.00
1995 320.00
1996 360.00
1997 220.00
1998 460.00
1999 340.00
2000 300.00
2001 380.00
2002 240.00
2003 200.00
2004 340.00
2005 440.00
2006 480.00
2007 420.00
2008 420.00
2009 240.00
2010 220.00
2011 380.00
2012 180.00
2013 160.00
2014 200.00
2015 200.00
2016 180.00
2017 200.00
2018 140.00
2019 200.00
2020 280.00
2021 260.00
2022 300.00
2023 420.00
2024 400.00
2025 460.00
2026 120.00
2027 240.00
2028 180.00
2029 140.00
2030 180.00
2031 420.00
2032 160.00
2033 480.00
2034 400.00
2035 260.00
2036 440.00
2037 340.00
2038 480.00
2039 500.00
2040 460.00
2041 240.00
2042 180.00
2043 440.00
2044 200.00
2045 420.00
2046 420.00
2047 260.00
2048 380.00
2049 500.00
2050 240.00
2051 340.00
2052 340.00
2053 280.00
2054 400.00
2055 280.00
2056 240.00
2057 380.00
2058 400.00
2059 440.00
2060 400.00
2061 420.00
2062 420.00
2063 380.00
2064 320.00
2065 380.00
2066 380.00
2067 460.00
2068 480.00
2069 220.00
2070 380.00
2071 380.00
2072 460.00
2073 380.00
2074 260.00
2075 440.00
2076 480.00
2077 280.00
2078 380.00
2079 200.00
2080 500.00
2081 420.00
2082 260.00
2083 300.00
2084 400.00
2085 240.00
2086 440.00
2087 440.00
2088 420.00
2089 240.00
2090 220.00
2091 400.00
2092 460.00
2093 300.00
2094 420.00
2095 440.00
2096 440.00
2097 360.00
2098 220.00
2099 420.00
2100 380.00
2101 220.00
2102 440.00
2103 240.00
2104 200.00
2105 440.00
2106 380.00
2107 360.00
2108 380.00
2109 360.00
2110 300.00
2111 360.00
2112 440.00
2113 400.00
2114 380.00
2115 380.00
2116 360.00
2117 220.00
2118 300.00
2119 480.00
2120 380.00
2121 400.00
2122 500.00
2123 500.00
2124 380.00
2125 460.00
2126 500.00
2127 380.00
2128 460.00
2129 480.00
2130 440.00
2131 320.00
2132 480.00
2133 480.00
2134 440.00
2135 460.00
2136 400.00
2137 340.00
2138 380.00
2139 380.00
2140 480.00
2141 440.00
2142 360.00
2143 260.00
2144 360.00
2145 360.00
2146 260.00
2147 280.00
2148 220.00
2149 320.00
2150 300.00
2151 340.00
2152 380.00
2153 320.00
2154 180.00
2155 320.00
2156 380.00
2157 220.00
2158 240.00
2159 460.00
2160 440.00
2161 360.00
2162 240.00
2163 140.00
2164 440.00
2165 260.00
2166 180.00
2167 320.00
2168 440.00
2169 440.00
2170 420.00
2171 440.00
2172 260.00
2173 420.00
2174 320.00
2175 420.00
2176 200.00
2177 380.00
2178 360.00
2179 300.00
2180 300.00
2181 240.00
2182 360.00
2183 200.00
2184 300.00
2185 360.00
2186 360.00
2187 420.00
2188 180.00
2189 400.00
2190 440.00
2191 320.00
2192 300.00
2193 500.00
2194 280.00
2195 340.00
2196 440.00
2197 340.00
2198 320.00
2199 460.00
2200 440.00
2201 460.00
2202 320.00
2203 180.00
2204 220.00
2205 240.00
2206 240.00
2207 400.00
2208 480.00
2209 320.00
2210 460.00
2211 400.00
2212 260.00
2213 220.00
2214 220.00
2215 460.00
2216 220.00
2217 300.00
2218 200.00
2219 420.00
2220 380.00
2221 480.00
2222 400.00
2223 220.00
2224 240.00
2225 380.00
2226 220.00
2227 420.00
2228 460.00
2229 400.00
2230 460.00
2231 240.00
2232 240.00
2233 240.00
2234 340.00
2235 420.00
2236 240.00
2237 360.00
2238 240.00
2239 400.00
2240 340.00
2241 320.00
2242 220.00
2243 180.00
2244 320.00
2245 340.00
2246 280.00
2247 200.00
2248 420.00
2249 420.00
2250 440.00
2251 380.00
2252 320.00
2253 460.00
2254 320.00
2255 280.00
2256 460.00
2257 300.00
2258 360.00
2259 400.00
2260 460.00
2261 180.00
2262 300.00
2263 440.00
2264 340.00
2265 420.00
2266 340.00
2267 380.00
2268 240.00
2269 320.00
2270 400.00
2271 380.00
2272 440.00
2273 440.00
2274 360.00
2275 460.00
2276 240.00
2277 280.00
2278 420.00
2279 420.00
2280 460.00
2281 280.00
2282 220.00
2283 420.00
2284 260.00
2285 280.00
2286 280.00
2287 360.00
2288 460.00
2289 420.00
2290 300.00
2291 420.00
2292 380.00
2293 200.00
2294 340.00
2295 240.00
2296 220.00
2297 440.00
2298 280.00
2299 320.00
2300 500.00
2301 300.00
2302 320.00
2303 240.00
2304 420.00
2305 460.00
2306 220.00
2307 420.00
2308 400.00
2309 460.00
2310 400.00
2311 360.00
2312 240.00
2313 300.00
2314 240.00
2315 200.00
2316 420.00
2317 400.00
2318 400.00
2319 300.00
2320 400.00
2321 240.00
2322 240.00
2323 200.00
2324 480.00
2325 240.00
2326 360.00
2327 440.00
2328 500.00
2329 400.00
2330 380.00
2331 320.00
2332 260.00
2333 240.00
2334 460.00
2335 420.00
2336 200.00
2337 460.00
2338 460.00
2339 480.00
2340 400.00
2341 360.00
2342 380.00
2343 380.00
2344 400.00
2345 400.00
2346 400.00
2347 300.00
2348 220.00
2349 280.00
2350 460.00
2351 440.00
2352 420.00
2353 480.00
2354 480.00
2355 400.00
2356 400.00
2357 420.00
2358 300.00
2359 340.00
2360 500.00
2361 380.00
2362 360.00
2363 460.00
2364 440.00
2365 380.00
2366 400.00
2367 220.00
2368 440.00
2369 500.00
2370 240.00
2371 320.00
2372 240.00
2373 220.00
2374 240.00
2375 480.00
2376 460.00
2377 220.00
2378 400.00
2379 200.00
2380 320.00
2381 300.00
2382 380.00
2383 280.00
2384 220.00
2385 180.00
2386 360.00
2387 360.00
2388 180.00
2389 340.00
2390 500.00
2391 400.00
2392 420.00
2393 360.00
2394 480.00
2395 420.00
2396 200.00
2397 360.00
2398 480.00
2399 360.00
2400 380.00
2401 200.00
2402 280.00
2403 380.00
2404 400.00
2405 280.00
2406 380.00
2407 380.00
2408 200.00
2409 400.00
2410 380.00
2411 260.00
2412 500.00
2413 440.00
2414 240.00
2415 300.00
2416 260.00
2417 180.00
2418 500.00
2419 420.00
2420 220.00
2421 380.00
2422 180.00
2423 400.00
2424 420.00
2425 500.00
2426 200.00
2427 440.00
2428 240.00
2429 480.00
2430 420.00
2431 240.00
2432 440.00
2433 480.00
2434 420.00
2435 380.00
2436 460.00
2437 420.00
2438 340.00
2439 320.00
2440 460.00
2441 420.00
2442 500.00
2443 420.00
2444 420.00
2445 420.00
2446 400.00
2447 480.00
2448 460.00
2449 460.00
2450 400.00
2451 420.00
2452 300.00
2453 380.00
2454 280.00
2455 500.00
2456 340.00
2457 400.00
2458 460.00
2459 220.00
2460 240.00
2461 380.00
2462 320.00
2463 240.00
2464 500.00
2465 380.00
2466 320.00
2467 220.00
2468 400.00
2469 480.00
2470 340.00
2471 340.00
2472 440.00
2473 300.00
2474 440.00
2475 280.00
2476 400.00
2477 240.00
2478 240.00
2479 440.00
2480 240.00
2481 200.00
2482 420.00
2483 420.00
2484 400.00
2485 340.00
2486 380.00
2487 440.00
2488 420.00
2489 240.00
2490 340.00
2491 460.00
2492 480.00
2493 240.00
2494 220.00
2495 240.00
2496 460.00
2497 400.00
2498 480.00
2499 380.00
2500 360.00
2501 260.00
2502 460.00
2503 240.00
2504 420.00
2505 440.00
2506 180.00
2507 300.00
2508 460.00
2509 500.00
2510 460.00
2511 360.00
2512 440.00
2513 220.00
2514 440.00
2515 460.00
2516 220.00
2517 440.00
2518 300.00
2519 400.00
2520 380.00
2521 320.00
2522 220.00
2523 440.00
2524 220.00
2525 420.00
2526 400.00
2527 200.00
2528 240.00
2529 440.00
2530 380.00
2531 260.00
2532 420.00
2533 460.00
2534 220.00
2535 260.00
2536 400.00
2537 420.00
2538 480.00
2539 220.00
2540 200.00
2541 460.00
2542 400.00
2543 280.00
2544 400.00
2545 480.00
2546 300.00
2547 300.00
2548 460.00
2549 460.00
2550 340.00
2551 440.00
2552 460.00
2553 400.00
2554 500.00
2555 440.00
2556 440.00
2557 400.00
2558 220.00
2559 500.00
2560 340.00
2561 260.00
2562 400.00
2563 420.00
2564 440.00
2565 340.00
2566 460.00
2567 440.00
2568 280.00
2569 440.00
2570 220.00
2571 400.00
2572 380.00
2573 500.00
2574 440.00
2575 220.00
2576 420.00
2577 240.00
2578 200.00
2579 180.00
2580 440.00
2581 420.00
2582 460.00
2583 240.00
2584 460.00
2585 360.00
2586 480.00
2587 240.00
2588 240.00
2589 220.00
2590 460.00
2591 440.00
2592 460.00
2593 220.00
2594 420.00
2595 440.00
2596 320.00
2597 420.00
2598 300.00
2599 280.00
2600 460.00
2601 460.00
2602 440.00
2603 240.00
2604 240.00
2605 460.00
2606 500.00
2607 360.00
2608 360.00
2609 440.00
2610 440.00
2611 380.00
2612 300.00
2613 420.00
2614 180.00
2615 440.00
2616 340.00
2617 460.00
2618 440.00
2619 260.00
2620 320.00
2621 200.00
2622 420.00
2623 340.00
2624 360.00
2625 220.00
2626 400.00
2627 460.00
2628 480.00
2629 420.00
2630 480.00
2631 420.00
2632 420.00
2633 200.00
2634 460.00
2635 360.00
2636 480.00
2637 380.00
2638 240.00
2639 380.00
2640 440.00
2641 400.00
2642 460.00
2643 340.00
2644 420.00
2645 360.00
2646 440.00
2647 340.00
2648 460.00
2649 380.00
2650 440.00
2651 160.00
2652 320.00
2653 360.00
2654 460.00
2655 200.00
2656 380.00
2657 460.00
2658 480.00
2659 460.00
2660 380.00
2661 360.00
2662 480.00
2663 320.00
2664 420.00
2665 300.00
2666 320.00
2667 440.00
2668 280.00
2669 240.00
2670 220.00
2671 160.00
2672 420.00
2673 440.00
2674 360.00
2675 340.00
2676 180.00
2677 260.00
2678 200.00
2679 320.00
2680 380.00
2681 360.00
2682 340.00
2683 360.00
2684 280.00
2685 360.00
2686 380.00
2687 400.00
2688 480.00
2689 460.00
2690 280.00
2691 440.00
2692 240.00
2693 440.00
2694 420.00
2695 440.00
2696 380.00
2697 240.00
2698 440.00
2699 460.00
2700 440.00
2701 340.00
2702 420.00
2703 360.00
2704 460.00
2705 360.00
2706 500.00
2707 420.00
2708 360.00
2709 440.00
2710 480.00
2711 380.00
2712 380.00
2713 460.00
2714 360.00
2715 240.00
2716 460.00
2717 260.00
2718 180.00
2719 380.00
2720 240.00
2721 180.00
2722 400.00
2723 420.00
2724 380.00
2725 440.00
2726 380.00
2727 380.00
2728 300.00
2729 380.00
2730 500.00
2731 460.00
2732 380.00
2733 360.00
2734 400.00
2735 380.00
2736 360.00
2737 360.00
2738 380.00
2739 400.00
2740 400.00
2741 420.00
2742 340.00
2743 420.00
2744 420.00
2745 240.00
2746 200.00
2747 300.00
2748 200.00
2749 300.00
2750 200.00
2751 340.00
2752 360.00
2753 180.00
2754 380.00
2755 240.00
2756 400.00
2757 260.00
2758 240.00
2759 400.00
2760 280.00
2761 360.00
2762 320.00
2763 480.00
2764 340.00
2765 360.00
2766 320.00
2767 280.00
2768 180.00
2769 320.00
2770 300.00
2771 360.00
2772 400.00
2773 220.00
2774 420.00
2775 200.00
2776 380.00
2777 380.00
2778 480.00
2779 260.00
2780 220.00
2781 500.00
2782 240.00
2783 240.00
2784 240.00
2785 220.00
2786 240.00
2787 440.00
2788 400.00
2789 460.00
2790 480.00
2791 220.00
2792 220.00
2793 400.00
2794 380.00
2795 320.00
2796 500.00
2797 280.00
2798 400.00
2799 220.00
2800 280.00
2801 200.00
2802 380.00
2803 500.00
2804 380.00
2805 460.00
2806 420.00
2807 260.00
2808 340.00
2809 440.00
2810 400.00
2811 340.00
2812 400.00
2813 380.00
2814 340.00
2815 420.00
2816 440.00
2817 460.00
2818 320.00
2819 380.00
2820 300.00
2821 200.00
2822 360.00
2823 380.00
2824 240.00
2825 340.00
2826 500.00
2827 440.00
2828 400.00
2829 480.00
2830 440.00
2831 500.00
2832 380.00
2833 220.00
2834 440.00
2835 440.00
2836 420.00
2837 240.00
2838 360.00
2839 320.00
2840 380.00
2841 440.00
2842 340.00
2843 380.00
2844 420.00
2845 440.00
2846 420.00
2847 440.00
2848 400.00
2849 400.00
2850 240.00
2851 500.00
2852 200.00
2853 380.00
2854 500.00
2855 360.00
2856 460.00
2857 480.00
2858 420.00
2859 340.00
2860 400.00
2861 180.00
2862 440.00
2863 420.00
2864 300.00
2865 420.00
2866 380.00
2867 320.00
2868 440.00
2869 320.00
2870 360.00
2871 340.00
2872 440.00
2873 320.00
2874 360.00
2875 460.00
2876 380.00
2877 340.00
2878 360.00
2879 380.00
2880 420.00
2881 340.00
2882 480.00
2883 320.00
2884 420.00
2885 180.00
2886 400.00
2887 380.00
2888 500.00
2889 480.00
2890 420.00
2891 360.00
2892 500.00
2893 200.00
2894 400.00
2895 420.00
2896 240.00
2897 280.00
2898 260.00
2899 240.00
2900 340.00
2901 280.00
2902 260.00
2903 240.00
2904 340.00
2905 440.00
2906 200.00
2907 420.00
2908 280.00
2909 420.00
2910 180.00
2911 420.00
2912 220.00
2913 380.00
2914 480.00
2915 460.00
2916 320.00
2917 460.00
2918 280.00
2919 320.00
2920 340.00
2921 420.00
2922 440.00
2923 300.00
2924 420.00
2925 360.00
2926 500.00
2927 260.00
2928 220.00
2929 400.00
2930 380.00
2931 400.00
2932 420.00
2933 440.00
2934 460.00
2935 460.00
2936 420.00
2937 400.00
2938 400.00
2939 440.00
2940 360.00
2941 400.00
2942 240.00
2943 440.00
2944 240.00
2945 380.00
2946 480.00
2947 380.00
2948 220.00
2949 480.00
2950 460.00
2951 480.00
2952 300.00
2953 500.00
2954 460.00
2955 200.00
2956 240.00
2957 180.00
2958 460.00
2959 420.00
2960 300.00
2961 360.00
2962 440.00
2963 220.00
2964 240.00
2965 360.00
2966 120.00
2967 200.00
2968 440.00
2969 440.00
2970 200.00
2971 360.00
2972 320.00
2973 280.00
2974 240.00
2975 260.00
2976 480.00
2977 320.00
2978 320.00
2979 280.00
2980 300.00
2981 180.00
2982 320.00
2983 260.00
2984 460.00
2985 280.00
2986 200.00
2987 360.00
2988 320.00
2989 440.00
2990 380.00
2991 480.00
2992 360.00
2993 400.00
2994 340.00
2995 300.00
2996 380.00
2997 500.00
2998 400.00
2999 240.00
