0 336.23
30 326.57
60 338.13
90 325.30
120 314.67
150 324.17
180 303.67
210 340.57
240 347.90
270 331.70
300 343.10
330 350.10
360 335.47
390 373.63
420 399.80
450 385.73
480 386.50
510 394.13
540 403.10
570 364.63
600 378.37
630 360.13
660 349.67
690 369.17
720 349.10
750 352.17
780 360.97
810 410.27
840 393.37
870 396.60
900 388.10
930 406.60
960 376.93
990 380.17
1020 381.73
1050 375.33
1080 381.90
1110 383.17
1140 380.43
1170 361.07
1200 388.17
1230 370.20
1260 376.37
1290 380.97
1320 379.50
1350 365.13
1380 370.10
1410 402.93
1440 391.27
1470 396.07
1500 388.77
1530 401.47
1560 374.73
1590 387.03
1620 372.13
1650 367.63
1680 384.27
1710 360.10
1740 372.40
1770 353.90
1800 378.27
1830 355.40
1860 361.83
1890 363.90
1920 376.17
1950 360.50
1980 358.30
2010 395.33
2040 370.37
2070 382.27
2100 382.57
2130 392.30
2160 367.40
2190 388.80
2220 394.50
2250 391.53
2280 398.90
2310 393.80
2340 401.97
2370 370.67
2400 411.13
2430 390.03
2460 397.50
2490 400.67
2520 407.53
2550 390.73
2580 386.33
2610 402.97
2640 384.97
2670 384.40
2700 388.27
2730 402.47
2760 375.37
2790 386.47
2820 390.67
2850 379.93
2880 392.37
2910 388.37
2940 393.87
2970 360.57
