0 120.00
1 158.67
2 155.33
3 248.67
4 201.33
5 186.67
6 226.00
7 188.00
8 228.00
9 201.33
10 197.33
11 185.33
12 208.67
13 180.67
14 304.00
15 289.33
16 180.67
17 239.33
18 204.00
19 215.33
20 216.00
21 244.67
22 190.67
23 240.00
24 275.33
25 231.33
26 248.00
27 220.00
28 315.33
29 234.67
30 214.00
31 222.67
32 213.33
33 324.00
34 268.00
35 219.33
36 258.00
37 220.00
38 359.33
39 364.67
40 214.67
41 244.00
42 332.00
43 214.67
44 227.33
45 204.00
46 214.67
47 223.33
48 206.67
49 262.00
50 278.00
51 234.00
52 232.67
53 332.00
54 190.00
55 200.00
56 214.67
57 204.00
58 320.00
59 177.33
60 266.67
61 258.67
62 372.67
63 280.00
64 329.33
65 272.67
66 208.00
67 212.67
68 204.00
69 266.00
70 203.33
71 197.33
72 358.00
73 208.67
74 226.00
75 201.33
76 202.67
77 274.00
78 216.67
79 218.67
80 250.00
81 206.67
82 268.00
83 222.67
84 249.33
85 239.33
86 259.33
87 223.33
88 234.00
89 204.67
90 307.33
91 308.00
92 210.00
93 381.33
94 214.67
95 330.67
96 221.33
97 242.00
98 257.33
99 187.33
100 211.33
101 206.67
102 192.00
103 316.00
104 306.67
105 206.67
106 356.67
107 216.67
108 308.67
109 380.67
110 390.00
111 212.67
112 218.00
113 228.67
114 215.33
115 321.33
116 210.00
117 222.67
118 240.00
119 216.00
120 214.00
121 346.00
122 229.33
123 213.33
124 359.33
125 326.67
126 288.00
127 335.33
128 232.67
129 294.67
130 211.33
131 200.67
132 214.67
133 228.67
134 173.33
135 350.00
136 186.67
137 230.00
138 198.67
139 354.00
140 200.00
141 214.67
142 367.33
143 230.00
144 192.67
145 182.00
146 205.33
147 208.00
148 204.67
149 218.00
150 326.67
151 178.67
152 217.33
153 274.00
154 209.33
155 211.33
156 225.33
157 241.33
158 241.33
159 234.67
160 254.00
161 188.67
162 226.00
163 187.33
164 280.00
165 342.67
166 384.00
167 194.67
168 308.00
169 204.00
170 364.00
171 210.67
172 262.67
173 326.00
174 224.67
175 241.33
176 214.00
177 222.67
178 218.00
179 199.33
180 196.67
181 281.33
182 199.33
183 202.00
184 187.33
185 216.00
186 212.67
187 214.67
188 220.00
189 242.67
190 290.00
191 228.00
192 241.33
193 222.67
194 202.00
195 269.33
196 252.67
197 207.33
198 322.67
199 256.00
200 206.67
201 360.00
202 500.00
203 193.33
204 226.67
205 253.33
206 380.00
207 212.67
208 219.33
209 450.00
210 217.33
211 254.67
212 225.33
213 314.00
214 227.33
215 230.67
216 278.67
217 470.67
218 209.33
219 328.67
220 219.33
221 234.00
222 279.33
223 252.67
224 272.00
225 271.33
226 208.67
227 291.33
228 363.33
229 270.00
230 193.33
231 217.33
232 198.67
233 221.33
234 305.33
235 266.00
236 220.00
237 222.00
238 221.33
239 219.33
240 269.33
241 392.67
242 196.67
243 212.00
244 290.00
245 284.67
246 216.00
247 454.67
248 396.67
249 243.33
250 198.00
251 318.00
252 468.00
253 294.00
254 364.00
255 279.33
256 300.00
257 230.67
258 224.67
259 246.00
260 247.33
261 358.67
262 212.67
263 425.33
264 180.00
265 212.67
266 241.33
267 477.33
268 448.67
269 229.33
270 238.67
271 224.67
272 406.67
273 239.33
274 216.00
275 229.33
276 437.33
277 228.00
278 283.33
279 219.33
280 296.00
281 441.33
282 414.67
283 264.00
284 212.67
285 344.67
286 254.67
287 254.67
288 210.00
289 246.00
290 258.00
291 278.67
292 256.00
293 225.33
294 448.00
295 229.33
296 355.33
297 245.33
298 256.00
299 400.00
300 384.67
301 232.00
302 423.33
303 222.67
304 360.67
305 236.67
306 341.33
307 258.67
308 276.67
309 236.67
310 421.33
311 224.67
312 230.00
313 234.00
314 242.67
315 414.00
316 248.00
317 223.33
318 322.67
319 267.33
320 463.33
321 221.33
322 452.00
323 482.67
324 260.00
325 452.67
326 238.00
327 270.00
328 341.33
329 256.67
330 252.00
331 248.67
332 248.00
333 214.67
334 196.67
335 244.00
336 427.33
337 415.33
338 315.33
339 258.00
340 244.67
341 415.33
342 430.00
343 286.00
344 302.67
345 450.67
346 250.67
347 357.33
348 326.00
349 322.00
350 338.67
351 254.00
352 234.00
353 276.00
354 420.67
355 243.33
356 292.00
357 266.67
358 238.00
359 349.33
360 409.33
361 251.33
362 289.33
363 300.00
364 407.33
365 258.67
366 236.00
367 328.00
368 250.67
369 214.00
370 238.00
371 246.00
372 292.00
373 258.67
374 438.00
375 470.00
376 312.67
377 262.67
378 269.33
379 296.00
380 278.67
381 265.33
382 297.33
383 291.33
384 248.00
385 388.67
386 208.00
387 226.67
388 277.33
389 472.67
390 296.00
391 246.00
392 331.33
393 408.67
394 181.33
395 460.67
396 326.67
397 283.33
398 273.33
399 230.67
400 344.67
401 195.33
402 252.67
403 216.00
404 312.00
405 250.67
406 209.33
407 285.33
408 280.00
409 289.33
410 399.33
411 449.33
412 326.67
413 220.00
414 210.00
415 358.00
416 231.33
417 223.33
418 349.33
419 225.33
420 318.00
421 364.00
422 235.33
423 236.00
424 302.67
425 270.67
426 233.33
427 221.33
428 356.00
429 180.67
430 253.33
431 363.33
432 407.33
433 291.33
434 283.33
435 332.00
436 448.67
437 203.33
438 307.33
439 238.67
440 346.00
441 228.67
442 477.33
443 248.67
444 198.67
445 185.33
446 288.00
447 251.33
448 393.33
449 418.67
450 298.67
451 232.00
452 210.67
453 396.67
454 337.33
455 440.00
456 232.67
457 310.00
458 474.00
459 273.33
460 329.33
461 216.67
462 325.33
463 258.67
464 286.67
465 258.67
466 242.00
467 284.67
468 306.00
469 223.33
470 307.33
471 366.00
472 326.67
473 236.00
474 228.00
475 193.33
476 236.67
477 229.33
478 476.67
479 238.67
480 235.33
481 340.00
482 244.00
483 250.00
484 214.00
485 424.67
486 292.67
487 266.00
488 470.00
489 282.67
490 290.67
491 294.67
492 412.00
493 294.00
494 252.67
495 240.00
496 349.33
497 456.67
498 262.00
499 254.67
500 335.33
501 244.00
502 462.00
503 273.33
504 187.33
505 355.33
506 206.00
507 234.67
508 301.33
509 282.00
510 383.33
511 377.33
512 179.33
513 306.67
514 298.67
515 298.67
516 274.67
517 228.67
518 263.33
519 217.33
520 334.00
521 425.33
522 242.00
523 292.67
524 437.33
525 420.67
526 462.67
527 470.00
528 224.67
529 312.00
530 380.00
531 258.67
532 315.33
533 261.33
534 272.67
535 468.00
536 332.67
537 435.33
538 262.00
539 354.00
540 322.00
541 362.00
542 242.67
543 334.00
544 253.33
545 289.33
546 230.00
547 306.67
548 430.00
549 323.33
550 224.00
551 261.33
552 253.33
553 280.67
554 468.00
555 284.00
556 236.67
557 484.67
558 282.67
559 250.67
560 324.67
561 236.00
562 260.00
563 203.33
564 281.33
565 352.00
566 338.00
567 255.33
568 386.00
569 310.67
570 462.67
571 290.00
572 330.00
573 310.00
574 482.67
575 380.67
576 272.00
577 482.67
578 220.67
579 275.33
580 307.33
581 318.00
582 301.33
583 304.67
584 246.67
585 208.67
586 270.00
587 324.00
588 256.67
589 213.33
590 214.67
591 281.33
592 242.67
593 250.00
594 241.33
595 221.33
596 284.67
597 319.33
598 417.33
599 264.67
600 326.00
601 270.67
602 186.00
603 264.67
604 402.67
605 458.00
606 260.67
607 317.33
608 58.00
609 246.67
610 188.00
611 294.00
612 279.33
613 216.67
614 294.67
615 250.67
616 236.00
617 258.67
618 272.67
619 275.33
620 378.67
621 244.00
622 286.67
623 284.67
624 469.33
625 285.33
626 269.33
627 271.33
628 368.67
629 294.67
630 321.33
631 264.00
632 259.33
633 256.67
634 238.00
635 270.67
636 195.33
637 191.33
638 251.33
639 354.00
640 197.33
641 388.00
642 500.00
643 448.67
644 382.00
645 228.00
646 212.67
647 474.67
648 312.00
649 298.00
650 242.67
651 452.00
652 392.00
653 228.67
654 307.33
655 229.33
656 325.33
657 419.33
658 282.67
659 286.67
660 365.33
661 387.33
662 245.33
663 303.33
664 232.67
665 318.67
666 338.67
667 297.33
668 225.33
669 302.67
670 232.67
671 210.00
672 211.33
673 280.67
674 325.33
675 300.67
676 436.00
677 262.00
678 298.67
679 255.33
680 455.33
681 314.67
682 373.33
683 369.33
684 230.00
685 328.67
686 344.00
687 398.67
688 282.00
689 190.67
690 204.00
691 489.33
692 413.33
693 303.33
694 400.00
695 445.33
696 280.00
697 261.33
698 305.33
699 449.33
700 307.33
701 218.00
702 220.67
703 316.00
704 301.33
705 346.67
706 500.00
707 258.00
708 390.00
709 305.33
710 460.00
711 338.00
712 376.00
713 217.33
714 230.00
715 298.00
716 335.33
717 302.67
718 297.33
719 248.00
720 177.33
721 236.67
722 216.67
723 309.33
724 286.67
725 302.67
726 370.67
727 271.33
728 380.67
729 266.00
730 279.33
731 356.67
732 435.33
733 250.67
734 288.00
735 424.00
736 457.33
737 319.33
738 270.00
739 264.00
740 292.00
741 301.33
742 294.67
743 445.33
744 302.67
745 325.33
746 222.00
747 296.00
748 290.67
749 398.67
750 267.33
751 199.33
752 283.33
753 284.00
754 305.33
755 228.00
756 245.33
757 284.00
758 257.33
759 251.33
760 270.00
761 250.00
762 208.00
763 267.33
764 242.00
765 204.67
766 256.67
767 465.33
768 248.67
769 336.67
770 242.00
771 242.00
772 311.33
773 260.67
774 283.33
775 281.33
776 232.00
777 291.33
778 469.33
779 245.33
780 371.33
781 246.67
782 365.33
783 294.67
784 220.00
785 407.33
786 362.00
787 467.33
788 364.00
789 263.33
790 264.00
791 235.33
792 237.33
793 346.00
794 245.33
795 242.67
796 271.33
797 368.00
798 380.67
799 238.67
800 440.00
801 136.67
802 361.33
803 272.67
804 311.33
805 194.00
806 485.33
807 220.67
808 301.33
809 238.00
810 192.00
811 192.00
812 207.33
813 216.00
814 264.00
815 342.67
816 341.33
817 337.33
818 222.67
819 294.00
820 299.33
821 274.00
822 250.00
823 281.33
824 266.67
825 182.67
826 306.67
827 326.67
828 237.33
829 238.00
830 359.33
831 366.67
832 271.33
833 500.00
834 317.33
835 329.33
836 172.00
837 356.67
838 313.33
839 340.67
840 315.33
841 236.67
842 407.33
843 284.00
844 280.00
845 377.33
846 317.33
847 366.00
848 259.33
849 309.33
850 312.67
851 301.33
852 300.00
853 228.67
854 480.00
855 323.33
856 465.33
857 253.33
858 338.67
859 352.67
860 210.67
861 256.00
862 269.33
863 428.00
864 500.00
865 210.67
866 305.33
867 382.00
868 390.00
869 227.33
870 253.33
871 394.00
872 322.67
873 500.00
874 462.67
875 324.67
876 328.00
877 399.33
878 250.00
879 258.67
880 206.67
881 357.33
882 343.33
883 335.33
884 195.33
885 415.33
886 373.33
887 278.67
888 452.67
889 303.33
890 458.00
891 482.00
892 321.33
893 357.33
894 330.67
895 355.33
896 304.67
897 334.67
898 287.33
899 326.67
900 247.33
901 292.00
902 461.33
903 298.67
904 350.00
905 342.00
906 266.67
907 309.33
908 484.00
909 340.67
910 282.67
911 279.33
912 316.00
913 423.33
914 216.00
915 318.67
916 220.67
917 428.00
918 366.00
919 323.33
920 386.67
921 232.00
922 332.00
923 294.00
924 307.33
925 384.00
926 307.33
927 334.00
928 300.67
929 341.33
930 391.33
931 256.67
932 296.67
933 381.33
934 332.00
935 432.67
936 328.67
937 230.67
938 261.33
939 362.67
940 290.00
941 197.33
942 287.33
943 294.00
944 338.00
945 378.67
946 228.00
947 242.67
948 274.00
949 214.00
950 388.00
951 239.33
952 323.33
953 359.33
954 314.00
955 261.33
956 353.33
957 357.33
958 294.00
959 356.00
960 243.33
961 327.33
962 298.67
963 449.33
964 335.33
965 212.00
966 328.00
967 272.67
968 472.00
969 276.00
970 289.33
971 220.00
972 337.33
973 214.00
974 217.33
975 456.67
976 252.00
977 339.33
978 249.33
979 415.33
980 214.67
981 300.67
982 230.00
983 301.33
984 468.00
985 282.00
986 261.33
987 285.33
988 206.67
989 301.33
990 210.67
991 298.67
992 253.33
993 402.00
994 248.67
995 414.00
996 264.00
997 212.00
998 274.00
999 278.67
1000 240.00
1001 453.33
1002 193.33
1003 199.33
1004 241.33
1005 201.33
1006 216.00
1007 336.67
1008 350.67
1009 270.00
1010 302.67
1011 244.67
1012 388.67
1013 243.33
1014 112.00
1015 282.00
1016 209.33
1017 307.33
1018 314.67
1019 221.33
1020 370.67
1021 365.33
1022 464.67
1023 210.67
1024 265.33
1025 286.00
1026 234.00
1027 311.33
1028 217.33
1029 280.00
1030 343.33
1031 226.67
1032 373.33
1033 228.00
1034 220.00
1035 293.33
1036 150.67
1037 172.67
1038 328.67
1039 312.00
1040 235.33
1041 448.67
1042 279.33
1043 367.33
1044 321.33
1045 190.00
1046 236.67
1047 254.00
1048 246.00
1049 438.00
1050 285.33
1051 260.00
1052 447.33
1053 440.67
1054 298.00
1055 472.00
1056 228.00
1057 251.33
1058 310.00
1059 240.00
1060 450.00
1061 213.33
1062 464.67
1063 330.67
1064 294.67
1065 432.00
1066 300.00
1067 381.33
1068 411.33
1069 500.00
1070 257.33
1071 376.67
1072 340.00
1073 414.00
1074 256.00
1075 286.00
1076 265.33
1077 240.67
1078 254.00
1079 321.33
1080 362.67
1081 217.33
1082 232.00
1083 172.67
1084 198.67
1085 216.67
1086 282.00
1087 254.00
1088 238.67
1089 359.33
1090 408.67
1091 352.67
1092 300.00
1093 494.67
1094 283.33
1095 264.67
1096 428.67
1097 246.67
1098 290.00
1099 469.33
1100 246.00
1101 404.00
1102 338.00
1103 304.00
1104 282.00
1105 276.00
1106 260.00
1107 214.67
1108 476.67
1109 258.00
1110 208.00
1111 220.00
1112 310.67
1113 267.33
1114 219.33
1115 339.33
1116 225.33
1117 272.00
1118 450.67
1119 275.33
1120 238.00
1121 273.33
1122 205.33
1123 300.00
1124 320.67
1125 482.67
1126 325.33
1127 312.00
1128 300.00
1129 429.33
1130 207.33
1131 441.33
1132 296.00
1133 340.67
1134 242.00
1135 315.33
1136 308.00
1137 315.33
1138 262.00
1139 209.33
1140 282.67
1141 317.33
1142 340.00
1143 312.00
1144 212.00
1145 312.00
1146 270.00
1147 330.67
1148 432.67
1149 432.00
1150 374.00
1151 342.00
1152 299.33
1153 319.33
1154 353.33
1155 320.00
1156 494.00
1157 426.67
1158 308.00
1159 268.00
1160 406.00
1161 292.67
1162 336.00
1163 202.00
1164 205.33
1165 232.00
1166 192.00
1167 276.00
1168 222.67
1169 356.67
1170 222.67
1171 366.67
1172 222.00
1173 234.67
1174 366.00
1175 314.67
1176 275.33
1177 227.33
1178 298.00
1179 305.33
1180 300.00
1181 438.00
1182 474.67
1183 281.33
1184 297.33
1185 447.33
1186 311.33
1187 334.00
1188 319.33
1189 222.00
1190 292.00
1191 303.33
1192 420.00
1193 457.33
1194 379.33
1195 196.00
1196 294.67
1197 237.33
1198 437.33
1199 236.67
1200 329.33
1201 238.67
1202 170.67
1203 460.00
1204 334.00
1205 348.00
1206 420.00
1207 196.00
1208 477.33
1209 349.33
1210 386.00
1211 400.00
1212 312.00
1213 480.00
1214 368.00
1215 290.67
1216 361.33
1217 440.00
1218 372.67
1219 269.33
1220 496.00
1221 315.33
1222 476.00
1223 214.00
1224 273.33
1225 220.00
1226 438.00
1227 498.67
1228 342.67
1229 460.00
1230 480.00
1231 313.33
1232 262.00
1233 220.00
1234 408.67
1235 500.00
1236 428.00
1237 214.00
1238 359.33
1239 317.33
1240 442.67
1241 394.67
1242 480.00
1243 348.00
1244 248.67
1245 426.67
1246 206.00
1247 358.00
1248 437.33
1249 366.00
1250 266.67
1251 480.00
1252 413.33
1253 439.33
1254 219.33
1255 223.33
1256 351.33
1257 265.33
1258 280.00
1259 384.00
1260 342.67
1261 322.00
1262 268.67
1263 300.67
1264 374.00
1265 324.00
1266 314.67
1267 323.33
1268 296.00
1269 303.33
1270 240.00
1271 124.00
1272 177.33
1273 248.00
1274 264.00
1275 189.33
1276 480.00
1277 346.00
1278 282.00
1279 352.67
1280 474.67
1281 258.00
1282 306.67
1283 282.00
1284 219.33
1285 288.00
1286 282.67
1287 296.00
1288 305.33
1289 400.00
1290 290.00
1291 312.67
1292 210.00
1293 233.33
1294 448.67
1295 237.33
1296 318.00
1297 261.33
1298 378.00
1299 458.67
1300 322.00
1301 346.67
1302 193.33
1303 201.33
1304 500.00
1305 445.33
1306 336.67
1307 349.33
1308 320.00
1309 272.67
1310 230.67
1311 264.00
1312 173.33
1313 296.67
1314 377.33
1315 492.00
1316 237.33
1317 442.00
1318 226.00
1319 292.67
1320 405.33
1321 310.00
1322 342.00
1323 280.00
1324 258.67
1325 468.00
1326 328.00
1327 280.00
1328 274.00
1329 330.00
1330 467.33
1331 324.00
1332 303.33
1333 288.67
1334 293.33
1335 239.33
1336 454.67
1337 478.67
1338 291.33
1339 256.00
1340 242.00
1341 239.33
1342 420.00
1343 301.33
1344 500.00
1345 361.33
1346 276.00
1347 222.67
1348 314.00
1349 418.67
1350 208.67
1351 260.67
1352 256.00
1353 346.00
1354 217.33
1355 257.33
1356 260.00
1357 232.00
1358 495.33
1359 314.67
1360 309.33
1361 234.00
1362 244.00
1363 472.67
1364 329.33
1365 343.33
1366 272.67
1367 241.33
1368 334.67
1369 350.00
1370 424.00
1371 238.67
1372 446.67
1373 272.67
1374 268.67
1375 382.00
1376 186.67
1377 384.67
1378 453.33
1379 499.33
1380 379.33
1381 480.67
1382 234.67
1383 242.67
1384 452.67
1385 444.67
1386 254.67
1387 472.00
1388 272.00
1389 343.33
1390 240.00
1391 263.33
1392 206.00
1393 412.67
1394 449.33
1395 242.00
1396 307.33
1397 460.00
1398 348.00
1399 236.67
1400 240.00
1401 206.00
1402 130.67
1403 396.00
1404 418.67
1405 224.67
1406 432.67
1407 460.00
1408 318.67
1409 386.00
1410 452.00
1411 242.67
1412 454.00
1413 372.00
1414 495.33
1415 260.00
1416 340.00
1417 418.00
1418 258.00
1419 444.00
1420 232.67
1421 352.00
1422 165.33
1423 280.00
1424 274.67
1425 265.33
1426 213.33
1427 408.00
1428 300.00
1429 266.67
1430 265.33
1431 302.67
1432 236.00
1433 257.33
1434 286.00
1435 397.33
1436 381.33
1437 403.33
1438 382.00
1439 221.33
1440 418.00
1441 213.33
1442 344.00
1443 334.00
1444 498.67
1445 298.00
1446 284.67
1447 225.33
1448 440.67
1449 422.00
1450 287.33
1451 440.67
1452 346.00
1453 421.33
1454 240.00
1455 424.67
1456 288.67
1457 208.67
1458 483.33
1459 375.33
1460 243.33
1461 221.33
1462 276.67
1463 228.67
1464 458.00
1465 366.00
1466 220.67
1467 263.33
1468 324.67
1469 272.67
1470 268.67
1471 204.67
1472 420.67
1473 387.33
1474 310.67
1475 388.00
1476 337.33
1477 306.00
1478 244.67
1479 478.67
1480 364.00
1481 352.67
1482 448.67
1483 262.00
1484 364.67
1485 377.33
1486 430.67
1487 314.00
1488 324.00
1489 265.33
1490 364.00
1491 309.33
1492 452.67
1493 250.00
1494 297.33
1495 344.67
1496 317.33
1497 270.67
1498 406.00
1499 326.00
1500 292.00
1501 275.33
1502 407.33
1503 250.00
1504 230.67
1505 336.00
1506 318.00
1507 466.67
1508 304.67
1509 235.33
1510 350.00
1511 253.33
1512 245.33
1513 308.00
1514 480.00
1515 500.00
1516 250.67
1517 255.33
1518 466.00
1519 452.67
1520 226.67
1521 338.67
1522 311.33
1523 500.00
1524 261.33
1525 250.00
1526 326.00
1527 415.33
1528 292.67
1529 466.67
1530 354.00
1531 295.33
1532 218.67
1533 232.00
1534 400.67
1535 434.67
1536 313.33
1537 441.33
1538 297.33
1539 237.33
1540 236.00
1541 348.67
1542 479.33
1543 404.00
1544 280.00
1545 324.67
1546 386.67
1547 268.67
1548 348.67
1549 183.33
1550 346.67
1551 339.33
1552 310.67
1553 371.33
1554 288.00
1555 318.00
1556 180.67
1557 234.67
1558 328.67
1559 263.33
1560 427.33
1561 306.00
1562 438.00
1563 374.67
1564 340.67
1565 283.33
1566 288.00
1567 326.67
1568 380.00
1569 276.67
1570 296.67
1571 241.33
1572 230.00
1573 435.33
1574 337.33
1575 414.67
1576 379.33
1577 383.33
1578 442.67
1579 448.67
1580 254.67
1581 368.67
1582 215.33
1583 265.33
1584 317.33
1585 446.00
1586 328.67
1587 293.33
1588 373.33
1589 470.67
1590 242.00
1591 297.33
1592 462.00
1593 314.00
1594 213.33
1595 236.00
1596 277.33
1597 347.33
1598 432.00
1599 204.67
1600 233.33
1601 340.00
1602 312.00
1603 386.67
1604 432.67
1605 304.00
1606 447.33
1607 294.67
1608 397.33
1609 323.33
1610 480.00
1611 300.00
1612 386.00
1613 480.00
1614 320.67
1615 262.00
1616 338.67
1617 348.00
1618 228.67
1619 408.00
1620 436.67
1621 469.33
1622 326.67
1623 426.67
1624 452.00
1625 389.33
1626 315.33
1627 414.67
1628 399.33
1629 475.33
1630 480.00
1631 252.67
1632 499.33
1633 448.67
1634 240.67
1635 230.00
1636 332.00
1637 300.00
1638 438.67
1639 353.33
1640 304.67
1641 459.33
1642 320.67
1643 299.33
1644 372.00
1645 411.33
1646 234.00
1647 374.67
1648 300.00
1649 281.33
1650 458.00
1651 392.67
1652 333.33
1653 332.00
1654 263.33
1655 269.33
1656 310.00
1657 251.33
1658 213.33
1659 379.33
1660 244.67
1661 335.33
1662 410.67
1663 368.67
1664 377.33
1665 446.00
1666 195.33
1667 323.33
1668 269.33
1669 226.67
1670 299.33
1671 237.33
1672 230.67
1673 265.33
1674 392.00
1675 487.33
1676 257.33
1677 270.00
1678 307.33
1679 293.33
1680 403.33
1681 434.00
1682 466.00
1683 231.33
1684 310.67
1685 320.00
1686 326.00
1687 254.00
1688 282.67
1689 286.00
1690 259.33
1691 272.67
1692 441.33
1693 370.00
1694 424.67
1695 398.00
1696 304.67
1697 321.33
1698 396.00
1699 440.00
1700 307.33
1701 380.67
1702 291.33
1703 276.67
1704 260.67
1705 251.33
1706 334.67
1707 266.00
1708 281.33
1709 242.00
1710 442.67
1711 306.00
1712 414.00
1713 446.00
1714 292.67
1715 369.33
1716 270.67
1717 291.33
1718 310.00
1719 297.33
1720 315.33
1721 306.00
1722 266.67
1723 298.67
1724 258.00
1725 290.67
1726 311.33
1727 302.00
1728 429.33
1729 455.33
1730 322.67
1731 422.00
1732 332.00
1733 432.67
1734 442.67
1735 348.00
1736 364.00
1737 403.33
1738 333.33
1739 264.00
1740 330.67
1741 378.00
1742 401.33
1743 221.33
1744 371.33
1745 294.00
1746 371.33
1747 203.33
1748 269.33
1749 322.67
1750 405.33
1751 272.00
1752 263.33
1753 183.33
1754 427.33
1755 296.00
1756 436.00
1757 338.00
1758 327.33
1759 180.67
1760 304.00
1761 312.00
1762 448.67
1763 287.33
1764 350.00
1765 264.00
1766 262.00
1767 276.00
1768 248.67
1769 294.67
1770 278.67
1771 329.33
1772 328.00
1773 470.67
1774 256.00
1775 406.67
1776 408.00
1777 270.67
1778 286.67
1779 288.00
1780 373.33
1781 334.67
1782 253.33
1783 294.67
1784 312.67
1785 293.33
1786 425.33
1787 356.00
1788 466.00
1789 234.67
1790 462.00
1791 346.67
1792 266.00
1793 260.67
1794 314.00
1795 289.33
1796 293.33
1797 248.67
1798 400.67
1799 372.67
1800 387.33
1801 309.33
1802 460.00
1803 284.67
1804 292.67
1805 400.00
1806 290.00
1807 290.67
1808 426.00
1809 253.33
1810 302.00
1811 293.33
1812 363.33
1813 500.00
1814 433.33
1815 358.67
1816 176.00
1817 404.00
1818 376.00
1819 252.00
1820 411.33
1821 358.00
1822 433.33
1823 370.67
1824 280.00
1825 454.67
1826 180.00
1827 211.33
1828 434.67
1829 356.00
1830 407.33
1831 360.00
1832 360.00
1833 280.00
1834 252.00
1835 424.00
1836 312.67
1837 430.67
1838 357.33
1839 400.67
1840 338.67
1841 296.67
1842 335.33
1843 390.00
1844 314.67
1845 292.67
1846 422.67
1847 415.33
1848 297.33
1849 309.33
1850 402.67
1851 386.00
1852 246.00
1853 464.67
1854 391.33
1855 310.00
1856 332.67
1857 341.33
1858 254.00
1859 319.33
1860 414.00
1861 316.00
1862 380.00
1863 335.33
1864 222.67
1865 248.00
1866 266.00
1867 286.67
1868 202.00
1869 408.67
1870 426.67
1871 301.33
1872 358.00
1873 271.33
1874 260.00
1875 348.67
1876 366.00
1877 239.33
1878 377.33
1879 378.00
1880 299.33
1881 230.67
1882 267.33
1883 258.00
1884 300.00
1885 307.33
1886 295.33
1887 378.67
1888 278.00
1889 441.33
1890 235.33
1891 354.00
1892 396.67
1893 369.33
1894 259.33
1895 220.00
1896 263.33
1897 454.00
1898 297.33
1899 460.00
1900 345.33
1901 314.67
1902 379.33
1903 338.67
1904 392.00
1905 500.00
1906 388.00
1907 238.00
1908 337.33
1909 351.33
1910 241.33
1911 492.67
1912 352.00
1913 289.33
1914 243.33
1915 288.00
1916 257.33
1917 446.00
1918 328.67
1919 348.67
1920 286.00
1921 285.33
1922 266.00
1923 376.00
1924 306.00
1925 257.33
1926 437.33
1927 316.00
1928 450.00
1929 264.00
1930 474.00
1931 318.00
1932 339.33
1933 319.33
1934 285.33
1935 390.00
1936 386.67
1937 250.67
1938 380.00
1939 364.67
1940 370.67
1941 377.33
1942 450.00
1943 287.33
1944 380.67
1945 397.33
1946 326.00
1947 357.33
1948 389.33
1949 354.67
1950 197.33
1951 260.00
1952 448.00
1953 324.67
1954 432.00
1955 332.67
1956 310.00
1957 388.00
1958 340.67
1959 348.67
1960 272.67
1961 264.00
1962 375.33
1963 344.67
1964 272.00
1965 240.67
1966 285.33
1967 309.33
1968 484.00
1969 380.00
1970 331.33
1971 310.00
1972 404.00
1973 272.67
1974 304.00
1975 413.33
1976 372.67
1977 323.33
1978 293.33
1979 288.67
1980 389.33
1981 288.00
1982 301.33
1983 268.67
1984 335.33
1985 283.33
1986 270.00
1987 348.00
1988 250.67
1989 394.00
1990 302.00
1991 404.67
1992 422.00
1993 263.33
1994 425.33
1995 392.00
1996 300.00
1997 410.67
1998 278.00
1999 466.00
2000 400.00
2001 349.33
2002 312.00
2003 340.00
2004 420.00
2005 242.00
2006 231.33
2007 298.00
2008 384.00
2009 350.67
2010 364.67
2011 388.00
2012 476.67
2013 256.00
2014 374.00
2015 322.00
2016 270.00
2017 370.00
2018 300.00
2019 257.33
2020 286.67
2021 274.67
2022 386.67
2023 233.33
2024 269.33
2025 278.00
2026 289.33
2027 282.00
2028 292.67
2029 305.33
2030 260.00
2031 256.67
2032 420.00
2033 243.33
2034 233.33
2035 314.00
2036 478.67
2037 384.67
2038 314.00
2039 333.33
2040 288.67
2041 333.33
2042 226.00
2043 300.00
2044 460.00
2045 428.00
2046 349.33
2047 343.33
2048 283.33
2049 229.33
2050 228.67
2051 199.33
2052 162.67
2053 211.33
2054 228.67
2055 328.00
2056 474.00
2057 279.33
2058 386.00
2059 301.33
2060 249.33
2061 316.67
2062 228.00
2063 196.00
2064 260.67
2065 402.00
2066 229.33
2067 228.00
2068 326.00
2069 250.67
2070 425.33
2071 202.00
2072 360.67
2073 280.67
2074 291.33
2075 323.33
2076 292.00
2077 190.00
2078 281.33
2079 409.33
2080 322.67
2081 372.67
2082 334.67
2083 188.67
2084 257.33
2085 408.67
2086 214.67
2087 234.67
2088 306.67
2089 354.67
2090 431.33
2091 296.00
2092 303.33
2093 356.00
2094 352.00
2095 294.67
2096 369.33
2097 292.67
2098 379.33
2099 360.00
2100 438.67
2101 362.00
2102 377.33
2103 268.00
2104 283.33
2105 367.33
2106 367.33
2107 464.00
2108 351.33
2109 274.00
2110 285.33
2111 319.33
2112 390.00
2113 388.67
2114 314.00
2115 381.33
2116 390.00
2117 425.33
2118 459.33
2119 292.67
2120 273.33
2121 392.67
2122 392.67
2123 495.33
2124 310.00
2125 268.00
2126 255.33
2127 468.00
2128 352.00
2129 327.33
2130 448.00
2131 300.67
2132 378.00
2133 470.00
2134 385.33
2135 330.00
2136 352.00
2137 394.67
2138 287.33
2139 256.67
2140 306.00
2141 272.67
2142 341.33
2143 279.33
2144 424.67
2145 270.00
2146 290.67
2147 268.67
2148 356.00
2149 305.33
2150 313.33
2151 339.33
2152 239.33
2153 351.33
2154 397.33
2155 394.67
2156 403.33
2157 444.67
2158 306.67
2159 356.00
2160 294.00
2161 240.00
2162 248.67
2163 293.33
2164 274.67
2165 317.33
2166 286.67
2167 404.00
2168 426.67
2169 292.67
2170 296.67
2171 313.33
2172 264.67
2173 485.33
2174 416.67
2175 392.00
2176 308.00
2177 319.33
2178 334.67
2179 300.67
2180 268.00
2181 342.00
2182 281.33
2183 273.33
2184 282.67
2185 344.00
2186 302.67
2187 349.33
2188 334.00
2189 386.67
2190 326.00
2191 296.00
2192 382.00
2193 378.00
2194 322.00
2195 468.00
2196 383.33
2197 361.33
2198 400.00
2199 463.33
2200 379.33
2201 223.33
2202 320.67
2203 226.67
2204 460.67
2205 335.33
2206 216.00
2207 283.33
2208 300.00
2209 364.00
2210 176.00
2211 326.00
2212 401.33
2213 348.00
2214 313.33
2215 422.67
2216 382.67
2217 340.00
2218 390.00
2219 338.67
2220 434.67
2221 380.00
2222 446.67
2223 494.67
2224 383.33
2225 275.33
2226 466.00
2227 436.00
2228 245.33
2229 412.00
2230 300.00
2231 397.33
2232 365.33
2233 402.67
2234 340.00
2235 323.33
2236 334.67
2237 394.67
2238 273.33
2239 334.00
2240 426.67
2241 335.33
2242 226.00
2243 348.00
2244 344.67
2245 457.33
2246 412.00
2247 293.33
2248 301.33
2249 267.33
2250 411.33
2251 461.33
2252 343.33
2253 384.00
2254 306.67
2255 233.33
2256 389.33
2257 294.67
2258 434.67
2259 283.33
2260 460.00
2261 274.67
2262 317.33
2263 394.67
2264 246.00
2265 398.67
2266 343.33
2267 422.67
2268 348.67
2269 480.00
2270 367.33
2271 480.00
2272 276.00
2273 255.33
2274 302.67
2275 327.33
2276 189.33
2277 340.00
2278 450.67
2279 332.00
2280 278.00
2281 380.00
2282 318.00
2283 340.00
2284 279.33
2285 348.00
2286 237.33
2287 168.00
2288 326.00
2289 312.00
2290 331.33
2291 288.67
2292 301.33
2293 210.00
2294 268.67
2295 426.67
2296 212.67
2297 334.67
2298 270.67
2299 448.00
2300 300.00
2301 362.00
2302 458.00
2303 332.00
2304 402.67
2305 380.67
2306 370.67
2307 258.67
2308 296.00
2309 347.33
2310 352.67
2311 279.33
2312 268.67
2313 275.33
2314 341.33
2315 257.33
2316 309.33
2317 324.00
2318 288.00
2319 216.67
2320 368.00
2321 272.00
2322 414.67
2323 326.00
2324 229.33
2325 454.67
2326 322.67
2327 391.33
2328 327.33
2329 274.00
2330 274.00
2331 364.67
2332 272.00
2333 212.67
2334 416.00
2335 320.67
2336 384.00
2337 432.00
2338 359.33
2339 402.67
2340 444.00
2341 433.33
2342 405.33
2343 440.00
2344 329.33
2345 330.67
2346 351.33
2347 357.33
2348 326.67
2349 348.67
2350 364.00
2351 318.00
2352 452.67
2353 288.67
2354 354.67
2355 466.00
2356 358.67
2357 324.00
2358 450.67
2359 412.00
2360 278.00
2361 273.33
2362 400.67
2363 304.67
2364 322.67
2365 298.00
2366 320.67
2367 319.33
2368 324.00
2369 244.00
2370 400.00
2371 250.67
2372 382.00
2373 317.33
2374 301.33
2375 152.00
2376 332.00
2377 306.00
2378 272.00
2379 302.00
2380 314.67
2381 410.00
2382 358.00
2383 339.33
2384 414.00
2385 336.00
2386 342.00
2387 289.33
2388 300.00
2389 304.67
2390 350.00
2391 262.00
2392 350.00
2393 368.00
2394 390.00
2395 340.00
2396 266.67
2397 241.33
2398 211.33
2399 387.33
2400 220.00
2401 276.00
2402 400.00
2403 372.00
2404 476.00
2405 324.67
2406 400.00
2407 287.33
2408 280.00
2409 314.00
2410 310.67
2411 305.33
2412 344.00
2413 305.33
2414 400.00
2415 315.33
2416 320.00
2417 266.00
2418 429.33
2419 260.67
2420 440.67
2421 308.00
2422 310.67
2423 343.33
2424 260.67
2425 278.67
2426 379.33
2427 390.00
2428 282.00
2429 274.00
2430 342.67
2431 306.00
2432 364.00
2433 366.67
2434 318.00
2435 294.67
2436 430.00
2437 406.67
2438 346.67
2439 458.67
2440 352.67
2441 317.33
2442 448.00
2443 299.33
2444 319.33
2445 300.00
2446 322.00
2447 239.33
2448 262.00
2449 365.33
2450 412.00
2451 340.67
2452 364.67
2453 267.33
2454 309.33
2455 393.33
2456 205.33
2457 362.67
2458 389.33
2459 354.67
2460 352.00
2461 370.67
2462 402.00
2463 304.67
2464 456.00
2465 324.67
2466 360.00
2467 344.00
2468 437.33
2469 383.33
2470 330.00
2471 407.33
2472 394.67
2473 463.33
2474 295.33
2475 287.33
2476 452.67
2477 300.00
2478 366.67
2479 327.33
2480 342.00
2481 345.33
2482 267.33
2483 312.00
2484 295.33
2485 321.33
2486 340.67
2487 283.33
2488 272.00
2489 273.33
2490 365.33
2491 292.00
2492 340.67
2493 398.67
2494 376.67
2495 312.00
2496 336.67
2497 361.33
2498 302.00
2499 256.00
2500 328.67
2501 286.00
2502 311.33
2503 273.33
2504 401.33
2505 270.67
2506 377.33
2507 432.00
2508 272.00
2509 285.33
2510 330.00
2511 312.00
2512 318.00
2513 456.00
2514 386.00
2515 354.00
2516 290.67
2517 286.00
2518 321.33
2519 333.33
2520 360.00
2521 414.67
2522 377.33
2523 399.33
2524 367.33
2525 393.33
2526 253.33
2527 313.33
2528 379.33
2529 334.00
2530 304.67
2531 476.00
2532 293.33
2533 306.67
2534 364.67
2535 368.67
2536 348.67
2537 318.00
2538 271.33
2539 337.33
2540 263.33
2541 346.67
2542 404.67
2543 382.00
2544 264.00
2545 467.33
2546 384.67
2547 420.67
2548 323.33
2549 274.00
2550 289.33
2551 302.67
2552 312.67
2553 376.67
2554 351.33
2555 498.67
2556 270.00
2557 404.67
2558 318.00
2559 254.00
2560 286.67
2561 312.00
2562 312.00
2563 358.00
2564 266.67
2565 269.33
2566 302.00
2567 473.33
2568 302.67
2569 400.67
2570 358.00
2571 423.33
2572 370.67
2573 433.33
2574 342.67
2575 498.67
2576 365.33
2577 345.33
2578 440.00
2579 440.00
2580 412.00
2581 448.67
2582 408.00
2583 461.33
2584 381.33
2585 371.33
2586 353.33
2587 474.67
2588 438.00
2589 342.67
2590 223.33
2591 292.67
2592 260.00
2593 474.67
2594 346.67
2595 272.67
2596 292.00
2597 338.67
2598 290.00
2599 326.00
2600 286.00
2601 396.00
2602 441.33
2603 200.00
2604 260.00
2605 357.33
2606 260.00
2607 253.33
2608 229.33
2609 438.00
2610 298.00
2611 264.67
2612 378.00
2613 338.67
2614 368.00
2615 325.33
2616 433.33
2617 408.00
2618 354.00
2619 349.33
2620 304.00
2621 318.00
2622 348.00
2623 322.67
2624 373.33
2625 289.33
2626 382.00
2627 320.00
2628 288.67
2629 342.00
2630 459.33
2631 490.67
2632 339.33
2633 284.00
2634 456.00
2635 394.00
2636 278.67
2637 314.67
2638 343.33
2639 350.00
2640 396.67
2641 324.67
2642 283.33
2643 295.33
2644 269.33
2645 367.33
2646 394.00
2647 279.33
2648 288.67
2649 205.33
2650 329.33
2651 348.67
2652 411.33
2653 372.67
2654 322.00
2655 426.00
2656 422.67
2657 278.00
2658 420.00
2659 322.67
2660 354.67
2661 414.67
2662 292.67
2663 358.00
2664 400.67
2665 382.00
2666 450.00
2667 354.00
2668 412.00
2669 342.00
2670 346.67
2671 314.00
2672 242.67
2673 330.67
2674 445.33
2675 466.00
2676 382.00
2677 426.00
2678 402.67
2679 418.00
2680 354.67
2681 234.00
2682 248.67
2683 429.33
2684 428.67
2685 345.33
2686 358.00
2687 298.00
2688 328.67
2689 312.00
2690 312.67
2691 450.67
2692 332.67
2693 309.33
2694 321.33
2695 461.33
2696 268.00
2697 300.00
2698 338.00
2699 312.00
2700 348.67
2701 354.00
2702 390.00
2703 348.00
2704 454.00
2705 318.00
2706 342.67
2707 408.00
2708 348.67
2709 296.67
2710 284.00
2711 240.00
2712 362.00
2713 316.67
2714 354.00
2715 269.33
2716 299.33
2717 324.00
2718 344.00
2719 423.33
2720 299.33
2721 364.00
2722 289.33
2723 294.00
2724 402.67
2725 353.33
2726 428.67
2727 283.33
2728 316.00
2729 370.00
2730 480.67
2731 316.00
2732 248.00
2733 331.33
2734 338.00
2735 252.67
2736 439.33
2737 376.00
2738 404.00
2739 402.00
2740 228.67
2741 394.00
2742 263.33
2743 321.33
2744 426.00
2745 314.00
2746 279.33
2747 293.33
2748 363.33
2749 268.00
2750 322.00
2751 396.67
2752 373.33
2753 381.33
2754 414.67
2755 474.00
2756 318.00
2757 407.33
2758 372.67
2759 284.67
2760 282.67
2761 218.00
2762 368.00
2763 380.00
2764 285.33
2765 331.33
2766 298.67
2767 368.00
2768 348.00
2769 314.00
2770 429.33
2771 266.00
2772 335.33
2773 246.00
2774 344.00
2775 368.00
2776 408.00
2777 286.67
2778 335.33
2779 220.00
2780 397.33
2781 304.00
2782 351.33
2783 324.00
2784 300.67
2785 235.33
2786 323.33
2787 267.33
2788 295.33
2789 359.33
2790 286.67
2791 286.00
2792 386.00
2793 389.33
2794 294.00
2795 458.00
2796 364.00
2797 355.33
2798 382.00
2799 300.67
2800 317.33
2801 312.67
2802 366.00
2803 422.00
2804 378.00
2805 274.00
2806 312.67
2807 319.33
2808 276.00
2809 372.00
2810 431.33
2811 308.00
2812 256.00
2813 406.00
2814 440.00
2815 363.33
2816 239.33
2817 338.00
2818 358.67
2819 400.00
2820 290.00
2821 336.67
2822 309.33
2823 273.33
2824 278.67
2825 357.33
2826 231.33
2827 308.67
2828 475.33
2829 341.33
2830 328.00
2831 276.67
2832 323.33
2833 352.00
2834 338.00
2835 430.67
2836 377.33
2837 371.33
2838 344.00
2839 338.00
2840 479.33
2841 309.33
2842 304.00
2843 268.00
2844 317.33
2845 246.67
2846 241.33
2847 312.00
2848 281.33
2849 327.33
2850 303.33
2851 486.67
2852 442.00
2853 380.00
2854 261.33
2855 391.33
2856 377.33
2857 391.33
2858 239.33
2859 302.67
2860 322.67
2861 386.00
2862 322.67
2863 258.67
2864 291.33
2865 323.33
2866 307.33
2867 247.33
2868 319.33
2869 351.33
2870 361.33
2871 309.33
2872 396.00
2873 275.33
2874 296.00
2875 304.67
2876 259.33
2877 356.67
2878 260.00
2879 279.33
2880 342.67
2881 382.67
2882 282.67
2883 338.67
2884 429.33
2885 304.00
2886 288.00
2887 222.00
2888 267.33
2889 312.67
2890 338.00
2891 306.67
2892 264.00
2893 301.33
2894 303.33
2895 450.67
2896 273.33
2897 390.00
2898 298.00
2899 292.67
2900 270.00
2901 358.00
2902 254.67
2903 334.67
2904 384.67
2905 415.33
2906 339.33
2907 290.00
2908 373.33
2909 342.00
2910 255.33
2911 278.67
2912 473.33
2913 345.33
2914 308.00
2915 344.00
2916 251.33
2917 265.33
2918 312.67
2919 243.33
2920 402.67
2921 340.00
2922 447.33
2923 347.33
2924 324.67
2925 319.33
2926 342.67
2927 345.33
2928 382.00
2929 369.33
2930 471.33
2931 270.67
2932 345.33
2933 308.00
2934 379.33
2935 359.33
2936 360.67
2937 226.00
2938 320.67
2939 326.00
2940 358.67
2941 301.33
2942 335.33
2943 425.33
2944 465.33
2945 322.00
2946 272.00
2947 378.00
2948 334.00
2949 331.33
2950 326.67
2951 391.33
2952 249.33
2953 302.00
2954 295.33
2955 404.67
2956 322.67
2957 435.33
2958 388.67
2959 429.33
2960 269.33
2961 274.67
2962 273.33
2963 270.67
2964 394.00
2965 270.67
2966 265.33
2967 456.00
2968 352.00
2969 337.33
2970 261.33
2971 293.33
2972 474.67
2973 288.67
2974 317.33
2975 480.00
2976 349.33
2977 422.00
2978 484.67
2979 352.00
2980 322.00
2981 368.67
2982 291.33
2983 428.00
2984 455.33
2985 316.67
2986 483.33
2987 279.33
2988 361.33
2989 303.33
2990 361.33
2991 355.33
2992 296.00
2993 266.00
2994 294.67
2995 299.33
2996 249.33
2997 328.00
2998 403.33
2999 323.33
