0 80.00
1 220.00
2 180.00
3 220.00
4 200.00
5 220.00
6 220.00
7 160.00
8 200.00
9 180.00
10 200.00
11 140.00
12 200.00
13 360.00
14 420.00
15 440.00
16 180.00
17 200.00
18 220.00
19 340.00
20 200.00
21 180.00
22 140.00
23 200.00
24 340.00
25 200.00
26 280.00
27 200.00
28 420.00
29 400.00
30 220.00
31 180.00
32 120.00
33 480.00
34 160.00
35 180.00
36 340.00
37 340.00
38 240.00
39 180.00
40 200.00
41 460.00
42 100.00
43 200.00
44 360.00
45 240.00
46 220.00
47 340.00
48 180.00
49 300.00
50 420.00
51 260.00
52 380.00
53 460.00
54 220.00
55 260.00
56 180.00
57 180.00
58 140.00
59 140.00
60 200.00
61 400.00
62 40.00
63 200.00
64 500.00
65 380.00
66 180.00
67 240.00
68 200.00
69 240.00
70 180.00
71 180.00
72 0.00
73 200.00
74 340.00
75 0.00
76 180.00
77 200.00
78 200.00
79 220.00
80 400.00
81 160.00
82 380.00
83 220.00
84 340.00
85 160.00
86 100.00
87 180.00
88 280.00
89 220.00
90 160.00
91 220.00
92 200.00
93 500.00
94 180.00
95 380.00
96 180.00
97 360.00
98 360.00
99 140.00
100 360.00
101 280.00
102 240.00
103 480.00
104 120.00
105 180.00
106 500.00
107 220.00
108 320.00
109 440.00
110 500.00
111 360.00
112 180.00
113 180.00
114 260.00
115 480.00
116 200.00
117 340.00
118 200.00
119 220.00
120 200.00
121 140.00
122 200.00
123 200.00
124 500.00
125 380.00
126 240.00
127 500.00
128 200.00
129 120.00
130 220.00
131 200.00
132 380.00
133 160.00
134 140.00
135 500.00
136 340.00
137 220.00
138 180.00
139 500.00
140 220.00
141 240.00
142 480.00
143 200.00
144 200.00
145 180.00
146 200.00
147 20.00
148 240.00
149 160.00
150 20.00
151 140.00
152 300.00
153 280.00
154 200.00
155 160.00
156 240.00
157 200.00
158 380.00
159 140.00
160 420.00
161 200.00
162 180.00
163 200.00
164 120.00
165 460.00
166 440.00
167 220.00
168 400.00
169 200.00
170 140.00
171 240.00
172 180.00
173 420.00
174 220.00
175 200.00
176 240.00
177 180.00
178 200.00
179 200.00
180 220.00
181 380.00
182 220.00
183 180.00
184 200.00
185 200.00
186 220.00
187 200.00
188 220.00
189 220.00
190 480.00
191 240.00
192 220.00
193 220.00
194 200.00
195 300.00
196 240.00
197 240.00
198 500.00
199 200.00
200 200.00
201 420.00
202 500.00
203 180.00
204 220.00
205 260.00
206 400.00
207 200.00
208 200.00
209 460.00
210 200.00
211 340.00
212 240.00
213 200.00
214 200.00
215 260.00
216 320.00
217 480.00
218 240.00
219 200.00
220 240.00
221 220.00
222 320.00
223 220.00
224 260.00
225 280.00
226 220.00
227 280.00
228 220.00
229 200.00
230 200.00
231 200.00
232 300.00
233 300.00
234 360.00
235 360.00
236 260.00
237 200.00
238 200.00
239 220.00
240 220.00
241 380.00
242 200.00
243 200.00
244 240.00
245 280.00
246 220.00
247 440.00
248 340.00
249 200.00
250 160.00
251 440.00
252 500.00
253 240.00
254 380.00
255 280.00
256 300.00
257 180.00
258 340.00
259 240.00
260 220.00
261 420.00
262 200.00
263 480.00
264 160.00
265 220.00
266 180.00
267 480.00
268 480.00
269 240.00
270 300.00
271 180.00
272 440.00
273 320.00
274 260.00
275 240.00
276 220.00
277 200.00
278 280.00
279 160.00
280 460.00
281 500.00
282 460.00
283 440.00
284 200.00
285 220.00
286 240.00
287 200.00
288 180.00
289 260.00
290 240.00
291 420.00
292 180.00
293 200.00
294 480.00
295 160.00
296 360.00
297 340.00
298 220.00
299 420.00
300 360.00
301 220.00
302 460.00
303 180.00
304 360.00
305 180.00
306 440.00
307 360.00
308 400.00
309 240.00
310 440.00
311 220.00
312 200.00
313 360.00
314 280.00
315 420.00
316 220.00
317 180.00
318 460.00
319 220.00
320 500.00
321 220.00
322 460.00
323 500.00
324 440.00
325 480.00
326 200.00
327 380.00
328 460.00
329 240.00
330 220.00
331 180.00
332 240.00
333 220.00
334 160.00
335 180.00
336 460.00
337 420.00
338 280.00
339 440.00
340 200.00
341 460.00
342 460.00
343 360.00
344 400.00
345 500.00
346 140.00
347 460.00
348 300.00
349 380.00
350 400.00
351 240.00
352 220.00
353 400.00
354 460.00
355 400.00
356 460.00
357 360.00
358 480.00
359 380.00
360 500.00
361 240.00
362 220.00
363 400.00
364 500.00
365 420.00
366 220.00
367 360.00
368 240.00
369 220.00
370 220.00
371 260.00
372 280.00
373 260.00
374 480.00
375 500.00
376 340.00
377 400.00
378 320.00
379 360.00
380 320.00
381 320.00
382 300.00
383 300.00
384 220.00
385 440.00
386 240.00
387 260.00
388 400.00
389 500.00
390 380.00
391 180.00
392 280.00
393 460.00
394 200.00
395 500.00
396 340.00
397 380.00
398 360.00
399 200.00
400 180.00
401 340.00
402 240.00
403 240.00
404 360.00
405 160.00
406 120.00
407 180.00
408 220.00
409 180.00
410 460.00
411 500.00
412 160.00
413 240.00
414 200.00
415 480.00
416 240.00
417 240.00
418 320.00
419 200.00
420 180.00
421 160.00
422 300.00
423 120.00
424 180.00
425 440.00
426 400.00
427 220.00
428 400.00
429 140.00
430 200.00
431 340.00
432 220.00
433 140.00
434 120.00
435 380.00
436 260.00
437 240.00
438 300.00
439 200.00
440 400.00
441 80.00
442 240.00
443 160.00
444 280.00
445 280.00
446 400.00
447 160.00
448 380.00
449 440.00
450 400.00
451 180.00
452 340.00
453 360.00
454 380.00
455 420.00
456 180.00
457 280.00
458 500.00
459 380.00
460 460.00
461 180.00
462 440.00
463 220.00
464 240.00
465 400.00
466 240.00
467 220.00
468 420.00
469 300.00
470 420.00
471 440.00
472 260.00
473 180.00
474 180.00
475 180.00
476 200.00
477 240.00
478 480.00
479 200.00
480 180.00
481 400.00
482 260.00
483 340.00
484 220.00
485 440.00
486 320.00
487 180.00
488 480.00
489 200.00
490 380.00
491 400.00
492 420.00
493 220.00
494 240.00
495 320.00
496 340.00
497 280.00
498 220.00
499 320.00
500 380.00
501 340.00
502 400.00
503 260.00
504 180.00
505 340.00
506 180.00
507 320.00
508 360.00
509 460.00
510 420.00
511 360.00
512 160.00
513 440.00
514 260.00
515 200.00
516 360.00
517 360.00
518 180.00
519 240.00
520 420.00
521 480.00
522 240.00
523 220.00
524 500.00
525 480.00
526 480.00
527 500.00
528 240.00
529 440.00
530 440.00
531 240.00
532 220.00
533 220.00
534 240.00
535 460.00
536 420.00
537 500.00
538 240.00
539 240.00
540 220.00
541 200.00
542 220.00
543 300.00
544 160.00
545 180.00
546 240.00
547 440.00
548 440.00
549 240.00
550 240.00
551 280.00
552 200.00
553 340.00
554 500.00
555 240.00
556 180.00
557 500.00
558 260.00
559 280.00
560 380.00
561 220.00
562 260.00
563 200.00
564 380.00
565 360.00
566 240.00
567 340.00
568 340.00
569 100.00
570 460.00
571 220.00
572 400.00
573 360.00
574 460.00
575 340.00
576 220.00
577 320.00
578 160.00
579 240.00
580 220.00
581 380.00
582 380.00
583 360.00
584 360.00
585 140.00
586 140.00
587 380.00
588 220.00
589 160.00
590 200.00
591 360.00
592 460.00
593 220.00
594 240.00
595 220.00
596 380.00
597 400.00
598 480.00
599 240.00
600 320.00
601 300.00
602 200.00
603 260.00
604 380.00
605 500.00
606 220.00
607 300.00
608 20.00
609 200.00
610 180.00
611 320.00
612 140.00
613 200.00
614 200.00
615 180.00
616 200.00
617 260.00
618 300.00
619 300.00
620 400.00
621 200.00
622 300.00
623 300.00
624 480.00
625 380.00
626 240.00
627 180.00
628 200.00
629 240.00
630 320.00
631 240.00
632 220.00
633 220.00
634 220.00
635 220.00
636 200.00
637 100.00
638 200.00
639 340.00
640 100.00
641 160.00
642 500.00
643 460.00
644 160.00
645 220.00
646 180.00
647 480.00
648 300.00
649 240.00
650 160.00
651 480.00
652 320.00
653 180.00
654 360.00
655 240.00
656 420.00
657 480.00
658 220.00
659 220.00
660 440.00
661 440.00
662 220.00
663 240.00
664 240.00
665 260.00
666 200.00
667 240.00
668 240.00
669 260.00
670 240.00
671 240.00
672 160.00
673 200.00
674 200.00
675 220.00
676 420.00
677 320.00
678 220.00
679 240.00
680 460.00
681 380.00
682 420.00
683 280.00
684 220.00
685 220.00
686 320.00
687 400.00
688 440.00
689 180.00
690 180.00
691 500.00
692 440.00
693 380.00
694 240.00
695 460.00
696 420.00
697 240.00
698 240.00
699 480.00
700 340.00
701 240.00
702 240.00
703 240.00
704 240.00
705 360.00
706 500.00
707 220.00
708 380.00
709 240.00
710 460.00
711 400.00
712 380.00
713 200.00
714 260.00
715 260.00
716 400.00
717 260.00
718 420.00
719 240.00
720 160.00
721 220.00
722 180.00
723 420.00
724 400.00
725 320.00
726 360.00
727 300.00
728 500.00
729 440.00
730 320.00
731 280.00
732 460.00
733 240.00
734 440.00
735 440.00
736 480.00
737 400.00
738 440.00
739 240.00
740 300.00
741 160.00
742 240.00
743 500.00
744 360.00
745 420.00
746 180.00
747 220.00
748 260.00
749 280.00
750 200.00
751 80.00
752 260.00
753 380.00
754 340.00
755 160.00
756 220.00
757 160.00
758 260.00
759 220.00
760 320.00
761 200.00
762 100.00
763 140.00
764 140.00
765 160.00
766 220.00
767 500.00
768 220.00
769 320.00
770 380.00
771 200.00
772 320.00
773 120.00
774 240.00
775 100.00
776 180.00
777 320.00
778 480.00
779 100.00
780 240.00
781 140.00
782 500.00
783 440.00
784 220.00
785 300.00
786 400.00
787 480.00
788 180.00
789 260.00
790 280.00
791 180.00
792 200.00
793 380.00
794 220.00
795 300.00
796 220.00
797 300.00
798 340.00
799 200.00
800 440.00
801 200.00
802 400.00
803 480.00
804 460.00
805 240.00
806 500.00
807 220.00
808 340.00
809 260.00
810 180.00
811 160.00
812 260.00
813 220.00
814 460.00
815 300.00
816 240.00
817 420.00
818 200.00
819 440.00
820 380.00
821 420.00
822 180.00
823 200.00
824 240.00
825 180.00
826 200.00
827 80.00
828 160.00
829 260.00
830 220.00
831 320.00
832 300.00
833 500.00
834 360.00
835 360.00
836 160.00
837 200.00
838 460.00
839 200.00
840 280.00
841 480.00
842 240.00
843 400.00
844 280.00
845 300.00
846 240.00
847 360.00
848 300.00
849 320.00
850 380.00
851 500.00
852 460.00
853 240.00
854 480.00
855 300.00
856 460.00
857 200.00
858 240.00
859 480.00
860 240.00
861 320.00
862 220.00
863 460.00
864 500.00
865 220.00
866 260.00
867 380.00
868 440.00
869 220.00
870 240.00
871 460.00
872 420.00
873 500.00
874 500.00
875 440.00
876 240.00
877 460.00
878 240.00
879 280.00
880 220.00
881 220.00
882 380.00
883 340.00
884 240.00
885 460.00
886 480.00
887 260.00
888 480.00
889 240.00
890 500.00
891 500.00
892 360.00
893 360.00
894 380.00
895 400.00
896 240.00
897 360.00
898 360.00
899 280.00
900 240.00
901 320.00
902 440.00
903 480.00
904 440.00
905 480.00
906 240.00
907 360.00
908 500.00
909 420.00
910 220.00
911 240.00
912 400.00
913 460.00
914 220.00
915 360.00
916 220.00
917 460.00
918 420.00
919 240.00
920 440.00
921 260.00
922 380.00
923 340.00
924 380.00
925 420.00
926 160.00
927 360.00
928 320.00
929 380.00
930 420.00
931 300.00
932 320.00
933 380.00
934 260.00
935 460.00
936 280.00
937 240.00
938 240.00
939 400.00
940 420.00
941 180.00
942 300.00
943 240.00
944 400.00
945 440.00
946 240.00
947 220.00
948 180.00
949 140.00
950 340.00
951 220.00
952 120.00
953 320.00
954 440.00
955 280.00
956 260.00
957 340.00
958 260.00
959 380.00
960 240.00
961 380.00
962 260.00
963 500.00
964 240.00
965 200.00
966 420.00
967 180.00
968 480.00
969 320.00
970 220.00
971 200.00
972 400.00
973 240.00
974 220.00
975 460.00
976 160.00
977 340.00
978 280.00
979 460.00
980 100.00
981 100.00
982 160.00
983 280.00
984 480.00
985 420.00
986 260.00
987 240.00
988 220.00
989 360.00
990 220.00
991 220.00
992 160.00
993 500.00
994 320.00
995 480.00
996 200.00
997 220.00
998 380.00
999 280.00
1000 240.00
1001 460.00
1002 200.00
1003 240.00
1004 220.00
1005 220.00
1006 180.00
1007 400.00
1008 400.00
1009 180.00
1010 420.00
1011 220.00
1012 440.00
1013 280.00
1014 80.00
1015 180.00
1016 200.00
1017 220.00
1018 240.00
1019 360.00
1020 400.00
1021 420.00
1022 460.00
1023 180.00
1024 260.00
1025 340.00
1026 200.00
1027 280.00
1028 220.00
1029 440.00
1030 280.00
1031 260.00
1032 400.00
1033 240.00
1034 200.00
1035 320.00
1036 220.00
1037 160.00
1038 360.00
1039 380.00
1040 360.00
1041 500.00
1042 280.00
1043 460.00
1044 400.00
1045 180.00
1046 240.00
1047 280.00
1048 260.00
1049 480.00
1050 320.00
1051 320.00
1052 480.00
1053 460.00
1054 240.00
1055 480.00
1056 240.00
1057 240.00
1058 300.00
1059 220.00
1060 480.00
1061 220.00
1062 480.00
1063 380.00
1064 240.00
1065 460.00
1066 300.00
1067 440.00
1068 480.00
1069 500.00
1070 260.00
1071 460.00
1072 340.00
1073 440.00
1074 220.00
1075 360.00
1076 340.00
1077 260.00
1078 240.00
1079 360.00
1080 420.00
1081 200.00
1082 200.00
1083 80.00
1084 180.00
1085 220.00
1086 280.00
1087 260.00
1088 240.00
1089 380.00
1090 460.00
1091 400.00
1092 300.00
1093 500.00
1094 320.00
1095 240.00
1096 420.00
1097 240.00
1098 340.00
1099 480.00
1100 240.00
1101 420.00
1102 340.00
1103 320.00
1104 320.00
1105 280.00
1106 380.00
1107 200.00
1108 500.00
1109 220.00
1110 180.00
1111 240.00
1112 380.00
1113 320.00
1114 280.00
1115 360.00
1116 220.00
1117 360.00
1118 480.00
1119 280.00
1120 180.00
1121 260.00
1122 200.00
1123 300.00
1124 320.00
1125 500.00
1126 380.00
1127 240.00
1128 240.00
1129 420.00
1130 200.00
1131 420.00
1132 380.00
1133 220.00
1134 220.00
1135 140.00
1136 380.00
1137 300.00
1138 460.00
1139 180.00
1140 280.00
1141 320.00
1142 320.00
1143 400.00
1144 180.00
1145 280.00
1146 220.00
1147 360.00
1148 400.00
1149 440.00
1150 400.00
1151 380.00
1152 260.00
1153 340.00
1154 420.00
1155 300.00
1156 480.00
1157 440.00
1158 200.00
1159 380.00
1160 460.00
1161 320.00
1162 420.00
1163 240.00
1164 180.00
1165 240.00
1166 180.00
1167 340.00
1168 240.00
1169 240.00
1170 220.00
1171 400.00
1172 240.00
1173 280.00
1174 320.00
1175 460.00
1176 300.00
1177 260.00
1178 400.00
1179 260.00
1180 320.00
1181 500.00
1182 480.00
1183 240.00
1184 300.00
1185 440.00
1186 300.00
1187 340.00
1188 320.00
1189 220.00
1190 120.00
1191 380.00
1192 420.00
1193 480.00
1194 440.00
1195 200.00
1196 380.00
1197 420.00
1198 480.00
1199 220.00
1200 380.00
1201 240.00
1202 140.00
1203 460.00
1204 320.00
1205 300.00
1206 420.00
1207 160.00
1208 460.00
1209 240.00
1210 400.00
1211 400.00
1212 180.00
1213 480.00
1214 440.00
1215 300.00
1216 300.00
1217 480.00
1218 420.00
1219 260.00
1220 500.00
1221 340.00
1222 480.00
1223 180.00
1224 460.00
1225 220.00
1226 440.00
1227 500.00
1228 300.00
1229 460.00
1230 480.00
1231 420.00
1232 240.00
1233 220.00
1234 440.00
1235 500.00
1236 460.00
1237 220.00
1238 320.00
1239 320.00
1240 460.00
1241 400.00
1242 480.00
1243 420.00
1244 360.00
1245 420.00
1246 240.00
1247 300.00
1248 440.00
1249 340.00
1250 480.00
1251 480.00
1252 380.00
1253 380.00
1254 220.00
1255 220.00
1256 380.00
1257 260.00
1258 340.00
1259 420.00
1260 340.00
1261 320.00
1262 280.00
1263 320.00
1264 300.00
1265 300.00
1266 440.00
1267 400.00
1268 400.00
1269 280.00
1270 240.00
1271 200.00
1272 140.00
1273 220.00
1274 460.00
1275 220.00
1276 480.00
1277 260.00
1278 240.00
1279 380.00
1280 460.00
1281 220.00
1282 300.00
1283 200.00
1284 220.00
1285 320.00
1286 240.00
1287 280.00
1288 240.00
1289 360.00
1290 180.00
1291 300.00
1292 200.00
1293 380.00
1294 440.00
1295 260.00
1296 320.00
1297 260.00
1298 380.00
1299 440.00
1300 360.00
1301 400.00
1302 240.00
1303 200.00
1304 500.00
1305 460.00
1306 360.00
1307 360.00
1308 360.00
1309 280.00
1310 260.00
1311 200.00
1312 220.00
1313 340.00
1314 420.00
1315 500.00
1316 220.00
1317 440.00
1318 220.00
1319 220.00
1320 380.00
1321 480.00
1322 260.00
1323 300.00
1324 260.00
1325 480.00
1326 420.00
1327 280.00
1328 260.00
1329 380.00
1330 440.00
1331 380.00
1332 240.00
1333 280.00
1334 220.00
1335 280.00
1336 480.00
1337 480.00
1338 400.00
1339 440.00
1340 240.00
1341 420.00
1342 420.00
1343 440.00
1344 500.00
1345 360.00
1346 300.00
1347 240.00
1348 360.00
1349 420.00
1350 220.00
1351 480.00
1352 240.00
1353 260.00
1354 260.00
1355 260.00
1356 380.00
1357 200.00
1358 500.00
1359 440.00
1360 440.00
1361 240.00
1362 240.00
1363 480.00
1364 360.00
1365 320.00
1366 440.00
1367 280.00
1368 320.00
1369 420.00
1370 420.00
1371 240.00
1372 460.00
1373 180.00
1374 460.00
1375 460.00
1376 240.00
1377 460.00
1378 460.00
1379 500.00
1380 400.00
1381 500.00
1382 220.00
1383 220.00
1384 480.00
1385 400.00
1386 240.00
1387 440.00
1388 400.00
1389 340.00
1390 240.00
1391 280.00
1392 200.00
1393 400.00
1394 440.00
1395 240.00
1396 260.00
1397 480.00
1398 440.00
1399 240.00
1400 240.00
1401 240.00
1402 120.00
1403 440.00
1404 420.00
1405 220.00
1406 440.00
1407 460.00
1408 340.00
1409 440.00
1410 460.00
1411 260.00
1412 460.00
1413 360.00
1414 500.00
1415 260.00
1416 340.00
1417 440.00
1418 280.00
1419 440.00
1420 220.00
1421 320.00
1422 320.00
1423 300.00
1424 220.00
1425 320.00
1426 180.00
1427 420.00
1428 300.00
1429 280.00
1430 260.00
1431 300.00
1432 240.00
1433 180.00
1434 320.00
1435 360.00
1436 360.00
1437 140.00
1438 420.00
1439 300.00
1440 400.00
1441 180.00
1442 320.00
1443 360.00
1444 500.00
1445 260.00
1446 260.00
1447 220.00
1448 440.00
1449 320.00
1450 300.00
1451 440.00
1452 400.00
1453 440.00
1454 240.00
1455 440.00
1456 420.00
1457 220.00
1458 500.00
1459 420.00
1460 300.00
1461 240.00
1462 280.00
1463 220.00
1464 480.00
1465 400.00
1466 220.00
1467 180.00
1468 340.00
1469 320.00
1470 280.00
1471 240.00
1472 440.00
1473 400.00
1474 360.00
1475 400.00
1476 420.00
1477 240.00
1478 240.00
1479 500.00
1480 380.00
1481 380.00
1482 460.00
1483 160.00
1484 360.00
1485 340.00
1486 420.00
1487 300.00
1488 300.00
1489 280.00
1490 340.00
1491 320.00
1492 500.00
1493 240.00
1494 320.00
1495 400.00
1496 300.00
1497 240.00
1498 420.00
1499 380.00
1500 360.00
1501 320.00
1502 360.00
1503 280.00
1504 240.00
1505 220.00
1506 340.00
1507 480.00
1508 360.00
1509 180.00
1510 380.00
1511 240.00
1512 220.00
1513 320.00
1514 480.00
1515 500.00
1516 220.00
1517 240.00
1518 500.00
1519 440.00
1520 220.00
1521 200.00
1522 400.00
1523 500.00
1524 240.00
1525 240.00
1526 240.00
1527 420.00
1528 440.00
1529 480.00
1530 260.00
1531 340.00
1532 220.00
1533 180.00
1534 420.00
1535 440.00
1536 220.00
1537 480.00
1538 380.00
1539 260.00
1540 220.00
1541 240.00
1542 480.00
1543 440.00
1544 300.00
1545 420.00
1546 440.00
1547 240.00
1548 320.00
1549 200.00
1550 460.00
1551 320.00
1552 200.00
1553 360.00
1554 320.00
1555 440.00
1556 140.00
1557 200.00
1558 320.00
1559 200.00
1560 440.00
1561 240.00
1562 460.00
1563 420.00
1564 380.00
1565 220.00
1566 160.00
1567 340.00
1568 380.00
1569 240.00
1570 300.00
1571 160.00
1572 260.00
1573 440.00
1574 360.00
1575 420.00
1576 400.00
1577 380.00
1578 460.00
1579 460.00
1580 160.00
1581 440.00
1582 220.00
1583 240.00
1584 280.00
1585 440.00
1586 320.00
1587 320.00
1588 300.00
1589 500.00
1590 240.00
1591 320.00
1592 500.00
1593 300.00
1594 220.00
1595 160.00
1596 440.00
1597 460.00
1598 480.00
1599 180.00
1600 260.00
1601 340.00
1602 260.00
1603 280.00
1604 260.00
1605 440.00
1606 440.00
1607 340.00
1608 400.00
1609 340.00
1610 480.00
1611 240.00
1612 340.00
1613 480.00
1614 240.00
1615 280.00
1616 260.00
1617 280.00
1618 160.00
1619 420.00
1620 380.00
1621 480.00
1622 320.00
1623 420.00
1624 400.00
1625 360.00
1626 420.00
1627 320.00
1628 420.00
1629 460.00
1630 480.00
1631 340.00
1632 500.00
1633 460.00
1634 240.00
1635 320.00
1636 340.00
1637 300.00
1638 440.00
1639 320.00
1640 340.00
1641 460.00
1642 340.00
1643 200.00
1644 340.00
1645 420.00
1646 300.00
1647 320.00
1648 260.00
1649 220.00
1650 460.00
1651 360.00
1652 300.00
1653 280.00
1654 280.00
1655 280.00
1656 280.00
1657 360.00
1658 340.00
1659 400.00
1660 300.00
1661 400.00
1662 380.00
1663 260.00
1664 400.00
1665 480.00
1666 260.00
1667 280.00
1668 300.00
1669 280.00
1670 320.00
1671 200.00
1672 280.00
1673 280.00
1674 380.00
1675 460.00
1676 280.00
1677 240.00
1678 280.00
1679 300.00
1680 380.00
1681 360.00
1682 500.00
1683 280.00
1684 320.00
1685 320.00
1686 340.00
1687 300.00
1688 300.00
1689 300.00
1690 200.00
1691 360.00
1692 440.00
1693 340.00
1694 420.00
1695 420.00
1696 300.00
1697 320.00
1698 260.00
1699 440.00
1700 280.00
1701 400.00
1702 280.00
1703 320.00
1704 360.00
1705 260.00
1706 220.00
1707 280.00
1708 280.00
1709 180.00
1710 380.00
1711 240.00
1712 440.00
1713 420.00
1714 320.00
1715 380.00
1716 220.00
1717 320.00
1718 220.00
1719 280.00
1720 340.00
1721 320.00
1722 280.00
1723 300.00
1724 280.00
1725 240.00
1726 280.00
1727 320.00
1728 400.00
1729 460.00
1730 340.00
1731 420.00
1732 300.00
1733 380.00
1734 440.00
1735 340.00
1736 300.00
1737 420.00
1738 420.00
1739 280.00
1740 360.00
1741 260.00
1742 420.00
1743 200.00
1744 320.00
1745 360.00
1746 460.00
1747 280.00
1748 240.00
1749 300.00
1750 400.00
1751 400.00
1752 240.00
1753 160.00
1754 420.00
1755 380.00
1756 380.00
1757 340.00
1758 380.00
1759 180.00
1760 260.00
1761 380.00
1762 460.00
1763 280.00
1764 440.00
1765 260.00
1766 360.00
1767 280.00
1768 300.00
1769 400.00
1770 300.00
1771 320.00
1772 340.00
1773 500.00
1774 260.00
1775 420.00
1776 440.00
1777 360.00
1778 300.00
1779 320.00
1780 360.00
1781 420.00
1782 280.00
1783 280.00
1784 340.00
1785 420.00
1786 420.00
1787 380.00
1788 500.00
1789 280.00
1790 480.00
1791 400.00
1792 360.00
1793 260.00
1794 420.00
1795 260.00
1796 220.00
1797 280.00
1798 380.00
1799 360.00
1800 280.00
1801 340.00
1802 460.00
1803 300.00
1804 400.00
1805 400.00
1806 280.00
1807 260.00
1808 440.00
1809 220.00
1810 400.00
1811 140.00
1812 360.00
1813 500.00
1814 480.00
1815 440.00
1816 400.00
1817 440.00
1818 480.00
1819 460.00
1820 380.00
1821 360.00
1822 440.00
1823 300.00
1824 280.00
1825 500.00
1826 180.00
1827 180.00
1828 400.00
1829 320.00
1830 420.00
1831 360.00
1832 360.00
1833 280.00
1834 420.00
1835 440.00
1836 280.00
1837 460.00
1838 340.00
1839 420.00
1840 240.00
1841 360.00
1842 260.00
1843 400.00
1844 400.00
1845 260.00
1846 440.00
1847 420.00
1848 240.00
1849 280.00
1850 380.00
1851 400.00
1852 280.00
1853 480.00
1854 400.00
1855 240.00
1856 300.00
1857 280.00
1858 200.00
1859 260.00
1860 420.00
1861 260.00
1862 480.00
1863 420.00
1864 220.00
1865 240.00
1866 200.00
1867 260.00
1868 380.00
1869 440.00
1870 440.00
1871 300.00
1872 280.00
1873 180.00
1874 260.00
1875 340.00
1876 360.00
1877 180.00
1878 360.00
1879 380.00
1880 180.00
1881 140.00
1882 260.00
1883 280.00
1884 220.00
1885 260.00
1886 300.00
1887 300.00
1888 400.00
1889 460.00
1890 480.00
1891 300.00
1892 420.00
1893 300.00
1894 260.00
1895 180.00
1896 320.00
1897 480.00
1898 320.00
1899 460.00
1900 240.00
1901 160.00
1902 460.00
1903 360.00
1904 240.00
1905 500.00
1906 420.00
1907 200.00
1908 340.00
1909 340.00
1910 220.00
1911 500.00
1912 400.00
1913 500.00
1914 200.00
1915 460.00
1916 260.00
1917 480.00
1918 460.00
1919 440.00
1920 240.00
1921 240.00
1922 340.00
1923 380.00
1924 200.00
1925 220.00
1926 460.00
1927 320.00
1928 500.00
1929 220.00
1930 440.00
1931 320.00
1932 340.00
1933 280.00
1934 360.00
1935 420.00
1936 420.00
1937 280.00
1938 420.00
1939 360.00
1940 380.00
1941 320.00
1942 440.00
1943 240.00
1944 240.00
1945 400.00
1946 380.00
1947 340.00
1948 440.00
1949 420.00
1950 380.00
1951 260.00
1952 500.00
1953 460.00
1954 420.00
1955 320.00
1956 360.00
1957 380.00
1958 340.00
1959 320.00
1960 220.00
1961 260.00
1962 380.00
1963 360.00
1964 300.00
1965 280.00
1966 340.00
1967 300.00
1968 500.00
1969 380.00
1970 300.00
1971 320.00
1972 420.00
1973 280.00
1974 300.00
1975 380.00
1976 420.00
1977 400.00
1978 240.00
1979 260.00
1980 360.00
1981 220.00
1982 320.00
1983 360.00
1984 320.00
1985 320.00
1986 260.00
1987 280.00
1988 140.00
1989 400.00
1990 240.00
1991 380.00
1992 440.00
1993 180.00
1994 400.00
1995 340.00
1996 440.00
1997 440.00
1998 220.00
1999 440.00
2000 400.00
2001 360.00
2002 300.00
2003 340.00
2004 420.00
2005 300.00
2006 220.00
2007 340.00
2008 380.00
2009 360.00
2010 360.00
2011 380.00
2012 480.00
2013 220.00
2014 360.00
2015 360.00
2016 320.00
2017 380.00
2018 300.00
2019 200.00
2020 240.00
2021 260.00
2022 380.00
2023 220.00
2024 280.00
2025 300.00
2026 280.00
2027 220.00
2028 360.00
2029 260.00
2030 240.00
2031 300.00
2032 420.00
2033 220.00
2034 300.00
2035 300.00
2036 480.00
2037 420.00
2038 280.00
2039 300.00
2040 280.00
2041 320.00
2042 200.00
2043 320.00
2044 460.00
2045 440.00
2046 340.00
2047 420.00
2048 280.00
2049 160.00
2050 300.00
2051 220.00
2052 120.00
2053 200.00
2054 240.00
2055 240.00
2056 480.00
2057 260.00
2058 300.00
2059 320.00
2060 240.00
2061 280.00
2062 300.00
2063 200.00
2064 160.00
2065 400.00
2066 260.00
2067 220.00
2068 260.00
2069 220.00
2070 340.00
2071 160.00
2072 380.00
2073 120.00
2074 280.00
2075 260.00
2076 240.00
2077 120.00
2078 300.00
2079 360.00
2080 320.00
2081 380.00
2082 340.00
2083 180.00
2084 260.00
2085 440.00
2086 220.00
2087 140.00
2088 300.00
2089 380.00
2090 420.00
2091 280.00
2092 120.00
2093 320.00
2094 300.00
2095 360.00
2096 360.00
2097 300.00
2098 380.00
2099 300.00
2100 420.00
2101 320.00
2102 440.00
2103 240.00
2104 120.00
2105 440.00
2106 240.00
2107 480.00
2108 320.00
2109 280.00
2110 240.00
2111 320.00
2112 380.00
2113 380.00
2114 240.00
2115 380.00
2116 360.00
2117 440.00
2118 480.00
2119 300.00
2120 300.00
2121 340.00
2122 420.00
2123 500.00
2124 340.00
2125 260.00
2126 240.00
2127 480.00
2128 320.00
2129 320.00
2130 500.00
2131 260.00
2132 240.00
2133 480.00
2134 400.00
2135 340.00
2136 360.00
2137 420.00
2138 320.00
2139 220.00
2140 300.00
2141 260.00
2142 380.00
2143 280.00
2144 440.00
2145 360.00
2146 260.00
2147 300.00
2148 160.00
2149 320.00
2150 320.00
2151 360.00
2152 280.00
2153 420.00
2154 320.00
2155 320.00
2156 420.00
2157 460.00
2158 240.00
2159 420.00
2160 340.00
2161 240.00
2162 220.00
2163 280.00
2164 300.00
2165 320.00
2166 300.00
2167 400.00
2168 440.00
2169 300.00
2170 140.00
2171 340.00
2172 200.00
2173 480.00
2174 400.00
2175 420.00
2176 200.00
2177 240.00
2178 360.00
2179 280.00
2180 200.00
2181 400.00
2182 320.00
2183 360.00
2184 280.00
2185 240.00
2186 260.00
2187 300.00
2188 320.00
2189 400.00
2190 380.00
2191 140.00
2192 360.00
2193 320.00
2194 360.00
2195 480.00
2196 400.00
2197 360.00
2198 380.00
2199 460.00
2200 380.00
2201 220.00
2202 320.00
2203 220.00
2204 460.00
2205 340.00
2206 200.00
2207 280.00
2208 300.00
2209 360.00
2210 160.00
2211 340.00
2212 400.00
2213 360.00
2214 300.00
2215 440.00
2216 400.00
2217 340.00
2218 380.00
2219 320.00
2220 460.00
2221 380.00
2222 460.00
2223 500.00
2224 360.00
2225 280.00
2226 460.00
2227 460.00
2228 240.00
2229 400.00
2230 300.00
2231 400.00
2232 360.00
2233 400.00
2234 360.00
2235 320.00
2236 340.00
2237 420.00
2238 300.00
2239 300.00
2240 420.00
2241 320.00
2242 200.00
2243 340.00
2244 340.00
2245 420.00
2246 340.00
2247 280.00
2248 260.00
2249 160.00
2250 400.00
2251 440.00
2252 200.00
2253 380.00
2254 240.00
2255 220.00
2256 360.00
2257 240.00
2258 440.00
2259 260.00
2260 460.00
2261 240.00
2262 260.00
2263 360.00
2264 240.00
2265 380.00
2266 320.00
2267 380.00
2268 340.00
2269 480.00
2270 340.00
2271 480.00
2272 280.00
2273 200.00
2274 300.00
2275 340.00
2276 160.00
2277 240.00
2278 440.00
2279 400.00
2280 260.00
2281 400.00
2282 320.00
2283 320.00
2284 340.00
2285 340.00
2286 220.00
2287 200.00
2288 340.00
2289 300.00
2290 400.00
2291 260.00
2292 260.00
2293 120.00
2294 280.00
2295 480.00
2296 220.00
2297 360.00
2298 280.00
2299 460.00
2300 280.00
2301 440.00
2302 460.00
2303 360.00
2304 400.00
2305 320.00
2306 340.00
2307 260.00
2308 240.00
2309 420.00
2310 480.00
2311 340.00
2312 260.00
2313 280.00
2314 220.00
2315 240.00
2316 300.00
2317 320.00
2318 280.00
2319 240.00
2320 440.00
2321 220.00
2322 440.00
2323 340.00
2324 220.00
2325 460.00
2326 380.00
2327 360.00
2328 320.00
2329 240.00
2330 260.00
2331 380.00
2332 220.00
2333 240.00
2334 400.00
2335 280.00
2336 420.00
2337 440.00
2338 440.00
2339 440.00
2340 440.00
2341 440.00
2342 400.00
2343 460.00
2344 420.00
2345 320.00
2346 340.00
2347 340.00
2348 400.00
2349 340.00
2350 440.00
2351 400.00
2352 460.00
2353 280.00
2354 440.00
2355 480.00
2356 380.00
2357 400.00
2358 460.00
2359 440.00
2360 320.00
2361 260.00
2362 440.00
2363 320.00
2364 380.00
2365 380.00
2366 280.00
2367 360.00
2368 300.00
2369 240.00
2370 380.00
2371 280.00
2372 440.00
2373 360.00
2374 300.00
2375 140.00
2376 360.00
2377 300.00
2378 280.00
2379 420.00
2380 360.00
2381 360.00
2382 380.00
2383 200.00
2384 440.00
2385 340.00
2386 380.00
2387 260.00
2388 300.00
2389 340.00
2390 320.00
2391 340.00
2392 320.00
2393 320.00
2394 360.00
2395 320.00
2396 260.00
2397 240.00
2398 220.00
2399 440.00
2400 220.00
2401 300.00
2402 440.00
2403 380.00
2404 480.00
2405 340.00
2406 400.00
2407 300.00
2408 280.00
2409 420.00
2410 360.00
2411 340.00
2412 400.00
2413 320.00
2414 440.00
2415 320.00
2416 360.00
2417 280.00
2418 440.00
2419 260.00
2420 460.00
2421 360.00
2422 300.00
2423 340.00
2424 280.00
2425 280.00
2426 360.00
2427 400.00
2428 220.00
2429 380.00
2430 420.00
2431 340.00
2432 360.00
2433 400.00
2434 260.00
2435 320.00
2436 440.00
2437 460.00
2438 340.00
2439 460.00
2440 400.00
2441 320.00
2442 460.00
2443 300.00
2444 340.00
2445 300.00
2446 300.00
2447 280.00
2448 260.00
2449 440.00
2450 420.00
2451 440.00
2452 420.00
2453 240.00
2454 320.00
2455 440.00
2456 200.00
2457 380.00
2458 440.00
2459 380.00
2460 380.00
2461 440.00
2462 440.00
2463 280.00
2464 480.00
2465 380.00
2466 400.00
2467 320.00
2468 440.00
2469 420.00
2470 340.00
2471 420.00
2472 420.00
2473 480.00
2474 180.00
2475 280.00
2476 460.00
2477 300.00
2478 300.00
2479 340.00
2480 260.00
2481 360.00
2482 280.00
2483 280.00
2484 320.00
2485 280.00
2486 360.00
2487 140.00
2488 300.00
2489 280.00
2490 380.00
2491 300.00
2492 340.00
2493 400.00
2494 460.00
2495 420.00
2496 360.00
2497 400.00
2498 340.00
2499 240.00
2500 320.00
2501 320.00
2502 300.00
2503 260.00
2504 240.00
2505 240.00
2506 400.00
2507 420.00
2508 260.00
2509 300.00
2510 400.00
2511 320.00
2512 340.00
2513 480.00
2514 420.00
2515 380.00
2516 240.00
2517 300.00
2518 340.00
2519 280.00
2520 420.00
2521 400.00
2522 360.00
2523 400.00
2524 380.00
2525 420.00
2526 220.00
2527 280.00
2528 360.00
2529 320.00
2530 320.00
2531 480.00
2532 420.00
2533 320.00
2534 380.00
2535 400.00
2536 380.00
2537 320.00
2538 260.00
2539 300.00
2540 280.00
2541 320.00
2542 340.00
2543 340.00
2544 260.00
2545 460.00
2546 360.00
2547 420.00
2548 320.00
2549 220.00
2550 260.00
2551 380.00
2552 260.00
2553 460.00
2554 360.00
2555 500.00
2556 180.00
2557 340.00
2558 320.00
2559 240.00
2560 260.00
2561 240.00
2562 280.00
2563 300.00
2564 240.00
2565 280.00
2566 380.00
2567 460.00
2568 320.00
2569 400.00
2570 260.00
2571 460.00
2572 400.00
2573 340.00
2574 340.00
2575 500.00
2576 380.00
2577 340.00
2578 440.00
2579 420.00
2580 420.00
2581 460.00
2582 320.00
2583 480.00
2584 380.00
2585 360.00
2586 340.00
2587 480.00
2588 420.00
2589 360.00
2590 180.00
2591 260.00
2592 260.00
2593 500.00
2594 360.00
2595 260.00
2596 300.00
2597 300.00
2598 240.00
2599 260.00
2600 320.00
2601 440.00
2602 460.00
2603 200.00
2604 260.00
2605 400.00
2606 260.00
2607 160.00
2608 300.00
2609 440.00
2610 380.00
2611 280.00
2612 400.00
2613 340.00
2614 360.00
2615 320.00
2616 440.00
2617 360.00
2618 380.00
2619 360.00
2620 320.00
2621 240.00
2622 380.00
2623 260.00
2624 380.00
2625 360.00
2626 360.00
2627 340.00
2628 280.00
2629 400.00
2630 460.00
2631 500.00
2632 320.00
2633 280.00
2634 460.00
2635 440.00
2636 300.00
2637 320.00
2638 420.00
2639 480.00
2640 480.00
2641 360.00
2642 300.00
2643 340.00
2644 240.00
2645 400.00
2646 420.00
2647 300.00
2648 320.00
2649 260.00
2650 240.00
2651 200.00
2652 380.00
2653 400.00
2654 340.00
2655 460.00
2656 440.00
2657 300.00
2658 420.00
2659 280.00
2660 340.00
2661 420.00
2662 260.00
2663 380.00
2664 440.00
2665 380.00
2666 480.00
2667 320.00
2668 440.00
2669 340.00
2670 380.00
2671 340.00
2672 240.00
2673 340.00
2674 480.00
2675 480.00
2676 400.00
2677 420.00
2678 440.00
2679 440.00
2680 300.00
2681 220.00
2682 240.00
2683 440.00
2684 460.00
2685 480.00
2686 380.00
2687 280.00
2688 260.00
2689 340.00
2690 300.00
2691 460.00
2692 340.00
2693 280.00
2694 320.00
2695 440.00
2696 260.00
2697 320.00
2698 340.00
2699 300.00
2700 340.00
2701 260.00
2702 380.00
2703 400.00
2704 460.00
2705 300.00
2706 340.00
2707 340.00
2708 480.00
2709 300.00
2710 220.00
2711 300.00
2712 420.00
2713 340.00
2714 340.00
2715 260.00
2716 220.00
2717 300.00
2718 400.00
2719 500.00
2720 360.00
2721 280.00
2722 320.00
2723 340.00
2724 460.00
2725 340.00
2726 460.00
2727 280.00
2728 320.00
2729 400.00
2730 500.00
2731 320.00
2732 360.00
2733 200.00
2734 340.00
2735 240.00
2736 440.00
2737 380.00
2738 440.00
2739 420.00
2740 200.00
2741 400.00
2742 340.00
2743 320.00
2744 420.00
2745 260.00
2746 240.00
2747 220.00
2748 340.00
2749 240.00
2750 360.00
2751 400.00
2752 420.00
2753 400.00
2754 420.00
2755 480.00
2756 240.00
2757 420.00
2758 360.00
2759 360.00
2760 240.00
2761 200.00
2762 360.00
2763 440.00
2764 200.00
2765 240.00
2766 260.00
2767 340.00
2768 280.00
2769 320.00
2770 420.00
2771 280.00
2772 300.00
2773 260.00
2774 360.00
2775 400.00
2776 400.00
2777 280.00
2778 380.00
2779 220.00
2780 360.00
2781 320.00
2782 340.00
2783 380.00
2784 300.00
2785 160.00
2786 280.00
2787 240.00
2788 260.00
2789 360.00
2790 300.00
2791 300.00
2792 320.00
2793 420.00
2794 420.00
2795 460.00
2796 360.00
2797 360.00
2798 380.00
2799 240.00
2800 380.00
2801 320.00
2802 340.00
2803 440.00
2804 420.00
2805 300.00
2806 320.00
2807 300.00
2808 240.00
2809 360.00
2810 440.00
2811 280.00
2812 260.00
2813 400.00
2814 440.00
2815 400.00
2816 200.00
2817 260.00
2818 420.00
2819 400.00
2820 260.00
2821 360.00
2822 320.00
2823 140.00
2824 340.00
2825 360.00
2826 200.00
2827 340.00
2828 500.00
2829 320.00
2830 420.00
2831 280.00
2832 420.00
2833 340.00
2834 340.00
2835 420.00
2836 400.00
2837 400.00
2838 400.00
2839 400.00
2840 500.00
2841 320.00
2842 320.00
2843 320.00
2844 240.00
2845 280.00
2846 240.00
2847 220.00
2848 240.00
2849 360.00
2850 280.00
2851 500.00
2852 440.00
2853 380.00
2854 280.00
2855 400.00
2856 380.00
2857 380.00
2858 260.00
2859 340.00
2860 180.00
2861 340.00
2862 380.00
2863 320.00
2864 320.00
2865 380.00
2866 240.00
2867 280.00
2868 320.00
2869 240.00
2870 280.00
2871 260.00
2872 420.00
2873 280.00
2874 280.00
2875 320.00
2876 400.00
2877 340.00
2878 260.00
2879 220.00
2880 380.00
2881 400.00
2882 320.00
2883 340.00
2884 440.00
2885 340.00
2886 320.00
2887 220.00
2888 280.00
2889 240.00
2890 380.00
2891 460.00
2892 320.00
2893 340.00
2894 240.00
2895 480.00
2896 260.00
2897 440.00
2898 240.00
2899 360.00
2900 300.00
2901 380.00
2902 260.00
2903 400.00
2904 340.00
2905 480.00
2906 320.00
2907 320.00
2908 320.00
2909 340.00
2910 280.00
2911 300.00
2912 480.00
2913 340.00
2914 360.00
2915 380.00
2916 280.00
2917 300.00
2918 320.00
2919 280.00
2920 400.00
2921 320.00
2922 440.00
2923 360.00
2924 300.00
2925 320.00
2926 300.00
2927 340.00
2928 420.00
2929 420.00
2930 480.00
2931 240.00
2932 340.00
2933 340.00
2934 380.00
2935 360.00
2936 280.00
2937 160.00
2938 380.00
2939 340.00
2940 400.00
2941 300.00
2942 340.00
2943 380.00
2944 460.00
2945 340.00
2946 180.00
2947 340.00
2948 300.00
2949 360.00
2950 280.00
2951 380.00
2952 400.00
2953 220.00
2954 280.00
2955 360.00
2956 300.00
2957 400.00
2958 400.00
2959 420.00
2960 220.00
2961 280.00
2962 260.00
2963 280.00
2964 400.00
2965 260.00
2966 260.00
2967 460.00
2968 320.00
2969 300.00
2970 280.00
2971 280.00
2972 480.00
2973 200.00
2974 420.00
2975 480.00
2976 360.00
2977 420.00
2978 480.00
2979 300.00
2980 360.00
2981 460.00
2982 340.00
2983 420.00
2984 440.00
2985 400.00
2986 500.00
2987 280.00
2988 400.00
2989 300.00
2990 360.00
2991 240.00
2992 340.00
2993 280.00
2994 340.00
2995 300.00
2996 280.00
2997 340.00
2998 420.00
2999 320.00
