0 109.33
1 122.67
2 230.67
3 118.00
4 177.33
5 146.67
6 164.67
7 196.67
8 154.00
9 167.33
10 196.00
11 202.00
12 188.00
13 182.67
14 155.33
15 205.33
16 153.33
17 194.67
18 177.33
19 197.33
20 324.00
21 196.67
22 168.00
23 299.33
24 283.33
25 180.00
26 199.33
27 175.33
28 287.33
29 298.67
30 224.67
31 262.00
32 208.00
33 308.00
34 323.33
35 225.33
36 218.67
37 182.00
38 194.00
39 210.67
40 209.33
41 223.33
42 212.00
43 166.67
44 178.67
45 200.00
46 280.00
47 206.67
48 183.33
49 194.67
50 195.33
51 286.00
52 275.33
53 224.00
54 188.67
55 196.67
56 194.00
57 215.33
58 201.33
59 296.67
60 239.33
61 215.33
62 206.67
63 196.67
64 279.33
65 196.00
66 208.67
67 235.33
68 224.00
69 342.00
70 220.67
71 243.33
72 210.67
73 191.33
74 219.33
75 198.67
76 200.00
77 164.67
78 238.00
79 181.33
80 256.67
81 219.33
82 184.00
83 206.67
84 179.33
85 290.67
86 188.00
87 208.00
88 216.67
89 336.00
90 214.67
91 220.67
92 208.67
93 201.33
94 202.67
95 246.00
96 226.67
97 314.00
98 208.67
99 208.00
100 293.33
101 358.67
102 289.33
103 208.00
104 245.33
105 200.00
106 226.00
107 187.33
108 270.00
109 190.00
110 266.67
111 206.67
112 206.67
113 230.00
114 244.67
115 338.00
116 217.33
117 253.33
118 240.67
119 204.00
120 205.33
121 188.67
122 213.33
123 178.00
124 230.00
125 224.67
126 268.67
127 228.67
128 221.33
129 220.00
130 252.00
131 185.33
132 208.67
133 207.33
134 195.33
135 235.33
136 182.00
137 229.33
138 174.67
139 216.00
140 242.00
141 182.67
142 214.00
143 185.33
144 246.67
145 190.00
146 186.00
147 199.33
148 194.00
149 225.33
150 226.67
151 212.67
152 302.00
153 223.33
154 308.00
155 220.67
156 225.33
157 209.33
158 252.67
159 223.33
160 285.33
161 242.67
162 212.00
163 299.33
164 257.33
165 373.33
166 241.33
167 230.67
168 258.00
169 310.00
170 334.67
171 230.00
172 346.67
173 225.33
174 248.00
175 320.67
176 237.33
177 224.00
178 330.67
179 246.67
180 253.33
181 211.33
182 239.33
183 356.67
184 236.00
185 258.67
186 422.00
187 238.67
188 357.33
189 228.00
190 221.33
191 224.67
192 252.00
193 225.33
194 239.33
195 224.67
196 309.33
197 220.00
198 425.33
199 222.67
200 233.33
201 298.00
202 272.00
203 209.33
204 171.33
205 200.67
206 200.00
207 240.67
208 270.67
209 188.67
210 240.67
211 286.67
212 300.00
213 266.67
214 272.00
215 213.33
216 222.00
217 210.00
218 211.33
219 209.33
220 183.33
221 176.00
222 204.67
223 256.67
224 282.67
225 218.67
226 192.00
227 208.67
228 234.67
229 300.00
230 201.33
231 253.33
232 278.00
233 228.67
234 241.33
235 236.00
236 232.00
237 186.00
238 261.33
239 214.67
240 276.67
241 260.00
242 297.33
243 259.33
244 319.33
245 260.67
246 233.33
247 206.00
248 178.00
249 268.67
250 207.33
251 224.67
252 171.33
253 229.33
254 262.67
255 236.00
256 332.00
257 215.33
258 190.67
259 220.00
260 324.00
261 271.33
262 232.00
263 211.33
264 217.33
265 306.67
266 292.00
267 274.67
268 291.33
269 278.67
270 298.00
271 218.67
272 282.67
273 210.67
274 216.67
275 322.00
276 260.67
277 336.00
278 360.00
279 400.00
280 314.00
281 225.33
282 288.67
283 256.67
284 214.00
285 211.33
286 267.33
287 229.33
288 289.33
289 243.33
290 243.33
291 255.33
292 318.67
293 228.00
294 226.67
295 366.00
296 263.33
297 280.00
298 384.67
299 238.00
300 283.33
301 274.67
302 331.33
303 368.67
304 260.00
305 236.00
306 268.00
307 260.67
308 305.33
309 297.33
310 248.00
311 272.00
312 230.67
313 322.67
314 309.33
315 266.67
316 214.00
317 264.67
318 212.67
319 244.00
320 330.67
321 232.67
322 192.00
323 242.00
324 267.33
325 268.67
326 218.67
327 234.00
328 326.00
329 230.67
330 216.00
331 254.67
332 212.67
333 266.00
334 246.67
335 269.33
336 211.33
337 202.67
338 288.00
339 316.67
340 239.33
341 228.00
342 252.67
343 273.33
344 317.33
345 261.33
346 328.00
347 299.33
348 361.33
349 338.67
350 247.33
351 342.00
352 232.67
353 314.00
354 284.00
355 251.33
356 302.67
357 220.00
358 316.00
359 318.00
360 230.67
361 250.67
362 240.67
363 232.00
364 232.00
365 230.67
366 207.33
367 190.00
368 291.33
369 276.00
370 220.67
371 262.00
372 215.33
373 280.67
374 224.00
375 254.67
376 225.33
377 216.67
378 303.33
379 316.67
380 316.00
381 310.67
382 235.33
383 315.33
384 222.67
385 222.67
386 230.00
387 256.67
388 272.67
389 245.33
390 371.33
391 314.00
392 333.33
393 302.00
394 229.33
395 194.67
396 244.00
397 284.67
398 204.00
399 290.67
400 409.33
401 342.67
402 437.33
403 250.67
404 296.00
405 330.00
406 212.00
407 220.00
408 290.67
409 250.67
410 204.00
411 286.67
412 196.00
413 229.33
414 259.33
415 203.33
416 296.00
417 236.00
418 216.00
419 208.67
420 268.67
421 250.00
422 225.33
423 273.33
424 394.00
425 244.67
426 254.00
427 236.00
428 265.33
429 289.33
430 227.33
431 332.67
432 238.00
433 308.67
434 214.00
435 305.33
436 363.33
437 286.67
438 263.33
439 302.00
440 241.33
441 388.67
442 244.00
443 348.67
444 330.67
445 340.00
446 372.67
447 232.00
448 241.33
449 312.00
450 271.33
451 330.67
452 378.67
453 274.00
454 230.67
455 290.00
456 188.67
457 202.67
458 245.33
459 226.67
460 276.67
461 217.33
462 318.67
463 250.67
464 244.67
465 275.33
466 263.33
467 336.00
468 386.00
469 284.00
470 213.33
471 272.67
472 382.67
473 422.00
474 229.33
475 283.33
476 339.33
477 440.67
478 271.33
479 222.00
480 263.33
481 354.00
482 288.67
483 329.33
484 309.33
485 310.67
486 216.67
487 239.33
488 324.67
489 296.00
490 383.33
491 328.00
492 266.00
493 236.67
494 240.67
495 237.33
496 276.00
497 234.00
498 327.33
499 238.67
500 269.33
501 368.00
502 252.00
503 280.00
504 365.33
505 266.00
506 201.33
507 242.00
508 375.33
509 222.00
510 260.67
511 194.00
512 248.00
513 268.00
514 295.33
515 203.33
516 280.67
517 314.67
518 334.67
519 332.67
520 267.33
521 258.67
522 437.33
523 414.67
524 400.00
525 278.00
526 438.00
527 285.33
528 259.33
529 262.67
530 272.67
531 234.00
532 356.00
533 250.00
534 295.33
535 418.67
536 308.00
537 250.00
538 326.00
539 207.33
540 314.67
541 304.67
542 406.00
543 419.33
544 226.00
545 284.67
546 215.33
547 244.00
548 279.33
549 252.00
550 382.67
551 306.00
552 224.67
553 236.00
554 243.33
555 328.00
556 230.67
557 335.33
558 286.00
559 405.33
560 234.67
561 323.33
562 306.00
563 308.00
564 270.00
565 311.33
566 292.00
567 232.67
568 240.00
569 315.33
570 351.33
571 235.33
572 329.33
573 312.00
574 258.00
575 372.67
576 328.67
577 402.00
578 238.00
579 310.67
580 379.33
581 254.67
582 352.67
583 283.33
584 287.33
585 281.33
586 240.00
587 258.00
588 351.33
589 264.67
590 289.33
591 366.67
592 337.33
593 345.33
594 248.00
595 192.00
596 344.00
597 243.33
598 358.67
599 275.33
600 406.67
601 208.67
602 409.33
603 248.67
604 338.00
605 400.67
606 232.00
607 264.67
608 381.33
609 252.00
610 306.00
611 180.67
612 196.00
613 193.33
614 195.33
615 412.67
616 219.33
617 373.33
618 412.67
619 416.00
620 482.00
621 240.00
622 251.33
623 244.67
624 232.00
625 254.67
626 198.67
627 206.67
628 397.33
629 245.33
630 286.67
631 262.00
632 450.00
633 246.67
634 459.33
635 236.67
636 274.67
637 424.67
638 271.33
639 228.67
640 427.33
641 280.67
642 255.33
643 234.67
644 290.00
645 306.00
646 368.67
647 396.67
648 233.33
649 244.67
650 314.67
651 196.67
652 222.67
653 261.33
654 247.33
655 427.33
656 462.67
657 274.00
658 254.00
659 339.33
660 235.33
661 214.67
662 334.00
663 312.00
664 445.33
665 258.00
666 266.00
667 327.33
668 234.67
669 266.00
670 246.67
671 319.33
672 371.33
673 300.67
674 321.33
675 363.33
676 244.67
677 280.67
678 256.67
679 266.67
680 286.00
681 315.33
682 324.67
683 270.67
684 298.67
685 272.67
686 260.00
687 262.00
688 306.67
689 396.00
690 421.33
691 312.00
692 298.00
693 224.00
694 285.33
695 408.67
696 353.33
697 455.33
698 304.67
699 470.00
700 230.00
701 369.33
702 261.33
703 337.33
704 471.33
705 333.33
706 264.00
707 384.00
708 426.67
709 290.00
710 242.00
711 373.33
712 440.67
713 212.67
714 273.33
715 452.67
716 345.33
717 290.67
718 370.00
719 404.67
720 220.00
721 234.00
722 346.00
723 417.33
724 432.00
725 360.67
726 312.00
727 282.00
728 262.67
729 324.67
730 301.33
731 458.00
732 297.33
733 472.00
734 318.00
735 340.00
736 298.67
737 435.33
738 323.33
739 403.33
740 256.00
741 230.67
742 339.33
743 452.00
744 303.33
745 359.33
746 278.67
747 464.00
748 459.33
749 478.67
750 217.33
751 348.00
752 321.33
753 295.33
754 326.00
755 270.00
756 262.67
757 287.33
758 407.33
759 304.67
760 271.33
761 336.67
762 456.00
763 336.00
764 316.67
765 236.67
766 316.00
767 294.67
768 426.67
769 314.00
770 253.33
771 422.67
772 328.67
773 306.67
774 226.67
775 317.33
776 399.33
777 472.00
778 316.67
779 394.00
780 316.67
781 332.67
782 430.00
783 262.67
784 330.67
785 225.33
786 330.00
787 296.67
788 342.67
789 258.67
790 243.33
791 281.33
792 321.33
793 274.67
794 333.33
795 376.67
796 440.67
797 288.67
798 304.67
799 268.00
800 334.67
801 218.00
802 480.00
803 401.33
804 328.67
805 439.33
806 332.67
807 226.00
808 297.33
809 352.00
810 254.00
811 474.00
812 232.00
813 316.67
814 471.33
815 499.33
816 450.00
817 343.33
818 479.33
819 414.00
820 498.00
821 470.00
822 238.67
823 278.67
824 480.00
825 338.67
826 319.33
827 476.00
828 278.67
829 339.33
830 474.67
831 260.00
832 341.33
833 305.33
834 236.00
835 334.00
836 260.67
837 484.00
838 428.00
839 204.00
840 311.33
841 237.33
842 418.00
843 482.00
844 495.33
845 300.67
846 278.00
847 282.00
848 252.00
849 289.33
850 273.33
851 236.67
852 160.67
853 372.67
854 316.00
855 264.67
856 286.67
857 307.33
858 215.33
859 297.33
860 264.67
861 286.00
862 350.67
863 252.00
864 442.00
865 284.67
866 274.00
867 262.67
868 364.00
869 382.67
870 316.00
871 254.67
872 222.67
873 224.67
874 211.33
875 450.00
876 282.67
877 291.33
878 266.00
879 227.33
880 204.67
881 242.67
882 220.00
883 191.33
884 388.00
885 221.33
886 383.33
887 168.67
888 390.67
889 246.00
890 250.00
891 404.67
892 280.00
893 279.33
894 282.67
895 254.67
896 279.33
897 283.33
898 256.00
899 256.67
900 340.67
901 232.00
902 209.33
903 313.33
904 346.67
905 295.33
906 334.00
907 236.00
908 288.67
909 303.33
910 353.33
911 189.33
912 259.33
913 261.33
914 175.33
915 328.67
916 352.67
917 368.00
918 471.33
919 249.33
920 276.67
921 245.33
922 329.33
923 206.00
924 298.00
925 288.67
926 321.33
927 216.00
928 475.33
929 290.00
930 203.33
931 429.33
932 235.33
933 455.33
934 485.33
935 474.00
936 316.67
937 458.00
938 268.67
939 218.00
940 206.67
941 270.67
942 215.33
943 215.33
944 242.67
945 459.33
946 309.33
947 325.33
948 243.33
949 225.33
950 270.00
951 388.67
952 234.67
953 339.33
954 461.33
955 256.00
956 372.00
957 286.67
958 476.00
959 473.33
960 448.67
961 387.33
962 498.00
963 212.00
964 368.67
965 362.00
966 484.00
967 241.33
968 278.00
969 469.33
970 376.67
971 195.33
972 240.00
973 242.00
974 451.33
975 239.33
976 326.00
977 363.33
978 478.67
979 248.00
980 312.00
981 437.33
982 324.67
983 252.00
984 276.67
985 273.33
986 277.33
987 267.33
988 386.67
989 331.33
990 426.67
991 297.33
992 282.67
993 377.33
994 281.33
995 168.67
996 410.00
997 317.33
998 266.00
999 312.67
1000 500.00
1001 360.00
1002 280.00
1003 298.00
1004 397.33
1005 286.67
1006 316.00
1007 224.00
1008 286.67
1009 134.00
1010 274.67
1011 216.00
1012 445.33
1013 240.67
1014 322.67
1015 302.67
1016 274.67
1017 212.00
1018 261.33
1019 308.67
1020 306.00
1021 360.67
1022 432.00
1023 242.00
1024 163.33
1025 219.33
1026 442.00
1027 246.00
1028 239.33
1029 272.00
1030 281.33
1031 325.33
1032 443.33
1033 387.33
1034 304.00
1035 218.67
1036 347.33
1037 327.33
1038 428.00
1039 334.00
1040 158.67
1041 286.67
1042 374.67
1043 298.00
1044 328.00
1045 144.67
1046 191.33
1047 228.67
1048 320.67
1049 291.33
1050 360.67
1051 287.33
1052 373.33
1053 479.33
1054 427.33
1055 350.00
1056 320.00
1057 239.33
1058 319.33
1059 192.00
1060 324.67
1061 312.67
1062 353.33
1063 467.33
1064 384.67
1065 248.67
1066 266.67
1067 386.00
1068 354.00
1069 273.33
1070 330.67
1071 245.33
1072 378.00
1073 372.00
1074 262.00
1075 466.00
1076 232.67
1077 204.67
1078 382.67
1079 231.33
1080 265.33
1081 495.33
1082 441.33
1083 453.33
1084 374.00
1085 259.33
1086 380.00
1087 210.67
1088 300.67
1089 294.67
1090 366.00
1091 312.67
1092 318.00
1093 417.33
1094 407.33
1095 266.00
1096 288.00
1097 454.67
1098 352.00
1099 278.00
1100 477.33
1101 306.67
1102 304.67
1103 253.33
1104 340.00
1105 335.33
1106 290.00
1107 495.33
1108 191.33
1109 320.00
1110 290.67
1111 374.00
1112 274.67
1113 467.33
1114 390.00
1115 239.33
1116 262.67
1117 420.67
1118 308.00
1119 374.00
1120 188.67
1121 443.33
1122 474.67
1123 274.67
1124 317.33
1125 467.33
1126 470.00
1127 248.00
1128 294.00
1129 286.00
1130 238.00
1131 279.33
1132 408.67
1133 302.00
1134 450.67
1135 349.33
1136 326.00
1137 362.00
1138 318.67
1139 383.33
1140 450.67
1141 335.33
1142 276.00
1143 374.67
1144 218.67
1145 344.67
1146 293.33
1147 372.00
1148 447.33
1149 450.00
1150 356.67
1151 345.33
1152 474.00
1153 250.67
1154 358.67
1155 226.67
1156 311.33
1157 324.67
1158 394.00
1159 227.33
1160 368.00
1161 440.00
1162 477.33
1163 326.00
1164 245.33
1165 426.00
1166 320.67
1167 276.67
1168 403.33
1169 497.33
1170 293.33
1171 309.33
1172 288.67
1173 468.67
1174 286.67
1175 208.00
1176 442.67
1177 338.00
1178 308.00
1179 351.33
1180 498.00
1181 335.33
1182 333.33
1183 285.33
1184 438.00
1185 308.00
1186 429.33
1187 351.33
1188 285.33
1189 338.67
1190 276.00
1191 313.33
1192 310.00
1193 453.33
1194 253.33
1195 172.00
1196 298.67
1197 344.00
1198 328.67
1199 276.67
1200 429.33
1201 400.00
1202 381.33
1203 452.67
1204 232.67
1205 233.33
1206 220.00
1207 216.67
1208 295.33
1209 349.33
1210 200.00
1211 256.00
1212 224.00
1213 372.00
1214 322.67
1215 341.33
1216 272.67
1217 327.33
1218 315.33
1219 443.33
1220 338.67
1221 296.00
1222 443.33
1223 341.33
1224 308.00
1225 242.67
1226 312.67
1227 372.00
1228 345.33
1229 284.00
1230 203.33
1231 282.67
1232 394.00
1233 294.67
1234 291.33
1235 263.33
1236 274.00
1237 218.00
1238 284.00
1239 222.00
1240 343.33
1241 279.33
1242 262.67
1243 345.33
1244 286.00
1245 281.33
1246 235.33
1247 336.67
1248 396.00
1249 308.67
1250 260.67
1251 261.33
1252 448.00
1253 440.67
1254 232.67
1255 334.00
1256 312.00
1257 362.67
1258 256.67
1259 366.00
1260 348.67
1261 254.00
1262 413.33
1263 430.00
1264 344.67
1265 353.33
1266 325.33
1267 346.00
1268 326.00
1269 379.33
1270 224.00
1271 243.33
1272 332.67
1273 406.67
1274 324.00
1275 298.00
1276 340.00
1277 234.67
1278 471.33
1279 376.67
1280 455.33
1281 389.33
1282 258.00
1283 428.00
1284 310.67
1285 457.33
1286 350.67
1287 386.00
1288 281.33
1289 484.67
1290 348.00
1291 456.67
1292 275.33
1293 312.67
1294 470.67
1295 260.67
1296 244.67
1297 366.67
1298 305.33
1299 387.33
1300 360.00
1301 273.33
1302 339.33
1303 468.67
1304 476.67
1305 316.67
1306 365.33
1307 292.00
1308 332.67
1309 346.00
1310 399.33
1311 334.67
1312 336.67
1313 244.00
1314 240.67
1315 408.67
1316 243.33
1317 376.67
1318 316.00
1319 258.67
1320 202.67
1321 335.33
1322 220.00
1323 376.67
1324 242.67
1325 222.00
1326 271.33
1327 232.67
1328 304.67
1329 428.00
1330 460.67
1331 220.67
1332 253.33
1333 222.00
1334 334.67
1335 348.00
1336 374.67
1337 420.67
1338 318.00
1339 244.00
1340 460.00
1341 301.33
1342 276.00
1343 304.67
1344 397.33
1345 230.67
1346 385.33
1347 246.00
1348 339.33
1349 272.67
1350 229.33
1351 434.00
1352 388.67
1353 226.67
1354 258.67
1355 285.33
1356 426.67
1357 355.33
1358 242.00
1359 379.33
1360 459.33
1361 444.67
1362 370.00
1363 296.00
1364 366.00
1365 252.67
1366 261.33
1367 248.00
1368 470.67
1369 326.00
1370 320.00
1371 415.33
1372 439.33
1373 226.00
1374 310.67
1375 200.00
1376 480.00
1377 307.33
1378 275.33
1379 302.67
1380 214.00
1381 344.67
1382 290.67
1383 314.67
1384 485.33
1385 232.67
1386 475.33
1387 300.67
1388 384.00
1389 252.00
1390 297.33
1391 407.33
1392 276.00
1393 417.33
1394 446.00
1395 286.00
1396 310.00
1397 256.00
1398 365.33
1399 375.33
1400 427.33
1401 340.00
1402 444.00
1403 293.33
1404 442.00
1405 260.00
1406 321.33
1407 304.00
1408 360.00
1409 353.33
1410 187.33
1411 454.67
1412 252.67
1413 204.00
1414 231.33
1415 164.67
1416 320.00
1417 178.00
1418 173.33
1419 204.00
1420 205.33
1421 329.33
1422 325.33
1423 275.33
1424 270.67
1425 267.33
1426 300.00
1427 302.00
1428 296.67
1429 305.33
1430 440.00
1431 286.00
1432 325.33
1433 222.67
1434 294.00
1435 315.33
1436 364.67
1437 297.33
1438 300.00
1439 214.00
1440 280.67
1441 442.00
1442 323.33
1443 384.00
1444 392.67
1445 207.33
1446 276.00
1447 492.67
1448 388.67
1449 236.00
1450 248.00
1451 475.33
1452 243.33
1453 210.67
1454 416.67
1455 350.00
1456 282.67
1457 467.33
1458 340.67
1459 294.67
1460 258.67
1461 298.00
1462 415.33
1463 440.67
1464 301.33
1465 440.67
1466 170.67
1467 333.33
1468 481.33
1469 218.00
1470 474.67
1471 236.67
1472 480.67
1473 286.67
1474 261.33
1475 216.67
1476 256.67
1477 381.33
1478 328.67
1479 358.00
1480 380.00
1481 482.00
1482 378.00
1483 253.33
1484 263.33
1485 378.00
1486 461.33
1487 324.67
1488 305.33
1489 408.67
1490 245.33
1491 416.67
1492 215.33
1493 220.00
1494 315.33
1495 448.67
1496 427.33
1497 370.00
1498 292.00
1499 255.33
1500 320.00
1501 176.67
1502 357.33
1503 411.33
1504 322.67
1505 205.33
1506 375.33
1507 438.00
1508 421.33
1509 395.33
1510 386.00
1511 224.00
1512 280.67
1513 492.67
1514 415.33
1515 352.00
1516 226.67
1517 284.00
1518 168.00
1519 304.67
1520 380.00
1521 403.33
1522 398.67
1523 269.33
1524 316.67
1525 446.67
1526 389.33
1527 466.00
1528 248.00
1529 450.00
1530 199.33
1531 318.67
1532 376.67
1533 363.33
1534 334.67
1535 448.67
1536 434.00
1537 372.00
1538 372.00
1539 408.00
1540 272.00
1541 243.33
1542 475.33
1543 269.33
1544 220.00
1545 294.00
1546 230.67
1547 363.33
1548 405.33
1549 355.33
1550 199.33
1551 232.67
1552 464.67
1553 232.00
1554 358.67
1555 414.00
1556 226.67
1557 308.67
1558 318.00
1559 316.67
1560 354.67
1561 120.67
1562 264.00
1563 163.33
1564 404.67
1565 480.67
1566 446.67
1567 278.67
1568 366.00
1569 247.33
1570 336.00
1571 340.67
1572 300.67
1573 284.00
1574 270.00
1575 268.00
1576 358.67
1577 283.33
1578 473.33
1579 364.67
1580 390.00
1581 386.00
1582 278.00
1583 299.33
1584 322.00
1585 465.33
1586 442.67
1587 340.00
1588 405.33
1589 340.67
1590 424.67
1591 230.00
1592 170.00
1593 352.67
1594 476.67
1595 430.67
1596 176.67
1597 331.33
1598 472.67
1599 348.00
1600 480.00
1601 253.33
1602 500.00
1603 500.00
1604 254.00
1605 422.67
1606 168.67
1607 466.67
1608 329.33
1609 356.00
1610 445.33
1611 269.33
1612 406.67
1613 308.00
1614 424.00
1615 215.33
1616 200.00
1617 174.00
1618 500.00
1619 216.00
1620 273.33
1621 368.00
1622 472.67
1623 338.67
1624 332.00
1625 318.00
1626 322.67
1627 434.67
1628 437.33
1629 204.67
1630 262.00
1631 305.33
1632 242.00
1633 312.00
1634 342.67
1635 430.00
1636 336.67
1637 470.67
1638 386.00
1639 360.00
1640 264.00
1641 322.00
1642 220.67
1643 438.67
1644 314.67
1645 371.33
1646 176.00
1647 438.00
1648 386.67
1649 238.67
1650 389.33
1651 332.67
1652 354.00
1653 344.67
1654 210.00
1655 428.67
1656 312.67
1657 322.67
1658 210.00
1659 180.00
1660 359.33
1661 446.00
1662 414.67
1663 278.00
1664 330.67
1665 430.00
1666 160.67
1667 448.67
1668 386.00
1669 389.33
1670 262.00
1671 281.33
1672 352.67
1673 472.00
1674 294.67
1675 341.33
1676 334.00
1677 322.67
1678 230.00
1679 201.33
1680 352.67
1681 238.67
1682 390.67
1683 343.33
1684 216.00
1685 229.33
1686 290.67
1687 240.67
1688 258.67
1689 186.00
1690 460.00
1691 267.33
1692 286.67
1693 148.00
1694 280.67
1695 337.33
1696 297.33
1697 264.00
1698 288.67
1699 311.33
1700 268.00
1701 256.00
1702 293.33
1703 275.33
1704 262.00
1705 252.67
1706 295.33
1707 433.33
1708 336.00
1709 216.67
1710 308.00
1711 458.67
1712 240.00
1713 491.33
1714 373.33
1715 315.33
1716 421.33
1717 312.67
1718 456.67
1719 260.00
1720 498.00
1721 358.67
1722 239.33
1723 472.67
1724 196.00
1725 380.00
1726 181.33
1727 287.33
1728 361.33
1729 480.00
1730 365.33
1731 315.33
1732 393.33
1733 426.00
1734 262.00
1735 328.67
1736 380.67
1737 312.00
1738 405.33
1739 410.00
1740 260.00
1741 398.67
1742 300.00
1743 152.00
1744 340.00
1745 410.00
1746 236.00
1747 221.33
1748 306.67
1749 242.00
1750 268.67
1751 258.67
1752 315.33
1753 246.67
1754 240.00
1755 428.67
1756 270.00
1757 363.33
1758 486.67
1759 330.67
1760 271.33
1761 344.67
1762 450.00
1763 342.00
1764 181.33
1765 482.67
1766 134.00
1767 381.33
1768 344.67
1769 342.00
1770 350.67
1771 300.00
1772 361.33
1773 374.67
1774 281.33
1775 164.67
1776 400.67
1777 401.33
1778 298.67
1779 200.00
1780 380.67
1781 274.67
1782 246.00
1783 288.67
1784 423.33
1785 279.33
1786 243.33
1787 338.67
1788 286.00
1789 354.00
1790 348.00
1791 297.33
1792 185.33
1793 396.67
1794 362.67
1795 340.00
1796 380.00
1797 381.33
1798 379.33
1799 204.67
1800 260.00
1801 440.67
1802 351.33
1803 405.33
1804 378.67
1805 75.33
1806 226.00
1807 323.33
1808 438.67
1809 406.00
1810 383.33
1811 382.00
1812 242.00
1813 368.67
1814 178.67
1815 390.00
1816 384.67
1817 344.00
1818 386.00
1819 399.33
1820 306.67
1821 478.67
1822 272.00
1823 358.67
1824 354.00
1825 422.00
1826 464.00
1827 248.00
1828 438.00
1829 487.33
1830 396.00
1831 416.67
1832 371.33
1833 370.00
1834 305.33
1835 360.00
1836 315.33
1837 378.00
1838 258.00
1839 323.33
1840 385.33
1841 174.67
1842 456.00
1843 259.33
1844 365.33
1845 328.00
1846 389.33
1847 300.00
1848 349.33
1849 294.67
1850 296.00
1851 387.33
1852 314.00
1853 461.33
1854 380.67
1855 306.00
1856 379.33
1857 360.00
1858 456.00
1859 428.67
1860 232.00
1861 402.67
1862 288.00
1863 340.67
1864 324.67
1865 426.00
1866 335.33
1867 342.00
1868 176.67
1869 218.00
1870 454.67
1871 213.33
1872 386.67
1873 367.33
1874 364.00
1875 283.33
1876 399.33
1877 344.00
1878 428.00
1879 214.67
1880 257.33
1881 396.00
1882 425.33
1883 464.00
1884 322.00
1885 290.00
1886 224.67
1887 408.67
1888 416.00
1889 324.67
1890 490.67
1891 439.33
1892 234.00
1893 264.00
1894 284.67
1895 297.33
1896 328.67
1897 298.00
1898 320.67
1899 294.67
1900 316.67
1901 227.33
1902 360.00
1903 336.67
1904 398.67
1905 328.00
1906 264.00
1907 237.33
1908 326.67
1909 190.67
1910 254.67
1911 392.67
1912 350.00
1913 417.33
1914 250.00
1915 347.33
1916 324.67
1917 476.00
1918 266.67
1919 290.00
1920 399.33
1921 382.00
1922 298.00
1923 451.33
1924 431.33
1925 451.33
1926 491.33
1927 470.00
1928 324.67
1929 240.00
1930 261.33
1931 180.00
1932 267.33
1933 269.33
1934 359.33
1935 362.00
1936 490.00
1937 458.00
1938 230.67
1939 403.33
1940 272.00
1941 271.33
1942 468.00
1943 354.00
1944 278.67
1945 354.67
1946 262.67
1947 326.00
1948 333.33
1949 322.00
1950 224.00
1951 281.33
1952 276.00
1953 232.67
1954 406.00
1955 274.00
1956 380.00
1957 393.33
1958 274.00
1959 306.00
1960 338.67
1961 220.00
1962 362.67
1963 442.00
1964 313.33
1965 308.00
1966 332.00
1967 270.00
1968 264.67
1969 236.00
1970 456.00
1971 314.00
1972 269.33
1973 306.00
1974 268.00
1975 327.33
1976 263.33
1977 298.00
1978 278.00
1979 484.00
1980 278.67
1981 332.00
1982 336.67
1983 378.00
1984 276.67
1985 246.00
1986 264.67
1987 277.33
1988 306.67
1989 254.00
1990 321.33
1991 364.67
1992 426.00
1993 450.00
1994 283.33
1995 359.33
1996 362.00
1997 344.00
1998 469.33
1999 342.67
2000 300.00
2001 413.33
2002 266.67
2003 280.00
2004 301.33
2005 322.00
2006 313.33
2007 372.00
2008 408.00
2009 356.00
2010 250.67
2011 274.00
2012 270.67
2013 326.67
2014 280.67
2015 428.67
2016 210.67
2017 269.33
2018 386.67
2019 276.67
2020 338.67
2021 232.67
2022 308.67
2023 432.00
2024 255.33
2025 284.00
2026 328.00
2027 420.67
2028 256.67
2029 248.67
2030 272.67
2031 299.33
2032 281.33
2033 348.67
2034 431.33
2035 246.67
2036 394.00
2037 402.67
2038 332.00
2039 260.67
2040 311.33
2041 311.33
2042 262.67
2043 476.00
2044 306.00
2045 245.33
2046 198.00
2047 309.33
2048 276.67
2049 444.00
2050 448.67
2051 280.67
2052 326.67
2053 276.00
2054 418.67
2055 318.00
2056 378.00
2057 278.67
2058 276.67
2059 335.33
2060 420.67
2061 324.67
2062 331.33
2063 282.00
2064 338.00
2065 296.00
2066 405.33
2067 323.33
2068 259.33
2069 344.67
2070 315.33
2071 240.67
2072 376.00
2073 380.67
2074 289.33
2075 241.33
2076 484.67
2077 436.67
2078 250.00
2079 372.67
2080 338.67
2081 244.00
2082 304.67
2083 168.00
2084 257.33
2085 294.00
2086 489.33
2087 310.00
2088 359.33
2089 339.33
2090 265.33
2091 238.67
2092 230.67
2093 229.33
2094 241.33
2095 438.00
2096 298.00
2097 280.00
2098 376.00
2099 248.00
2100 289.33
2101 264.67
2102 407.33
2103 478.00
2104 259.33
2105 294.00
2106 344.00
2107 420.67
2108 444.67
2109 444.67
2110 267.33
2111 398.67
2112 307.33
2113 265.33
2114 224.00
2115 236.67
2116 328.00
2117 339.33
2118 320.67
2119 454.67
2120 445.33
2121 262.67
2122 368.00
2123 348.00
2124 438.00
2125 332.00
2126 494.00
2127 429.33
2128 396.00
2129 330.00
2130 374.67
2131 316.67
2132 346.67
2133 224.67
2134 312.00
2135 205.33
2136 286.00
2137 258.67
2138 476.67
2139 324.67
2140 389.33
2141 366.67
2142 326.67
2143 430.00
2144 348.00
2145 396.67
2146 430.67
2147 251.33
2148 280.00
2149 318.00
2150 352.67
2151 335.33
2152 242.67
2153 408.00
2154 482.00
2155 448.00
2156 375.33
2157 457.33
2158 383.33
2159 408.67
2160 314.67
2161 476.00
2162 482.00
2163 348.00
2164 476.67
2165 244.00
2166 305.33
2167 326.67
2168 324.67
2169 329.33
2170 338.00
2171 268.00
2172 414.00
2173 456.00
2174 330.67
2175 243.33
2176 284.67
2177 298.67
2178 228.67
2179 365.33
2180 204.67
2181 343.33
2182 207.33
2183 254.67
2184 265.33
2185 315.33
2186 344.67
2187 391.33
2188 321.33
2189 389.33
2190 272.00
2191 192.67
2192 274.67
2193 273.33
2194 276.00
2195 296.00
2196 262.67
2197 267.33
2198 470.67
2199 215.33
2200 280.00
2201 306.67
2202 316.67
2203 426.67
2204 330.67
2205 494.00
2206 319.33
2207 442.00
2208 460.00
2209 317.33
2210 380.00
2211 443.33
2212 500.00
2213 298.67
2214 443.33
2215 316.00
2216 262.67
2217 309.33
2218 390.67
2219 400.00
2220 297.33
2221 258.00
2222 267.33
2223 436.67
2224 236.67
2225 226.67
2226 308.00
2227 268.00
2228 306.00
2229 250.67
2230 315.33
2231 304.00
2232 311.33
2233 344.67
2234 400.67
2235 308.67
2236 279.33
2237 311.33
2238 232.00
2239 306.00
2240 294.67
2241 419.33
2242 314.67
2243 315.33
2244 264.00
2245 279.33
2246 402.67
2247 375.33
2248 235.33
2249 436.00
2250 371.33
2251 310.00
2252 258.67
2253 316.67
2254 406.67
2255 234.00
2256 441.33
2257 279.33
2258 295.33
2259 472.67
2260 387.33
2261 436.00
2262 318.00
2263 480.67
2264 484.67
2265 298.67
2266 274.67
2267 402.00
2268 349.33
2269 356.00
2270 490.67
2271 350.67
2272 300.67
2273 399.33
2274 452.67
2275 479.33
2276 360.67
2277 294.67
2278 314.67
2279 386.67
2280 406.00
2281 290.00
2282 480.00
2283 483.33
2284 278.00
2285 244.67
2286 313.33
2287 357.33
2288 452.67
2289 317.33
2290 257.33
2291 435.33
2292 499.33
2293 292.00
2294 481.33
2295 256.67
2296 409.33
2297 445.33
2298 289.33
2299 313.33
2300 341.33
2301 393.33
2302 326.67
2303 331.33
2304 212.00
2305 296.67
2306 396.67
2307 441.33
2308 381.33
2309 338.00
2310 195.33
2311 307.33
2312 498.67
2313 357.33
2314 348.00
2315 378.00
2316 298.67
2317 260.67
2318 476.00
2319 244.67
2320 329.33
2321 292.67
2322 458.67
2323 462.00
2324 310.67
2325 474.67
2326 282.00
2327 404.67
2328 259.33
2329 405.33
2330 282.67
2331 313.33
2332 279.33
2333 379.33
2334 233.33
2335 352.00
2336 460.67
2337 318.67
2338 435.33
2339 304.67
2340 318.67
2341 330.67
2342 272.67
2343 417.33
2344 362.67
2345 306.00
2346 460.00
2347 442.67
2348 418.00
2349 256.67
2350 379.33
2351 266.00
2352 213.33
2353 303.33
2354 282.67
2355 286.67
2356 233.33
2357 304.00
2358 202.67
2359 368.67
2360 338.67
2361 298.67
2362 311.33
2363 372.00
2364 433.33
2365 442.67
2366 306.00
2367 307.33
2368 268.67
2369 268.00
2370 408.00
2371 465.33
2372 289.33
2373 268.00
2374 296.67
2375 440.00
2376 228.00
2377 466.67
2378 308.67
2379 280.00
2380 423.33
2381 347.33
2382 263.33
2383 300.67
2384 477.33
2385 366.67
2386 340.67
2387 440.00
2388 462.00
2389 444.67
2390 329.33
2391 279.33
2392 246.67
2393 310.67
2394 477.33
2395 370.67
2396 380.67
2397 486.67
2398 396.00
2399 500.00
2400 260.00
2401 330.00
2402 400.00
2403 460.00
2404 316.67
2405 157.33
2406 340.00
2407 251.33
2408 380.00
2409 373.33
2410 400.00
2411 332.67
2412 308.67
2413 430.67
2414 445.33
2415 358.00
2416 383.33
2417 243.33
2418 251.33
2419 306.00
2420 238.67
2421 233.33
2422 397.33
2423 388.67
2424 220.00
2425 372.67
2426 239.33
2427 298.00
2428 290.67
2429 190.00
2430 237.33
2431 434.67
2432 252.00
2433 251.33
2434 306.00
2435 264.67
2436 473.33
2437 338.00
2438 410.00
2439 480.67
2440 468.67
2441 233.33
2442 336.00
2443 472.00
2444 433.33
2445 235.33
2446 490.00
2447 283.33
2448 376.67
2449 239.33
2450 324.67
2451 350.00
2452 334.67
2453 322.00
2454 287.33
2455 438.00
2456 358.00
2457 420.00
2458 241.33
2459 333.33
2460 410.67
2461 419.33
2462 365.33
2463 400.67
2464 266.67
2465 355.33
2466 204.00
2467 426.67
2468 478.67
2469 392.00
2470 286.00
2471 285.33
2472 206.00
2473 372.00
2474 312.00
2475 257.33
2476 371.33
2477 200.00
2478 491.33
2479 304.00
2480 288.00
2481 356.67
2482 341.33
2483 330.00
2484 386.00
2485 344.67
2486 375.33
2487 309.33
2488 388.67
2489 352.67
2490 357.33
2491 419.33
2492 308.67
2493 298.00
2494 331.33
2495 353.33
2496 334.67
2497 297.33
2498 249.33
2499 334.00
2500 280.00
2501 342.00
2502 278.00
2503 450.67
2504 283.33
2505 297.33
2506 276.67
2507 402.00
2508 321.33
2509 486.67
2510 284.67
2511 302.67
2512 434.67
2513 402.67
2514 201.33
2515 287.33
2516 341.33
2517 270.67
2518 316.67
2519 268.67
2520 452.67
2521 338.67
2522 296.67
2523 384.00
2524 229.33
2525 294.00
2526 474.67
2527 268.67
2528 384.67
2529 294.67
2530 367.33
2531 330.67
2532 298.00
2533 310.00
2534 454.67
2535 384.67
2536 429.33
2537 328.00
2538 271.33
2539 440.00
2540 236.67
2541 458.67
2542 236.67
2543 316.00
2544 233.33
2545 363.33
2546 395.33
2547 260.67
2548 239.33
2549 268.67
2550 308.00
2551 409.33
2552 180.00
2553 281.33
2554 283.33
2555 300.00
2556 328.00
2557 320.67
2558 436.67
2559 294.67
2560 292.00
2561 250.00
2562 240.00
2563 335.33
2564 336.67
2565 316.00
2566 382.67
2567 244.00
2568 327.33
2569 278.00
2570 308.00
2571 198.67
2572 500.00
2573 315.33
2574 368.00
2575 247.33
2576 276.00
2577 180.00
2578 339.33
2579 344.67
2580 406.00
2581 269.33
2582 319.33
2583 351.33
2584 358.67
2585 299.33
2586 316.00
2587 316.00
2588 261.33
2589 396.00
2590 358.00
2591 298.67
2592 398.00
2593 443.33
2594 278.00
2595 322.67
2596 352.67
2597 271.33
2598 380.67
2599 234.67
2600 225.33
2601 385.33
2602 300.00
2603 330.67
2604 387.33
2605 390.00
2606 270.67
2607 310.00
2608 438.67
2609 266.67
2610 436.00
2611 360.00
2612 427.33
2613 336.00
2614 280.67
2615 345.33
2616 236.00
2617 420.67
2618 306.00
2619 254.67
2620 316.67
2621 397.33
2622 226.67
2623 328.67
2624 448.67
2625 320.67
2626 449.33
2627 328.67
2628 368.67
2629 220.00
2630 406.00
2631 348.67
2632 232.67
2633 259.33
2634 330.67
2635 337.33
2636 314.67
2637 301.33
2638 456.67
2639 330.67
2640 381.33
2641 314.00
2642 296.67
2643 331.33
2644 251.33
2645 338.00
2646 272.67
2647 364.00
2648 307.33
2649 430.67
2650 334.00
2651 322.00
2652 426.00
2653 321.33
2654 334.67
2655 236.00
2656 259.33
2657 266.67
2658 326.00
2659 352.00
2660 297.33
2661 280.67
2662 329.33
2663 464.00
2664 410.67
2665 346.67
2666 216.67
2667 332.00
2668 385.33
2669 302.67
2670 244.00
2671 212.00
2672 235.33
2673 353.33
2674 275.33
2675 214.67
2676 294.67
2677 311.33
2678 470.00
2679 316.67
2680 350.67
2681 349.33
2682 397.33
2683 456.00
2684 342.67
2685 349.33
2686 348.67
2687 302.00
2688 348.00
2689 416.00
2690 236.67
2691 314.67
2692 394.67
2693 361.33
2694 320.67
2695 456.67
2696 272.00
2697 452.67
2698 328.67
2699 268.67
2700 280.67
2701 386.67
2702 320.00
2703 462.67
2704 461.33
2705 308.67
2706 422.67
2707 492.67
2708 371.33
2709 330.67
2710 200.67
2711 350.67
2712 349.33
2713 338.67
2714 425.33
2715 480.00
2716 340.00
2717 360.67
2718 388.67
2719 246.00
2720 460.67
2721 437.33
2722 284.00
2723 302.00
2724 262.67
2725 286.67
2726 344.67
2727 274.00
2728 469.33
2729 320.00
2730 252.67
2731 334.00
2732 269.33
2733 270.00
2734 432.00
2735 413.33
2736 344.67
2737 281.33
2738 368.00
2739 480.00
2740 244.67
2741 405.33
2742 263.33
2743 349.33
2744 281.33
2745 429.33
2746 276.00
2747 255.33
2748 326.00
2749 478.00
2750 322.67
2751 400.00
2752 383.33
2753 416.67
2754 392.67
2755 320.00
2756 274.00
2757 454.00
2758 274.67
2759 460.67
2760 312.00
2761 302.00
2762 376.00
2763 432.00
2764 352.67
2765 466.67
2766 356.00
2767 297.33
2768 296.00
2769 422.67
2770 335.33
2771 464.00
2772 497.33
2773 354.67
2774 320.67
2775 288.67
2776 464.00
2777 267.33
2778 332.00
2779 345.33
2780 320.67
2781 460.67
2782 450.67
2783 478.67
2784 424.67
2785 365.33
2786 311.33
2787 328.67
2788 332.00
2789 362.00
2790 320.00
2791 295.33
2792 340.00
2793 318.67
2794 439.33
2795 346.00
2796 462.67
2797 254.67
2798 298.67
2799 392.67
2800 366.00
2801 340.00
2802 298.67
2803 396.00
2804 400.00
2805 365.33
2806 302.00
2807 246.67
2808 312.00
2809 389.33
2810 362.67
2811 335.33
2812 346.67
2813 294.00
2814 255.33
2815 457.33
2816 306.00
2817 448.00
2818 313.33
2819 374.67
2820 384.67
2821 431.33
2822 319.33
2823 350.00
2824 448.67
2825 323.33
2826 247.33
2827 346.67
2828 235.33
2829 360.00
2830 302.00
2831 294.67
2832 400.67
2833 377.33
2834 246.67
2835 247.33
2836 327.33
2837 264.67
2838 334.00
2839 460.00
2840 380.00
2841 342.67
2842 310.67
2843 232.67
2844 365.33
2845 471.33
2846 455.33
2847 420.00
2848 301.33
2849 305.33
2850 469.33
2851 433.33
2852 229.33
2853 339.33
2854 293.33
2855 362.67
2856 360.00
2857 390.00
2858 391.33
2859 325.33
2860 374.67
2861 214.67
2862 241.33
2863 424.67
2864 294.67
2865 302.00
2866 293.33
2867 406.00
2868 487.33
2869 397.33
2870 499.33
2871 239.33
2872 312.00
2873 336.67
2874 312.00
2875 244.67
2876 226.67
2877 282.00
2878 400.67
2879 276.67
2880 436.67
2881 295.33
2882 397.33
2883 458.67
2884 272.00
2885 305.33
2886 268.00
2887 377.33
2888 311.33
2889 414.00
2890 156.67
2891 396.00
2892 412.67
2893 396.00
2894 259.33
2895 298.00
2896 460.00
2897 392.67
2898 210.67
2899 437.33
2900 378.67
2901 314.00
2902 262.00
2903 232.00
2904 292.00
2905 188.00
2906 318.00
2907 256.67
2908 355.33
2909 305.33
2910 250.67
2911 364.67
2912 260.00
2913 178.67
2914 273.33
2915 216.00
2916 435.33
2917 193.33
2918 498.00
2919 304.67
2920 462.67
2921 335.33
2922 206.00
2923 292.00
2924 498.67
2925 305.33
2926 310.67
2927 368.00
2928 269.33
2929 418.67
2930 432.67
2931 305.33
2932 296.67
2933 202.67
2934 240.00
2935 378.00
2936 334.00
2937 440.00
2938 294.67
2939 322.00
2940 258.67
2941 352.67
2942 291.33
2943 347.33
2944 378.00
2945 260.00
2946 298.00
2947 360.67
2948 374.67
2949 366.67
2950 302.67
2951 374.00
2952 374.67
2953 283.33
2954 392.67
2955 363.33
2956 306.67
2957 493.33
2958 278.00
2959 315.33
2960 437.33
2961 417.33
2962 442.67
2963 252.67
2964 325.33
2965 381.33
2966 254.00
2967 332.67
2968 366.67
2969 261.33
2970 484.00
2971 476.67
2972 256.67
2973 316.67
2974 247.33
2975 348.67
2976 484.67
2977 473.33
2978 480.00
2979 337.33
2980 236.67
2981 365.33
2982 280.00
2983 370.67
2984 391.33
2985 456.67
2986 238.67
2987 280.00
2988 380.67
2989 308.67
2990 384.67
2991 310.00
2992 378.00
2993 433.33
2994 346.00
2995 272.00
2996 223.33
2997 344.67
2998 300.67
2999 464.67
