0 225.33
30 293.33
60 255.33
90 259.33
120 297.33
150 297.33
180 269.33
210 249.33
240 288.67
270 266.00
300 301.33
330 344.67
360 332.00
390 309.33
420 306.67
450 305.33
480 308.67
510 334.67
540 316.00
570 340.67
600 303.33
630 354.67
660 303.33
690 375.33
720 377.33
750 344.00
780 343.33
810 377.33
840 307.33
870 286.67
900 323.33
930 352.00
960 347.33
990 302.67
1020 293.33
1050 340.00
1080 374.00
1110 362.67
1140 375.33
1170 354.00
1200 342.67
1230 334.67
1260 378.67
1290 350.00
1320 334.67
1350 338.67
1380 329.33
1410 240.00
1440 348.00
1470 362.67
1500 378.00
1530 354.67
1560 376.67
1590 346.67
1620 350.67
1650 339.33
1680 306.00
1710 374.67
1740 322.00
1770 354.00
1800 351.33
1830 356.67
1860 350.00
1890 326.00
1920 350.00
1950 343.33
1980 350.67
2010 340.00
2040 323.33
2070 331.33
2100 349.33
2130 388.00
2160 314.67
2190 368.67
2220 321.33
2250 368.67
2280 364.67
2310 363.33
2340 321.33
2370 381.33
2400 334.67
2430 343.33
2460 344.00
2490 354.00
2520 343.33
2550 322.00
2580 332.00
2610 366.67
2640 330.67
2670 357.33
2700 350.00
2730 358.00
2760 390.00
2790 338.67
2820 364.00
2850 340.00
2880 346.67
2910 334.67
2940 345.33
2970 350.00
