0 192.02
30 224.11
60 202.73
90 223.64
120 227.93
150 230.80
180 260.40
210 270.89
240 276.69
270 268.49
300 266.58
330 259.16
360 272.22
390 308.31
420 267.42
450 275.67
480 286.53
510 310.38
540 274.51
570 277.20
600 326.80
630 317.98
660 322.84
690 315.73
720 314.96
750 286.40
780 291.84
810 290.76
840 335.82
870 323.27
900 291.44
930 339.49
960 360.98
990 332.07
1020 324.16
1050 294.87
1080 307.44
1110 330.60
1140 350.62
1170 359.69
1200 335.67
1230 315.56
1260 330.69
1290 308.33
1320 371.78
1350 365.71
1380 355.58
1410 341.58
1440 313.80
1470 328.53
1500 354.42
1530 345.22
1560 354.02
1590 362.62
1620 351.53
1650 380.51
1680 352.44
1710 335.00
1740 342.78
1770 374.98
1800 378.29
1830 389.73
1860 362.69
1890 345.02
1920 330.44
1950 368.96
1980 365.84
2010 348.82
2040 339.73
2070 355.58
2100 368.31
2130 363.09
2160 346.64
2190 321.91
2220 336.24
2250 342.96
2280 323.78
2310 343.44
2340 328.53
2370 333.60
2400 357.71
2430 379.53
2460 340.31
2490 342.42
2520 345.44
2550 345.73
2580 356.42
2610 384.11
2640 356.38
2670 328.91
2700 332.91
2730 335.16
2760 376.56
2790 359.58
2820 365.36
2850 345.58
2880 346.82
2910 345.42
2940 333.02
2970 354.27
