0 -0.20
1 -0.24
2 -0.23
3 -0.21
4 -0.19
5 -0.20
6 -0.19
7 -0.20
8 -0.17
9 -0.18
10 -0.16
11 -0.15
12 -0.15
13 -0.14
14 -0.19
15 -0.13
16 -0.12
17 -0.14
18 -0.12
19 -0.13
20 -0.14
21 -0.15
22 -0.14
23 -0.15
24 -0.13
25 -0.13
26 -0.13
27 -0.09
28 -0.15
29 -0.17
30 -0.17
31 -0.10
32 -0.14
33 -0.11
34 -0.14
35 -0.15
36 -0.13
37 -0.16
38 -0.15
39 -0.17
40 -0.17
41 -0.17
42 -0.14
43 -0.15
44 -0.16
45 -0.18
46 -0.12
47 -0.14
48 -0.14
49 -0.15
50 -0.13
51 -0.13
52 -0.12
53 -0.15
54 -0.14
55 -0.09
56 -0.11
57 -0.10
58 -0.15
59 -0.11
60 -0.09
61 -0.12
62 -0.14
63 -0.13
64 -0.14
65 -0.11
66 -0.13
67 -0.12
68 -0.11
69 -0.11
70 -0.07
71 -0.12
72 -0.13
73 -0.14
74 -0.10
75 -0.11
76 -0.14
77 -0.13
78 -0.11
79 -0.11
80 -0.13
81 -0.15
82 -0.12
83 -0.10
84 -0.10
85 -0.18
86 -0.13
87 -0.14
88 -0.19
89 -0.11
90 -0.13
91 -0.11
92 -0.10
93 -0.08
94 -0.07
95 -0.13
96 -0.10
97 -0.08
98 -0.09
99 -0.15
100 -0.12
101 -0.10
102 -0.09
103 -0.08
104 -0.11
105 -0.09
106 -0.16
107 -0.07
108 -0.09
109 -0.10
110 -0.13
111 -0.08
112 -0.07
113 -0.10
114 -0.11
115 -0.08
116 -0.13
117 -0.08
118 -0.10
119 -0.11
120 -0.06
121 -0.12
122 -0.14
123 -0.13
124 -0.13
125 -0.14
126 -0.13
127 -0.13
128 -0.09
129 -0.16
130 -0.12
131 -0.09
132 -0.08
133 -0.09
134 -0.11
135 -0.12
136 -0.09
137 -0.07
138 -0.05
139 -0.10
140 -0.06
141 -0.10
142 -0.14
143 -0.11
144 -0.08
145 -0.15
146 -0.14
147 -0.16
148 -0.09
149 -0.08
150 -0.17
151 -0.15
152 -0.12
153 -0.11
154 -0.13
155 -0.13
156 -0.07
157 -0.11
158 -0.12
159 -0.12
160 -0.13
161 -0.11
162 -0.11
163 -0.10
164 -0.07
165 -0.10
166 -0.08
167 -0.05
168 -0.05
169 -0.12
170 -0.18
171 -0.06
172 -0.14
173 -0.11
174 -0.10
175 -0.10
176 -0.07
177 -0.10
178 -0.09
179 -0.13
180 -0.11
181 -0.04
182 -0.07
183 -0.11
184 -0.07
185 -0.10
186 -0.09
187 -0.06
188 -0.09
189 -0.09
190 -0.06
191 -0.09
192 -0.10
193 -0.08
194 -0.09
195 -0.06
196 -0.07
197 -0.10
198 -0.08
199 -0.05
200 0.09
201 0.23
202 0.10
203 0.12
204 0.14
205 0.08
206 -0.01
207 -0.02
208 -0.01
209 0.03
210 0.02
211 -0.03
212 0.00
213 0.02
214 0.02
215 0.00
216 -0.04
217 -0.08
218 -0.03
219 -0.05
220 -0.13
221 -0.07
222 -0.02
223 0.00
224 -0.02
225 -0.05
226 -0.09
227 -0.05
228 -0.04
229 -0.10
230 -0.04
231 0.01
232 -0.11
233 -0.08
234 -0.07
235 -0.05
236 -0.13
237 -0.11
238 -0.06
239 -0.07
240 -0.08
241 -0.05
242 -0.03
243 -0.12
244 -0.04
245 -0.05
246 -0.05
247 -0.03
248 -0.05
249 -0.04
250 -0.05
251 -0.06
252 -0.04
253 -0.04
254 -0.00
255 -0.03
256 -0.05
257 0.01
258 -0.02
259 -0.06
260 -0.04
261 0.02
262 -0.08
263 -0.01
264 0.00
265 0.01
266 0.09
267 -0.03
268 0.03
269 0.06
270 -0.05
271 0.01
272 -0.01
273 -0.02
274 0.01
275 -0.02
276 0.06
277 -0.01
278 0.03
279 0.07
280 0.03
281 -0.03
282 -0.05
283 -0.02
284 -0.02
285 0.06
286 0.00
287 0.01
288 0.02
289 0.02
290 -0.01
291 0.01
292 0.05
293 -0.05
294 -0.00
295 -0.02
296 0.08
297 -0.01
298 0.06
299 0.03
300 0.02
301 0.04
302 0.05
303 0.07
304 0.05
305 0.03
306 -0.04
307 0.06
308 0.01
309 -0.08
310 0.07
311 0.03
312 -0.02
313 -0.04
314 0.09
315 -0.04
316 0.02
317 -0.03
318 0.00
319 0.01
320 -0.01
321 0.03
322 -0.01
323 -0.07
324 0.03
325 0.06
326 -0.03
327 -0.04
328 -0.02
329 -0.00
330 0.00
331 0.08
332 0.07
333 0.02
334 0.05
335 0.08
336 0.08
337 -0.05
338 0.03
339 0.03
340 0.03
341 0.03
342 0.07
343 -0.02
344 0.01
345 0.09
346 0.05
347 -0.03
348 0.01
349 0.02
350 0.03
351 0.04
352 -0.03
353 0.02
354 0.09
355 0.04
356 0.04
357 0.07
358 0.02
359 -0.00
360 -0.01
361 0.08
362 -0.06
363 0.01
364 0.03
365 -0.04
366 -0.01
367 -0.02
368 -0.03
369 -0.05
370 0.06
371 -0.04
372 0.01
373 -0.02
374 0.05
375 0.04
376 0.03
377 -0.06
378 0.00
379 0.11
380 0.00
381 0.00
382 -0.05
383 -0.01
384 0.00
385 0.01
386 -0.06
387 -0.01
388 0.03
389 -0.05
390 -0.00
391 -0.03
392 -0.01
393 0.00
394 0.01
395 0.02
396 -0.04
397 0.08
398 -0.01
399 0.04
400 0.23
401 -0.03
402 0.10
403 0.11
404 -0.03
405 -0.11
406 -0.05
407 -0.06
408 -0.06
409 -0.00
410 -0.04
411 -0.04
412 -0.06
413 -0.07
414 -0.10
415 -0.07
416 -0.05
417 -0.08
418 -0.07
419 -0.03
420 -0.01
421 -0.05
422 -0.10
423 -0.02
424 -0.06
425 -0.01
426 -0.04
427 -0.03
428 -0.15
429 -0.10
430 -0.07
431 -0.06
432 0.01
433 -0.04
434 -0.10
435 0.00
436 -0.03
437 -0.04
438 0.01
439 0.06
440 0.01
441 0.05
442 -0.04
443 0.02
444 -0.03
445 0.07
446 0.02
447 -0.02
448 0.02
449 0.02
450 0.02
451 0.03
452 -0.00
453 -0.03
454 -0.01
455 0.06
456 -0.05
457 0.10
458 0.04
459 -0.05
460 0.06
461 0.03
462 0.10
463 0.00
464 0.11
465 0.12
466 0.04
467 -0.03
468 0.04
469 0.00
470 -0.03
471 0.08
472 0.01
473 -0.01
474 -0.11
475 0.01
476 0.09
477 -0.01
478 -0.04
479 -0.03
480 0.06
481 0.04
482 -0.00
483 0.09
484 -0.03
485 -0.04
486 -0.00
487 -0.05
488 -0.08
489 0.07
490 0.04
491 -0.04
492 -0.01
493 -0.02
494 0.01
495 0.03
496 0.01
497 0.05
498 0.02
499 -0.01
500 0.02
501 0.03
502 0.07
503 0.09
504 0.06
505 -0.03
506 0.04
507 0.01
508 -0.00
509 0.03
510 0.11
511 0.08
512 -0.01
513 -0.04
514 0.02
515 0.01
516 0.07
517 0.07
518 0.07
519 -0.02
520 0.07
521 0.09
522 0.08
523 0.09
524 -0.00
525 0.09
526 0.03
527 0.04
528 -0.00
529 0.07
530 0.00
531 0.07
532 -0.02
533 0.01
534 0.01
535 -0.02
536 0.07
537 0.13
538 0.10
539 0.06
540 0.13
541 0.11
542 0.02
543 0.07
544 0.08
545 0.01
546 0.08
547 0.03
548 -0.00
549 -0.02
550 0.04
551 0.08
552 0.04
553 0.01
554 0.08
555 -0.05
556 0.09
557 0.08
558 0.00
559 0.09
560 0.04
561 0.05
562 0.12
563 0.06
564 0.05
565 -0.01
566 0.05
567 -0.06
568 0.10
569 0.02
570 0.04
571 -0.04
572 0.02
573 -0.01
574 0.00
575 0.03
576 0.03
577 0.01
578 0.08
579 0.03
580 0.00
581 0.08
582 -0.04
583 -0.05
584 0.03
585 0.02
586 0.06
587 0.00
588 0.03
589 0.06
590 0.07
591 0.05
592 -0.00
593 0.03
594 0.00
595 -0.01
596 0.02
597 -0.04
598 0.01
599 0.09
600 0.10
601 0.10
602 0.13
603 0.10
604 0.13
605 -0.00
606 0.10
607 0.01
608 0.11
609 0.05
610 0.05
611 0.09
612 -0.00
613 -0.01
614 -0.11
615 0.01
616 -0.00
617 -0.02
618 0.00
619 -0.05
620 0.01
621 -0.15
622 -0.05
623 -0.10
624 -0.08
625 -0.05
626 -0.07
627 -0.06
628 -0.08
629 -0.05
630 -0.06
631 -0.07
632 -0.07
633 -0.09
634 -0.16
635 -0.00
636 -0.03
637 -0.11
638 -0.09
639 -0.00
640 -0.01
641 -0.01
642 -0.06
643 -0.07
644 -0.06
645 -0.07
646 -0.05
647 -0.07
648 -0.02
649 -0.05
650 -0.03
651 0.02
652 -0.10
653 -0.04
654 -0.07
655 -0.04
656 0.00
657 0.02
658 -0.01
659 -0.02
660 -0.05
661 0.01
662 -0.01
663 0.09
664 -0.01
665 0.01
666 0.01
667 0.03
668 -0.04
669 0.01
670 -0.01
671 -0.04
672 0.09
673 0.01
674 0.05
675 0.07
676 -0.01
677 -0.03
678 0.08
679 0.03
680 0.04
681 0.02
682 -0.02
683 0.02
684 0.04
685 0.00
686 -0.02
687 0.12
688 0.07
689 0.16
690 0.09
691 0.10
692 0.08
693 0.05
694 0.08
695 0.10
696 0.06
697 0.03
698 0.07
699 -0.02
700 0.10
701 0.10
702 0.04
703 0.08
704 0.08
705 -0.01
706 0.04
707 -0.01
708 0.11
709 0.12
710 0.04
711 0.11
712 0.05
713 0.06
714 0.09
715 0.05
716 0.08
717 0.13
718 0.10
719 0.01
720 0.04
721 0.08
722 0.10
723 0.02
724 0.02
725 0.06
726 0.00
727 -0.09
728 0.05
729 0.02
730 -0.05
731 0.08
732 0.02
733 0.07
734 0.04
735 0.13
736 0.03
737 0.11
738 0.02
739 0.10
740 0.00
741 0.07
742 -0.00
743 0.07
744 0.10
745 -0.00
746 -0.03
747 0.01
748 0.06
749 0.00
750 -0.05
751 -0.05
752 -0.02
753 -0.02
754 0.10
755 0.08
756 0.02
757 0.01
758 0.02
759 0.09
760 0.10
761 0.02
762 -0.04
763 0.03
764 0.05
765 0.13
766 0.08
767 0.05
768 0.13
769 0.09
770 0.10
771 0.06
772 0.06
773 0.05
774 -0.01
775 0.12
776 0.04
777 -0.03
778 0.02
779 -0.05
780 -0.01
781 0.05
782 0.02
783 0.04
784 -0.09
785 0.05
786 0.04
787 -0.04
788 0.03
789 0.02
790 -0.03
791 0.13
792 0.01
793 0.05
794 0.02
795 0.03
796 -0.03
797 0.02
798 0.02
799 0.06
800 0.21
801 0.17
802 0.28
803 0.17
804 0.32
805 0.19
806 0.34
807 0.15
808 0.04
809 0.18
810 0.22
811 0.12
812 -0.01
813 0.13
814 0.06
815 0.14
816 0.07
817 0.08
818 0.14
819 0.13
820 0.06
821 0.01
822 -0.02
823 -0.03
824 0.04
825 0.02
826 0.03
827 0.04
828 0.01
829 0.02
830 -0.03
831 -0.02
832 -0.01
833 -0.04
834 -0.11
835 0.01
836 -0.09
837 -0.00
838 -0.01
839 0.03
840 -0.00
841 -0.03
842 0.01
843 0.00
844 -0.02
845 -0.01
846 -0.04
847 0.00
848 0.03
849 0.05
850 -0.01
851 -0.06
852 0.06
853 0.06
854 -0.00
855 0.08
856 -0.03
857 0.06
858 -0.01
859 0.07
860 -0.07
861 0.03
862 -0.03
863 -0.00
864 -0.06
865 0.02
866 0.06
867 0.01
868 0.02
869 0.03
870 0.02
871 0.07
872 -0.01
873 0.06
874 -0.02
875 0.02
876 -0.03
877 0.05
878 -0.00
879 0.01
880 -0.04
881 -0.03
882 -0.05
883 0.04
884 -0.05
885 -0.00
886 -0.02
887 0.06
888 0.06
889 0.01
890 0.07
891 -0.05
892 0.02
893 0.05
894 0.12
895 0.05
896 -0.01
897 0.10
898 0.05
899 -0.05
900 0.14
901 0.04
902 0.07
903 0.04
904 0.06
905 0.03
906 0.03
907 0.06
908 0.09
909 0.02
910 0.04
911 0.01
912 0.12
913 0.11
914 0.01
915 0.04
916 0.06
917 0.06
918 0.03
919 0.02
920 0.07
921 0.01
922 0.09
923 0.10
924 0.05
925 0.06
926 -0.02
927 0.07
928 0.11
929 0.04
930 -0.00
931 -0.03
932 -0.01
933 0.09
934 0.00
935 0.01
936 0.03
937 -0.03
938 0.05
939 0.06
940 -0.07
941 0.01
942 0.04
943 -0.01
944 -0.01
945 0.00
946 -0.00
947 -0.04
948 0.01
949 -0.00
950 0.02
951 -0.01
952 0.03
953 0.04
954 0.07
955 0.07
956 0.00
957 -0.00
958 0.09
959 0.07
960 0.07
961 0.03
962 0.02
963 0.06
964 0.09
965 -0.01
966 0.01
967 0.06
968 -0.03
969 0.07
970 0.01
971 0.08
972 0.05
973 -0.03
974 0.05
975 0.03
976 0.03
977 -0.03
978 0.05
979 0.07
980 -0.03
981 0.04
982 -0.00
983 0.06
984 0.10
985 0.04
986 0.09
987 -0.01
988 0.13
989 0.01
990 0.06
991 0.05
992 -0.06
993 0.07
994 0.02
995 0.01
996 0.09
997 0.00
998 0.06
999 -0.04
1000 0.18
1001 0.17
1002 0.13
1003 0.14
1004 0.11
1005 0.17
1006 0.04
1007 0.11
1008 0.15
1009 0.15
1010 0.18
1011 0.16
1012 0.17
1013 0.15
1014 0.15
1015 0.11
1016 0.17
1017 0.12
1018 0.11
1019 0.14
1020 0.21
1021 0.13
1022 0.03
1023 0.09
1024 0.07
1025 0.08
1026 0.19
1027 0.03
1028 0.05
1029 0.07
1030 0.08
1031 0.17
1032 0.06
1033 0.17
1034 0.11
1035 0.15
1036 0.11
1037 0.05
1038 0.13
1039 0.08
1040 0.13
1041 0.09
1042 0.14
1043 0.11
1044 0.10
1045 0.10
1046 0.11
1047 0.15
1048 0.09
1049 0.12
1050 0.17
1051 0.16
1052 0.18
1053 0.04
1054 0.16
1055 0.18
1056 0.17
1057 0.19
1058 0.21
1059 0.11
1060 0.22
1061 0.08
1062 0.18
1063 0.11
1064 0.16
1065 0.19
1066 0.12
1067 0.20
1068 0.06
1069 0.14
1070 0.07
1071 0.15
1072 0.10
1073 0.15
1074 0.12
1075 0.13
1076 0.06
1077 0.09
1078 0.14
1079 0.08
1080 0.09
1081 0.02
1082 0.16
1083 0.08
1084 0.14
1085 0.03
1086 0.11
1087 0.07
1088 0.06
1089 0.05
1090 0.15
1091 0.11
1092 0.11
1093 0.11
1094 0.11
1095 0.18
1096 0.01
1097 0.11
1098 0.05
1099 0.04
1100 0.10
1101 0.10
1102 0.11
1103 0.06
1104 0.14
1105 0.07
1106 0.18
1107 0.09
1108 0.15
1109 0.07
1110 0.11
1111 0.04
1112 0.14
1113 -0.02
1114 0.10
1115 0.12
1116 0.14
1117 0.15
1118 0.12
1119 0.02
1120 0.13
1121 0.16
1122 0.11
1123 0.05
1124 0.12
1125 0.01
1126 0.05
1127 0.08
1128 0.14
1129 0.14
1130 0.15
1131 0.12
1132 0.11
1133 0.16
1134 0.02
1135 0.05
1136 0.13
1137 0.13
1138 0.11
1139 -0.01
1140 0.04
1141 0.10
1142 0.12
1143 0.08
1144 0.03
1145 0.09
1146 0.03
1147 0.11
1148 0.10
1149 0.06
1150 0.09
1151 0.18
1152 0.11
1153 0.11
1154 0.13
1155 0.13
1156 0.15
1157 0.06
1158 0.08
1159 0.07
1160 0.14
1161 0.22
1162 0.16
1163 0.07
1164 0.15
1165 0.14
1166 0.08
1167 0.05
1168 0.19
1169 0.11
1170 0.13
1171 0.23
1172 0.09
1173 0.13
1174 0.20
1175 0.16
1176 0.17
1177 0.20
1178 0.18
1179 0.12
1180 0.07
1181 0.04
1182 0.20
1183 0.12
1184 0.10
1185 0.09
1186 0.08
1187 0.13
1188 0.14
1189 0.21
1190 0.13
1191 0.08
1192 0.13
1193 0.08
1194 0.20
1195 0.14
1196 0.11
1197 0.07
1198 0.09
1199 0.16
1200 0.18
1201 0.17
1202 0.16
1203 0.20
1204 0.28
1205 0.22
1206 0.26
1207 0.19
1208 0.21
1209 0.14
1210 0.24
1211 0.24
1212 0.17
1213 0.18
1214 0.14
1215 0.19
1216 0.11
1217 0.16
1218 0.15
1219 0.16
1220 0.13
1221 0.11
1222 0.17
1223 0.13
1224 0.08
1225 0.20
1226 0.15
1227 0.10
1228 0.10
1229 0.12
1230 0.15
1231 0.14
1232 0.14
1233 0.16
1234 0.12
1235 0.18
1236 0.11
1237 0.19
1238 0.12
1239 0.19
1240 0.12
1241 0.25
1242 0.10
1243 0.17
1244 0.16
1245 0.15
1246 0.18
1247 0.14
1248 0.15
1249 0.11
1250 0.20
1251 0.12
1252 0.06
1253 0.17
1254 0.18
1255 0.12
1256 0.13
1257 0.18
1258 0.11
1259 0.14
1260 0.12
1261 0.14
1262 0.10
1263 0.19
1264 0.15
1265 0.17
1266 0.16
1267 0.10
1268 0.14
1269 0.07
1270 0.13
1271 0.19
1272 0.16
1273 0.20
1274 0.17
1275 0.14
1276 0.08
1277 0.21
1278 0.04
1279 0.13
1280 0.17
1281 0.20
1282 0.20
1283 0.10
1284 0.17
1285 0.13
1286 0.15
1287 0.16
1288 0.12
1289 0.18
1290 0.16
1291 0.22
1292 0.16
1293 0.16
1294 0.18
1295 0.16
1296 0.17
1297 0.25
1298 0.21
1299 0.13
1300 0.13
1301 0.14
1302 0.16
1303 0.16
1304 0.12
1305 0.11
1306 0.19
1307 0.19
1308 0.21
1309 0.19
1310 0.21
1311 0.17
1312 0.12
1313 0.15
1314 0.22
1315 0.21
1316 0.14
1317 0.11
1318 0.18
1319 0.16
1320 0.16
1321 0.14
1322 0.17
1323 0.22
1324 0.16
1325 0.15
1326 0.25
1327 0.20
1328 0.22
1329 0.17
1330 0.18
1331 0.14
1332 0.19
1333 0.21
1334 0.14
1335 0.18
1336 0.11
1337 0.11
1338 0.18
1339 0.18
1340 0.23
1341 0.18
1342 0.25
1343 0.20
1344 0.19
1345 0.20
1346 0.17
1347 0.12
1348 0.19
1349 0.23
1350 0.19
1351 0.22
1352 0.18
1353 0.16
1354 0.22
1355 0.14
1356 0.17
1357 0.16
1358 0.19
1359 0.17
1360 0.17
1361 0.20
1362 0.14
1363 0.16
1364 0.21
1365 0.10
1366 0.14
1367 0.12
1368 0.17
1369 0.22
1370 0.09
1371 0.09
1372 0.07
1373 0.14
1374 0.21
1375 0.20
1376 0.21
1377 0.15
1378 0.18
1379 0.23
1380 0.23
1381 0.18
1382 0.09
1383 0.16
1384 0.16
1385 0.19
1386 0.10
1387 0.13
1388 0.18
1389 0.21
1390 0.14
1391 0.16
1392 0.19
1393 0.13
1394 0.21
1395 0.14
1396 0.11
1397 0.22
1398 0.13
1399 0.22
1400 0.23
1401 0.20
1402 0.15
1403 0.23
1404 0.23
1405 0.23
1406 0.24
1407 0.24
1408 0.21
1409 0.18
1410 0.23
1411 0.20
1412 0.22
1413 0.20
1414 0.19
1415 0.19
1416 0.18
1417 0.14
1418 0.06
1419 0.21
1420 0.11
1421 0.16
1422 0.21
1423 0.19
1424 0.19
1425 0.16
1426 0.21
1427 0.10
1428 0.18
1429 0.17
1430 0.20
1431 0.16
1432 0.11
1433 0.14
1434 0.16
1435 0.13
1436 0.10
1437 0.13
1438 0.10
1439 0.13
1440 0.16
1441 0.08
1442 0.13
1443 0.09
1444 0.13
1445 0.13
1446 0.07
1447 0.19
1448 0.17
1449 0.19
1450 0.12
1451 0.15
1452 0.13
1453 0.13
1454 0.18
1455 0.21
1456 0.19
1457 0.18
1458 0.12
1459 0.07
1460 0.13
1461 0.04
1462 0.11
1463 0.10
1464 0.12
1465 0.11
1466 0.18
1467 0.09
1468 0.18
1469 0.13
1470 0.10
1471 0.11
1472 0.16
1473 0.12
1474 0.18
1475 0.19
1476 0.13
1477 0.18
1478 0.14
1479 0.24
1480 0.16
1481 0.19
1482 0.19
1483 0.16
1484 0.15
1485 0.19
1486 0.14
1487 0.18
1488 0.24
1489 0.15
1490 0.17
1491 0.21
1492 0.17
1493 0.22
1494 0.20
1495 0.16
1496 0.19
1497 0.18
1498 0.22
1499 0.14
1500 0.17
1501 0.13
1502 0.16
1503 0.14
1504 0.18
1505 0.16
1506 0.17
1507 0.24
1508 0.08
1509 0.17
1510 0.20
1511 0.14
1512 0.20
1513 0.16
1514 0.15
1515 0.20
1516 0.20
1517 0.19
1518 0.16
1519 0.18
1520 0.21
1521 0.12
1522 0.13
1523 0.17
1524 0.20
1525 0.23
1526 0.20
1527 0.19
1528 0.18
1529 0.03
1530 0.17
1531 0.20
1532 0.10
1533 0.18
1534 0.14
1535 0.14
1536 0.18
1537 0.17
1538 0.21
1539 0.15
1540 0.25
1541 0.17
1542 0.16
1543 0.18
1544 0.17
1545 0.16
1546 0.16
1547 0.21
1548 0.19
1549 0.17
1550 0.21
1551 0.13
1552 0.22
1553 0.27
1554 0.23
1555 0.20
1556 0.14
1557 0.19
1558 0.18
1559 0.21
1560 0.08
1561 0.23
1562 0.16
1563 0.25
1564 0.22
1565 0.18
1566 0.17
1567 0.21
1568 0.16
1569 0.12
1570 0.20
1571 0.15
1572 0.20
1573 0.15
1574 0.21
1575 0.14
1576 0.12
1577 0.21
1578 0.23
1579 0.12
1580 0.20
1581 0.16
1582 0.16
1583 0.18
1584 0.15
1585 0.12
1586 0.18
1587 0.17
1588 0.17
1589 0.20
1590 0.15
1591 0.25
1592 0.19
1593 0.18
1594 0.17
1595 0.15
1596 0.18
1597 0.21
1598 0.17
1599 0.21
1600 0.14
1601 0.08
1602 0.10
1603 0.04
1604 0.02
1605 0.05
1606 0.04
1607 0.07
1608 0.08
1609 0.05
1610 -0.01
1611 0.05
1612 0.12
1613 0.11
1614 0.06
1615 0.09
1616 0.10
1617 0.08
1618 0.06
1619 0.13
1620 0.09
1621 0.10
1622 0.11
1623 0.08
1624 0.14
1625 0.16
1626 0.15
1627 0.02
1628 0.13
1629 0.05
1630 0.16
1631 0.13
1632 0.11
1633 0.13
1634 0.19
1635 0.18
1636 0.19
1637 0.13
1638 0.16
1639 0.11
1640 0.15
1641 0.10
1642 0.08
1643 0.09
1644 0.16
1645 0.16
1646 0.20
1647 0.16
1648 0.09
1649 0.09
1650 0.15
1651 0.18
1652 0.14
1653 0.10
1654 0.19
1655 0.15
1656 0.18
1657 0.12
1658 0.14
1659 0.12
1660 0.21
1661 0.17
1662 0.15
1663 0.15
1664 0.20
1665 0.16
1666 0.14
1667 0.18
1668 0.20
1669 0.17
1670 0.20
1671 0.22
1672 0.21
1673 0.12
1674 0.17
1675 0.14
1676 0.14
1677 0.16
1678 0.09
1679 0.15
1680 0.18
1681 0.13
1682 0.23
1683 0.15
1684 0.15
1685 0.14
1686 0.14
1687 0.14
1688 0.16
1689 0.15
1690 0.16
1691 0.15
1692 0.19
1693 0.22
1694 0.18
1695 0.13
1696 0.17
1697 0.18
1698 0.17
1699 0.14
1700 0.18
1701 0.22
1702 0.13
1703 0.18
1704 0.16
1705 0.16
1706 0.21
1707 0.25
1708 0.16
1709 0.12
1710 0.16
1711 0.18
1712 0.16
1713 0.18
1714 0.21
1715 0.24
1716 0.24
1717 0.08
1718 0.12
1719 0.16
1720 0.19
1721 0.16
1722 0.17
1723 0.23
1724 0.21
1725 0.19
1726 0.15
1727 0.17
1728 0.19
1729 0.11
1730 0.18
1731 0.22
1732 0.17
1733 0.14
1734 0.17
1735 0.16
1736 0.06
1737 0.18
1738 0.17
1739 0.13
1740 0.19
1741 0.17
1742 0.23
1743 0.23
1744 0.21
1745 0.20
1746 0.19
1747 0.20
1748 0.18
1749 0.17
1750 0.18
1751 0.13
1752 0.13
1753 0.21
1754 0.20
1755 0.07
1756 0.16
1757 0.20
1758 0.13
1759 0.17
1760 0.14
1761 0.09
1762 0.16
1763 0.13
1764 0.14
1765 0.12
1766 0.13
1767 0.16
1768 0.20
1769 0.17
1770 0.22
1771 0.18
1772 0.23
1773 0.18
1774 0.14
1775 0.20
1776 0.19
1777 0.18
1778 0.21
1779 0.18
1780 0.20
1781 0.12
1782 0.20
1783 0.13
1784 0.15
1785 0.21
1786 0.15
1787 0.19
1788 0.15
1789 0.10
1790 0.17
1791 0.15
1792 0.17
1793 0.09
1794 0.15
1795 0.16
1796 0.18
1797 0.14
1798 0.20
1799 0.11
1800 0.23
1801 0.21
1802 0.23
1803 0.20
1804 0.22
1805 0.20
1806 0.17
1807 0.17
1808 0.19
1809 0.19
1810 0.22
1811 0.12
1812 0.14
1813 0.18
1814 0.10
1815 0.15
1816 0.13
1817 0.15
1818 0.18
1819 0.14
1820 0.19
1821 0.18
1822 0.11
1823 0.16
1824 0.21
1825 0.16
1826 0.12
1827 0.13
1828 0.26
1829 0.21
1830 0.20
1831 0.13
1832 0.04
1833 0.19
1834 0.19
1835 0.21
1836 0.27
1837 0.18
1838 0.21
1839 0.17
1840 0.15
1841 0.14
1842 0.11
1843 0.15
1844 0.24
1845 0.17
1846 0.08
1847 0.23
1848 0.15
1849 0.12
1850 0.17
1851 0.15
1852 0.11
1853 0.21
1854 0.16
1855 0.14
1856 0.13
1857 0.12
1858 0.21
1859 0.20
1860 0.23
1861 0.17
1862 0.15
1863 0.12
1864 0.18
1865 0.16
1866 0.19
1867 0.19
1868 0.13
1869 0.19
1870 0.16
1871 0.20
1872 0.07
1873 0.12
1874 0.15
1875 0.16
1876 0.19
1877 0.15
1878 0.15
1879 0.14
1880 0.19
1881 0.16
1882 0.12
1883 0.11
1884 0.11
1885 0.15
1886 0.14
1887 0.15
1888 0.16
1889 0.20
1890 0.05
1891 0.14
1892 0.10
1893 0.15
1894 0.12
1895 0.16
1896 0.20
1897 0.11
1898 0.16
1899 0.18
1900 0.12
1901 0.14
1902 0.20
1903 0.20
1904 0.16
1905 0.04
1906 0.13
1907 0.16
1908 0.20
1909 0.13
1910 0.13
1911 0.15
1912 0.17
1913 0.15
1914 0.16
1915 0.14
1916 0.20
1917 0.18
1918 0.14
1919 0.12
1920 0.12
1921 0.12
1922 0.14
1923 0.06
1924 0.17
1925 0.11
1926 0.12
1927 0.09
1928 0.15
1929 0.16
1930 0.12
1931 0.09
1932 0.12
1933 0.17
1934 0.20
1935 0.12
1936 0.16
1937 0.16
1938 0.18
1939 0.16
1940 0.11
1941 0.13
1942 0.17
1943 0.11
1944 0.10
1945 0.17
1946 0.12
1947 0.12
1948 0.11
1949 0.24
1950 0.12
1951 0.09
1952 0.11
1953 0.09
1954 0.16
1955 0.18
1956 0.18
1957 0.17
1958 0.12
1959 0.13
1960 0.16
1961 0.15
1962 0.12
1963 0.12
1964 0.14
1965 0.07
1966 0.13
1967 0.21
1968 0.20
1969 0.11
1970 0.15
1971 0.21
1972 0.18
1973 0.13
1974 0.14
1975 0.18
1976 0.15
1977 0.17
1978 0.13
1979 0.20
1980 0.19
1981 0.18
1982 0.14
1983 0.09
1984 0.10
1985 0.06
1986 0.21
1987 0.13
1988 0.07
1989 0.13
1990 0.16
1991 0.16
1992 0.14
1993 0.14
1994 0.09
1995 0.14
1996 0.13
1997 0.16
1998 0.20
1999 0.14
2000 0.25
2001 0.11
2002 0.12
2003 0.17
2004 0.20
2005 0.20
2006 0.19
2007 0.16
2008 0.19
2009 0.14
2010 0.23
2011 0.17
2012 0.11
2013 0.06
2014 0.18
2015 0.21
2016 0.18
2017 0.16
2018 0.15
2019 0.12
2020 0.06
2021 0.11
2022 0.08
2023 0.12
2024 0.12
2025 0.16
2026 0.14
2027 0.19
2028 0.08
2029 0.20
2030 0.09
2031 0.13
2032 0.16
2033 0.11
2034 0.19
2035 0.09
2036 0.16
2037 0.12
2038 0.06
2039 0.11
2040 0.21
2041 0.12
2042 0.13
2043 0.14
2044 0.14
2045 0.13
2046 0.10
2047 0.09
2048 0.12
2049 0.17
2050 0.10
2051 0.14
2052 0.13
2053 0.13
2054 0.10
2055 0.16
2056 0.12
2057 0.17
2058 0.07
2059 0.14
2060 0.16
2061 0.15
2062 0.06
2063 0.13
2064 0.15
2065 0.07
2066 0.04
2067 0.12
2068 0.07
2069 0.11
2070 0.18
2071 0.15
2072 0.10
2073 0.17
2074 0.09
2075 0.14
2076 0.10
2077 0.11
2078 0.15
2079 0.14
2080 0.14
2081 0.15
2082 0.12
2083 0.15
2084 0.17
2085 0.11
2086 0.13
2087 0.08
2088 0.11
2089 0.13
2090 0.15
2091 0.09
2092 0.15
2093 0.11
2094 0.10
2095 0.15
2096 0.15
2097 0.13
2098 0.15
2099 0.17
2100 0.13
2101 0.17
2102 0.10
2103 0.17
2104 0.20
2105 0.19
2106 0.15
2107 0.16
2108 0.20
2109 0.22
2110 0.15
2111 0.22
2112 0.28
2113 0.16
2114 0.14
2115 0.24
2116 0.17
2117 0.13
2118 0.25
2119 0.16
2120 0.10
2121 0.18
2122 0.15
2123 0.08
2124 0.16
2125 0.17
2126 0.20
2127 0.21
2128 0.16
2129 0.12
2130 0.19
2131 0.20
2132 0.19
2133 0.12
2134 0.11
2135 0.13
2136 0.22
2137 0.15
2138 0.16
2139 0.13
2140 0.17
2141 0.14
2142 0.17
2143 0.20
2144 0.12
2145 0.10
2146 0.15
2147 0.11
2148 0.15
2149 0.14
2150 0.11
2151 0.12
2152 0.20
2153 0.17
2154 0.11
2155 0.16
2156 0.17
2157 0.19
2158 0.14
2159 0.08
2160 0.12
2161 0.17
2162 0.22
2163 0.16
2164 0.10
2165 0.17
2166 0.14
2167 0.18
2168 0.19
2169 0.15
2170 0.15
2171 0.11
2172 0.18
2173 0.13
2174 0.15
2175 0.25
2176 0.07
2177 0.18
2178 0.12
2179 0.16
2180 0.14
2181 0.19
2182 0.15
2183 0.16
2184 0.08
2185 0.13
2186 0.15
2187 0.08
2188 0.23
2189 0.18
2190 0.20
2191 0.17
2192 0.11
2193 0.09
2194 0.16
2195 0.13
2196 0.12
2197 0.10
2198 0.18
2199 0.25
2200 0.21
2201 0.28
2202 0.29
2203 0.22
2204 0.15
2205 0.22
2206 0.24
2207 0.25
2208 0.22
2209 0.26
2210 0.20
2211 0.30
2212 0.15
2213 0.26
2214 0.21
2215 0.20
2216 0.16
2217 0.21
2218 0.22
2219 0.22
2220 0.22
2221 0.24
2222 0.22
2223 0.24
2224 0.19
2225 0.14
2226 0.18
2227 0.10
2228 0.14
2229 0.15
2230 0.22
2231 0.19
2232 0.23
2233 0.15
2234 0.14
2235 0.20
2236 0.22
2237 0.16
2238 0.20
2239 0.22
2240 0.09
2241 0.24
2242 0.25
2243 0.12
2244 0.14
2245 0.17
2246 0.21
2247 0.21
2248 0.20
2249 0.20
2250 0.23
2251 0.23
2252 0.20
2253 0.08
2254 0.15
2255 0.18
2256 0.22
2257 0.14
2258 0.19
2259 0.13
2260 0.12
2261 0.09
2262 0.17
2263 0.13
2264 0.20
2265 0.19
2266 0.25
2267 0.19
2268 0.14
2269 0.24
2270 0.13
2271 0.21
2272 0.17
2273 0.20
2274 0.14
2275 0.17
2276 0.15
2277 0.23
2278 0.21
2279 0.20
2280 0.21
2281 0.20
2282 0.14
2283 0.16
2284 0.18
2285 0.24
2286 0.20
2287 0.23
2288 0.21
2289 0.18
2290 0.15
2291 0.17
2292 0.23
2293 0.17
2294 0.18
2295 0.19
2296 0.23
2297 0.22
2298 0.21
2299 0.11
2300 0.16
2301 0.21
2302 0.16
2303 0.14
2304 0.20
2305 0.16
2306 0.19
2307 0.12
2308 0.18
2309 0.15
2310 0.11
2311 0.19
2312 0.13
2313 0.17
2314 0.19
2315 0.14
2316 0.20
2317 0.17
2318 0.15
2319 0.15
2320 0.10
2321 0.13
2322 0.14
2323 0.22
2324 0.18
2325 0.15
2326 0.16
2327 0.09
2328 0.15
2329 0.18
2330 0.14
2331 0.21
2332 0.21
2333 0.19
2334 0.19
2335 0.19
2336 0.19
2337 0.16
2338 0.17
2339 0.14
2340 0.21
2341 0.20
2342 0.18
2343 0.21
2344 0.19
2345 0.19
2346 0.14
2347 0.20
2348 0.13
2349 0.20
2350 0.20
2351 0.15
2352 0.13
2353 0.22
2354 0.18
2355 0.20
2356 0.19
2357 0.13
2358 0.18
2359 0.15
2360 0.16
2361 0.13
2362 0.14
2363 0.19
2364 0.16
2365 0.11
2366 0.17
2367 0.15
2368 0.18
2369 0.09
2370 0.17
2371 0.21
2372 0.13
2373 0.18
2374 0.08
2375 0.17
2376 0.19
2377 0.19
2378 0.19
2379 0.14
2380 0.17
2381 0.18
2382 0.11
2383 0.19
2384 0.18
2385 0.21
2386 0.12
2387 0.20
2388 0.14
2389 0.17
2390 0.12
2391 0.19
2392 0.21
2393 0.19
2394 0.17
2395 0.17
2396 0.19
2397 0.13
2398 0.12
2399 0.15
2400 0.22
2401 0.33
2402 0.29
2403 0.21
2404 0.24
2405 0.27
2406 0.29
2407 0.22
2408 0.30
2409 0.30
2410 0.26
2411 0.26
2412 0.28
2413 0.27
2414 0.29
2415 0.29
2416 0.29
2417 0.25
2418 0.27
2419 0.19
2420 0.29
2421 0.25
2422 0.21
2423 0.26
2424 0.22
2425 0.19
2426 0.26
2427 0.24
2428 0.28
2429 0.28
2430 0.20
2431 0.22
2432 0.22
2433 0.25
2434 0.29
2435 0.23
2436 0.27
2437 0.27
2438 0.29
2439 0.20
2440 0.30
2441 0.24
2442 0.28
2443 0.21
2444 0.23
2445 0.21
2446 0.24
2447 0.25
2448 0.17
2449 0.20
2450 0.27
2451 0.23
2452 0.15
2453 0.27
2454 0.23
2455 0.26
2456 0.29
2457 0.23
2458 0.24
2459 0.21
2460 0.27
2461 0.30
2462 0.27
2463 0.22
2464 0.24
2465 0.26
2466 0.23
2467 0.21
2468 0.28
2469 0.25
2470 0.19
2471 0.20
2472 0.28
2473 0.25
2474 0.24
2475 0.22
2476 0.23
2477 0.23
2478 0.23
2479 0.23
2480 0.26
2481 0.17
2482 0.26
2483 0.26
2484 0.18
2485 0.26
2486 0.22
2487 0.26
2488 0.25
2489 0.14
2490 0.24
2491 0.21
2492 0.27
2493 0.21
2494 0.18
2495 0.27
2496 0.22
2497 0.24
2498 0.27
2499 0.22
2500 0.22
2501 0.20
2502 0.29
2503 0.23
2504 0.30
2505 0.25
2506 0.28
2507 0.26
2508 0.23
2509 0.20
2510 0.23
2511 0.24
2512 0.28
2513 0.27
2514 0.21
2515 0.25
2516 0.20
2517 0.24
2518 0.28
2519 0.22
2520 0.29
2521 0.31
2522 0.26
2523 0.19
2524 0.24
2525 0.29
2526 0.18
2527 0.24
2528 0.29
2529 0.28
2530 0.24
2531 0.26
2532 0.19
2533 0.21
2534 0.25
2535 0.21
2536 0.25
2537 0.15
2538 0.27
2539 0.29
2540 0.29
2541 0.26
2542 0.27
2543 0.34
2544 0.30
2545 0.20
2546 0.27
2547 0.27
2548 0.20
2549 0.16
2550 0.18
2551 0.26
2552 0.28
2553 0.28
2554 0.22
2555 0.24
2556 0.26
2557 0.26
2558 0.23
2559 0.28
2560 0.26
2561 0.24
2562 0.29
2563 0.23
2564 0.31
2565 0.25
2566 0.23
2567 0.26
2568 0.23
2569 0.20
2570 0.26
2571 0.25
2572 0.22
2573 0.25
2574 0.26
2575 0.20
2576 0.21
2577 0.23
2578 0.24
2579 0.27
2580 0.20
2581 0.24
2582 0.21
2583 0.26
2584 0.23
2585 0.26
2586 0.16
2587 0.27
2588 0.23
2589 0.20
2590 0.26
2591 0.25
2592 0.21
2593 0.26
2594 0.20
2595 0.21
2596 0.20
2597 0.24
2598 0.26
2599 0.23
2600 0.24
2601 0.28
2602 0.31
2603 0.28
2604 0.26
2605 0.27
2606 0.29
2607 0.30
2608 0.28
2609 0.26
2610 0.17
2611 0.28
2612 0.21
2613 0.16
2614 0.14
2615 0.21
2616 0.24
2617 0.20
2618 0.20
2619 0.27
2620 0.20
2621 0.20
2622 0.20
2623 0.25
2624 0.22
2625 0.26
2626 0.19
2627 0.20
2628 0.19
2629 0.20
2630 0.23
2631 0.16
2632 0.17
2633 0.16
2634 0.19
2635 0.21
2636 0.11
2637 0.19
2638 0.18
2639 0.16
2640 0.19
2641 0.15
2642 0.13
2643 0.15
2644 0.21
2645 0.16
2646 0.16
2647 0.19
2648 0.23
2649 0.16
2650 0.21
2651 0.20
2652 0.22
2653 0.19
2654 0.27
2655 0.22
2656 0.21
2657 0.22
2658 0.22
2659 0.22
2660 0.20
2661 0.22
2662 0.22
2663 0.22
2664 0.22
2665 0.24
2666 0.25
2667 0.22
2668 0.22
2669 0.19
2670 0.27
2671 0.28
2672 0.18
2673 0.17
2674 0.17
2675 0.24
2676 0.19
2677 0.15
2678 0.22
2679 0.25
2680 0.15
2681 0.20
2682 0.20
2683 0.22
2684 0.18
2685 0.15
2686 0.29
2687 0.16
2688 0.25
2689 0.19
2690 0.24
2691 0.22
2692 0.21
2693 0.22
2694 0.22
2695 0.27
2696 0.18
2697 0.24
2698 0.23
2699 0.24
2700 0.22
2701 0.26
2702 0.12
2703 0.20
2704 0.22
2705 0.16
2706 0.22
2707 0.18
2708 0.21
2709 0.26
2710 0.18
2711 0.17
2712 0.17
2713 0.15
2714 0.21
2715 0.16
2716 0.18
2717 0.24
2718 0.18
2719 0.22
2720 0.23
2721 0.17
2722 0.20
2723 0.19
2724 0.24
2725 0.19
2726 0.23
2727 0.16
2728 0.18
2729 0.17
2730 0.22
2731 0.23
2732 0.23
2733 0.20
2734 0.19
2735 0.12
2736 0.18
2737 0.24
2738 0.25
2739 0.17
2740 0.24
2741 0.24
2742 0.20
2743 0.19
2744 0.21
2745 0.20
2746 0.22
2747 0.22
2748 0.25
2749 0.29
2750 0.24
2751 0.24
2752 0.22
2753 0.28
2754 0.15
2755 0.20
2756 0.15
2757 0.20
2758 0.24
2759 0.26
2760 0.25
2761 0.24
2762 0.27
2763 0.21
2764 0.23
2765 0.28
2766 0.23
2767 0.21
2768 0.24
2769 0.23
2770 0.24
2771 0.19
2772 0.25
2773 0.21
2774 0.18
2775 0.23
2776 0.20
2777 0.21
2778 0.23
2779 0.20
2780 0.19
2781 0.23
2782 0.27
2783 0.27
2784 0.23
2785 0.23
2786 0.22
2787 0.22
2788 0.16
2789 0.24
2790 0.25
2791 0.18
2792 0.23
2793 0.24
2794 0.28
2795 0.27
2796 0.23
2797 0.26
2798 0.21
2799 0.19
2800 0.21
2801 0.13
2802 0.09
2803 0.10
2804 0.14
2805 0.20
2806 0.21
2807 0.14
2808 0.16
2809 0.12
2810 0.19
2811 0.19
2812 0.14
2813 0.15
2814 0.18
2815 0.21
2816 0.18
2817 0.21
2818 0.21
2819 0.19
2820 0.18
2821 0.18
2822 0.15
2823 0.20
2824 0.19
2825 0.18
2826 0.16
2827 0.20
2828 0.17
2829 0.22
2830 0.20
2831 0.19
2832 0.25
2833 0.19
2834 0.19
2835 0.11
2836 0.18
2837 0.17
2838 0.15
2839 0.18
2840 0.17
2841 0.15
2842 0.13
2843 0.23
2844 0.21
2845 0.16
2846 0.21
2847 0.11
2848 0.15
2849 0.21
2850 0.15
2851 0.18
2852 0.19
2853 0.26
2854 0.21
2855 0.21
2856 0.23
2857 0.15
2858 0.18
2859 0.17
2860 0.18
2861 0.13
2862 0.15
2863 0.20
2864 0.22
2865 0.21
2866 0.18
2867 0.23
2868 0.14
2869 0.18
2870 0.19
2871 0.21
2872 0.19
2873 0.21
2874 0.17
2875 0.20
2876 0.24
2877 0.24
2878 0.20
2879 0.20
2880 0.17
2881 0.14
2882 0.21
2883 0.16
2884 0.20
2885 0.25
2886 0.20
2887 0.23
2888 0.17
2889 0.21
2890 0.23
2891 0.19
2892 0.19
2893 0.21
2894 0.19
2895 0.21
2896 0.22
2897 0.15
2898 0.23
2899 0.25
2900 0.26
2901 0.23
2902 0.22
2903 0.16
2904 0.18
2905 0.19
2906 0.22
2907 0.23
2908 0.25
2909 0.13
2910 0.24
2911 0.22
2912 0.24
2913 0.19
2914 0.22
2915 0.16
2916 0.20
2917 0.22
2918 0.16
2919 0.19
2920 0.21
2921 0.22
2922 0.27
2923 0.23
2924 0.20
2925 0.19
2926 0.23
2927 0.19
2928 0.21
2929 0.19
2930 0.18
2931 0.24
2932 0.26
2933 0.26
2934 0.24
2935 0.25
2936 0.25
2937 0.18
2938 0.24
2939 0.19
2940 0.23
2941 0.21
2942 0.26
2943 0.22
2944 0.18
2945 0.25
2946 0.24
2947 0.20
2948 0.21
2949 0.26
2950 0.26
2951 0.21
2952 0.25
2953 0.19
2954 0.22
2955 0.28
2956 0.27
2957 0.20
2958 0.24
2959 0.21
2960 0.25
2961 0.20
2962 0.24
2963 0.20
2964 0.24
2965 0.23
2966 0.26
2967 0.17
2968 0.24
2969 0.21
2970 0.25
2971 0.24
2972 0.30
2973 0.22
2974 0.28
2975 0.25
2976 0.21
2977 0.15
2978 0.25
2979 0.23
2980 0.23
2981 0.20
2982 0.23
2983 0.22
2984 0.16
2985 0.25
2986 0.24
2987 0.17
2988 0.26
2989 0.22
2990 0.20
2991 0.26
2992 0.20
2993 0.29
2994 0.21
2995 0.29
2996 0.26
2997 0.25
2998 0.21
2999 0.28
