0 0.02
30 -0.17
60 0.16
90 0.09
120 0.33
150 0.24
180 0.06
210 0.04
240 0.27
270 0.07
300 0.16
330 0.14
360 0.03
390 0.22
420 0.14
450 0.04
480 0.17
510 0.12
540 0.19
570 0.24
600 0.28
630 0.26
660 0.19
690 0.17
720 0.17
750 0.23
780 0.24
810 0.33
840 0.33
870 0.31
900 0.33
930 0.17
960 0.30
990 0.33
1020 0.28
1050 0.29
1080 0.35
1110 0.27
1140 0.32
1170 0.29
1200 0.30
1230 0.27
1260 0.16
1290 0.27
1320 0.30
1350 0.35
1380 0.37
1410 0.29
1440 0.31
1470 0.33
1500 0.36
1530 0.29
1560 0.32
1590 0.16
1620 0.31
1650 0.26
1680 0.34
1710 0.34
1740 0.35
1770 0.37
1800 0.34
1830 0.34
1860 0.35
1890 0.27
1920 0.34
1950 0.41
1980 0.29
2010 0.35
2040 0.36
2070 0.34
2100 0.40
2130 0.36
2160 0.38
2190 0.27
2220 0.31
2250 0.32
2280 0.26
2310 0.30
2340 0.25
2370 0.33
2400 0.29
2430 0.37
2460 0.35
2490 0.29
2520 0.32
2550 0.29
2580 0.32
2610 0.34
2640 0.32
2670 0.28
2700 0.23
2730 0.29
2760 0.34
2790 0.19
2820 0.27
2850 0.35
2880 0.35
2910 0.36
2940 0.36
2970 0.28
