0 -0.28
1 0.49
2 0.49
3 0.44
4 0.49
5 0.49
6 0.49
7 0.44
8 0.49
9 0.49
10 -0.29
11 0.49
12 -0.28
13 0.49
14 0.49
15 -0.28
16 -0.34
17 0.49
18 -0.29
19 0.49
20 0.49
21 -0.32
22 0.40
23 0.49
24 0.36
25 0.44
26 0.49
27 0.49
28 0.49
29 0.49
30 0.49
31 -0.23
32 0.49
33 0.49
34 0.49
35 0.49
36 0.49
37 0.49
38 0.49
39 0.49
40 0.49
41 0.49
42 0.49
43 0.49
44 0.49
45 0.40
46 0.49
47 0.32
48 -0.20
49 0.49
50 0.49
51 0.49
52 0.49
53 0.49
54 0.36
55 0.49
56 -0.26
57 -0.26
58 0.49
59 0.49
60 0.44
61 0.49
62 -0.21
63 0.49
64 0.44
65 0.40
66 0.49
67 0.49
68 0.49
69 0.32
70 0.44
71 0.49
72 0.49
73 0.49
74 0.40
75 0.49
76 0.49
77 0.49
78 0.49
79 0.49
80 0.49
81 0.49
82 -0.28
83 0.49
84 0.49
85 -0.28
86 0.49
87 -0.26
88 -0.20
89 0.49
90 0.40
91 0.49
92 0.49
93 0.26
94 0.49
95 0.44
96 0.44
97 -0.26
98 -0.19
99 0.49
100 0.49
101 0.49
102 -0.24
103 -0.24
104 0.49
105 0.49
106 -0.28
107 -0.21
108 0.49
109 0.49
110 0.49
111 -0.34
112 -0.26
113 0.49
114 -0.19
115 0.49
116 0.49
117 -0.20
118 0.40
119 -0.26
120 -0.19
121 0.49
122 0.40
123 0.49
124 0.49
125 0.49
126 0.49
127 -0.25
128 0.49
129 0.49
130 0.44
131 0.29
132 0.49
133 0.40
134 -0.24
135 0.49
136 0.49
137 0.49
138 0.40
139 0.49
140 0.44
141 0.49
142 0.49
143 -0.34
144 0.49
145 0.49
146 0.49
147 0.40
148 0.40
149 0.49
150 0.49
151 0.49
152 0.49
153 -0.32
154 0.49
155 -0.29
156 -0.29
157 0.49
158 -0.26
159 0.49
160 -0.29
161 0.44
162 0.32
163 0.49
164 0.49
165 0.49
166 0.44
167 0.32
168 0.49
169 0.49
170 0.40
171 0.49
172 0.49
173 0.49
174 0.49
175 0.49
176 -0.24
177 0.49
178 0.49
179 0.49
180 0.49
181 0.49
182 0.49
183 -0.31
184 0.49
185 0.49
186 -0.28
187 0.49
188 0.49
189 0.49
190 0.44
191 0.49
192 0.49
193 -0.25
194 -0.24
195 -0.36
196 -0.26
197 0.49
198 -0.34
199 0.49
200 -0.31
201 0.49
202 0.49
203 -0.32
204 0.49
205 0.49
206 0.49
207 -0.32
208 0.49
209 0.49
210 -0.29
211 0.49
212 -0.31
213 0.49
214 0.49
215 -0.28
216 -0.34
217 0.49
218 -0.32
219 0.49
220 0.49
221 -0.32
222 -0.32
223 0.49
224 -0.28
225 -0.34
226 0.49
227 0.49
228 0.49
229 0.49
230 0.49
231 -0.23
232 0.49
233 0.49
234 0.49
235 0.49
236 0.49
237 0.49
238 0.49
239 0.49
240 0.49
241 0.49
242 0.49
243 0.49
244 0.49
245 -0.25
246 0.49
247 -0.31
248 -0.29
249 0.49
250 0.49
251 0.49
252 0.49
253 0.49
254 -0.36
255 0.49
256 -0.26
257 -0.26
258 0.49
259 0.49
260 -0.29
261 0.49
262 -0.31
263 0.49
264 -0.32
265 -0.34
266 0.49
267 0.49
268 0.49
269 -0.31
270 -0.31
271 0.49
272 0.49
273 0.49
274 -0.36
275 0.49
276 0.49
277 0.49
278 0.49
279 0.49
280 0.49
281 0.49
282 -0.28
283 0.49
284 0.49
285 -0.28
286 0.49
287 -0.32
288 -0.34
289 0.49
290 -0.32
291 0.49
292 0.49
293 -0.36
294 0.49
295 -0.28
296 -0.29
297 -0.26
298 -0.24
299 0.49
300 0.49
301 0.49
302 -0.34
303 -0.36
304 0.49
305 0.49
306 -0.28
307 -0.29
308 0.49
309 0.49
310 0.49
311 -0.34
312 -0.32
313 0.49
314 -0.36
315 0.49
316 0.49
317 -0.31
318 -0.31
319 -0.36
320 -0.32
321 0.49
322 -0.32
323 0.49
324 0.49
325 0.49
326 0.49
327 -0.28
328 0.49
329 0.49
330 -0.29
331 -0.31
332 0.49
333 -0.26
334 -0.24
335 0.49
336 0.49
337 0.49
338 -0.34
339 0.49
340 -0.34
341 0.49
342 0.49
343 -0.34
344 0.49
345 0.49
346 0.49
347 -0.32
348 -0.28
349 0.49
350 0.49
351 0.49
352 0.49
353 -0.32
354 0.49
355 -0.29
356 -0.29
357 0.49
358 -0.36
359 0.49
360 -0.29
361 -0.34
362 -0.32
363 0.49
364 0.49
365 0.49
366 -0.24
367 -0.34
368 0.49
369 0.49
370 -0.32
371 0.49
372 0.49
373 0.49
374 0.49
375 0.49
376 -0.26
377 0.49
378 0.49
379 0.49
380 0.49
381 0.49
382 0.49
383 -0.31
384 0.49
385 0.49
386 -0.31
387 0.49
388 0.49
389 0.49
390 -0.32
391 0.49
392 0.49
393 -0.32
394 -0.24
395 -0.36
396 -0.31
397 0.49
398 -0.34
399 0.49
400 0.34
401 0.46
402 0.46
403 0.38
404 0.29
405 0.46
406 0.46
407 0.34
408 0.44
409 0.46
410 0.40
411 0.42
412 0.32
413 0.46
414 0.46
415 0.38
416 0.38
417 0.46
418 0.34
419 0.46
420 0.44
421 0.38
422 0.34
423 0.46
424 0.31
425 0.36
426 0.44
427 0.46
428 0.42
429 0.46
430 0.46
431 0.34
432 0.46
433 0.46
434 0.46
435 0.46
436 0.46
437 0.42
438 0.19
439 0.46
440 0.29
441 0.44
442 0.42
443 0.46
444 0.42
445 0.21
446 0.46
447 0.21
448 0.31
449 0.46
450 0.46
451 0.46
452 0.46
453 0.46
454 0.29
455 0.42
456 0.38
457 0.38
458 0.46
459 0.40
460 0.36
461 0.12
462 0.25
463 0.42
464 0.36
465 0.32
466 0.46
467 0.46
468 0.46
469 0.26
470 0.36
471 0.46
472 0.42
473 0.46
474 0.32
475 0.46
476 0.46
477 0.46
478 0.44
479 0.42
480 0.46
481 0.46
482 0.24
483 0.44
484 0.46
485 0.31
486 0.46
487 0.36
488 0.23
489 0.46
490 0.32
491 0.46
492 0.46
493 0.21
494 0.46
495 0.36
496 0.36
497 0.38
498 0.21
499 0.24
500 0.46
501 0.46
502 0.19
503 0.25
504 0.46
505 0.44
506 0.40
507 0.21
508 0.32
509 0.46
510 0.44
511 0.38
512 0.29
513 0.44
514 0.20
515 0.46
516 0.32
517 0.08
518 0.19
519 0.31
520 0.23
521 0.44
522 0.34
523 0.46
524 0.44
525 0.46
526 0.42
527 0.34
528 0.46
529 0.46
530 0.36
531 0.24
532 0.42
533 0.32
534 0.38
535 0.46
536 0.46
537 0.42
538 0.32
539 0.44
540 0.38
541 0.44
542 0.46
543 0.38
544 0.46
545 0.42
546 0.46
547 0.32
548 0.34
549 0.42
550 0.46
551 0.46
552 0.46
553 0.38
554 0.46
555 0.40
556 0.34
557 0.46
558 0.31
559 0.26
560 0.36
561 0.36
562 0.28
563 0.46
564 0.46
565 0.46
566 0.38
567 0.26
568 0.46
569 0.46
570 0.32
571 0.46
572 0.42
573 0.44
574 0.46
575 0.46
576 0.34
577 0.46
578 0.46
579 0.46
580 0.46
581 0.44
582 0.42
583 0.38
584 0.46
585 0.46
586 0.34
587 0.46
588 0.42
589 0.46
590 0.36
591 0.46
592 0.46
593 0.31
594 0.26
595 0.38
596 0.34
597 0.46
598 0.38
599 0.46
600 0.02
601 0.02
602 0.30
603 0.00
604 0.44
605 0.46
606 0.46
607 0.00
608 0.11
609 0.46
610 0.00
611 0.44
612 0.00
613 0.00
614 0.12
615 0.00
616 0.42
617 0.46
618 0.34
619 0.46
620 0.44
621 0.00
622 0.44
623 0.46
624 0.00
625 0.11
626 0.44
627 0.46
628 0.00
629 0.44
630 0.46
631 0.00
632 0.32
633 0.46
634 0.46
635 0.46
636 0.46
637 0.28
638 0.00
639 0.44
640 0.00
641 0.42
642 0.00
643 0.26
644 0.23
645 0.34
646 0.46
647 0.09
648 0.00
649 0.26
650 0.46
651 0.46
652 0.46
653 0.46
654 0.12
655 0.00
656 0.44
657 0.00
658 0.00
659 0.00
660 0.10
661 0.00
662 0.00
663 0.44
664 0.00
665 0.44
666 0.46
667 0.46
668 0.46
669 0.10
670 0.25
671 0.46
672 0.00
673 0.29
674 0.34
675 0.46
676 0.46
677 0.46
678 0.44
679 0.00
680 0.00
681 0.10
682 0.00
683 0.00
684 0.00
685 0.12
686 0.46
687 0.00
688 0.00
689 0.44
690 0.34
691 0.46
692 0.46
693 0.12
694 0.46
695 0.00
696 0.42
697 0.00
698 0.42
699 0.20
700 0.46
701 0.46
702 0.00
703 0.44
704 0.46
705 0.44
706 0.00
707 0.26
708 0.00
709 0.32
710 0.44
711 0.09
712 0.10
713 0.44
714 0.12
715 0.46
716 0.00
717 0.44
718 0.34
719 0.12
720 0.11
721 0.44
722 0.00
723 0.42
724 0.44
725 0.46
726 0.00
727 0.00
728 0.00
729 0.00
730 0.44
731 0.10
732 0.00
733 0.16
734 0.00
735 0.00
736 0.44
737 0.00
738 0.00
739 0.42
740 0.00
741 0.00
742 0.42
743 0.00
744 0.00
745 0.26
746 0.46
747 0.34
748 0.00
749 0.11
750 0.46
751 0.46
752 0.46
753 0.28
754 0.46
755 0.00
756 0.42
757 0.46
758 0.10
759 0.00
760 0.44
761 0.28
762 0.00
763 0.29
764 0.46
765 0.46
766 0.00
767 0.00
768 0.10
769 0.46
770 0.34
771 0.46
772 0.28
773 0.44
774 0.46
775 0.46
776 0.34
777 0.46
778 0.46
779 0.46
780 0.46
781 0.44
782 0.28
783 0.00
784 0.11
785 0.46
786 0.34
787 0.46
788 0.28
789 0.46
790 0.28
791 0.46
792 0.46
793 0.10
794 0.00
795 0.29
796 0.34
797 0.46
798 0.00
799 0.00
800 0.34
801 0.46
802 0.46
803 0.38
804 0.29
805 0.46
806 0.46
807 0.34
808 0.44
809 0.46
810 0.40
811 0.42
812 0.00
813 0.40
814 0.46
815 0.38
816 0.38
817 0.46
818 0.34
819 0.46
820 0.44
821 0.38
822 0.34
823 0.46
824 0.31
825 0.36
826 0.44
827 0.46
828 0.42
829 0.46
830 0.46
831 0.34
832 0.46
833 0.46
834 0.46
835 0.46
836 0.46
837 0.42
838 0.19
839 0.46
840 0.29
841 0.44
842 0.42
843 0.46
844 0.42
845 0.00
846 0.32
847 0.21
848 0.31
849 0.46
850 0.46
851 0.46
852 0.46
853 0.46
854 0.29
855 0.42
856 0.38
857 0.38
858 0.46
859 0.40
860 0.36
861 0.12
862 0.25
863 0.42
864 0.36
865 0.32
866 0.46
867 0.46
868 0.46
869 0.26
870 0.36
871 0.46
872 0.42
873 0.46
874 0.32
875 0.46
876 0.46
877 0.46
878 0.44
879 0.42
880 0.46
881 0.46
882 0.00
883 0.24
884 0.46
885 0.31
886 0.46
887 0.36
888 0.23
889 0.46
890 0.32
891 0.46
892 0.46
893 0.21
894 0.46
895 0.36
896 0.36
897 0.38
898 0.21
899 0.24
900 0.46
901 0.46
902 0.00
903 0.44
904 0.46
905 0.44
906 0.40
907 0.21
908 0.32
909 0.46
910 0.44
911 0.38
912 0.29
913 0.44
914 0.20
915 0.46
916 0.32
917 0.08
918 0.19
919 0.31
920 0.23
921 0.44
922 0.34
923 0.46
924 0.44
925 0.46
926 0.42
927 0.34
928 0.46
929 0.46
930 0.36
931 0.24
932 0.42
933 0.32
934 0.38
935 0.46
936 0.46
937 0.42
938 0.32
939 0.44
940 0.38
941 0.44
942 0.46
943 0.38
944 0.46
945 0.42
946 0.46
947 0.32
948 0.34
949 0.42
950 0.46
951 0.46
952 0.46
953 0.38
954 0.46
955 0.40
956 0.34
957 0.46
958 0.31
959 0.26
960 0.00
961 0.44
962 0.28
963 0.46
964 0.46
965 0.46
966 0.38
967 0.26
968 0.46
969 0.46
970 0.32
971 0.46
972 0.42
973 0.44
974 0.46
975 0.46
976 0.34
977 0.46
978 0.46
979 0.46
980 0.46
981 0.44
982 0.42
983 0.38
984 0.46
985 0.46
986 0.34
987 0.46
988 0.42
989 0.46
990 0.36
991 0.46
992 0.46
993 0.31
994 0.26
995 0.38
996 0.34
997 0.46
998 0.38
999 0.46
1000 0.34
1001 0.46
1002 0.46
1003 0.38
1004 0.29
1005 0.46
1006 0.46
1007 0.34
1008 0.42
1009 0.46
1010 0.40
1011 0.42
1012 0.31
1013 0.46
1014 0.46
1015 0.38
1016 0.38
1017 0.46
1018 0.34
1019 0.46
1020 0.42
1021 0.38
1022 0.34
1023 0.46
1024 0.31
1025 0.36
1026 0.42
1027 0.46
1028 0.42
1029 0.46
1030 0.46
1031 0.34
1032 0.46
1033 0.46
1034 0.46
1035 0.46
1036 0.46
1037 0.42
1038 0.19
1039 0.46
1040 0.29
1041 0.42
1042 0.42
1043 0.46
1044 0.42
1045 0.21
1046 0.46
1047 0.21
1048 0.31
1049 0.46
1050 0.46
1051 0.46
1052 0.46
1053 0.46
1054 0.29
1055 0.42
1056 0.38
1057 0.38
1058 0.46
1059 0.38
1060 0.36
1061 0.12
1062 0.25
1063 0.42
1064 0.36
1065 0.32
1066 0.46
1067 0.46
1068 0.46
1069 0.26
1070 0.36
1071 0.46
1072 0.42
1073 0.46
1074 0.32
1075 0.46
1076 0.46
1077 0.46
1078 0.44
1079 0.42
1080 0.46
1081 0.46
1082 0.23
1083 0.42
1084 0.46
1085 0.31
1086 0.46
1087 0.36
1088 0.23
1089 0.46
1090 0.32
1091 0.46
1092 0.46
1093 0.21
1094 0.46
1095 0.36
1096 0.36
1097 0.38
1098 0.21
1099 0.24
1100 0.46
1101 0.46
1102 0.18
1103 0.25
1104 0.46
1105 0.42
1106 0.40
1107 0.21
1108 0.32
1109 0.46
1110 0.44
1111 0.38
1112 0.29
1113 0.42
1114 0.20
1115 0.46
1116 0.32
1117 0.08
1118 0.19
1119 0.31
1120 0.23
1121 0.44
1122 0.34
1123 0.46
1124 0.44
1125 0.46
1126 0.42
1127 0.34
1128 0.46
1129 0.46
1130 0.36
1131 0.24
1132 0.42
1133 0.32
1134 0.38
1135 0.46
1136 0.46
1137 0.42
1138 0.32
1139 0.42
1140 0.38
1141 0.42
1142 0.46
1143 0.38
1144 0.46
1145 0.42
1146 0.46
1147 0.32
1148 0.34
1149 0.42
1150 0.46
1151 0.46
1152 0.46
1153 0.38
1154 0.46
1155 0.40
1156 0.34
1157 0.46
1158 0.31
1159 0.26
1160 0.34
1161 0.36
1162 0.28
1163 0.46
1164 0.46
1165 0.46
1166 0.38
1167 0.26
1168 0.46
1169 0.46
1170 0.32
1171 0.46
1172 0.42
1173 0.44
1174 0.46
1175 0.46
1176 0.34
1177 0.46
1178 0.46
1179 0.46
1180 0.46
1181 0.42
1182 0.42
1183 0.38
1184 0.46
1185 0.46
1186 0.34
1187 0.46
1188 0.42
1189 0.46
1190 0.36
1191 0.46
1192 0.46
1193 0.31
1194 0.26
1195 0.38
1196 0.34
1197 0.46
1198 0.38
1199 0.46
1200 0.34
1201 0.46
1202 0.46
1203 0.34
1204 0.36
1205 0.46
1206 0.46
1207 0.31
1208 0.44
1209 0.46
1210 0.38
1211 0.42
1212 0.40
1213 0.46
1214 0.46
1215 0.38
1216 0.38
1217 0.46
1218 0.34
1219 0.46
1220 0.44
1221 0.38
1222 0.40
1223 0.46
1224 0.40
1225 0.36
1226 0.44
1227 0.46
1228 0.42
1229 0.46
1230 0.46
1231 0.34
1232 0.46
1233 0.46
1234 0.46
1235 0.46
1236 0.46
1237 0.42
1238 0.40
1239 0.46
1240 0.40
1241 0.44
1242 0.42
1243 0.46
1244 0.42
1245 0.21
1246 0.46
1247 0.21
1248 0.36
1249 0.46
1250 0.46
1251 0.46
1252 0.46
1253 0.46
1254 0.29
1255 0.42
1256 0.38
1257 -0.28
1258 0.46
1259 0.40
1260 0.36
1261 0.36
1262 0.25
1263 0.42
1264 0.36
1265 0.32
1266 0.46
1267 0.46
1268 0.46
1269 0.26
1270 0.36
1271 0.46
1272 0.42
1273 0.46
1274 0.32
1275 0.46
1276 0.46
1277 0.46
1278 0.44
1279 0.42
1280 0.46
1281 0.46
1282 0.23
1283 0.44
1284 0.46
1285 0.28
1286 0.46
1287 0.40
1288 0.23
1289 0.46
1290 0.32
1291 0.46
1292 0.46
1293 0.21
1294 0.46
1295 0.34
1296 0.36
1297 0.38
1298 0.36
1299 0.36
1300 0.46
1301 0.46
1302 0.40
1303 0.25
1304 0.46
1305 0.44
1306 0.38
1307 0.21
1308 0.36
1309 0.46
1310 0.44
1311 0.38
1312 0.29
1313 0.44
1314 0.20
1315 0.46
1316 0.38
1317 0.36
1318 0.19
1319 0.31
1320 0.23
1321 0.44
1322 0.40
1323 0.46
1324 0.44
1325 0.46
1326 0.42
1327 0.34
1328 0.46
1329 0.46
1330 0.36
1331 0.24
1332 0.42
1333 0.32
1334 0.38
1335 0.46
1336 0.46
1337 0.42
1338 0.32
1339 0.44
1340 0.34
1341 0.44
1342 0.46
1343 0.38
1344 0.46
1345 0.42
1346 0.46
1347 0.32
1348 0.40
1349 0.42
1350 0.46
1351 0.46
1352 0.46
1353 0.38
1354 0.46
1355 0.38
1356 0.34
1357 0.46
1358 0.31
1359 0.36
1360 0.31
1361 0.36
1362 0.40
1363 0.46
1364 0.46
1365 0.46
1366 0.32
1367 0.26
1368 0.46
1369 0.46
1370 0.32
1371 0.46
1372 0.42
1373 0.44
1374 0.46
1375 0.46
1376 0.34
1377 0.46
1378 0.46
1379 0.46
1380 0.46
1381 0.44
1382 0.42
1383 0.38
1384 0.46
1385 0.46
1386 0.34
1387 0.46
1388 0.42
1389 0.46
1390 0.36
1391 0.46
1392 0.46
1393 0.31
1394 0.26
1395 0.38
1396 0.34
1397 0.46
1398 0.38
1399 0.46
1400 0.31
1401 0.46
1402 0.46
1403 0.34
1404 0.36
1405 0.46
1406 0.46
1407 0.31
1408 0.44
1409 0.46
1410 0.38
1411 0.42
1412 0.40
1413 0.46
1414 0.46
1415 0.38
1416 0.38
1417 0.46
1418 0.31
1419 0.46
1420 0.44
1421 0.38
1422 0.40
1423 0.46
1424 0.17
1425 0.34
1426 0.44
1427 0.46
1428 0.42
1429 0.46
1430 0.46
1431 0.34
1432 0.46
1433 0.46
1434 0.46
1435 0.46
1436 0.46
1437 0.42
1438 0.11
1439 0.46
1440 0.17
1441 0.44
1442 0.42
1443 0.46
1444 0.42
1445 0.36
1446 0.46
1447 0.36
1448 0.36
1449 0.46
1450 0.46
1451 0.46
1452 0.46
1453 0.46
1454 0.36
1455 0.42
1456 0.38
1457 0.38
1458 0.46
1459 0.44
1460 0.34
1461 0.36
1462 0.36
1463 0.42
1464 0.34
1465 0.36
1466 0.46
1467 0.46
1468 0.46
1469 0.36
1470 0.34
1471 0.46
1472 0.42
1473 0.46
1474 0.36
1475 0.46
1476 0.46
1477 0.46
1478 0.44
1479 0.42
1480 0.46
1481 0.46
1482 0.32
1483 0.44
1484 0.46
1485 0.28
1486 0.46
1487 0.40
1488 0.36
1489 0.46
1490 0.36
1491 0.46
1492 0.46
1493 0.36
1494 0.46
1495 0.34
1496 0.34
1497 0.38
1498 0.36
1499 0.36
1500 0.46
1501 0.46
1502 0.40
1503 0.36
1504 0.46
1505 0.44
1506 0.38
1507 0.36
1508 0.46
1509 0.46
1510 0.44
1511 0.38
1512 0.32
1513 0.44
1514 0.36
1515 0.46
1516 0.14
1517 0.36
1518 0.36
1519 0.36
1520 0.36
1521 0.44
1522 0.40
1523 0.46
1524 0.44
1525 0.46
1526 0.42
1527 0.31
1528 0.46
1529 0.46
1530 0.34
1531 0.36
1532 0.42
1533 0.36
1534 0.38
1535 0.46
1536 0.46
1537 0.42
1538 0.36
1539 0.44
1540 0.34
1541 0.44
1542 0.46
1543 0.38
1544 0.46
1545 0.42
1546 0.46
1547 0.36
1548 0.40
1549 0.42
1550 0.46
1551 0.46
1552 0.46
1553 0.38
1554 0.46
1555 0.38
1556 0.34
1557 0.46
1558 0.36
1559 0.36
1560 0.31
1561 0.34
1562 0.40
1563 0.46
1564 0.46
1565 0.46
1566 0.14
1567 0.36
1568 0.46
1569 0.46
1570 0.36
1571 0.46
1572 0.42
1573 0.44
1574 0.46
1575 0.46
1576 0.29
1577 0.46
1578 0.46
1579 0.46
1580 0.46
1581 0.44
1582 0.42
1583 0.38
1584 0.46
1585 0.46
1586 0.25
1587 0.46
1588 0.42
1589 0.46
1590 0.34
1591 0.46
1592 0.46
1593 0.36
1594 0.32
1595 0.38
1596 0.31
1597 0.46
1598 0.38
1599 0.46
1600 0.31
1601 0.46
1602 0.46
1603 0.34
1604 0.36
1605 0.46
1606 0.46
1607 0.31
1608 0.44
1609 0.46
1610 0.38
1611 0.42
1612 0.40
1613 0.46
1614 0.46
1615 0.38
1616 0.38
1617 0.46
1618 0.31
1619 0.46
1620 0.44
1621 0.38
1622 0.40
1623 0.46
1624 0.31
1625 0.34
1626 0.44
1627 0.46
1628 0.42
1629 0.46
1630 0.46
1631 0.34
1632 0.46
1633 0.46
1634 0.46
1635 0.46
1636 0.46
1637 0.42
1638 0.19
1639 0.46
1640 0.29
1641 0.44
1642 0.42
1643 0.46
1644 0.42
1645 0.36
1646 0.46
1647 0.36
1648 0.36
1649 0.46
1650 0.46
1651 0.46
1652 0.46
1653 0.46
1654 0.36
1655 0.42
1656 0.38
1657 0.38
1658 0.46
1659 0.42
1660 0.34
1661 0.36
1662 0.36
1663 0.42
1664 0.34
1665 0.36
1666 0.46
1667 0.46
1668 0.46
1669 0.36
1670 0.34
1671 0.46
1672 0.42
1673 0.46
1674 0.36
1675 0.46
1676 0.46
1677 0.46
1678 0.44
1679 0.42
1680 0.46
1681 0.46
1682 0.32
1683 0.44
1684 0.46
1685 0.28
1686 0.46
1687 0.40
1688 0.36
1689 0.46
1690 0.36
1691 0.46
1692 0.46
1693 0.36
1694 0.46
1695 0.34
1696 0.34
1697 0.38
1698 0.36
1699 0.36
1700 0.46
1701 0.46
1702 0.40
1703 0.36
1704 0.46
1705 0.44
1706 0.38
1707 0.36
1708 0.32
1709 0.46
1710 0.44
1711 0.38
1712 0.32
1713 0.44
1714 0.36
1715 0.46
1716 0.36
1717 0.36
1718 0.36
1719 0.36
1720 0.36
1721 0.44
1722 0.40
1723 0.46
1724 0.44
1725 0.46
1726 0.42
1727 0.31
1728 0.46
1729 0.46
1730 0.34
1731 0.36
1732 0.42
1733 0.36
1734 0.38
1735 0.46
1736 0.46
1737 0.42
1738 0.36
1739 0.44
1740 0.34
1741 0.44
1742 0.46
1743 0.38
1744 0.46
1745 0.42
1746 0.46
1747 0.36
1748 0.40
1749 0.42
1750 0.46
1751 0.46
1752 0.46
1753 0.38
1754 0.46
1755 0.38
1756 0.34
1757 0.46
1758 0.36
1759 0.36
1760 0.31
1761 0.34
1762 0.40
1763 0.46
1764 0.46
1765 0.46
1766 0.38
1767 0.36
1768 0.46
1769 0.46
1770 0.36
1771 0.46
1772 0.42
1773 0.44
1774 0.46
1775 0.46
1776 0.29
1777 0.46
1778 0.46
1779 0.46
1780 0.46
1781 0.44
1782 0.42
1783 0.38
1784 0.46
1785 0.46
1786 0.25
1787 0.46
1788 0.42
1789 0.46
1790 0.34
1791 0.46
1792 0.46
1793 0.36
1794 0.32
1795 0.38
1796 0.31
1797 0.46
1798 0.38
1799 0.46
1800 0.36
1801 0.42
1802 0.42
1803 0.31
1804 0.32
1805 0.42
1806 0.40
1807 0.26
1808 0.40
1809 0.42
1810 0.34
1811 0.38
1812 0.38
1813 0.42
1814 0.40
1815 0.32
1816 0.32
1817 0.42
1818 0.36
1819 0.42
1820 0.42
1821 0.34
1822 0.36
1823 0.42
1824 0.34
1825 0.29
1826 0.40
1827 0.40
1828 0.38
1829 0.40
1830 0.40
1831 0.32
1832 0.42
1833 0.46
1834 0.42
1835 0.42
1836 0.40
1837 0.36
1838 0.34
1839 0.40
1840 0.34
1841 0.42
1842 0.40
1843 0.44
1844 0.38
1845 0.36
1846 0.44
1847 0.34
1848 0.36
1849 0.42
1850 0.42
1851 0.40
1852 0.44
1853 0.42
1854 0.36
1855 0.38
1856 0.29
1857 0.36
1858 0.44
1859 0.36
1860 0.31
1861 0.34
1862 0.34
1863 0.38
1864 0.31
1865 0.36
1866 0.42
1867 0.40
1868 0.42
1869 0.34
1870 0.32
1871 0.42
1872 0.42
1873 0.40
1874 0.36
1875 0.44
1876 0.40
1877 0.40
1878 0.44
1879 0.40
1880 0.40
1881 0.42
1882 0.32
1883 0.42
1884 0.40
1885 0.34
1886 0.42
1887 0.36
1888 0.34
1889 0.42
1890 0.36
1891 0.42
1892 0.40
1893 0.34
1894 0.40
1895 0.29
1896 0.31
1897 0.32
1898 0.36
1899 0.31
1900 0.42
1901 0.42
1902 0.34
1903 0.34
1904 0.42
1905 0.40
1906 0.34
1907 0.34
1908 0.34
1909 0.42
1910 0.44
1911 0.34
1912 0.38
1913 0.42
1914 0.34
1915 0.40
1916 0.36
1917 0.34
1918 0.36
1919 0.36
1920 0.34
1921 0.44
1922 0.36
1923 0.44
1924 0.44
1925 0.42
1926 0.40
1927 0.36
1928 0.40
1929 0.42
1930 0.31
1931 0.34
1932 0.38
1933 0.36
1934 0.21
1935 0.42
1936 0.44
1937 0.36
1938 0.36
1939 0.42
1940 0.31
1941 0.42
1942 0.42
1943 0.34
1944 0.42
1945 0.38
1946 0.42
1947 0.36
1948 0.36
1949 0.38
1950 0.40
1951 0.42
1952 0.42
1953 0.32
1954 0.40
1955 0.34
1956 0.29
1957 0.40
1958 0.36
1959 0.34
1960 0.26
1961 0.31
1962 0.34
1963 0.40
1964 0.42
1965 0.40
1966 0.29
1967 0.34
1968 0.40
1969 0.44
1970 0.36
1971 0.40
1972 0.36
1973 0.44
1974 0.42
1975 0.42
1976 0.36
1977 0.40
1978 0.40
1979 0.42
1980 0.42
1981 0.40
1982 0.36
1983 0.29
1984 0.44
1985 0.42
1986 0.36
1987 0.42
1988 0.36
1989 0.42
1990 0.29
1991 0.40
1992 0.44
1993 0.36
1994 0.32
1995 0.32
1996 0.36
1997 0.44
1998 0.34
1999 0.42
2000 -0.32
2001 0.46
2002 0.46
2003 -0.34
2004 0.46
2005 0.46
2006 0.46
2007 -0.34
2008 0.46
2009 0.46
2010 -0.31
2011 0.46
2012 -0.32
2013 0.46
2014 0.46
2015 -0.31
2016 -0.36
2017 0.46
2018 -0.34
2019 0.46
2020 0.46
2021 -0.34
2022 -0.34
2023 0.46
2024 -0.29
2025 -0.38
2026 0.46
2027 0.46
2028 0.46
2029 0.46
2030 0.46
2031 -0.24
2032 0.46
2033 0.46
2034 0.46
2035 0.46
2036 0.46
2037 0.46
2038 -0.31
2039 0.46
2040 -0.32
2041 0.46
2042 0.46
2043 0.46
2044 0.46
2045 -0.26
2046 0.46
2047 -0.34
2048 -0.31
2049 0.46
2050 0.46
2051 0.46
2052 0.46
2053 0.46
2054 -0.38
2055 0.46
2056 -0.28
2057 0.42
2058 0.46
2059 0.46
2060 -0.31
2061 -0.36
2062 -0.32
2063 0.46
2064 -0.34
2065 -0.36
2066 0.46
2067 0.46
2068 0.46
2069 -0.34
2070 -0.32
2071 0.46
2072 0.46
2073 0.46
2074 -0.38
2075 0.46
2076 0.46
2077 0.46
2078 0.46
2079 0.46
2080 0.46
2081 0.46
2082 -0.29
2083 0.46
2084 0.46
2085 -0.29
2086 0.46
2087 -0.34
2088 -0.36
2089 0.46
2090 -0.36
2091 0.46
2092 0.46
2093 -0.38
2094 0.46
2095 -0.29
2096 -0.31
2097 -0.28
2098 -0.25
2099 0.46
2100 0.46
2101 0.46
2102 -0.36
2103 -0.38
2104 0.46
2105 0.46
2106 -0.29
2107 -0.32
2108 0.46
2109 0.46
2110 0.46
2111 -0.36
2112 -0.34
2113 0.46
2114 -0.40
2115 0.46
2116 0.46
2117 -0.32
2118 -0.34
2119 -0.38
2120 -0.34
2121 0.46
2122 -0.34
2123 0.46
2124 0.46
2125 0.46
2126 0.46
2127 -0.29
2128 0.46
2129 0.46
2130 -0.31
2131 -0.32
2132 0.46
2133 -0.31
2134 -0.26
2135 0.46
2136 0.46
2137 0.46
2138 -0.36
2139 0.46
2140 -0.36
2141 0.46
2142 0.46
2143 -0.36
2144 0.46
2145 0.46
2146 0.46
2147 -0.34
2148 -0.29
2149 0.46
2150 0.46
2151 0.46
2152 0.46
2153 -0.34
2154 0.46
2155 -0.32
2156 -0.31
2157 0.46
2158 -0.38
2159 -0.34
2160 -0.32
2161 -0.36
2162 -0.34
2163 0.46
2164 0.46
2165 0.46
2166 -0.25
2167 -0.36
2168 0.46
2169 0.46
2170 -0.34
2171 0.46
2172 0.46
2173 0.46
2174 0.46
2175 0.46
2176 -0.28
2177 0.46
2178 0.46
2179 0.46
2180 0.46
2181 0.46
2182 0.46
2183 -0.32
2184 0.46
2185 0.46
2186 -0.32
2187 0.46
2188 0.46
2189 0.46
2190 -0.34
2191 0.46
2192 0.46
2193 -0.34
2194 -0.25
2195 -0.38
2196 -0.32
2197 0.46
2198 -0.36
2199 0.46
2200 0.31
2201 0.46
2202 0.46
2203 0.34
2204 0.36
2205 0.46
2206 0.46
2207 0.31
2208 0.44
2209 0.46
2210 0.38
2211 0.42
2212 0.40
2213 0.46
2214 0.46
2215 0.38
2216 0.38
2217 0.46
2218 0.31
2219 0.46
2220 0.44
2221 0.38
2222 0.40
2223 0.46
2224 0.38
2225 0.34
2226 0.44
2227 0.46
2228 0.42
2229 0.46
2230 0.46
2231 0.34
2232 0.46
2233 0.46
2234 0.46
2235 0.46
2236 0.46
2237 0.42
2238 0.38
2239 0.46
2240 0.38
2241 0.44
2242 0.42
2243 0.46
2244 0.42
2245 0.36
2246 0.46
2247 0.36
2248 0.36
2249 0.46
2250 0.46
2251 0.46
2252 0.46
2253 0.46
2254 0.36
2255 0.42
2256 0.38
2257 0.38
2258 0.46
2259 0.42
2260 0.34
2261 0.36
2262 0.36
2263 0.42
2264 0.34
2265 0.36
2266 0.46
2267 0.46
2268 0.46
2269 0.36
2270 0.34
2271 0.46
2272 0.42
2273 0.46
2274 0.36
2275 0.46
2276 0.46
2277 0.46
2278 0.44
2279 0.42
2280 0.46
2281 0.46
2282 0.32
2283 0.44
2284 0.46
2285 0.28
2286 0.46
2287 0.40
2288 0.36
2289 0.46
2290 0.36
2291 0.46
2292 0.46
2293 0.36
2294 0.46
2295 0.34
2296 0.34
2297 0.38
2298 0.36
2299 0.36
2300 0.46
2301 0.46
2302 0.40
2303 0.36
2304 0.46
2305 0.44
2306 0.38
2307 0.36
2308 -0.21
2309 0.46
2310 0.44
2311 0.38
2312 0.32
2313 0.44
2314 0.36
2315 0.46
2316 0.36
2317 0.36
2318 0.36
2319 0.36
2320 0.36
2321 0.44
2322 0.40
2323 0.46
2324 0.44
2325 0.46
2326 0.42
2327 0.31
2328 0.46
2329 0.46
2330 0.34
2331 0.36
2332 0.42
2333 0.36
2334 0.38
2335 0.46
2336 0.46
2337 0.42
2338 0.36
2339 0.44
2340 0.34
2341 0.44
2342 0.46
2343 0.38
2344 0.46
2345 0.42
2346 0.46
2347 0.36
2348 0.40
2349 0.42
2350 0.46
2351 0.46
2352 0.46
2353 0.38
2354 0.46
2355 0.38
2356 0.34
2357 0.46
2358 0.36
2359 0.36
2360 0.31
2361 0.34
2362 0.40
2363 0.46
2364 0.46
2365 0.46
2366 -0.19
2367 0.36
2368 0.46
2369 0.46
2370 0.36
2371 0.46
2372 0.42
2373 0.44
2374 0.46
2375 0.46
2376 0.29
2377 0.46
2378 0.46
2379 0.46
2380 0.46
2381 0.44
2382 0.42
2383 0.38
2384 0.46
2385 0.46
2386 0.25
2387 0.46
2388 0.42
2389 0.46
2390 0.34
2391 0.46
2392 0.46
2393 0.36
2394 0.32
2395 0.38
2396 0.31
2397 0.46
2398 0.38
2399 0.46
2400 0.31
2401 0.46
2402 0.46
2403 0.34
2404 0.36
2405 0.46
2406 0.46
2407 0.31
2408 0.44
2409 0.46
2410 0.38
2411 0.42
2412 0.40
2413 0.46
2414 0.46
2415 0.38
2416 0.38
2417 0.46
2418 0.31
2419 0.46
2420 0.44
2421 0.38
2422 0.40
2423 0.46
2424 -0.28
2425 0.34
2426 0.44
2427 0.46
2428 0.42
2429 0.46
2430 0.46
2431 0.34
2432 0.46
2433 0.46
2434 0.46
2435 0.46
2436 0.46
2437 0.42
2438 -0.28
2439 0.46
2440 -0.31
2441 0.44
2442 0.42
2443 0.46
2444 0.42
2445 0.36
2446 0.46
2447 0.36
2448 0.36
2449 0.46
2450 0.46
2451 0.46
2452 0.46
2453 0.46
2454 0.36
2455 0.42
2456 0.38
2457 0.38
2458 0.46
2459 0.42
2460 0.34
2461 0.36
2462 0.36
2463 0.42
2464 0.34
2465 0.36
2466 0.46
2467 0.46
2468 0.46
2469 0.36
2470 0.34
2471 0.46
2472 0.42
2473 0.46
2474 0.36
2475 0.46
2476 0.46
2477 0.46
2478 0.44
2479 0.42
2480 0.46
2481 0.46
2482 0.32
2483 0.44
2484 0.46
2485 0.28
2486 0.46
2487 0.40
2488 0.36
2489 0.46
2490 0.36
2491 0.46
2492 0.46
2493 0.36
2494 0.46
2495 0.34
2496 0.34
2497 0.38
2498 0.36
2499 0.36
2500 0.46
2501 0.46
2502 0.40
2503 0.36
2504 0.46
2505 0.44
2506 0.38
2507 0.36
2508 -0.25
2509 0.46
2510 0.44
2511 0.38
2512 0.32
2513 0.44
2514 0.36
2515 0.46
2516 0.36
2517 0.36
2518 0.36
2519 0.36
2520 0.36
2521 0.44
2522 0.40
2523 0.46
2524 0.44
2525 0.46
2526 0.42
2527 0.31
2528 0.46
2529 0.46
2530 0.34
2531 0.36
2532 0.42
2533 0.36
2534 0.38
2535 0.46
2536 0.46
2537 0.42
2538 0.36
2539 0.44
2540 0.34
2541 0.44
2542 0.46
2543 0.38
2544 0.46
2545 0.42
2546 0.46
2547 0.36
2548 0.40
2549 0.42
2550 0.46
2551 0.46
2552 0.46
2553 0.38
2554 0.46
2555 0.38
2556 0.34
2557 0.46
2558 0.36
2559 0.36
2560 0.31
2561 0.34
2562 0.40
2563 0.46
2564 0.46
2565 0.46
2566 -0.24
2567 0.36
2568 0.46
2569 0.46
2570 0.36
2571 0.46
2572 0.42
2573 0.44
2574 0.46
2575 0.46
2576 0.29
2577 0.46
2578 0.46
2579 0.46
2580 0.46
2581 0.44
2582 0.42
2583 0.38
2584 0.46
2585 0.46
2586 0.25
2587 0.46
2588 0.42
2589 0.46
2590 0.34
2591 0.46
2592 0.46
2593 0.36
2594 0.32
2595 0.38
2596 0.31
2597 0.46
2598 0.38
2599 0.46
2600 0.40
2601 0.42
2602 0.44
2603 0.34
2604 0.40
2605 0.46
2606 0.42
2607 0.31
2608 0.38
2609 0.42
2610 0.38
2611 0.38
2612 0.32
2613 0.42
2614 0.29
2615 0.38
2616 0.34
2617 0.42
2618 0.31
2619 0.42
2620 0.38
2621 0.34
2622 0.36
2623 0.44
2624 0.36
2625 0.34
2626 0.38
2627 0.42
2628 0.36
2629 0.31
2630 0.42
2631 0.34
2632 0.42
2633 0.26
2634 0.42
2635 0.42
2636 0.42
2637 0.38
2638 0.36
2639 0.42
2640 0.29
2641 0.28
2642 0.29
2643 0.31
2644 0.38
2645 0.29
2646 0.38
2647 0.32
2648 0.36
2649 0.42
2650 0.40
2651 0.42
2652 0.44
2653 0.40
2654 0.32
2655 0.36
2656 0.29
2657 0.29
2658 0.46
2659 0.26
2660 0.40
2661 0.29
2662 0.32
2663 0.42
2664 0.34
2665 0.28
2666 0.42
2667 0.42
2668 0.32
2669 0.32
2670 0.34
2671 0.42
2672 0.34
2673 0.38
2674 0.28
2675 0.36
2676 0.46
2677 0.46
2678 0.38
2679 0.29
2680 0.42
2681 0.42
2682 0.29
2683 0.38
2684 0.42
2685 0.28
2686 0.44
2687 0.31
2688 0.32
2689 0.44
2690 0.28
2691 0.38
2692 0.42
2693 0.32
2694 0.46
2695 0.31
2696 0.34
2697 0.38
2698 0.36
2699 0.32
2700 0.21
2701 0.42
2702 0.36
2703 0.32
2704 0.44
2705 0.31
2706 0.38
2707 0.40
2708 0.28
2709 0.42
2710 0.34
2711 0.42
2712 0.25
2713 0.40
2714 0.32
2715 0.46
2716 0.16
2717 0.36
2718 0.29
2719 0.32
2720 0.32
2721 0.34
2722 0.36
2723 0.44
2724 0.34
2725 0.44
2726 0.40
2727 0.40
2728 0.23
2729 0.38
2730 0.34
2731 0.32
2732 0.42
2733 0.18
2734 0.32
2735 0.44
2736 0.46
2737 0.34
2738 0.24
2739 0.40
2740 0.34
2741 0.40
2742 0.42
2743 0.34
2744 0.46
2745 0.38
2746 0.42
2747 0.28
2748 0.36
2749 0.38
2750 0.31
2751 0.42
2752 0.42
2753 0.34
2754 0.42
2755 0.38
2756 0.42
2757 0.46
2758 0.32
2759 0.36
2760 0.31
2761 0.34
2762 0.36
2763 0.28
2764 0.44
2765 0.42
2766 -0.19
2767 0.32
2768 0.38
2769 0.28
2770 0.26
2771 0.26
2772 0.38
2773 0.40
2774 0.42
2775 0.42
2776 0.26
2777 0.42
2778 0.38
2779 0.42
2780 0.44
2781 0.38
2782 0.34
2783 0.29
2784 0.46
2785 0.32
2786 0.31
2787 0.44
2788 0.38
2789 0.40
2790 0.34
2791 0.42
2792 0.44
2793 0.32
2794 0.29
2795 0.34
2796 0.40
2797 0.36
2798 0.34
2799 0.38
2800 0.31
2801 0.46
2802 0.46
2803 0.38
2804 0.38
2805 0.46
2806 0.46
2807 0.34
2808 0.44
2809 0.46
2810 0.40
2811 0.42
2812 0.42
2813 0.46
2814 0.46
2815 0.17
2816 0.38
2817 0.46
2818 0.31
2819 0.46
2820 0.44
2821 0.38
2822 0.42
2823 0.46
2824 0.31
2825 0.34
2826 0.44
2827 0.46
2828 0.40
2829 0.46
2830 0.46
2831 0.31
2832 0.46
2833 0.46
2834 0.46
2835 0.46
2836 0.46
2837 0.42
2838 0.19
2839 0.46
2840 0.29
2841 0.44
2842 0.40
2843 0.46
2844 0.42
2845 0.36
2846 0.46
2847 0.36
2848 0.42
2849 0.46
2850 0.46
2851 0.46
2852 0.46
2853 0.46
2854 0.36
2855 0.42
2856 0.38
2857 0.40
2858 0.46
2859 0.42
2860 0.34
2861 0.42
2862 0.36
2863 0.44
2864 0.34
2865 0.36
2866 0.46
2867 0.46
2868 0.46
2869 0.36
2870 0.34
2871 0.46
2872 0.36
2873 0.46
2874 0.36
2875 0.46
2876 0.46
2877 0.46
2878 0.44
2879 0.40
2880 0.46
2881 0.46
2882 0.32
2883 0.44
2884 0.46
2885 0.38
2886 0.46
2887 0.42
2888 0.36
2889 0.46
2890 0.36
2891 0.46
2892 0.46
2893 0.36
2894 0.46
2895 0.42
2896 0.34
2897 0.23
2898 0.42
2899 0.38
2900 0.46
2901 0.46
2902 0.42
2903 0.36
2904 0.46
2905 0.44
2906 0.40
2907 0.36
2908 0.32
2909 0.46
2910 0.44
2911 0.38
2912 0.32
2913 0.44
2914 0.36
2915 0.46
2916 0.38
2917 0.42
2918 0.36
2919 0.36
2920 0.36
2921 0.44
2922 0.42
2923 0.46
2924 0.44
2925 0.46
2926 0.42
2927 0.31
2928 0.46
2929 0.46
2930 0.34
2931 0.36
2932 0.44
2933 0.36
2934 0.38
2935 0.46
2936 0.46
2937 0.42
2938 0.36
2939 0.44
2940 0.38
2941 0.44
2942 0.46
2943 0.38
2944 0.46
2945 0.42
2946 0.46
2947 0.36
2948 0.42
2949 0.42
2950 0.46
2951 0.46
2952 0.46
2953 0.38
2954 0.46
2955 0.40
2956 0.34
2957 0.46
2958 0.36
2959 0.42
2960 0.34
2961 0.34
2962 0.42
2963 0.46
2964 0.46
2965 0.46
2966 0.38
2967 0.36
2968 0.46
2969 0.46
2970 0.36
2971 0.46
2972 0.42
2973 0.44
2974 0.46
2975 0.46
2976 0.29
2977 0.46
2978 0.46
2979 0.46
2980 0.46
2981 0.44
2982 0.42
2983 0.38
2984 0.46
2985 0.46
2986 0.25
2987 0.46
2988 0.42
2989 0.46
2990 0.34
2991 0.46
2992 0.46
2993 0.36
2994 0.32
2995 0.38
2996 0.31
2997 0.46
2998 0.38
2999 0.46
