0 273.33
30 306.67
60 318.00
90 303.33
120 306.67
150 339.33
180 292.00
210 265.33
240 260.67
270 282.00
300 276.67
330 318.00
360 285.33
390 277.33
420 292.00
450 298.00
480 276.00
510 336.00
540 322.00
570 352.67
600 296.00
630 347.33
660 308.67
690 313.33
720 348.00
750 325.33
780 326.00
810 310.00
840 332.00
870 341.33
900 359.33
930 338.67
960 372.00
990 305.33
1020 327.33
1050 319.33
1080 336.00
1110 344.00
1140 318.00
1170 369.33
1200 351.33
1230 334.00
1260 290.67
1290 320.67
1320 288.67
1350 338.00
1380 345.33
1410 293.33
1440 306.00
1470 317.33
1500 329.33
1530 386.00
1560 358.67
1590 319.33
1620 323.33
1650 334.67
1680 338.67
1710 305.33
1740 310.67
1770 335.33
1800 360.67
1830 367.33
1860 330.00
1890 343.33
1920 319.33
1950 300.00
1980 353.33
2010 346.67
2040 338.00
2070 328.00
2100 328.00
2130 318.00
2160 334.67
2190 315.33
2220 278.67
2250 344.00
2280 362.67
2310 376.67
2340 332.67
2370 320.00
2400 336.00
2430 317.33
2460 348.67
2490 340.67
2520 368.67
2550 379.33
2580 332.00
2610 363.33
2640 314.67
2670 344.67
2700 348.67
2730 352.00
2760 360.00
2790 357.33
2820 357.33
2850 368.00
2880 340.67
2910 348.67
2940 328.00
2970 341.33
