0 234.67
30 292.00
60 236.00
90 248.00
120 274.00
150 254.00
180 290.67
210 262.67
240 254.67
270 258.67
300 274.67
330 296.00
360 268.00
390 270.00
420 258.67
450 288.67
480 302.00
510 279.33
540 254.00
570 280.00
600 256.67
630 266.67
660 279.33
690 314.67
720 307.33
750 298.00
780 326.00
810 310.00
840 323.33
870 321.33
900 344.67
930 321.33
960 337.33
990 347.33
1020 336.00
1050 314.67
1080 348.00
1110 314.67
1140 321.33
1170 320.67
1200 336.00
1230 304.67
1260 348.00
1290 326.00
1320 334.67
1350 327.33
1380 334.67
1410 336.67
1440 335.33
1470 336.00
1500 334.67
1530 312.67
1560 335.33
1590 320.67
1620 325.33
1650 320.67
1680 342.67
1710 384.67
1740 340.67
1770 370.67
1800 325.33
1830 360.00
1860 362.00
1890 359.33
1920 338.00
1950 311.33
1980 318.00
2010 363.33
2040 350.67
2070 323.33
2100 317.33
2130 342.00
2160 339.33
2190 353.33
2220 350.00
2250 334.67
2280 349.33
2310 348.00
2340 328.67
2370 369.33
2400 331.33
2430 364.67
2460 356.67
2490 354.67
2520 356.00
2550 371.33
2580 358.67
2610 320.00
2640 356.67
2670 342.00
2700 355.33
2730 351.33
2760 338.00
2790 312.67
2820 320.00
2850 364.00
2880 306.67
2910 380.67
2940 346.67
2970 363.33
