0 171.33
1 196.67
2 182.00
3 205.33
4 216.00
5 178.00
6 166.67
7 198.67
8 194.67
9 219.33
10 191.33
11 226.00
12 180.67
13 175.33
14 203.33
15 184.67
16 178.67
17 211.33
18 226.00
19 172.67
20 251.33
21 194.67
22 213.33
23 212.00
24 209.33
25 314.00
26 249.33
27 210.00
28 171.33
29 212.00
30 214.67
31 236.67
32 196.67
33 203.33
34 274.67
35 208.67
36 206.00
37 183.33
38 304.67
39 230.00
40 220.00
41 341.33
42 345.33
43 189.33
44 242.00
45 183.33
46 228.00
47 294.00
48 307.33
49 186.67
50 230.67
51 179.33
52 204.00
53 252.67
54 301.33
55 212.00
56 218.00
57 210.67
58 345.33
59 212.67
60 182.00
61 203.33
62 220.67
63 203.33
64 169.33
65 208.00
66 212.67
67 204.00
68 209.33
69 214.00
70 185.33
71 206.00
72 244.67
73 240.00
74 265.33
75 208.67
76 312.67
77 246.00
78 312.00
79 184.00
80 225.33
81 184.00
82 181.33
83 176.67
84 188.67
85 230.00
86 222.00
87 209.33
88 261.33
89 209.33
90 219.33
91 192.00
92 198.67
93 339.33
94 182.67
95 210.67
96 267.33
97 216.67
98 276.00
99 248.67
100 222.67
101 256.67
102 238.67
103 294.67
104 211.33
105 272.00
106 184.00
107 197.33
108 278.67
109 180.67
110 217.33
111 201.33
112 226.00
113 240.67
114 258.00
115 214.00
116 220.00
117 263.33
118 290.00
119 211.33
120 189.33
121 217.33
122 202.00
123 154.67
124 199.33
125 186.67
126 282.67
127 217.33
128 312.67
129 187.33
130 286.67
131 271.33
132 301.33
133 244.00
134 195.33
135 226.00
136 263.33
137 188.67
138 220.67
139 206.67
140 282.00
141 182.67
142 172.00
143 284.00
144 236.00
145 312.67
146 192.67
147 312.67
148 224.00
149 182.67
150 194.67
151 212.67
152 160.67
153 268.67
154 204.00
155 218.00
156 296.67
157 176.67
158 179.33
159 179.33
160 254.00
161 240.00
162 236.00
163 289.33
164 229.33
165 210.67
166 178.67
167 165.33
168 194.67
169 214.67
170 213.33
171 220.67
172 206.00
173 200.67
174 220.00
175 176.67
176 202.67
177 230.67
178 214.00
179 278.00
180 219.33
181 193.33
182 204.67
183 180.00
184 303.33
185 176.00
186 230.67
187 257.33
188 282.67
189 261.33
190 279.33
191 218.67
192 204.00
193 226.00
194 217.33
195 310.67
196 237.33
197 191.33
198 339.33
199 232.00
200 231.33
201 402.67
202 240.00
203 228.67
204 220.00
205 372.00
206 191.33
207 140.00
208 239.33
209 187.33
210 200.00
211 156.00
212 230.00
213 233.33
214 230.67
215 236.67
216 200.00
217 278.00
218 202.00
219 322.67
220 217.33
221 417.33
222 226.67
223 252.67
224 286.00
225 279.33
226 162.00
227 259.33
228 228.67
229 304.00
230 250.67
231 308.00
232 200.67
233 225.33
234 240.00
235 194.67
236 313.33
237 177.33
238 350.67
239 275.33
240 253.33
241 217.33
242 172.00
243 383.33
244 268.00
245 285.33
246 229.33
247 246.67
248 199.33
249 236.00
250 236.00
251 190.67
252 205.33
253 265.33
254 225.33
255 428.00
256 262.00
257 221.33
258 268.00
259 209.33
260 221.33
261 305.33
262 200.00
263 192.67
264 294.67
265 228.67
266 234.00
267 292.00
268 240.00
269 217.33
270 342.67
271 170.00
272 252.00
273 274.00
274 184.00
275 403.33
276 210.00
277 209.33
278 241.33
279 260.67
280 388.00
281 237.33
282 241.33
283 264.00
284 358.67
285 188.67
286 257.33
287 378.00
288 238.67
289 240.00
290 238.67
291 217.33
292 247.33
293 208.00
294 264.67
295 204.67
296 354.00
297 222.00
298 207.33
299 316.67
300 384.67
301 240.67
302 231.33
303 235.33
304 222.00
305 234.67
306 236.67
307 193.33
308 200.00
309 202.00
310 236.67
311 328.67
312 246.67
313 234.67
314 214.00
315 320.00
316 198.00
317 208.67
318 217.33
319 194.67
320 202.00
321 190.67
322 209.33
323 258.67
324 210.00
325 246.00
326 212.67
327 290.00
328 257.33
329 232.67
330 234.67
331 243.33
332 255.33
333 234.00
334 232.67
335 238.00
336 219.33
337 252.67
338 256.67
339 246.67
340 240.00
341 267.33
342 190.67
343 272.00
344 211.33
345 300.00
346 288.67
347 206.00
348 219.33
349 209.33
350 210.00
351 260.67
352 280.67
353 216.00
354 244.67
355 277.33
356 267.33
357 243.33
358 261.33
359 270.00
360 242.67
361 213.33
362 249.33
363 259.33
364 268.00
365 248.00
366 186.67
367 198.00
368 263.33
369 216.00
370 232.67
371 288.67
372 271.33
373 267.33
374 302.00
375 252.67
376 208.67
377 274.00
378 230.67
379 314.00
380 188.00
381 244.00
382 288.67
383 304.00
384 303.33
385 196.00
386 278.00
387 232.67
388 189.33
389 326.67
390 183.33
391 218.00
392 271.33
393 291.33
394 228.67
395 255.33
396 165.33
397 267.33
398 239.33
399 281.33
400 164.00
401 232.00
402 239.33
403 197.33
404 152.67
405 280.67
406 189.33
407 272.00
408 309.33
409 220.67
410 186.67
411 261.33
412 234.00
413 255.33
414 214.67
415 256.00
416 224.00
417 259.33
418 182.67
419 190.00
420 287.33
421 204.67
422 209.33
423 270.00
424 265.33
425 206.67
426 232.67
427 347.33
428 267.33
429 184.00
430 160.67
431 220.67
432 252.67
433 300.67
434 208.67
435 342.67
436 294.67
437 290.00
438 290.67
439 210.00
440 286.67
441 234.67
442 328.67
443 180.67
444 183.33
445 365.33
446 180.00
447 245.33
448 236.00
449 236.67
450 322.67
451 215.33
452 224.67
453 255.33
454 304.67
455 226.00
456 246.67
457 236.00
458 246.00
459 214.00
460 192.00
461 188.00
462 314.00
463 239.33
464 254.67
465 308.67
466 248.00
467 279.33
468 203.33
469 168.00
470 266.67
471 216.67
472 226.00
473 264.67
474 341.33
475 267.33
476 190.00
477 259.33
478 180.67
479 249.33
480 164.67
481 180.67
482 306.00
483 198.67
484 244.67
485 247.33
486 202.00
487 241.33
488 155.33
489 345.33
490 178.67
491 261.33
492 234.00
493 248.00
494 188.67
495 250.67
496 216.00
497 265.33
498 282.00
499 174.67
500 359.33
501 214.67
502 204.67
503 264.67
504 266.00
505 208.67
506 264.00
507 214.00
508 221.33
509 244.67
510 163.33
511 278.67
512 309.33
513 234.00
514 204.67
515 260.67
516 206.67
517 232.67
518 262.00
519 200.67
520 232.67
521 205.33
522 236.00
523 267.33
524 255.33
525 206.67
526 246.67
527 237.33
528 228.00
529 203.33
530 278.67
531 192.00
532 362.00
533 239.33
534 274.00
535 299.33
536 288.67
537 215.33
538 230.00
539 244.67
540 250.00
541 318.00
542 224.00
543 176.67
544 212.00
545 252.67
546 239.33
547 292.00
548 218.67
549 232.67
550 225.33
551 206.00
552 264.00
553 237.33
554 322.67
555 228.67
556 180.00
557 238.00
558 227.33
559 246.00
560 195.33
561 290.67
562 255.33
563 230.00
564 226.00
565 247.33
566 314.67
567 234.00
568 308.67
569 280.67
570 330.67
571 237.33
572 254.00
573 248.00
574 256.67
575 238.00
576 304.00
577 270.00
578 221.33
579 251.33
580 224.67
581 244.67
582 236.00
583 184.00
584 202.67
585 251.33
586 222.67
587 316.67
588 246.67
589 234.00
590 230.00
591 222.00
592 193.33
593 238.67
594 231.33
595 244.67
596 240.00
597 227.33
598 252.67
599 240.67
600 229.33
601 245.33
602 190.67
603 352.00
604 348.00
605 263.33
606 234.67
607 220.00
608 156.67
609 228.67
610 256.67
611 220.67
612 244.67
613 344.67
614 277.33
615 162.67
616 256.00
617 289.33
618 226.00
619 204.00
620 254.00
621 287.33
622 228.67
623 272.00
624 226.00
625 158.00
626 248.00
627 212.00
628 290.67
629 233.33
630 238.00
631 249.33
632 201.33
633 286.00
634 208.67
635 194.00
636 228.00
637 236.67
638 219.33
639 288.00
640 240.00
641 256.67
642 180.00
643 175.33
644 308.67
645 366.67
646 165.33
647 174.67
648 268.67
649 275.33
650 266.67
651 228.67
652 221.33
653 234.67
654 244.67
655 286.67
656 245.33
657 250.00
658 216.67
659 209.33
660 241.33
661 275.33
662 354.00
663 208.00
664 236.67
665 250.67
666 260.67
667 258.67
668 242.00
669 182.00
670 268.67
671 240.00
672 174.00
673 310.67
674 233.33
675 207.33
676 223.33
677 280.67
678 280.67
679 258.00
680 316.67
681 362.00
682 252.67
683 324.67
684 271.33
685 185.33
686 238.00
687 230.67
688 243.33
689 254.00
690 202.67
691 272.00
692 222.00
693 258.67
694 283.33
695 222.00
696 252.00
697 278.00
698 143.33
699 244.67
700 279.33
701 156.00
702 214.67
703 248.00
704 260.67
705 250.67
706 278.67
707 208.00
708 246.67
709 269.33
710 387.33
711 266.67
712 234.00
713 284.00
714 264.00
715 300.67
716 176.67
717 218.00
718 314.67
719 259.33
720 176.67
721 269.33
722 231.33
723 244.00
724 240.67
725 274.00
726 247.33
727 258.00
728 148.00
729 198.67
730 244.67
731 202.67
732 277.33
733 256.00
734 280.67
735 245.33
736 231.33
737 238.67
738 291.33
739 348.67
740 376.00
741 202.67
742 231.33
743 243.33
744 255.33
745 250.00
746 349.33
747 271.33
748 223.33
749 219.33
750 281.33
751 272.67
752 286.67
753 396.67
754 212.00
755 271.33
756 260.67
757 254.67
758 223.33
759 222.67
760 260.67
761 232.00
762 234.67
763 250.67
764 271.33
765 230.67
766 180.00
767 320.00
768 324.67
769 314.00
770 200.00
771 186.67
772 218.00
773 311.33
774 190.00
775 232.00
776 263.33
777 244.67
778 197.33
779 225.33
780 286.67
781 217.33
782 242.00
783 240.67
784 358.67
785 210.67
786 200.67
787 272.67
788 244.00
789 260.67
790 244.67
791 270.00
792 252.67
793 228.00
794 255.33
795 252.00
796 348.67
797 266.00
798 238.00
799 184.00
800 394.00
801 204.67
802 234.67
803 218.67
804 238.67
805 185.33
806 220.00
807 186.00
808 213.33
809 210.67
810 318.67
811 253.33
812 431.33
813 204.00
814 258.00
815 375.33
816 231.33
817 236.67
818 249.33
819 265.33
820 240.67
821 276.67
822 320.00
823 162.67
824 216.67
825 209.33
826 178.67
827 256.00
828 220.00
829 363.33
830 228.67
831 180.67
832 245.33
833 255.33
834 195.33
835 234.67
836 301.33
837 318.00
838 164.67
839 262.67
840 246.00
841 216.67
842 178.00
843 374.67
844 286.00
845 242.00
846 218.67
847 269.33
848 265.33
849 260.00
850 231.33
851 210.00
852 183.33
853 255.33
854 381.33
855 238.67
856 213.33
857 298.00
858 312.00
859 396.67
860 170.00
861 190.00
862 210.00
863 160.00
864 234.67
865 284.00
866 226.67
867 317.33
868 345.33
869 278.67
870 224.00
871 201.33
872 238.00
873 251.33
874 159.33
875 138.00
876 190.67
877 300.00
878 190.67
879 211.33
880 382.00
881 280.67
882 271.33
883 242.67
884 257.33
885 222.00
886 174.00
887 227.33
888 337.33
889 292.00
890 179.33
891 191.33
892 181.33
893 170.67
894 228.00
895 276.00
896 424.67
897 187.33
898 162.67
899 274.67
900 74.00
901 222.00
902 234.00
903 122.00
904 266.00
905 242.67
906 249.33
907 353.33
908 325.33
909 257.33
910 280.67
911 326.00
912 265.33
913 262.00
914 204.67
915 252.67
916 252.00
917 399.33
918 204.00
919 316.00
920 306.67
921 430.00
922 287.33
923 216.67
924 241.33
925 264.67
926 288.00
927 272.00
928 320.00
929 240.00
930 110.00
931 417.33
932 319.33
933 284.67
934 285.33
935 240.00
936 282.67
937 308.00
938 321.33
939 295.33
940 371.33
941 277.33
942 212.00
943 288.00
944 208.00
945 336.00
946 280.67
947 189.33
948 252.00
949 114.67
950 276.67
951 166.67
952 345.33
953 213.33
954 253.33
955 192.00
956 281.33
957 298.00
958 268.67
959 301.33
960 324.67
961 262.00
962 282.00
963 314.67
964 346.67
965 300.67
966 219.33
967 292.00
968 254.00
969 261.33
970 310.67
971 389.33
972 328.00
973 227.33
974 315.33
975 305.33
976 204.00
977 315.33
978 128.00
979 255.33
980 287.33
981 249.33
982 281.33
983 90.00
984 224.67
985 272.00
986 260.67
987 234.67
988 272.00
989 176.00
990 378.00
991 396.67
992 202.00
993 307.33
994 428.67
995 214.67
996 174.67
997 351.33
998 289.33
999 304.67
1000 358.00
1001 266.67
1002 236.00
1003 240.00
1004 326.67
1005 239.33
1006 264.67
1007 211.33
1008 223.33
1009 282.00
1010 378.67
1011 282.00
1012 220.00
1013 230.00
1014 262.00
1015 276.00
1016 292.00
1017 302.00
1018 226.67
1019 202.67
1020 317.33
1021 338.00
1022 229.33
1023 244.00
1024 386.67
1025 192.00
1026 270.00
1027 301.33
1028 394.00
1029 170.67
1030 276.00
1031 322.67
1032 170.67
1033 321.33
1034 300.67
1035 299.33
1036 346.67
1037 208.00
1038 290.67
1039 345.33
1040 304.00
1041 299.33
1042 312.00
1043 312.67
1044 176.67
1045 278.00
1046 282.00
1047 165.33
1048 234.67
1049 406.67
1050 324.67
1051 246.00
1052 318.67
1053 400.00
1054 198.67
1055 148.67
1056 344.00
1057 268.00
1058 258.67
1059 236.00
1060 188.67
1061 176.00
1062 196.00
1063 224.00
1064 233.33
1065 243.33
1066 278.00
1067 302.00
1068 349.33
1069 269.33
1070 317.33
1071 371.33
1072 374.67
1073 326.00
1074 218.00
1075 372.00
1076 242.67
1077 254.00
1078 351.33
1079 158.67
1080 312.00
1081 252.67
1082 253.33
1083 208.67
1084 378.67
1085 199.33
1086 225.33
1087 222.67
1088 285.33
1089 306.67
1090 72.00
1091 290.00
1092 298.00
1093 195.33
1094 348.67
1095 399.33
1096 287.33
1097 259.33
1098 235.33
1099 234.00
1100 198.00
1101 318.00
1102 262.67
1103 307.33
1104 278.00
1105 264.67
1106 242.00
1107 286.00
1108 190.00
1109 242.00
1110 227.33
1111 277.33
1112 222.00
1113 301.33
1114 253.33
1115 217.33
1116 320.00
1117 233.33
1118 376.00
1119 248.67
1120 225.33
1121 325.33
1122 286.67
1123 258.00
1124 276.00
1125 304.67
1126 212.00
1127 284.00
1128 132.67
1129 211.33
1130 302.00
1131 251.33
1132 264.67
1133 246.67
1134 287.33
1135 359.33
1136 266.67
1137 287.33
1138 234.00
1139 308.00
1140 267.33
1141 212.67
1142 363.33
1143 202.00
1144 292.00
1145 222.00
1146 244.00
1147 331.33
1148 324.67
1149 217.33
1150 334.67
1151 216.67
1152 276.67
1153 294.00
1154 252.00
1155 354.67
1156 408.00
1157 248.67
1158 327.33
1159 307.33
1160 228.00
1161 298.67
1162 376.00
1163 293.33
1164 197.33
1165 316.00
1166 251.33
1167 317.33
1168 210.00
1169 233.33
1170 344.67
1171 246.00
1172 232.67
1173 341.33
1174 318.00
1175 292.00
1176 284.67
1177 338.67
1178 278.67
1179 240.00
1180 360.67
1181 239.33
1182 155.33
1183 204.67
1184 336.00
1185 277.33
1186 241.33
1187 203.33
1188 247.33
1189 272.67
1190 318.67
1191 236.00
1192 174.67
1193 280.67
1194 332.00
1195 202.67
1196 263.33
1197 280.67
1198 455.33
1199 380.00
1200 134.67
1201 144.00
1202 325.33
1203 249.33
1204 298.67
1205 192.00
1206 412.00
1207 240.00
1208 198.00
1209 247.33
1210 347.33
1211 140.00
1212 282.00
1213 352.67
1214 296.67
1215 268.67
1216 392.00
1217 374.67
1218 255.33
1219 383.33
1220 332.00
1221 365.33
1222 260.67
1223 205.33
1224 326.67
1225 296.67
1226 268.67
1227 327.33
1228 220.00
1229 218.67
1230 222.00
1231 400.00
1232 230.00
1233 400.00
1234 234.67
1235 214.67
1236 165.33
1237 394.67
1238 341.33
1239 290.67
1240 381.33
1241 480.00
1242 268.00
1243 346.67
1244 294.67
1245 340.67
1246 270.00
1247 301.33
1248 368.00
1249 174.00
1250 293.33
1251 190.00
1252 131.33
1253 300.00
1254 284.00
1255 303.33
1256 285.33
1257 276.67
1258 333.33
1259 272.00
1260 290.67
1261 363.33
1262 257.33
1263 407.33
1264 222.00
1265 320.00
1266 323.33
1267 212.67
1268 331.33
1269 356.00
1270 305.33
1271 278.00
1272 229.33
1273 304.00
1274 307.33
1275 198.00
1276 436.00
1277 160.00
1278 294.67
1279 252.67
1280 327.33
1281 373.33
1282 210.00
1283 387.33
1284 234.67
1285 460.00
1286 202.00
1287 240.00
1288 252.67
1289 188.00
1290 220.00
1291 278.67
1292 248.00
1293 180.00
1294 270.67
1295 209.33
1296 206.67
1297 266.67
1298 267.33
1299 250.00
1300 168.67
1301 380.00
1302 290.67
1303 212.00
1304 304.67
1305 230.00
1306 412.00
1307 448.00
1308 267.33
1309 290.67
1310 309.33
1311 203.33
1312 184.67
1313 219.33
1314 333.33
1315 264.00
1316 256.00
1317 344.67
1318 271.33
1319 275.33
1320 228.67
1321 296.67
1322 274.00
1323 373.33
1324 228.00
1325 310.00
1326 320.00
1327 199.33
1328 318.67
1329 315.33
1330 245.33
1331 249.33
1332 210.00
1333 311.33
1334 126.67
1335 324.67
1336 314.67
1337 306.00
1338 299.33
1339 250.00
1340 335.33
1341 306.00
1342 256.00
1343 322.00
1344 397.33
1345 279.33
1346 258.00
1347 342.67
1348 340.00
1349 301.33
1350 314.00
1351 321.33
1352 256.67
1353 301.33
1354 316.67
1355 239.33
1356 253.33
1357 305.33
1358 210.67
1359 307.33
1360 338.67
1361 335.33
1362 315.33
1363 270.67
1364 274.67
1365 250.00
1366 304.67
1367 345.33
1368 417.33
1369 349.33
1370 281.33
1371 226.67
1372 304.67
1373 296.67
1374 276.00
1375 254.00
1376 223.33
1377 302.67
1378 228.67
1379 206.67
1380 416.00
1381 295.33
1382 332.00
1383 316.00
1384 374.67
1385 268.00
1386 258.67
1387 250.00
1388 292.67
1389 274.00
1390 304.67
1391 382.67
1392 370.67
1393 302.67
1394 368.00
1395 333.33
1396 306.00
1397 329.33
1398 421.33
1399 406.00
1400 326.00
1401 248.67
1402 321.33
1403 179.33
1404 368.00
1405 378.00
1406 359.33
1407 268.00
1408 217.33
1409 202.67
1410 261.33
1411 198.67
1412 221.33
1413 310.00
1414 401.33
1415 254.00
1416 257.33
1417 386.00
1418 394.67
1419 277.33
1420 408.00
1421 409.33
1422 240.00
1423 381.33
1424 468.00
1425 328.67
1426 322.00
1427 340.00
1428 372.00
1429 256.67
1430 384.00
1431 300.67
1432 328.00
1433 380.00
1434 302.00
1435 354.00
1436 338.67
1437 317.33
1438 355.33
1439 306.00
1440 246.00
1441 292.00
1442 373.33
1443 323.33
1444 378.67
1445 375.33
1446 309.33
1447 347.33
1448 220.67
1449 273.33
1450 349.33
1451 296.67
1452 284.00
1453 277.33
1454 301.33
1455 315.33
1456 438.67
1457 193.33
1458 381.33
1459 284.67
1460 256.67
1461 231.33
1462 272.67
1463 228.67
1464 215.33
1465 223.33
1466 257.33
1467 332.67
1468 286.67
1469 267.33
1470 230.00
1471 180.00
1472 260.67
1473 182.00
1474 382.00
1475 294.00
1476 287.33
1477 272.00
1478 302.67
1479 319.33
1480 328.67
1481 222.00
1482 277.33
1483 240.67
1484 296.67
1485 227.33
1486 189.33
1487 275.33
1488 210.67
1489 338.67
1490 326.67
1491 307.33
1492 328.00
1493 301.33
1494 314.00
1495 268.00
1496 302.67
1497 274.67
1498 202.67
1499 274.00
1500 262.00
1501 329.33
1502 210.67
1503 358.00
1504 274.67
1505 330.00
1506 284.00
1507 268.67
1508 288.67
1509 273.33
1510 192.67
1511 309.33
1512 304.67
1513 306.67
1514 270.67
1515 286.67
1516 360.67
1517 250.67
1518 308.00
1519 255.33
1520 350.67
1521 363.33
1522 308.67
1523 230.67
1524 293.33
1525 398.00
1526 234.67
1527 397.33
1528 285.33
1529 354.67
1530 316.67
1531 247.33
1532 283.33
1533 266.67
1534 266.00
1535 150.67
1536 252.67
1537 272.67
1538 248.00
1539 296.67
1540 308.67
1541 276.67
1542 288.00
1543 392.67
1544 311.33
1545 330.67
1546 277.33
1547 396.00
1548 390.67
1549 365.33
1550 314.00
1551 316.00
1552 361.33
1553 393.33
1554 312.67
1555 184.00
1556 296.67
1557 344.67
1558 325.33
1559 306.00
1560 324.67
1561 243.33
1562 269.33
1563 305.33
1564 310.67
1565 318.00
1566 320.00
1567 304.00
1568 276.67
1569 298.67
1570 380.00
1571 369.33
1572 314.67
1573 408.00
1574 416.67
1575 266.67
1576 254.00
1577 267.33
1578 220.00
1579 288.00
1580 380.67
1581 339.33
1582 373.33
1583 421.33
1584 368.67
1585 252.00
1586 382.67
1587 287.33
1588 389.33
1589 344.67
1590 92.67
1591 241.33
1592 270.00
1593 352.67
1594 270.67
1595 261.33
1596 306.67
1597 365.33
1598 316.00
1599 393.33
1600 262.00
1601 254.00
1602 356.67
1603 184.67
1604 202.67
1605 272.67
1606 166.67
1607 500.00
1608 364.67
1609 233.33
1610 246.67
1611 125.33
1612 341.33
1613 273.33
1614 288.00
1615 356.67
1616 177.33
1617 328.67
1618 318.67
1619 172.00
1620 273.33
1621 338.00
1622 273.33
1623 330.00
1624 315.33
1625 374.00
1626 402.67
1627 400.67
1628 278.67
1629 372.00
1630 272.00
1631 275.33
1632 370.00
1633 311.33
1634 236.67
1635 304.00
1636 323.33
1637 300.00
1638 316.00
1639 270.67
1640 361.33
1641 353.33
1642 344.00
1643 408.67
1644 264.00
1645 370.00
1646 316.00
1647 377.33
1648 299.33
1649 227.33
1650 338.67
1651 269.33
1652 240.67
1653 188.67
1654 286.67
1655 328.00
1656 224.00
1657 272.67
1658 325.33
1659 299.33
1660 278.00
1661 290.67
1662 281.33
1663 237.33
1664 205.33
1665 352.67
1666 264.67
1667 409.33
1668 290.67
1669 273.33
1670 307.33
1671 254.67
1672 220.67
1673 358.00
1674 392.67
1675 328.00
1676 241.33
1677 291.33
1678 322.67
1679 386.00
1680 238.67
1681 347.33
1682 345.33
1683 345.33
1684 324.67
1685 360.00
1686 414.00
1687 420.00
1688 308.67
1689 371.33
1690 391.33
1691 302.67
1692 314.00
1693 378.00
1694 334.00
1695 225.33
1696 270.67
1697 237.33
1698 240.67
1699 298.00
1700 298.67
1701 293.33
1702 246.67
1703 284.00
1704 380.00
1705 306.67
1706 267.33
1707 308.00
1708 348.00
1709 291.33
1710 172.00
1711 339.33
1712 296.00
1713 370.00
1714 367.33
1715 364.67
1716 296.00
1717 298.00
1718 375.33
1719 342.00
1720 395.33
1721 400.67
1722 357.33
1723 358.67
1724 363.33
1725 364.67
1726 282.00
1727 288.00
1728 355.33
1729 270.67
1730 291.33
1731 298.67
1732 418.00
1733 183.33
1734 310.67
1735 212.00
1736 278.67
1737 303.33
1738 186.67
1739 241.33
1740 492.67
1741 348.67
1742 389.33
1743 291.33
1744 354.00
1745 258.00
1746 418.00
1747 277.33
1748 381.33
1749 305.33
1750 366.00
1751 302.67
1752 354.67
1753 377.33
1754 388.67
1755 249.33
1756 303.33
1757 402.00
1758 321.33
1759 201.33
1760 296.67
1761 257.33
1762 280.00
1763 254.67
1764 341.33
1765 313.33
1766 268.67
1767 272.67
1768 386.67
1769 374.67
1770 301.33
1771 296.67
1772 358.67
1773 342.00
1774 349.33
1775 246.67
1776 308.67
1777 379.33
1778 284.00
1779 248.00
1780 248.00
1781 330.67
1782 372.00
1783 314.67
1784 330.00
1785 248.67
1786 424.00
1787 308.67
1788 400.67
1789 350.00
1790 305.33
1791 358.67
1792 352.67
1793 356.67
1794 378.00
1795 405.33
1796 340.00
1797 280.67
1798 397.33
1799 317.33
1800 360.00
1801 220.00
1802 376.00
1803 376.67
1804 425.33
1805 410.00
1806 420.00
1807 240.00
1808 420.00
1809 320.00
1810 346.67
1811 350.67
1812 392.00
1813 256.67
1814 273.33
1815 249.33
1816 300.00
1817 364.00
1818 400.00
1819 368.00
1820 352.00
1821 443.33
1822 332.00
1823 406.67
1824 419.33
1825 377.33
1826 339.33
1827 310.67
1828 372.67
1829 240.00
1830 344.67
1831 387.33
1832 371.33
1833 370.00
1834 341.33
1835 332.00
1836 304.00
1837 476.67
1838 277.33
1839 395.33
1840 435.33
1841 307.33
1842 355.33
1843 385.33
1844 282.00
1845 364.67
1846 254.67
1847 244.00
1848 324.00
1849 334.67
1850 436.67
1851 355.33
1852 434.00
1853 416.67
1854 333.33
1855 436.67
1856 436.67
1857 394.00
1858 497.33
1859 280.00
1860 326.00
1861 414.67
1862 239.33
1863 286.67
1864 236.00
1865 454.67
1866 314.67
1867 246.67
1868 386.67
1869 455.33
1870 278.00
1871 344.00
1872 434.00
1873 428.67
1874 374.00
1875 230.67
1876 238.00
1877 295.33
1878 445.33
1879 242.67
1880 363.33
1881 227.33
1882 369.33
1883 193.33
1884 350.67
1885 344.00
1886 360.00
1887 299.33
1888 387.33
1889 371.33
1890 340.00
1891 330.67
1892 399.33
1893 220.00
1894 358.00
1895 352.00
1896 384.00
1897 406.00
1898 396.00
1899 360.67
1900 278.00
1901 394.00
1902 385.33
1903 255.33
1904 289.33
1905 240.00
1906 320.67
1907 268.00
1908 354.00
1909 218.67
1910 460.67
1911 480.00
1912 304.00
1913 358.67
1914 364.00
1915 297.33
1916 264.00
1917 303.33
1918 381.33
1919 219.33
1920 289.33
1921 313.33
1922 396.67
1923 348.00
1924 287.33
1925 402.00
1926 248.00
1927 306.67
1928 418.67
1929 378.67
1930 237.33
1931 410.00
1932 360.00
1933 256.67
1934 486.67
1935 258.67
1936 450.00
1937 391.33
1938 228.67
1939 308.00
1940 278.00
1941 346.00
1942 368.00
1943 249.33
1944 324.00
1945 298.67
1946 374.00
1947 364.00
1948 261.33
1949 231.33
1950 396.00
1951 437.33
1952 336.00
1953 340.67
1954 287.33
1955 301.33
1956 352.67
1957 312.67
1958 213.33
1959 410.00
1960 262.00
1961 302.00
1962 256.00
1963 390.00
1964 313.33
1965 360.67
1966 355.33
1967 261.33
1968 286.67
1969 340.67
1970 207.33
1971 268.67
1972 400.00
1973 436.00
1974 286.67
1975 320.67
1976 404.67
1977 312.00
1978 350.67
1979 280.00
1980 478.67
1981 375.33
1982 282.67
1983 349.33
1984 431.33
1985 340.67
1986 411.33
1987 344.67
1988 350.00
1989 356.67
1990 339.33
1991 395.33
1992 422.00
1993 361.33
1994 291.33
1995 392.67
1996 324.67
1997 394.00
1998 287.33
1999 338.00
2000 320.00
2001 461.33
2002 340.00
2003 330.67
2004 437.33
2005 380.00
2006 336.67
2007 349.33
2008 227.33
2009 240.00
2010 439.33
2011 428.67
2012 380.00
2013 318.00
2014 424.00
2015 273.33
2016 346.67
2017 263.33
2018 308.67
2019 390.00
2020 384.00
2021 375.33
2022 338.67
2023 314.67
2024 372.00
2025 360.00
2026 392.00
2027 167.33
2028 269.33
2029 265.33
2030 270.67
2031 378.67
2032 394.00
2033 438.67
2034 424.00
2035 415.33
2036 222.67
2037 367.33
2038 338.67
2039 292.00
2040 304.67
2041 320.00
2042 376.00
2043 372.00
2044 422.00
2045 396.00
2046 498.00
2047 300.00
2048 267.33
2049 436.67
2050 398.00
2051 358.67
2052 460.00
2053 280.00
2054 461.33
2055 382.67
2056 256.67
2057 309.33
2058 235.33
2059 344.67
2060 343.33
2061 348.00
2062 377.33
2063 343.33
2064 371.33
2065 264.00
2066 415.33
2067 256.67
2068 259.33
2069 456.67
2070 323.33
2071 455.33
2072 342.00
2073 282.67
2074 480.00
2075 312.00
2076 250.67
2077 230.00
2078 322.67
2079 314.00
2080 318.67
2081 222.67
2082 324.67
2083 228.00
2084 323.33
2085 224.67
2086 234.00
2087 290.00
2088 452.00
2089 464.67
2090 440.67
2091 260.00
2092 322.00
2093 280.00
2094 308.67
2095 328.00
2096 374.00
2097 247.33
2098 360.00
2099 350.67
2100 292.00
2101 395.33
2102 375.33
2103 355.33
2104 469.33
2105 251.33
2106 334.00
2107 411.33
2108 264.67
2109 287.33
2110 312.67
2111 480.00
2112 438.67
2113 472.00
2114 372.00
2115 194.67
2116 253.33
2117 322.67
2118 452.67
2119 292.00
2120 480.00
2121 397.33
2122 281.33
2123 411.33
2124 362.00
2125 349.33
2126 110.67
2127 341.33
2128 260.67
2129 348.00
2130 382.67
2131 373.33
2132 377.33
2133 286.67
2134 310.67
2135 354.67
2136 200.67
2137 429.33
2138 408.67
2139 389.33
2140 289.33
2141 397.33
2142 330.00
2143 346.67
2144 258.67
2145 332.67
2146 342.00
2147 416.00
2148 478.00
2149 346.67
2150 432.00
2151 372.00
2152 367.33
2153 229.33
2154 260.00
2155 405.33
2156 291.33
2157 288.67
2158 474.00
2159 286.00
2160 262.00
2161 426.67
2162 251.33
2163 329.33
2164 362.67
2165 322.67
2166 419.33
2167 435.33
2168 397.33
2169 493.33
2170 415.33
2171 454.00
2172 240.00
2173 420.67
2174 500.00
2175 394.67
2176 220.00
2177 412.00
2178 314.00
2179 430.67
2180 319.33
2181 260.00
2182 346.67
2183 280.00
2184 310.67
2185 414.67
2186 327.33
2187 245.33
2188 390.00
2189 399.33
2190 378.00
2191 403.33
2192 354.67
2193 361.33
2194 340.00
2195 399.33
2196 346.67
2197 383.33
2198 454.00
2199 240.00
2200 440.00
2201 420.00
2202 440.00
2203 274.67
2204 270.00
2205 340.00
2206 242.67
2207 317.33
2208 300.00
2209 440.00
2210 320.00
2211 273.33
2212 294.00
2213 380.00
2214 287.33
2215 249.33
2216 460.00
2217 388.00
2218 382.00
2219 318.67
2220 452.00
2221 336.00
2222 480.00
2223 308.67
2224 246.00
2225 338.67
2226 324.67
2227 352.67
2228 414.67
2229 246.67
2230 434.67
2231 308.67
2232 182.67
2233 244.00
2234 404.00
2235 371.33
2236 357.33
2237 500.00
2238 301.33
2239 312.00
2240 298.00
2241 420.00
2242 317.33
2243 438.67
2244 238.00
2245 420.00
2246 368.00
2247 411.33
2248 400.00
2249 244.00
2250 493.33
2251 304.67
2252 302.00
2253 348.67
2254 386.00
2255 432.00
2256 284.00
2257 401.33
2258 272.00
2259 356.67
2260 353.33
2261 354.00
2262 411.33
2263 213.33
2264 327.33
2265 282.67
2266 339.33
2267 434.00
2268 300.00
2269 364.67
2270 222.67
2271 366.00
2272 313.33
2273 480.00
2274 280.00
2275 258.00
2276 409.33
2277 371.33
2278 337.33
2279 429.33
2280 344.00
2281 382.00
2282 268.67
2283 296.67
2284 334.67
2285 454.67
2286 417.33
2287 236.67
2288 361.33
2289 401.33
2290 325.33
2291 290.00
2292 282.67
2293 347.33
2294 392.00
2295 379.33
2296 334.00
2297 240.00
2298 338.00
2299 419.33
2300 336.00
2301 326.00
2302 408.00
2303 262.00
2304 385.33
2305 415.33
2306 262.67
2307 430.00
2308 406.00
2309 381.33
2310 282.67
2311 296.00
2312 315.33
2313 266.00
2314 433.33
2315 325.33
2316 343.33
2317 290.00
2318 412.67
2319 340.00
2320 347.33
2321 263.33
2322 366.67
2323 361.33
2324 318.00
2325 286.67
2326 478.67
2327 222.67
2328 316.00
2329 338.00
2330 432.00
2331 338.00
2332 263.33
2333 409.33
2334 246.00
2335 376.67
2336 334.00
2337 340.67
2338 343.33
2339 296.00
2340 354.67
2341 318.67
2342 299.33
2343 295.33
2344 388.67
2345 318.67
2346 458.67
2347 238.67
2348 274.00
2349 278.67
2350 396.67
2351 272.00
2352 285.33
2353 418.67
2354 349.33
2355 296.67
2356 355.33
2357 323.33
2358 389.33
2359 292.00
2360 354.00
2361 298.67
2362 328.00
2363 386.67
2364 357.33
2365 255.33
2366 413.33
2367 247.33
2368 309.33
2369 314.67
2370 374.67
2371 247.33
2372 335.33
2373 260.00
2374 333.33
2375 360.67
2376 407.33
2377 258.00
2378 324.67
2379 328.00
2380 224.00
2381 420.67
2382 356.67
2383 355.33
2384 260.67
2385 344.00
2386 353.33
2387 352.00
2388 432.00
2389 358.00
2390 362.00
2391 354.67
2392 233.33
2393 338.67
2394 414.00
2395 442.67
2396 296.00
2397 228.00
2398 490.00
2399 250.00
2400 268.67
2401 494.67
2402 326.67
2403 480.67
2404 460.00
2405 224.67
2406 264.00
2407 221.33
2408 360.00
2409 380.00
2410 264.00
2411 370.67
2412 276.00
2413 460.00
2414 342.00
2415 339.33
2416 328.67
2417 390.00
2418 286.67
2419 316.67
2420 348.00
2421 336.00
2422 292.67
2423 460.00
2424 342.67
2425 440.00
2426 142.00
2427 380.00
2428 310.67
2429 370.00
2430 491.33
2431 244.67
2432 396.67
2433 282.00
2434 414.67
2435 272.00
2436 346.00
2437 311.33
2438 492.00
2439 276.67
2440 428.00
2441 235.33
2442 358.67
2443 387.33
2444 317.33
2445 408.00
2446 379.33
2447 366.67
2448 236.67
2449 318.00
2450 348.00
2451 358.00
2452 366.67
2453 302.00
2454 244.67
2455 390.00
2456 317.33
2457 350.67
2458 438.00
2459 476.00
2460 340.00
2461 397.33
2462 355.33
2463 373.33
2464 444.67
2465 328.67
2466 354.00
2467 372.00
2468 400.00
2469 372.00
2470 390.00
2471 410.67
2472 273.33
2473 260.67
2474 344.67
2475 357.33
2476 349.33
2477 375.33
2478 255.33
2479 397.33
2480 297.33
2481 325.33
2482 404.00
2483 318.00
2484 336.00
2485 300.00
2486 274.67
2487 218.00
2488 306.00
2489 400.00
2490 354.00
2491 356.67
2492 325.33
2493 335.33
2494 395.33
2495 352.67
2496 373.33
2497 312.00
2498 325.33
2499 232.67
2500 425.33
2501 322.00
2502 417.33
2503 374.67
2504 492.00
2505 339.33
2506 280.67
2507 330.00
2508 261.33
2509 431.33
2510 330.00
2511 342.67
2512 256.00
2513 394.00
2514 496.67
2515 258.00
2516 442.00
2517 436.00
2518 308.67
2519 343.33
2520 480.00
2521 324.67
2522 451.33
2523 260.67
2524 360.00
2525 420.67
2526 426.00
2527 480.67
2528 262.00
2529 328.00
2530 434.67
2531 410.00
2532 299.33
2533 256.00
2534 368.67
2535 302.00
2536 372.67
2537 336.67
2538 292.67
2539 321.33
2540 326.67
2541 334.00
2542 486.67
2543 318.67
2544 322.00
2545 276.00
2546 380.00
2547 388.00
2548 380.00
2549 391.33
2550 416.67
2551 460.00
2552 270.00
2553 400.00
2554 257.33
2555 374.67
2556 285.33
2557 328.67
2558 367.33
2559 345.33
2560 372.00
2561 228.00
2562 366.00
2563 254.00
2564 401.33
2565 377.33
2566 368.00
2567 220.67
2568 304.67
2569 457.33
2570 338.67
2571 482.67
2572 371.33
2573 357.33
2574 410.00
2575 363.33
2576 366.67
2577 337.33
2578 264.67
2579 368.00
2580 405.33
2581 388.67
2582 454.67
2583 368.67
2584 373.33
2585 262.67
2586 272.00
2587 317.33
2588 248.00
2589 245.33
2590 260.00
2591 336.00
2592 270.67
2593 382.00
2594 408.00
2595 333.33
2596 226.00
2597 460.00
2598 446.67
2599 367.33
2600 242.00
2601 400.00
2602 260.67
2603 390.67
2604 434.67
2605 425.33
2606 460.00
2607 480.00
2608 243.33
2609 320.00
2610 346.67
2611 228.00
2612 306.00
2613 329.33
2614 393.33
2615 374.67
2616 420.00
2617 233.33
2618 275.33
2619 398.00
2620 332.67
2621 242.00
2622 325.33
2623 324.67
2624 327.33
2625 306.67
2626 353.33
2627 480.00
2628 286.00
2629 468.67
2630 369.33
2631 282.67
2632 392.67
2633 368.00
2634 498.00
2635 229.33
2636 500.00
2637 360.00
2638 359.33
2639 360.00
2640 256.67
2641 363.33
2642 352.67
2643 462.00
2644 464.00
2645 460.00
2646 361.33
2647 278.67
2648 313.33
2649 302.00
2650 278.00
2651 291.33
2652 195.33
2653 254.00
2654 331.33
2655 242.00
2656 426.00
2657 240.00
2658 466.00
2659 298.67
2660 229.33
2661 290.00
2662 493.33
2663 270.00
2664 377.33
2665 329.33
2666 216.00
2667 396.67
2668 274.00
2669 457.33
2670 253.33
2671 416.67
2672 383.33
2673 352.67
2674 350.67
2675 390.67
2676 447.33
2677 440.67
2678 494.67
2679 428.00
2680 298.67
2681 326.00
2682 265.33
2683 451.33
2684 391.33
2685 318.00
2686 406.67
2687 480.00
2688 400.67
2689 394.00
2690 379.33
2691 290.00
2692 306.67
2693 342.67
2694 282.67
2695 400.00
2696 319.33
2697 450.67
2698 352.67
2699 320.67
2700 328.00
2701 494.00
2702 395.33
2703 443.33
2704 375.33
2705 454.00
2706 330.00
2707 292.00
2708 386.00
2709 347.33
2710 314.67
2711 310.67
2712 440.67
2713 312.00
2714 420.00
2715 437.33
2716 271.33
2717 205.33
2718 404.00
2719 342.67
2720 290.00
2721 351.33
2722 325.33
2723 238.67
2724 496.00
2725 480.00
2726 297.33
2727 426.67
2728 264.67
2729 284.00
2730 306.67
2731 274.00
2732 289.33
2733 335.33
2734 332.67
2735 320.00
2736 330.67
2737 315.33
2738 476.67
2739 436.67
2740 249.33
2741 420.00
2742 317.33
2743 374.00
2744 345.33
2745 389.33
2746 333.33
2747 320.00
2748 410.67
2749 383.33
2750 214.00
2751 413.33
2752 322.67
2753 420.00
2754 244.00
2755 319.33
2756 414.67
2757 349.33
2758 420.67
2759 458.00
2760 338.67
2761 344.67
2762 266.67
2763 472.00
2764 375.33
2765 340.00
2766 280.00
2767 326.00
2768 304.67
2769 317.33
2770 368.67
2771 336.00
2772 349.33
2773 252.00
2774 362.67
2775 225.33
2776 366.67
2777 394.00
2778 250.00
2779 350.00
2780 334.00
2781 358.00
2782 274.67
2783 437.33
2784 292.00
2785 350.00
2786 442.67
2787 346.00
2788 498.67
2789 356.67
2790 469.33
2791 321.33
2792 298.67
2793 357.33
2794 323.33
2795 365.33
2796 296.67
2797 269.33
2798 352.67
2799 343.33
2800 260.00
2801 400.00
2802 380.00
2803 240.00
2804 327.33
2805 340.67
2806 269.33
2807 254.67
2808 377.33
2809 394.00
2810 274.00
2811 235.33
2812 380.00
2813 466.00
2814 400.00
2815 317.33
2816 420.00
2817 311.33
2818 195.33
2819 338.00
2820 440.00
2821 303.33
2822 227.33
2823 421.33
2824 480.00
2825 414.67
2826 289.33
2827 469.33
2828 372.00
2829 420.00
2830 460.00
2831 257.33
2832 378.00
2833 285.33
2834 444.67
2835 410.67
2836 265.33
2837 275.33
2838 254.00
2839 369.33
2840 325.33
2841 274.67
2842 327.33
2843 256.00
2844 460.00
2845 260.67
2846 330.00
2847 358.67
2848 390.00
2849 340.67
2850 341.33
2851 322.00
2852 382.00
2853 312.67
2854 348.00
2855 448.00
2856 329.33
2857 394.67
2858 383.33
2859 248.00
2860 293.33
2861 242.67
2862 336.00
2863 361.33
2864 339.33
2865 399.33
2866 346.67
2867 341.33
2868 269.33
2869 363.33
2870 376.00
2871 366.67
2872 358.00
2873 478.67
2874 360.00
2875 444.00
2876 330.67
2877 304.00
2878 212.67
2879 456.67
2880 402.00
2881 310.00
2882 324.00
2883 357.33
2884 326.67
2885 408.67
2886 251.33
2887 253.33
2888 365.33
2889 319.33
2890 226.67
2891 435.33
2892 345.33
2893 370.67
2894 339.33
2895 385.33
2896 347.33
2897 403.33
2898 250.67
2899 284.67
2900 425.33
2901 480.00
2902 328.67
2903 291.33
2904 380.67
2905 422.67
2906 425.33
2907 329.33
2908 409.33
2909 439.33
2910 374.00
2911 236.00
2912 487.33
2913 376.00
2914 222.00
2915 339.33
2916 220.67
2917 238.00
2918 381.33
2919 292.67
2920 364.67
2921 278.00
2922 292.00
2923 342.00
2924 291.33
2925 430.67
2926 358.67
2927 356.67
2928 338.67
2929 498.67
2930 468.67
2931 404.00
2932 422.00
2933 329.33
2934 480.00
2935 362.00
2936 331.33
2937 239.33
2938 237.33
2939 323.33
2940 315.33
2941 371.33
2942 270.00
2943 383.33
2944 235.33
2945 448.67
2946 302.67
2947 251.33
2948 463.33
2949 336.67
2950 379.33
2951 328.67
2952 349.33
2953 264.00
2954 264.67
2955 399.33
2956 406.00
2957 380.00
2958 262.67
2959 344.67
2960 352.00
2961 320.67
2962 324.00
2963 313.33
2964 382.00
2965 405.33
2966 333.33
2967 334.67
2968 357.33
2969 374.00
2970 407.33
2971 480.00
2972 378.00
2973 356.00
2974 378.00
2975 370.00
2976 234.00
2977 440.00
2978 387.33
2979 499.33
2980 484.67
2981 479.33
2982 352.00
2983 344.00
2984 460.00
2985 412.67
2986 254.67
2987 278.67
2988 337.33
2989 368.67
2990 336.00
2991 358.00
2992 424.00
2993 254.67
2994 415.33
2995 280.00
2996 272.00
2997 311.33
2998 306.67
2999 465.33
