0 140.00
1 240.00
2 200.00
3 160.00
4 240.00
5 0.00
6 200.00
7 220.00
8 220.00
9 260.00
10 220.00
11 220.00
12 240.00
13 160.00
14 300.00
15 220.00
16 180.00
17 240.00
18 140.00
19 200.00
20 500.00
21 240.00
22 240.00
23 220.00
24 420.00
25 400.00
26 200.00
27 200.00
28 120.00
29 240.00
30 240.00
31 260.00
32 280.00
33 220.00
34 220.00
35 120.00
36 40.00
37 220.00
38 400.00
39 220.00
40 0.00
41 340.00
42 300.00
43 220.00
44 240.00
45 160.00
46 240.00
47 280.00
48 340.00
49 220.00
50 240.00
51 180.00
52 220.00
53 460.00
54 180.00
55 200.00
56 240.00
57 260.00
58 480.00
59 240.00
60 240.00
61 240.00
62 160.00
63 260.00
64 220.00
65 220.00
66 240.00
67 240.00
68 180.00
69 160.00
70 220.00
71 140.00
72 420.00
73 260.00
74 460.00
75 240.00
76 280.00
77 240.00
78 240.00
79 180.00
80 240.00
81 240.00
82 160.00
83 220.00
84 220.00
85 240.00
86 220.00
87 240.00
88 480.00
89 240.00
90 240.00
91 220.00
92 120.00
93 320.00
94 200.00
95 180.00
96 220.00
97 220.00
98 320.00
99 240.00
100 220.00
101 420.00
102 220.00
103 460.00
104 180.00
105 300.00
106 200.00
107 220.00
108 300.00
109 220.00
110 180.00
111 240.00
112 220.00
113 220.00
114 220.00
115 240.00
116 220.00
117 120.00
118 480.00
119 200.00
120 180.00
121 140.00
122 240.00
123 180.00
124 240.00
125 180.00
126 440.00
127 220.00
128 480.00
129 200.00
130 440.00
131 300.00
132 380.00
133 200.00
134 280.00
135 240.00
136 380.00
137 240.00
138 260.00
139 180.00
140 180.00
141 220.00
142 160.00
143 180.00
144 240.00
145 420.00
146 240.00
147 440.00
148 240.00
149 220.00
150 220.00
151 140.00
152 180.00
153 200.00
154 200.00
155 240.00
156 500.00
157 240.00
158 200.00
159 220.00
160 240.00
161 220.00
162 240.00
163 440.00
164 200.00
165 260.00
166 220.00
167 200.00
168 220.00
169 200.00
170 220.00
171 140.00
172 200.00
173 240.00
174 220.00
175 200.00
176 240.00
177 240.00
178 140.00
179 460.00
180 260.00
181 180.00
182 240.00
183 220.00
184 440.00
185 200.00
186 240.00
187 280.00
188 280.00
189 360.00
190 320.00
191 240.00
192 240.00
193 380.00
194 220.00
195 360.00
196 240.00
197 240.00
198 180.00
199 200.00
200 240.00
201 420.00
202 240.00
203 220.00
204 220.00
205 320.00
206 200.00
207 140.00
208 240.00
209 200.00
210 180.00
211 180.00
212 240.00
213 240.00
214 220.00
215 240.00
216 200.00
217 300.00
218 160.00
219 220.00
220 200.00
221 480.00
222 240.00
223 240.00
224 200.00
225 380.00
226 160.00
227 380.00
228 220.00
229 360.00
230 240.00
231 420.00
232 160.00
233 220.00
234 220.00
235 160.00
236 420.00
237 180.00
238 440.00
239 360.00
240 240.00
241 240.00
242 120.00
243 300.00
244 380.00
245 340.00
246 220.00
247 240.00
248 180.00
249 260.00
250 240.00
251 180.00
252 180.00
253 240.00
254 220.00
255 440.00
256 340.00
257 240.00
258 260.00
259 240.00
260 220.00
261 360.00
262 200.00
263 200.00
264 320.00
265 200.00
266 240.00
267 120.00
268 240.00
269 240.00
270 460.00
271 180.00
272 240.00
273 380.00
274 180.00
275 440.00
276 220.00
277 220.00
278 240.00
279 400.00
280 440.00
281 240.00
282 400.00
283 180.00
284 440.00
285 200.00
286 200.00
287 440.00
288 240.00
289 240.00
290 240.00
291 100.00
292 160.00
293 200.00
294 440.00
295 220.00
296 460.00
297 280.00
298 140.00
299 460.00
300 480.00
301 320.00
302 160.00
303 220.00
304 180.00
305 220.00
306 240.00
307 160.00
308 180.00
309 220.00
310 240.00
311 360.00
312 240.00
313 220.00
314 240.00
315 340.00
316 180.00
317 240.00
318 220.00
319 240.00
320 300.00
321 220.00
322 220.00
323 280.00
324 60.00
325 320.00
326 320.00
327 120.00
328 360.00
329 220.00
330 220.00
331 280.00
332 220.00
333 120.00
334 340.00
335 240.00
336 240.00
337 260.00
338 340.00
339 240.00
340 380.00
341 320.00
342 200.00
343 380.00
344 260.00
345 120.00
346 140.00
347 220.00
348 220.00
349 320.00
350 220.00
351 340.00
352 200.00
353 300.00
354 120.00
355 180.00
356 380.00
357 320.00
358 240.00
359 120.00
360 280.00
361 220.00
362 200.00
363 240.00
364 240.00
365 80.00
366 160.00
367 180.00
368 400.00
369 220.00
370 180.00
371 220.00
372 340.00
373 340.00
374 240.00
375 240.00
376 180.00
377 180.00
378 180.00
379 400.00
380 160.00
381 200.00
382 340.00
383 120.00
384 200.00
385 160.00
386 240.00
387 60.00
388 160.00
389 240.00
390 100.00
391 180.00
392 260.00
393 280.00
394 200.00
395 400.00
396 180.00
397 420.00
398 220.00
399 300.00
400 200.00
401 240.00
402 240.00
403 220.00
404 180.00
405 80.00
406 240.00
407 240.00
408 340.00
409 160.00
410 160.00
411 240.00
412 220.00
413 240.00
414 180.00
415 240.00
416 240.00
417 360.00
418 160.00
419 220.00
420 240.00
421 240.00
422 200.00
423 240.00
424 220.00
425 200.00
426 200.00
427 200.00
428 160.00
429 180.00
430 100.00
431 220.00
432 240.00
433 380.00
434 240.00
435 260.00
436 220.00
437 200.00
438 240.00
439 140.00
440 260.00
441 340.00
442 140.00
443 160.00
444 200.00
445 200.00
446 200.00
447 300.00
448 120.00
449 240.00
450 340.00
451 220.00
452 200.00
453 240.00
454 220.00
455 200.00
456 240.00
457 180.00
458 240.00
459 220.00
460 200.00
461 180.00
462 400.00
463 200.00
464 380.00
465 360.00
466 360.00
467 240.00
468 240.00
469 160.00
470 240.00
471 240.00
472 240.00
473 240.00
474 220.00
475 220.00
476 140.00
477 220.00
478 140.00
479 240.00
480 140.00
481 160.00
482 240.00
483 100.00
484 240.00
485 240.00
486 180.00
487 340.00
488 160.00
489 400.00
490 180.00
491 240.00
492 360.00
493 140.00
494 160.00
495 240.00
496 140.00
497 240.00
498 240.00
499 80.00
500 340.00
501 140.00
502 160.00
503 180.00
504 220.00
505 200.00
506 160.00
507 140.00
508 160.00
509 220.00
510 180.00
511 240.00
512 420.00
513 180.00
514 180.00
515 300.00
516 160.00
517 160.00
518 240.00
519 240.00
520 220.00
521 260.00
522 180.00
523 240.00
524 320.00
525 140.00
526 240.00
527 220.00
528 180.00
529 160.00
530 240.00
531 160.00
532 400.00
533 220.00
534 240.00
535 220.00
536 240.00
537 220.00
538 260.00
539 220.00
540 200.00
541 440.00
542 200.00
543 140.00
544 160.00
545 220.00
546 240.00
547 340.00
548 240.00
549 160.00
550 220.00
551 240.00
552 220.00
553 240.00
554 180.00
555 240.00
556 100.00
557 200.00
558 140.00
559 220.00
560 200.00
561 240.00
562 240.00
563 220.00
564 240.00
565 240.00
566 420.00
567 220.00
568 260.00
569 460.00
570 380.00
571 220.00
572 200.00
573 200.00
574 240.00
575 240.00
576 400.00
577 240.00
578 120.00
579 220.00
580 180.00
581 240.00
582 220.00
583 140.00
584 140.00
585 400.00
586 220.00
587 120.00
588 240.00
589 240.00
590 180.00
591 140.00
592 400.00
593 240.00
594 220.00
595 240.00
596 380.00
597 240.00
598 240.00
599 340.00
600 240.00
601 240.00
602 180.00
603 400.00
604 360.00
605 240.00
606 240.00
607 220.00
608 120.00
609 200.00
610 240.00
611 220.00
612 220.00
613 220.00
614 300.00
615 140.00
616 220.00
617 200.00
618 220.00
619 120.00
620 240.00
621 200.00
622 180.00
623 340.00
624 220.00
625 180.00
626 240.00
627 200.00
628 360.00
629 180.00
630 180.00
631 140.00
632 160.00
633 360.00
634 180.00
635 160.00
636 180.00
637 200.00
638 200.00
639 320.00
640 240.00
641 280.00
642 160.00
643 160.00
644 300.00
645 420.00
646 160.00
647 100.00
648 220.00
649 260.00
650 240.00
651 120.00
652 340.00
653 200.00
654 320.00
655 300.00
656 220.00
657 260.00
658 80.00
659 240.00
660 200.00
661 300.00
662 400.00
663 140.00
664 240.00
665 200.00
666 240.00
667 240.00
668 220.00
669 320.00
670 340.00
671 240.00
672 140.00
673 380.00
674 200.00
675 200.00
676 180.00
677 220.00
678 380.00
679 220.00
680 400.00
681 400.00
682 240.00
683 360.00
684 240.00
685 300.00
686 220.00
687 220.00
688 200.00
689 240.00
690 120.00
691 280.00
692 300.00
693 200.00
694 220.00
695 300.00
696 200.00
697 240.00
698 120.00
699 260.00
700 240.00
701 260.00
702 220.00
703 200.00
704 220.00
705 300.00
706 360.00
707 220.00
708 200.00
709 220.00
710 400.00
711 220.00
712 180.00
713 240.00
714 280.00
715 220.00
716 200.00
717 340.00
718 280.00
719 220.00
720 180.00
721 260.00
722 220.00
723 340.00
724 340.00
725 360.00
726 320.00
727 220.00
728 120.00
729 100.00
730 200.00
731 200.00
732 220.00
733 200.00
734 200.00
735 220.00
736 220.00
737 200.00
738 220.00
739 380.00
740 420.00
741 180.00
742 200.00
743 260.00
744 220.00
745 240.00
746 220.00
747 240.00
748 180.00
749 280.00
750 400.00
751 220.00
752 220.00
753 440.00
754 240.00
755 240.00
756 300.00
757 200.00
758 260.00
759 220.00
760 280.00
761 220.00
762 280.00
763 180.00
764 300.00
765 160.00
766 120.00
767 180.00
768 300.00
769 280.00
770 200.00
771 140.00
772 180.00
773 260.00
774 160.00
775 200.00
776 360.00
777 340.00
778 320.00
779 320.00
780 260.00
781 180.00
782 260.00
783 300.00
784 420.00
785 200.00
786 180.00
787 200.00
788 320.00
789 260.00
790 320.00
791 420.00
792 220.00
793 300.00
794 360.00
795 380.00
796 400.00
797 360.00
798 200.00
799 80.00
800 400.00
801 180.00
802 260.00
803 220.00
804 220.00
805 140.00
806 220.00
807 140.00
808 200.00
809 200.00
810 280.00
811 280.00
812 440.00
813 180.00
814 380.00
815 400.00
816 200.00
817 200.00
818 380.00
819 260.00
820 220.00
821 280.00
822 380.00
823 180.00
824 220.00
825 220.00
826 200.00
827 260.00
828 220.00
829 380.00
830 220.00
831 160.00
832 180.00
833 340.00
834 180.00
835 200.00
836 240.00
837 320.00
838 80.00
839 220.00
840 240.00
841 180.00
842 160.00
843 400.00
844 440.00
845 240.00
846 180.00
847 200.00
848 220.00
849 280.00
850 200.00
851 220.00
852 160.00
853 340.00
854 400.00
855 200.00
856 240.00
857 360.00
858 340.00
859 380.00
860 180.00
861 340.00
862 200.00
863 140.00
864 240.00
865 360.00
866 240.00
867 280.00
868 340.00
869 200.00
870 240.00
871 100.00
872 240.00
873 240.00
874 120.00
875 160.00
876 200.00
877 440.00
878 260.00
879 200.00
880 420.00
881 240.00
882 320.00
883 380.00
884 220.00
885 240.00
886 160.00
887 220.00
888 440.00
889 220.00
890 40.00
891 220.00
892 180.00
893 260.00
894 180.00
895 360.00
896 460.00
897 160.00
898 160.00
899 340.00
900 60.00
901 220.00
902 220.00
903 100.00
904 360.00
905 200.00
906 340.00
907 360.00
908 380.00
909 240.00
910 300.00
911 240.00
912 420.00
913 300.00
914 180.00
915 380.00
916 240.00
917 400.00
918 220.00
919 360.00
920 360.00
921 480.00
922 320.00
923 200.00
924 240.00
925 200.00
926 180.00
927 220.00
928 240.00
929 220.00
930 60.00
931 420.00
932 420.00
933 280.00
934 240.00
935 220.00
936 280.00
937 380.00
938 220.00
939 200.00
940 380.00
941 220.00
942 200.00
943 380.00
944 140.00
945 360.00
946 280.00
947 120.00
948 220.00
949 120.00
950 340.00
951 140.00
952 400.00
953 200.00
954 380.00
955 160.00
956 340.00
957 260.00
958 340.00
959 280.00
960 260.00
961 360.00
962 400.00
963 320.00
964 240.00
965 320.00
966 220.00
967 340.00
968 220.00
969 180.00
970 360.00
971 360.00
972 380.00
973 240.00
974 280.00
975 380.00
976 180.00
977 260.00
978 100.00
979 260.00
980 300.00
981 200.00
982 280.00
983 20.00
984 200.00
985 300.00
986 260.00
987 160.00
988 100.00
989 140.00
990 380.00
991 420.00
992 160.00
993 300.00
994 460.00
995 80.00
996 120.00
997 300.00
998 200.00
999 340.00
1000 360.00
1001 160.00
1002 240.00
1003 240.00
1004 340.00
1005 300.00
1006 340.00
1007 160.00
1008 220.00
1009 300.00
1010 320.00
1011 220.00
1012 220.00
1013 280.00
1014 300.00
1015 320.00
1016 320.00
1017 180.00
1018 180.00
1019 120.00
1020 400.00
1021 180.00
1022 240.00
1023 160.00
1024 340.00
1025 140.00
1026 240.00
1027 280.00
1028 380.00
1029 240.00
1030 180.00
1031 220.00
1032 140.00
1033 280.00
1034 300.00
1035 300.00
1036 300.00
1037 260.00
1038 380.00
1039 200.00
1040 180.00
1041 240.00
1042 300.00
1043 240.00
1044 120.00
1045 280.00
1046 240.00
1047 160.00
1048 240.00
1049 440.00
1050 360.00
1051 220.00
1052 280.00
1053 400.00
1054 180.00
1055 100.00
1056 340.00
1057 200.00
1058 420.00
1059 220.00
1060 240.00
1061 140.00
1062 220.00
1063 200.00
1064 200.00
1065 340.00
1066 340.00
1067 280.00
1068 360.00
1069 280.00
1070 320.00
1071 340.00
1072 420.00
1073 340.00
1074 140.00
1075 180.00
1076 220.00
1077 200.00
1078 360.00
1079 300.00
1080 320.00
1081 320.00
1082 340.00
1083 340.00
1084 380.00
1085 280.00
1086 300.00
1087 220.00
1088 180.00
1089 360.00
1090 220.00
1091 320.00
1092 300.00
1093 180.00
1094 300.00
1095 400.00
1096 320.00
1097 260.00
1098 280.00
1099 200.00
1100 220.00
1101 300.00
1102 240.00
1103 360.00
1104 260.00
1105 340.00
1106 200.00
1107 240.00
1108 340.00
1109 320.00
1110 240.00
1111 300.00
1112 180.00
1113 320.00
1114 280.00
1115 260.00
1116 360.00
1117 200.00
1118 380.00
1119 220.00
1120 300.00
1121 360.00
1122 320.00
1123 300.00
1124 240.00
1125 360.00
1126 180.00
1127 260.00
1128 140.00
1129 280.00
1130 340.00
1131 200.00
1132 220.00
1133 320.00
1134 260.00
1135 340.00
1136 320.00
1137 340.00
1138 240.00
1139 220.00
1140 240.00
1141 220.00
1142 320.00
1143 200.00
1144 280.00
1145 160.00
1146 260.00
1147 280.00
1148 260.00
1149 180.00
1150 300.00
1151 220.00
1152 240.00
1153 320.00
1154 300.00
1155 360.00
1156 420.00
1157 220.00
1158 340.00
1159 340.00
1160 240.00
1161 340.00
1162 380.00
1163 360.00
1164 300.00
1165 280.00
1166 240.00
1167 240.00
1168 200.00
1169 300.00
1170 280.00
1171 260.00
1172 160.00
1173 320.00
1174 260.00
1175 240.00
1176 260.00
1177 340.00
1178 340.00
1179 280.00
1180 360.00
1181 240.00
1182 100.00
1183 80.00
1184 360.00
1185 340.00
1186 240.00
1187 360.00
1188 380.00
1189 280.00
1190 360.00
1191 220.00
1192 120.00
1193 320.00
1194 260.00
1195 260.00
1196 300.00
1197 340.00
1198 480.00
1199 420.00
1200 140.00
1201 80.00
1202 320.00
1203 260.00
1204 400.00
1205 200.00
1206 420.00
1207 240.00
1208 140.00
1209 240.00
1210 380.00
1211 140.00
1212 340.00
1213 380.00
1214 320.00
1215 300.00
1216 420.00
1217 400.00
1218 240.00
1219 360.00
1220 340.00
1221 360.00
1222 260.00
1223 220.00
1224 440.00
1225 280.00
1226 260.00
1227 380.00
1228 220.00
1229 220.00
1230 200.00
1231 400.00
1232 240.00
1233 400.00
1234 240.00
1235 200.00
1236 120.00
1237 380.00
1238 320.00
1239 280.00
1240 420.00
1241 480.00
1242 180.00
1243 340.00
1244 200.00
1245 220.00
1246 180.00
1247 320.00
1248 400.00
1249 140.00
1250 260.00
1251 300.00
1252 80.00
1253 240.00
1254 320.00
1255 340.00
1256 220.00
1257 300.00
1258 380.00
1259 240.00
1260 360.00
1261 280.00
1262 300.00
1263 420.00
1264 240.00
1265 320.00
1266 320.00
1267 240.00
1268 320.00
1269 240.00
1270 260.00
1271 280.00
1272 160.00
1273 400.00
1274 300.00
1275 200.00
1276 420.00
1277 120.00
1278 320.00
1279 140.00
1280 340.00
1281 420.00
1282 180.00
1283 380.00
1284 220.00
1285 460.00
1286 180.00
1287 340.00
1288 240.00
1289 260.00
1290 220.00
1291 300.00
1292 160.00
1293 60.00
1294 260.00
1295 260.00
1296 100.00
1297 200.00
1298 280.00
1299 240.00
1300 160.00
1301 380.00
1302 240.00
1303 280.00
1304 200.00
1305 200.00
1306 420.00
1307 420.00
1308 220.00
1309 340.00
1310 320.00
1311 180.00
1312 120.00
1313 220.00
1314 380.00
1315 220.00
1316 280.00
1317 340.00
1318 240.00
1319 380.00
1320 240.00
1321 160.00
1322 280.00
1323 400.00
1324 220.00
1325 320.00
1326 360.00
1327 180.00
1328 260.00
1329 340.00
1330 200.00
1331 260.00
1332 280.00
1333 300.00
1334 40.00
1335 340.00
1336 300.00
1337 360.00
1338 380.00
1339 240.00
1340 320.00
1341 280.00
1342 260.00
1343 360.00
1344 400.00
1345 380.00
1346 320.00
1347 440.00
1348 360.00
1349 200.00
1350 360.00
1351 320.00
1352 280.00
1353 360.00
1354 340.00
1355 300.00
1356 300.00
1357 300.00
1358 220.00
1359 280.00
1360 340.00
1361 360.00
1362 360.00
1363 360.00
1364 360.00
1365 220.00
1366 340.00
1367 360.00
1368 440.00
1369 380.00
1370 240.00
1371 120.00
1372 280.00
1373 260.00
1374 420.00
1375 140.00
1376 160.00
1377 380.00
1378 220.00
1379 120.00
1380 420.00
1381 320.00
1382 360.00
1383 360.00
1384 420.00
1385 340.00
1386 200.00
1387 200.00
1388 280.00
1389 220.00
1390 360.00
1391 400.00
1392 420.00
1393 300.00
1394 380.00
1395 340.00
1396 340.00
1397 320.00
1398 400.00
1399 420.00
1400 320.00
1401 260.00
1402 380.00
1403 160.00
1404 380.00
1405 380.00
1406 360.00
1407 240.00
1408 200.00
1409 180.00
1410 320.00
1411 140.00
1412 160.00
1413 260.00
1414 420.00
1415 260.00
1416 260.00
1417 380.00
1418 400.00
1419 240.00
1420 400.00
1421 440.00
1422 240.00
1423 400.00
1424 460.00
1425 340.00
1426 340.00
1427 380.00
1428 380.00
1429 300.00
1430 380.00
1431 300.00
1432 360.00
1433 380.00
1434 240.00
1435 360.00
1436 340.00
1437 300.00
1438 380.00
1439 320.00
1440 160.00
1441 340.00
1442 340.00
1443 340.00
1444 360.00
1445 400.00
1446 380.00
1447 340.00
1448 200.00
1449 260.00
1450 360.00
1451 340.00
1452 220.00
1453 260.00
1454 400.00
1455 220.00
1456 420.00
1457 180.00
1458 420.00
1459 280.00
1460 280.00
1461 240.00
1462 180.00
1463 220.00
1464 220.00
1465 220.00
1466 320.00
1467 360.00
1468 280.00
1469 200.00
1470 400.00
1471 180.00
1472 180.00
1473 160.00
1474 380.00
1475 280.00
1476 280.00
1477 220.00
1478 380.00
1479 380.00
1480 440.00
1481 240.00
1482 280.00
1483 200.00
1484 180.00
1485 280.00
1486 200.00
1487 360.00
1488 180.00
1489 340.00
1490 300.00
1491 380.00
1492 200.00
1493 380.00
1494 260.00
1495 280.00
1496 140.00
1497 180.00
1498 160.00
1499 420.00
1500 220.00
1501 300.00
1502 180.00
1503 380.00
1504 220.00
1505 320.00
1506 280.00
1507 140.00
1508 280.00
1509 200.00
1510 180.00
1511 440.00
1512 360.00
1513 340.00
1514 280.00
1515 400.00
1516 360.00
1517 240.00
1518 420.00
1519 220.00
1520 360.00
1521 380.00
1522 240.00
1523 260.00
1524 260.00
1525 400.00
1526 240.00
1527 380.00
1528 160.00
1529 420.00
1530 340.00
1531 220.00
1532 200.00
1533 320.00
1534 260.00
1535 100.00
1536 260.00
1537 320.00
1538 260.00
1539 260.00
1540 320.00
1541 280.00
1542 320.00
1543 400.00
1544 340.00
1545 440.00
1546 220.00
1547 400.00
1548 400.00
1549 440.00
1550 400.00
1551 240.00
1552 360.00
1553 440.00
1554 360.00
1555 200.00
1556 280.00
1557 380.00
1558 380.00
1559 380.00
1560 240.00
1561 320.00
1562 240.00
1563 340.00
1564 300.00
1565 420.00
1566 300.00
1567 240.00
1568 260.00
1569 340.00
1570 380.00
1571 400.00
1572 220.00
1573 400.00
1574 420.00
1575 420.00
1576 220.00
1577 260.00
1578 240.00
1579 220.00
1580 380.00
1581 400.00
1582 380.00
1583 420.00
1584 440.00
1585 220.00
1586 400.00
1587 300.00
1588 420.00
1589 360.00
1590 160.00
1591 200.00
1592 260.00
1593 340.00
1594 260.00
1595 280.00
1596 260.00
1597 440.00
1598 300.00
1599 380.00
1600 400.00
1601 240.00
1602 400.00
1603 200.00
1604 220.00
1605 280.00
1606 240.00
1607 500.00
1608 380.00
1609 220.00
1610 220.00
1611 100.00
1612 340.00
1613 260.00
1614 260.00
1615 440.00
1616 140.00
1617 220.00
1618 480.00
1619 440.00
1620 380.00
1621 220.00
1622 420.00
1623 340.00
1624 260.00
1625 480.00
1626 380.00
1627 240.00
1628 300.00
1629 440.00
1630 280.00
1631 220.00
1632 360.00
1633 360.00
1634 260.00
1635 320.00
1636 360.00
1637 360.00
1638 380.00
1639 260.00
1640 360.00
1641 480.00
1642 240.00
1643 420.00
1644 220.00
1645 380.00
1646 340.00
1647 440.00
1648 260.00
1649 200.00
1650 460.00
1651 460.00
1652 360.00
1653 460.00
1654 300.00
1655 220.00
1656 360.00
1657 360.00
1658 400.00
1659 360.00
1660 340.00
1661 220.00
1662 440.00
1663 260.00
1664 320.00
1665 380.00
1666 220.00
1667 420.00
1668 340.00
1669 300.00
1670 360.00
1671 240.00
1672 220.00
1673 320.00
1674 360.00
1675 420.00
1676 220.00
1677 380.00
1678 300.00
1679 440.00
1680 240.00
1681 320.00
1682 400.00
1683 340.00
1684 420.00
1685 220.00
1686 420.00
1687 360.00
1688 400.00
1689 380.00
1690 400.00
1691 420.00
1692 240.00
1693 420.00
1694 260.00
1695 240.00
1696 300.00
1697 320.00
1698 180.00
1699 320.00
1700 320.00
1701 300.00
1702 340.00
1703 260.00
1704 340.00
1705 260.00
1706 360.00
1707 220.00
1708 340.00
1709 260.00
1710 140.00
1711 300.00
1712 240.00
1713 360.00
1714 400.00
1715 340.00
1716 340.00
1717 260.00
1718 380.00
1719 400.00
1720 380.00
1721 340.00
1722 320.00
1723 340.00
1724 380.00
1725 240.00
1726 320.00
1727 180.00
1728 380.00
1729 180.00
1730 280.00
1731 280.00
1732 380.00
1733 160.00
1734 300.00
1735 240.00
1736 220.00
1737 240.00
1738 160.00
1739 240.00
1740 480.00
1741 180.00
1742 400.00
1743 300.00
1744 160.00
1745 220.00
1746 320.00
1747 200.00
1748 380.00
1749 320.00
1750 360.00
1751 200.00
1752 240.00
1753 280.00
1754 360.00
1755 220.00
1756 320.00
1757 400.00
1758 420.00
1759 200.00
1760 340.00
1761 400.00
1762 220.00
1763 420.00
1764 360.00
1765 240.00
1766 240.00
1767 200.00
1768 380.00
1769 480.00
1770 300.00
1771 240.00
1772 360.00
1773 400.00
1774 320.00
1775 380.00
1776 320.00
1777 420.00
1778 280.00
1779 320.00
1780 240.00
1781 260.00
1782 260.00
1783 320.00
1784 380.00
1785 240.00
1786 420.00
1787 340.00
1788 440.00
1789 400.00
1790 300.00
1791 400.00
1792 440.00
1793 360.00
1794 460.00
1795 400.00
1796 360.00
1797 240.00
1798 420.00
1799 320.00
1800 360.00
1801 220.00
1802 400.00
1803 360.00
1804 420.00
1805 420.00
1806 420.00
1807 240.00
1808 420.00
1809 320.00
1810 320.00
1811 320.00
1812 380.00
1813 260.00
1814 300.00
1815 260.00
1816 240.00
1817 360.00
1818 400.00
1819 340.00
1820 340.00
1821 440.00
1822 320.00
1823 400.00
1824 420.00
1825 340.00
1826 260.00
1827 240.00
1828 380.00
1829 240.00
1830 380.00
1831 380.00
1832 380.00
1833 340.00
1834 260.00
1835 320.00
1836 340.00
1837 440.00
1838 220.00
1839 400.00
1840 440.00
1841 360.00
1842 340.00
1843 380.00
1844 260.00
1845 300.00
1846 240.00
1847 240.00
1848 320.00
1849 380.00
1850 440.00
1851 340.00
1852 440.00
1853 420.00
1854 280.00
1855 420.00
1856 440.00
1857 400.00
1858 500.00
1859 240.00
1860 240.00
1861 420.00
1862 240.00
1863 300.00
1864 220.00
1865 440.00
1866 300.00
1867 180.00
1868 420.00
1869 480.00
1870 340.00
1871 380.00
1872 440.00
1873 460.00
1874 220.00
1875 220.00
1876 240.00
1877 360.00
1878 440.00
1879 240.00
1880 400.00
1881 220.00
1882 420.00
1883 280.00
1884 340.00
1885 200.00
1886 340.00
1887 300.00
1888 400.00
1889 380.00
1890 340.00
1891 340.00
1892 400.00
1893 220.00
1894 360.00
1895 340.00
1896 400.00
1897 440.00
1898 420.00
1899 360.00
1900 420.00
1901 380.00
1902 360.00
1903 240.00
1904 180.00
1905 260.00
1906 300.00
1907 220.00
1908 380.00
1909 200.00
1910 460.00
1911 480.00
1912 300.00
1913 400.00
1914 380.00
1915 300.00
1916 300.00
1917 320.00
1918 420.00
1919 220.00
1920 240.00
1921 340.00
1922 380.00
1923 320.00
1924 240.00
1925 400.00
1926 260.00
1927 340.00
1928 420.00
1929 420.00
1930 220.00
1931 400.00
1932 380.00
1933 360.00
1934 480.00
1935 260.00
1936 480.00
1937 440.00
1938 300.00
1939 320.00
1940 260.00
1941 360.00
1942 420.00
1943 220.00
1944 320.00
1945 260.00
1946 380.00
1947 360.00
1948 240.00
1949 140.00
1950 460.00
1951 440.00
1952 360.00
1953 320.00
1954 200.00
1955 360.00
1956 360.00
1957 340.00
1958 160.00
1959 460.00
1960 260.00
1961 220.00
1962 260.00
1963 220.00
1964 380.00
1965 360.00
1966 320.00
1967 360.00
1968 400.00
1969 380.00
1970 200.00
1971 200.00
1972 380.00
1973 440.00
1974 180.00
1975 320.00
1976 420.00
1977 380.00
1978 260.00
1979 180.00
1980 480.00
1981 400.00
1982 200.00
1983 340.00
1984 420.00
1985 380.00
1986 420.00
1987 400.00
1988 420.00
1989 380.00
1990 380.00
1991 360.00
1992 460.00
1993 360.00
1994 300.00
1995 420.00
1996 320.00
1997 380.00
1998 220.00
1999 440.00
2000 320.00
2001 480.00
2002 340.00
2003 400.00
2004 420.00
2005 380.00
2006 300.00
2007 420.00
2008 220.00
2009 240.00
2010 440.00
2011 420.00
2012 380.00
2013 320.00
2014 460.00
2015 260.00
2016 340.00
2017 260.00
2018 320.00
2019 400.00
2020 360.00
2021 340.00
2022 400.00
2023 320.00
2024 380.00
2025 360.00
2026 380.00
2027 160.00
2028 260.00
2029 340.00
2030 240.00
2031 380.00
2032 220.00
2033 440.00
2034 200.00
2035 200.00
2036 240.00
2037 320.00
2038 340.00
2039 240.00
2040 320.00
2041 320.00
2042 380.00
2043 440.00
2044 400.00
2045 420.00
2046 500.00
2047 300.00
2048 280.00
2049 460.00
2050 280.00
2051 340.00
2052 460.00
2053 280.00
2054 460.00
2055 380.00
2056 240.00
2057 240.00
2058 240.00
2059 360.00
2060 380.00
2061 360.00
2062 380.00
2063 400.00
2064 360.00
2065 280.00
2066 360.00
2067 240.00
2068 400.00
2069 460.00
2070 400.00
2071 460.00
2072 400.00
2073 280.00
2074 480.00
2075 320.00
2076 260.00
2077 280.00
2078 320.00
2079 300.00
2080 340.00
2081 220.00
2082 300.00
2083 200.00
2084 220.00
2085 240.00
2086 220.00
2087 260.00
2088 460.00
2089 460.00
2090 440.00
2091 260.00
2092 380.00
2093 280.00
2094 360.00
2095 140.00
2096 360.00
2097 240.00
2098 360.00
2099 340.00
2100 340.00
2101 420.00
2102 380.00
2103 340.00
2104 440.00
2105 220.00
2106 320.00
2107 400.00
2108 260.00
2109 260.00
2110 300.00
2111 480.00
2112 440.00
2113 460.00
2114 380.00
2115 140.00
2116 240.00
2117 280.00
2118 380.00
2119 340.00
2120 480.00
2121 360.00
2122 280.00
2123 420.00
2124 200.00
2125 360.00
2126 100.00
2127 340.00
2128 260.00
2129 340.00
2130 400.00
2131 340.00
2132 340.00
2133 240.00
2134 400.00
2135 400.00
2136 140.00
2137 440.00
2138 440.00
2139 400.00
2140 260.00
2141 360.00
2142 340.00
2143 340.00
2144 260.00
2145 340.00
2146 360.00
2147 460.00
2148 480.00
2149 340.00
2150 440.00
2151 340.00
2152 360.00
2153 420.00
2154 340.00
2155 380.00
2156 240.00
2157 240.00
2158 480.00
2159 240.00
2160 280.00
2161 420.00
2162 200.00
2163 420.00
2164 380.00
2165 320.00
2166 420.00
2167 420.00
2168 400.00
2169 500.00
2170 400.00
2171 460.00
2172 240.00
2173 440.00
2174 500.00
2175 380.00
2176 220.00
2177 420.00
2178 200.00
2179 440.00
2180 280.00
2181 260.00
2182 360.00
2183 360.00
2184 240.00
2185 440.00
2186 380.00
2187 240.00
2188 420.00
2189 400.00
2190 380.00
2191 380.00
2192 380.00
2193 360.00
2194 380.00
2195 400.00
2196 400.00
2197 380.00
2198 480.00
2199 240.00
2200 460.00
2201 420.00
2202 440.00
2203 300.00
2204 240.00
2205 340.00
2206 260.00
2207 320.00
2208 300.00
2209 440.00
2210 320.00
2211 260.00
2212 300.00
2213 380.00
2214 240.00
2215 220.00
2216 460.00
2217 400.00
2218 380.00
2219 320.00
2220 460.00
2221 380.00
2222 480.00
2223 360.00
2224 280.00
2225 320.00
2226 400.00
2227 380.00
2228 420.00
2229 220.00
2230 440.00
2231 340.00
2232 180.00
2233 220.00
2234 440.00
2235 320.00
2236 360.00
2237 500.00
2238 240.00
2239 280.00
2240 400.00
2241 420.00
2242 320.00
2243 500.00
2244 260.00
2245 420.00
2246 380.00
2247 400.00
2248 420.00
2249 240.00
2250 500.00
2251 280.00
2252 300.00
2253 360.00
2254 400.00
2255 440.00
2256 280.00
2257 400.00
2258 200.00
2259 340.00
2260 340.00
2261 360.00
2262 420.00
2263 220.00
2264 320.00
2265 280.00
2266 380.00
2267 460.00
2268 380.00
2269 380.00
2270 260.00
2271 320.00
2272 300.00
2273 480.00
2274 280.00
2275 260.00
2276 420.00
2277 380.00
2278 360.00
2279 420.00
2280 300.00
2281 420.00
2282 260.00
2283 280.00
2284 300.00
2285 440.00
2286 420.00
2287 200.00
2288 380.00
2289 380.00
2290 240.00
2291 280.00
2292 200.00
2293 380.00
2294 400.00
2295 380.00
2296 380.00
2297 240.00
2298 320.00
2299 420.00
2300 320.00
2301 180.00
2302 440.00
2303 260.00
2304 380.00
2305 360.00
2306 240.00
2307 440.00
2308 420.00
2309 400.00
2310 220.00
2311 200.00
2312 300.00
2313 220.00
2314 440.00
2315 360.00
2316 380.00
2317 200.00
2318 400.00
2319 340.00
2320 320.00
2321 180.00
2322 400.00
2323 240.00
2324 200.00
2325 200.00
2326 480.00
2327 200.00
2328 380.00
2329 340.00
2330 440.00
2331 340.00
2332 280.00
2333 320.00
2334 320.00
2335 380.00
2336 200.00
2337 340.00
2338 340.00
2339 240.00
2340 340.00
2341 340.00
2342 300.00
2343 280.00
2344 360.00
2345 360.00
2346 460.00
2347 200.00
2348 400.00
2349 260.00
2350 400.00
2351 320.00
2352 220.00
2353 400.00
2354 340.00
2355 380.00
2356 320.00
2357 280.00
2358 360.00
2359 220.00
2360 420.00
2361 360.00
2362 300.00
2363 400.00
2364 360.00
2365 200.00
2366 400.00
2367 280.00
2368 220.00
2369 300.00
2370 360.00
2371 200.00
2372 380.00
2373 220.00
2374 340.00
2375 380.00
2376 260.00
2377 240.00
2378 360.00
2379 380.00
2380 220.00
2381 440.00
2382 340.00
2383 400.00
2384 360.00
2385 440.00
2386 440.00
2387 220.00
2388 440.00
2389 480.00
2390 400.00
2391 380.00
2392 220.00
2393 360.00
2394 420.00
2395 480.00
2396 200.00
2397 420.00
2398 500.00
2399 220.00
2400 320.00
2401 500.00
2402 360.00
2403 480.00
2404 460.00
2405 160.00
2406 420.00
2407 220.00
2408 360.00
2409 380.00
2410 240.00
2411 360.00
2412 380.00
2413 460.00
2414 340.00
2415 360.00
2416 380.00
2417 420.00
2418 180.00
2419 340.00
2420 360.00
2421 300.00
2422 180.00
2423 460.00
2424 340.00
2425 420.00
2426 120.00
2427 380.00
2428 200.00
2429 400.00
2430 480.00
2431 240.00
2432 460.00
2433 180.00
2434 360.00
2435 260.00
2436 360.00
2437 380.00
2438 480.00
2439 260.00
2440 440.00
2441 220.00
2442 420.00
2443 400.00
2444 220.00
2445 380.00
2446 380.00
2447 400.00
2448 220.00
2449 320.00
2450 360.00
2451 380.00
2452 380.00
2453 300.00
2454 160.00
2455 400.00
2456 340.00
2457 340.00
2458 440.00
2459 480.00
2460 340.00
2461 400.00
2462 340.00
2463 380.00
2464 440.00
2465 380.00
2466 300.00
2467 380.00
2468 400.00
2469 380.00
2470 400.00
2471 420.00
2472 240.00
2473 260.00
2474 340.00
2475 420.00
2476 440.00
2477 400.00
2478 240.00
2479 400.00
2480 320.00
2481 320.00
2482 400.00
2483 320.00
2484 380.00
2485 320.00
2486 220.00
2487 260.00
2488 200.00
2489 400.00
2490 360.00
2491 340.00
2492 340.00
2493 340.00
2494 400.00
2495 240.00
2496 360.00
2497 300.00
2498 360.00
2499 240.00
2500 460.00
2501 300.00
2502 420.00
2503 420.00
2504 480.00
2505 340.00
2506 300.00
2507 340.00
2508 220.00
2509 440.00
2510 360.00
2511 260.00
2512 220.00
2513 380.00
2514 500.00
2515 400.00
2516 440.00
2517 440.00
2518 320.00
2519 400.00
2520 480.00
2521 420.00
2522 460.00
2523 200.00
2524 360.00
2525 420.00
2526 420.00
2527 480.00
2528 280.00
2529 280.00
2530 420.00
2531 400.00
2532 320.00
2533 260.00
2534 400.00
2535 320.00
2536 420.00
2537 360.00
2538 420.00
2539 360.00
2540 360.00
2541 380.00
2542 500.00
2543 320.00
2544 340.00
2545 220.00
2546 220.00
2547 380.00
2548 380.00
2549 380.00
2550 440.00
2551 460.00
2552 420.00
2553 400.00
2554 280.00
2555 360.00
2556 340.00
2557 340.00
2558 400.00
2559 380.00
2560 380.00
2561 220.00
2562 400.00
2563 260.00
2564 400.00
2565 360.00
2566 360.00
2567 220.00
2568 300.00
2569 460.00
2570 280.00
2571 480.00
2572 440.00
2573 360.00
2574 420.00
2575 340.00
2576 240.00
2577 320.00
2578 280.00
2579 440.00
2580 420.00
2581 380.00
2582 460.00
2583 380.00
2584 360.00
2585 260.00
2586 240.00
2587 360.00
2588 240.00
2589 240.00
2590 280.00
2591 340.00
2592 280.00
2593 380.00
2594 440.00
2595 360.00
2596 260.00
2597 460.00
2598 460.00
2599 360.00
2600 220.00
2601 400.00
2602 180.00
2603 420.00
2604 440.00
2605 440.00
2606 460.00
2607 480.00
2608 240.00
2609 280.00
2610 420.00
2611 220.00
2612 300.00
2613 320.00
2614 400.00
2615 360.00
2616 420.00
2617 220.00
2618 200.00
2619 420.00
2620 320.00
2621 260.00
2622 320.00
2623 240.00
2624 340.00
2625 320.00
2626 320.00
2627 480.00
2628 280.00
2629 460.00
2630 440.00
2631 400.00
2632 440.00
2633 260.00
2634 500.00
2635 200.00
2636 500.00
2637 320.00
2638 320.00
2639 360.00
2640 240.00
2641 360.00
2642 360.00
2643 440.00
2644 460.00
2645 440.00
2646 420.00
2647 360.00
2648 300.00
2649 320.00
2650 220.00
2651 320.00
2652 180.00
2653 240.00
2654 320.00
2655 240.00
2656 420.00
2657 260.00
2658 440.00
2659 280.00
2660 180.00
2661 240.00
2662 480.00
2663 260.00
2664 380.00
2665 360.00
2666 160.00
2667 380.00
2668 340.00
2669 460.00
2670 240.00
2671 420.00
2672 240.00
2673 380.00
2674 460.00
2675 420.00
2676 440.00
2677 460.00
2678 500.00
2679 400.00
2680 300.00
2681 440.00
2682 240.00
2683 440.00
2684 400.00
2685 320.00
2686 440.00
2687 480.00
2688 460.00
2689 440.00
2690 420.00
2691 280.00
2692 320.00
2693 340.00
2694 220.00
2695 400.00
2696 320.00
2697 480.00
2698 340.00
2699 340.00
2700 400.00
2701 500.00
2702 420.00
2703 460.00
2704 380.00
2705 460.00
2706 400.00
2707 360.00
2708 440.00
2709 240.00
2710 280.00
2711 300.00
2712 440.00
2713 440.00
2714 420.00
2715 460.00
2716 240.00
2717 200.00
2718 400.00
2719 380.00
2720 240.00
2721 240.00
2722 340.00
2723 220.00
2724 500.00
2725 480.00
2726 280.00
2727 460.00
2728 320.00
2729 180.00
2730 260.00
2731 340.00
2732 280.00
2733 320.00
2734 360.00
2735 400.00
2736 320.00
2737 300.00
2738 500.00
2739 440.00
2740 280.00
2741 420.00
2742 300.00
2743 400.00
2744 340.00
2745 420.00
2746 320.00
2747 320.00
2748 300.00
2749 340.00
2750 220.00
2751 420.00
2752 240.00
2753 380.00
2754 280.00
2755 280.00
2756 400.00
2757 360.00
2758 460.00
2759 460.00
2760 300.00
2761 340.00
2762 300.00
2763 480.00
2764 400.00
2765 340.00
2766 220.00
2767 360.00
2768 300.00
2769 300.00
2770 420.00
2771 360.00
2772 360.00
2773 240.00
2774 420.00
2775 200.00
2776 380.00
2777 400.00
2778 240.00
2779 380.00
2780 340.00
2781 380.00
2782 260.00
2783 420.00
2784 200.00
2785 380.00
2786 440.00
2787 360.00
2788 500.00
2789 360.00
2790 480.00
2791 420.00
2792 420.00
2793 340.00
2794 420.00
2795 440.00
2796 220.00
2797 360.00
2798 400.00
2799 220.00
2800 260.00
2801 400.00
2802 380.00
2803 240.00
2804 360.00
2805 340.00
2806 280.00
2807 240.00
2808 380.00
2809 440.00
2810 260.00
2811 200.00
2812 380.00
2813 480.00
2814 400.00
2815 340.00
2816 420.00
2817 300.00
2818 200.00
2819 320.00
2820 440.00
2821 380.00
2822 380.00
2823 420.00
2824 480.00
2825 460.00
2826 320.00
2827 480.00
2828 400.00
2829 420.00
2830 460.00
2831 260.00
2832 380.00
2833 300.00
2834 440.00
2835 420.00
2836 160.00
2837 340.00
2838 180.00
2839 360.00
2840 320.00
2841 300.00
2842 320.00
2843 220.00
2844 460.00
2845 200.00
2846 280.00
2847 340.00
2848 400.00
2849 340.00
2850 340.00
2851 420.00
2852 420.00
2853 180.00
2854 240.00
2855 460.00
2856 240.00
2857 400.00
2858 360.00
2859 260.00
2860 140.00
2861 220.00
2862 400.00
2863 360.00
2864 360.00
2865 360.00
2866 400.00
2867 240.00
2868 340.00
2869 360.00
2870 420.00
2871 200.00
2872 360.00
2873 480.00
2874 360.00
2875 440.00
2876 300.00
2877 280.00
2878 220.00
2879 400.00
2880 360.00
2881 320.00
2882 160.00
2883 360.00
2884 200.00
2885 400.00
2886 200.00
2887 260.00
2888 320.00
2889 260.00
2890 160.00
2891 420.00
2892 360.00
2893 360.00
2894 320.00
2895 340.00
2896 320.00
2897 420.00
2898 320.00
2899 300.00
2900 420.00
2901 480.00
2902 380.00
2903 220.00
2904 280.00
2905 420.00
2906 440.00
2907 400.00
2908 420.00
2909 460.00
2910 400.00
2911 220.00
2912 500.00
2913 380.00
2914 220.00
2915 240.00
2916 200.00
2917 240.00
2918 400.00
2919 320.00
2920 380.00
2921 300.00
2922 280.00
2923 320.00
2924 320.00
2925 420.00
2926 400.00
2927 360.00
2928 360.00
2929 500.00
2930 480.00
2931 360.00
2932 400.00
2933 380.00
2934 480.00
2935 360.00
2936 340.00
2937 240.00
2938 180.00
2939 280.00
2940 320.00
2941 360.00
2942 240.00
2943 380.00
2944 240.00
2945 460.00
2946 320.00
2947 200.00
2948 480.00
2949 400.00
2950 340.00
2951 340.00
2952 340.00
2953 240.00
2954 260.00
2955 400.00
2956 400.00
2957 420.00
2958 280.00
2959 360.00
2960 360.00
2961 320.00
2962 300.00
2963 220.00
2964 380.00
2965 380.00
2966 420.00
2967 400.00
2968 340.00
2969 400.00
2970 380.00
2971 480.00
2972 360.00
2973 440.00
2974 380.00
2975 420.00
2976 200.00
2977 440.00
2978 360.00
2979 500.00
2980 480.00
2981 480.00
2982 440.00
2983 400.00
2984 460.00
2985 420.00
2986 220.00
2987 280.00
2988 340.00
2989 400.00
2990 340.00
2991 340.00
2992 480.00
2993 200.00
2994 420.00
2995 220.00
2996 420.00
2997 420.00
2998 420.00
2999 500.00
