0 280.90
1 280.90
2 280.90
3 280.90
4 280.90
5 280.90
6 280.90
7 280.90
8 280.90
9 280.90
10 280.90
11 280.90
12 280.90
13 280.90
14 280.90
15 280.90
16 280.90
17 280.90
18 280.90
19 280.90
20 280.90
21 280.90
22 280.90
23 280.90
24 280.90
25 280.90
26 280.90
27 280.90
28 280.90
29 280.90
30 280.90
31 280.90
32 280.90
33 280.90
34 280.90
35 280.90
36 280.90
37 280.90
38 280.90
39 280.90
40 280.90
41 280.90
42 280.90
43 280.90
44 280.90
45 280.90
46 280.90
47 280.90
48 280.90
49 280.90
50 280.90
51 280.90
52 280.90
53 280.90
54 280.90
55 280.90
56 280.90
57 280.90
58 280.90
59 280.90
60 280.90
61 280.90
62 280.90
63 280.90
64 280.90
65 280.90
66 280.90
67 280.90
68 280.90
69 280.90
70 280.90
71 280.90
72 280.90
73 280.90
74 280.90
75 280.90
76 280.90
77 280.90
78 280.90
79 280.90
80 280.90
81 280.90
82 280.90
83 280.90
84 280.90
85 280.90
86 280.90
87 280.90
88 280.90
89 280.90
90 280.90
91 280.90
92 280.90
93 280.90
94 280.90
95 280.90
96 280.90
97 280.90
98 280.90
99 280.90
100 280.90
101 280.90
102 280.90
103 280.90
104 280.90
105 280.90
106 280.90
107 280.90
108 280.90
109 280.90
110 280.90
111 280.90
112 280.90
113 280.90
114 280.90
115 280.90
116 280.90
117 280.90
118 280.90
119 280.90
120 280.90
121 280.90
122 280.90
123 280.90
124 280.90
125 280.90
126 280.90
127 280.90
128 280.90
129 280.90
130 280.90
131 280.90
132 280.90
133 280.90
134 280.90
135 280.90
136 280.90
137 280.90
138 280.90
139 280.90
140 280.90
141 280.90
142 280.90
143 280.90
144 280.90
145 280.90
146 280.90
147 280.90
148 280.90
149 280.90
150 280.90
151 280.90
152 280.90
153 280.90
154 280.90
155 280.90
156 280.90
157 280.90
158 280.90
159 280.90
160 280.90
161 280.90
162 280.90
163 280.90
164 280.90
165 280.90
166 280.90
167 280.90
168 280.90
169 280.90
170 280.90
171 280.90
172 280.90
173 280.90
174 280.90
175 280.90
176 280.90
177 280.90
178 280.90
179 280.90
180 280.90
181 280.90
182 280.90
183 280.90
184 280.90
185 280.90
186 280.90
187 280.90
188 280.90
189 280.90
190 280.90
191 280.90
192 280.90
193 280.90
194 280.90
195 280.90
196 280.90
197 280.90
198 280.90
199 280.90
200 288.60
201 288.60
202 288.60
203 288.60
204 288.60
205 288.60
206 288.60
207 288.60
208 288.60
209 288.60
210 288.60
211 288.60
212 288.60
213 288.60
214 288.60
215 288.60
216 288.60
217 288.60
218 288.60
219 288.60
220 288.60
221 288.60
222 288.60
223 288.60
224 288.60
225 288.60
226 288.60
227 288.60
228 288.60
229 288.60
230 288.60
231 288.60
232 288.60
233 288.60
234 288.60
235 288.60
236 288.60
237 288.60
238 288.60
239 288.60
240 288.60
241 288.60
242 288.60
243 288.60
244 288.60
245 288.60
246 288.60
247 288.60
248 288.60
249 288.60
250 288.60
251 288.60
252 288.60
253 288.60
254 288.60
255 288.60
256 288.60
257 288.60
258 288.60
259 288.60
260 288.60
261 288.60
262 288.60
263 288.60
264 288.60
265 288.60
266 288.60
267 288.60
268 288.60
269 288.60
270 288.60
271 288.60
272 288.60
273 288.60
274 288.60
275 288.60
276 288.60
277 288.60
278 288.60
279 288.60
280 288.60
281 288.60
282 288.60
283 288.60
284 288.60
285 288.60
286 288.60
287 288.60
288 288.60
289 288.60
290 288.60
291 288.60
292 288.60
293 288.60
294 288.60
295 288.60
296 288.60
297 288.60
298 288.60
299 288.60
300 288.60
301 288.60
302 288.60
303 288.60
304 288.60
305 288.60
306 288.60
307 288.60
308 288.60
309 288.60
310 288.60
311 288.60
312 288.60
313 288.60
314 288.60
315 288.60
316 288.60
317 288.60
318 288.60
319 288.60
320 288.60
321 288.60
322 288.60
323 288.60
324 288.60
325 288.60
326 288.60
327 288.60
328 288.60
329 288.60
330 288.60
331 288.60
332 288.60
333 288.60
334 288.60
335 288.60
336 288.60
337 288.60
338 288.60
339 288.60
340 288.60
341 288.60
342 288.60
343 288.60
344 288.60
345 288.60
346 288.60
347 288.60
348 288.60
349 288.60
350 288.60
351 288.60
352 288.60
353 288.60
354 288.60
355 288.60
356 288.60
357 288.60
358 288.60
359 288.60
360 288.60
361 288.60
362 288.60
363 288.60
364 288.60
365 288.60
366 288.60
367 288.60
368 288.60
369 288.60
370 288.60
371 288.60
372 288.60
373 288.60
374 288.60
375 288.60
376 288.60
377 288.60
378 288.60
379 288.60
380 288.60
381 288.60
382 288.60
383 288.60
384 288.60
385 288.60
386 288.60
387 288.60
388 288.60
389 288.60
390 288.60
391 288.60
392 288.60
393 288.60
394 288.60
395 288.60
396 288.60
397 288.60
398 288.60
399 288.60
400 315.50
401 315.50
402 315.50
403 315.50
404 315.50
405 315.50
406 315.50
407 315.50
408 315.50
409 315.50
410 315.50
411 315.50
412 315.50
413 315.50
414 315.50
415 315.50
416 315.50
417 315.50
418 315.50
419 315.50
420 315.50
421 315.50
422 315.50
423 315.50
424 315.50
425 315.50
426 315.50
427 315.50
428 315.50
429 315.50
430 315.50
431 315.50
432 315.50
433 315.50
434 315.50
435 315.50
436 315.50
437 315.50
438 315.50
439 315.50
440 315.50
441 315.50
442 315.50
443 315.50
444 315.50
445 315.50
446 315.50
447 315.50
448 315.50
449 315.50
450 315.50
451 315.50
452 315.50
453 315.50
454 315.50
455 315.50
456 315.50
457 315.50
458 315.50
459 315.50
460 315.50
461 315.50
462 315.50
463 315.50
464 315.50
465 315.50
466 315.50
467 315.50
468 315.50
469 315.50
470 315.50
471 315.50
472 315.50
473 315.50
474 315.50
475 315.50
476 315.50
477 315.50
478 315.50
479 315.50
480 315.50
481 315.50
482 315.50
483 315.50
484 315.50
485 315.50
486 315.50
487 315.50
488 315.50
489 315.50
490 315.50
491 315.50
492 315.50
493 315.50
494 315.50
495 315.50
496 315.50
497 315.50
498 315.50
499 315.50
500 315.50
501 315.50
502 315.50
503 315.50
504 315.50
505 315.50
506 315.50
507 315.50
508 315.50
509 315.50
510 315.50
511 315.50
512 315.50
513 315.50
514 315.50
515 315.50
516 315.50
517 315.50
518 315.50
519 315.50
520 315.50
521 315.50
522 315.50
523 315.50
524 315.50
525 315.50
526 315.50
527 315.50
528 315.50
529 315.50
530 315.50
531 315.50
532 315.50
533 315.50
534 315.50
535 315.50
536 315.50
537 315.50
538 315.50
539 315.50
540 315.50
541 315.50
542 315.50
543 315.50
544 315.50
545 315.50
546 315.50
547 315.50
548 315.50
549 315.50
550 315.50
551 315.50
552 315.50
553 315.50
554 315.50
555 315.50
556 315.50
557 315.50
558 315.50
559 315.50
560 315.50
561 315.50
562 315.50
563 315.50
564 315.50
565 315.50
566 315.50
567 315.50
568 315.50
569 315.50
570 315.50
571 315.50
572 315.50
573 315.50
574 315.50
575 315.50
576 315.50
577 315.50
578 315.50
579 315.50
580 315.50
581 315.50
582 315.50
583 315.50
584 315.50
585 315.50
586 315.50
587 315.50
588 315.50
589 315.50
590 315.50
591 315.50
592 315.50
593 315.50
594 315.50
595 315.50
596 315.50
597 315.50
598 315.50
599 315.50
600 329.30
601 329.30
602 329.30
603 329.30
604 329.30
605 329.30
606 329.30
607 329.30
608 329.30
609 329.30
610 329.30
611 329.30
612 329.30
613 329.30
614 329.30
615 329.30
616 329.30
617 329.30
618 329.30
619 329.30
620 329.30
621 329.30
622 329.30
623 329.30
624 329.30
625 329.30
626 329.30
627 329.30
628 329.30
629 329.30
630 329.30
631 329.30
632 329.30
633 329.30
634 329.30
635 329.30
636 329.30
637 329.30
638 329.30
639 329.30
640 329.30
641 329.30
642 329.30
643 329.30
644 329.30
645 329.30
646 329.30
647 329.30
648 329.30
649 329.30
650 329.30
651 329.30
652 329.30
653 329.30
654 329.30
655 329.30
656 329.30
657 329.30
658 329.30
659 329.30
660 329.30
661 329.30
662 329.30
663 329.30
664 329.30
665 329.30
666 329.30
667 329.30
668 329.30
669 329.30
670 329.30
671 329.30
672 329.30
673 329.30
674 329.30
675 329.30
676 329.30
677 329.30
678 329.30
679 329.30
680 329.30
681 329.30
682 329.30
683 329.30
684 329.30
685 329.30
686 329.30
687 329.30
688 329.30
689 329.30
690 329.30
691 329.30
692 329.30
693 329.30
694 329.30
695 329.30
696 329.30
697 329.30
698 329.30
699 329.30
700 329.30
701 329.30
702 329.30
703 329.30
704 329.30
705 329.30
706 329.30
707 329.30
708 329.30
709 329.30
710 329.30
711 329.30
712 329.30
713 329.30
714 329.30
715 329.30
716 329.30
717 329.30
718 329.30
719 329.30
720 329.30
721 329.30
722 329.30
723 329.30
724 329.30
725 329.30
726 329.30
727 329.30
728 329.30
729 329.30
730 329.30
731 329.30
732 329.30
733 329.30
734 329.30
735 329.30
736 329.30
737 329.30
738 329.30
739 329.30
740 329.30
741 329.30
742 329.30
743 329.30
744 329.30
745 329.30
746 329.30
747 329.30
748 329.30
749 329.30
750 329.30
751 329.30
752 329.30
753 329.30
754 329.30
755 329.30
756 329.30
757 329.30
758 329.30
759 329.30
760 329.30
761 329.30
762 329.30
763 329.30
764 329.30
765 329.30
766 329.30
767 329.30
768 329.30
769 329.30
770 329.30
771 329.30
772 329.30
773 329.30
774 329.30
775 329.30
776 329.30
777 329.30
778 329.30
779 329.30
780 329.30
781 329.30
782 329.30
783 329.30
784 329.30
785 329.30
786 329.30
787 329.30
788 329.30
789 329.30
790 329.30
791 329.30
792 329.30
793 329.30
794 329.30
795 329.30
796 329.30
797 329.30
798 329.30
799 329.30
800 340.50
801 340.50
802 340.50
803 340.50
804 340.50
805 340.50
806 340.50
807 340.50
808 340.50
809 340.50
810 340.50
811 340.50
812 340.50
813 340.50
814 340.50
815 340.50
816 340.50
817 340.50
818 340.50
819 340.50
820 340.50
821 340.50
822 340.50
823 340.50
824 340.50
825 340.50
826 340.50
827 340.50
828 340.50
829 340.50
830 340.50
831 340.50
832 340.50
833 340.50
834 340.50
835 340.50
836 340.50
837 340.50
838 340.50
839 340.50
840 340.50
841 340.50
842 340.50
843 340.50
844 340.50
845 340.50
846 340.50
847 340.50
848 340.50
849 340.50
850 340.50
851 340.50
852 340.50
853 340.50
854 340.50
855 340.50
856 340.50
857 340.50
858 340.50
859 340.50
860 340.50
861 340.50
862 340.50
863 340.50
864 340.50
865 340.50
866 340.50
867 340.50
868 340.50
869 340.50
870 340.50
871 340.50
872 340.50
873 340.50
874 340.50
875 340.50
876 340.50
877 340.50
878 340.50
879 340.50
880 340.50
881 340.50
882 340.50
883 340.50
884 340.50
885 340.50
886 340.50
887 340.50
888 340.50
889 340.50
890 340.50
891 340.50
892 340.50
893 340.50
894 340.50
895 340.50
896 340.50
897 340.50
898 340.50
899 340.50
900 340.50
901 340.50
902 340.50
903 340.50
904 340.50
905 340.50
906 340.50
907 340.50
908 340.50
909 340.50
910 340.50
911 340.50
912 340.50
913 340.50
914 340.50
915 340.50
916 340.50
917 340.50
918 340.50
919 340.50
920 340.50
921 340.50
922 340.50
923 340.50
924 340.50
925 340.50
926 340.50
927 340.50
928 340.50
929 340.50
930 340.50
931 340.50
932 340.50
933 340.50
934 340.50
935 340.50
936 340.50
937 340.50
938 340.50
939 340.50
940 340.50
941 340.50
942 340.50
943 340.50
944 340.50
945 340.50
946 340.50
947 340.50
948 340.50
949 340.50
950 340.50
951 340.50
952 340.50
953 340.50
954 340.50
955 340.50
956 340.50
957 340.50
958 340.50
959 340.50
960 340.50
961 340.50
962 340.50
963 340.50
964 340.50
965 340.50
966 340.50
967 340.50
968 340.50
969 340.50
970 340.50
971 340.50
972 340.50
973 340.50
974 340.50
975 340.50
976 340.50
977 340.50
978 340.50
979 340.50
980 340.50
981 340.50
982 340.50
983 340.50
984 340.50
985 340.50
986 340.50
987 340.50
988 340.50
989 340.50
990 340.50
991 340.50
992 340.50
993 340.50
994 340.50
995 340.50
996 340.50
997 340.50
998 340.50
999 340.50
1000 344.00
1001 344.00
1002 344.00
1003 344.00
1004 344.00
1005 344.00
1006 344.00
1007 344.00
1008 344.00
1009 344.00
1010 344.00
1011 344.00
1012 344.00
1013 344.00
1014 344.00
1015 344.00
1016 344.00
1017 344.00
1018 344.00
1019 344.00
1020 344.00
1021 344.00
1022 344.00
1023 344.00
1024 344.00
1025 344.00
1026 344.00
1027 344.00
1028 344.00
1029 344.00
1030 344.00
1031 344.00
1032 344.00
1033 344.00
1034 344.00
1035 344.00
1036 344.00
1037 344.00
1038 344.00
1039 344.00
1040 344.00
1041 344.00
1042 344.00
1043 344.00
1044 344.00
1045 344.00
1046 344.00
1047 344.00
1048 344.00
1049 344.00
1050 344.00
1051 344.00
1052 344.00
1053 344.00
1054 344.00
1055 344.00
1056 344.00
1057 344.00
1058 344.00
1059 344.00
1060 344.00
1061 344.00
1062 344.00
1063 344.00
1064 344.00
1065 344.00
1066 344.00
1067 344.00
1068 344.00
1069 344.00
1070 344.00
1071 344.00
1072 344.00
1073 344.00
1074 344.00
1075 344.00
1076 344.00
1077 344.00
1078 344.00
1079 344.00
1080 344.00
1081 344.00
1082 344.00
1083 344.00
1084 344.00
1085 344.00
1086 344.00
1087 344.00
1088 344.00
1089 344.00
1090 344.00
1091 344.00
1092 344.00
1093 344.00
1094 344.00
1095 344.00
1096 344.00
1097 344.00
1098 344.00
1099 344.00
1100 344.00
1101 344.00
1102 344.00
1103 344.00
1104 344.00
1105 344.00
1106 344.00
1107 344.00
1108 344.00
1109 344.00
1110 344.00
1111 344.00
1112 344.00
1113 344.00
1114 344.00
1115 344.00
1116 344.00
1117 344.00
1118 344.00
1119 344.00
1120 344.00
1121 344.00
1122 344.00
1123 344.00
1124 344.00
1125 344.00
1126 344.00
1127 344.00
1128 344.00
1129 344.00
1130 344.00
1131 344.00
1132 344.00
1133 344.00
1134 344.00
1135 344.00
1136 344.00
1137 344.00
1138 344.00
1139 344.00
1140 344.00
1141 344.00
1142 344.00
1143 344.00
1144 344.00
1145 344.00
1146 344.00
1147 344.00
1148 344.00
1149 344.00
1150 344.00
1151 344.00
1152 344.00
1153 344.00
1154 344.00
1155 344.00
1156 344.00
1157 344.00
1158 344.00
1159 344.00
1160 344.00
1161 344.00
1162 344.00
1163 344.00
1164 344.00
1165 344.00
1166 344.00
1167 344.00
1168 344.00
1169 344.00
1170 344.00
1171 344.00
1172 344.00
1173 344.00
1174 344.00
1175 344.00
1176 344.00
1177 344.00
1178 344.00
1179 344.00
1180 344.00
1181 344.00
1182 344.00
1183 344.00
1184 344.00
1185 344.00
1186 344.00
1187 344.00
1188 344.00
1189 344.00
1190 344.00
1191 344.00
1192 344.00
1193 344.00
1194 344.00
1195 344.00
1196 344.00
1197 344.00
1198 344.00
1199 344.00
1200 362.80
1201 362.80
1202 362.80
1203 362.80
1204 362.80
1205 362.80
1206 362.80
1207 362.80
1208 362.80
1209 362.80
1210 362.80
1211 362.80
1212 362.80
1213 362.80
1214 362.80
1215 362.80
1216 362.80
1217 362.80
1218 362.80
1219 362.80
1220 362.80
1221 362.80
1222 362.80
1223 362.80
1224 362.80
1225 362.80
1226 362.80
1227 362.80
1228 362.80
1229 362.80
1230 362.80
1231 362.80
1232 362.80
1233 362.80
1234 362.80
1235 362.80
1236 362.80
1237 362.80
1238 362.80
1239 362.80
1240 362.80
1241 362.80
1242 362.80
1243 362.80
1244 362.80
1245 362.80
1246 362.80
1247 362.80
1248 362.80
1249 362.80
1250 362.80
1251 362.80
1252 362.80
1253 362.80
1254 362.80
1255 362.80
1256 362.80
1257 362.80
1258 362.80
1259 362.80
1260 362.80
1261 362.80
1262 362.80
1263 362.80
1264 362.80
1265 362.80
1266 362.80
1267 362.80
1268 362.80
1269 362.80
1270 362.80
1271 362.80
1272 362.80
1273 362.80
1274 362.80
1275 362.80
1276 362.80
1277 362.80
1278 362.80
1279 362.80
1280 362.80
1281 362.80
1282 362.80
1283 362.80
1284 362.80
1285 362.80
1286 362.80
1287 362.80
1288 362.80
1289 362.80
1290 362.80
1291 362.80
1292 362.80
1293 362.80
1294 362.80
1295 362.80
1296 362.80
1297 362.80
1298 362.80
1299 362.80
1300 362.80
1301 362.80
1302 362.80
1303 362.80
1304 362.80
1305 362.80
1306 362.80
1307 362.80
1308 362.80
1309 362.80
1310 362.80
1311 362.80
1312 362.80
1313 362.80
1314 362.80
1315 362.80
1316 362.80
1317 362.80
1318 362.80
1319 362.80
1320 362.80
1321 362.80
1322 362.80
1323 362.80
1324 362.80
1325 362.80
1326 362.80
1327 362.80
1328 362.80
1329 362.80
1330 362.80
1331 362.80
1332 362.80
1333 362.80
1334 362.80
1335 362.80
1336 362.80
1337 362.80
1338 362.80
1339 362.80
1340 362.80
1341 362.80
1342 362.80
1343 362.80
1344 362.80
1345 362.80
1346 362.80
1347 362.80
1348 362.80
1349 362.80
1350 362.80
1351 362.80
1352 362.80
1353 362.80
1354 362.80
1355 362.80
1356 362.80
1357 362.80
1358 362.80
1359 362.80
1360 362.80
1361 362.80
1362 362.80
1363 362.80
1364 362.80
1365 362.80
1366 362.80
1367 362.80
1368 362.80
1369 362.80
1370 362.80
1371 362.80
1372 362.80
1373 362.80
1374 362.80
1375 362.80
1376 362.80
1377 362.80
1378 362.80
1379 362.80
1380 362.80
1381 362.80
1382 362.80
1383 362.80
1384 362.80
1385 362.80
1386 362.80
1387 362.80
1388 362.80
1389 362.80
1390 362.80
1391 362.80
1392 362.80
1393 362.80
1394 362.80
1395 362.80
1396 362.80
1397 362.80
1398 362.80
1399 362.80
1400 362.70
1401 362.70
1402 362.70
1403 362.70
1404 362.70
1405 362.70
1406 362.70
1407 362.70
1408 362.70
1409 362.70
1410 362.70
1411 362.70
1412 362.70
1413 362.70
1414 362.70
1415 362.70
1416 362.70
1417 362.70
1418 362.70
1419 362.70
1420 362.70
1421 362.70
1422 362.70
1423 362.70
1424 362.70
1425 362.70
1426 362.70
1427 362.70
1428 362.70
1429 362.70
1430 362.70
1431 362.70
1432 362.70
1433 362.70
1434 362.70
1435 362.70
1436 362.70
1437 362.70
1438 362.70
1439 362.70
1440 362.70
1441 362.70
1442 362.70
1443 362.70
1444 362.70
1445 362.70
1446 362.70
1447 362.70
1448 362.70
1449 362.70
1450 362.70
1451 362.70
1452 362.70
1453 362.70
1454 362.70
1455 362.70
1456 362.70
1457 362.70
1458 362.70
1459 362.70
1460 362.70
1461 362.70
1462 362.70
1463 362.70
1464 362.70
1465 362.70
1466 362.70
1467 362.70
1468 362.70
1469 362.70
1470 362.70
1471 362.70
1472 362.70
1473 362.70
1474 362.70
1475 362.70
1476 362.70
1477 362.70
1478 362.70
1479 362.70
1480 362.70
1481 362.70
1482 362.70
1483 362.70
1484 362.70
1485 362.70
1486 362.70
1487 362.70
1488 362.70
1489 362.70
1490 362.70
1491 362.70
1492 362.70
1493 362.70
1494 362.70
1495 362.70
1496 362.70
1497 362.70
1498 362.70
1499 362.70
1500 362.70
1501 362.70
1502 362.70
1503 362.70
1504 362.70
1505 362.70
1506 362.70
1507 362.70
1508 362.70
1509 362.70
1510 362.70
1511 362.70
1512 362.70
1513 362.70
1514 362.70
1515 362.70
1516 362.70
1517 362.70
1518 362.70
1519 362.70
1520 362.70
1521 362.70
1522 362.70
1523 362.70
1524 362.70
1525 362.70
1526 362.70
1527 362.70
1528 362.70
1529 362.70
1530 362.70
1531 362.70
1532 362.70
1533 362.70
1534 362.70
1535 362.70
1536 362.70
1537 362.70
1538 362.70
1539 362.70
1540 362.70
1541 362.70
1542 362.70
1543 362.70
1544 362.70
1545 362.70
1546 362.70
1547 362.70
1548 362.70
1549 362.70
1550 362.70
1551 362.70
1552 362.70
1553 362.70
1554 362.70
1555 362.70
1556 362.70
1557 362.70
1558 362.70
1559 362.70
1560 362.70
1561 362.70
1562 362.70
1563 362.70
1564 362.70
1565 362.70
1566 362.70
1567 362.70
1568 362.70
1569 362.70
1570 362.70
1571 362.70
1572 362.70
1573 362.70
1574 362.70
1575 362.70
1576 362.70
1577 362.70
1578 362.70
1579 362.70
1580 362.70
1581 362.70
1582 362.70
1583 362.70
1584 362.70
1585 362.70
1586 362.70
1587 362.70
1588 362.70
1589 362.70
1590 362.70
1591 362.70
1592 362.70
1593 362.70
1594 362.70
1595 362.70
1596 362.70
1597 362.70
1598 362.70
1599 362.70
1600 345.90
1601 345.90
1602 345.90
1603 345.90
1604 345.90
1605 345.90
1606 345.90
1607 345.90
1608 345.90
1609 345.90
1610 345.90
1611 345.90
1612 345.90
1613 345.90
1614 345.90
1615 345.90
1616 345.90
1617 345.90
1618 345.90
1619 345.90
1620 345.90
1621 345.90
1622 345.90
1623 345.90
1624 345.90
1625 345.90
1626 345.90
1627 345.90
1628 345.90
1629 345.90
1630 345.90
1631 345.90
1632 345.90
1633 345.90
1634 345.90
1635 345.90
1636 345.90
1637 345.90
1638 345.90
1639 345.90
1640 345.90
1641 345.90
1642 345.90
1643 345.90
1644 345.90
1645 345.90
1646 345.90
1647 345.90
1648 345.90
1649 345.90
1650 345.90
1651 345.90
1652 345.90
1653 345.90
1654 345.90
1655 345.90
1656 345.90
1657 345.90
1658 345.90
1659 345.90
1660 345.90
1661 345.90
1662 345.90
1663 345.90
1664 345.90
1665 345.90
1666 345.90
1667 345.90
1668 345.90
1669 345.90
1670 345.90
1671 345.90
1672 345.90
1673 345.90
1674 345.90
1675 345.90
1676 345.90
1677 345.90
1678 345.90
1679 345.90
1680 345.90
1681 345.90
1682 345.90
1683 345.90
1684 345.90
1685 345.90
1686 345.90
1687 345.90
1688 345.90
1689 345.90
1690 345.90
1691 345.90
1692 345.90
1693 345.90
1694 345.90
1695 345.90
1696 345.90
1697 345.90
1698 345.90
1699 345.90
1700 345.90
1701 345.90
1702 345.90
1703 345.90
1704 345.90
1705 345.90
1706 345.90
1707 345.90
1708 345.90
1709 345.90
1710 345.90
1711 345.90
1712 345.90
1713 345.90
1714 345.90
1715 345.90
1716 345.90
1717 345.90
1718 345.90
1719 345.90
1720 345.90
1721 345.90
1722 345.90
1723 345.90
1724 345.90
1725 345.90
1726 345.90
1727 345.90
1728 345.90
1729 345.90
1730 345.90
1731 345.90
1732 345.90
1733 345.90
1734 345.90
1735 345.90
1736 345.90
1737 345.90
1738 345.90
1739 345.90
1740 345.90
1741 345.90
1742 345.90
1743 345.90
1744 345.90
1745 345.90
1746 345.90
1747 345.90
1748 345.90
1749 345.90
1750 345.90
1751 345.90
1752 345.90
1753 345.90
1754 345.90
1755 345.90
1756 345.90
1757 345.90
1758 345.90
1759 345.90
1760 345.90
1761 345.90
1762 345.90
1763 345.90
1764 345.90
1765 345.90
1766 345.90
1767 345.90
1768 345.90
1769 345.90
1770 345.90
1771 345.90
1772 345.90
1773 345.90
1774 345.90
1775 345.90
1776 345.90
1777 345.90
1778 345.90
1779 345.90
1780 345.90
1781 345.90
1782 345.90
1783 345.90
1784 345.90
1785 345.90
1786 345.90
1787 345.90
1788 345.90
1789 345.90
1790 345.90
1791 345.90
1792 345.90
1793 345.90
1794 345.90
1795 345.90
1796 345.90
1797 345.90
1798 345.90
1799 345.90
1800 326.50
1801 326.50
1802 326.50
1803 326.50
1804 326.50
1805 326.50
1806 326.50
1807 326.50
1808 326.50
1809 326.50
1810 326.50
1811 326.50
1812 326.50
1813 326.50
1814 326.50
1815 326.50
1816 326.50
1817 326.50
1818 326.50
1819 326.50
1820 326.50
1821 326.50
1822 326.50
1823 326.50
1824 326.50
1825 326.50
1826 326.50
1827 326.50
1828 326.50
1829 326.50
1830 326.50
1831 326.50
1832 326.50
1833 326.50
1834 326.50
1835 326.50
1836 326.50
1837 326.50
1838 326.50
1839 326.50
1840 326.50
1841 326.50
1842 326.50
1843 326.50
1844 326.50
1845 326.50
1846 326.50
1847 326.50
1848 326.50
1849 326.50
1850 326.50
1851 326.50
1852 326.50
1853 326.50
1854 326.50
1855 326.50
1856 326.50
1857 326.50
1858 326.50
1859 326.50
1860 326.50
1861 326.50
1862 326.50
1863 326.50
1864 326.50
1865 326.50
1866 326.50
1867 326.50
1868 326.50
1869 326.50
1870 326.50
1871 326.50
1872 326.50
1873 326.50
1874 326.50
1875 326.50
1876 326.50
1877 326.50
1878 326.50
1879 326.50
1880 326.50
1881 326.50
1882 326.50
1883 326.50
1884 326.50
1885 326.50
1886 326.50
1887 326.50
1888 326.50
1889 326.50
1890 326.50
1891 326.50
1892 326.50
1893 326.50
1894 326.50
1895 326.50
1896 326.50
1897 326.50
1898 326.50
1899 326.50
1900 326.50
1901 326.50
1902 326.50
1903 326.50
1904 326.50
1905 326.50
1906 326.50
1907 326.50
1908 326.50
1909 326.50
1910 326.50
1911 326.50
1912 326.50
1913 326.50
1914 326.50
1915 326.50
1916 326.50
1917 326.50
1918 326.50
1919 326.50
1920 326.50
1921 326.50
1922 326.50
1923 326.50
1924 326.50
1925 326.50
1926 326.50
1927 326.50
1928 326.50
1929 326.50
1930 326.50
1931 326.50
1932 326.50
1933 326.50
1934 326.50
1935 326.50
1936 326.50
1937 326.50
1938 326.50
1939 326.50
1940 326.50
1941 326.50
1942 326.50
1943 326.50
1944 326.50
1945 326.50
1946 326.50
1947 326.50
1948 326.50
1949 326.50
1950 326.50
1951 326.50
1952 326.50
1953 326.50
1954 326.50
1955 326.50
1956 326.50
1957 326.50
1958 326.50
1959 326.50
1960 326.50
1961 326.50
1962 326.50
1963 326.50
1964 326.50
1965 326.50
1966 326.50
1967 326.50
1968 326.50
1969 326.50
1970 326.50
1971 326.50
1972 326.50
1973 326.50
1974 326.50
1975 326.50
1976 326.50
1977 326.50
1978 326.50
1979 326.50
1980 326.50
1981 326.50
1982 326.50
1983 326.50
1984 326.50
1985 326.50
1986 326.50
1987 326.50
1988 326.50
1989 326.50
1990 326.50
1991 326.50
1992 326.50
1993 326.50
1994 326.50
1995 326.50
1996 326.50
1997 326.50
1998 326.50
1999 326.50
2000 327.10
2001 327.10
2002 327.10
2003 327.10
2004 327.10
2005 327.10
2006 327.10
2007 327.10
2008 327.10
2009 327.10
2010 327.10
2011 327.10
2012 327.10
2013 327.10
2014 327.10
2015 327.10
2016 327.10
2017 327.10
2018 327.10
2019 327.10
2020 327.10
2021 327.10
2022 327.10
2023 327.10
2024 327.10
2025 327.10
2026 327.10
2027 327.10
2028 327.10
2029 327.10
2030 327.10
2031 327.10
2032 327.10
2033 327.10
2034 327.10
2035 327.10
2036 327.10
2037 327.10
2038 327.10
2039 327.10
2040 327.10
2041 327.10
2042 327.10
2043 327.10
2044 327.10
2045 327.10
2046 327.10
2047 327.10
2048 327.10
2049 327.10
2050 327.10
2051 327.10
2052 327.10
2053 327.10
2054 327.10
2055 327.10
2056 327.10
2057 327.10
2058 327.10
2059 327.10
2060 327.10
2061 327.10
2062 327.10
2063 327.10
2064 327.10
2065 327.10
2066 327.10
2067 327.10
2068 327.10
2069 327.10
2070 327.10
2071 327.10
2072 327.10
2073 327.10
2074 327.10
2075 327.10
2076 327.10
2077 327.10
2078 327.10
2079 327.10
2080 327.10
2081 327.10
2082 327.10
2083 327.10
2084 327.10
2085 327.10
2086 327.10
2087 327.10
2088 327.10
2089 327.10
2090 327.10
2091 327.10
2092 327.10
2093 327.10
2094 327.10
2095 327.10
2096 327.10
2097 327.10
2098 327.10
2099 327.10
2100 327.10
2101 327.10
2102 327.10
2103 327.10
2104 327.10
2105 327.10
2106 327.10
2107 327.10
2108 327.10
2109 327.10
2110 327.10
2111 327.10
2112 327.10
2113 327.10
2114 327.10
2115 327.10
2116 327.10
2117 327.10
2118 327.10
2119 327.10
2120 327.10
2121 327.10
2122 327.10
2123 327.10
2124 327.10
2125 327.10
2126 327.10
2127 327.10
2128 327.10
2129 327.10
2130 327.10
2131 327.10
2132 327.10
2133 327.10
2134 327.10
2135 327.10
2136 327.10
2137 327.10
2138 327.10
2139 327.10
2140 327.10
2141 327.10
2142 327.10
2143 327.10
2144 327.10
2145 327.10
2146 327.10
2147 327.10
2148 327.10
2149 327.10
2150 327.10
2151 327.10
2152 327.10
2153 327.10
2154 327.10
2155 327.10
2156 327.10
2157 327.10
2158 327.10
2159 327.10
2160 327.10
2161 327.10
2162 327.10
2163 327.10
2164 327.10
2165 327.10
2166 327.10
2167 327.10
2168 327.10
2169 327.10
2170 327.10
2171 327.10
2172 327.10
2173 327.10
2174 327.10
2175 327.10
2176 327.10
2177 327.10
2178 327.10
2179 327.10
2180 327.10
2181 327.10
2182 327.10
2183 327.10
2184 327.10
2185 327.10
2186 327.10
2187 327.10
2188 327.10
2189 327.10
2190 327.10
2191 327.10
2192 327.10
2193 327.10
2194 327.10
2195 327.10
2196 327.10
2197 327.10
2198 327.10
2199 327.10
2200 343.30
2201 343.30
2202 343.30
2203 343.30
2204 343.30
2205 343.30
2206 343.30
2207 343.30
2208 343.30
2209 343.30
2210 343.30
2211 343.30
2212 343.30
2213 343.30
2214 343.30
2215 343.30
2216 343.30
2217 343.30
2218 343.30
2219 343.30
2220 343.30
2221 343.30
2222 343.30
2223 343.30
2224 343.30
2225 343.30
2226 343.30
2227 343.30
2228 343.30
2229 343.30
2230 343.30
2231 343.30
2232 343.30
2233 343.30
2234 343.30
2235 343.30
2236 343.30
2237 343.30
2238 343.30
2239 343.30
2240 343.30
2241 343.30
2242 343.30
2243 343.30
2244 343.30
2245 343.30
2246 343.30
2247 343.30
2248 343.30
2249 343.30
2250 343.30
2251 343.30
2252 343.30
2253 343.30
2254 343.30
2255 343.30
2256 343.30
2257 343.30
2258 343.30
2259 343.30
2260 343.30
2261 343.30
2262 343.30
2263 343.30
2264 343.30
2265 343.30
2266 343.30
2267 343.30
2268 343.30
2269 343.30
2270 343.30
2271 343.30
2272 343.30
2273 343.30
2274 343.30
2275 343.30
2276 343.30
2277 343.30
2278 343.30
2279 343.30
2280 343.30
2281 343.30
2282 343.30
2283 343.30
2284 343.30
2285 343.30
2286 343.30
2287 343.30
2288 343.30
2289 343.30
2290 343.30
2291 343.30
2292 343.30
2293 343.30
2294 343.30
2295 343.30
2296 343.30
2297 343.30
2298 343.30
2299 343.30
2300 343.30
2301 343.30
2302 343.30
2303 343.30
2304 343.30
2305 343.30
2306 343.30
2307 343.30
2308 343.30
2309 343.30
2310 343.30
2311 343.30
2312 343.30
2313 343.30
2314 343.30
2315 343.30
2316 343.30
2317 343.30
2318 343.30
2319 343.30
2320 343.30
2321 343.30
2322 343.30
2323 343.30
2324 343.30
2325 343.30
2326 343.30
2327 343.30
2328 343.30
2329 343.30
2330 343.30
2331 343.30
2332 343.30
2333 343.30
2334 343.30
2335 343.30
2336 343.30
2337 343.30
2338 343.30
2339 343.30
2340 343.30
2341 343.30
2342 343.30
2343 343.30
2344 343.30
2345 343.30
2346 343.30
2347 343.30
2348 343.30
2349 343.30
2350 343.30
2351 343.30
2352 343.30
2353 343.30
2354 343.30
2355 343.30
2356 343.30
2357 343.30
2358 343.30
2359 343.30
2360 343.30
2361 343.30
2362 343.30
2363 343.30
2364 343.30
2365 343.30
2366 343.30
2367 343.30
2368 343.30
2369 343.30
2370 343.30
2371 343.30
2372 343.30
2373 343.30
2374 343.30
2375 343.30
2376 343.30
2377 343.30
2378 343.30
2379 343.30
2380 343.30
2381 343.30
2382 343.30
2383 343.30
2384 343.30
2385 343.30
2386 343.30
2387 343.30
2388 343.30
2389 343.30
2390 343.30
2391 343.30
2392 343.30
2393 343.30
2394 343.30
2395 343.30
2396 343.30
2397 343.30
2398 343.30
2399 343.30
2400 335.40
2401 335.40
2402 335.40
2403 335.40
2404 335.40
2405 335.40
2406 335.40
2407 335.40
2408 335.40
2409 335.40
2410 335.40
2411 335.40
2412 335.40
2413 335.40
2414 335.40
2415 335.40
2416 335.40
2417 335.40
2418 335.40
2419 335.40
2420 335.40
2421 335.40
2422 335.40
2423 335.40
2424 335.40
2425 335.40
2426 335.40
2427 335.40
2428 335.40
2429 335.40
2430 335.40
2431 335.40
2432 335.40
2433 335.40
2434 335.40
2435 335.40
2436 335.40
2437 335.40
2438 335.40
2439 335.40
2440 335.40
2441 335.40
2442 335.40
2443 335.40
2444 335.40
2445 335.40
2446 335.40
2447 335.40
2448 335.40
2449 335.40
2450 335.40
2451 335.40
2452 335.40
2453 335.40
2454 335.40
2455 335.40
2456 335.40
2457 335.40
2458 335.40
2459 335.40
2460 335.40
2461 335.40
2462 335.40
2463 335.40
2464 335.40
2465 335.40
2466 335.40
2467 335.40
2468 335.40
2469 335.40
2470 335.40
2471 335.40
2472 335.40
2473 335.40
2474 335.40
2475 335.40
2476 335.40
2477 335.40
2478 335.40
2479 335.40
2480 335.40
2481 335.40
2482 335.40
2483 335.40
2484 335.40
2485 335.40
2486 335.40
2487 335.40
2488 335.40
2489 335.40
2490 335.40
2491 335.40
2492 335.40
2493 335.40
2494 335.40
2495 335.40
2496 335.40
2497 335.40
2498 335.40
2499 335.40
2500 335.40
2501 335.40
2502 335.40
2503 335.40
2504 335.40
2505 335.40
2506 335.40
2507 335.40
2508 335.40
2509 335.40
2510 335.40
2511 335.40
2512 335.40
2513 335.40
2514 335.40
2515 335.40
2516 335.40
2517 335.40
2518 335.40
2519 335.40
2520 335.40
2521 335.40
2522 335.40
2523 335.40
2524 335.40
2525 335.40
2526 335.40
2527 335.40
2528 335.40
2529 335.40
2530 335.40
2531 335.40
2532 335.40
2533 335.40
2534 335.40
2535 335.40
2536 335.40
2537 335.40
2538 335.40
2539 335.40
2540 335.40
2541 335.40
2542 335.40
2543 335.40
2544 335.40
2545 335.40
2546 335.40
2547 335.40
2548 335.40
2549 335.40
2550 335.40
2551 335.40
2552 335.40
2553 335.40
2554 335.40
2555 335.40
2556 335.40
2557 335.40
2558 335.40
2559 335.40
2560 335.40
2561 335.40
2562 335.40
2563 335.40
2564 335.40
2565 335.40
2566 335.40
2567 335.40
2568 335.40
2569 335.40
2570 335.40
2571 335.40
2572 335.40
2573 335.40
2574 335.40
2575 335.40
2576 335.40
2577 335.40
2578 335.40
2579 335.40
2580 335.40
2581 335.40
2582 335.40
2583 335.40
2584 335.40
2585 335.40
2586 335.40
2587 335.40
2588 335.40
2589 335.40
2590 335.40
2591 335.40
2592 335.40
2593 335.40
2594 335.40
2595 335.40
2596 335.40
2597 335.40
2598 335.40
2599 335.40
2600 323.00
2601 323.00
2602 323.00
2603 323.00
2604 323.00
2605 323.00
2606 323.00
2607 323.00
2608 323.00
2609 323.00
2610 323.00
2611 323.00
2612 323.00
2613 323.00
2614 323.00
2615 323.00
2616 323.00
2617 323.00
2618 323.00
2619 323.00
2620 323.00
2621 323.00
2622 323.00
2623 323.00
2624 323.00
2625 323.00
2626 323.00
2627 323.00
2628 323.00
2629 323.00
2630 323.00
2631 323.00
2632 323.00
2633 323.00
2634 323.00
2635 323.00
2636 323.00
2637 323.00
2638 323.00
2639 323.00
2640 323.00
2641 323.00
2642 323.00
2643 323.00
2644 323.00
2645 323.00
2646 323.00
2647 323.00
2648 323.00
2649 323.00
2650 323.00
2651 323.00
2652 323.00
2653 323.00
2654 323.00
2655 323.00
2656 323.00
2657 323.00
2658 323.00
2659 323.00
2660 323.00
2661 323.00
2662 323.00
2663 323.00
2664 323.00
2665 323.00
2666 323.00
2667 323.00
2668 323.00
2669 323.00
2670 323.00
2671 323.00
2672 323.00
2673 323.00
2674 323.00
2675 323.00
2676 323.00
2677 323.00
2678 323.00
2679 323.00
2680 323.00
2681 323.00
2682 323.00
2683 323.00
2684 323.00
2685 323.00
2686 323.00
2687 323.00
2688 323.00
2689 323.00
2690 323.00
2691 323.00
2692 323.00
2693 323.00
2694 323.00
2695 323.00
2696 323.00
2697 323.00
2698 323.00
2699 323.00
2700 323.00
2701 323.00
2702 323.00
2703 323.00
2704 323.00
2705 323.00
2706 323.00
2707 323.00
2708 323.00
2709 323.00
2710 323.00
2711 323.00
2712 323.00
2713 323.00
2714 323.00
2715 323.00
2716 323.00
2717 323.00
2718 323.00
2719 323.00
2720 323.00
2721 323.00
2722 323.00
2723 323.00
2724 323.00
2725 323.00
2726 323.00
2727 323.00
2728 323.00
2729 323.00
2730 323.00
2731 323.00
2732 323.00
2733 323.00
2734 323.00
2735 323.00
2736 323.00
2737 323.00
2738 323.00
2739 323.00
2740 323.00
2741 323.00
2742 323.00
2743 323.00
2744 323.00
2745 323.00
2746 323.00
2747 323.00
2748 323.00
2749 323.00
2750 323.00
2751 323.00
2752 323.00
2753 323.00
2754 323.00
2755 323.00
2756 323.00
2757 323.00
2758 323.00
2759 323.00
2760 323.00
2761 323.00
2762 323.00
2763 323.00
2764 323.00
2765 323.00
2766 323.00
2767 323.00
2768 323.00
2769 323.00
2770 323.00
2771 323.00
2772 323.00
2773 323.00
2774 323.00
2775 323.00
2776 323.00
2777 323.00
2778 323.00
2779 323.00
2780 323.00
2781 323.00
2782 323.00
2783 323.00
2784 323.00
2785 323.00
2786 323.00
2787 323.00
2788 323.00
2789 323.00
2790 323.00
2791 323.00
2792 323.00
2793 323.00
2794 323.00
2795 323.00
2796 323.00
2797 323.00
2798 323.00
2799 323.00
2800 279.60
2801 279.60
2802 279.60
2803 279.60
2804 279.60
2805 279.60
2806 279.60
2807 279.60
2808 279.60
2809 279.60
2810 279.60
2811 279.60
2812 279.60
2813 279.60
2814 279.60
2815 279.60
2816 279.60
2817 279.60
2818 279.60
2819 279.60
2820 279.60
2821 279.60
2822 279.60
2823 279.60
2824 279.60
2825 279.60
2826 279.60
2827 279.60
2828 279.60
2829 279.60
2830 279.60
2831 279.60
2832 279.60
2833 279.60
2834 279.60
2835 279.60
2836 279.60
2837 279.60
2838 279.60
2839 279.60
2840 279.60
2841 279.60
2842 279.60
2843 279.60
2844 279.60
2845 279.60
2846 279.60
2847 279.60
2848 279.60
2849 279.60
2850 279.60
2851 279.60
2852 279.60
2853 279.60
2854 279.60
2855 279.60
2856 279.60
2857 279.60
2858 279.60
2859 279.60
2860 279.60
2861 279.60
2862 279.60
2863 279.60
2864 279.60
2865 279.60
2866 279.60
2867 279.60
2868 279.60
2869 279.60
2870 279.60
2871 279.60
2872 279.60
2873 279.60
2874 279.60
2875 279.60
2876 279.60
2877 279.60
2878 279.60
2879 279.60
2880 279.60
2881 279.60
2882 279.60
2883 279.60
2884 279.60
2885 279.60
2886 279.60
2887 279.60
2888 279.60
2889 279.60
2890 279.60
2891 279.60
2892 279.60
2893 279.60
2894 279.60
2895 279.60
2896 279.60
2897 279.60
2898 279.60
2899 279.60
2900 279.60
2901 279.60
2902 279.60
2903 279.60
2904 279.60
2905 279.60
2906 279.60
2907 279.60
2908 279.60
2909 279.60
2910 279.60
2911 279.60
2912 279.60
2913 279.60
2914 279.60
2915 279.60
2916 279.60
2917 279.60
2918 279.60
2919 279.60
2920 279.60
2921 279.60
2922 279.60
2923 279.60
2924 279.60
2925 279.60
2926 279.60
2927 279.60
2928 279.60
2929 279.60
2930 279.60
2931 279.60
2932 279.60
2933 279.60
2934 279.60
2935 279.60
2936 279.60
2937 279.60
2938 279.60
2939 279.60
2940 279.60
2941 279.60
2942 279.60
2943 279.60
2944 279.60
2945 279.60
2946 279.60
2947 279.60
2948 279.60
2949 279.60
2950 279.60
2951 279.60
2952 279.60
2953 279.60
2954 279.60
2955 279.60
2956 279.60
2957 279.60
2958 279.60
2959 279.60
2960 279.60
2961 279.60
2962 279.60
2963 279.60
2964 279.60
2965 279.60
2966 279.60
2967 279.60
2968 279.60
2969 279.60
2970 279.60
2971 279.60
2972 279.60
2973 279.60
2974 279.60
2975 279.60
2976 279.60
2977 279.60
2978 279.60
2979 279.60
2980 279.60
2981 279.60
2982 279.60
2983 279.60
2984 279.60
2985 279.60
2986 279.60
2987 279.60
2988 279.60
2989 279.60
2990 279.60
2991 279.60
2992 279.60
2993 279.60
2994 279.60
2995 279.60
2996 279.60
2997 279.60
2998 279.60
2999 279.60
