0 -0.29
1 -0.21
2 -0.20
3 -0.17
4 -0.16
5 -0.28
6 -0.10
7 -0.17
8 -0.24
9 -0.24
10 -0.18
11 -0.23
12 -0.17
13 -0.18
14 -0.17
15 -0.23
16 -0.17
17 -0.18
18 -0.36
19 -0.20
20 -0.18
21 0.06
22 0.49
23 0.49
24 0.49
25 0.49
26 0.49
27 0.49
28 0.49
29 0.49
30 -0.25
31 0.49
32 -0.19
33 0.49
34 0.49
35 0.49
36 0.49
37 -0.32
38 0.49
39 0.49
40 0.49
41 -0.40
42 0.49
43 -0.09
44 0.49
45 -0.26
46 0.46
47 0.49
48 0.49
49 0.49
50 0.49
51 0.49
52 -0.34
53 -0.31
54 -0.28
55 -0.13
56 -0.25
57 0.44
58 -0.23
59 0.49
60 0.46
61 0.49
62 0.49
63 0.49
64 0.49
65 0.44
66 0.49
67 -0.38
68 -0.31
69 -0.29
70 -0.34
71 -0.07
72 -0.00
73 -0.07
74 -0.21
75 -0.24
76 -0.19
77 -0.18
78 0.49
79 -0.34
80 0.49
81 -0.09
82 0.49
83 -0.32
84 -0.36
85 0.46
86 0.40
87 -0.31
88 -0.36
89 0.49
90 0.49
91 0.49
92 0.49
93 0.44
94 -0.28
95 -0.29
96 0.44
97 0.49
98 -0.34
99 -0.31
100 -0.09
101 0.46
102 0.49
103 0.40
104 -0.29
105 -0.14
106 0.46
107 0.49
108 -0.13
109 -0.28
110 -0.08
111 0.49
112 -0.36
113 -0.31
114 0.49
115 0.46
116 0.44
117 0.49
118 -0.32
119 0.49
120 0.49
121 -0.31
122 -0.29
123 0.49
124 0.46
125 0.49
126 0.49
127 0.44
128 0.42
129 0.49
130 -0.31
131 -0.28
132 -0.31
133 0.49
134 0.46
135 0.38
136 -0.09
137 -0.32
138 0.49
139 0.46
140 0.46
141 0.44
142 -0.40
143 -0.24
144 -0.25
145 -0.18
146 -0.23
147 -0.26
148 -0.26
149 -0.14
150 -0.26
151 -0.21
152 -0.24
153 -0.15
154 -0.26
155 -0.26
156 -0.19
157 -0.23
158 -0.29
159 0.44
160 0.44
161 0.42
162 0.49
163 0.49
164 0.49
165 -0.19
166 0.42
167 0.49
168 0.49
169 -0.23
170 0.49
171 0.49
172 0.49
173 0.46
174 0.44
175 -0.29
176 -0.26
177 0.19
178 0.49
179 -0.09
180 -0.25
181 -0.25
182 0.36
183 -0.12
184 -0.32
185 0.49
186 0.49
187 0.49
188 0.49
189 -0.26
190 0.49
191 0.49
192 -0.08
193 0.49
194 0.49
195 0.49
196 0.49
197 0.44
198 0.49
199 0.46
200 0.46
201 0.49
202 -0.25
203 0.49
204 0.44
205 -0.26
206 -0.36
207 -0.20
208 -0.23
209 -0.36
210 -0.32
211 0.49
212 0.49
213 -0.29
214 0.34
215 -0.26
216 -0.26
217 0.36
218 0.49
219 -0.34
220 0.49
221 -0.29
222 -0.21
223 -0.36
224 0.36
225 0.49
226 0.49
227 0.44
228 0.40
229 -0.20
230 0.46
231 0.49
232 0.49
233 0.49
234 -0.18
235 0.49
236 -0.31
237 0.46
238 0.49
239 0.49
240 0.49
241 -0.32
242 0.42
243 0.40
244 0.49
245 0.49
246 -0.25
247 0.46
248 -0.09
249 -0.29
250 0.49
251 0.49
252 -0.34
253 0.46
254 -0.31
255 0.49
256 -0.32
257 0.40
258 -0.28
259 -0.28
260 -0.34
261 0.49
262 -0.36
263 0.49
264 -0.32
265 0.49
266 0.49
267 0.46
268 0.49
269 0.46
270 0.49
271 0.49
272 0.49
273 0.44
274 0.46
275 -0.07
276 0.38
277 -0.17
278 -0.29
279 0.42
280 0.49
281 0.49
282 -0.31
283 0.49
284 0.49
285 0.49
286 0.11
287 0.49
288 -0.24
289 0.49
290 0.42
291 -0.26
292 0.46
293 -0.28
294 -0.11
295 -0.34
296 -0.12
297 0.49
298 -0.29
299 0.46
300 0.49
301 0.40
302 0.46
303 -0.32
304 0.49
305 0.49
306 0.49
307 -0.36
308 0.10
309 -0.26
310 -0.21
311 -0.38
312 -0.36
313 0.49
314 0.49
315 -0.11
316 -0.32
317 0.46
318 -0.12
319 0.49
320 -0.10
321 0.49
322 0.49
323 -0.19
324 0.49
325 0.49
326 -0.31
327 0.38
328 0.46
329 0.49
330 -0.28
331 0.49
332 0.49
333 0.46
334 -0.31
335 0.49
336 -0.31
337 0.44
338 0.44
339 0.49
340 -0.32
341 0.49
342 0.49
343 0.46
344 0.44
345 0.49
346 0.49
347 -0.12
348 0.40
349 0.25
350 -0.32
351 0.49
352 0.13
353 0.49
354 -0.09
355 -0.04
356 -0.19
357 -0.19
358 -0.09
359 -0.18
360 -0.01
361 0.49
362 -0.12
363 0.49
364 -0.11
365 -0.18
366 -0.14
367 0.49
368 -0.06
369 -0.10
370 -0.02
371 -0.09
372 -0.15
373 -0.02
374 -0.26
375 -0.17
376 0.49
377 -0.32
378 0.44
379 0.49
380 0.49
381 -0.15
382 0.49
383 0.42
384 0.49
385 -0.34
386 0.49
387 -0.25
388 0.49
389 -0.26
390 0.49
391 -0.38
392 0.44
393 0.44
394 -0.34
395 0.46
396 0.49
397 -0.32
398 -0.31
399 0.49
400 0.49
401 0.49
402 -0.28
403 0.49
404 0.49
405 0.46
406 0.49
407 -0.08
408 0.49
409 0.42
410 0.49
411 0.49
412 -0.29
413 0.49
414 -0.32
415 0.49
416 0.46
417 0.49
418 -0.34
419 0.49
420 -0.34
421 0.49
422 0.46
423 -0.34
424 -0.34
425 -0.26
426 -0.28
427 0.44
428 0.49
429 -0.36
430 0.49
431 -0.38
432 0.44
433 -0.31
434 0.46
435 -0.29
436 0.46
437 0.44
438 -0.36
439 0.40
440 0.49
441 -0.34
442 0.46
443 0.49
444 0.49
445 -0.36
446 -0.25
447 0.49
448 -0.31
449 -0.29
450 0.40
451 0.49
452 -0.25
453 -0.28
454 0.44
455 0.46
456 -0.21
457 -0.29
458 0.36
459 0.49
460 0.49
461 0.44
462 0.44
463 -0.09
464 0.49
465 -0.32
466 0.49
467 0.44
468 0.42
469 0.49
470 -0.32
471 0.49
472 -0.36
473 0.44
474 -0.28
475 0.49
476 0.49
477 0.49
478 0.49
479 -0.32
480 0.46
481 0.49
482 -0.34
483 0.49
484 -0.25
485 0.46
486 -0.31
487 -0.29
488 0.49
489 0.49
490 0.49
491 0.49
492 0.44
493 -0.09
494 0.49
495 -0.32
496 0.46
497 0.44
498 0.49
499 -0.36
500 -0.34
501 0.49
502 0.46
503 0.49
504 0.44
505 0.46
506 -0.29
507 0.49
508 0.49
509 0.49
510 0.44
511 0.49
512 0.44
513 0.49
514 0.49
515 -0.09
516 -0.25
517 -0.31
518 0.44
519 0.49
520 0.49
521 -0.31
522 0.49
523 0.49
524 -0.31
525 0.49
526 -0.32
527 0.49
528 0.49
529 0.46
530 0.42
531 0.49
532 0.44
533 -0.31
534 -0.23
535 -0.25
536 0.44
537 0.44
538 0.44
539 -0.31
540 -0.34
541 -0.15
542 0.44
543 -0.28
544 -0.34
545 -0.36
546 0.36
547 0.49
548 -0.26
549 0.46
550 -0.29
551 -0.24
552 0.49
553 0.49
554 0.44
555 0.46
556 -0.31
557 -0.32
558 0.49
559 -0.26
560 0.42
561 -0.32
562 -0.31
563 0.49
564 -0.36
565 0.40
566 -0.26
567 0.49
568 -0.34
569 -0.34
570 0.44
571 0.44
572 0.49
573 0.49
574 0.49
575 0.42
576 0.49
577 -0.21
578 0.49
579 0.44
580 0.49
581 0.44
582 -0.31
583 0.49
584 -0.12
585 0.49
586 0.49
587 0.49
588 0.46
589 0.44
590 -0.32
591 -0.34
592 -0.28
593 0.44
594 0.44
595 0.49
596 0.44
597 -0.34
598 0.46
599 -0.36
600 0.49
601 0.49
602 0.40
603 0.49
604 0.40
605 0.46
606 0.49
607 -0.20
608 0.44
609 -0.26
610 0.42
611 0.44
612 0.42
613 -0.34
614 -0.32
615 0.40
616 0.49
617 0.49
618 0.44
619 -0.31
620 -0.26
621 0.44
622 0.49
623 0.49
624 0.49
625 0.49
626 0.49
627 0.49
628 0.49
629 -0.09
630 -0.34
631 -0.36
632 -0.31
633 -0.34
634 -0.29
635 0.49
636 0.49
637 0.44
638 -0.29
639 0.46
640 0.49
641 0.49
642 -0.31
643 -0.36
644 0.49
645 0.42
646 -0.18
647 -0.31
648 -0.36
649 -0.31
650 -0.34
651 0.44
652 -0.29
653 0.49
654 0.49
655 -0.31
656 0.49
657 -0.28
658 0.49
659 0.49
660 0.42
661 0.49
662 0.49
663 0.49
664 0.49
665 0.40
666 -0.29
667 -0.24
668 -0.36
669 0.46
670 -0.34
671 -0.02
672 0.49
673 0.49
674 0.49
675 0.49
676 0.38
677 -0.21
678 0.44
679 0.40
680 -0.31
681 0.49
682 0.46
683 0.49
684 0.46
685 0.44
686 -0.31
687 -0.36
688 -0.28
689 -0.31
690 0.49
691 -0.32
692 0.44
693 0.46
694 -0.26
695 0.49
696 0.46
697 0.49
698 -0.34
699 0.49
700 -0.21
701 0.49
702 0.46
703 0.49
704 0.49
705 -0.12
706 -0.25
707 -0.28
708 0.49
709 0.49
710 0.49
711 0.40
712 -0.28
713 0.46
714 -0.13
715 -0.26
716 0.44
717 -0.31
718 0.46
719 0.46
720 -0.34
721 -0.18
722 -0.01
723 0.44
724 0.40
725 0.32
726 0.49
727 0.44
728 0.44
729 0.40
730 0.40
731 0.49
732 0.49
733 -0.29
734 0.44
735 0.44
736 0.49
737 0.49
738 0.36
739 0.49
740 0.49
741 0.26
742 0.49
743 0.46
744 0.49
745 0.49
746 0.49
747 0.49
748 0.44
749 -0.29
750 0.49
751 0.49
752 0.44
753 0.46
754 -0.36
755 0.38
756 0.49
757 0.49
758 0.42
759 0.42
760 0.44
761 -0.31
762 0.44
763 0.38
764 0.44
765 0.44
766 -0.25
767 -0.24
768 0.40
769 0.46
770 0.49
771 0.49
772 -0.28
773 0.49
774 0.49
775 0.40
776 -0.34
777 0.49
778 0.49
779 0.44
780 0.44
781 0.44
782 0.42
783 -0.26
784 0.40
785 0.40
786 0.40
787 -0.23
788 -0.28
789 0.44
790 0.44
791 0.49
792 -0.29
793 -0.25
794 0.49
795 0.42
796 0.49
797 -0.20
798 0.40
799 -0.31
800 0.49
801 0.49
802 0.49
803 -0.11
804 0.40
805 -0.26
806 -0.26
807 -0.28
808 0.42
809 0.25
810 -0.19
811 0.26
812 0.36
813 0.44
814 0.32
815 0.44
816 0.40
817 0.29
818 0.44
819 -0.34
820 0.42
821 0.44
822 0.31
823 0.42
824 0.44
825 -0.25
826 0.40
827 -0.15
828 0.36
829 -0.28
830 -0.32
831 0.21
832 -0.28
833 0.29
834 0.24
835 -0.31
836 0.38
837 -0.31
838 0.40
839 0.44
840 0.36
841 0.44
842 -0.31
843 -0.12
844 0.19
845 0.44
846 0.49
847 0.49
848 0.49
849 -0.14
850 0.44
851 0.49
852 0.26
853 0.40
854 -0.06
855 0.49
856 0.46
857 0.40
858 0.49
859 0.21
860 -0.29
861 0.44
862 0.49
863 -0.12
864 0.49
865 0.28
866 0.49
867 0.49
868 0.21
869 0.49
870 0.44
871 -0.26
872 0.12
873 0.44
874 0.44
875 0.49
876 -0.24
877 0.28
878 0.49
879 -0.19
880 -0.10
881 0.36
882 0.36
883 0.44
884 0.49
885 -0.21
886 0.44
887 0.25
888 0.40
889 0.40
890 0.29
891 0.44
892 -0.23
893 0.44
894 0.23
895 0.49
896 0.49
897 0.49
898 0.49
899 0.36
900 0.49
901 0.34
902 0.44
903 -0.29
904 0.24
905 0.42
906 0.28
907 0.49
908 -0.11
909 0.49
910 0.49
911 -0.31
912 0.49
913 0.49
914 0.49
915 0.26
916 0.36
917 0.29
918 0.49
919 0.26
920 0.26
921 0.46
922 -0.10
923 0.31
924 0.49
925 0.25
926 -0.09
927 0.40
928 0.49
929 -0.05
930 -0.31
931 0.17
932 0.42
933 0.49
934 0.44
935 0.46
936 0.49
937 0.49
938 0.46
939 0.49
940 -0.11
941 0.44
942 0.44
943 -0.24
944 0.49
945 -0.28
946 0.42
947 0.46
948 0.49
949 0.49
950 -0.03
951 0.42
952 0.49
953 0.49
954 0.49
955 -0.18
956 0.38
957 0.42
958 -0.07
959 -0.19
960 0.49
961 0.44
962 0.46
963 0.49
964 0.49
965 -0.21
966 0.49
967 0.46
968 0.49
969 0.49
970 -0.13
971 0.46
972 0.49
973 0.40
974 0.44
975 0.49
976 0.44
977 0.49
978 0.40
979 0.26
980 0.49
981 0.38
982 0.49
983 0.25
984 0.49
985 0.49
986 0.26
987 -0.21
988 0.17
989 0.21
990 0.49
991 -0.09
992 0.49
993 0.40
994 0.40
995 0.44
996 0.49
997 0.49
998 -0.36
999 -0.09
1000 0.44
1001 -0.10
1002 0.46
1003 0.44
1004 -0.24
1005 0.42
1006 0.32
1007 0.49
1008 -0.16
1009 0.17
1010 0.44
1011 0.40
1012 -0.14
1013 0.31
1014 0.38
1015 -0.17
1016 0.18
1017 0.49
1018 0.49
1019 -0.24
1020 0.49
1021 -0.28
1022 0.49
1023 -0.13
1024 -0.03
1025 -0.04
1026 -0.31
1027 -0.25
1028 0.32
1029 0.38
1030 0.49
1031 0.49
1032 0.36
1033 0.38
1034 0.46
1035 -0.09
1036 0.19
1037 -0.09
1038 0.32
1039 0.29
1040 0.29
1041 0.36
1042 0.49
1043 -0.26
1044 0.46
1045 0.49
1046 0.46
1047 0.40
1048 0.49
1049 0.44
1050 0.49
1051 0.49
1052 0.36
1053 -0.28
1054 0.44
1055 0.46
1056 -0.10
1057 0.49
1058 -0.11
1059 0.49
1060 0.29
1061 0.20
1062 0.38
1063 0.49
1064 -0.09
1065 -0.08
1066 0.49
1067 0.49
1068 0.49
1069 0.49
1070 0.46
1071 0.49
1072 0.49
1073 0.34
1074 0.31
1075 -0.15
1076 -0.18
1077 -0.08
1078 0.49
1079 0.40
1080 0.44
1081 0.26
1082 0.36
1083 0.49
1084 0.49
1085 0.49
1086 -0.17
1087 -0.24
1088 0.38
1089 -0.17
1090 0.40
1091 0.44
1092 0.46
1093 0.49
1094 0.49
1095 0.24
1096 0.44
1097 0.40
1098 -0.08
1099 0.49
1100 0.49
1101 0.49
1102 0.49
1103 0.42
1104 0.40
1105 -0.18
1106 0.49
1107 -0.08
1108 0.49
1109 0.44
1110 0.46
1111 0.42
1112 0.49
1113 0.49
1114 0.44
1115 0.49
1116 0.17
1117 0.29
1118 0.49
1119 0.49
1120 -0.10
1121 0.44
1122 0.24
1123 0.49
1124 0.40
1125 0.49
1126 -0.07
1127 0.49
1128 0.46
1129 -0.19
1130 0.49
1131 0.49
1132 -0.00
1133 -0.06
1134 -0.32
1135 -0.20
1136 0.49
1137 0.49
1138 0.49
1139 0.49
1140 0.36
1141 0.38
1142 -0.25
1143 -0.32
1144 0.46
1145 -0.12
1146 0.36
1147 0.49
1148 0.32
1149 0.49
1150 0.40
1151 0.49
1152 0.49
1153 0.49
1154 0.49
1155 0.44
1156 -0.28
1157 -0.07
1158 -0.04
1159 -0.29
1160 0.44
1161 0.42
1162 0.46
1163 0.49
1164 -0.29
1165 0.32
1166 0.44
1167 0.44
1168 -0.09
1169 0.49
1170 0.40
1171 0.44
1172 0.40
1173 -0.01
1174 0.46
1175 0.49
1176 0.31
1177 0.49
1178 0.26
1179 0.49
1180 -0.23
1181 0.42
1182 -0.18
1183 0.24
1184 -0.06
1185 0.42
1186 0.49
1187 0.40
1188 -0.17
1189 -0.07
1190 -0.17
1191 0.49
1192 -0.23
1193 0.49
1194 0.46
1195 0.40
1196 0.42
1197 0.49
1198 0.46
1199 0.42
1200 0.49
1201 0.49
1202 -0.32
1203 0.49
1204 -0.08
1205 0.49
1206 0.46
1207 -0.12
1208 0.46
1209 0.44
1210 0.46
1211 -0.25
1212 0.44
1213 -0.31
1214 -0.17
1215 -0.31
1216 0.42
1217 0.49
1218 0.44
1219 -0.29
1220 0.49
1221 0.28
1222 0.49
1223 -0.32
1224 0.44
1225 -0.28
1226 -0.26
1227 0.40
1228 0.24
1229 -0.10
1230 0.49
1231 0.49
1232 0.49
1233 0.32
1234 0.36
1235 0.36
1236 0.49
1237 0.49
1238 0.40
1239 0.49
1240 0.49
1241 -0.34
1242 0.46
1243 0.49
1244 0.49
1245 0.49
1246 0.42
1247 0.46
1248 -0.07
1249 0.44
1250 -0.26
1251 0.32
1252 0.49
1253 -0.14
1254 0.34
1255 0.46
1256 0.49
1257 0.36
1258 0.46
1259 0.49
1260 -0.13
1261 0.49
1262 0.46
1263 0.49
1264 -0.11
1265 0.44
1266 0.42
1267 0.44
1268 0.44
1269 0.40
1270 0.49
1271 0.49
1272 0.46
1273 0.49
1274 -0.31
1275 -0.06
1276 0.38
1277 0.21
1278 0.49
1279 0.42
1280 0.49
1281 0.49
1282 -0.23
1283 0.44
1284 0.34
1285 0.36
1286 0.49
1287 0.24
1288 0.13
1289 0.49
1290 0.44
1291 -0.34
1292 0.49
1293 0.36
1294 0.44
1295 0.49
1296 -0.23
1297 0.44
1298 0.49
1299 0.49
1300 -0.18
1301 0.49
1302 0.40
1303 -0.24
1304 0.36
1305 0.44
1306 0.36
1307 0.49
1308 0.49
1309 0.42
1310 0.49
1311 0.49
1312 0.44
1313 0.44
1314 0.31
1315 0.49
1316 0.29
1317 0.42
1318 0.32
1319 -0.18
1320 0.24
1321 0.34
1322 0.44
1323 0.46
1324 0.49
1325 0.46
1326 0.40
1327 0.49
1328 0.46
1329 -0.04
1330 -0.25
1331 0.40
1332 -0.12
1333 0.49
1334 0.29
1335 0.49
1336 -0.05
1337 0.44
1338 0.38
1339 -0.16
1340 0.44
1341 0.46
1342 0.25
1343 0.49
1344 0.49
1345 0.44
1346 0.40
1347 0.40
1348 0.31
1349 0.49
1350 0.44
1351 0.44
1352 0.23
1353 0.49
1354 0.40
1355 0.49
1356 0.49
1357 0.49
1358 0.46
1359 0.13
1360 0.49
1361 0.40
1362 0.49
1363 0.40
1364 0.44
1365 0.34
1366 -0.21
1367 0.32
1368 0.32
1369 0.49
1370 0.36
1371 0.49
1372 0.29
1373 0.49
1374 0.46
1375 0.44
1376 0.49
1377 0.49
1378 0.49
1379 0.49
1380 0.49
1381 0.46
1382 0.40
1383 0.44
1384 0.49
1385 0.49
1386 0.46
1387 0.40
1388 0.42
1389 0.49
1390 0.49
1391 0.49
1392 0.46
1393 0.36
1394 0.44
1395 0.49
1396 0.46
1397 0.49
1398 0.49
1399 0.21
1400 -0.21
1401 0.19
1402 -0.29
1403 0.46
1404 -0.24
1405 0.44
1406 -0.11
1407 -0.32
1408 -0.26
1409 0.44
1410 0.46
1411 -0.26
1412 -0.18
1413 -0.32
1414 0.29
1415 0.20
1416 0.14
1417 0.40
1418 0.38
1419 0.49
1420 0.49
1421 0.31
1422 0.49
1423 0.49
1424 0.32
1425 0.49
1426 0.49
1427 0.44
1428 -0.28
1429 0.49
1430 0.44
1431 0.49
1432 0.46
1433 0.38
1434 0.49
1435 -0.29
1436 0.40
1437 0.34
1438 0.19
1439 0.49
1440 0.40
1441 -0.26
1442 0.49
1443 0.36
1444 0.40
1445 0.26
1446 0.49
1447 0.49
1448 -0.11
1449 0.49
1450 0.49
1451 0.49
1452 0.49
1453 0.49
1454 0.44
1455 0.42
1456 0.32
1457 0.40
1458 0.44
1459 0.40
1460 0.49
1461 0.38
1462 0.44
1463 -0.29
1464 0.32
1465 0.23
1466 0.26
1467 0.49
1468 0.49
1469 0.49
1470 0.21
1471 0.49
1472 0.44
1473 0.44
1474 0.44
1475 0.49
1476 0.44
1477 0.49
1478 0.49
1479 -0.15
1480 0.44
1481 -0.26
1482 0.31
1483 0.40
1484 0.40
1485 0.49
1486 0.32
1487 -0.34
1488 0.49
1489 -0.18
1490 0.49
1491 0.12
1492 -0.29
1493 0.34
1494 0.49
1495 0.49
1496 0.40
1497 0.44
1498 0.26
1499 0.49
1500 0.46
1501 -0.26
1502 0.49
1503 0.36
1504 0.49
1505 -0.28
1506 0.49
1507 0.40
1508 0.49
1509 0.36
1510 0.44
1511 0.49
1512 0.46
1513 0.18
1514 0.49
1515 0.49
1516 0.49
1517 0.49
1518 0.46
1519 -0.28
1520 0.44
1521 0.36
1522 0.40
1523 0.23
1524 0.17
1525 0.46
1526 -0.17
1527 0.49
1528 0.49
1529 0.49
1530 0.49
1531 0.49
1532 0.44
1533 0.44
1534 0.24
1535 0.49
1536 0.49
1537 0.49
1538 0.49
1539 0.29
1540 0.46
1541 0.46
1542 0.26
1543 0.49
1544 0.40
1545 0.49
1546 0.44
1547 0.49
1548 0.49
1549 -0.24
1550 0.46
1551 0.24
1552 0.29
1553 0.36
1554 0.40
1555 0.49
1556 0.42
1557 0.25
1558 0.49
1559 0.49
1560 0.49
1561 0.44
1562 0.26
1563 -0.28
1564 0.40
1565 0.40
1566 0.40
1567 0.49
1568 0.16
1569 0.40
1570 0.44
1571 0.12
1572 -0.20
1573 0.44
1574 0.38
1575 0.44
1576 0.40
1577 0.25
1578 0.44
1579 0.36
1580 -0.26
1581 0.29
1582 0.49
1583 0.44
1584 0.32
1585 0.49
1586 0.49
1587 -0.21
1588 0.49
1589 0.32
1590 0.49
1591 0.49
1592 0.32
1593 0.44
1594 0.49
1595 0.36
1596 0.34
1597 0.31
1598 0.49
1599 0.44
1600 0.49
1601 -0.15
1602 0.49
1603 0.23
1604 0.44
1605 -0.18
1606 0.29
1607 0.46
1608 0.40
1609 0.18
1610 0.44
1611 0.49
1612 0.46
1613 0.49
1614 0.26
1615 0.36
1616 0.49
1617 0.49
1618 0.49
1619 0.49
1620 0.46
1621 0.49
1622 0.36
1623 0.26
1624 0.49
1625 0.24
1626 0.49
1627 0.46
1628 0.49
1629 0.49
1630 0.49
1631 0.29
1632 0.40
1633 -0.14
1634 0.40
1635 0.44
1636 0.36
1637 0.44
1638 0.49
1639 -0.11
1640 0.29
1641 0.44
1642 0.36
1643 0.36
1644 0.49
1645 -0.31
1646 0.44
1647 0.36
1648 0.44
1649 0.31
1650 0.49
1651 0.46
1652 0.24
1653 0.40
1654 0.23
1655 0.40
1656 0.42
1657 0.40
1658 0.24
1659 0.44
1660 0.49
1661 0.42
1662 0.49
1663 0.49
1664 0.49
1665 0.42
1666 0.19
1667 -0.19
1668 0.44
1669 0.49
1670 0.49
1671 0.44
1672 0.44
1673 0.44
1674 0.46
1675 0.40
1676 0.40
1677 0.26
1678 0.49
1679 0.44
1680 0.06
1681 0.42
1682 0.42
1683 0.49
1684 0.42
1685 0.44
1686 0.42
1687 0.49
1688 0.46
1689 0.49
1690 0.49
1691 0.19
1692 0.49
1693 0.49
1694 0.44
1695 0.40
1696 0.49
1697 0.49
1698 0.36
1699 0.49
1700 0.44
1701 0.40
1702 0.32
1703 0.14
1704 0.44
1705 0.32
1706 0.31
1707 0.44
1708 -0.21
1709 0.17
1710 0.36
1711 0.44
1712 0.44
1713 0.49
1714 0.49
1715 -0.26
1716 0.44
1717 0.29
1718 0.46
1719 0.46
1720 0.49
1721 0.40
1722 0.46
1723 0.25
1724 0.40
1725 -0.18
1726 0.17
1727 0.26
1728 0.36
1729 0.21
1730 0.34
1731 -0.17
1732 0.36
1733 0.29
1734 0.38
1735 0.26
1736 0.24
1737 0.23
1738 0.31
1739 0.28
1740 0.23
1741 0.26
1742 0.44
1743 0.38
1744 0.36
1745 0.44
1746 -0.11
1747 -0.29
1748 0.36
1749 0.40
1750 0.49
1751 0.42
1752 0.46
1753 0.44
1754 0.38
1755 0.49
1756 0.49
1757 0.49
1758 0.49
1759 0.44
1760 0.20
1761 0.49
1762 0.46
1763 0.44
1764 0.42
1765 0.44
1766 0.34
1767 0.49
1768 0.49
1769 0.44
1770 0.44
1771 0.46
1772 0.34
1773 0.40
1774 0.49
1775 0.44
1776 0.46
1777 0.40
1778 0.06
1779 0.49
1780 0.46
1781 0.49
1782 0.46
1783 0.40
1784 0.46
1785 0.46
1786 0.44
1787 -0.26
1788 -0.14
1789 0.49
1790 0.44
1791 0.49
1792 -0.14
1793 0.49
1794 0.49
1795 0.40
1796 0.40
1797 0.24
1798 0.49
1799 0.44
1800 0.31
1801 0.29
1802 0.40
1803 0.46
1804 0.49
1805 0.24
1806 0.42
1807 0.34
1808 0.46
1809 0.42
1810 0.44
1811 0.14
1812 0.42
1813 -0.28
1814 0.34
1815 0.40
1816 0.14
1817 0.19
1818 0.38
1819 0.46
1820 0.42
1821 0.36
1822 0.36
1823 0.40
1824 0.49
1825 0.46
1826 0.44
1827 0.46
1828 0.49
1829 0.44
1830 0.49
1831 0.49
1832 0.46
1833 0.40
1834 0.40
1835 0.42
1836 0.46
1837 0.42
1838 0.40
1839 0.42
1840 0.38
1841 0.49
1842 0.42
1843 0.46
1844 0.46
1845 0.44
1846 0.44
1847 0.46
1848 -0.17
1849 0.38
1850 -0.38
1851 0.38
1852 0.38
1853 0.19
1854 0.42
1855 0.40
1856 0.42
1857 0.36
1858 0.44
1859 0.49
1860 0.42
1861 0.46
1862 0.36
1863 0.49
1864 0.44
1865 0.44
1866 0.49
1867 0.40
1868 -0.32
1869 0.42
1870 0.38
1871 0.42
1872 0.38
1873 0.49
1874 0.42
1875 0.49
1876 0.44
1877 0.44
1878 0.44
1879 0.42
1880 0.49
1881 0.44
1882 0.49
1883 0.49
1884 0.44
1885 0.46
1886 0.42
1887 0.42
1888 0.49
1889 0.44
1890 -0.28
1891 -0.25
1892 0.42
1893 0.49
1894 0.49
1895 0.49
1896 0.46
1897 0.34
1898 0.49
1899 0.49
1900 0.44
1901 0.49
1902 0.42
1903 0.46
1904 0.49
1905 0.23
1906 0.40
1907 0.34
1908 0.44
1909 0.46
1910 0.49
1911 0.38
1912 0.36
1913 0.46
1914 0.49
1915 0.44
1916 0.46
1917 0.49
1918 0.49
1919 0.38
1920 0.49
1921 0.49
1922 0.49
1923 0.42
1924 0.38
1925 0.40
1926 0.49
1927 0.49
1928 0.49
1929 0.46
1930 0.49
1931 0.40
1932 0.49
1933 -0.26
1934 0.42
1935 0.46
1936 0.49
1937 0.25
1938 0.49
1939 0.46
1940 0.25
1941 0.42
1942 0.44
1943 0.17
1944 0.38
1945 0.38
1946 0.25
1947 0.46
1948 0.38
1949 0.42
1950 0.34
1951 0.49
1952 0.36
1953 0.49
1954 0.46
1955 0.44
1956 0.38
1957 0.44
1958 0.46
1959 0.38
1960 0.44
1961 0.42
1962 0.38
1963 0.44
1964 0.49
1965 0.49
1966 0.44
1967 0.42
1968 0.40
1969 0.46
1970 0.46
1971 0.31
1972 0.44
1973 0.46
1974 0.46
1975 0.40
1976 0.26
1977 0.46
1978 0.36
1979 0.46
1980 0.46
1981 -0.28
1982 0.44
1983 0.44
1984 0.36
1985 0.40
1986 0.38
1987 0.49
1988 0.29
1989 0.49
1990 0.46
1991 0.23
1992 0.44
1993 0.32
1994 -0.26
1995 0.46
1996 0.46
1997 -0.18
1998 0.46
1999 0.17
2000 0.46
2001 -0.29
2002 0.32
2003 0.46
2004 0.44
2005 -0.26
2006 0.42
2007 0.32
2008 0.31
2009 0.42
2010 0.49
2011 0.49
2012 0.40
2013 0.49
2014 0.28
2015 0.44
2016 0.44
2017 0.46
2018 -0.29
2019 0.46
2020 0.28
2021 -0.26
2022 0.44
2023 0.46
2024 -0.07
2025 0.49
2026 0.46
2027 0.44
2028 0.42
2029 0.24
2030 0.44
2031 0.40
2032 -0.12
2033 0.31
2034 0.46
2035 0.46
2036 0.46
2037 0.46
2038 0.46
2039 0.25
2040 0.20
2041 0.38
2042 0.46
2043 0.34
2044 0.49
2045 0.40
2046 0.44
2047 0.38
2048 0.49
2049 0.46
2050 0.42
2051 0.40
2052 0.49
2053 0.46
2054 0.44
2055 0.44
2056 0.49
2057 0.31
2058 0.40
2059 0.34
2060 0.38
2061 0.49
2062 0.40
2063 0.40
2064 0.28
2065 0.40
2066 0.44
2067 0.49
2068 0.38
2069 -0.29
2070 0.49
2071 0.49
2072 0.46
2073 0.44
2074 0.38
2075 0.46
2076 0.44
2077 0.46
2078 0.38
2079 -0.19
2080 -0.05
2081 0.44
2082 0.28
2083 -0.07
2084 0.44
2085 0.49
2086 0.49
2087 0.46
2088 0.46
2089 0.44
2090 0.46
2091 0.38
2092 0.34
2093 0.40
2094 0.46
2095 -0.12
2096 0.34
2097 0.42
2098 0.19
2099 0.46
2100 0.46
2101 0.49
2102 0.46
2103 0.18
2104 0.49
2105 0.42
2106 0.49
2107 0.42
2108 -0.05
2109 0.49
2110 0.44
2111 0.49
2112 0.46
2113 -0.14
2114 0.42
2115 0.44
2116 0.49
2117 0.46
2118 0.44
2119 0.42
2120 -0.19
2121 0.19
2122 0.46
2123 0.46
2124 0.49
2125 0.44
2126 0.31
2127 0.38
2128 -0.29
2129 0.49
2130 0.40
2131 0.40
2132 0.46
2133 0.46
2134 0.44
2135 0.38
2136 0.49
2137 0.38
2138 0.49
2139 0.49
2140 0.49
2141 0.49
2142 0.49
2143 -0.26
2144 0.40
2145 -0.08
2146 0.42
2147 0.42
2148 -0.23
2149 0.46
2150 0.44
2151 0.46
2152 0.26
2153 -0.12
2154 0.36
2155 0.49
2156 0.36
2157 0.25
2158 0.44
2159 0.44
2160 0.34
2161 0.49
2162 0.31
2163 0.38
2164 0.44
2165 0.36
2166 0.31
2167 0.44
2168 0.44
2169 0.46
2170 0.49
2171 0.46
2172 0.44
2173 0.44
2174 0.49
2175 0.44
2176 -0.12
2177 0.49
2178 -0.24
2179 0.49
2180 0.38
2181 0.42
2182 0.49
2183 0.49
2184 0.46
2185 0.49
2186 0.44
2187 0.49
2188 0.49
2189 0.40
2190 0.49
2191 0.09
2192 0.49
2193 0.44
2194 0.49
2195 0.49
2196 0.44
2197 0.46
2198 -0.21
2199 0.49
2200 0.42
2201 -0.34
2202 0.46
2203 0.46
2204 0.42
2205 0.49
2206 0.44
2207 0.46
2208 0.38
2209 0.46
2210 0.49
2211 0.42
2212 0.46
2213 0.40
2214 0.46
2215 0.42
2216 0.49
2217 0.44
2218 0.46
2219 0.44
2220 0.46
2221 0.42
2222 0.49
2223 0.49
2224 0.40
2225 0.46
2226 0.42
2227 0.38
2228 0.40
2229 0.46
2230 0.32
2231 0.21
2232 0.40
2233 0.46
2234 0.46
2235 0.49
2236 0.44
2237 0.28
2238 0.46
2239 0.46
2240 0.40
2241 0.44
2242 0.38
2243 -0.38
2244 -0.25
2245 0.36
2246 0.36
2247 0.46
2248 0.36
2249 0.26
2250 0.40
2251 0.46
2252 0.46
2253 0.46
2254 -0.34
2255 0.42
2256 0.46
2257 0.38
2258 0.21
2259 0.42
2260 -0.25
2261 -0.24
2262 0.38
2263 0.46
2264 0.38
2265 0.46
2266 0.44
2267 0.36
2268 0.49
2269 0.49
2270 0.42
2271 0.46
2272 0.49
2273 0.49
2274 0.46
2275 0.44
2276 0.46
2277 0.49
2278 0.38
2279 0.46
2280 0.42
2281 0.46
2282 0.34
2283 0.46
2284 0.40
2285 0.46
2286 0.46
2287 0.46
2288 0.46
2289 0.49
2290 0.44
2291 0.46
2292 0.46
2293 -0.31
2294 0.44
2295 0.38
2296 0.46
2297 -0.36
2298 0.42
2299 0.46
2300 0.44
2301 -0.09
2302 0.40
2303 0.42
2304 0.44
2305 0.49
2306 0.49
2307 0.46
2308 0.49
2309 0.44
2310 0.42
2311 0.44
2312 0.32
2313 0.36
2314 0.42
2315 0.46
2316 0.25
2317 0.49
2318 0.38
2319 0.38
2320 0.40
2321 0.44
2322 0.40
2323 0.44
2324 0.34
2325 0.42
2326 0.24
2327 0.32
2328 0.49
2329 0.46
2330 0.40
2331 0.46
2332 0.44
2333 0.49
2334 0.49
2335 0.46
2336 0.44
2337 0.49
2338 0.49
2339 -0.17
2340 0.36
2341 0.42
2342 0.34
2343 0.42
2344 0.40
2345 0.26
2346 0.44
2347 0.46
2348 0.46
2349 0.40
2350 -0.08
2351 0.32
2352 0.40
2353 0.38
2354 0.36
2355 0.49
2356 0.24
2357 0.46
2358 -0.36
2359 0.44
2360 0.46
2361 0.38
2362 -0.18
2363 0.44
2364 0.40
2365 0.28
2366 0.31
2367 0.44
2368 -0.32
2369 -0.24
2370 0.46
2371 0.38
2372 0.44
2373 0.40
2374 0.49
2375 0.49
2376 -0.28
2377 0.46
2378 0.42
2379 0.46
2380 0.44
2381 0.44
2382 0.42
2383 0.44
2384 0.44
2385 0.40
2386 0.40
2387 0.46
2388 0.44
2389 0.46
2390 0.24
2391 0.46
2392 -0.20
2393 0.36
2394 0.44
2395 0.44
2396 0.49
2397 0.38
2398 0.46
2399 0.40
2400 0.46
2401 0.49
2402 0.44
2403 0.49
2404 0.49
2405 0.40
2406 0.49
2407 0.44
2408 0.46
2409 0.24
2410 0.32
2411 0.24
2412 0.29
2413 0.49
2414 0.46
2415 0.42
2416 0.42
2417 0.32
2418 0.44
2419 0.44
2420 0.40
2421 0.46
2422 0.49
2423 0.44
2424 0.49
2425 0.46
2426 0.44
2427 0.49
2428 0.42
2429 0.46
2430 0.49
2431 0.38
2432 0.46
2433 0.44
2434 0.42
2435 0.44
2436 0.34
2437 0.46
2438 0.26
2439 0.44
2440 0.46
2441 0.29
2442 0.44
2443 -0.20
2444 0.34
2445 0.40
2446 0.44
2447 0.25
2448 0.21
2449 0.49
2450 0.14
2451 0.49
2452 0.40
2453 0.46
2454 0.42
2455 0.44
2456 0.38
2457 0.49
2458 0.44
2459 0.44
2460 0.46
2461 0.21
2462 -0.24
2463 0.32
2464 0.29
2465 0.36
2466 0.38
2467 0.49
2468 0.46
2469 0.49
2470 0.44
2471 0.34
2472 0.49
2473 0.49
2474 0.40
2475 0.42
2476 -0.29
2477 0.40
2478 0.12
2479 0.38
2480 0.49
2481 0.46
2482 0.44
2483 -0.13
2484 0.42
2485 0.46
2486 0.46
2487 0.49
2488 0.44
2489 0.42
2490 0.26
2491 0.44
2492 0.49
2493 -0.19
2494 0.42
2495 0.40
2496 0.42
2497 0.49
2498 0.44
2499 0.46
2500 0.49
2501 0.46
2502 0.44
2503 -0.26
2504 0.40
2505 0.49
2506 0.44
2507 0.42
2508 0.38
2509 0.34
2510 0.46
2511 0.44
2512 0.49
2513 0.49
2514 0.44
2515 -0.14
2516 0.40
2517 0.46
2518 0.49
2519 0.46
2520 0.28
2521 0.40
2522 0.49
2523 0.40
2524 0.23
2525 0.49
2526 0.38
2527 -0.20
2528 0.42
2529 0.49
2530 0.49
2531 0.31
2532 0.40
2533 0.49
2534 0.40
2535 0.38
2536 0.49
2537 -0.28
2538 0.42
2539 0.46
2540 0.46
2541 0.49
2542 0.46
2543 0.49
2544 0.38
2545 0.32
2546 0.44
2547 0.40
2548 0.46
2549 0.36
2550 0.49
2551 0.34
2552 0.16
2553 0.44
2554 0.40
2555 0.40
2556 0.38
2557 0.38
2558 0.18
2559 0.34
2560 0.32
2561 0.49
2562 0.40
2563 0.46
2564 0.42
2565 0.28
2566 -0.28
2567 -0.29
2568 0.38
2569 0.32
2570 0.32
2571 0.38
2572 0.36
2573 0.42
2574 0.40
2575 0.42
2576 0.44
2577 0.32
2578 0.46
2579 0.46
2580 0.44
2581 0.46
2582 0.42
2583 0.49
2584 0.46
2585 0.49
2586 0.46
2587 0.44
2588 0.49
2589 -0.13
2590 0.42
2591 0.49
2592 -0.26
2593 0.44
2594 0.46
2595 0.42
2596 0.44
2597 0.49
2598 0.46
2599 0.40
2600 0.44
2601 0.46
2602 0.36
2603 -0.21
2604 0.32
2605 -0.17
2606 -0.05
2607 -0.09
2608 0.00
2609 -0.32
2610 -0.17
2611 0.31
2612 0.38
2613 0.34
2614 -0.32
2615 0.44
2616 0.40
2617 0.49
2618 0.11
2619 0.42
2620 0.42
2621 0.42
2622 0.49
2623 0.42
2624 -0.29
2625 0.36
2626 0.46
2627 0.46
2628 0.46
2629 0.44
2630 0.46
2631 -0.28
2632 0.46
2633 0.49
2634 0.42
2635 0.46
2636 0.42
2637 0.38
2638 0.46
2639 0.46
2640 0.46
2641 0.46
2642 0.42
2643 0.49
2644 0.44
2645 0.42
2646 0.46
2647 0.42
2648 0.10
2649 0.44
2650 0.46
2651 -0.13
2652 -0.29
2653 0.36
2654 0.44
2655 0.14
2656 0.42
2657 0.46
2658 0.46
2659 0.44
2660 0.44
2661 0.44
2662 0.44
2663 0.44
2664 0.44
2665 0.18
2666 0.32
2667 0.42
2668 0.42
2669 0.44
2670 0.42
2671 0.46
2672 0.42
2673 0.38
2674 0.46
2675 0.44
2676 0.49
2677 0.44
2678 0.46
2679 0.49
2680 0.38
2681 0.44
2682 0.46
2683 0.49
2684 0.46
2685 0.49
2686 0.42
2687 -0.32
2688 0.49
2689 0.44
2690 0.44
2691 0.46
2692 0.49
2693 0.42
2694 0.46
2695 0.49
2696 0.46
2697 0.49
2698 0.40
2699 0.44
2700 0.44
2701 0.46
2702 0.44
2703 0.44
2704 0.49
2705 0.46
2706 0.44
2707 0.49
2708 0.49
2709 0.44
2710 0.46
2711 0.38
2712 0.49
2713 0.42
2714 0.44
2715 0.49
2716 0.36
2717 0.44
2718 0.46
2719 0.46
2720 0.46
2721 0.46
2722 0.36
2723 0.46
2724 0.49
2725 0.49
2726 0.36
2727 0.44
2728 0.46
2729 0.42
2730 0.49
2731 0.32
2732 0.46
2733 0.36
2734 0.49
2735 0.46
2736 -0.23
2737 0.46
2738 0.42
2739 -0.32
2740 0.44
2741 0.42
2742 0.40
2743 0.49
2744 0.46
2745 0.49
2746 0.25
2747 0.44
2748 0.46
2749 0.49
2750 0.44
2751 0.44
2752 0.46
2753 0.42
2754 0.49
2755 0.42
2756 -0.13
2757 0.49
2758 0.42
2759 0.32
2760 0.42
2761 0.46
2762 0.49
2763 0.46
2764 0.49
2765 0.49
2766 0.44
2767 0.49
2768 0.29
2769 0.46
2770 0.44
2771 0.49
2772 0.46
2773 0.46
2774 0.49
2775 0.46
2776 0.42
2777 0.49
2778 -0.31
2779 0.42
2780 0.42
2781 0.49
2782 0.42
2783 0.46
2784 0.44
2785 0.42
2786 0.34
2787 0.46
2788 -0.26
2789 0.46
2790 0.44
2791 0.46
2792 -0.17
2793 0.49
2794 0.49
2795 0.46
2796 0.49
2797 0.36
2798 0.49
2799 0.49
2800 0.49
2801 0.36
2802 -0.29
2803 0.40
2804 0.44
2805 0.49
2806 0.29
2807 0.46
2808 0.46
2809 0.49
2810 0.46
2811 0.38
2812 0.40
2813 0.44
2814 0.44
2815 0.49
2816 0.46
2817 0.44
2818 0.49
2819 0.46
2820 0.46
2821 0.44
2822 0.49
2823 0.44
2824 0.44
2825 0.49
2826 0.38
2827 0.36
2828 0.38
2829 0.40
2830 0.38
2831 0.46
2832 0.49
2833 0.44
2834 0.46
2835 0.49
2836 0.44
2837 0.46
2838 0.46
2839 0.46
2840 -0.11
2841 0.46
2842 0.49
2843 0.49
2844 0.42
2845 0.46
2846 0.46
2847 0.44
2848 0.49
2849 0.49
2850 0.49
2851 0.46
2852 0.49
2853 0.44
2854 0.46
2855 0.46
2856 0.49
2857 0.46
2858 0.42
2859 0.44
2860 0.49
2861 0.46
2862 -0.17
2863 0.49
2864 0.40
2865 0.49
2866 0.49
2867 0.46
2868 0.46
2869 0.46
2870 0.44
2871 0.38
2872 0.49
2873 -0.28
2874 0.49
2875 0.46
2876 0.46
2877 0.44
2878 0.49
2879 0.44
2880 0.42
2881 0.49
2882 0.49
2883 0.44
2884 0.44
2885 0.31
2886 0.40
2887 -0.29
2888 0.44
2889 0.49
2890 0.42
2891 0.42
2892 0.42
2893 0.49
2894 0.40
2895 0.44
2896 0.49
2897 0.40
2898 0.49
2899 0.46
2900 0.38
2901 0.46
2902 0.44
2903 0.49
2904 0.24
2905 0.46
2906 0.46
2907 0.44
2908 0.40
2909 0.44
2910 0.32
2911 0.40
2912 0.49
2913 -0.26
2914 -0.29
2915 0.44
2916 0.40
2917 0.38
2918 0.49
2919 -0.24
2920 0.26
2921 0.40
2922 0.29
2923 0.40
2924 0.40
2925 0.26
2926 0.07
2927 0.40
2928 0.44
2929 0.42
2930 0.49
2931 0.49
2932 0.49
2933 0.23
2934 0.49
2935 0.46
2936 0.44
2937 0.34
2938 0.40
2939 0.44
2940 0.44
2941 0.46
2942 0.49
2943 -0.36
2944 0.24
2945 0.46
2946 0.44
2947 0.44
2948 0.49
2949 0.42
2950 0.44
2951 0.38
2952 0.40
2953 0.44
2954 0.44
2955 0.44
2956 0.46
2957 0.40
2958 0.46
2959 0.44
2960 -0.29
2961 0.46
2962 0.49
2963 -0.24
2964 0.40
2965 0.38
2966 0.49
2967 0.49
2968 0.42
2969 0.40
2970 0.46
2971 0.42
2972 0.42
2973 0.46
2974 0.40
2975 0.46
2976 0.44
2977 0.38
2978 0.36
2979 0.46
2980 0.46
2981 0.46
2982 0.49
2983 -0.14
2984 0.34
2985 0.46
2986 0.44
2987 0.46
2988 0.49
2989 0.44
2990 0.40
2991 0.42
2992 0.42
2993 0.40
2994 0.46
2995 0.42
2996 0.46
2997 0.44
2998 0.44
2999 0.42
