0 -0.11
30 -0.10
60 -0.08
90 -0.09
120 -0.07
150 -0.08
180 -0.07
210 -0.02
240 -0.00
270 -0.02
300 0.02
330 0.02
360 -0.02
390 0.11
420 0.02
450 0.00
480 0.01
510 0.07
540 -0.04
570 0.00
600 0.08
630 0.12
660 0.11
690 0.06
720 0.02
750 0.04
780 0.02
810 -0.12
840 -0.02
870 0.01
900 0.07
930 -0.05
960 0.02
990 0.08
1020 0.05
1050 0.03
1080 -0.00
1110 -0.01
1140 -0.01
1170 0.00
1200 0.13
1230 0.10
1260 0.06
1290 0.10
1320 0.08
1350 0.01
1380 0.15
1410 0.32
1440 0.15
1470 0.28
1500 0.11
1530 0.04
1560 0.08
1590 0.13
1620 0.12
1650 0.11
1680 0.10
1710 0.11
1740 0.09
1770 0.04
1800 0.21
1830 0.02
1860 -0.04
1890 -0.03
1920 -0.03
1950 -0.04
1980 0.04
2010 0.24
2040 0.22
2070 0.26
2100 0.04
2130 -0.01
2160 -0.02
2190 0.17
2220 0.32
2250 0.31
2280 0.27
2310 0.28
2340 0.08
2370 0.04
2400 0.28
2430 0.21
2460 0.32
2490 0.32
2520 0.33
2550 0.21
2580 0.24
2610 0.25
2640 0.23
2670 0.25
2700 0.22
2730 0.24
2760 0.19
2790 0.19
2820 0.18
2850 0.23
2880 0.18
2910 0.14
2940 0.11
2970 0.06
