0 120.00
1 60.00
2 100.00
3 180.00
4 60.00
5 220.00
6 60.00
7 160.00
8 320.00
9 140.00
10 240.00
11 340.00
12 100.00
13 280.00
14 160.00
15 100.00
16 60.00
17 160.00
18 140.00
19 340.00
20 120.00
21 60.00
22 100.00
23 140.00
24 120.00
25 40.00
26 40.00
27 440.00
28 160.00
29 60.00
30 120.00
31 160.00
32 220.00
33 80.00
34 240.00
35 60.00
36 120.00
37 200.00
38 240.00
39 80.00
40 200.00
41 40.00
42 380.00
43 160.00
44 280.00
45 120.00
46 260.00
47 120.00
48 120.00
49 220.00
50 140.00
51 200.00
52 120.00
53 160.00
54 240.00
55 180.00
56 60.00
57 260.00
58 100.00
59 180.00
60 400.00
61 380.00
62 120.00
63 140.00
64 320.00
65 100.00
66 140.00
67 100.00
68 100.00
69 80.00
70 180.00
71 80.00
72 140.00
73 60.00
74 140.00
75 180.00
76 80.00
77 80.00
78 80.00
79 140.00
80 80.00
81 120.00
82 200.00
83 120.00
84 200.00
85 220.00
86 220.00
87 140.00
88 380.00
89 260.00
90 200.00
91 160.00
92 120.00
93 160.00
94 140.00
95 200.00
96 280.00
97 300.00
98 340.00
99 320.00
100 280.00
101 280.00
102 360.00
103 180.00
104 380.00
105 180.00
106 360.00
107 180.00
108 280.00
109 280.00
110 200.00
111 140.00
112 260.00
113 340.00
114 260.00
115 200.00
116 180.00
117 140.00
118 120.00
119 80.00
120 120.00
121 100.00
122 300.00
123 160.00
124 140.00
125 180.00
126 60.00
127 200.00
128 260.00
129 300.00
130 140.00
131 180.00
132 180.00
133 260.00
134 200.00
135 340.00
136 360.00
137 220.00
138 300.00
139 280.00
140 360.00
141 440.00
142 400.00
143 340.00
144 380.00
145 260.00
146 220.00
147 320.00
148 360.00
149 240.00
150 300.00
151 320.00
152 440.00
153 220.00
154 360.00
155 440.00
156 420.00
157 240.00
158 380.00
159 280.00
160 220.00
161 220.00
162 360.00
163 340.00
164 300.00
165 220.00
166 400.00
167 340.00
168 360.00
169 400.00
170 500.00
171 280.00
172 320.00
173 380.00
174 300.00
175 340.00
176 280.00
177 400.00
178 420.00
179 360.00
180 220.00
181 240.00
182 360.00
183 380.00
184 200.00
185 480.00
186 480.00
187 360.00
188 320.00
189 380.00
190 280.00
191 240.00
192 340.00
193 220.00
194 240.00
195 320.00
196 220.00
197 220.00
198 220.00
199 200.00
200 360.00
201 240.00
202 220.00
203 200.00
204 180.00
205 180.00
206 340.00
207 180.00
208 400.00
209 260.00
210 260.00
211 400.00
212 320.00
213 240.00
214 280.00
215 380.00
216 280.00
217 220.00
218 200.00
219 220.00
220 400.00
221 460.00
222 180.00
223 300.00
224 400.00
225 220.00
226 200.00
227 420.00
228 340.00
229 340.00
230 360.00
231 400.00
232 380.00
233 460.00
234 300.00
235 220.00
236 220.00
237 340.00
238 220.00
239 300.00
240 400.00
241 200.00
242 240.00
243 460.00
244 220.00
245 380.00
246 320.00
247 220.00
248 220.00
249 380.00
250 280.00
251 400.00
252 380.00
253 240.00
254 320.00
255 200.00
256 400.00
257 280.00
258 380.00
259 280.00
260 360.00
261 280.00
262 220.00
263 380.00
264 240.00
265 300.00
266 240.00
267 200.00
268 320.00
269 240.00
270 220.00
271 360.00
272 380.00
273 220.00
274 280.00
275 220.00
276 380.00
277 440.00
278 280.00
279 280.00
280 220.00
281 440.00
282 260.00
283 220.00
284 420.00
285 200.00
286 220.00
287 200.00
288 180.00
289 200.00
290 200.00
291 240.00
292 220.00
293 160.00
294 120.00
295 160.00
296 120.00
297 440.00
298 180.00
299 160.00
300 160.00
301 160.00
302 120.00
303 120.00
304 140.00
305 200.00
306 140.00
307 140.00
308 120.00
309 420.00
310 180.00
311 380.00
312 460.00
313 220.00
314 220.00
315 220.00
316 240.00
317 220.00
318 220.00
319 460.00
320 500.00
321 240.00
322 240.00
323 220.00
324 320.00
325 480.00
326 240.00
327 240.00
328 220.00
329 240.00
330 240.00
331 220.00
332 220.00
333 280.00
334 460.00
335 240.00
336 200.00
337 220.00
338 180.00
339 240.00
340 220.00
341 240.00
342 240.00
343 220.00
344 480.00
345 220.00
346 240.00
347 240.00
348 500.00
349 240.00
350 220.00
351 480.00
352 240.00
353 200.00
354 320.00
355 240.00
356 220.00
357 220.00
358 240.00
359 240.00
360 240.00
361 380.00
362 400.00
363 400.00
364 380.00
365 420.00
366 400.00
367 240.00
368 340.00
369 300.00
370 200.00
371 220.00
372 360.00
373 420.00
374 240.00
375 420.00
376 340.00
377 180.00
378 420.00
379 380.00
380 320.00
381 340.00
382 300.00
383 200.00
384 420.00
385 400.00
386 440.00
387 460.00
388 340.00
389 300.00
390 260.00
391 360.00
392 320.00
393 240.00
394 440.00
395 340.00
396 400.00
397 400.00
398 280.00
399 320.00
400 340.00
401 360.00
402 340.00
403 360.00
404 300.00
405 440.00
406 200.00
407 380.00
408 260.00
409 260.00
410 380.00
411 420.00
412 220.00
413 360.00
414 220.00
415 240.00
416 360.00
417 300.00
418 240.00
419 400.00
420 220.00
421 380.00
422 340.00
423 280.00
424 200.00
425 280.00
426 260.00
427 380.00
428 360.00
429 320.00
430 220.00
431 300.00
432 340.00
433 380.00
434 320.00
435 440.00
436 320.00
437 240.00
438 500.00
439 240.00
440 200.00
441 240.00
442 200.00
443 240.00
444 220.00
445 220.00
446 440.00
447 220.00
448 360.00
449 300.00
450 320.00
451 240.00
452 220.00
453 340.00
454 340.00
455 300.00
456 240.00
457 320.00
458 220.00
459 340.00
460 260.00
461 280.00
462 300.00
463 220.00
464 300.00
465 200.00
466 380.00
467 440.00
468 240.00
469 340.00
470 440.00
471 340.00
472 360.00
473 420.00
474 300.00
475 220.00
476 360.00
477 300.00
478 440.00
479 360.00
480 420.00
481 400.00
482 280.00
483 260.00
484 320.00
485 340.00
486 220.00
487 200.00
488 400.00
489 240.00
490 200.00
491 280.00
492 220.00
493 480.00
494 500.00
495 240.00
496 320.00
497 180.00
498 200.00
499 380.00
500 220.00
501 500.00
502 200.00
503 280.00
504 340.00
505 380.00
506 240.00
507 360.00
508 280.00
509 300.00
510 200.00
511 480.00
512 400.00
513 240.00
514 220.00
515 240.00
516 360.00
517 380.00
518 360.00
519 360.00
520 220.00
521 400.00
522 220.00
523 200.00
524 420.00
525 240.00
526 380.00
527 360.00
528 400.00
529 200.00
530 340.00
531 340.00
532 380.00
533 340.00
534 440.00
535 220.00
536 440.00
537 220.00
538 400.00
539 320.00
540 500.00
541 380.00
542 340.00
543 340.00
544 360.00
545 440.00
546 340.00
547 240.00
548 360.00
549 320.00
550 380.00
551 300.00
552 220.00
553 320.00
554 220.00
555 360.00
556 320.00
557 320.00
558 360.00
559 280.00
560 380.00
561 300.00
562 320.00
563 320.00
564 400.00
565 280.00
566 380.00
567 280.00
568 360.00
569 300.00
570 220.00
571 220.00
572 420.00
573 300.00
574 220.00
575 420.00
576 380.00
577 200.00
578 380.00
579 400.00
580 400.00
581 220.00
582 500.00
583 480.00
584 300.00
585 380.00
586 260.00
587 200.00
588 340.00
589 240.00
590 240.00
591 240.00
592 380.00
593 220.00
594 460.00
595 500.00
596 340.00
597 280.00
598 360.00
599 200.00
600 340.00
601 480.00
602 240.00
603 220.00
604 240.00
605 240.00
606 360.00
607 200.00
608 260.00
609 240.00
610 320.00
611 120.00
612 140.00
613 260.00
614 440.00
615 220.00
616 400.00
617 420.00
618 240.00
619 380.00
620 500.00
621 420.00
622 400.00
623 400.00
624 240.00
625 220.00
626 200.00
627 220.00
628 260.00
629 220.00
630 220.00
631 360.00
632 220.00
633 160.00
634 200.00
635 120.00
636 300.00
637 400.00
638 480.00
639 280.00
640 240.00
641 380.00
642 220.00
643 240.00
644 240.00
645 240.00
646 300.00
647 260.00
648 380.00
649 240.00
650 400.00
651 240.00
652 400.00
653 380.00
654 240.00
655 420.00
656 380.00
657 460.00
658 280.00
659 320.00
660 320.00
661 180.00
662 480.00
663 420.00
664 360.00
665 360.00
666 240.00
667 400.00
668 220.00
669 240.00
670 420.00
671 400.00
672 220.00
673 200.00
674 180.00
675 180.00
676 400.00
677 400.00
678 140.00
679 360.00
680 360.00
681 220.00
682 400.00
683 140.00
684 220.00
685 100.00
686 500.00
687 260.00
688 220.00
689 380.00
690 220.00
691 500.00
692 440.00
693 240.00
694 500.00
695 220.00
696 240.00
697 400.00
698 420.00
699 400.00
700 240.00
701 460.00
702 380.00
703 400.00
704 400.00
705 440.00
706 320.00
707 260.00
708 240.00
709 240.00
710 280.00
711 200.00
712 220.00
713 420.00
714 400.00
715 240.00
716 240.00
717 240.00
718 380.00
719 480.00
720 200.00
721 240.00
722 420.00
723 380.00
724 280.00
725 380.00
726 240.00
727 280.00
728 400.00
729 260.00
730 420.00
731 400.00
732 300.00
733 380.00
734 360.00
735 380.00
736 260.00
737 220.00
738 460.00
739 420.00
740 200.00
741 220.00
742 240.00
743 160.00
744 240.00
745 460.00
746 440.00
747 400.00
748 240.00
749 440.00
750 320.00
751 240.00
752 240.00
753 220.00
754 160.00
755 400.00
756 220.00
757 200.00
758 320.00
759 100.00
760 220.00
761 360.00
762 440.00
763 240.00
764 240.00
765 380.00
766 240.00
767 440.00
768 320.00
769 220.00
770 360.00
771 460.00
772 340.00
773 420.00
774 260.00
775 260.00
776 300.00
777 360.00
778 440.00
779 220.00
780 360.00
781 440.00
782 480.00
783 480.00
784 440.00
785 420.00
786 300.00
787 420.00
788 260.00
789 220.00
790 240.00
791 220.00
792 420.00
793 240.00
794 220.00
795 440.00
796 400.00
797 400.00
798 340.00
799 380.00
800 440.00
801 480.00
802 420.00
803 420.00
804 400.00
805 440.00
806 440.00
807 220.00
808 480.00
809 500.00
810 240.00
811 240.00
812 220.00
813 380.00
814 240.00
815 300.00
816 360.00
817 160.00
818 480.00
819 280.00
820 380.00
821 300.00
822 280.00
823 200.00
824 280.00
825 200.00
826 360.00
827 460.00
828 260.00
829 340.00
830 420.00
831 440.00
832 360.00
833 160.00
834 240.00
835 220.00
836 340.00
837 180.00
838 420.00
839 320.00
840 460.00
841 380.00
842 380.00
843 260.00
844 320.00
845 300.00
846 360.00
847 160.00
848 380.00
849 380.00
850 380.00
851 340.00
852 420.00
853 220.00
854 240.00
855 200.00
856 160.00
857 60.00
858 440.00
859 200.00
860 200.00
861 120.00
862 180.00
863 120.00
864 320.00
865 400.00
866 240.00
867 220.00
868 320.00
869 440.00
870 420.00
871 180.00
872 200.00
873 320.00
874 400.00
875 240.00
876 180.00
877 380.00
878 400.00
879 240.00
880 180.00
881 180.00
882 400.00
883 200.00
884 340.00
885 420.00
886 240.00
887 420.00
888 500.00
889 140.00
890 260.00
891 500.00
892 240.00
893 440.00
894 460.00
895 300.00
896 280.00
897 460.00
898 480.00
899 240.00
900 240.00
901 460.00
902 460.00
903 220.00
904 240.00
905 340.00
906 220.00
907 240.00
908 260.00
909 360.00
910 420.00
911 240.00
912 180.00
913 460.00
914 220.00
915 220.00
916 420.00
917 200.00
918 500.00
919 240.00
920 380.00
921 360.00
922 280.00
923 440.00
924 420.00
925 400.00
926 260.00
927 300.00
928 380.00
929 220.00
930 380.00
931 240.00
932 400.00
933 420.00
934 240.00
935 420.00
936 400.00
937 240.00
938 140.00
939 400.00
940 420.00
941 420.00
942 240.00
943 260.00
944 440.00
945 240.00
946 240.00
947 420.00
948 420.00
949 500.00
950 460.00
951 460.00
952 220.00
953 400.00
954 500.00
955 460.00
956 240.00
957 500.00
958 240.00
959 220.00
960 500.00
961 400.00
962 240.00
963 400.00
964 440.00
965 240.00
966 360.00
967 480.00
968 420.00
969 200.00
970 420.00
971 380.00
972 440.00
973 280.00
974 240.00
975 500.00
976 460.00
977 240.00
978 460.00
979 500.00
980 240.00
981 200.00
982 280.00
983 240.00
984 260.00
985 400.00
986 200.00
987 400.00
988 260.00
989 200.00
990 440.00
991 380.00
992 60.00
993 420.00
994 160.00
995 220.00
996 160.00
997 320.00
998 460.00
999 240.00
1000 220.00
1001 180.00
1002 260.00
1003 220.00
1004 140.00
1005 380.00
1006 220.00
1007 160.00
1008 100.00
1009 280.00
1010 260.00
1011 420.00
1012 140.00
1013 320.00
1014 160.00
1015 440.00
1016 440.00
1017 60.00
1018 500.00
1019 240.00
1020 240.00
1021 420.00
1022 460.00
1023 240.00
1024 440.00
1025 240.00
1026 280.00
1027 200.00
1028 420.00
1029 260.00
1030 400.00
1031 120.00
1032 440.00
1033 300.00
1034 220.00
1035 220.00
1036 240.00
1037 200.00
1038 420.00
1039 180.00
1040 400.00
1041 380.00
1042 420.00
1043 240.00
1044 360.00
1045 280.00
1046 220.00
1047 140.00
1048 340.00
1049 400.00
1050 240.00
1051 260.00
1052 180.00
1053 400.00
1054 180.00
1055 380.00
1056 280.00
1057 200.00
1058 380.00
1059 400.00
1060 180.00
1061 260.00
1062 260.00
1063 460.00
1064 260.00
1065 280.00
1066 340.00
1067 440.00
1068 460.00
1069 380.00
1070 340.00
1071 440.00
1072 280.00
1073 420.00
1074 320.00
1075 480.00
1076 500.00
1077 440.00
1078 180.00
1079 260.00
1080 460.00
1081 360.00
1082 500.00
1083 400.00
1084 440.00
1085 240.00
1086 300.00
1087 340.00
1088 360.00
1089 380.00
1090 300.00
1091 420.00
1092 240.00
1093 300.00
1094 180.00
1095 320.00
1096 340.00
1097 200.00
1098 200.00
1099 360.00
1100 340.00
1101 360.00
1102 400.00
1103 220.00
1104 480.00
1105 480.00
1106 400.00
1107 460.00
1108 480.00
1109 260.00
1110 340.00
1111 240.00
1112 320.00
1113 440.00
1114 360.00
1115 180.00
1116 460.00
1117 340.00
1118 440.00
1119 240.00
1120 340.00
1121 240.00
1122 340.00
1123 340.00
1124 440.00
1125 360.00
1126 480.00
1127 240.00
1128 440.00
1129 380.00
1130 240.00
1131 500.00
1132 480.00
1133 460.00
1134 440.00
1135 420.00
1136 240.00
1137 240.00
1138 240.00
1139 360.00
1140 340.00
1141 340.00
1142 440.00
1143 240.00
1144 440.00
1145 320.00
1146 240.00
1147 360.00
1148 280.00
1149 340.00
1150 300.00
1151 400.00
1152 320.00
1153 260.00
1154 440.00
1155 420.00
1156 340.00
1157 180.00
1158 360.00
1159 340.00
1160 360.00
1161 360.00
1162 180.00
1163 200.00
1164 320.00
1165 420.00
1166 360.00
1167 160.00
1168 300.00
1169 340.00
1170 320.00
1171 340.00
1172 340.00
1173 460.00
1174 420.00
1175 260.00
1176 220.00
1177 200.00
1178 440.00
1179 480.00
1180 220.00
1181 440.00
1182 420.00
1183 200.00
1184 220.00
1185 420.00
1186 240.00
1187 260.00
1188 480.00
1189 320.00
1190 300.00
1191 220.00
1192 260.00
1193 380.00
1194 160.00
1195 220.00
1196 280.00
1197 340.00
1198 500.00
1199 380.00
1200 380.00
1201 220.00
1202 460.00
1203 420.00
1204 320.00
1205 420.00
1206 460.00
1207 360.00
1208 440.00
1209 440.00
1210 240.00
1211 280.00
1212 480.00
1213 380.00
1214 340.00
1215 460.00
1216 380.00
1217 240.00
1218 380.00
1219 400.00
1220 480.00
1221 240.00
1222 180.00
1223 340.00
1224 340.00
1225 500.00
1226 400.00
1227 280.00
1228 300.00
1229 460.00
1230 220.00
1231 220.00
1232 340.00
1233 280.00
1234 200.00
1235 260.00
1236 440.00
1237 300.00
1238 200.00
1239 200.00
1240 260.00
1241 480.00
1242 260.00
1243 500.00
1244 380.00
1245 360.00
1246 380.00
1247 340.00
1248 320.00
1249 200.00
1250 160.00
1251 400.00
1252 220.00
1253 200.00
1254 260.00
1255 280.00
1256 260.00
1257 300.00
1258 220.00
1259 360.00
1260 320.00
1261 400.00
1262 180.00
1263 200.00
1264 320.00
1265 340.00
1266 240.00
1267 200.00
1268 300.00
1269 320.00
1270 240.00
1271 400.00
1272 380.00
1273 60.00
1274 280.00
1275 280.00
1276 300.00
1277 340.00
1278 380.00
1279 340.00
1280 380.00
1281 320.00
1282 200.00
1283 280.00
1284 400.00
1285 460.00
1286 320.00
1287 360.00
1288 280.00
1289 340.00
1290 340.00
1291 240.00
1292 320.00
1293 360.00
1294 260.00
1295 200.00
1296 220.00
1297 380.00
1298 240.00
1299 300.00
1300 340.00
1301 440.00
1302 380.00
1303 400.00
1304 400.00
1305 180.00
1306 280.00
1307 440.00
1308 380.00
1309 360.00
1310 240.00
1311 320.00
1312 220.00
1313 420.00
1314 360.00
1315 400.00
1316 360.00
1317 360.00
1318 360.00
1319 300.00
1320 220.00
1321 340.00
1322 300.00
1323 400.00
1324 380.00
1325 340.00
1326 380.00
1327 200.00
1328 420.00
1329 380.00
1330 360.00
1331 400.00
1332 420.00
1333 300.00
1334 320.00
1335 380.00
1336 360.00
1337 420.00
1338 220.00
1339 440.00
1340 340.00
1341 320.00
1342 180.00
1343 280.00
1344 240.00
1345 360.00
1346 240.00
1347 320.00
1348 320.00
1349 300.00
1350 320.00
1351 460.00
1352 360.00
1353 420.00
1354 200.00
1355 360.00
1356 380.00
1357 260.00
1358 340.00
1359 300.00
1360 320.00
1361 400.00
1362 340.00
1363 400.00
1364 280.00
1365 320.00
1366 400.00
1367 220.00
1368 300.00
1369 360.00
1370 360.00
1371 340.00
1372 400.00
1373 280.00
1374 340.00
1375 380.00
1376 420.00
1377 300.00
1378 280.00
1379 400.00
1380 340.00
1381 400.00
1382 360.00
1383 300.00
1384 360.00
1385 340.00
1386 340.00
1387 200.00
1388 360.00
1389 480.00
1390 400.00
1391 380.00
1392 340.00
1393 340.00
1394 240.00
1395 420.00
1396 240.00
1397 420.00
1398 500.00
1399 320.00
1400 340.00
1401 240.00
1402 480.00
1403 320.00
1404 480.00
1405 360.00
1406 400.00
1407 380.00
1408 360.00
1409 440.00
1410 360.00
1411 420.00
1412 300.00
1413 360.00
1414 280.00
1415 340.00
1416 200.00
1417 360.00
1418 200.00
1419 280.00
1420 300.00
1421 300.00
1422 300.00
1423 320.00
1424 460.00
1425 260.00
1426 340.00
1427 240.00
1428 320.00
1429 460.00
1430 280.00
1431 240.00
1432 300.00
1433 220.00
1434 220.00
1435 320.00
1436 300.00
1437 320.00
1438 420.00
1439 340.00
1440 340.00
1441 360.00
1442 220.00
1443 340.00
1444 240.00
1445 300.00
1446 460.00
1447 200.00
1448 480.00
1449 420.00
1450 240.00
1451 260.00
1452 240.00
1453 480.00
1454 420.00
1455 260.00
1456 340.00
1457 340.00
1458 400.00
1459 280.00
1460 340.00
1461 240.00
1462 320.00
1463 280.00
1464 200.00
1465 340.00
1466 380.00
1467 320.00
1468 300.00
1469 300.00
1470 320.00
1471 400.00
1472 300.00
1473 360.00
1474 240.00
1475 380.00
1476 360.00
1477 380.00
1478 200.00
1479 340.00
1480 460.00
1481 280.00
1482 280.00
1483 320.00
1484 240.00
1485 280.00
1486 220.00
1487 380.00
1488 420.00
1489 360.00
1490 340.00
1491 360.00
1492 380.00
1493 220.00
1494 340.00
1495 400.00
1496 360.00
1497 380.00
1498 340.00
1499 340.00
1500 480.00
1501 400.00
1502 320.00
1503 380.00
1504 500.00
1505 260.00
1506 360.00
1507 440.00
1508 340.00
1509 440.00
1510 240.00
1511 500.00
1512 220.00
1513 440.00
1514 220.00
1515 260.00
1516 420.00
1517 400.00
1518 380.00
1519 360.00
1520 380.00
1521 380.00
1522 340.00
1523 400.00
1524 180.00
1525 380.00
1526 420.00
1527 360.00
1528 360.00
1529 360.00
1530 200.00
1531 360.00
1532 320.00
1533 380.00
1534 420.00
1535 460.00
1536 420.00
1537 280.00
1538 400.00
1539 500.00
1540 420.00
1541 480.00
1542 420.00
1543 220.00
1544 380.00
1545 220.00
1546 400.00
1547 380.00
1548 180.00
1549 460.00
1550 400.00
1551 440.00
1552 320.00
1553 120.00
1554 280.00
1555 380.00
1556 480.00
1557 400.00
1558 260.00
1559 360.00
1560 400.00
1561 220.00
1562 460.00
1563 360.00
1564 400.00
1565 260.00
1566 460.00
1567 460.00
1568 220.00
1569 380.00
1570 380.00
1571 340.00
1572 320.00
1573 420.00
1574 420.00
1575 400.00
1576 460.00
1577 460.00
1578 420.00
1579 360.00
1580 340.00
1581 340.00
1582 480.00
1583 440.00
1584 200.00
1585 300.00
1586 380.00
1587 360.00
1588 420.00
1589 420.00
1590 400.00
1591 200.00
1592 200.00
1593 400.00
1594 400.00
1595 160.00
1596 320.00
1597 480.00
1598 220.00
1599 320.00
1600 380.00
1601 380.00
1602 240.00
1603 200.00
1604 300.00
1605 440.00
1606 400.00
1607 420.00
1608 480.00
1609 380.00
1610 380.00
1611 500.00
1612 340.00
1613 500.00
1614 360.00
1615 260.00
1616 220.00
1617 300.00
1618 360.00
1619 360.00
1620 320.00
1621 320.00
1622 420.00
1623 460.00
1624 420.00
1625 300.00
1626 300.00
1627 320.00
1628 380.00
1629 180.00
1630 420.00
1631 380.00
1632 380.00
1633 460.00
1634 320.00
1635 360.00
1636 320.00
1637 360.00
1638 380.00
1639 500.00
1640 440.00
1641 320.00
1642 440.00
1643 400.00
1644 460.00
1645 240.00
1646 340.00
1647 420.00
1648 400.00
1649 200.00
1650 280.00
1651 380.00
1652 500.00
1653 380.00
1654 220.00
1655 380.00
1656 440.00
1657 500.00
1658 380.00
1659 400.00
1660 420.00
1661 380.00
1662 320.00
1663 360.00
1664 300.00
1665 260.00
1666 340.00
1667 320.00
1668 260.00
1669 240.00
1670 260.00
1671 320.00
1672 380.00
1673 260.00
1674 320.00
1675 460.00
1676 160.00
1677 340.00
1678 400.00
1679 260.00
1680 380.00
1681 300.00
1682 400.00
1683 240.00
1684 480.00
1685 260.00
1686 420.00
1687 340.00
1688 260.00
1689 400.00
1690 380.00
1691 380.00
1692 220.00
1693 420.00
1694 440.00
1695 320.00
1696 340.00
1697 380.00
1698 500.00
1699 420.00
1700 420.00
1701 420.00
1702 440.00
1703 460.00
1704 340.00
1705 400.00
1706 420.00
1707 420.00
1708 340.00
1709 320.00
1710 300.00
1711 320.00
1712 420.00
1713 480.00
1714 340.00
1715 360.00
1716 360.00
1717 360.00
1718 440.00
1719 380.00
1720 340.00
1721 220.00
1722 300.00
1723 400.00
1724 320.00
1725 380.00
1726 380.00
1727 360.00
1728 400.00
1729 380.00
1730 320.00
1731 340.00
1732 380.00
1733 360.00
1734 360.00
1735 240.00
1736 380.00
1737 400.00
1738 300.00
1739 320.00
1740 380.00
1741 360.00
1742 380.00
1743 400.00
1744 420.00
1745 360.00
1746 240.00
1747 360.00
1748 340.00
1749 300.00
1750 380.00
1751 460.00
1752 440.00
1753 280.00
1754 420.00
1755 300.00
1756 300.00
1757 480.00
1758 240.00
1759 380.00
1760 460.00
1761 280.00
1762 380.00
1763 360.00
1764 280.00
1765 200.00
1766 500.00
1767 420.00
1768 460.00
1769 380.00
1770 460.00
1771 180.00
1772 400.00
1773 500.00
1774 360.00
1775 420.00
1776 380.00
1777 400.00
1778 240.00
1779 360.00
1780 380.00
1781 340.00
1782 280.00
1783 220.00
1784 160.00
1785 340.00
1786 420.00
1787 340.00
1788 460.00
1789 340.00
1790 400.00
1791 360.00
1792 400.00
1793 420.00
1794 320.00
1795 420.00
1796 460.00
1797 360.00
1798 480.00
1799 280.00
1800 420.00
1801 280.00
1802 340.00
1803 300.00
1804 240.00
1805 260.00
1806 360.00
1807 380.00
1808 220.00
1809 320.00
1810 280.00
1811 240.00
1812 280.00
1813 280.00
1814 300.00
1815 220.00
1816 260.00
1817 340.00
1818 420.00
1819 360.00
1820 400.00
1821 360.00
1822 300.00
1823 340.00
1824 400.00
1825 320.00
1826 400.00
1827 240.00
1828 440.00
1829 260.00
1830 200.00
1831 380.00
1832 380.00
1833 200.00
1834 320.00
1835 200.00
1836 240.00
1837 280.00
1838 340.00
1839 340.00
1840 260.00
1841 300.00
1842 440.00
1843 340.00
1844 380.00
1845 440.00
1846 380.00
1847 360.00
1848 480.00
1849 500.00
1850 240.00
1851 400.00
1852 440.00
1853 320.00
1854 440.00
1855 320.00
1856 440.00
1857 480.00
1858 240.00
1859 440.00
1860 240.00
1861 240.00
1862 360.00
1863 320.00
1864 200.00
1865 500.00
1866 300.00
1867 240.00
1868 340.00
1869 360.00
1870 200.00
1871 440.00
1872 360.00
1873 260.00
1874 400.00
1875 460.00
1876 400.00
1877 180.00
1878 420.00
1879 260.00
1880 480.00
1881 420.00
1882 360.00
1883 380.00
1884 300.00
1885 260.00
1886 360.00
1887 360.00
1888 420.00
1889 380.00
1890 240.00
1891 360.00
1892 460.00
1893 260.00
1894 360.00
1895 400.00
1896 320.00
1897 300.00
1898 380.00
1899 380.00
1900 420.00
1901 480.00
1902 440.00
1903 420.00
1904 460.00
1905 320.00
1906 260.00
1907 320.00
1908 260.00
1909 200.00
1910 220.00
1911 320.00
1912 400.00
1913 320.00
1914 280.00
1915 460.00
1916 420.00
1917 200.00
1918 380.00
1919 440.00
1920 360.00
1921 440.00
1922 480.00
1923 440.00
1924 420.00
1925 240.00
1926 420.00
1927 440.00
1928 500.00
1929 420.00
1930 420.00
1931 480.00
1932 420.00
1933 440.00
1934 380.00
1935 440.00
1936 360.00
1937 380.00
1938 400.00
1939 440.00
1940 380.00
1941 240.00
1942 360.00
1943 260.00
1944 440.00
1945 240.00
1946 420.00
1947 340.00
1948 260.00
1949 500.00
1950 180.00
1951 340.00
1952 200.00
1953 480.00
1954 340.00
1955 320.00
1956 320.00
1957 480.00
1958 380.00
1959 300.00
1960 380.00
1961 360.00
1962 300.00
1963 460.00
1964 440.00
1965 500.00
1966 240.00
1967 280.00
1968 240.00
1969 200.00
1970 340.00
1971 440.00
1972 380.00
1973 400.00
1974 340.00
1975 400.00
1976 420.00
1977 500.00
1978 440.00
1979 220.00
1980 440.00
1981 500.00
1982 440.00
1983 280.00
1984 380.00
1985 220.00
1986 280.00
1987 460.00
1988 420.00
1989 400.00
1990 440.00
1991 460.00
1992 400.00
1993 380.00
1994 200.00
1995 180.00
1996 380.00
1997 400.00
1998 320.00
1999 380.00
2000 200.00
2001 420.00
2002 400.00
2003 340.00
2004 460.00
2005 420.00
2006 360.00
2007 420.00
2008 380.00
2009 280.00
2010 460.00
2011 300.00
2012 240.00
2013 400.00
2014 340.00
2015 220.00
2016 420.00
2017 300.00
2018 420.00
2019 340.00
2020 380.00
2021 400.00
2022 260.00
2023 320.00
2024 340.00
2025 380.00
2026 420.00
2027 440.00
2028 380.00
2029 460.00
2030 460.00
2031 420.00
2032 400.00
2033 300.00
2034 400.00
2035 400.00
2036 420.00
2037 480.00
2038 400.00
2039 440.00
2040 380.00
2041 440.00
2042 220.00
2043 460.00
2044 240.00
2045 480.00
2046 380.00
2047 300.00
2048 400.00
2049 380.00
2050 380.00
2051 260.00
2052 360.00
2053 460.00
2054 360.00
2055 460.00
2056 340.00
2057 400.00
2058 420.00
2059 220.00
2060 440.00
2061 380.00
2062 380.00
2063 360.00
2064 420.00
2065 400.00
2066 400.00
2067 300.00
2068 440.00
2069 340.00
2070 340.00
2071 280.00
2072 500.00
2073 320.00
2074 420.00
2075 320.00
2076 480.00
2077 500.00
2078 260.00
2079 360.00
2080 400.00
2081 280.00
2082 360.00
2083 300.00
2084 260.00
2085 420.00
2086 360.00
2087 280.00
2088 340.00
2089 300.00
2090 460.00
2091 420.00
2092 480.00
2093 420.00
2094 380.00
2095 260.00
2096 380.00
2097 400.00
2098 420.00
2099 420.00
2100 400.00
2101 440.00
2102 240.00
2103 220.00
2104 420.00
2105 320.00
2106 240.00
2107 340.00
2108 420.00
2109 340.00
2110 360.00
2111 380.00
2112 260.00
2113 400.00
2114 440.00
2115 220.00
2116 340.00
2117 400.00
2118 360.00
2119 380.00
2120 400.00
2121 440.00
2122 340.00
2123 380.00
2124 380.00
2125 360.00
2126 420.00
2127 260.00
2128 360.00
2129 380.00
2130 380.00
2131 420.00
2132 420.00
2133 440.00
2134 400.00
2135 300.00
2136 360.00
2137 420.00
2138 240.00
2139 420.00
2140 400.00
2141 400.00
2142 340.00
2143 300.00
2144 460.00
2145 260.00
2146 360.00
2147 220.00
2148 320.00
2149 420.00
2150 500.00
2151 460.00
2152 480.00
2153 420.00
2154 480.00
2155 180.00
2156 380.00
2157 340.00
2158 240.00
2159 480.00
2160 400.00
2161 420.00
2162 300.00
2163 300.00
2164 440.00
2165 400.00
2166 440.00
2167 300.00
2168 420.00
2169 220.00
2170 360.00
2171 380.00
2172 360.00
2173 160.00
2174 300.00
2175 380.00
2176 380.00
2177 460.00
2178 360.00
2179 480.00
2180 180.00
2181 240.00
2182 320.00
2183 340.00
2184 240.00
2185 260.00
2186 340.00
2187 480.00
2188 360.00
2189 400.00
2190 360.00
2191 460.00
2192 400.00
2193 460.00
2194 420.00
2195 280.00
2196 280.00
2197 420.00
2198 220.00
2199 420.00
2200 220.00
2201 120.00
2202 380.00
2203 440.00
2204 420.00
2205 440.00
2206 300.00
2207 220.00
2208 440.00
2209 340.00
2210 200.00
2211 160.00
2212 400.00
2213 320.00
2214 380.00
2215 340.00
2216 400.00
2217 220.00
2218 400.00
2219 460.00
2220 360.00
2221 340.00
2222 420.00
2223 340.00
2224 380.00
2225 400.00
2226 480.00
2227 200.00
2228 480.00
2229 200.00
2230 360.00
2231 420.00
2232 420.00
2233 380.00
2234 220.00
2235 320.00
2236 360.00
2237 340.00
2238 400.00
2239 420.00
2240 500.00
2241 420.00
2242 500.00
2243 500.00
2244 380.00
2245 360.00
2246 460.00
2247 260.00
2248 420.00
2249 420.00
2250 400.00
2251 300.00
2252 420.00
2253 420.00
2254 220.00
2255 380.00
2256 400.00
2257 240.00
2258 420.00
2259 380.00
2260 240.00
2261 360.00
2262 220.00
2263 280.00
2264 400.00
2265 220.00
2266 420.00
2267 240.00
2268 320.00
2269 400.00
2270 460.00
2271 360.00
2272 460.00
2273 240.00
2274 380.00
2275 360.00
2276 440.00
2277 340.00
2278 460.00
2279 380.00
2280 360.00
2281 440.00
2282 300.00
2283 340.00
2284 440.00
2285 380.00
2286 340.00
2287 380.00
2288 300.00
2289 480.00
2290 400.00
2291 500.00
2292 360.00
2293 240.00
2294 200.00
2295 400.00
2296 420.00
2297 260.00
2298 260.00
2299 460.00
2300 420.00
2301 480.00
2302 220.00
2303 460.00
2304 440.00
2305 220.00
2306 200.00
2307 380.00
2308 320.00
2309 440.00
2310 380.00
2311 440.00
2312 360.00
2313 280.00
2314 340.00
2315 400.00
2316 360.00
2317 420.00
2318 220.00
2319 360.00
2320 380.00
2321 460.00
2322 300.00
2323 240.00
2324 420.00
2325 460.00
2326 340.00
2327 360.00
2328 380.00
2329 240.00
2330 360.00
2331 340.00
2332 360.00
2333 500.00
2334 440.00
2335 400.00
2336 480.00
2337 340.00
2338 420.00
2339 360.00
2340 240.00
2341 240.00
2342 360.00
2343 480.00
2344 480.00
2345 340.00
2346 320.00
2347 280.00
2348 380.00
2349 340.00
2350 420.00
2351 420.00
2352 260.00
2353 340.00
2354 380.00
2355 300.00
2356 380.00
2357 320.00
2358 320.00
2359 460.00
2360 340.00
2361 460.00
2362 500.00
2363 340.00
2364 500.00
2365 220.00
2366 400.00
2367 320.00
2368 420.00
2369 360.00
2370 460.00
2371 320.00
2372 240.00
2373 260.00
2374 220.00
2375 320.00
2376 260.00
2377 300.00
2378 340.00
2379 180.00
2380 380.00
2381 420.00
2382 400.00
2383 340.00
2384 340.00
2385 380.00
2386 500.00
2387 260.00
2388 460.00
2389 500.00
2390 440.00
2391 360.00
2392 380.00
2393 440.00
2394 440.00
2395 440.00
2396 380.00
2397 220.00
2398 340.00
2399 400.00
2400 300.00
2401 240.00
2402 440.00
2403 380.00
2404 420.00
2405 400.00
2406 380.00
2407 340.00
2408 320.00
2409 380.00
2410 420.00
2411 380.00
2412 260.00
2413 320.00
2414 480.00
2415 440.00
2416 400.00
2417 420.00
2418 320.00
2419 420.00
2420 320.00
2421 340.00
2422 320.00
2423 440.00
2424 460.00
2425 200.00
2426 240.00
2427 420.00
2428 440.00
2429 300.00
2430 440.00
2431 240.00
2432 400.00
2433 220.00
2434 380.00
2435 300.00
2436 420.00
2437 200.00
2438 220.00
2439 480.00
2440 380.00
2441 500.00
2442 420.00
2443 200.00
2444 220.00
2445 200.00
2446 440.00
2447 420.00
2448 300.00
2449 480.00
2450 380.00
2451 500.00
2452 480.00
2453 440.00
2454 260.00
2455 440.00
2456 400.00
2457 220.00
2458 200.00
2459 340.00
2460 400.00
2461 320.00
2462 460.00
2463 460.00
2464 220.00
2465 380.00
2466 200.00
2467 260.00
2468 320.00
2469 400.00
2470 380.00
2471 400.00
2472 460.00
2473 440.00
2474 440.00
2475 480.00
2476 420.00
2477 460.00
2478 440.00
2479 220.00
2480 340.00
2481 460.00
2482 360.00
2483 420.00
2484 420.00
2485 240.00
2486 440.00
2487 400.00
2488 500.00
2489 380.00
2490 420.00
2491 340.00
2492 240.00
2493 440.00
2494 220.00
2495 220.00
2496 380.00
2497 400.00
2498 240.00
2499 320.00
2500 440.00
2501 440.00
2502 320.00
2503 160.00
2504 320.00
2505 400.00
2506 360.00
2507 340.00
2508 280.00
2509 300.00
2510 300.00
2511 400.00
2512 320.00
2513 400.00
2514 200.00
2515 440.00
2516 440.00
2517 360.00
2518 280.00
2519 340.00
2520 420.00
2521 420.00
2522 380.00
2523 300.00
2524 340.00
2525 420.00
2526 500.00
2527 440.00
2528 360.00
2529 420.00
2530 420.00
2531 420.00
2532 380.00
2533 240.00
2534 480.00
2535 340.00
2536 280.00
2537 420.00
2538 500.00
2539 380.00
2540 380.00
2541 260.00
2542 420.00
2543 400.00
2544 420.00
2545 240.00
2546 240.00
2547 440.00
2548 380.00
2549 500.00
2550 380.00
2551 460.00
2552 300.00
2553 460.00
2554 240.00
2555 480.00
2556 400.00
2557 300.00
2558 460.00
2559 500.00
2560 360.00
2561 260.00
2562 380.00
2563 200.00
2564 440.00
2565 420.00
2566 460.00
2567 200.00
2568 360.00
2569 340.00
2570 500.00
2571 240.00
2572 320.00
2573 480.00
2574 420.00
2575 360.00
2576 240.00
2577 380.00
2578 420.00
2579 300.00
2580 280.00
2581 400.00
2582 460.00
2583 420.00
2584 340.00
2585 380.00
2586 260.00
2587 400.00
2588 460.00
2589 360.00
2590 380.00
2591 420.00
2592 420.00
2593 420.00
2594 280.00
2595 360.00
2596 400.00
2597 460.00
2598 380.00
2599 380.00
2600 420.00
2601 440.00
2602 480.00
2603 420.00
2604 440.00
2605 260.00
2606 460.00
2607 480.00
2608 420.00
2609 300.00
2610 440.00
2611 440.00
2612 460.00
2613 480.00
2614 260.00
2615 440.00
2616 460.00
2617 420.00
2618 380.00
2619 240.00
2620 240.00
2621 420.00
2622 360.00
2623 360.00
2624 380.00
2625 180.00
2626 420.00
2627 240.00
2628 440.00
2629 420.00
2630 380.00
2631 320.00
2632 400.00
2633 340.00
2634 440.00
2635 360.00
2636 320.00
2637 180.00
2638 300.00
2639 120.00
2640 400.00
2641 340.00
2642 400.00
2643 260.00
2644 200.00
2645 500.00
2646 460.00
2647 400.00
2648 280.00
2649 480.00
2650 240.00
2651 360.00
2652 420.00
2653 500.00
2654 360.00
2655 400.00
2656 380.00
2657 340.00
2658 440.00
2659 260.00
2660 420.00
2661 380.00
2662 440.00
2663 460.00
2664 340.00
2665 280.00
2666 300.00
2667 440.00
2668 420.00
2669 360.00
2670 480.00
2671 460.00
2672 400.00
2673 360.00
2674 400.00
2675 420.00
2676 380.00
2677 400.00
2678 280.00
2679 420.00
2680 240.00
2681 300.00
2682 320.00
2683 480.00
2684 380.00
2685 500.00
2686 440.00
2687 480.00
2688 280.00
2689 500.00
2690 300.00
2691 360.00
2692 440.00
2693 340.00
2694 400.00
2695 280.00
2696 380.00
2697 320.00
2698 320.00
2699 420.00
2700 360.00
2701 500.00
2702 440.00
2703 440.00
2704 280.00
2705 420.00
2706 380.00
2707 440.00
2708 240.00
2709 420.00
2710 380.00
2711 400.00
2712 380.00
2713 420.00
2714 400.00
2715 420.00
2716 420.00
2717 360.00
2718 260.00
2719 440.00
2720 480.00
2721 500.00
2722 440.00
2723 500.00
2724 480.00
2725 460.00
2726 280.00
2727 360.00
2728 420.00
2729 300.00
2730 240.00
2731 340.00
2732 240.00
2733 480.00
2734 340.00
2735 300.00
2736 340.00
2737 240.00
2738 220.00
2739 340.00
2740 200.00
2741 300.00
2742 240.00
2743 320.00
2744 340.00
2745 460.00
2746 340.00
2747 500.00
2748 460.00
2749 320.00
2750 420.00
2751 460.00
2752 340.00
2753 360.00
2754 480.00
2755 320.00
2756 400.00
2757 300.00
2758 440.00
2759 420.00
2760 360.00
2761 380.00
2762 420.00
2763 380.00
2764 400.00
2765 320.00
2766 440.00
2767 200.00
2768 340.00
2769 480.00
2770 360.00
2771 400.00
2772 500.00
2773 340.00
2774 480.00
2775 440.00
2776 480.00
2777 240.00
2778 480.00
2779 460.00
2780 440.00
2781 240.00
2782 500.00
2783 240.00
2784 460.00
2785 380.00
2786 320.00
2787 240.00
2788 360.00
2789 400.00
2790 260.00
2791 420.00
2792 360.00
2793 440.00
2794 400.00
2795 200.00
2796 360.00
2797 400.00
2798 460.00
2799 480.00
2800 220.00
2801 280.00
2802 140.00
2803 180.00
2804 480.00
2805 240.00
2806 440.00
2807 340.00
2808 420.00
2809 240.00
2810 200.00
2811 380.00
2812 400.00
2813 440.00
2814 400.00
2815 220.00
2816 400.00
2817 300.00
2818 420.00
2819 320.00
2820 200.00
2821 380.00
2822 340.00
2823 320.00
2824 340.00
2825 360.00
2826 300.00
2827 260.00
2828 200.00
2829 360.00
2830 440.00
2831 420.00
2832 440.00
2833 300.00
2834 400.00
2835 300.00
2836 400.00
2837 500.00
2838 460.00
2839 400.00
2840 360.00
2841 400.00
2842 400.00
2843 360.00
2844 360.00
2845 360.00
2846 420.00
2847 440.00
2848 460.00
2849 240.00
2850 240.00
2851 380.00
2852 240.00
2853 260.00
2854 300.00
2855 440.00
2856 420.00
2857 440.00
2858 400.00
2859 340.00
2860 400.00
2861 380.00
2862 440.00
2863 420.00
2864 240.00
2865 420.00
2866 300.00
2867 420.00
2868 240.00
2869 500.00
2870 380.00
2871 420.00
2872 360.00
2873 240.00
2874 460.00
2875 320.00
2876 420.00
2877 380.00
2878 420.00
2879 400.00
2880 380.00
2881 320.00
2882 400.00
2883 440.00
2884 480.00
2885 440.00
2886 440.00
2887 460.00
2888 360.00
2889 460.00
2890 240.00
2891 500.00
2892 380.00
2893 220.00
2894 340.00
2895 440.00
2896 340.00
2897 360.00
2898 320.00
2899 460.00
2900 480.00
2901 260.00
2902 280.00
2903 440.00
2904 500.00
2905 440.00
2906 240.00
2907 360.00
2908 320.00
2909 240.00
2910 200.00
2911 340.00
2912 420.00
2913 420.00
2914 380.00
2915 480.00
2916 420.00
2917 440.00
2918 200.00
2919 280.00
2920 500.00
2921 380.00
2922 440.00
2923 420.00
2924 480.00
2925 480.00
2926 240.00
2927 400.00
2928 320.00
2929 240.00
2930 420.00
2931 380.00
2932 380.00
2933 300.00
2934 380.00
2935 380.00
2936 460.00
2937 240.00
2938 380.00
2939 360.00
2940 380.00
2941 400.00
2942 360.00
2943 460.00
2944 460.00
2945 440.00
2946 260.00
2947 380.00
2948 500.00
2949 480.00
2950 360.00
2951 420.00
2952 340.00
2953 300.00
2954 240.00
2955 500.00
2956 440.00
2957 440.00
2958 220.00
2959 460.00
2960 460.00
2961 240.00
2962 480.00
2963 240.00
2964 500.00
2965 400.00
2966 240.00
2967 460.00
2968 380.00
2969 460.00
2970 420.00
2971 380.00
2972 320.00
2973 440.00
2974 400.00
2975 400.00
2976 360.00
2977 440.00
2978 500.00
2979 340.00
2980 240.00
2981 500.00
2982 480.00
2983 380.00
2984 460.00
2985 480.00
2986 200.00
2987 360.00
2988 360.00
2989 360.00
2990 400.00
2991 320.00
2992 400.00
2993 260.00
2994 420.00
2995 380.00
2996 440.00
2997 360.00
2998 400.00
2999 360.00
