0 142.31
30 158.29
60 178.93
90 188.78
120 205.67
150 235.22
180 216.00
210 198.11
240 206.02
270 238.16
300 267.53
330 268.04
360 295.76
390 265.33
420 222.80
450 242.00
480 267.27
510 297.13
540 317.47
570 307.44
600 217.49
630 218.69
660 254.13
690 279.84
720 300.42
750 269.82
780 344.44
810 286.76
840 268.33
870 279.91
900 303.33
930 319.42
960 325.00
990 291.84
1020 308.73
1050 298.60
1080 301.22
1110 317.13
1140 331.69
1170 316.04
1200 347.91
1230 295.07
1260 284.40
1290 304.04
1320 321.82
1350 327.51
1380 332.36
1410 317.60
1440 314.27
1470 311.44
1500 331.22
1530 328.22
1560 340.00
1590 332.47
1620 350.62
1650 328.42
1680 358.33
1710 328.49
1740 347.47
1770 346.20
1800 310.53
1830 315.04
1860 337.84
1890 329.89
1920 362.58
1950 348.69
1980 340.71
2010 357.49
2040 360.64
2070 360.58
2100 346.93
2130 360.44
2160 355.67
2190 328.67
2220 348.89
2250 321.76
2280 354.58
2310 356.20
2340 363.51
2370 341.67
2400 358.98
2430 355.58
2460 358.67
2490 342.53
2520 382.31
2550 355.96
2580 370.36
2610 357.62
2640 355.67
2670 358.87
2700 372.33
2730 357.00
2760 360.87
2790 331.00
2820 338.60
2850 358.69
2880 361.91
2910 358.20
2940 372.80
2970 369.36
