0 154.00
30 168.67
60 166.00
90 230.00
120 253.33
150 338.00
180 282.67
210 308.67
240 299.33
270 254.00
300 249.33
330 265.33
360 340.00
390 324.67
420 298.67
450 312.67
480 306.00
510 324.00
540 334.00
570 323.33
600 294.67
630 300.00
660 297.33
690 335.33
720 324.00
750 298.00
780 378.67
810 302.00
840 286.67
870 321.33
900 319.33
930 352.67
960 342.67
990 266.67
1020 304.00
1050 329.33
1080 350.67
1110 352.67
1140 323.33
1170 324.67
1200 367.33
1230 293.33
1260 305.33
1290 326.67
1320 329.33
1350 341.33
1380 362.67
1410 312.00
1440 321.33
1470 332.67
1500 364.00
1530 358.00
1560 376.00
1590 343.33
1620 365.33
1650 340.67
1680 375.33
1710 354.67
1740 364.67
1770 362.67
1800 318.67
1830 350.67
1860 340.00
1890 349.33
1920 392.00
1950 354.00
1980 368.00
2010 378.00
2040 373.33
2070 370.67
2100 354.67
2130 374.67
2160 347.33
2190 344.00
2220 382.00
2250 352.00
2280 361.33
2310 371.33
2340 364.00
2370 357.33
2400 364.67
2430 350.67
2460 384.00
2490 335.33
2520 384.67
2550 368.67
2580 392.67
2610 354.67
2640 375.33
2670 382.67
2700 400.67
2730 350.00
2760 382.67
2790 341.33
2820 364.00
2850 367.33
2880 378.00
2910 372.00
2940 390.00
2970 385.33
