0 291.01
30 282.61
60 288.89
90 289.79
120 302.23
150 301.39
180 301.03
210 301.63
240 301.11
270 307.58
300 310.35
330 313.65
360 308.37
390 328.94
420 335.34
450 340.71
480 345.83
510 353.19
540 351.45
570 342.89
600 373.73
630 374.25
660 379.74
690 373.93
720 375.83
750 370.67
780 373.87
810 373.15
840 377.29
870 381.71
900 383.36
930 383.19
960 374.75
990 369.06
1020 358.52
1050 362.87
1080 374.17
1110 383.11
1140 381.97
1170 370.17
1200 401.21
1230 396.32
1260 400.69
1290 399.65
1320 408.59
1350 405.60
1380 401.49
1410 383.71
1440 389.59
1470 394.79
1500 401.07
1530 402.09
1560 393.23
1590 384.09
1620 374.44
1650 377.41
1680 376.12
1710 383.69
1740 381.93
1770 381.62
1800 312.49
1830 318.50
1860 325.15
1890 331.18
1920 330.90
1950 324.38
1980 331.15
2010 347.62
2040 352.25
2070 358.84
2100 370.45
2130 370.34
2160 363.77
2190 359.46
2220 357.17
2250 360.29
2280 367.85
2310 368.80
2340 368.19
2370 357.88
2400 358.49
2430 354.56
2460 361.69
2490 366.67
2520 375.88
2550 370.97
2580 365.27
2610 360.43
2640 365.68
2670 377.01
2700 374.21
2730 373.52
2760 359.94
2790 366.00
2820 362.67
2850 367.90
2880 378.10
2910 384.54
2940 383.74
2970 371.39
