0 0.18
30 0.22
60 0.30
90 0.28
120 0.19
150 0.17
180 0.25
210 0.33
240 0.33
270 0.39
300 0.32
330 0.32
360 0.32
390 0.21
420 0.24
450 0.22
480 0.33
510 0.20
540 0.17
570 0.22
600 0.31
630 0.34
660 0.37
690 0.34
720 0.32
750 0.31
780 0.29
810 0.21
840 0.21
870 0.22
900 0.20
930 0.27
960 0.31
990 0.28
1020 0.34
1050 0.36
1080 0.41
1110 0.37
1140 0.36
1170 0.37
1200 0.37
1230 0.37
1260 0.39
1290 0.37
1320 0.33
1350 0.37
1380 0.36
1410 0.30
1440 0.25
1470 0.27
1500 0.30
1530 0.29
1560 0.23
1590 0.05
1620 -0.05
1650 -0.06
1680 -0.07
1710 -0.04
1740 -0.07
1770 -0.05
1800 0.42
1830 0.42
1860 0.43
1890 0.42
1920 0.41
1950 0.42
1980 0.42
2010 0.42
2040 0.42
2070 0.43
2100 0.41
2130 0.42
2160 0.43
2190 0.42
2220 0.43
2250 0.42
2280 0.43
2310 0.41
2340 0.42
2370 0.43
2400 0.42
2430 0.42
2460 0.43
2490 0.42
2520 0.41
2550 0.42
2580 0.42
2610 0.42
2640 0.42
2670 0.43
2700 0.41
2730 0.42
2760 0.43
2790 0.42
2820 0.43
2850 0.42
2880 0.42
2910 0.41
2940 0.42
2970 0.43
