0 0.05
30 0.19
60 0.14
90 0.12
120 0.18
150 -0.04
180 0.12
210 0.14
240 -0.10
270 0.11
300 0.28
330 0.20
360 0.26
390 0.25
420 0.30
450 0.23
480 0.26
510 0.24
540 0.20
570 0.13
600 0.20
630 0.25
660 0.27
690 0.21
720 0.12
750 0.22
780 0.32
810 0.17
840 0.22
870 0.28
900 0.24
930 0.32
960 0.29
990 0.16
1020 0.35
1050 0.30
1080 0.25
1110 0.33
1140 0.38
1170 0.27
1200 0.31
1230 0.32
1260 0.30
1290 0.35
1320 0.29
1350 0.32
1380 0.32
1410 0.27
1440 0.31
1470 0.22
1500 0.33
1530 0.36
1560 0.29
1590 0.26
1620 0.21
1650 0.32
1680 0.37
1710 0.33
1740 0.34
1770 0.29
1800 0.27
1830 0.34
1860 0.41
1890 0.37
1920 0.34
1950 0.24
1980 0.38
2010 0.39
2040 0.28
2070 0.36
2100 0.36
2130 0.34
2160 0.39
2190 0.34
2220 0.34
2250 0.33
2280 0.37
2310 0.38
2340 0.35
2370 0.36
2400 0.37
2430 0.28
2460 0.30
2490 0.37
2520 0.37
2550 0.37
2580 0.38
2610 0.35
2640 0.32
2670 0.40
2700 0.37
2730 0.36
2760 0.36
2790 0.35
2820 0.31
2850 0.37
2880 0.36
2910 0.32
2940 0.40
2970 0.34
