0 -0.16
1 -0.21
2 -0.23
3 -0.21
4 -0.26
5 -0.24
6 -0.18
7 -0.01
8 -0.25
9 -0.25
10 -0.23
11 -0.19
12 -0.36
13 -0.24
14 -0.16
15 -0.32
16 -0.29
17 -0.07
18 -0.20
19 -0.28
20 -0.26
21 -0.10
22 0.46
23 0.49
24 0.46
25 -0.24
26 -0.00
27 0.46
28 -0.32
29 -0.25
30 0.49
31 -0.32
32 -0.00
33 -0.34
34 -0.25
35 -0.18
36 -0.08
37 -0.32
38 -0.20
39 -0.26
40 -0.34
41 -0.18
42 -0.20
43 -0.24
44 -0.23
45 -0.20
46 -0.13
47 -0.16
48 -0.25
49 -0.40
50 -0.29
51 -0.24
52 -0.23
53 -0.29
54 -0.26
55 -0.14
56 -0.20
57 -0.28
58 -0.29
59 -0.21
60 -0.31
61 -0.29
62 -0.18
63 -0.38
64 -0.24
65 -0.24
66 -0.17
67 -0.29
68 -0.14
69 -0.17
70 0.49
71 0.49
72 0.49
73 0.40
74 0.49
75 -0.38
76 0.44
77 0.42
78 -0.36
79 0.49
80 0.49
81 -0.34
82 0.49
83 0.42
84 0.44
85 -0.18
86 0.42
87 0.49
88 -0.20
89 0.49
90 -0.28
91 -0.29
92 0.49
93 0.46
94 0.46
95 0.49
96 -0.17
97 -0.13
98 -0.09
99 -0.12
100 0.46
101 -0.26
102 -0.31
103 -0.08
104 0.49
105 -0.06
106 0.44
107 0.49
108 0.42
109 0.49
110 0.49
111 0.49
112 -0.10
113 -0.25
114 0.49
115 0.36
116 -0.34
117 0.49
118 -0.21
119 0.49
120 0.40
121 0.32
122 0.40
123 0.46
124 0.40
125 0.46
126 0.49
127 0.42
128 0.46
129 -0.28
130 0.49
131 -0.12
132 -0.29
133 -0.09
134 -0.26
135 0.42
136 0.49
137 -0.17
138 -0.36
139 0.49
140 0.44
141 0.49
142 -0.31
143 0.36
144 -0.24
145 0.44
146 -0.23
147 0.49
148 0.44
149 -0.23
150 0.49
151 -0.28
152 -0.21
153 0.49
154 0.32
155 0.49
156 0.40
157 0.49
158 -0.25
159 -0.26
160 -0.26
161 0.49
162 -0.09
163 -0.28
164 -0.29
165 0.49
166 -0.21
167 0.40
168 0.49
169 -0.10
170 -0.14
171 -0.23
172 -0.28
173 -0.20
174 -0.26
175 -0.24
176 -0.24
177 -0.04
178 -0.21
179 -0.23
180 -0.03
181 -0.29
182 -0.07
183 -0.34
184 -0.09
185 -0.25
186 -0.10
187 -0.03
188 -0.12
189 0.08
190 0.49
191 -0.09
192 -0.31
193 0.49
194 0.32
195 -0.26
196 0.44
197 0.49
198 -0.34
199 0.49
200 0.49
201 0.46
202 -0.17
203 -0.00
204 0.49
205 -0.38
206 0.46
207 -0.31
208 0.49
209 -0.29
210 0.13
211 0.46
212 0.46
213 -0.38
214 0.49
215 -0.34
216 0.42
217 -0.31
218 -0.29
219 0.49
220 -0.08
221 0.49
222 0.49
223 -0.31
224 -0.26
225 0.44
226 -0.29
227 0.49
228 -0.32
229 -0.09
230 0.49
231 0.44
232 -0.09
233 0.49
234 -0.16
235 0.49
236 0.46
237 0.49
238 -0.08
239 -0.32
240 0.49
241 0.44
242 0.49
243 0.49
244 -0.24
245 -0.20
246 -0.38
247 -0.26
248 -0.17
249 -0.05
250 -0.17
251 -0.07
252 -0.16
253 -0.19
254 -0.12
255 -0.24
256 -0.15
257 0.46
258 0.49
259 -0.36
260 0.42
261 0.44
262 0.49
263 0.49
264 0.46
265 0.46
266 -0.21
267 -0.28
268 0.49
269 -0.19
270 0.44
271 0.42
272 -0.21
273 -0.32
274 0.49
275 0.44
276 -0.25
277 -0.10
278 -0.24
279 -0.12
280 -0.14
281 -0.26
282 -0.31
283 -0.15
284 -0.20
285 0.44
286 -0.32
287 0.49
288 0.49
289 -0.13
290 -0.28
291 0.49
292 -0.38
293 0.44
294 -0.36
295 -0.26
296 0.49
297 -0.31
298 -0.34
299 0.49
300 -0.34
301 -0.31
302 0.46
303 0.49
304 0.49
305 0.49
306 0.49
307 0.49
308 0.49
309 0.49
310 -0.29
311 -0.10
312 0.49
313 0.46
314 -0.28
315 0.11
316 0.49
317 0.49
318 -0.06
319 0.46
320 -0.36
321 0.44
322 0.38
323 0.49
324 -0.31
325 -0.31
326 -0.06
327 -0.17
328 0.11
329 -0.31
330 -0.36
331 0.46
332 -0.29
333 -0.09
334 -0.17
335 -0.31
336 -0.28
337 -0.02
338 0.46
339 -0.31
340 0.36
341 -0.25
342 -0.34
343 -0.29
344 -0.32
345 -0.28
346 -0.29
347 -0.28
348 -0.24
349 -0.23
350 -0.21
351 0.46
352 0.49
353 -0.10
354 0.49
355 -0.26
356 0.36
357 -0.28
358 0.49
359 -0.26
360 -0.09
361 0.46
362 -0.12
363 -0.24
364 -0.12
365 -0.12
366 0.46
367 -0.18
368 0.49
369 0.44
370 0.49
371 0.49
372 0.32
373 0.49
374 0.49
375 0.40
376 -0.19
377 0.46
378 0.49
379 0.49
380 0.49
381 -0.14
382 -0.10
383 0.49
384 -0.14
385 0.49
386 0.49
387 0.44
388 0.44
389 0.44
390 -0.17
391 0.49
392 -0.17
393 0.49
394 0.44
395 0.49
396 0.49
397 0.49
398 -0.32
399 0.49
400 -0.06
401 0.46
402 0.49
403 0.49
404 0.29
405 0.49
406 0.49
407 0.49
408 0.26
409 0.29
410 0.42
411 0.49
412 0.49
413 0.49
414 0.44
415 -0.15
416 0.44
417 0.44
418 -0.17
419 -0.26
420 -0.17
421 -0.20
422 -0.26
423 -0.40
424 -0.25
425 0.26
426 0.49
427 0.40
428 -0.29
429 -0.24
430 0.46
431 0.49
432 -0.14
433 0.49
434 -0.28
435 -0.15
436 -0.20
437 0.49
438 -0.29
439 -0.29
440 -0.18
441 -0.36
442 -0.01
443 -0.11
444 -0.17
445 -0.36
446 -0.26
447 -0.18
448 -0.16
449 -0.26
450 -0.29
451 -0.32
452 -0.25
453 -0.16
454 0.49
455 0.46
456 -0.31
457 0.49
458 -0.32
459 0.49
460 0.49
461 -0.26
462 0.44
463 0.49
464 0.49
465 -0.34
466 0.44
467 0.44
468 -0.14
469 0.49
470 0.36
471 0.44
472 0.49
473 0.46
474 0.46
475 0.49
476 -0.40
477 -0.13
478 0.49
479 0.49
480 0.49
481 -0.32
482 0.49
483 -0.15
484 -0.21
485 0.49
486 0.49
487 0.49
488 -0.36
489 -0.16
490 0.44
491 0.19
492 0.49
493 0.44
494 0.49
495 0.40
496 0.44
497 -0.15
498 0.49
499 -0.17
500 0.42
501 0.49
502 0.49
503 -0.29
504 0.49
505 -0.10
506 0.49
507 0.49
508 -0.31
509 0.44
510 0.49
511 0.40
512 0.46
513 0.49
514 0.49
515 -0.36
516 -0.28
517 0.49
518 -0.13
519 -0.32
520 -0.21
521 -0.17
522 -0.04
523 -0.19
524 -0.04
525 -0.26
526 -0.21
527 -0.23
528 -0.29
529 -0.18
530 -0.16
531 -0.02
532 -0.14
533 -0.14
534 -0.18
535 -0.17
536 -0.20
537 -0.08
538 -0.24
539 -0.09
540 -0.23
541 -0.24
542 -0.36
543 -0.20
544 -0.04
545 -0.20
546 -0.21
547 -0.20
548 -0.11
549 -0.23
550 -0.26
551 -0.28
552 -0.24
553 -0.25
554 -0.25
555 -0.24
556 -0.04
557 0.14
558 0.44
559 -0.12
560 0.49
561 -0.29
562 0.49
563 0.49
564 0.49
565 -0.29
566 -0.29
567 0.44
568 -0.36
569 -0.25
570 0.46
571 0.46
572 0.49
573 -0.34
574 -0.28
575 -0.18
576 -0.26
577 -0.18
578 0.42
579 -0.28
580 0.49
581 0.44
582 0.49
583 0.49
584 -0.32
585 0.49
586 0.46
587 -0.31
588 0.49
589 0.49
590 -0.36
591 -0.29
592 -0.34
593 -0.31
594 0.42
595 0.46
596 0.46
597 0.40
598 0.49
599 -0.09
600 0.44
601 0.49
602 0.44
603 0.36
604 -0.13
605 -0.21
606 0.44
607 0.44
608 0.46
609 -0.12
610 0.44
611 0.38
612 -0.00
613 0.49
614 0.46
615 0.44
616 0.46
617 0.46
618 0.46
619 0.42
620 0.44
621 0.46
622 -0.20
623 0.49
624 0.46
625 0.42
626 0.46
627 0.46
628 0.46
629 0.44
630 0.46
631 0.46
632 0.44
633 0.44
634 0.42
635 0.38
636 0.46
637 0.42
638 0.44
639 0.28
640 -0.09
641 0.46
642 0.49
643 0.42
644 0.44
645 0.01
646 0.49
647 0.46
648 0.46
649 0.46
650 -0.00
651 -0.05
652 0.44
653 0.44
654 0.09
655 0.49
656 0.44
657 0.49
658 0.44
659 -0.14
660 0.42
661 0.44
662 0.44
663 0.46
664 0.42
665 0.44
666 0.07
667 -0.24
668 0.49
669 0.46
670 0.42
671 0.09
672 0.34
673 0.38
674 -0.26
675 0.42
676 -0.01
677 0.13
678 -0.20
679 -0.21
680 -0.24
681 -0.16
682 0.18
683 0.29
684 0.40
685 0.46
686 -0.34
687 0.44
688 0.46
689 -0.14
690 0.34
691 -0.34
692 0.40
693 0.31
694 0.38
695 -0.29
696 0.36
697 0.28
698 -0.21
699 0.38
700 0.36
701 0.20
702 0.31
703 -0.24
704 0.25
705 0.34
706 0.34
707 -0.20
708 0.29
709 -0.18
710 -0.20
711 -0.25
712 -0.23
713 -0.17
714 0.21
715 -0.24
716 -0.03
717 -0.23
718 0.01
719 -0.05
720 0.17
721 0.46
722 0.49
723 0.46
724 -0.31
725 0.42
726 -0.19
727 -0.32
728 0.46
729 0.46
730 -0.00
731 -0.02
732 -0.05
733 -0.01
734 -0.17
735 -0.19
736 -0.04
737 -0.21
738 -0.26
739 -0.17
740 -0.17
741 0.14
742 0.46
743 -0.04
744 -0.05
745 -0.06
746 0.44
747 -0.34
748 0.49
749 -0.29
750 0.49
751 0.49
752 -0.34
753 -0.36
754 -0.24
755 -0.08
756 -0.14
757 -0.02
758 -0.21
759 0.13
760 -0.17
761 -0.00
762 -0.00
763 -0.06
764 -0.00
765 -0.01
766 -0.00
767 -0.01
768 -0.01
769 -0.02
770 -0.03
771 -0.00
772 -0.00
773 -0.18
774 -0.00
775 0.09
776 -0.02
777 -0.04
778 -0.03
779 0.05
780 0.44
781 0.44
782 0.49
783 0.49
784 0.46
785 -0.34
786 0.09
787 0.49
788 0.11
789 0.49
790 0.46
791 0.49
792 0.10
793 0.49
794 0.13
795 0.49
796 0.49
797 0.46
798 0.44
799 0.49
800 -0.32
801 -0.38
802 0.49
803 0.10
804 -0.38
805 0.49
806 0.49
807 0.13
808 0.46
809 0.49
810 -0.32
811 0.44
812 -0.32
813 0.49
814 0.46
815 0.44
816 0.46
817 0.49
818 0.49
819 0.49
820 -0.17
821 -0.26
822 0.42
823 -0.36
824 0.49
825 -0.12
826 0.49
827 0.49
828 0.49
829 0.46
830 0.49
831 0.49
832 -0.34
833 -0.24
834 0.20
835 0.49
836 -0.38
837 0.46
838 0.09
839 0.44
840 0.49
841 0.49
842 -0.38
843 0.49
844 -0.28
845 0.44
846 0.49
847 0.49
848 0.11
849 0.49
850 0.49
851 0.49
852 0.00
853 -0.31
854 0.32
855 0.29
856 0.49
857 0.46
858 0.49
859 -0.10
860 0.04
861 -0.16
862 -0.03
863 -0.19
864 -0.26
865 -0.02
866 -0.14
867 0.01
868 -0.03
869 -0.00
870 -0.01
871 -0.14
872 -0.01
873 -0.01
874 -0.06
875 -0.09
876 -0.19
877 -0.20
878 -0.07
879 -0.18
880 -0.01
881 -0.12
882 -0.29
883 0.09
884 0.07
885 -0.31
886 0.49
887 0.49
888 0.10
889 -0.01
890 0.49
891 -0.20
892 0.14
893 0.12
894 -0.28
895 0.23
896 0.49
897 0.07
898 -0.31
899 0.46
900 0.49
901 -0.25
902 0.12
903 0.49
904 0.49
905 0.06
906 0.44
907 -0.17
908 0.49
909 0.12
910 -0.10
911 0.49
912 0.09
913 0.11
914 0.09
915 0.49
916 0.49
917 0.49
918 0.11
919 0.49
920 -0.01
921 0.49
922 0.49
923 0.49
924 0.49
925 0.26
926 0.11
927 0.49
928 0.12
929 -0.29
930 -0.11
931 -0.19
932 0.49
933 0.44
934 -0.26
935 -0.14
936 0.49
937 0.40
938 0.44
939 0.49
940 0.09
941 -0.34
942 0.49
943 0.49
944 0.16
945 0.49
946 -0.28
947 0.46
948 0.10
949 -0.20
950 0.23
951 0.15
952 -0.21
953 -0.14
954 -0.29
955 0.46
956 -0.06
957 -0.04
958 -0.28
959 -0.09
960 0.05
961 0.46
962 -0.23
963 -0.28
964 0.26
965 -0.14
966 -0.04
967 -0.15
968 0.09
969 0.12
970 -0.09
971 -0.18
972 -0.24
973 0.13
974 -0.28
975 0.09
976 -0.02
977 -0.02
978 -0.38
979 -0.29
980 -0.12
981 -0.18
982 -0.20
983 -0.01
984 -0.26
985 -0.14
986 -0.05
987 0.24
988 0.31
989 0.49
990 -0.36
991 0.49
992 0.44
993 -0.25
994 0.10
995 -0.31
996 0.07
997 0.14
998 0.07
999 0.16
1000 0.49
1001 0.49
1002 0.49
1003 0.49
1004 0.49
1005 0.09
1006 -0.09
1007 0.10
1008 0.00
1009 0.11
1010 0.10
1011 0.42
1012 -0.07
1013 -0.24
1014 0.49
1015 0.49
1016 0.36
1017 0.49
1018 0.11
1019 0.46
1020 -0.36
1021 0.49
1022 0.49
1023 0.46
1024 0.14
1025 0.29
1026 0.46
1027 0.49
1028 0.44
1029 0.49
1030 0.42
1031 0.46
1032 0.13
1033 0.49
1034 0.12
1035 0.46
1036 0.49
1037 -0.12
1038 0.46
1039 0.49
1040 0.46
1041 0.10
1042 0.49
1043 0.10
1044 -0.25
1045 -0.10
1046 -0.20
1047 0.49
1048 -0.24
1049 0.49
1050 0.49
1051 0.12
1052 0.46
1053 0.49
1054 0.10
1055 0.12
1056 0.10
1057 -0.32
1058 0.49
1059 0.12
1060 0.04
1061 -0.32
1062 -0.09
1063 0.42
1064 -0.38
1065 0.49
1066 -0.24
1067 -0.34
1068 -0.11
1069 -0.28
1070 0.12
1071 0.08
1072 0.44
1073 0.42
1074 -0.16
1075 0.08
1076 0.49
1077 0.34
1078 0.49
1079 0.49
1080 0.49
1081 0.44
1082 0.46
1083 -0.19
1084 0.03
1085 -0.32
1086 0.49
1087 -0.24
1088 0.46
1089 0.44
1090 -0.11
1091 0.49
1092 0.46
1093 0.49
1094 -0.31
1095 0.40
1096 0.49
1097 0.07
1098 -0.17
1099 0.40
1100 0.46
1101 0.42
1102 0.49
1103 0.49
1104 0.04
1105 0.49
1106 -0.07
1107 0.44
1108 0.04
1109 0.05
1110 -0.16
1111 0.49
1112 0.49
1113 0.49
1114 0.49
1115 -0.04
1116 0.49
1117 0.49
1118 0.49
1119 0.44
1120 0.12
1121 -0.16
1122 0.49
1123 0.49
1124 0.07
1125 0.46
1126 0.49
1127 0.49
1128 0.09
1129 -0.34
1130 0.49
1131 0.44
1132 0.10
1133 0.49
1134 0.44
1135 -0.32
1136 0.03
1137 -0.25
1138 0.49
1139 0.49
1140 0.49
1141 0.49
1142 0.15
1143 -0.14
1144 0.49
1145 -0.32
1146 0.10
1147 0.06
1148 0.40
1149 -0.24
1150 -0.09
1151 0.01
1152 -0.20
1153 0.07
1154 0.36
1155 0.49
1156 0.46
1157 0.44
1158 0.49
1159 0.49
1160 0.49
1161 -0.14
1162 0.01
1163 0.49
1164 0.05
1165 -0.09
1166 0.49
1167 0.38
1168 0.07
1169 0.44
1170 0.49
1171 0.46
1172 0.44
1173 0.49
1174 0.44
1175 0.49
1176 0.46
1177 -0.16
1178 0.05
1179 -0.19
1180 -0.36
1181 0.46
1182 0.49
1183 0.49
1184 0.10
1185 0.49
1186 0.44
1187 0.49
1188 -0.28
1189 0.46
1190 0.09
1191 0.49
1192 0.42
1193 0.49
1194 0.07
1195 0.44
1196 -0.26
1197 -0.28
1198 -0.32
1199 0.44
1200 0.25
1201 0.49
1202 0.07
1203 0.03
1204 -0.05
1205 -0.05
1206 0.49
1207 0.10
1208 0.49
1209 0.44
1210 -0.21
1211 0.49
1212 0.46
1213 0.44
1214 0.49
1215 0.46
1216 0.40
1217 0.44
1218 0.49
1219 0.46
1220 -0.19
1221 0.49
1222 0.49
1223 0.44
1224 0.49
1225 -0.29
1226 0.46
1227 0.44
1228 0.49
1229 -0.32
1230 0.46
1231 0.44
1232 -0.05
1233 0.44
1234 -0.29
1235 0.49
1236 0.09
1237 0.49
1238 0.49
1239 0.49
1240 0.09
1241 0.10
1242 0.06
1243 -0.19
1244 0.07
1245 0.40
1246 -0.32
1247 0.42
1248 0.40
1249 0.46
1250 0.29
1251 0.49
1252 0.44
1253 -0.28
1254 0.42
1255 0.46
1256 0.49
1257 0.05
1258 0.36
1259 -0.20
1260 0.44
1261 0.49
1262 -0.07
1263 0.08
1264 0.44
1265 0.49
1266 0.38
1267 -0.14
1268 0.49
1269 0.49
1270 -0.07
1271 0.34
1272 0.31
1273 -0.26
1274 0.34
1275 0.40
1276 0.49
1277 0.40
1278 0.42
1279 0.49
1280 0.49
1281 0.44
1282 0.49
1283 0.44
1284 0.49
1285 -0.36
1286 0.49
1287 0.49
1288 0.46
1289 0.49
1290 -0.29
1291 0.49
1292 -0.13
1293 0.38
1294 0.49
1295 -0.02
1296 0.42
1297 0.46
1298 0.49
1299 0.46
1300 0.49
1301 0.44
1302 0.49
1303 0.23
1304 0.11
1305 -0.28
1306 0.46
1307 0.49
1308 0.42
1309 0.49
1310 -0.00
1311 -0.23
1312 0.44
1313 0.46
1314 0.49
1315 0.46
1316 -0.15
1317 -0.01
1318 0.31
1319 0.42
1320 0.46
1321 0.34
1322 0.34
1323 0.49
1324 0.49
1325 0.40
1326 0.31
1327 0.49
1328 0.21
1329 0.49
1330 0.49
1331 0.49
1332 0.46
1333 -0.07
1334 0.01
1335 0.38
1336 0.49
1337 -0.25
1338 0.36
1339 0.46
1340 0.02
1341 0.44
1342 0.40
1343 0.42
1344 0.49
1345 0.49
1346 0.49
1347 0.44
1348 0.49
1349 0.07
1350 0.38
1351 0.46
1352 0.42
1353 0.46
1354 0.42
1355 0.46
1356 0.42
1357 0.10
1358 0.42
1359 0.40
1360 0.38
1361 0.46
1362 0.36
1363 0.49
1364 0.44
1365 0.49
1366 0.49
1367 0.34
1368 0.49
1369 0.40
1370 0.38
1371 0.49
1372 0.49
1373 0.42
1374 0.46
1375 0.08
1376 0.44
1377 0.46
1378 0.36
1379 0.49
1380 0.44
1381 0.46
1382 0.49
1383 0.46
1384 0.46
1385 0.06
1386 0.44
1387 0.40
1388 0.42
1389 -0.04
1390 0.46
1391 0.44
1392 0.32
1393 0.42
1394 0.34
1395 0.46
1396 0.46
1397 0.49
1398 0.23
1399 0.42
1400 0.38
1401 0.44
1402 0.44
1403 0.44
1404 0.40
1405 0.44
1406 0.49
1407 0.46
1408 0.42
1409 0.44
1410 0.44
1411 0.49
1412 0.49
1413 0.46
1414 0.46
1415 0.49
1416 0.42
1417 0.44
1418 0.40
1419 0.34
1420 0.31
1421 0.49
1422 0.40
1423 0.46
1424 0.44
1425 0.46
1426 0.44
1427 0.42
1428 0.49
1429 0.42
1430 0.46
1431 0.49
1432 0.40
1433 0.46
1434 0.42
1435 0.46
1436 0.20
1437 0.31
1438 0.42
1439 0.49
1440 0.40
1441 0.46
1442 0.46
1443 0.44
1444 0.36
1445 0.46
1446 0.42
1447 0.49
1448 0.44
1449 0.46
1450 0.40
1451 0.08
1452 0.42
1453 -0.34
1454 0.42
1455 0.44
1456 0.49
1457 0.46
1458 0.36
1459 0.44
1460 0.46
1461 0.46
1462 0.49
1463 0.49
1464 0.38
1465 0.42
1466 0.44
1467 0.46
1468 0.40
1469 0.46
1470 -0.18
1471 0.44
1472 0.42
1473 0.44
1474 0.10
1475 -0.07
1476 0.36
1477 0.44
1478 0.44
1479 0.42
1480 0.44
1481 0.03
1482 0.44
1483 0.42
1484 0.42
1485 0.49
1486 0.44
1487 0.42
1488 0.44
1489 0.44
1490 0.40
1491 -0.29
1492 0.49
1493 0.42
1494 0.42
1495 0.46
1496 0.06
1497 0.01
1498 0.46
1499 0.46
1500 0.49
1501 0.49
1502 0.28
1503 0.46
1504 0.44
1505 0.42
1506 0.09
1507 -0.26
1508 0.46
1509 0.46
1510 -0.01
1511 0.36
1512 0.44
1513 0.31
1514 0.42
1515 0.49
1516 0.42
1517 0.00
1518 0.49
1519 0.49
1520 0.34
1521 0.44
1522 0.49
1523 0.49
1524 0.46
1525 0.49
1526 0.49
1527 0.49
1528 -0.26
1529 -0.09
1530 0.49
1531 0.49
1532 0.44
1533 0.31
1534 0.40
1535 0.44
1536 0.42
1537 0.40
1538 0.49
1539 0.44
1540 0.46
1541 0.46
1542 0.49
1543 0.36
1544 0.49
1545 0.46
1546 0.49
1547 0.40
1548 0.46
1549 0.44
1550 0.42
1551 0.49
1552 0.40
1553 0.44
1554 -0.29
1555 0.46
1556 0.42
1557 0.44
1558 0.44
1559 0.42
1560 0.44
1561 -0.28
1562 0.44
1563 0.44
1564 0.06
1565 0.42
1566 0.32
1567 0.44
1568 0.40
1569 0.44
1570 0.46
1571 0.40
1572 0.44
1573 0.09
1574 0.32
1575 0.46
1576 0.46
1577 0.44
1578 0.42
1579 0.49
1580 0.06
1581 0.00
1582 0.32
1583 0.49
1584 0.44
1585 0.46
1586 0.44
1587 0.49
1588 0.02
1589 0.00
1590 0.49
1591 0.49
1592 0.49
1593 0.38
1594 0.46
1595 0.42
1596 0.46
1597 0.10
1598 0.42
1599 0.49
1600 0.42
1601 0.49
1602 0.44
1603 0.44
1604 0.44
1605 0.46
1606 0.42
1607 0.46
1608 0.40
1609 0.49
1610 0.44
1611 0.34
1612 0.40
1613 -0.26
1614 0.46
1615 0.49
1616 0.44
1617 0.49
1618 0.09
1619 0.42
1620 0.38
1621 0.46
1622 0.46
1623 0.46
1624 0.34
1625 0.07
1626 0.46
1627 0.49
1628 0.42
1629 0.44
1630 0.38
1631 0.44
1632 0.49
1633 0.44
1634 0.42
1635 0.49
1636 0.49
1637 0.44
1638 0.46
1639 0.44
1640 0.46
1641 0.49
1642 0.46
1643 0.46
1644 0.46
1645 0.49
1646 0.44
1647 0.44
1648 0.38
1649 0.05
1650 0.28
1651 0.29
1652 0.42
1653 0.08
1654 0.18
1655 0.31
1656 0.23
1657 0.40
1658 -0.01
1659 0.32
1660 0.46
1661 0.46
1662 0.49
1663 0.46
1664 0.49
1665 0.49
1666 0.40
1667 0.44
1668 0.49
1669 0.44
1670 0.44
1671 0.46
1672 0.44
1673 0.44
1674 0.46
1675 0.07
1676 0.24
1677 0.44
1678 0.40
1679 0.34
1680 0.42
1681 0.44
1682 0.44
1683 0.44
1684 0.17
1685 0.49
1686 0.40
1687 0.18
1688 0.40
1689 0.49
1690 0.32
1691 0.44
1692 0.44
1693 0.42
1694 0.38
1695 0.49
1696 0.46
1697 0.44
1698 0.42
1699 0.44
1700 0.46
1701 0.49
1702 0.38
1703 0.49
1704 0.40
1705 0.40
1706 0.49
1707 0.42
1708 0.40
1709 0.46
1710 0.46
1711 0.44
1712 0.49
1713 0.46
1714 0.46
1715 0.46
1716 0.46
1717 0.42
1718 -0.31
1719 -0.10
1720 0.40
1721 0.46
1722 0.36
1723 0.49
1724 0.46
1725 0.46
1726 0.49
1727 0.46
1728 0.46
1729 0.46
1730 0.44
1731 0.40
1732 0.38
1733 0.46
1734 0.38
1735 0.42
1736 0.44
1737 0.32
1738 0.46
1739 0.49
1740 0.44
1741 0.49
1742 0.38
1743 0.46
1744 0.40
1745 0.44
1746 0.49
1747 0.44
1748 0.42
1749 0.42
1750 0.38
1751 0.49
1752 0.08
1753 0.08
1754 0.46
1755 0.36
1756 0.44
1757 0.42
1758 0.44
1759 0.40
1760 0.46
1761 0.44
1762 0.40
1763 0.44
1764 0.14
1765 0.44
1766 0.49
1767 0.49
1768 0.36
1769 0.42
1770 0.49
1771 -0.12
1772 0.49
1773 0.49
1774 0.32
1775 0.40
1776 0.07
1777 0.38
1778 0.46
1779 0.04
1780 0.42
1781 0.44
1782 0.46
1783 0.42
1784 0.36
1785 0.40
1786 0.32
1787 0.49
1788 0.40
1789 0.49
1790 0.42
1791 0.49
1792 0.46
1793 0.34
1794 -0.09
1795 0.46
1796 0.28
1797 0.42
1798 0.49
1799 0.36
1800 0.49
1801 0.46
1802 0.38
1803 0.36
1804 0.49
1805 0.49
1806 0.42
1807 0.44
1808 0.40
1809 0.42
1810 0.49
1811 0.49
1812 0.46
1813 0.42
1814 0.46
1815 0.46
1816 -0.24
1817 0.44
1818 0.42
1819 0.49
1820 0.25
1821 0.21
1822 0.44
1823 0.44
1824 0.46
1825 0.49
1826 0.46
1827 0.40
1828 0.42
1829 0.40
1830 0.49
1831 0.46
1832 -0.32
1833 0.44
1834 0.40
1835 0.42
1836 0.44
1837 0.42
1838 0.44
1839 0.44
1840 0.49
1841 0.44
1842 0.42
1843 0.12
1844 0.42
1845 0.44
1846 0.42
1847 0.49
1848 0.40
1849 0.38
1850 0.42
1851 -0.28
1852 0.44
1853 0.02
1854 0.04
1855 0.05
1856 0.32
1857 0.38
1858 0.40
1859 0.06
1860 0.40
1861 0.46
1862 0.49
1863 -0.19
1864 0.46
1865 0.09
1866 0.44
1867 0.42
1868 0.49
1869 0.49
1870 0.46
1871 0.44
1872 0.44
1873 0.17
1874 0.44
1875 0.42
1876 0.31
1877 0.42
1878 0.38
1879 0.40
1880 0.44
1881 0.29
1882 0.38
1883 0.49
1884 0.46
1885 0.44
1886 0.42
1887 0.46
1888 0.49
1889 0.49
1890 0.44
1891 0.49
1892 0.34
1893 0.49
1894 0.36
1895 0.40
1896 0.49
1897 0.42
1898 0.46
1899 0.46
1900 0.02
1901 0.40
1902 0.46
1903 0.44
1904 0.42
1905 0.44
1906 0.49
1907 0.42
1908 0.07
1909 0.44
1910 0.46
1911 0.42
1912 0.09
1913 0.44
1914 0.46
1915 -0.00
1916 0.46
1917 0.14
1918 0.12
1919 0.31
1920 0.38
1921 0.49
1922 0.03
1923 0.40
1924 0.49
1925 0.40
1926 0.42
1927 0.46
1928 0.42
1929 0.40
1930 0.49
1931 0.49
1932 0.49
1933 0.40
1934 0.40
1935 0.49
1936 0.49
1937 0.46
1938 0.44
1939 0.40
1940 0.42
1941 0.42
1942 0.44
1943 0.38
1944 0.49
1945 0.40
1946 0.46
1947 0.38
1948 0.44
1949 0.09
1950 0.42
1951 0.49
1952 0.49
1953 0.42
1954 0.46
1955 0.44
1956 0.44
1957 0.42
1958 0.49
1959 0.42
1960 0.44
1961 -0.23
1962 0.44
1963 0.46
1964 0.44
1965 0.49
1966 0.46
1967 0.44
1968 0.46
1969 0.42
1970 0.40
1971 0.46
1972 0.42
1973 0.04
1974 0.46
1975 0.42
1976 0.49
1977 0.44
1978 0.40
1979 0.08
1980 0.38
1981 0.46
1982 0.42
1983 0.44
1984 0.44
1985 0.42
1986 0.46
1987 -0.28
1988 -0.14
1989 0.42
1990 0.38
1991 0.40
1992 0.46
1993 0.46
1994 0.42
1995 0.42
1996 0.40
1997 0.42
1998 0.49
1999 -0.04
2000 0.31
2001 -0.07
2002 0.42
2003 0.44
2004 0.49
2005 0.44
2006 0.46
2007 0.32
2008 0.46
2009 0.42
2010 0.34
2011 0.49
2012 0.38
2013 0.26
2014 0.38
2015 0.18
2016 0.46
2017 0.40
2018 0.46
2019 0.46
2020 0.49
2021 0.40
2022 0.46
2023 0.46
2024 0.46
2025 0.38
2026 0.46
2027 0.42
2028 0.38
2029 0.46
2030 0.23
2031 0.38
2032 0.49
2033 0.44
2034 0.42
2035 0.49
2036 0.38
2037 0.31
2038 0.49
2039 0.46
2040 0.40
2041 0.44
2042 0.49
2043 0.25
2044 0.28
2045 0.28
2046 0.34
2047 0.40
2048 0.38
2049 0.46
2050 0.49
2051 0.38
2052 0.34
2053 0.42
2054 0.46
2055 0.40
2056 0.46
2057 0.40
2058 0.44
2059 0.49
2060 0.38
2061 0.49
2062 0.40
2063 0.49
2064 0.46
2065 0.07
2066 0.46
2067 0.49
2068 0.49
2069 0.40
2070 0.38
2071 0.49
2072 0.40
2073 0.36
2074 0.38
2075 0.03
2076 0.36
2077 0.36
2078 0.42
2079 0.49
2080 0.44
2081 0.44
2082 0.46
2083 0.46
2084 0.46
2085 0.42
2086 0.40
2087 0.44
2088 0.38
2089 0.40
2090 0.46
2091 0.42
2092 0.29
2093 0.49
2094 0.46
2095 0.46
2096 0.42
2097 0.46
2098 0.44
2099 -0.24
2100 0.44
2101 0.49
2102 0.42
2103 0.40
2104 0.34
2105 0.34
2106 0.46
2107 0.46
2108 0.46
2109 0.49
2110 0.42
2111 0.44
2112 0.44
2113 0.32
2114 -0.26
2115 0.42
2116 -0.29
2117 0.34
2118 0.44
2119 0.44
2120 0.40
2121 0.38
2122 0.42
2123 0.29
2124 0.46
2125 0.29
2126 0.46
2127 0.49
2128 0.46
2129 -0.18
2130 -0.31
2131 0.40
2132 0.40
2133 0.42
2134 0.46
2135 0.40
2136 0.31
2137 0.40
2138 0.34
2139 0.40
2140 0.49
2141 0.40
2142 0.46
2143 0.44
2144 0.46
2145 0.46
2146 0.38
2147 0.44
2148 0.46
2149 0.49
2150 -0.14
2151 0.42
2152 0.46
2153 -0.03
2154 -0.01
2155 0.34
2156 0.38
2157 0.29
2158 0.36
2159 0.34
2160 -0.17
2161 0.32
2162 0.28
2163 0.36
2164 0.40
2165 0.46
2166 -0.23
2167 0.44
2168 0.38
2169 0.44
2170 0.32
2171 0.38
2172 0.42
2173 0.44
2174 0.46
2175 0.49
2176 0.49
2177 -0.21
2178 0.44
2179 0.49
2180 0.49
2181 0.38
2182 0.32
2183 0.42
2184 0.42
2185 0.44
2186 0.40
2187 0.44
2188 0.42
2189 0.34
2190 0.46
2191 0.34
2192 0.46
2193 0.44
2194 -0.23
2195 0.42
2196 0.31
2197 -0.24
2198 0.28
2199 0.46
2200 0.24
2201 0.49
2202 0.34
2203 -0.17
2204 0.40
2205 0.44
2206 0.40
2207 0.46
2208 0.42
2209 0.12
2210 0.46
2211 0.49
2212 -0.05
2213 0.17
2214 -0.13
2215 0.34
2216 0.38
2217 0.40
2218 -0.32
2219 0.23
2220 0.31
2221 0.49
2222 0.46
2223 0.46
2224 0.46
2225 0.42
2226 0.44
2227 0.40
2228 0.42
2229 0.38
2230 0.44
2231 -0.15
2232 0.23
2233 0.42
2234 0.44
2235 0.12
2236 0.49
2237 0.40
2238 0.49
2239 0.44
2240 0.42
2241 0.38
2242 0.40
2243 0.44
2244 0.42
2245 0.38
2246 0.46
2247 0.38
2248 0.40
2249 0.49
2250 0.40
2251 0.44
2252 0.36
2253 0.46
2254 0.49
2255 0.46
2256 0.42
2257 0.40
2258 0.46
2259 0.42
2260 0.44
2261 0.42
2262 -0.32
2263 0.44
2264 0.46
2265 0.42
2266 0.42
2267 0.49
2268 0.42
2269 0.49
2270 0.46
2271 0.44
2272 0.42
2273 0.49
2274 0.46
2275 0.40
2276 0.40
2277 0.49
2278 0.24
2279 0.46
2280 -0.31
2281 0.42
2282 0.46
2283 0.46
2284 0.18
2285 0.49
2286 0.46
2287 0.44
2288 0.46
2289 0.44
2290 0.32
2291 0.49
2292 0.28
2293 0.26
2294 0.40
2295 0.40
2296 0.46
2297 -0.26
2298 0.46
2299 0.44
2300 0.44
2301 0.42
2302 0.44
2303 0.46
2304 -0.21
2305 0.40
2306 0.44
2307 0.44
2308 0.44
2309 0.49
2310 0.23
2311 0.49
2312 0.32
2313 0.38
2314 0.32
2315 0.49
2316 0.42
2317 0.42
2318 0.38
2319 0.44
2320 0.49
2321 0.40
2322 0.46
2323 0.34
2324 0.34
2325 0.49
2326 0.38
2327 0.38
2328 0.42
2329 0.46
2330 0.42
2331 0.38
2332 0.44
2333 0.44
2334 0.42
2335 0.46
2336 0.29
2337 0.46
2338 0.44
2339 0.49
2340 0.44
2341 0.42
2342 0.46
2343 0.40
2344 0.44
2345 0.49
2346 0.49
2347 0.42
2348 0.44
2349 0.44
2350 0.46
2351 0.42
2352 0.34
2353 0.36
2354 0.32
2355 0.42
2356 0.49
2357 0.44
2358 0.46
2359 0.49
2360 0.44
2361 0.38
2362 0.46
2363 0.40
2364 0.40
2365 0.42
2366 0.44
2367 0.42
2368 0.32
2369 0.40
2370 0.38
2371 0.46
2372 0.08
2373 -0.18
2374 0.40
2375 0.44
2376 0.49
2377 0.05
2378 0.44
2379 -0.24
2380 0.40
2381 0.38
2382 0.42
2383 0.36
2384 0.46
2385 0.44
2386 0.42
2387 0.49
2388 0.19
2389 0.42
2390 0.36
2391 0.42
2392 0.42
2393 0.42
2394 0.40
2395 0.42
2396 0.46
2397 0.44
2398 0.38
2399 0.32
2400 0.44
2401 0.40
2402 0.42
2403 0.44
2404 0.32
2405 0.44
2406 0.46
2407 0.46
2408 0.46
2409 0.49
2410 0.42
2411 0.49
2412 0.38
2413 0.40
2414 0.38
2415 0.38
2416 0.49
2417 0.44
2418 0.46
2419 0.46
2420 0.49
2421 0.09
2422 0.49
2423 0.49
2424 0.49
2425 0.46
2426 0.44
2427 0.42
2428 0.46
2429 0.44
2430 0.31
2431 0.36
2432 0.44
2433 0.42
2434 0.49
2435 0.46
2436 0.36
2437 0.49
2438 0.42
2439 0.44
2440 0.32
2441 -0.34
2442 0.40
2443 -0.18
2444 0.42
2445 0.46
2446 0.44
2447 0.49
2448 0.42
2449 0.40
2450 0.46
2451 0.42
2452 0.44
2453 -0.24
2454 0.42
2455 0.46
2456 0.38
2457 0.38
2458 0.46
2459 0.42
2460 0.44
2461 0.40
2462 -0.32
2463 0.46
2464 0.24
2465 0.44
2466 0.42
2467 0.42
2468 0.46
2469 0.46
2470 0.44
2471 0.42
2472 0.07
2473 0.36
2474 0.38
2475 -0.20
2476 0.36
2477 0.38
2478 0.28
2479 0.42
2480 0.38
2481 0.34
2482 0.49
2483 0.49
2484 0.36
2485 0.38
2486 0.49
2487 0.42
2488 0.40
2489 0.49
2490 0.46
2491 0.46
2492 0.49
2493 0.38
2494 0.26
2495 0.17
2496 0.49
2497 0.49
2498 0.44
2499 0.46
2500 0.44
2501 0.49
2502 0.49
2503 0.38
2504 0.40
2505 0.49
2506 0.38
2507 0.46
2508 0.46
2509 0.49
2510 0.49
2511 0.49
2512 0.42
2513 0.46
2514 0.42
2515 0.46
2516 0.49
2517 0.15
2518 0.38
2519 0.40
2520 0.42
2521 0.42
2522 0.42
2523 0.49
2524 0.38
2525 0.49
2526 0.44
2527 0.26
2528 0.49
2529 0.31
2530 0.44
2531 0.40
2532 0.49
2533 0.46
2534 0.46
2535 0.44
2536 0.40
2537 0.24
2538 0.42
2539 0.42
2540 0.44
2541 0.49
2542 0.44
2543 0.32
2544 0.49
2545 0.42
2546 -0.03
2547 0.40
2548 0.40
2549 0.40
2550 0.28
2551 0.12
2552 0.38
2553 0.40
2554 0.44
2555 0.40
2556 0.32
2557 0.26
2558 0.46
2559 0.32
2560 0.17
2561 0.49
2562 0.38
2563 0.40
2564 0.46
2565 0.32
2566 0.49
2567 0.44
2568 0.36
2569 0.42
2570 0.44
2571 0.40
2572 0.46
2573 0.46
2574 0.46
2575 0.42
2576 0.36
2577 0.40
2578 0.05
2579 0.49
2580 0.44
2581 0.46
2582 0.44
2583 0.46
2584 0.44
2585 0.49
2586 0.46
2587 0.38
2588 0.01
2589 0.49
2590 0.42
2591 0.46
2592 0.46
2593 0.49
2594 0.29
2595 0.04
2596 0.23
2597 0.46
2598 0.49
2599 0.36
2600 0.46
2601 0.42
2602 0.40
2603 0.46
2604 0.46
2605 0.32
2606 0.49
2607 0.36
2608 0.36
2609 0.40
2610 -0.34
2611 0.21
2612 0.24
2613 0.38
2614 0.32
2615 0.49
2616 0.40
2617 0.49
2618 0.44
2619 0.49
2620 0.44
2621 0.44
2622 0.44
2623 0.44
2624 0.46
2625 0.46
2626 0.40
2627 0.46
2628 0.42
2629 0.23
2630 0.38
2631 0.38
2632 0.40
2633 0.42
2634 0.44
2635 0.38
2636 0.46
2637 0.49
2638 0.40
2639 0.46
2640 0.38
2641 0.46
2642 0.44
2643 0.38
2644 0.44
2645 0.46
2646 0.46
2647 0.46
2648 0.46
2649 0.40
2650 0.40
2651 0.42
2652 0.46
2653 0.42
2654 0.44
2655 0.40
2656 0.38
2657 0.44
2658 0.42
2659 0.49
2660 0.32
2661 0.49
2662 0.32
2663 0.49
2664 0.49
2665 0.32
2666 0.40
2667 0.49
2668 0.20
2669 0.40
2670 0.31
2671 0.46
2672 0.49
2673 0.42
2674 0.49
2675 0.46
2676 0.44
2677 0.44
2678 0.46
2679 0.49
2680 0.40
2681 0.40
2682 0.46
2683 0.40
2684 0.31
2685 0.36
2686 0.31
2687 0.34
2688 0.46
2689 0.40
2690 0.46
2691 0.40
2692 0.49
2693 0.44
2694 0.49
2695 0.42
2696 0.49
2697 0.44
2698 0.36
2699 0.44
2700 0.02
2701 -0.14
2702 0.42
2703 0.26
2704 -0.00
2705 0.38
2706 0.32
2707 0.36
2708 0.46
2709 0.44
2710 0.42
2711 0.49
2712 0.38
2713 0.49
2714 0.40
2715 0.46
2716 0.49
2717 0.44
2718 0.46
2719 0.44
2720 0.42
2721 0.46
2722 0.46
2723 0.40
2724 0.49
2725 0.36
2726 0.19
2727 0.32
2728 0.42
2729 0.46
2730 0.49
2731 0.38
2732 0.44
2733 0.38
2734 0.40
2735 0.49
2736 0.44
2737 0.44
2738 0.40
2739 0.44
2740 0.38
2741 0.46
2742 0.49
2743 0.42
2744 0.49
2745 0.38
2746 0.40
2747 0.42
2748 0.44
2749 0.36
2750 0.49
2751 0.38
2752 0.49
2753 0.49
2754 0.49
2755 0.46
2756 0.42
2757 0.49
2758 -0.09
2759 0.44
2760 0.29
2761 0.26
2762 0.49
2763 0.34
2764 0.32
2765 0.40
2766 0.42
2767 0.46
2768 0.46
2769 0.40
2770 0.46
2771 0.42
2772 0.38
2773 -0.25
2774 0.44
2775 0.40
2776 0.42
2777 0.40
2778 0.20
2779 0.40
2780 0.34
2781 0.44
2782 0.44
2783 0.40
2784 0.44
2785 0.38
2786 -0.19
2787 0.49
2788 0.40
2789 0.42
2790 0.40
2791 0.34
2792 0.44
2793 0.40
2794 0.40
2795 0.40
2796 0.40
2797 0.49
2798 0.46
2799 0.42
2800 0.42
2801 0.40
2802 0.34
2803 0.42
2804 0.29
2805 0.49
2806 0.38
2807 0.42
2808 0.42
2809 0.42
2810 0.46
2811 0.49
2812 0.24
2813 0.38
2814 0.49
2815 0.40
2816 0.49
2817 0.26
2818 0.46
2819 0.32
2820 0.29
2821 0.49
2822 0.46
2823 0.36
2824 0.42
2825 0.44
2826 0.25
2827 0.38
2828 0.40
2829 0.34
2830 0.44
2831 0.42
2832 0.46
2833 0.46
2834 0.49
2835 0.28
2836 0.40
2837 0.32
2838 0.44
2839 0.44
2840 0.40
2841 0.18
2842 -0.24
2843 0.32
2844 0.40
2845 0.40
2846 0.49
2847 0.46
2848 0.46
2849 0.40
2850 0.46
2851 0.40
2852 0.46
2853 0.46
2854 0.49
2855 0.42
2856 -0.17
2857 0.46
2858 0.40
2859 0.36
2860 0.42
2861 0.38
2862 0.46
2863 0.40
2864 0.44
2865 0.49
2866 0.44
2867 0.46
2868 0.34
2869 0.49
2870 0.49
2871 0.44
2872 0.40
2873 0.46
2874 0.36
2875 0.42
2876 0.42
2877 0.46
2878 0.44
2879 0.49
2880 0.44
2881 0.38
2882 0.46
2883 0.40
2884 0.38
2885 0.46
2886 0.29
2887 0.46
2888 0.44
2889 0.46
2890 0.42
2891 0.49
2892 0.38
2893 0.32
2894 0.46
2895 0.38
2896 0.34
2897 0.42
2898 0.42
2899 -0.10
2900 0.31
2901 0.31
2902 0.49
2903 0.46
2904 0.40
2905 0.38
2906 0.49
2907 0.46
2908 0.49
2909 0.34
2910 0.49
2911 0.34
2912 0.40
2913 0.49
2914 0.46
2915 -0.20
2916 0.40
2917 0.49
2918 0.42
2919 0.49
2920 0.46
2921 0.44
2922 0.18
2923 0.49
2924 0.44
2925 0.42
2926 0.46
2927 0.46
2928 0.34
2929 0.46
2930 0.36
2931 0.40
2932 0.38
2933 -0.14
2934 0.31
2935 0.29
2936 0.38
2937 0.38
2938 0.31
2939 0.46
2940 0.44
2941 0.49
2942 0.26
2943 -0.25
2944 0.23
2945 0.34
2946 0.49
2947 0.49
2948 0.36
2949 0.42
2950 0.46
2951 0.49
2952 0.46
2953 0.44
2954 0.36
2955 0.44
2956 0.38
2957 0.38
2958 0.46
2959 0.32
2960 -0.26
2961 0.31
2962 0.49
2963 -0.21
2964 0.49
2965 0.42
2966 0.34
2967 0.42
2968 0.40
2969 0.44
2970 0.44
2971 0.49
2972 0.49
2973 0.46
2974 0.42
2975 0.11
2976 0.46
2977 0.46
2978 0.46
2979 0.46
2980 0.49
2981 0.36
2982 0.32
2983 0.42
2984 0.49
2985 0.29
2986 0.46
2987 0.44
2988 0.40
2989 0.42
2990 0.40
2991 0.49
2992 0.46
2993 0.38
2994 0.49
2995 0.38
2996 0.49
2997 0.38
2998 0.36
2999 0.28
3000 0.38
3001 0.42
3002 0.42
3003 0.44
3004 0.34
3005 0.42
3006 0.49
3007 0.44
3008 0.40
3009 0.40
3010 0.36
3011 0.44
3012 0.12
3013 0.25
3014 0.26
3015 0.17
3016 0.21
3017 0.34
3018 0.36
3019 0.36
3020 0.34
3021 0.44
3022 0.44
3023 0.40
3024 0.40
3025 0.40
3026 0.36
3027 0.44
3028 0.42
3029 0.46
3030 0.49
3031 0.38
3032 0.00
3033 0.38
3034 -0.13
3035 0.38
3036 0.49
3037 0.25
3038 0.40
3039 0.46
3040 0.36
3041 0.46
3042 0.44
3043 0.38
3044 0.46
3045 0.46
3046 0.44
3047 0.42
3048 0.42
3049 0.46
3050 0.44
3051 0.14
3052 0.34
3053 0.36
3054 0.34
3055 0.38
3056 0.49
3057 0.49
3058 0.46
3059 0.44
3060 0.49
3061 0.38
3062 -0.21
3063 0.32
3064 0.40
3065 0.42
3066 0.46
3067 0.21
3068 0.44
3069 0.46
3070 0.36
3071 0.44
3072 0.44
3073 0.20
3074 0.36
3075 0.44
3076 0.44
3077 0.49
3078 0.38
3079 0.38
3080 -0.21
3081 0.40
3082 0.42
3083 0.44
3084 0.34
3085 0.44
3086 0.42
3087 0.34
3088 0.42
3089 0.46
3090 0.49
3091 0.44
3092 0.42
3093 0.28
3094 0.46
3095 0.49
3096 0.46
3097 0.42
3098 0.49
3099 0.40
3100 0.46
3101 0.44
3102 0.46
3103 0.40
3104 0.46
3105 0.24
3106 0.40
3107 0.38
3108 0.34
3109 0.34
3110 0.44
3111 0.01
3112 0.44
3113 0.46
3114 -0.26
3115 0.40
3116 0.49
3117 0.42
3118 0.40
3119 0.18
3120 0.32
3121 0.20
3122 -0.26
3123 0.36
3124 0.36
3125 0.34
3126 0.04
3127 0.34
3128 0.29
3129 0.40
3130 0.42
3131 0.40
3132 0.38
3133 0.34
3134 0.34
3135 0.38
3136 0.46
3137 0.36
3138 0.38
3139 0.40
3140 -0.20
3141 0.36
3142 0.40
3143 0.46
3144 0.40
3145 0.44
3146 0.31
3147 -0.24
3148 0.40
3149 0.49
3150 0.40
3151 0.49
3152 0.38
3153 0.34
3154 -0.16
3155 0.46
3156 0.26
3157 0.46
3158 0.46
3159 0.40
3160 0.46
3161 0.36
3162 0.29
3163 0.46
3164 0.46
3165 0.46
3166 0.49
3167 0.49
3168 0.46
3169 0.46
3170 -0.38
3171 0.40
3172 0.49
3173 0.38
3174 0.40
3175 0.24
3176 -0.20
3177 -0.07
3178 0.06
3179 0.13
3180 0.36
3181 0.36
3182 0.40
3183 0.42
3184 0.40
3185 0.14
3186 0.20
3187 0.38
3188 0.40
3189 0.31
3190 0.44
3191 0.44
3192 0.49
3193 0.44
3194 0.40
3195 0.46
3196 0.34
3197 0.40
3198 0.44
3199 0.42
3200 0.49
3201 0.44
3202 0.40
3203 0.44
3204 0.34
3205 0.44
3206 0.46
3207 0.31
3208 0.49
3209 0.38
3210 0.42
3211 0.31
3212 0.49
3213 0.28
3214 0.44
3215 0.44
3216 0.40
3217 0.46
3218 0.46
3219 0.42
3220 0.25
3221 0.32
3222 0.28
3223 0.40
3224 0.46
3225 0.40
3226 0.42
3227 0.46
3228 0.40
3229 0.42
3230 0.46
3231 0.42
3232 0.36
3233 0.44
3234 0.40
3235 0.42
3236 0.49
3237 0.44
3238 0.42
3239 0.34
3240 0.32
3241 0.15
3242 0.40
3243 0.46
3244 0.49
3245 -0.01
3246 0.34
3247 0.40
3248 0.38
3249 0.21
3250 0.40
3251 0.29
3252 0.40
3253 0.42
3254 0.38
3255 0.34
3256 0.44
3257 0.36
3258 0.44
3259 0.40
3260 0.44
3261 0.29
3262 0.42
3263 0.42
3264 0.29
3265 0.44
3266 0.44
3267 0.49
3268 0.49
3269 0.38
3270 0.42
3271 0.42
3272 0.49
3273 0.40
3274 0.44
3275 0.32
3276 0.44
3277 0.46
3278 0.36
3279 0.44
3280 0.32
3281 0.44
3282 0.36
3283 0.38
3284 0.24
3285 0.46
3286 0.40
3287 0.40
3288 0.44
3289 0.29
3290 0.31
3291 0.49
3292 0.36
3293 0.36
3294 -0.28
3295 0.42
3296 0.49
3297 0.16
3298 0.44
3299 0.40
3300 0.34
3301 0.34
3302 0.36
3303 0.44
3304 0.49
3305 -0.09
3306 0.42
3307 0.42
3308 0.49
3309 0.46
3310 0.40
3311 0.46
3312 0.42
3313 0.44
3314 0.44
3315 0.42
3316 0.44
3317 0.44
3318 0.26
3319 0.46
3320 0.46
3321 0.28
3322 0.34
3323 0.36
3324 0.49
3325 0.34
3326 0.44
3327 -0.24
3328 0.40
3329 0.44
3330 0.34
3331 0.34
3332 0.42
3333 0.38
3334 0.21
3335 0.38
3336 0.42
3337 0.38
3338 0.49
3339 0.49
3340 0.44
3341 0.44
3342 0.46
3343 0.49
3344 0.42
3345 0.49
3346 0.38
3347 0.38
3348 0.42
3349 0.40
3350 0.49
3351 0.49
3352 0.34
3353 0.36
3354 0.44
3355 0.44
3356 0.40
3357 0.44
3358 0.46
3359 0.10
3360 -0.18
3361 0.44
3362 0.42
3363 0.44
3364 0.49
3365 0.44
3366 0.44
3367 0.44
3368 0.21
3369 0.42
3370 0.38
3371 0.38
3372 0.40
3373 0.46
3374 0.25
3375 0.49
3376 -0.29
3377 0.38
3378 0.44
3379 0.38
3380 0.49
3381 0.34
3382 0.49
3383 0.44
3384 0.49
3385 0.26
3386 0.40
3387 0.42
3388 0.42
3389 0.46
3390 0.36
3391 0.36
3392 0.49
3393 0.46
3394 0.46
3395 0.44
3396 0.49
3397 0.49
3398 0.44
3399 0.49
3400 0.49
3401 0.46
3402 0.46
3403 0.46
3404 0.42
3405 0.49
3406 0.49
3407 0.44
3408 0.38
3409 0.49
3410 0.42
3411 0.36
3412 0.42
3413 0.38
3414 0.42
3415 0.44
3416 0.46
3417 0.44
3418 0.44
3419 0.46
3420 0.38
3421 0.36
3422 0.42
3423 0.38
3424 0.44
3425 0.42
3426 0.46
3427 0.34
3428 0.49
3429 0.40
3430 0.44
3431 0.40
3432 0.44
3433 0.46
3434 0.46
3435 0.46
3436 0.42
3437 0.25
3438 0.31
3439 0.42
3440 -0.09
3441 0.25
3442 0.44
3443 0.36
3444 0.40
3445 0.42
3446 0.49
3447 0.42
3448 0.42
3449 0.40
3450 0.46
3451 0.42
3452 0.42
3453 0.42
3454 0.49
3455 0.49
3456 0.49
3457 0.46
3458 0.49
3459 0.32
3460 0.49
3461 0.49
3462 0.34
3463 0.40
3464 0.40
3465 0.46
3466 0.42
3467 0.26
3468 0.40
3469 0.49
3470 0.46
3471 0.42
3472 0.42
3473 0.40
3474 0.34
3475 0.40
3476 0.49
3477 0.46
3478 0.49
3479 0.26
3480 0.42
3481 0.34
3482 0.40
3483 0.25
3484 0.10
3485 0.49
3486 0.42
3487 0.49
3488 0.44
3489 0.36
3490 0.46
3491 0.49
3492 0.46
3493 0.32
3494 0.46
3495 0.49
3496 0.49
3497 0.49
3498 0.44
3499 0.42
3500 0.42
3501 0.06
3502 0.46
3503 0.42
3504 0.42
3505 0.44
3506 0.46
3507 0.49
3508 0.49
3509 0.38
3510 -0.14
3511 0.42
3512 0.32
3513 0.44
3514 0.40
3515 0.36
3516 0.44
3517 0.44
3518 0.36
3519 0.42
3520 0.46
3521 0.49
3522 0.32
3523 0.49
3524 0.44
3525 0.49
3526 0.49
3527 0.44
3528 0.49
3529 0.46
3530 0.49
3531 0.46
3532 0.42
3533 0.42
3534 0.49
3535 0.40
3536 0.46
3537 0.42
3538 0.49
3539 0.46
3540 0.42
3541 0.40
3542 0.46
3543 0.34
3544 0.44
3545 0.38
3546 0.44
3547 -0.04
3548 0.40
3549 0.44
3550 0.49
3551 0.49
3552 0.38
3553 0.46
3554 0.40
3555 0.44
3556 0.46
3557 0.46
3558 0.34
3559 0.44
3560 0.49
3561 0.42
3562 0.46
3563 0.46
3564 0.49
3565 -0.15
3566 0.31
3567 0.34
3568 0.40
3569 0.32
3570 0.46
3571 0.32
3572 0.49
3573 0.49
3574 0.44
3575 0.46
3576 0.46
3577 0.44
3578 0.46
3579 0.38
3580 0.38
3581 0.40
3582 0.19
3583 0.46
3584 0.46
3585 0.38
3586 0.46
3587 0.40
3588 0.44
3589 0.34
3590 -0.17
3591 0.46
3592 0.26
3593 0.40
3594 0.49
3595 0.38
3596 0.34
3597 0.49
3598 0.29
3599 0.32
3600 0.44
3601 0.46
3602 0.42
3603 0.34
3604 0.49
3605 0.46
3606 -0.08
3607 0.31
3608 0.44
3609 0.49
3610 0.38
3611 0.40
3612 0.40
3613 0.40
3614 0.38
3615 0.36
3616 0.44
3617 0.49
3618 0.49
3619 0.36
3620 0.49
3621 0.42
3622 0.49
3623 0.44
3624 0.40
3625 0.46
3626 0.49
3627 0.46
3628 0.29
3629 0.42
3630 0.32
3631 0.46
3632 0.46
3633 0.49
3634 0.13
3635 0.40
3636 0.42
3637 0.40
3638 0.42
3639 0.44
3640 0.49
3641 0.42
3642 0.42
3643 -0.34
3644 0.40
3645 0.46
3646 0.40
3647 0.40
3648 0.46
3649 0.49
3650 0.29
3651 0.38
3652 0.14
3653 0.46
3654 0.42
3655 0.49
3656 0.42
3657 0.49
3658 0.49
3659 0.46
3660 0.38
3661 0.46
3662 0.46
3663 0.46
3664 0.40
3665 0.38
3666 0.46
3667 0.46
3668 -0.00
3669 0.49
3670 0.36
3671 0.46
3672 0.38
3673 0.42
3674 0.40
3675 0.40
3676 0.23
3677 0.46
3678 0.49
3679 0.42
3680 0.49
3681 0.49
3682 0.38
3683 0.40
3684 0.34
3685 0.38
3686 0.49
3687 0.29
3688 0.25
3689 0.38
3690 0.42
3691 0.38
3692 0.49
3693 0.25
3694 0.24
3695 0.34
3696 0.46
3697 0.38
3698 0.44
3699 0.44
3700 0.49
3701 0.49
3702 0.46
3703 0.46
3704 0.44
3705 0.44
3706 0.40
3707 0.44
3708 0.42
3709 0.40
3710 -0.03
3711 0.40
3712 0.04
3713 0.15
3714 0.38
3715 0.38
3716 0.49
3717 0.40
3718 0.36
3719 0.49
3720 0.31
3721 0.40
3722 0.49
3723 0.36
3724 0.42
3725 0.49
3726 0.44
3727 0.46
3728 0.34
3729 0.40
3730 0.40
3731 0.28
3732 0.38
3733 -0.18
3734 0.40
3735 0.31
3736 0.38
3737 0.46
3738 0.42
3739 0.44
3740 0.38
3741 0.44
3742 0.49
3743 0.40
3744 0.42
3745 0.38
3746 0.49
3747 0.46
3748 0.15
3749 0.44
3750 0.49
3751 0.49
3752 0.42
3753 0.42
3754 0.36
3755 0.42
3756 0.44
3757 0.40
3758 0.49
3759 0.42
3760 0.46
3761 0.40
3762 0.00
3763 0.40
3764 0.34
3765 0.32
3766 0.42
3767 0.46
3768 0.46
3769 0.40
3770 0.46
3771 0.46
3772 0.40
3773 0.42
3774 0.40
3775 0.44
3776 0.31
3777 0.49
3778 0.40
3779 0.40
3780 0.40
3781 0.44
3782 0.44
3783 0.44
3784 0.46
3785 0.49
3786 0.32
3787 0.44
3788 0.49
3789 0.40
3790 0.44
3791 0.36
3792 0.44
3793 0.38
3794 0.49
3795 0.44
3796 0.42
3797 0.44
3798 0.44
3799 0.49
3800 0.44
3801 0.46
3802 0.46
3803 0.42
3804 0.49
3805 0.46
3806 0.42
3807 0.38
3808 0.38
3809 0.49
3810 0.44
3811 0.42
3812 0.38
3813 0.32
3814 0.44
3815 0.49
3816 0.49
3817 0.40
3818 0.21
3819 0.42
3820 0.44
3821 0.46
3822 0.46
3823 0.46
3824 0.42
3825 0.36
3826 0.49
3827 0.32
3828 0.49
3829 0.49
3830 0.42
3831 0.36
3832 0.42
3833 0.32
3834 0.46
3835 0.46
3836 0.46
3837 0.46
3838 0.46
3839 0.49
3840 0.46
3841 0.42
3842 0.40
3843 0.49
3844 0.36
3845 0.36
3846 0.49
3847 0.44
3848 0.46
3849 0.49
3850 0.46
3851 0.31
3852 0.42
3853 0.46
3854 0.40
3855 0.40
3856 0.46
3857 0.49
3858 0.46
3859 0.49
3860 0.44
3861 0.46
3862 0.44
3863 0.46
3864 0.32
3865 0.42
3866 0.40
3867 0.44
3868 0.44
3869 0.44
3870 0.38
3871 0.34
3872 0.32
3873 0.49
3874 0.34
3875 0.38
3876 0.49
3877 0.44
3878 -0.03
3879 0.40
3880 0.31
3881 0.46
3882 0.46
3883 0.44
3884 0.49
3885 0.06
3886 0.46
3887 0.38
3888 0.46
3889 0.40
3890 0.44
3891 0.44
3892 0.42
3893 0.49
3894 0.34
3895 0.42
3896 0.15
3897 0.36
3898 0.46
3899 -0.29
3900 0.44
3901 0.06
3902 -0.19
3903 0.46
3904 0.40
3905 0.49
3906 0.03
3907 0.42
3908 0.46
3909 0.46
3910 0.46
3911 0.46
3912 0.42
3913 0.38
3914 0.42
3915 0.44
3916 0.40
3917 0.36
3918 0.49
3919 0.44
3920 0.44
3921 0.46
3922 0.44
3923 0.32
3924 0.38
3925 0.46
3926 0.42
3927 0.32
3928 0.46
3929 0.42
3930 0.42
3931 0.42
3932 -0.14
3933 0.42
3934 0.42
3935 0.46
3936 0.49
3937 -0.09
3938 0.42
3939 0.44
3940 0.46
3941 0.38
3942 -0.34
3943 0.29
3944 0.44
3945 0.46
3946 0.42
3947 0.42
3948 0.40
3949 0.23
3950 0.46
3951 0.49
3952 0.46
3953 0.49
3954 0.44
3955 0.36
3956 0.49
3957 0.32
3958 -0.25
3959 0.40
3960 0.36
3961 0.38
3962 0.44
3963 0.42
3964 0.03
3965 0.34
3966 -0.02
3967 -0.02
3968 0.17
3969 0.44
3970 0.34
3971 0.49
3972 0.46
3973 0.38
3974 0.44
3975 0.42
3976 -0.25
3977 0.15
3978 0.44
3979 0.40
3980 0.36
3981 0.40
3982 0.49
3983 0.46
3984 0.42
3985 0.42
3986 0.40
3987 0.38
3988 0.46
3989 0.49
3990 0.38
3991 0.44
3992 0.28
3993 0.46
3994 0.46
3995 0.40
3996 0.49
3997 0.38
3998 0.44
3999 0.03
4000 0.32
4001 0.38
4002 0.44
4003 0.44
4004 0.46
4005 0.31
4006 0.26
4007 0.40
4008 0.49
4009 0.44
4010 0.46
4011 -0.25
4012 0.38
4013 0.42
4014 0.40
4015 0.44
4016 0.46
4017 0.49
4018 0.44
4019 0.42
4020 0.40
4021 0.49
4022 0.46
4023 -0.06
4024 0.49
4025 0.40
4026 0.42
4027 0.42
4028 0.25
4029 0.34
4030 0.36
4031 0.25
4032 0.44
4033 0.17
4034 0.42
4035 0.14
4036 0.20
4037 0.34
4038 0.44
4039 0.40
4040 0.36
4041 0.46
4042 0.46
4043 0.42
4044 0.34
4045 0.40
4046 0.29
4047 0.44
4048 0.46
4049 0.49
4050 0.34
4051 0.38
4052 0.38
4053 0.46
4054 0.44
4055 0.46
4056 0.44
4057 0.40
4058 0.46
4059 0.49
4060 0.49
4061 0.44
4062 0.46
4063 0.31
4064 0.44
4065 0.40
4066 0.46
4067 0.42
4068 -0.28
4069 0.46
4070 0.44
4071 0.38
4072 0.49
4073 0.49
4074 0.49
4075 0.34
4076 0.34
4077 0.38
4078 0.36
4079 0.49
4080 0.42
4081 0.46
4082 0.40
4083 0.46
4084 0.44
4085 0.40
4086 0.42
4087 0.44
4088 0.44
4089 0.42
4090 0.46
4091 0.44
4092 0.49
4093 0.49
4094 0.46
4095 0.49
4096 0.49
4097 0.44
4098 0.42
4099 0.46
4100 0.42
4101 0.42
4102 0.46
4103 0.49
4104 -0.23
4105 0.49
4106 0.46
4107 0.49
4108 0.46
4109 0.40
4110 0.26
4111 0.49
4112 0.38
4113 0.40
4114 0.44
4115 0.46
4116 0.42
4117 0.44
4118 0.46
4119 0.49
4120 -0.25
4121 0.44
4122 0.46
4123 0.36
4124 0.42
4125 0.46
4126 0.38
4127 0.49
4128 0.38
4129 0.49
4130 0.40
4131 0.49
4132 0.49
4133 0.36
4134 0.46
4135 0.40
4136 0.38
4137 0.42
4138 0.49
4139 0.31
4140 0.49
4141 0.44
4142 0.44
4143 0.32
4144 0.34
4145 0.24
4146 0.19
4147 0.31
4148 0.40
4149 0.40
4150 0.46
4151 0.32
4152 0.29
4153 0.25
4154 -0.12
4155 0.26
4156 0.32
4157 0.40
4158 0.16
4159 0.36
4160 0.36
4161 0.38
4162 0.38
4163 0.49
4164 0.38
4165 0.36
4166 0.44
4167 0.44
4168 0.44
4169 0.46
4170 0.38
4171 0.34
4172 0.38
4173 0.42
4174 0.40
4175 0.28
4176 0.46
4177 0.40
4178 0.42
4179 0.44
4180 0.49
4181 0.40
4182 0.40
4183 0.46
4184 0.46
4185 0.44
4186 0.49
4187 0.49
4188 0.46
4189 0.46
4190 -0.17
4191 0.49
4192 0.46
4193 0.49
4194 0.28
4195 0.46
4196 0.46
4197 0.49
4198 0.36
4199 0.44
4200 0.38
4201 0.44
4202 0.12
4203 0.49
4204 0.46
4205 0.44
4206 0.44
4207 0.46
4208 0.44
4209 0.44
4210 0.38
4211 0.38
4212 0.46
4213 0.49
4214 0.49
4215 0.40
4216 0.46
4217 0.49
4218 0.36
4219 0.49
4220 0.49
4221 0.40
4222 0.46
4223 0.42
4224 0.44
4225 0.49
4226 0.46
4227 0.12
4228 0.01
4229 0.42
4230 0.20
4231 0.25
4232 0.40
4233 0.44
4234 0.42
4235 0.36
4236 0.44
4237 0.46
4238 0.40
4239 0.49
4240 0.31
4241 0.34
4242 0.44
4243 0.49
4244 0.49
4245 0.42
4246 0.49
4247 0.49
4248 0.49
4249 0.46
4250 0.42
4251 0.28
4252 0.28
4253 0.42
4254 0.49
4255 0.40
4256 0.44
4257 0.49
4258 0.46
4259 0.40
4260 0.42
4261 0.29
4262 0.42
4263 0.42
4264 0.40
4265 0.09
4266 0.38
4267 0.40
4268 0.40
4269 0.46
4270 0.46
4271 0.40
4272 0.49
4273 0.42
4274 0.44
4275 0.49
4276 0.34
4277 0.46
4278 0.44
4279 0.49
4280 0.46
4281 0.31
4282 0.49
4283 0.49
4284 0.29
4285 0.46
4286 0.46
4287 0.49
4288 0.46
4289 0.32
4290 0.44
4291 0.49
4292 0.29
4293 0.49
4294 0.49
4295 0.36
4296 0.38
4297 0.40
4298 0.46
4299 -0.23
4300 -0.18
4301 0.38
4302 0.34
4303 0.38
4304 0.44
4305 0.49
4306 0.49
4307 0.32
4308 0.49
4309 0.42
4310 0.42
4311 0.49
4312 0.42
4313 0.44
4314 0.49
4315 0.40
4316 0.42
4317 0.42
4318 0.40
4319 0.29
4320 0.38
4321 0.40
4322 0.44
4323 0.44
4324 0.40
4325 0.40
4326 0.42
4327 0.44
4328 0.46
4329 0.38
4330 0.46
4331 0.49
4332 0.46
4333 0.44
4334 0.44
4335 0.40
4336 0.23
4337 0.42
4338 0.36
4339 0.42
4340 0.40
4341 0.40
4342 0.49
4343 0.32
4344 0.38
4345 0.46
4346 0.46
4347 0.49
4348 0.14
4349 0.36
4350 0.40
4351 0.34
4352 0.46
4353 0.46
4354 0.34
4355 0.40
4356 0.34
4357 0.46
4358 0.46
4359 0.49
4360 0.34
4361 0.36
4362 0.49
4363 0.46
4364 0.49
4365 0.49
4366 0.49
4367 0.46
4368 0.34
4369 0.44
4370 0.40
4371 0.44
4372 0.46
4373 0.49
4374 0.49
4375 0.40
4376 0.25
4377 0.46
4378 0.49
4379 0.49
4380 0.42
4381 0.34
4382 0.44
4383 0.46
4384 0.38
4385 0.44
4386 0.40
4387 0.44
4388 0.34
4389 0.42
4390 0.46
4391 0.49
4392 0.42
4393 0.49
4394 0.46
4395 0.42
4396 0.26
4397 0.31
4398 0.36
4399 0.46
4400 0.29
4401 0.44
4402 0.07
4403 0.36
4404 0.24
4405 0.32
4406 0.46
4407 0.44
4408 0.42
4409 0.49
4410 0.49
4411 0.40
4412 0.49
4413 0.44
4414 0.44
4415 0.49
4416 0.36
4417 0.36
4418 0.42
4419 0.36
4420 0.46
4421 0.42
4422 0.44
4423 0.42
4424 0.44
4425 0.42
4426 0.49
4427 0.29
4428 0.46
4429 0.15
4430 0.36
4431 0.34
4432 0.18
4433 0.49
4434 0.42
4435 0.44
4436 0.42
4437 0.42
4438 0.44
4439 0.49
4440 0.42
4441 0.40
4442 0.38
4443 0.46
4444 0.44
4445 0.32
4446 0.46
4447 0.46
4448 0.38
4449 0.40
4450 0.40
4451 -0.18
4452 0.42
4453 0.46
4454 0.25
4455 0.49
4456 0.44
4457 -0.31
4458 0.32
4459 0.15
4460 0.42
4461 0.38
4462 0.32
4463 0.40
4464 0.32
4465 0.46
4466 0.38
4467 0.42
4468 0.49
4469 0.14
4470 0.29
4471 0.28
4472 0.44
4473 0.40
4474 0.42
4475 -0.10
4476 0.38
4477 0.13
4478 0.25
4479 0.36
4480 0.49
4481 -0.10
4482 0.40
4483 0.32
4484 0.36
4485 0.42
4486 0.49
4487 0.40
4488 0.49
4489 0.42
4490 0.46
4491 0.46
4492 0.38
4493 0.46
4494 0.49
4495 0.49
4496 0.42
4497 0.40
4498 0.49
4499 0.49
4500 0.44
4501 0.44
4502 0.40
4503 0.40
4504 0.49
4505 0.38
4506 0.44
4507 0.40
4508 0.32
4509 0.44
4510 0.49
4511 0.40
4512 0.40
4513 0.36
4514 0.40
4515 0.44
4516 0.44
4517 0.34
4518 0.42
4519 0.46
4520 0.40
4521 0.42
4522 0.44
4523 0.42
4524 0.42
4525 0.46
4526 0.42
4527 0.49
4528 0.44
4529 0.46
4530 0.46
4531 0.49
4532 0.42
4533 0.38
4534 0.06
4535 0.38
4536 0.42
4537 0.40
4538 0.46
4539 0.46
4540 -0.29
4541 0.49
4542 0.46
4543 0.49
4544 0.49
4545 0.38
4546 0.42
4547 0.24
4548 0.49
4549 0.49
4550 0.49
4551 0.31
4552 0.44
4553 0.49
4554 0.14
4555 0.42
4556 0.49
4557 0.42
4558 0.36
4559 0.34
4560 0.42
4561 0.42
4562 0.40
4563 0.36
4564 0.40
4565 0.49
4566 0.46
4567 0.46
4568 0.40
4569 0.49
4570 0.44
4571 0.34
4572 0.38
4573 0.38
4574 0.42
4575 0.40
4576 0.40
4577 0.28
4578 0.29
4579 0.38
4580 0.44
4581 0.42
4582 0.44
4583 0.44
4584 0.40
4585 0.46
4586 0.42
4587 0.40
4588 0.44
4589 0.38
4590 0.40
4591 0.49
4592 0.49
4593 0.44
4594 0.40
4595 0.42
4596 0.42
4597 0.46
4598 0.44
4599 0.49
4600 0.49
4601 0.44
4602 0.49
4603 0.38
4604 0.49
4605 -0.25
4606 0.46
4607 0.46
4608 0.42
4609 0.46
4610 0.46
4611 -0.26
4612 0.42
4613 0.44
4614 0.38
4615 0.36
4616 0.49
4617 0.36
4618 0.44
4619 0.46
4620 0.44
4621 0.49
4622 0.46
4623 0.31
4624 0.49
4625 0.49
4626 0.40
4627 0.40
4628 0.42
4629 0.44
4630 0.46
4631 0.46
4632 0.46
4633 0.49
4634 0.46
4635 0.38
4636 0.42
4637 0.49
4638 0.49
4639 0.34
4640 0.46
4641 0.46
4642 0.49
4643 -0.34
4644 0.46
4645 0.42
4646 0.44
4647 0.44
4648 0.46
4649 0.49
4650 0.46
4651 0.40
4652 0.42
4653 0.46
4654 0.46
4655 0.49
4656 0.29
4657 0.44
4658 0.49
4659 0.49
4660 0.49
4661 0.40
4662 0.49
4663 0.42
4664 0.49
4665 0.49
4666 0.38
4667 0.36
4668 0.49
4669 0.46
4670 0.25
4671 0.44
4672 0.38
4673 0.38
4674 0.49
4675 0.40
4676 0.44
4677 0.46
4678 0.46
4679 0.42
4680 0.46
4681 0.46
4682 0.38
4683 0.46
4684 -0.12
4685 0.49
4686 0.21
4687 0.49
4688 0.44
4689 0.42
4690 0.36
4691 0.44
4692 0.49
4693 0.46
4694 0.49
4695 0.44
4696 0.42
4697 0.49
4698 0.31
4699 0.49
4700 0.49
4701 0.40
4702 0.42
4703 0.42
4704 0.36
4705 0.44
4706 0.46
4707 0.46
4708 0.46
4709 0.42
4710 0.31
4711 0.40
4712 0.44
4713 0.42
4714 0.46
4715 0.49
4716 0.46
4717 0.36
4718 0.44
4719 0.26
4720 0.46
4721 0.49
4722 0.49
4723 0.46
4724 0.46
4725 0.46
4726 0.44
4727 0.40
4728 0.42
4729 0.49
4730 0.23
4731 0.34
4732 0.40
4733 0.49
4734 0.42
4735 0.46
4736 0.36
4737 0.31
4738 0.38
4739 0.42
4740 0.14
4741 0.28
4742 0.34
4743 0.31
4744 -0.32
4745 0.01
4746 0.02
4747 0.12
4748 -0.16
4749 0.32
4750 0.32
4751 0.31
4752 0.36
4753 0.42
4754 0.49
4755 0.40
4756 0.44
4757 0.40
4758 0.46
4759 0.38
4760 0.44
4761 0.34
4762 0.36
4763 -0.19
4764 0.49
4765 0.44
4766 0.46
4767 0.49
4768 0.44
4769 0.36
4770 0.36
4771 0.42
4772 0.46
4773 0.38
4774 0.46
4775 0.44
4776 0.40
4777 0.40
4778 0.40
4779 0.42
4780 0.46
4781 0.44
4782 0.42
4783 0.44
4784 0.34
4785 0.44
4786 0.49
4787 0.36
4788 0.44
4789 0.34
4790 0.40
4791 -0.10
4792 0.32
4793 -0.31
4794 0.36
4795 0.26
4796 0.44
4797 0.32
4798 0.44
4799 0.44
4800 0.44
4801 0.49
4802 0.46
4803 0.44
4804 0.44
4805 0.34
4806 0.46
4807 0.34
4808 0.49
4809 0.44
4810 0.14
4811 0.46
4812 0.38
4813 0.40
4814 0.44
4815 0.46
4816 0.49
4817 0.49
4818 0.42
4819 0.44
4820 0.44
4821 0.46
4822 0.44
4823 0.49
4824 0.49
4825 0.49
4826 0.40
4827 0.44
4828 0.49
4829 0.44
4830 0.49
4831 0.49
4832 0.46
4833 -0.32
4834 0.44
4835 0.49
4836 0.40
4837 0.49
4838 0.46
4839 0.42
4840 0.46
4841 0.46
4842 0.40
4843 0.31
4844 0.40
4845 0.46
4846 0.46
4847 0.49
4848 0.32
4849 0.31
4850 0.42
4851 0.42
4852 0.38
4853 0.49
4854 0.44
4855 0.31
4856 0.44
4857 0.44
4858 0.44
4859 0.40
4860 0.46
4861 0.40
4862 0.49
4863 0.40
4864 0.44
4865 0.19
4866 0.40
4867 0.44
4868 0.49
4869 0.42
4870 0.46
4871 0.40
4872 -0.12
4873 0.46
4874 0.49
4875 0.46
4876 0.05
4877 0.44
4878 0.38
4879 0.46
4880 0.46
4881 0.42
4882 0.40
4883 0.36
4884 0.44
4885 -0.20
4886 0.38
4887 0.42
4888 0.46
4889 0.49
4890 0.46
4891 0.46
4892 0.46
4893 0.42
4894 0.49
4895 0.44
4896 0.29
4897 0.36
4898 0.38
4899 0.49
4900 0.44
4901 0.46
4902 -0.13
4903 0.40
4904 0.44
4905 0.36
4906 0.46
4907 0.44
4908 -0.05
4909 0.31
4910 0.44
4911 0.42
4912 0.42
4913 0.42
4914 0.49
4915 0.42
4916 0.44
4917 0.49
4918 0.40
4919 0.46
4920 0.38
4921 0.42
4922 0.49
4923 0.44
4924 0.36
4925 0.44
4926 0.49
4927 0.42
4928 0.46
4929 0.46
4930 -0.10
4931 0.49
4932 0.36
4933 0.46
4934 0.46
4935 0.46
4936 0.44
4937 0.44
4938 0.42
4939 0.38
4940 0.46
4941 0.44
4942 -0.31
4943 0.49
4944 0.49
4945 0.49
4946 0.40
4947 0.49
4948 0.46
4949 0.36
4950 0.32
4951 0.38
4952 0.44
4953 0.44
4954 0.40
4955 0.25
4956 0.36
4957 0.49
4958 0.46
4959 0.46
4960 0.28
4961 0.46
4962 0.38
4963 0.42
4964 0.38
4965 0.49
4966 0.18
4967 0.46
4968 0.49
4969 0.38
4970 0.44
4971 0.44
4972 0.42
4973 0.42
4974 0.49
4975 0.49
4976 0.49
4977 0.49
4978 0.49
4979 0.46
4980 0.40
4981 0.42
4982 0.46
4983 0.42
4984 0.42
4985 0.44
4986 0.42
4987 0.44
4988 0.49
4989 0.49
4990 0.42
4991 0.40
4992 0.17
4993 0.49
4994 0.46
4995 0.29
4996 0.40
4997 0.44
4998 0.49
4999 0.40
