0 -0.32
30 -0.33
60 -0.32
90 -0.21
120 -0.23
150 -0.08
180 -0.23
210 -0.05
240 0.04
270 -0.02
300 0.08
330 0.11
360 0.03
390 0.05
420 0.07
450 0.12
480 0.11
510 0.17
540 0.15
570 0.14
600 0.09
630 0.18
660 0.06
690 0.16
720 0.23
750 0.21
780 0.17
810 0.21
840 0.15
870 0.21
900 0.21
930 0.17
960 0.18
990 0.17
1020 0.17
1050 0.18
1080 0.24
1110 0.17
1140 0.26
1170 0.24
1200 0.22
1230 0.25
1260 0.17
1290 0.23
1320 0.26
1350 0.20
1380 0.20
1410 0.23
1440 0.18
1470 0.22
1500 0.24
1530 0.26
1560 0.24
1590 0.23
1620 0.25
1650 0.26
1680 0.30
1710 0.25
1740 0.30
1770 0.32
1800 0.22
1830 0.23
1860 0.32
1890 0.23
1920 0.25
1950 0.25
1980 0.35
2010 0.29
2040 0.34
2070 0.29
2100 0.26
2130 0.28
2160 0.23
2190 0.26
2220 0.26
2250 0.29
2280 0.18
2310 0.26
2340 0.34
2370 0.31
2400 0.29
2430 0.33
2460 0.26
2490 0.25
2520 0.28
2550 0.29
2580 0.30
2610 0.32
2640 0.26
2670 0.22
2700 0.30
2730 0.28
2760 0.25
2790 0.27
2820 0.21
2850 0.19
2880 0.28
2910 0.24
2940 0.33
2970 0.35
