0 -0.06
30 0.06
60 -0.08
90 0.01
120 0.08
150 0.03
180 0.12
210 0.27
240 0.19
270 0.15
300 0.32
330 0.02
360 0.09
390 0.12
420 0.19
450 -0.11
480 -0.05
510 0.10
540 0.13
570 0.24
600 0.08
630 0.14
660 0.23
690 0.19
720 0.33
750 0.23
780 0.04
810 0.01
840 0.28
870 0.27
900 0.14
930 0.03
960 0.16
990 0.28
1020 0.17
1050 0.27
1080 0.12
1110 0.29
1140 0.26
1170 0.18
1200 0.08
1230 0.26
1260 0.19
1290 0.15
1320 0.21
1350 0.16
1380 0.22
1410 0.15
1440 0.16
1470 0.16
1500 0.25
1530 0.20
1560 0.20
1590 0.27
1620 0.12
1650 0.18
1680 0.18
1710 0.15
1740 0.26
1770 0.20
1800 0.24
1830 0.23
1860 0.28
1890 0.24
1920 0.32
1950 0.27
1980 0.30
2010 0.30
2040 0.25
2070 0.23
2100 0.29
2130 0.22
2160 0.25
2190 0.26
2220 0.26
2250 0.22
2280 0.28
2310 0.27
2340 0.14
2370 0.18
2400 0.20
2430 0.24
2460 0.27
2490 0.27
2520 0.24
2550 0.22
2580 0.16
2610 0.26
2640 0.21
2670 0.27
2700 0.30
2730 0.28
2760 0.27
2790 0.19
2820 0.28
2850 0.35
2880 0.33
2910 0.35
2940 0.33
2970 0.28
