0 278.37
30 239.10
60 279.17
90 277.00
120 282.60
150 283.73
180 305.83
210 318.30
240 334.57
270 312.37
300 324.63
330 309.90
360 303.17
390 330.77
420 315.43
450 332.77
480 324.60
510 336.20
540 318.83
570 309.87
600 351.97
630 318.53
660 352.33
690 343.33
720 341.40
750 330.43
780 347.07
810 337.93
840 349.67
870 342.07
900 353.30
930 353.43
960 341.30
990 347.93
1020 340.53
1050 362.57
1080 334.47
1110 338.43
1140 314.33
1170 333.10
1200 354.63
1230 348.10
1260 361.17
1290 351.40
1320 352.80
1350 343.73
1380 358.30
1410 359.97
1440 362.97
1470 353.33
1500 336.77
1530 343.90
1560 342.50
1590 361.43
1620 337.10
1650 359.13
1680 330.43
1710 348.03
1740 352.80
1770 347.27
1800 362.43
1830 356.33
1860 362.30
1890 350.27
1920 350.17
1950 336.17
1980 360.30
2010 351.47
2040 356.30
2070 345.30
2100 365.50
2130 341.17
2160 344.70
2190 371.10
2220 352.90
2250 372.23
2280 356.97
2310 348.77
2340 356.17
2370 359.33
2400 363.73
2430 363.33
2460 365.03
2490 363.17
2520 354.63
2550 357.83
2580 369.33
2610 354.37
2640 357.07
2670 336.77
2700 354.60
2730 357.97
2760 354.90
2790 360.90
2820 365.30
2850 364.07
2880 321.60
2910 352.07
2940 350.93
2970 359.17
