0 -0.24
1 -0.22
2 -0.25
3 -0.19
4 -0.17
5 -0.17
6 -0.23
7 -0.14
8 -0.11
9 -0.21
10 -0.19
11 -0.13
12 -0.06
13 -0.21
14 -0.22
15 -0.19
16 -0.21
17 -0.12
18 -0.07
19 -0.09
20 -0.04
21 -0.06
22 -0.09
23 -0.15
24 -0.07
25 -0.12
26 -0.08
27 -0.18
28 -0.04
29 -0.07
30 -0.05
31 -0.15
32 -0.15
33 -0.10
34 -0.03
35 -0.07
36 -0.15
37 -0.05
38 -0.01
39 -0.11
40 -0.15
41 -0.09
42 -0.08
43 -0.13
44 -0.15
45 -0.05
46 -0.12
47 -0.09
48 -0.11
49 -0.11
50 -0.06
51 -0.08
52 -0.02
53 -0.08
54 -0.08
55 -0.09
56 -0.15
57 -0.15
58 -0.07
59 0.00
60 -0.12
61 -0.08
62 -0.22
63 -0.04
64 -0.07
65 -0.07
66 -0.07
67 -0.08
68 -0.08
69 -0.02
70 -0.14
71 -0.04
72 -0.17
73 -0.16
74 -0.18
75 -0.11
76 -0.13
77 -0.05
78 -0.15
79 -0.14
80 -0.18
81 -0.11
82 -0.17
83 -0.06
84 -0.09
85 -0.17
86 -0.15
87 -0.11
88 -0.08
89 -0.13
90 -0.16
91 -0.07
92 -0.13
93 -0.14
94 -0.04
95 -0.18
96 -0.11
97 -0.11
98 -0.05
99 -0.17
100 -0.16
101 -0.10
102 -0.09
103 -0.03
104 -0.04
105 0.02
106 -0.08
107 -0.16
108 -0.01
109 -0.05
110 -0.03
111 -0.03
112 -0.03
113 -0.20
114 -0.14
115 0.03
116 -0.12
117 -0.15
118 0.01
119 -0.16
120 -0.15
121 -0.03
122 -0.17
123 -0.01
124 -0.17
125 0.03
126 -0.02
127 -0.07
128 -0.22
129 -0.02
130 -0.02
131 -0.12
132 -0.02
133 -0.19
134 -0.20
135 0.04
136 -0.17
137 0.00
138 0.06
139 0.02
140 -0.20
141 -0.16
142 0.04
143 -0.16
144 -0.14
145 0.03
146 -0.18
147 -0.10
148 -0.13
149 -0.12
150 -0.08
151 -0.02
152 0.02
153 -0.04
154 0.01
155 -0.17
156 -0.04
157 -0.03
158 0.01
159 0.08
160 -0.02
161 -0.09
162 0.09
163 0.06
164 0.10
165 0.08
166 0.00
167 0.00
168 0.03
169 0.09
170 -0.17
171 -0.21
172 -0.11
173 -0.14
174 -0.17
175 0.04
176 -0.17
177 0.00
178 -0.18
179 -0.14
180 -0.00
181 -0.02
182 -0.03
183 -0.02
184 -0.22
185 0.00
186 0.02
187 -0.14
188 -0.20
189 -0.21
190 -0.03
191 -0.11
192 -0.19
193 -0.02
194 -0.10
195 -0.05
196 -0.21
197 -0.23
198 -0.10
199 -0.18
200 -0.19
201 -0.18
202 -0.17
203 -0.13
204 -0.19
205 -0.16
206 -0.16
207 -0.12
208 -0.06
209 -0.16
210 -0.22
211 -0.06
212 -0.18
213 -0.23
214 -0.22
215 -0.16
216 -0.19
217 -0.19
218 -0.16
219 -0.15
220 -0.12
221 -0.03
222 0.01
223 0.03
224 -0.24
225 0.10
226 -0.21
227 -0.23
228 -0.18
229 0.04
230 0.12
231 0.14
232 -0.18
233 -0.27
234 -0.22
235 -0.22
236 -0.14
237 -0.17
238 -0.20
239 -0.10
240 -0.16
241 -0.17
242 -0.19
243 -0.07
244 0.00
245 -0.22
246 -0.04
247 -0.11
248 0.07
249 -0.01
250 -0.08
251 0.11
252 -0.06
253 0.12
254 0.08
255 -0.21
256 0.08
257 -0.16
258 -0.18
259 0.12
260 0.16
261 -0.23
262 -0.11
263 -0.15
264 -0.11
265 -0.19
266 0.07
267 0.08
268 0.09
269 -0.24
270 0.09
271 0.09
272 0.14
273 0.17
274 0.16
275 -0.22
276 0.13
277 0.20
278 -0.11
279 0.17
280 0.19
281 0.22
282 0.18
283 -0.06
284 0.20
285 0.19
286 -0.14
287 0.16
288 0.19
289 -0.14
290 0.19
291 -0.19
292 0.21
293 -0.11
294 0.20
295 0.22
296 0.21
297 -0.15
298 -0.12
299 -0.21
300 0.12
301 -0.25
302 0.13
303 0.14
304 0.18
305 -0.07
306 0.12
307 -0.19
308 0.17
309 0.03
310 0.20
311 0.21
312 -0.27
313 -0.09
314 -0.17
315 0.12
316 0.14
317 0.15
318 0.21
319 -0.01
320 -0.17
321 0.23
322 -0.06
323 -0.09
324 -0.14
325 0.18
326 0.21
327 0.26
328 -0.02
329 -0.11
330 -0.17
331 -0.04
332 0.04
333 0.11
334 -0.10
335 0.06
336 -0.10
337 -0.11
338 0.02
339 -0.20
340 -0.16
341 -0.00
342 -0.04
343 0.03
344 0.06
345 -0.16
346 0.11
347 -0.06
348 -0.17
349 -0.15
350 0.09
351 0.09
352 0.08
353 -0.16
354 -0.20
355 -0.11
356 0.04
357 -0.15
358 -0.02
359 0.15
360 -0.02
361 -0.15
362 0.08
363 -0.12
364 -0.15
365 0.07
366 -0.21
367 -0.14
368 -0.02
369 -0.09
370 -0.06
371 -0.05
372 -0.17
373 -0.01
374 0.06
375 -0.15
376 -0.14
377 -0.09
378 -0.00
379 -0.02
380 0.02
381 -0.13
382 -0.12
383 -0.05
384 0.06
385 -0.04
386 0.10
387 -0.14
388 -0.10
389 -0.15
390 -0.08
391 0.03
392 -0.04
393 0.04
394 0.08
395 0.12
396 -0.21
397 -0.13
398 0.06
399 0.12
400 0.16
401 0.02
402 0.10
403 0.09
404 0.44
405 0.30
406 0.10
407 0.11
408 0.44
409 0.45
410 0.45
411 0.42
412 0.05
413 0.39
414 -0.01
415 -0.06
416 0.35
417 0.40
418 0.03
419 0.02
420 -0.28
421 0.01
422 -0.04
423 0.10
424 -0.08
425 0.06
426 0.08
427 0.07
428 -0.10
429 -0.05
430 0.20
431 -0.06
432 0.17
433 -0.20
434 -0.09
435 0.22
436 0.23
437 0.20
438 0.23
439 -0.09
440 0.28
441 0.21
442 0.02
443 0.09
444 0.22
445 0.31
446 -0.08
447 -0.15
448 -0.12
449 0.08
450 -0.05
451 -0.11
452 0.12
453 -0.07
454 -0.09
455 0.10
456 0.10
457 -0.10
458 -0.04
459 -0.00
460 -0.02
461 0.00
462 0.07
463 -0.03
464 -0.09
465 -0.11
466 -0.03
467 0.07
468 -0.14
469 -0.05
470 0.07
471 -0.04
472 0.13
473 0.11
474 -0.08
475 0.13
476 -0.11
477 0.14
478 -0.07
479 0.12
480 -0.06
481 0.06
482 -0.07
483 -0.12
484 -0.13
485 0.01
486 -0.12
487 0.03
488 0.07
489 0.06
490 -0.09
491 0.05
492 -0.00
493 -0.04
494 -0.15
495 -0.00
496 0.04
497 -0.06
498 -0.05
499 -0.11
500 -0.09
501 0.02
502 0.07
503 0.10
504 0.07
505 -0.07
506 0.15
507 0.08
508 -0.08
509 -0.12
510 -0.14
511 0.14
512 0.16
513 -0.05
514 -0.07
515 0.16
516 0.20
517 -0.05
518 0.14
519 -0.04
520 -0.09
521 -0.12
522 0.13
523 0.05
524 0.11
525 -0.15
526 0.16
527 -0.07
528 0.16
529 0.20
530 0.15
531 0.19
532 0.19
533 -0.07
534 -0.10
535 -0.08
536 0.10
537 -0.02
538 0.04
539 -0.09
540 0.12
541 0.13
542 -0.05
543 0.13
544 0.16
545 -0.06
546 -0.01
547 0.04
548 0.19
549 -0.06
550 0.18
551 -0.07
552 0.13
553 0.13
554 -0.04
555 0.17
556 -0.05
557 0.07
558 0.12
559 0.21
560 -0.02
561 0.15
562 -0.20
563 0.16
564 0.13
565 -0.09
566 -0.04
567 0.20
568 -0.04
569 0.01
570 0.06
571 0.01
572 0.17
573 0.18
574 0.22
575 -0.17
576 -0.04
577 -0.01
578 0.13
579 -0.09
580 0.12
581 -0.08
582 -0.10
583 0.14
584 -0.01
585 0.08
586 0.05
587 0.08
588 0.14
589 0.14
590 -0.08
591 0.11
592 0.01
593 0.14
594 0.13
595 0.20
596 -0.08
597 0.19
598 -0.01
599 -0.06
600 -0.20
601 -0.20
602 0.21
603 -0.03
604 -0.29
605 -0.13
606 0.03
607 0.27
608 -0.09
609 -0.13
610 -0.07
611 -0.09
612 0.05
613 0.05
614 -0.19
615 -0.12
616 0.02
617 -0.09
618 0.04
619 0.12
620 -0.08
621 0.03
622 0.08
623 -0.08
624 0.09
625 0.06
626 0.05
627 -0.14
628 -0.27
629 0.04
630 -0.11
631 -0.12
632 -0.10
633 -0.07
634 -0.19
635 -0.16
636 -0.09
637 -0.08
638 -0.03
639 0.01
640 0.11
641 -0.04
642 -0.19
643 -0.04
644 0.11
645 0.13
646 0.15
647 0.16
648 -0.22
649 0.25
650 0.21
651 0.05
652 0.05
653 0.08
654 0.23
655 -0.19
656 0.22
657 -0.18
658 0.09
659 0.04
660 0.25
661 -0.20
662 -0.04
663 0.26
664 0.27
665 0.26
666 0.30
667 -0.20
668 -0.16
669 0.21
670 0.32
671 -0.23
672 0.29
673 0.07
674 0.35
675 0.06
676 0.38
677 0.33
678 0.06
679 0.38
680 -0.14
681 0.34
682 0.39
683 0.32
684 -0.24
685 0.41
686 0.42
687 0.41
688 0.39
689 -0.16
690 0.40
691 -0.14
692 0.44
693 0.44
694 -0.05
695 -0.14
696 -0.10
697 -0.21
698 -0.10
699 -0.10
700 0.27
701 -0.18
702 -0.09
703 0.12
704 -0.10
705 -0.05
706 0.10
707 0.20
708 -0.12
709 0.24
710 -0.13
711 -0.09
712 0.21
713 -0.09
714 0.01
715 0.05
716 -0.09
717 -0.11
718 -0.20
719 -0.09
720 0.04
721 -0.22
722 0.12
723 -0.09
724 -0.09
725 -0.16
726 -0.19
727 0.11
728 -0.19
729 0.15
730 0.21
731 -0.12
732 0.25
733 -0.13
734 -0.09
735 -0.03
736 0.24
737 -0.17
738 0.21
739 -0.01
740 -0.11
741 0.23
742 0.27
743 0.12
744 0.27
745 0.25
746 -0.03
747 0.25
748 -0.19
749 -0.07
750 0.18
751 0.25
752 0.22
753 0.24
754 -0.17
755 -0.19
756 -0.15
757 0.12
758 0.25
759 0.25
760 0.27
761 -0.12
762 -0.05
763 -0.11
764 0.25
765 -0.21
766 -0.24
767 0.22
768 -0.21
769 0.28
770 -0.14
771 0.21
772 0.18
773 -0.00
774 0.28
775 0.27
776 0.28
777 0.28
778 -0.12
779 0.29
780 -0.09
781 0.32
782 0.28
783 0.29
784 -0.22
785 0.32
786 -0.24
787 0.34
788 0.33
789 -0.09
790 0.31
791 -0.21
792 -0.21
793 0.16
794 -0.16
795 0.23
796 0.33
797 0.22
798 0.35
799 -0.12
800 0.14
801 -0.01
802 0.39
803 0.36
804 0.40
805 0.15
806 0.15
807 0.39
808 -0.18
809 0.36
810 0.41
811 0.35
812 0.43
813 0.12
814 0.41
815 0.14
816 -0.01
817 -0.26
818 0.40
819 0.42
820 0.43
821 0.11
822 0.13
823 0.36
824 -0.04
825 0.12
826 0.13
827 -0.16
828 0.24
829 0.39
830 0.37
831 0.32
832 0.40
833 0.31
834 0.40
835 0.41
836 0.43
837 0.39
838 0.18
839 0.31
840 -0.01
841 -0.06
842 0.32
843 0.28
844 0.33
845 0.31
846 0.32
847 0.31
848 0.09
849 0.06
850 0.33
851 0.36
852 -0.24
853 0.12
854 0.18
855 0.27
856 0.29
857 -0.10
858 0.20
859 -0.08
860 0.13
861 0.00
862 0.09
863 0.23
864 0.28
865 0.24
866 -0.00
867 0.30
868 0.21
869 0.32
870 0.07
871 0.34
872 0.01
873 0.29
874 0.13
875 0.30
876 -0.10
877 0.25
878 0.25
879 0.31
880 0.31
881 -0.21
882 0.31
883 0.04
884 0.34
885 -0.03
886 -0.01
887 0.13
888 0.30
889 0.32
890 0.30
891 -0.14
892 0.25
893 0.03
894 -0.03
895 0.24
896 0.02
897 0.27
898 0.22
899 0.30
900 -0.01
901 -0.05
902 -0.03
903 0.14
904 0.19
905 0.02
906 -0.04
907 0.01
908 0.13
909 0.21
910 0.15
911 0.26
912 -0.09
913 0.20
914 0.07
915 0.05
916 -0.13
917 0.08
918 0.04
919 0.21
920 0.01
921 0.14
922 -0.15
923 0.08
924 0.20
925 -0.05
926 0.12
927 0.03
928 -0.06
929 0.03
930 -0.02
931 0.12
932 0.03
933 0.17
934 0.20
935 0.25
936 0.26
937 0.04
938 0.24
939 -0.04
940 0.03
941 0.18
942 0.22
943 0.21
944 0.04
945 -0.08
946 0.04
947 0.06
948 -0.04
949 0.06
950 0.11
951 0.21
952 -0.07
953 0.08
954 0.05
955 0.07
956 0.22
957 0.26
958 0.26
959 0.27
960 0.00
961 0.28
962 0.34
963 0.26
964 -0.13
965 -0.01
966 0.03
967 -0.00
968 -0.06
969 -0.06
970 0.14
971 0.06
972 0.15
973 0.03
974 0.21
975 0.13
976 0.11
977 0.17
978 0.21
979 -0.04
980 0.03
981 -0.02
982 0.24
983 0.27
984 0.04
985 0.02
986 -0.15
987 0.14
988 0.25
989 -0.04
990 0.12
991 0.03
992 0.22
993 -0.08
994 0.19
995 0.13
996 -0.02
997 0.16
998 0.01
999 -0.10
1000 0.33
1001 0.29
1002 0.23
1003 0.18
1004 0.17
1005 0.31
1006 0.02
1007 -0.16
1008 0.23
1009 0.20
1010 0.23
1011 0.22
1012 0.29
1013 0.05
1014 0.21
1015 0.17
1016 0.09
1017 0.31
1018 0.37
1019 0.30
1020 0.24
1021 0.38
1022 0.40
1023 0.15
1024 0.44
1025 0.44
1026 -0.27
1027 -0.01
1028 0.27
1029 0.35
1030 0.37
1031 0.38
1032 0.37
1033 0.14
1034 0.42
1035 0.31
1036 0.17
1037 0.40
1038 0.36
1039 0.35
1040 0.21
1041 0.18
1042 0.24
1043 0.17
1044 0.31
1045 0.17
1046 0.31
1047 0.32
1048 0.38
1049 0.23
1050 0.37
1051 0.31
1052 0.30
1053 0.27
1054 0.40
1055 0.38
1056 0.36
1057 0.37
1058 0.37
1059 0.38
1060 0.10
1061 0.24
1062 0.36
1063 0.39
1064 0.38
1065 0.10
1066 0.30
1067 0.32
1068 0.27
1069 0.28
1070 0.19
1071 0.25
1072 0.20
1073 0.22
1074 0.23
1075 0.33
1076 0.04
1077 0.26
1078 0.29
1079 0.36
1080 0.33
1081 -0.09
1082 0.30
1083 0.31
1084 0.23
1085 0.02
1086 0.14
1087 0.17
1088 0.23
1089 0.03
1090 0.26
1091 0.28
1092 0.21
1093 0.27
1094 0.19
1095 0.19
1096 0.21
1097 0.26
1098 0.20
1099 0.25
1100 0.19
1101 -0.14
1102 0.15
1103 0.17
1104 0.21
1105 0.16
1106 0.11
1107 0.17
1108 0.17
1109 0.26
1110 0.19
1111 0.32
1112 0.02
1113 0.26
1114 0.25
1115 0.17
1116 0.24
1117 0.28
1118 0.17
1119 0.13
1120 0.24
1121 0.12
1122 0.19
1123 0.14
1124 0.15
1125 0.20
1126 -0.07
1127 0.25
1128 0.23
1129 0.26
1130 0.17
1131 0.34
1132 0.10
1133 0.29
1134 0.16
1135 0.22
1136 0.19
1137 0.13
1138 0.28
1139 0.28
1140 0.04
1141 0.30
1142 0.03
1143 0.05
1144 0.12
1145 0.23
1146 0.27
1147 0.22
1148 0.15
1149 0.14
1150 0.25
1151 0.30
1152 0.22
1153 -0.06
1154 0.29
1155 0.08
1156 0.07
1157 0.18
1158 0.21
1159 0.21
1160 0.26
1161 0.12
1162 0.10
1163 0.15
1164 0.18
1165 0.19
1166 -0.16
1167 0.18
1168 0.18
1169 0.19
1170 0.28
1171 0.16
1172 0.23
1173 0.25
1174 0.21
1175 0.31
1176 0.27
1177 0.28
1178 0.22
1179 0.31
1180 0.09
1181 0.31
1182 0.23
1183 0.36
1184 0.19
1185 0.15
1186 0.27
1187 -0.03
1188 0.23
1189 0.26
1190 0.15
1191 0.24
1192 0.33
1193 -0.26
1194 0.20
1195 -0.14
1196 0.23
1197 0.16
1198 0.12
1199 0.10
1200 0.24
1201 -0.02
1202 0.10
1203 0.15
1204 0.19
1205 0.06
1206 0.02
1207 0.08
1208 0.11
1209 -0.10
1210 0.08
1211 0.19
1212 0.25
1213 0.19
1214 0.16
1215 0.18
1216 -0.07
1217 0.13
1218 -0.03
1219 0.23
1220 0.11
1221 0.25
1222 0.15
1223 0.19
1224 0.22
1225 0.23
1226 0.23
1227 0.09
1228 -0.28
1229 0.07
1230 0.24
1231 0.27
1232 0.23
1233 0.22
1234 0.21
1235 0.18
1236 -0.08
1237 0.20
1238 -0.12
1239 0.07
1240 -0.04
1241 0.20
1242 0.06
1243 0.19
1244 0.27
1245 0.29
1246 0.08
1247 0.18
1248 -0.07
1249 0.18
1250 0.18
1251 0.11
1252 0.28
1253 -0.10
1254 0.11
1255 0.19
1256 0.20
1257 0.12
1258 0.22
1259 0.25
1260 0.20
1261 0.14
1262 0.21
1263 0.30
1264 0.26
1265 0.14
1266 0.22
1267 0.30
1268 0.03
1269 0.15
1270 0.18
1271 0.03
1272 0.21
1273 0.28
1274 0.25
1275 0.22
1276 0.13
1277 0.19
1278 0.17
1279 0.32
1280 0.21
1281 0.27
1282 0.14
1283 0.34
1284 0.30
1285 0.05
1286 0.20
1287 0.16
1288 0.31
1289 0.21
1290 0.29
1291 0.32
1292 0.14
1293 0.36
1294 0.32
1295 0.25
1296 0.35
1297 0.34
1298 0.13
1299 0.13
1300 0.10
1301 0.29
1302 0.25
1303 0.13
1304 0.34
1305 0.22
1306 0.32
1307 0.30
1308 0.32
1309 0.36
1310 0.20
1311 0.31
1312 0.22
1313 0.29
1314 0.10
1315 0.30
1316 0.26
1317 0.20
1318 0.24
1319 0.29
1320 0.04
1321 0.26
1322 0.25
1323 0.24
1324 0.23
1325 0.30
1326 0.31
1327 0.33
1328 0.17
1329 0.17
1330 0.31
1331 0.26
1332 0.27
1333 0.18
1334 0.29
1335 0.27
1336 0.26
1337 0.27
1338 0.28
1339 0.18
1340 0.29
1341 0.20
1342 0.25
1343 -0.06
1344 0.29
1345 0.24
1346 0.28
1347 0.17
1348 0.20
1349 0.02
1350 0.19
1351 0.32
1352 0.38
1353 0.03
1354 0.31
1355 0.23
1356 0.37
1357 0.10
1358 0.33
1359 0.38
1360 0.40
1361 0.15
1362 0.10
1363 0.22
1364 0.35
1365 0.33
1366 0.25
1367 0.29
1368 0.19
1369 0.34
1370 0.37
1371 0.36
1372 0.17
1373 0.24
1374 0.28
1375 0.20
1376 0.24
1377 0.34
1378 0.23
1379 0.33
1380 0.28
1381 0.32
1382 0.30
1383 0.18
1384 0.32
1385 0.28
1386 0.32
1387 0.28
1388 0.29
1389 0.27
1390 0.07
1391 0.24
1392 0.15
1393 0.18
1394 0.29
1395 0.28
1396 0.10
1397 0.16
1398 0.23
1399 0.29
1400 0.15
1401 0.08
1402 0.37
1403 0.34
1404 0.34
1405 0.38
1406 0.36
1407 0.44
1408 0.41
1409 0.40
1410 0.42
1411 0.44
1412 0.41
1413 0.41
1414 0.42
1415 0.42
1416 0.42
1417 0.37
1418 0.35
1419 0.46
1420 0.37
1421 0.41
1422 0.42
1423 0.32
1424 0.46
1425 0.38
1426 0.46
1427 0.46
1428 0.41
1429 0.38
1430 0.46
1431 0.39
1432 0.42
1433 0.46
1434 0.46
1435 0.40
1436 0.46
1437 0.26
1438 0.39
1439 0.38
1440 0.35
1441 0.43
1442 0.41
1443 0.40
1444 0.45
1445 0.44
1446 0.36
1447 0.37
1448 0.41
1449 0.37
1450 0.42
1451 0.41
1452 0.42
1453 0.41
1454 0.41
1455 0.35
1456 0.37
1457 -0.04
1458 0.34
1459 0.34
1460 0.39
1461 0.29
1462 -0.12
1463 0.24
1464 0.24
1465 0.29
1466 0.34
1467 0.34
1468 0.33
1469 0.15
1470 0.33
1471 0.23
1472 0.34
1473 0.28
1474 0.07
1475 0.32
1476 0.26
1477 0.39
1478 0.25
1479 0.34
1480 0.41
1481 0.11
1482 0.20
1483 0.22
1484 0.24
1485 0.32
1486 0.31
1487 0.22
1488 0.28
1489 0.25
1490 0.20
1491 0.26
1492 0.16
1493 0.28
1494 0.27
1495 0.20
1496 0.24
1497 0.16
1498 0.19
1499 0.19
1500 0.21
1501 0.25
1502 0.26
1503 0.25
1504 0.14
1505 0.23
1506 0.21
1507 0.21
1508 0.21
1509 0.24
1510 0.19
1511 0.12
1512 0.15
1513 0.24
1514 0.25
1515 0.18
1516 0.21
1517 0.23
1518 0.27
1519 0.28
1520 0.24
1521 0.21
1522 0.21
1523 0.23
1524 0.25
1525 0.12
1526 0.32
1527 0.22
1528 0.32
1529 0.30
1530 0.21
1531 0.33
1532 0.34
1533 0.26
1534 0.32
1535 0.27
1536 0.39
1537 0.26
1538 0.38
1539 0.40
1540 0.22
1541 0.32
1542 0.37
1543 0.22
1544 0.35
1545 0.26
1546 0.27
1547 0.28
1548 0.36
1549 0.41
1550 0.30
1551 0.28
1552 0.42
1553 -0.10
1554 0.39
1555 0.33
1556 0.41
1557 0.30
1558 0.33
1559 0.33
1560 0.34
1561 0.43
1562 0.43
1563 0.41
1564 0.31
1565 0.42
1566 0.30
1567 0.44
1568 0.33
1569 0.32
1570 0.40
1571 0.45
1572 0.34
1573 0.44
1574 0.44
1575 0.37
1576 0.34
1577 0.37
1578 0.30
1579 0.35
1580 0.43
1581 0.32
1582 0.44
1583 0.35
1584 0.37
1585 0.32
1586 0.36
1587 0.35
1588 0.36
1589 0.43
1590 0.36
1591 0.13
1592 0.35
1593 0.36
1594 0.45
1595 0.40
1596 0.19
1597 0.35
1598 0.37
1599 0.34
1600 0.44
1601 0.35
1602 0.23
1603 0.40
1604 0.46
1605 0.40
1606 0.42
1607 0.40
1608 0.23
1609 0.44
1610 0.46
1611 0.46
1612 0.46
1613 0.44
1614 0.44
1615 0.44
1616 0.42
1617 0.38
1618 0.32
1619 0.46
1620 -0.20
1621 0.38
1622 0.46
1623 0.44
1624 0.37
1625 0.43
1626 0.44
1627 0.26
1628 0.40
1629 0.45
1630 0.44
1631 0.42
1632 0.42
1633 0.10
1634 0.32
1635 0.42
1636 0.44
1637 0.46
1638 0.44
1639 0.44
1640 0.42
1641 0.44
1642 -0.28
1643 0.44
1644 0.34
1645 0.44
1646 -0.31
1647 0.25
1648 0.20
1649 0.28
1650 0.16
1651 0.37
1652 0.32
1653 0.36
1654 0.39
1655 0.37
1656 0.36
1657 0.17
1658 0.33
1659 -0.27
1660 0.35
1661 0.38
1662 0.29
1663 0.30
1664 0.43
1665 0.40
1666 0.21
1667 0.33
1668 0.33
1669 0.29
1670 0.31
1671 0.29
1672 0.30
1673 0.39
1674 0.44
1675 0.31
1676 0.36
1677 0.30
1678 0.38
1679 0.38
1680 0.40
1681 0.42
1682 0.38
1683 0.33
1684 0.36
1685 0.33
1686 0.45
1687 0.02
1688 0.32
1689 0.39
1690 0.44
1691 0.20
1692 0.31
1693 0.34
1694 0.22
1695 0.38
1696 0.28
1697 0.44
1698 0.35
1699 0.44
1700 0.45
1701 0.45
1702 0.44
1703 0.33
1704 0.37
1705 0.42
1706 0.46
1707 0.46
1708 0.35
1709 0.23
1710 0.39
1711 -0.25
1712 0.31
1713 0.36
1714 0.35
1715 0.18
1716 0.17
1717 0.17
1718 0.22
1719 0.21
1720 0.27
1721 0.29
1722 0.30
1723 0.31
1724 0.24
1725 0.37
1726 0.33
1727 0.38
1728 0.28
1729 0.23
1730 0.35
1731 -0.23
1732 0.26
1733 0.24
1734 0.33
1735 0.24
1736 0.21
1737 0.15
1738 -0.05
1739 0.22
1740 0.32
1741 0.31
1742 0.24
1743 0.33
1744 0.29
1745 0.29
1746 0.16
1747 0.33
1748 0.34
1749 0.17
1750 0.22
1751 0.19
1752 0.26
1753 0.32
1754 0.16
1755 0.22
1756 0.22
1757 0.33
1758 0.32
1759 0.28
1760 0.27
1761 0.28
1762 0.33
1763 0.24
1764 0.34
1765 0.27
1766 0.33
1767 0.32
1768 0.24
1769 0.28
1770 0.29
1771 0.24
1772 0.31
1773 0.28
1774 0.35
1775 0.38
1776 0.17
1777 0.21
1778 0.28
1779 0.36
1780 0.20
1781 0.39
1782 0.27
1783 0.28
1784 0.27
1785 0.33
1786 0.32
1787 0.35
1788 0.39
1789 0.34
1790 0.30
1791 0.38
1792 0.35
1793 0.38
1794 0.25
1795 0.22
1796 0.37
1797 0.26
1798 0.25
1799 0.33
1800 0.42
1801 0.40
1802 0.44
1803 0.38
1804 0.46
1805 0.33
1806 0.37
1807 0.38
1808 0.28
1809 0.35
1810 0.44
1811 0.44
1812 0.42
1813 0.41
1814 0.44
1815 0.44
1816 0.46
1817 0.42
1818 0.44
1819 0.44
1820 0.38
1821 0.36
1822 0.44
1823 0.44
1824 0.46
1825 0.40
1826 0.44
1827 -0.10
1828 -0.06
1829 0.18
1830 0.34
1831 0.34
1832 0.37
1833 0.11
1834 0.38
1835 0.36
1836 0.31
1837 0.39
1838 0.39
1839 -0.10
1840 0.41
1841 0.42
1842 0.37
1843 0.29
1844 0.31
1845 0.36
1846 0.39
1847 0.31
1848 0.37
1849 0.38
1850 -0.20
1851 0.33
1852 0.35
1853 0.30
1854 0.37
1855 0.36
1856 0.39
1857 0.39
1858 0.35
1859 0.40
1860 0.40
1861 0.45
1862 0.02
1863 0.33
1864 0.36
1865 0.21
1866 0.30
1867 0.33
1868 0.37
1869 0.07
1870 0.31
1871 0.36
1872 0.32
1873 0.40
1874 0.30
1875 0.39
1876 0.28
1877 0.22
1878 0.29
1879 0.28
1880 0.19
1881 0.21
1882 0.31
1883 0.28
1884 0.31
1885 0.28
1886 0.31
1887 0.36
1888 0.31
1889 0.35
1890 0.18
1891 0.31
1892 -0.02
1893 0.29
1894 0.33
1895 0.30
1896 0.31
1897 0.23
1898 0.29
1899 0.23
1900 0.32
1901 0.29
1902 0.24
1903 0.34
1904 0.35
1905 0.33
1906 0.34
1907 0.27
1908 0.05
1909 0.30
1910 0.28
1911 0.27
1912 0.31
1913 0.19
1914 0.25
1915 0.30
1916 0.30
1917 0.33
1918 0.30
1919 0.35
1920 0.35
1921 0.34
1922 0.32
1923 0.17
1924 0.34
1925 0.31
1926 0.38
1927 0.34
1928 0.27
1929 0.34
1930 0.32
1931 0.35
1932 0.29
1933 0.26
1934 0.39
1935 0.38
1936 0.37
1937 0.33
1938 0.29
1939 0.35
1940 0.32
1941 0.33
1942 0.33
1943 0.36
1944 0.31
1945 0.34
1946 0.37
1947 0.33
1948 0.37
1949 0.30
1950 0.41
1951 0.29
1952 0.26
1953 0.24
1954 0.31
1955 0.20
1956 0.32
1957 0.37
1958 0.42
1959 0.23
1960 0.32
1961 0.37
1962 -0.07
1963 0.23
1964 0.33
1965 0.29
1966 0.18
1967 0.30
1968 0.33
1969 0.25
1970 0.34
1971 0.28
1972 0.30
1973 0.32
1974 0.28
1975 0.35
1976 0.22
1977 0.34
1978 0.40
1979 0.22
1980 0.19
1981 0.35
1982 0.39
1983 0.38
1984 0.36
1985 0.35
1986 0.20
1987 0.30
1988 0.34
1989 0.37
1990 0.32
1991 0.34
1992 0.34
1993 0.41
1994 0.34
1995 0.13
1996 -0.10
1997 0.37
1998 0.30
1999 -0.27
2000 0.13
2001 0.25
2002 0.31
2003 0.23
2004 0.34
2005 0.29
2006 0.27
2007 0.30
2008 0.33
2009 0.34
2010 0.36
2011 0.39
2012 0.33
2013 0.34
2014 0.35
2015 0.27
2016 0.25
2017 0.34
2018 -0.12
2019 -0.17
2020 0.23
2021 0.23
2022 0.29
2023 -0.05
2024 0.26
2025 0.17
2026 0.22
2027 0.24
2028 0.27
2029 0.31
2030 0.30
2031 0.27
2032 0.20
2033 -0.01
2034 0.23
2035 0.22
2036 0.29
2037 0.23
2038 0.25
2039 -0.07
2040 -0.05
2041 0.21
2042 0.17
2043 0.21
2044 0.17
2045 0.24
2046 0.24
2047 0.24
2048 0.06
2049 0.19
2050 0.25
2051 0.24
2052 0.30
2053 0.28
2054 0.23
2055 0.32
2056 0.31
2057 0.30
2058 0.17
2059 0.16
2060 0.30
2061 0.27
2062 0.07
2063 0.01
2064 0.06
2065 0.23
2066 0.27
2067 0.24
2068 0.31
2069 -0.11
2070 0.34
2071 0.15
2072 0.24
2073 0.24
2074 0.29
2075 0.20
2076 0.14
2077 0.25
2078 0.26
2079 0.26
2080 0.29
2081 0.29
2082 0.29
2083 0.27
2084 0.22
2085 0.21
2086 0.08
2087 0.27
2088 0.28
2089 0.31
2090 0.20
2091 0.31
2092 0.11
2093 0.15
2094 0.32
2095 0.35
2096 0.18
2097 0.34
2098 -0.03
2099 0.26
2100 0.13
2101 0.17
2102 0.31
2103 0.19
2104 0.19
2105 0.20
2106 0.14
2107 0.27
2108 0.27
2109 0.35
2110 0.34
2111 0.19
2112 0.34
2113 0.03
2114 0.22
2115 0.36
2116 0.28
2117 0.24
2118 0.20
2119 0.28
2120 0.35
2121 0.26
2122 0.26
2123 0.29
2124 0.28
2125 0.29
2126 0.36
2127 0.24
2128 0.25
2129 0.30
2130 0.29
2131 0.34
2132 -0.20
2133 0.37
2134 0.14
2135 0.35
2136 0.36
2137 0.35
2138 0.35
2139 0.26
2140 0.29
2141 0.29
2142 0.17
2143 0.33
2144 0.27
2145 0.28
2146 0.23
2147 0.29
2148 0.21
2149 0.31
2150 0.39
2151 0.28
2152 0.29
2153 0.31
2154 0.24
2155 0.24
2156 0.32
2157 0.28
2158 0.31
2159 0.13
2160 0.35
2161 0.35
2162 0.38
2163 0.30
2164 0.08
2165 0.34
2166 0.18
2167 0.39
2168 0.33
2169 0.28
2170 0.41
2171 0.23
2172 0.24
2173 0.34
2174 0.31
2175 0.27
2176 0.34
2177 0.42
2178 0.26
2179 0.38
2180 0.36
2181 0.30
2182 -0.06
2183 0.30
2184 0.40
2185 0.25
2186 0.30
2187 0.30
2188 0.38
2189 0.33
2190 0.39
2191 0.38
2192 0.39
2193 0.20
2194 0.38
2195 0.40
2196 0.37
2197 0.42
2198 0.31
2199 0.33
2200 0.32
2201 0.46
2202 0.42
2203 0.43
2204 0.21
2205 0.31
2206 0.35
2207 0.41
2208 0.41
2209 0.44
2210 0.46
2211 0.38
2212 0.35
2213 0.39
2214 0.38
2215 0.40
2216 0.46
2217 0.37
2218 0.44
2219 0.41
2220 0.41
2221 0.29
2222 0.38
2223 0.24
2224 0.29
2225 0.38
2226 0.41
2227 0.37
2228 0.45
2229 0.44
2230 0.43
2231 0.42
2232 0.37
2233 0.23
2234 0.36
2235 0.35
2236 0.40
2237 0.36
2238 0.37
2239 0.39
2240 0.37
2241 0.33
2242 0.41
2243 0.39
2244 0.38
2245 0.43
2246 0.44
2247 0.32
2248 0.34
2249 0.40
2250 0.36
2251 0.41
2252 0.39
2253 0.40
2254 0.43
2255 0.35
2256 0.35
2257 0.31
2258 0.37
2259 0.41
2260 0.41
2261 0.45
2262 0.14
2263 0.33
2264 0.33
2265 0.37
2266 0.15
2267 0.42
2268 0.43
2269 0.38
2270 0.36
2271 0.45
2272 0.32
2273 0.31
2274 0.25
2275 0.30
2276 0.39
2277 0.37
2278 0.40
2279 0.34
2280 0.42
2281 0.38
2282 0.40
2283 0.44
2284 0.35
2285 0.38
2286 0.45
2287 0.41
2288 0.43
2289 0.27
2290 0.43
2291 0.33
2292 0.45
2293 0.45
2294 0.34
2295 0.42
2296 0.17
2297 -0.05
2298 0.31
2299 0.35
2300 0.30
2301 0.39
2302 0.32
2303 0.37
2304 0.39
2305 0.23
2306 0.34
2307 0.36
2308 0.29
2309 -0.01
2310 0.32
2311 0.33
2312 -0.08
2313 0.30
2314 0.33
2315 0.39
2316 0.32
2317 0.42
2318 0.31
2319 0.38
2320 0.38
2321 0.42
2322 0.28
2323 0.35
2324 0.32
2325 0.34
2326 0.36
2327 0.37
2328 0.39
2329 0.41
2330 0.41
2331 0.46
2332 0.39
2333 0.36
2334 0.44
2335 0.46
2336 0.46
2337 0.42
2338 0.44
2339 0.39
2340 0.28
2341 0.36
2342 0.35
2343 0.32
2344 0.44
2345 0.41
2346 0.46
2347 0.31
2348 0.33
2349 0.42
2350 0.39
2351 0.31
2352 0.45
2353 0.37
2354 0.42
2355 0.32
2356 0.46
2357 0.46
2358 0.44
2359 0.41
2360 0.39
2361 0.40
2362 0.46
2363 0.46
2364 0.46
2365 0.46
2366 0.46
2367 0.40
2368 -0.25
2369 0.45
2370 0.43
2371 0.21
2372 0.17
2373 0.31
2374 0.37
2375 0.38
2376 0.40
2377 0.45
2378 0.39
2379 0.38
2380 0.46
2381 0.42
2382 0.37
2383 0.42
2384 0.44
2385 0.36
2386 0.41
2387 0.45
2388 0.39
2389 0.46
2390 0.43
2391 0.44
2392 0.37
2393 0.30
2394 0.41
2395 0.46
2396 0.39
2397 0.38
2398 -0.11
2399 0.25
2400 0.41
2401 0.24
2402 0.22
2403 0.39
2404 0.36
2405 0.34
2406 0.11
2407 0.44
2408 0.46
2409 -0.31
2410 0.28
2411 0.40
2412 0.43
2413 0.43
2414 0.37
2415 -0.08
2416 0.32
2417 0.41
2418 0.41
2419 0.39
2420 0.43
2421 0.45
2422 0.39
2423 0.39
2424 0.25
2425 0.23
2426 0.27
2427 0.43
2428 0.43
2429 0.45
2430 0.36
2431 0.34
2432 0.28
2433 0.41
2434 0.35
2435 0.33
2436 0.33
2437 0.28
2438 0.28
2439 0.33
2440 0.42
2441 0.34
2442 0.44
2443 0.46
2444 0.30
2445 0.45
2446 0.33
2447 0.38
2448 0.45
2449 0.46
2450 0.46
2451 0.38
2452 0.38
2453 0.38
2454 0.42
2455 0.40
2456 0.44
2457 0.08
2458 0.34
2459 -0.13
2460 0.29
2461 0.33
2462 0.43
2463 0.40
2464 0.33
2465 0.42
2466 0.42
2467 0.45
2468 0.40
2469 0.39
2470 0.39
2471 0.43
2472 0.39
2473 0.46
2474 0.28
2475 0.30
2476 0.39
2477 0.43
2478 0.39
2479 0.44
2480 0.33
2481 0.33
2482 0.42
2483 0.46
2484 0.41
2485 0.41
2486 0.46
2487 0.34
2488 0.43
2489 0.36
2490 0.44
2491 0.39
2492 0.39
2493 0.41
2494 0.46
2495 0.43
2496 -0.31
2497 0.37
2498 0.41
2499 0.42
2500 0.43
2501 0.30
2502 0.43
2503 0.37
2504 0.30
2505 0.44
2506 0.45
2507 0.38
2508 0.30
2509 0.26
2510 0.38
2511 0.43
2512 0.46
2513 0.43
2514 0.37
2515 0.45
2516 0.33
2517 0.43
2518 0.43
2519 0.46
2520 0.44
2521 0.18
2522 0.41
2523 0.41
2524 0.40
2525 0.38
2526 0.44
2527 0.44
2528 0.43
2529 0.39
2530 0.35
2531 0.39
2532 0.17
2533 0.41
2534 0.35
2535 0.43
2536 0.35
2537 0.38
2538 0.41
2539 0.32
2540 0.36
2541 0.17
2542 0.36
2543 0.40
2544 0.28
2545 0.41
2546 0.13
2547 0.17
2548 0.33
2549 0.40
2550 0.38
2551 0.45
2552 0.43
2553 0.41
2554 0.17
2555 0.41
2556 0.45
2557 0.38
2558 0.43
2559 0.43
2560 0.35
2561 0.46
2562 0.42
2563 0.46
2564 0.43
2565 0.44
2566 0.32
2567 0.46
2568 0.46
2569 0.41
2570 0.46
2571 0.41
2572 0.42
2573 0.46
2574 0.46
2575 0.38
2576 0.46
2577 0.37
2578 0.41
2579 0.46
2580 0.46
2581 0.43
2582 0.37
2583 0.43
2584 0.40
2585 0.30
2586 0.41
2587 0.42
2588 0.46
2589 0.41
2590 0.41
2591 0.42
2592 0.45
2593 0.46
2594 0.46
2595 -0.29
2596 0.46
2597 0.41
2598 0.04
2599 0.29
2600 0.34
2601 0.38
2602 0.22
2603 0.33
2604 0.34
2605 0.44
2606 0.46
2607 0.35
2608 0.37
2609 0.37
2610 0.00
2611 0.27
2612 0.34
2613 0.42
2614 0.38
2615 0.42
2616 0.42
2617 0.42
2618 0.42
2619 0.40
2620 0.44
2621 0.46
2622 0.40
2623 0.46
2624 0.42
2625 0.44
2626 0.38
2627 0.46
2628 0.46
2629 0.42
2630 0.42
2631 0.39
2632 0.33
2633 0.37
2634 0.40
2635 0.27
2636 0.39
2637 0.35
2638 0.30
2639 0.39
2640 0.36
2641 0.39
2642 0.35
2643 0.44
2644 0.43
2645 0.33
2646 0.29
2647 0.42
2648 0.32
2649 0.37
2650 0.44
2651 0.34
2652 0.43
2653 -0.24
2654 0.40
2655 0.42
2656 0.29
2657 0.22
2658 0.39
2659 0.31
2660 0.44
2661 0.45
2662 0.35
2663 0.22
2664 0.36
2665 0.24
2666 0.26
2667 0.36
2668 0.31
2669 0.37
2670 0.39
2671 0.27
2672 0.39
2673 0.35
2674 0.31
2675 0.38
2676 0.39
2677 0.40
2678 0.32
2679 0.38
2680 0.44
2681 0.22
2682 0.41
2683 0.20
2684 0.38
2685 0.45
2686 0.40
2687 0.41
2688 0.40
2689 0.45
2690 0.39
2691 0.42
2692 0.40
2693 0.43
2694 0.32
2695 0.33
2696 0.42
2697 0.43
2698 0.42
2699 0.35
2700 0.46
2701 0.43
2702 0.46
2703 0.41
2704 0.40
2705 0.39
2706 0.40
2707 0.43
2708 0.45
2709 0.36
2710 0.41
2711 0.46
2712 0.46
2713 0.44
2714 0.45
2715 0.38
2716 0.38
2717 0.38
2718 0.41
2719 0.39
2720 0.42
2721 0.43
2722 0.42
2723 0.46
2724 0.43
2725 0.36
2726 0.41
2727 0.14
2728 0.28
2729 0.35
2730 0.39
2731 -0.28
2732 0.36
2733 0.37
2734 0.41
2735 0.39
2736 0.33
2737 0.39
2738 0.44
2739 0.44
2740 0.37
2741 0.41
2742 0.38
2743 0.45
2744 0.45
2745 0.43
2746 0.45
2747 -0.36
2748 0.31
2749 0.41
2750 0.42
2751 0.36
2752 0.44
2753 0.41
2754 0.43
2755 0.38
2756 0.46
2757 0.46
2758 0.41
2759 0.28
2760 0.37
2761 0.45
2762 0.46
2763 0.46
2764 0.43
2765 0.44
2766 0.46
2767 0.38
2768 0.39
2769 0.46
2770 0.23
2771 0.40
2772 0.41
2773 0.40
2774 0.41
2775 0.36
2776 0.42
2777 0.28
2778 0.40
2779 0.38
2780 0.41
2781 0.42
2782 0.40
2783 0.45
2784 0.40
2785 0.44
2786 0.37
2787 0.46
2788 0.30
2789 0.39
2790 0.41
2791 0.43
2792 0.41
2793 0.03
2794 0.34
2795 -0.27
2796 0.16
2797 0.29
2798 0.27
2799 0.34
2800 0.10
2801 -0.31
2802 0.19
2803 -0.01
2804 0.03
2805 0.17
2806 0.18
2807 0.27
2808 0.27
2809 0.25
2810 0.31
2811 0.26
2812 0.25
2813 0.27
2814 0.29
2815 0.31
2816 0.29
2817 0.33
2818 0.30
2819 0.30
2820 0.28
2821 0.34
2822 0.37
2823 0.36
2824 0.18
2825 0.30
2826 0.37
2827 0.39
2828 0.34
2829 -0.05
2830 0.35
2831 0.38
2832 0.36
2833 0.21
2834 0.34
2835 0.37
2836 0.36
2837 0.34
2838 0.38
2839 0.39
2840 0.32
2841 0.41
2842 0.40
2843 0.42
2844 0.36
2845 0.40
2846 0.43
2847 0.44
2848 0.44
2849 0.42
2850 0.42
2851 0.45
2852 0.37
2853 0.45
2854 0.09
2855 0.38
2856 0.45
2857 0.45
2858 0.36
2859 0.39
2860 0.41
2861 0.15
2862 0.31
2863 0.33
2864 0.42
2865 0.35
2866 0.35
2867 0.32
2868 0.39
2869 0.42
2870 0.41
2871 0.37
2872 0.42
2873 0.42
2874 0.40
2875 0.23
2876 0.40
2877 0.37
2878 0.44
2879 0.45
2880 0.43
2881 0.43
2882 0.42
2883 0.42
2884 0.32
2885 0.36
2886 0.34
2887 0.42
2888 0.44
2889 0.41
2890 0.37
2891 0.39
2892 0.40
2893 0.40
2894 0.43
2895 0.42
2896 0.41
2897 0.41
2898 0.43
2899 0.18
2900 0.21
2901 0.34
2902 0.40
2903 0.33
2904 0.31
2905 0.29
2906 0.33
2907 0.31
2908 0.35
2909 0.37
2910 0.32
2911 0.40
2912 0.41
2913 0.36
2914 0.38
2915 0.27
2916 0.30
2917 0.31
2918 0.36
2919 0.41
2920 0.40
2921 0.39
2922 0.40
2923 0.41
2924 0.42
2925 0.38
2926 0.42
2927 -0.23
2928 0.36
2929 0.38
2930 0.43
2931 0.40
2932 0.39
2933 0.43
2934 0.33
2935 0.45
2936 0.42
2937 0.41
2938 0.45
2939 0.12
2940 0.41
2941 0.42
2942 0.30
2943 0.34
2944 0.40
2945 0.43
2946 0.38
2947 0.39
2948 0.45
2949 0.32
2950 0.42
2951 -0.16
2952 0.42
2953 0.37
2954 0.44
2955 0.33
2956 0.46
2957 0.43
2958 0.46
2959 0.15
2960 0.46
2961 0.46
2962 0.36
2963 0.34
2964 0.46
2965 0.46
2966 0.39
2967 0.41
2968 0.34
2969 0.39
2970 0.29
2971 0.38
2972 0.38
2973 0.40
2974 0.36
2975 -0.29
2976 0.27
2977 0.37
2978 0.43
2979 0.32
2980 0.35
2981 0.42
2982 0.44
2983 0.39
2984 0.14
2985 0.37
2986 0.39
2987 0.40
2988 0.39
2989 0.45
2990 0.33
2991 0.36
2992 0.43
2993 0.42
2994 0.28
2995 0.42
2996 0.36
2997 0.40
2998 0.36
2999 0.45
