0 0.02
30 0.26
60 0.15
90 -0.03
120 0.15
150 0.27
180 -0.06
210 -0.18
240 0.18
270 0.12
300 0.25
330 0.17
360 0.23
390 0.27
420 0.19
450 0.24
480 0.20
510 0.22
540 0.27
570 0.25
600 0.19
630 0.06
660 0.27
690 0.16
720 0.25
750 0.09
780 0.27
810 0.29
840 0.27
870 0.29
900 0.23
930 0.34
960 0.29
990 0.31
1020 0.38
1050 0.36
1080 0.18
1110 0.19
1140 0.33
1170 0.28
1200 0.23
1230 0.28
1260 0.36
1290 0.38
1320 0.35
1350 0.41
1380 0.35
1410 0.38
1440 0.38
1470 0.36
1500 0.43
1530 0.40
1560 0.42
1590 0.40
1620 0.33
1650 0.34
1680 0.37
1710 0.31
1740 0.41
1770 0.42
1800 0.37
1830 0.32
1860 0.41
1890 0.41
1920 0.42
1950 0.33
1980 0.28
2010 0.12
2040 0.31
2070 0.41
2100 0.39
2130 0.33
2160 0.38
2190 0.41
2220 0.38
2250 0.37
2280 0.36
2310 0.38
2340 0.38
2370 0.33
2400 0.33
2430 0.39
2460 0.42
2490 0.38
2520 0.38
2550 0.43
2580 0.37
2610 0.39
2640 0.36
2670 0.38
2700 0.40
2730 0.36
2760 0.42
2790 0.31
2820 0.42
2850 0.29
2880 0.40
2910 0.40
2940 0.37
2970 0.36
