0 199.22
30 207.53
60 191.56
90 211.96
120 209.71
150 222.84
180 230.33
210 246.13
240 287.96
270 278.58
300 280.67
330 270.60
360 280.31
390 258.22
420 257.62
450 260.80
480 286.78
510 291.82
540 275.56
570 287.11
600 252.33
630 272.36
660 281.00
690 278.60
720 286.40
750 265.53
780 288.96
810 249.22
840 249.00
870 288.24
900 266.49
930 285.78
960 307.89
990 309.47
1020 323.56
1050 318.47
1080 328.16
1110 301.73
1140 288.62
1170 300.29
1200 290.02
1230 344.09
1260 339.91
1290 316.31
1320 302.16
1350 338.84
1380 337.51
1410 352.40
1440 348.93
1470 341.78
1500 327.69
1530 326.11
1560 345.60
1590 320.62
1620 325.09
1650 328.22
1680 342.24
1710 353.60
1740 343.67
1770 317.93
1800 312.76
1830 320.80
1860 334.87
1890 344.84
1920 330.38
1950 314.93
1980 333.87
2010 359.69
2040 355.49
2070 316.87
2100 336.76
2130 339.33
2160 319.42
2190 323.67
2220 317.96
2250 366.64
2280 356.22
2310 313.96
2340 354.09
2370 330.58
2400 357.69
2430 338.44
2460 373.07
2490 361.31
2520 323.13
2550 333.04
2580 356.58
2610 370.27
2640 311.53
2670 323.93
2700 341.47
2730 331.31
2760 349.67
2790 340.38
2820 352.76
2850 355.73
2880 343.51
2910 316.13
2940 349.18
2970 336.20
