0 304.00
30 287.33
60 260.00
90 302.67
120 261.33
150 322.67
180 269.33
210 254.00
240 329.33
270 311.33
300 308.67
330 258.67
360 274.00
390 242.67
420 221.33
450 272.67
480 280.67
510 294.00
540 267.33
570 290.00
600 227.33
630 245.33
660 272.00
690 273.33
720 293.33
750 263.33
780 287.33
810 255.33
840 247.33
870 290.00
900 265.33
930 280.67
960 312.67
990 312.67
1020 320.00
1050 326.67
1080 315.33
1110 289.33
1140 298.00
1170 304.67
1200 279.33
1230 350.67
1260 356.67
1290 327.33
1320 292.00
1350 331.33
1380 337.33
1410 365.33
1440 348.67
1470 355.33
1500 348.00
1530 335.33
1560 362.00
1590 314.00
1620 312.00
1650 338.00
1680 360.00
1710 358.00
1740 344.67
1770 320.67
1800 304.67
1830 329.33
1860 317.33
1890 334.00
1920 326.67
1950 320.00
1980 336.67
2010 351.33
2040 356.67
2070 288.67
2100 332.67
2130 348.67
2160 326.67
2190 346.00
2220 316.00
2250 388.00
2280 342.00
2310 312.00
2340 369.33
2370 346.67
2400 348.67
2430 335.33
2460 365.33
2490 356.67
2520 335.33
2550 356.00
2580 360.00
2610 364.00
2640 302.00
2670 306.67
2700 355.33
2730 339.33
2760 346.67
2790 338.00
2820 341.33
2850 368.00
2880 344.67
2910 329.33
2940 366.67
2970 330.00
