0 286.00
1 288.40
2 283.20
3 283.20
4 284.40
5 284.40
6 284.40
7 284.40
8 284.40
9 284.40
10 284.40
11 284.40
12 280.00
13 281.20
14 277.60
15 277.60
16 282.80
17 280.40
18 280.40
19 280.40
20 285.60
21 285.60
22 288.00
23 288.00
24 282.80
25 282.80
26 282.80
27 286.00
28 289.20
29 289.20
30 290.80
31 290.80
32 290.80
33 290.80
34 285.60
35 290.80
36 290.80
37 290.80
38 292.80
39 292.80
40 294.00
41 291.20
42 294.00
43 299.20
44 300.00
45 294.80
46 298.80
47 298.80
48 298.80
49 298.40
50 298.40
51 297.20
52 297.20
53 297.20
54 296.00
55 296.00
56 296.00
57 296.00
58 298.80
59 298.80
60 298.80
61 298.80
62 298.00
63 296.00
64 296.00
65 296.00
66 290.80
67 290.80
68 290.80
69 291.60
70 291.60
71 292.40
72 290.00
73 290.40
74 292.80
75 296.80
76 296.80
77 293.60
78 290.40
79 290.40
80 288.80
81 290.40
82 295.60
83 295.60
84 298.40
85 293.20
86 297.20
87 297.20
88 292.00
89 292.00
90 292.40
91 292.80
92 287.60
93 287.60
94 286.40
95 288.40
96 284.40
97 284.40
98 284.40
99 284.80
100 284.80
101 280.80
102 286.00
103 286.00
104 291.20
105 294.00
106 294.00
107 294.00
108 291.20
109 291.20
110 291.20
111 292.00
112 292.00
113 297.20
114 302.40
115 302.40
116 303.20
117 308.40
118 308.40
119 307.60
120 302.80
121 302.00
122 302.40
123 302.00
124 299.60
125 295.60
126 295.60
127 295.60
128 295.60
129 299.20
130 299.20
131 297.60
132 292.40
133 292.40
134 289.60
135 289.60
136 285.60
137 288.40
138 288.40
139 288.40
140 285.60
141 286.00
142 291.20
143 286.00
144 286.00
145 284.00
146 289.20
147 289.60
148 289.60
149 289.20
150 289.20
151 292.00
152 292.00
153 292.00
154 286.80
155 284.00
156 284.00
157 284.00
158 284.00
159 284.00
160 284.00
161 283.20
162 288.40
163 284.00
164 282.40
165 282.40
166 281.60
167 278.80
168 278.80
169 278.80
170 278.40
171 278.40
172 278.00
173 278.00
174 283.20
175 283.20
176 283.20
177 283.20
178 283.20
179 279.60
180 279.60
181 279.60
182 279.60
183 279.60
184 284.80
185 284.80
186 284.80
187 282.00
188 285.20
189 285.20
190 286.40
191 288.40
192 285.60
193 285.60
194 286.00
195 291.20
196 286.00
197 285.60
198 285.60
199 286.00
200 282.80
201 283.20
202 281.20
203 281.20
204 282.40
205 283.60
206 283.60
207 284.80
208 284.80
209 284.80
210 282.00
211 282.00
212 280.80
213 282.00
214 280.00
215 280.00
216 283.20
217 280.80
218 281.20
219 284.80
220 285.20
221 284.80
222 287.20
223 287.20
224 283.20
225 283.60
226 283.20
227 285.60
228 290.80
229 287.60
230 289.20
231 289.20
232 289.20
233 289.60
234 286.00
235 290.00
236 290.00
237 290.00
238 289.60
239 290.00
240 292.80
241 289.60
242 289.60
243 294.80
244 295.60
245 294.80
246 297.60
247 297.60
248 297.60
249 297.20
250 297.20
251 298.00
252 295.60
253 295.60
254 294.40
255 296.40
256 296.40
257 295.20
258 297.20
259 297.20
260 296.80
261 296.80
262 296.00
263 293.20
264 295.60
265 295.60
266 292.80
267 295.60
268 295.20
269 292.40
270 293.60
271 294.40
272 291.20
273 293.60
274 297.20
275 299.60
276 300.00
277 298.00
278 292.80
279 292.80
280 291.20
281 292.80
282 295.60
283 296.00
284 297.60
285 293.60
286 296.00
287 296.00
288 292.80
289 292.80
290 291.60
291 294.00
292 291.60
293 291.60
294 290.00
295 290.80
296 289.20
297 288.80
298 288.80
299 289.20
300 291.20
301 287.20
302 290.40
303 290.40
304 293.20
305 294.80
306 294.40
307 296.80
308 298.00
309 298.00
310 298.40
311 299.20
312 299.20
313 304.00
314 305.60
315 305.20
316 306.00
317 305.60
318 309.20
319 308.40
320 304.80
321 303.60
322 304.00
323 301.60
324 300.00
325 297.60
326 297.60
327 296.80
328 296.40
329 298.00
330 298.00
331 296.40
332 293.60
333 293.60
334 292.00
335 295.20
336 292.80
337 296.40
338 300.00
339 300.00
340 297.20
341 296.00
342 297.60
343 292.40
344 293.20
345 289.60
346 290.40
347 291.20
348 290.80
349 291.60
350 289.60
351 292.40
352 293.60
353 293.60
354 290.80
355 286.00
356 286.40
357 284.00
358 280.80
359 280.80
360 283.60
361 282.80
362 284.80
363 281.60
364 279.60
365 280.00
366 278.80
367 278.80
368 275.20
369 275.20
370 277.20
371 278.00
372 278.40
373 278.40
374 280.40
375 280.00
376 280.00
377 280.40
378 280.80
379 282.40
380 282.40
381 282.40
382 282.40
383 281.60
384 285.20
385 282.00
386 282.00
387 278.40
388 278.40
389 278.00
390 279.20
391 281.20
392 282.00
393 282.00
394 282.00
395 285.60
396 283.60
397 283.20
398 283.60
399 282.80
400 293.60
401 293.60
402 291.60
403 291.20
404 294.00
405 296.00
406 296.40
407 298.00
408 297.20
409 296.80
410 293.60
411 298.00
412 296.80
413 298.00
414 296.40
415 296.00
416 302.00
417 303.20
418 302.80
419 299.20
420 300.40
421 298.00
422 298.80
423 301.20
424 299.20
425 298.80
426 298.40
427 297.20
428 300.00
429 300.00
430 301.60
431 302.40
432 302.40
433 301.20
434 297.60
435 302.40
436 300.40
437 302.40
438 300.80
439 300.00
440 298.80
441 297.60
442 296.80
443 302.00
444 305.60
445 304.00
446 305.20
447 305.60
448 305.60
449 305.60
450 302.00
451 303.20
452 300.00
453 300.00
454 297.60
455 298.00
456 298.00
457 296.00
458 298.40
459 299.20
460 302.40
461 298.00
462 296.80
463 296.80
464 299.60
465 300.00
466 298.80
467 294.80
468 297.20
469 297.60
470 296.80
471 298.00
472 297.60
473 296.80
474 298.80
475 302.80
476 301.60
477 295.60
478 295.20
479 295.20
480 293.20
481 294.40
482 296.40
483 295.20
484 297.20
485 295.20
486 298.00
487 296.40
488 296.40
489 298.80
490 297.20
491 299.60
492 300.40
493 300.40
494 296.80
495 295.60
496 294.80
497 294.40
498 294.40
499 294.80
500 296.00
501 294.40
502 298.00
503 298.00
504 299.20
505 298.80
506 299.60
507 302.00
508 302.00
509 302.00
510 298.40
511 299.60
512 299.20
513 302.00
514 303.60
515 303.60
516 303.60
517 306.40
518 304.40
519 303.60
520 302.40
521 302.80
522 301.60
523 300.00
524 298.00
525 294.00
526 293.60
527 297.20
528 297.60
529 299.20
530 299.60
531 297.60
532 295.20
533 295.60
534 293.60
535 291.60
536 288.80
537 292.00
538 290.40
539 288.00
540 288.00
541 288.00
542 288.80
543 283.60
544 285.60
545 285.60
546 285.60
547 287.60
548 289.20
549 290.40
550 289.20
551 289.60
552 291.20
553 291.60
554 290.00
555 288.00
556 286.80
557 284.80
558 283.20
559 282.80
560 286.40
561 285.20
562 288.00
563 284.00
564 281.20
565 281.20
566 276.40
567 276.40
568 276.40
569 280.40
570 281.20
571 282.00
572 282.80
573 282.80
574 284.80
575 285.20
576 287.20
577 290.80
578 288.00
579 286.40
580 286.40
581 286.40
582 286.80
583 288.80
584 292.40
585 291.60
586 293.60
587 290.00
588 293.20
589 294.00
590 296.80
591 295.60
592 294.80
593 294.80
594 292.80
595 295.60
596 295.20
597 293.20
598 291.60
599 290.00
600 322.00
601 323.60
602 320.40
603 320.40
604 325.20
605 327.60
606 327.60
607 329.60
608 329.20
609 329.20
610 328.00
611 328.40
612 324.00
613 324.40
614 321.60
615 319.20
616 323.20
617 318.00
618 318.00
619 318.00
620 318.80
621 314.80
622 319.60
623 324.00
624 318.80
625 318.40
626 318.80
627 322.00
628 327.20
629 322.40
630 326.80
631 326.80
632 326.80
633 329.20
634 324.40
635 329.20
636 329.20
637 329.20
638 330.80
639 330.80
640 334.40
641 330.00
642 332.00
643 337.20
644 341.60
645 339.60
646 341.20
647 341.60
648 341.60
649 341.60
650 341.60
651 342.40
652 340.80
653 340.80
654 336.00
655 336.00
656 336.00
657 333.60
658 338.80
659 341.20
660 345.20
661 342.80
662 342.00
663 339.60
664 342.40
665 342.40
666 339.20
667 339.20
668 341.60
669 342.40
670 342.00
671 343.20
672 340.00
673 340.00
674 344.00
675 349.20
676 345.20
677 340.40
678 338.00
679 338.00
680 333.60
681 338.80
682 344.00
683 341.60
684 342.40
685 337.60
686 342.80
687 342.80
688 340.40
689 340.40
690 340.80
691 344.00
692 338.80
693 338.80
694 334.00
695 335.20
696 332.40
697 332.00
698 332.00
699 332.00
700 336.00
701 335.20
702 338.40
703 338.40
704 343.60
705 344.00
706 344.80
707 348.40
708 347.60
709 345.20
710 341.20
711 342.00
712 342.00
713 344.00
714 345.60
715 345.60
716 345.60
717 350.80
718 348.40
719 347.60
720 343.60
721 345.20
722 344.00
723 339.60
724 339.60
725 334.40
726 334.40
727 334.40
728 332.80
729 337.60
730 337.60
731 334.80
732 329.60
733 329.60
734 328.80
735 328.80
736 323.60
737 328.80
738 328.80
739 328.80
740 323.60
741 321.60
742 326.80
743 321.60
744 326.00
745 322.00
746 324.40
747 329.20
748 333.20
749 335.20
750 331.20
751 329.60
752 331.20
753 331.20
754 326.00
755 323.20
756 322.40
757 319.20
758 315.20
759 315.20
760 316.40
761 317.60
762 322.80
763 322.80
764 321.20
765 323.60
766 322.80
767 322.80
768 322.80
769 322.80
770 326.40
771 327.60
772 327.20
773 327.20
774 328.40
775 328.80
776 332.40
777 334.00
778 332.80
779 332.80
780 332.80
781 330.40
782 330.40
783 330.40
784 335.20
785 335.20
786 335.20
787 330.00
788 330.80
789 330.80
790 332.00
791 335.20
792 333.20
793 333.20
794 329.20
795 334.00
796 332.80
797 328.00
798 324.00
799 322.00
800 318.00
801 319.60
802 317.60
803 314.80
804 320.40
805 322.00
806 322.00
807 324.00
808 323.20
809 323.60
810 321.20
811 321.60
812 321.20
813 320.80
814 318.00
815 317.20
816 317.20
817 312.80
818 312.40
819 312.80
820 314.80
821 312.00
822 314.80
823 318.00
824 313.60
825 313.20
826 312.40
827 315.60
828 320.40
829 316.40
830 320.00
831 320.00
832 318.80
833 321.20
834 315.20
835 319.60
836 319.20
837 319.60
838 320.00
839 319.20
840 317.60
841 316.40
842 319.60
843 324.00
844 328.40
845 326.80
846 331.20
847 334.40
848 334.80
849 335.60
850 336.40
851 335.60
852 332.80
853 332.80
854 328.80
855 328.80
856 328.80
857 327.20
858 331.20
859 332.00
860 336.00
861 334.80
862 329.60
863 325.20
864 327.20
865 327.20
866 324.00
867 323.60
868 326.00
869 326.40
870 326.00
871 326.00
872 324.80
873 324.80
874 328.80
875 332.80
876 330.00
877 324.40
878 320.80
879 320.80
880 317.20
881 322.00
882 322.40
883 320.00
884 322.00
885 317.60
886 323.20
887 323.20
888 320.40
889 324.80
890 325.60
891 327.60
892 322.80
893 323.60
894 318.80
895 318.40
896 314.80
897 311.60
898 311.60
899 315.60
900 317.60
901 316.40
902 319.60
903 319.60
904 317.60
905 318.80
906 319.60
907 321.20
908 320.00
909 319.20
910 315.20
911 316.40
912 316.00
913 320.00
914 322.40
915 325.20
916 325.20
917 330.80
918 328.40
919 328.80
920 324.80
921 326.40
922 325.20
923 322.00
924 320.80
925 316.80
926 316.80
927 317.60
928 318.80
929 323.60
930 325.60
931 321.60
932 321.20
933 321.20
934 320.40
935 320.40
936 314.80
937 316.80
938 318.00
939 314.00
940 310.00
941 309.20
942 314.40
943 310.00
944 313.20
945 310.80
946 314.00
947 317.60
948 318.00
949 315.20
950 312.40
951 312.80
952 314.40
953 317.20
954 317.60
955 314.80
956 314.00
957 312.00
958 310.00
959 309.60
960 312.00
961 311.60
962 317.60
963 318.40
964 316.80
965 314.80
966 318.00
967 317.20
968 317.60
969 316.40
970 318.80
971 320.00
972 319.60
973 319.60
974 321.20
975 321.60
976 325.20
977 326.80
978 324.40
979 323.60
980 321.60
981 320.80
982 322.00
983 322.00
984 326.80
985 326.80
986 327.20
987 324.80
988 326.00
989 326.40
990 331.20
991 331.20
992 327.60
993 326.80
994 324.00
995 328.40
996 324.40
997 320.80
998 320.00
999 318.00
1000 323.20
1001 326.00
1002 320.80
1003 318.40
1004 322.40
1005 323.20
1006 322.00
1007 318.80
1008 315.60
1009 316.80
1010 316.40
1011 318.00
1012 312.40
1013 316.80
1014 314.40
1015 313.60
1016 318.40
1017 314.80
1018 311.60
1019 310.40
1020 312.00
1021 314.00
1022 312.80
1023 317.20
1024 311.20
1025 311.20
1026 312.40
1027 315.60
1028 316.00
1029 312.00
1030 314.80
1031 316.00
1032 314.00
1033 313.60
1034 308.40
1035 312.40
1036 308.80
1037 310.80
1038 310.00
1039 309.60
1040 307.60
1041 304.40
1042 306.80
1043 311.60
1044 316.00
1045 313.20
1046 313.20
1047 312.80
1048 309.20
1049 312.40
1050 315.20
1051 314.40
1052 313.60
1053 313.60
1054 312.00
1055 312.80
1056 314.40
1057 315.60
1058 320.80
1059 323.20
1060 323.20
1061 324.40
1062 323.60
1063 322.00
1064 324.40
1065 324.40
1066 323.60
1067 326.80
1068 329.60
1069 331.60
1070 331.60
1071 334.00
1072 332.80
1073 332.80
1074 337.20
1075 340.80
1076 338.00
1077 331.20
1078 329.20
1079 330.80
1080 327.20
1081 330.40
1082 336.80
1083 334.00
1084 337.20
1085 332.80
1086 335.60
1087 334.40
1088 334.00
1089 338.40
1090 340.40
1091 343.20
1092 339.20
1093 339.20
1094 335.60
1095 335.20
1096 334.00
1097 329.60
1098 328.40
1099 329.60
1100 329.60
1101 329.20
1102 333.60
1103 332.40
1104 330.80
1105 331.20
1106 334.00
1107 332.40
1108 331.60
1109 329.20
1110 328.80
1111 326.80
1112 327.20
1113 329.60
1114 331.60
1115 334.80
1116 332.80
1117 335.20
1118 332.40
1119 333.60
1120 330.00
1121 328.40
1122 326.40
1123 323.20
1124 322.80
1125 323.60
1126 323.20
1127 328.00
1128 325.60
1129 328.00
1130 330.40
1131 328.80
1132 323.20
1133 322.40
1134 319.20
1135 318.80
1136 316.00
1137 318.40
1138 314.80
1139 311.20
1140 310.80
1141 312.80
1142 317.20
1143 314.80
1144 317.60
1145 318.80
1146 322.40
1147 326.80
1148 327.60
1149 322.40
1150 324.00
1151 322.40
1152 324.00
1153 327.60
1154 326.80
1155 324.80
1156 321.60
1157 325.20
1158 324.00
1159 322.80
1160 323.60
1161 322.80
1162 328.80
1163 323.60
1164 321.60
1165 319.20
1166 317.20
1167 315.20
1168 318.40
1169 316.40
1170 318.40
1171 315.60
1172 320.00
1173 318.80
1174 320.80
1175 316.40
1176 318.40
1177 317.20
1178 321.20
1179 321.20
1180 319.60
1181 316.80
1182 318.00
1183 322.00
1184 327.20
1185 328.00
1186 331.60
1187 328.40
1188 333.20
1189 332.80
1190 333.20
1191 331.60
1192 328.80
1193 326.40
1194 322.80
1195 324.80
1196 322.40
1197 322.80
1198 326.80
1199 327.60
1200 345.60
1201 348.40
1202 346.00
1203 341.20
1204 346.80
1205 347.60
1206 345.20
1207 343.20
1208 339.20
1209 341.60
1210 338.40
1211 338.40
1212 340.80
1213 340.00
1214 338.80
1215 337.60
1216 344.40
1217 342.80
1218 338.40
1219 336.80
1220 338.00
1221 338.00
1222 340.80
1223 344.80
1224 340.00
1225 336.80
1226 336.80
1227 338.80
1228 338.00
1229 335.60
1230 339.20
1231 338.00
1232 337.20
1233 336.00
1234 329.60
1235 332.00
1236 329.60
1237 331.20
1238 330.40
1239 328.80
1240 328.40
1241 324.80
1242 326.80
1243 332.40
1244 336.80
1245 335.20
1246 336.80
1247 336.00
1248 332.00
1249 335.60
1250 333.60
1251 332.40
1252 330.00
1253 330.00
1254 329.60
1255 333.20
1256 334.00
1257 332.80
1258 335.60
1259 337.20
1260 340.80
1261 341.60
1262 336.40
1263 334.80
1264 335.20
1265 333.60
1266 332.80
1267 333.60
1268 339.20
1269 340.40
1270 340.80
1271 342.00
1272 342.40
1273 342.40
1274 345.60
1275 348.80
1276 346.00
1277 338.80
1278 338.80
1279 337.20
1280 331.20
1281 334.00
1282 335.20
1283 330.40
1284 332.00
1285 329.20
1286 332.00
1287 327.60
1288 326.40
1289 331.60
1290 330.40
1291 333.20
1292 329.20
1293 328.40
1294 326.00
1295 326.40
1296 323.60
1297 319.60
1298 318.00
1299 319.20
1300 322.00
1301 322.00
1302 325.20
1303 327.60
1304 322.80
1305 320.40
1306 323.60
1307 326.00
1308 326.80
1309 324.40
1310 320.00
1311 318.00
1312 317.20
1313 319.20
1314 321.60
1315 324.40
1316 322.80
1317 325.20
1318 322.40
1319 324.80
1320 321.20
1321 319.60
1322 316.80
1323 313.60
1324 314.00
1325 314.40
1326 316.00
1327 320.80
1328 320.40
1329 322.80
1330 327.20
1331 326.00
1332 322.40
1333 324.40
1334 322.00
1335 320.40
1336 317.60
1337 324.40
1338 325.60
1339 321.20
1340 322.40
1341 324.40
1342 323.60
1343 319.20
1344 320.80
1345 317.60
1346 320.80
1347 325.20
1348 328.00
1349 326.00
1350 327.20
1351 325.60
1352 327.20
1353 329.60
1354 329.20
1355 327.20
1356 325.60
1357 326.40
1358 326.80
1359 325.20
1360 329.20
1361 330.40
1362 334.00
1363 334.40
1364 332.80
1365 332.80
1366 328.40
1367 326.80
1368 328.40
1369 326.40
1370 328.40
1371 328.80
1372 328.40
1373 327.60
1374 328.80
1375 328.40
1376 329.60
1377 330.00
1378 331.20
1379 332.80
1380 330.80
1381 330.40
1382 333.60
1383 337.60
1384 344.80
1385 346.80
1386 349.20
1387 345.20
1388 346.00
1389 346.80
1390 347.20
1391 346.00
1392 348.80
1393 348.40
1394 344.80
1395 349.20
1396 347.20
1397 347.60
1398 350.40
1399 347.60
1400 367.60
1401 368.80
1402 366.00
1403 363.60
1404 362.40
1405 365.20
1406 366.80
1407 366.40
1408 363.60
1409 366.40
1410 364.00
1411 364.00
1412 360.00
1413 360.40
1414 358.80
1415 359.60
1416 360.00
1417 358.40
1418 358.00
1419 355.20
1420 356.80
1421 357.60
1422 355.20
1423 358.80
1424 355.20
1425 356.40
1426 356.80
1427 358.80
1428 358.40
1429 356.80
1430 359.60
1431 357.60
1432 356.00
1433 358.40
1434 358.40
1435 360.00
1436 362.00
1437 365.60
1438 364.80
1439 360.00
1440 359.20
1441 356.80
1442 358.00
1443 363.20
1444 366.80
1445 363.20
1446 365.20
1447 364.40
1448 360.40
1449 364.00
1450 366.00
1451 365.60
1452 363.20
1453 363.20
1454 364.00
1455 364.40
1456 360.40
1457 361.20
1458 364.00
1459 364.80
1460 368.00
1461 371.60
1462 374.00
1463 369.60
1464 370.40
1465 369.60
1466 368.80
1467 366.80
1468 368.80
1469 369.60
1470 369.20
1471 369.60
1472 369.60
1473 369.60
1474 373.60
1475 372.00
1476 368.80
1477 367.60
1478 368.40
1479 366.00
1480 368.00
1481 371.60
1482 372.00
1483 369.60
1484 366.40
1485 363.60
1486 362.40
1487 359.20
1488 358.40
1489 362.40
1490 363.60
1491 366.80
1492 366.00
1493 366.00
1494 362.80
1495 365.60
1496 363.60
1497 360.00
1498 359.60
1499 360.80
1500 360.00
1501 359.60
1502 363.20
1503 367.60
1504 362.00
1505 363.60
1506 366.80
1507 365.60
1508 366.00
1509 364.40
1510 361.20
1511 362.00
1512 361.60
1513 366.40
1514 368.00
1515 370.80
1516 368.40
1517 373.60
1518 370.80
1519 372.00
1520 368.40
1521 367.20
1522 365.60
1523 362.40
1524 360.40
1525 357.60
1526 360.40
1527 359.60
1528 358.00
1529 362.80
1530 360.00
1531 358.00
1532 362.80
1533 362.80
1534 361.20
1535 363.60
1536 364.80
1537 367.60
1538 366.00
1539 362.00
1540 361.20
1541 362.00
1542 358.00
1543 353.20
1544 355.60
1545 352.00
1546 354.40
1547 358.40
1548 359.60
1549 357.60
1550 358.80
1551 358.40
1552 360.00
1553 358.00
1554 364.00
1555 359.20
1556 358.40
1557 359.20
1558 358.80
1559 356.80
1560 359.20
1561 354.80
1562 356.80
1563 356.00
1564 355.20
1565 352.40
1566 355.20
1567 353.60
1568 354.80
1569 355.60
1570 358.00
1571 358.00
1572 362.00
1573 361.60
1574 363.20
1575 366.40
1576 366.40
1577 366.40
1578 367.60
1579 366.80
1580 364.80
1581 365.20
1582 361.60
1583 361.60
1584 366.40
1585 365.20
1586 363.20
1587 360.00
1588 363.20
1589 368.00
1590 368.40
1591 366.80
1592 370.40
1593 370.00
1594 367.20
1595 371.60
1596 369.20
1597 369.60
1598 372.80
1599 370.00
1600 371.60
1601 373.20
1602 370.80
1603 368.40
1604 372.80
1605 372.40
1606 369.20
1607 369.60
1608 369.60
1609 372.80
1610 369.20
1611 368.40
1612 363.20
1613 363.20
1614 360.00
1615 360.80
1616 365.20
1617 362.40
1618 361.20
1619 362.40
1620 364.00
1621 365.20
1622 370.00
1623 373.20
1624 370.00
1625 366.00
1626 366.00
1627 368.40
1628 369.60
1629 369.20
1630 369.60
1631 363.20
1632 359.60
1633 362.40
1634 357.60
1635 359.20
1636 355.20
1637 357.20
1638 356.40
1639 356.00
1640 356.00
1641 352.40
1642 352.80
1643 354.80
1644 354.80
1645 351.60
1646 354.40
1647 354.40
1648 352.00
1649 352.80
1650 350.40
1651 350.40
1652 348.00
1653 348.00
1654 348.40
1655 348.00
1656 348.80
1657 345.20
1658 346.80
1659 347.60
1660 351.60
1661 353.20
1662 354.80
1663 350.00
1664 351.60
1665 349.60
1666 348.00
1667 349.20
1668 352.40
1669 349.20
1670 348.80
1671 348.80
1672 346.80
1673 347.60
1674 351.60
1675 356.40
1676 353.60
1677 348.00
1678 345.60
1679 344.40
1680 340.40
1681 348.80
1682 348.40
1683 345.60
1684 346.40
1685 345.20
1686 350.80
1687 348.00
1688 347.20
1689 351.20
1690 352.00
1691 355.60
1692 351.60
1693 351.60
1694 349.60
1695 352.00
1696 350.40
1697 350.40
1698 348.80
1699 345.60
1700 347.60
1701 345.60
1702 349.20
1703 353.60
1704 347.60
1705 347.60
1706 350.80
1707 354.00
1708 352.80
1709 351.60
1710 347.60
1711 345.20
1712 346.00
1713 350.80
1714 351.60
1715 354.40
1716 352.80
1717 354.80
1718 352.00
1719 354.80
1720 346.80
1721 345.60
1722 342.40
1723 338.40
1724 336.00
1725 335.20
1726 336.80
1727 340.40
1728 340.40
1729 342.80
1730 344.00
1731 341.60
1732 341.60
1733 344.80
1734 343.20
1735 343.20
1736 341.20
1737 346.00
1738 344.40
1739 340.40
1740 339.20
1741 340.00
1742 339.20
1743 338.00
1744 339.20
1745 335.60
1746 337.60
1747 338.00
1748 339.60
1749 345.60
1750 347.60
1751 348.00
1752 349.20
1753 347.20
1754 348.40
1755 349.20
1756 348.40
1757 348.40
1758 348.00
1759 345.20
1760 348.80
1761 350.40
1762 353.20
1763 353.20
1764 354.00
1765 352.40
1766 351.20
1767 350.80
1768 351.60
1769 350.80
1770 357.60
1771 357.60
1772 358.00
1773 358.00
1774 359.60
1775 359.60
1776 360.80
1777 360.40
1778 361.60
1779 360.80
1780 363.20
1781 363.60
1782 367.60
1783 364.40
1784 370.00
1785 369.60
1786 370.00
1787 366.00
1788 369.20
1789 369.60
1790 370.00
1791 369.20
1792 373.60
1793 372.80
1794 373.60
1795 378.00
1796 374.80
1797 374.40
1798 376.80
1799 373.20
1800 319.60
1801 321.20
1802 318.80
1803 316.80
1804 321.60
1805 324.40
1806 327.20
1807 326.80
1808 328.80
1809 330.80
1810 331.20
1811 329.60
1812 325.20
1813 330.40
1814 329.20
1815 326.80
1816 331.60
1817 330.00
1818 332.40
1819 336.80
1820 338.80
1821 340.00
1822 344.00
1823 348.00
1824 345.60
1825 342.00
1826 339.20
1827 344.80
1828 350.00
1829 344.40
1830 343.60
1831 340.40
1832 342.80
1833 342.00
1834 340.40
1835 342.00
1836 338.80
1837 340.40
1838 339.60
1839 339.20
1840 338.80
1841 335.60
1842 338.00
1843 343.60
1844 348.80
1845 344.40
1846 347.20
1847 346.80
1848 345.20
1849 344.00
1850 341.20
1851 340.40
1852 337.20
1853 337.20
1854 331.60
1855 331.60
1856 329.60
1857 325.60
1858 326.40
1859 322.80
1860 322.40
1861 326.00
1862 329.20
1863 325.20
1864 321.60
1865 324.00
1866 323.60
1867 324.40
1868 324.80
1869 320.80
1870 320.40
1871 320.40
1872 319.60
1873 319.60
1874 322.40
1875 327.20
1876 327.60
1877 324.80
1878 319.20
1879 321.60
1880 321.20
1881 325.60
1882 323.60
1883 324.00
1884 320.80
1885 320.00
1886 323.60
1887 320.80
1888 316.40
1889 320.80
1890 321.20
1891 324.80
1892 323.20
1893 323.20
1894 320.00
1895 323.60
1896 321.60
1897 317.20
1898 319.20
1899 320.40
1900 320.80
1901 320.80
1902 325.20
1903 324.40
1904 324.80
1905 325.20
1906 326.40
1907 330.00
1908 330.40
1909 333.60
1910 335.60
1911 335.60
1912 334.40
1913 338.80
1914 343.20
1915 342.00
1916 339.60
1917 340.80
1918 337.60
1919 341.20
1920 333.60
1921 329.20
1922 325.60
1923 323.60
1924 318.80
1925 316.40
1926 314.40
1927 312.40
1928 312.80
1929 316.00
1930 317.60
1931 316.40
1932 317.20
1933 316.80
1934 315.20
1935 311.20
1936 305.60
1937 310.80
1938 312.00
1939 308.00
1940 307.60
1941 308.40
1942 305.20
1943 301.20
1944 303.60
1945 300.80
1946 300.40
1947 305.20
1948 302.40
1949 300.40
1950 300.00
1951 299.20
1952 300.40
1953 303.20
1954 303.60
1955 300.40
1956 298.40
1957 299.20
1958 296.00
1959 294.40
1960 292.40
1961 290.40
1962 292.80
1963 287.20
1964 287.60
1965 288.80
1966 286.80
1967 286.40
1968 286.80
1969 282.80
1970 288.80
1971 292.00
1972 292.40
1973 290.40
1974 294.80
1975 296.00
1976 300.40
1977 299.60
1978 299.60
1979 299.60
1980 299.20
1981 299.20
1982 298.00
1983 298.80
1984 305.20
1985 308.40
1986 313.60
1987 309.60
1988 313.60
1989 313.60
1990 314.00
1991 312.80
1992 315.20
1993 313.60
1994 309.20
1995 312.80
1996 312.40
1997 312.40
1998 314.80
1999 316.80
2000 330.80
2001 332.40
2002 329.60
2003 328.00
2004 332.00
2005 336.00
2006 333.20
2007 336.40
2008 332.80
2009 336.80
2010 334.00
2011 332.40
2012 328.00
2013 327.60
2014 325.20
2015 328.40
2016 332.80
2017 331.20
2018 328.00
2019 325.60
2020 326.00
2021 330.40
2022 335.20
2023 335.60
2024 331.20
2025 331.20
2026 331.20
2027 332.40
2028 337.60
2029 336.40
2030 340.80
2031 338.40
2032 337.20
2033 340.40
2034 335.60
2035 338.00
2036 334.40
2037 339.60
2038 339.20
2039 340.80
2040 341.20
2041 337.60
2042 337.20
2043 342.80
2044 347.20
2045 343.60
2046 346.40
2047 350.00
2048 351.20
2049 352.00
2050 356.40
2051 356.80
2052 354.00
2053 354.00
2054 354.80
2055 354.40
2056 354.80
2057 352.40
2058 358.40
2059 359.20
2060 358.80
2061 358.80
2062 360.00
2063 355.20
2064 356.00
2065 351.60
2066 348.00
2067 348.00
2068 351.20
2069 350.00
2070 349.60
2071 349.60
2072 347.20
2073 350.80
2074 356.00
2075 360.80
2076 358.00
2077 353.20
2078 352.00
2079 353.60
2080 348.80
2081 356.00
2082 355.60
2083 352.40
2084 353.20
2085 352.00
2086 356.80
2087 352.40
2088 351.60
2089 355.60
2090 356.00
2091 359.20
2092 358.00
2093 358.00
2094 356.00
2095 358.40
2096 356.80
2097 353.60
2098 352.80
2099 357.20
2100 353.60
2101 348.80
2102 352.80
2103 352.40
2104 346.40
2105 346.00
2106 346.40
2107 348.40
2108 346.80
2109 347.20
2110 347.60
2111 352.00
2112 352.80
2113 357.60
2114 358.40
2115 358.40
2116 358.80
2117 360.80
2118 357.20
2119 361.20
2120 360.80
2121 356.40
2122 353.60
2123 350.00
2124 348.00
2125 343.60
2126 345.60
2127 348.80
2128 347.60
2129 347.20
2130 348.40
2131 346.40
2132 347.20
2133 347.20
2134 346.40
2135 342.80
2136 338.00
2137 341.60
2138 338.80
2139 335.20
2140 334.00
2141 334.80
2142 331.20
2143 329.60
2144 330.80
2145 327.60
2146 326.40
2147 330.00
2148 330.00
2149 328.80
2150 327.60
2151 330.40
2152 332.00
2153 334.00
2154 335.20
2155 332.00
2156 334.00
2157 331.20
2158 330.40
2159 325.20
2160 328.00
2161 325.20
2162 327.60
2163 328.00
2164 328.80
2165 330.00
2166 328.80
2167 328.40
2168 332.00
2169 331.60
2170 332.00
2171 332.00
2172 332.40
2173 332.00
2174 333.20
2175 332.80
2176 333.60
2177 334.00
2178 331.20
2179 331.20
2180 330.40
2181 327.60
2182 328.40
2183 328.40
2184 333.20
2185 335.60
2186 339.20
2187 334.80
2188 338.80
2189 336.80
2190 337.20
2191 336.80
2192 342.00
2193 338.00
2194 334.40
2195 338.80
2196 338.80
2197 334.80
2198 334.40
2199 330.40
2200 356.80
2201 358.40
2202 356.40
2203 355.60
2204 360.00
2205 362.40
2206 359.60
2207 360.40
2208 362.00
2209 366.00
2210 366.40
2211 363.20
2212 357.20
2213 357.20
2214 355.20
2215 353.20
2216 354.00
2217 352.80
2218 353.60
2219 351.20
2220 352.00
2221 350.40
2222 350.00
2223 350.40
2224 346.40
2225 342.80
2226 343.60
2227 348.80
2228 350.40
2229 352.80
2230 357.20
2231 356.40
2232 355.20
2233 354.80
2234 353.20
2235 354.40
2236 351.20
2237 350.80
2238 350.00
2239 351.20
2240 350.00
2241 347.20
2242 347.60
2243 352.80
2244 356.80
2245 355.60
2246 358.00
2247 361.20
2248 359.20
2249 361.60
2250 366.00
2251 366.00
2252 366.80
2253 368.40
2254 369.20
2255 369.20
2256 369.60
2257 366.80
2258 367.60
2259 368.00
2260 371.20
2261 374.40
2262 374.80
2263 372.00
2264 373.60
2265 373.60
2266 372.40
2267 368.80
2268 368.40
2269 373.60
2270 372.80
2271 375.60
2272 374.40
2273 373.60
2274 378.80
2275 384.00
2276 380.00
2277 374.00
2278 370.80
2279 368.80
2280 366.80
2281 372.40
2282 371.60
2283 372.00
2284 369.60
2285 365.60
2286 370.00
2287 366.40
2288 362.40
2289 364.80
2290 366.80
2291 370.00
2292 365.60
2293 365.60
2294 362.00
2295 362.40
2296 360.00
2297 356.80
2298 359.20
2299 362.00
2300 361.20
2301 360.80
2302 360.80
2303 357.20
2304 351.20
2305 351.60
2306 354.80
2307 357.60
2308 355.60
2309 351.60
2310 348.40
2311 346.80
2312 348.40
2313 350.80
2314 351.20
2315 354.00
2316 352.00
2317 357.20
2318 354.40
2319 351.20
2320 346.80
2321 345.20
2322 342.40
2323 338.80
2324 337.20
2325 332.40
2326 335.20
2327 336.40
2328 334.00
2329 338.40
2330 337.20
2331 334.80
2332 338.40
2333 338.40
2334 338.80
2335 342.40
2336 338.00
2337 341.60
2338 345.20
2339 340.80
2340 339.20
2341 340.00
2342 339.60
2343 338.00
2344 341.20
2345 338.00
2346 339.60
2347 343.20
2348 342.80
2349 340.80
2350 340.80
2351 339.60
2352 340.80
2353 343.60
2354 344.40
2355 341.60
2356 340.80
2357 340.00
2358 339.60
2359 339.20
2360 338.80
2361 340.40
2362 344.40
2363 344.80
2364 344.80
2365 344.00
2366 346.40
2367 346.00
2368 348.40
2369 348.80
2370 353.20
2371 353.60
2372 358.00
2373 362.00
2374 362.40
2375 365.60
2376 366.00
2377 365.60
2378 369.60
2379 364.80
2380 363.60
2381 361.20
2382 359.60
2383 359.60
2384 363.20
2385 362.40
2386 365.60
2387 366.00
2388 367.20
2389 368.00
2390 368.80
2391 367.60
2392 372.00
2393 368.40
2394 364.80
2395 368.80
2396 367.20
2397 363.60
2398 363.60
2399 360.40
2400 342.40
2401 344.00
2402 341.60
2403 340.40
2404 343.60
2405 343.20
2406 344.40
2407 344.80
2408 344.40
2409 346.80
2410 343.20
2411 345.60
2412 338.00
2413 344.40
2414 342.40
2415 343.20
2416 346.40
2417 343.60
2418 343.60
2419 340.40
2420 341.60
2421 345.20
2422 349.60
2423 351.60
2424 350.00
2425 347.60
2426 348.40
2427 349.60
2428 354.40
2429 359.60
2430 359.20
2431 353.60
2432 356.00
2433 359.60
2434 354.80
2435 356.40
2436 352.80
2437 351.20
2438 350.40
2439 345.60
2440 344.40
2441 342.00
2442 337.20
2443 343.60
2444 343.20
2445 342.40
2446 346.00
2447 346.00
2448 348.80
2449 350.80
2450 348.80
2451 348.40
2452 346.40
2453 348.00
2454 342.80
2455 342.40
2456 339.20
2457 337.60
2458 339.60
2459 340.00
2460 344.40
2461 344.00
2462 347.60
2463 344.80
2464 347.60
2465 346.40
2466 344.80
2467 345.20
2468 347.60
2469 347.20
2470 347.60
2471 347.60
2472 346.00
2473 347.20
2474 348.80
2475 352.80
2476 351.60
2477 349.20
2478 346.80
2479 344.80
2480 340.40
2481 347.60
2482 342.40
2483 340.40
2484 342.00
2485 340.00
2486 344.80
2487 345.60
2488 345.20
2489 350.00
2490 351.20
2491 354.00
2492 356.80
2493 356.00
2494 352.00
2495 352.00
2496 350.40
2497 350.00
2498 348.80
2499 343.60
2500 346.40
2501 344.80
2502 348.00
2503 348.80
2504 348.00
2505 348.40
2506 350.80
2507 351.60
2508 350.40
2509 348.40
2510 344.40
2511 342.40
2512 339.20
2513 341.60
2514 341.60
2515 344.00
2516 342.80
2517 345.60
2518 342.80
2519 345.60
2520 340.80
2521 339.20
2522 336.80
2523 333.20
2524 331.60
2525 326.00
2526 326.00
2527 323.20
2528 324.00
2529 328.00
2530 330.40
2531 330.00
2532 334.40
2533 333.20
2534 331.20
2535 331.60
2536 330.00
2537 332.80
2538 330.80
2539 326.40
2540 326.00
2541 327.60
2542 325.60
2543 322.40
2544 325.60
2545 322.40
2546 324.00
2547 324.80
2548 328.40
2549 333.20
2550 332.80
2551 333.20
2552 334.40
2553 333.20
2554 336.00
2555 336.40
2556 336.00
2557 336.40
2558 336.00
2559 335.20
2560 338.40
2561 338.40
2562 345.60
2563 339.60
2564 338.80
2565 336.80
2566 336.40
2567 336.00
2568 336.40
2569 337.20
2570 340.40
2571 338.40
2572 338.00
2573 338.40
2574 340.00
2575 344.00
2576 344.40
2577 348.40
2578 345.20
2579 338.00
2580 340.40
2581 339.20
2582 337.60
2583 337.20
2584 342.40
2585 342.40
2586 342.80
2587 340.80
2588 344.00
2589 348.40
2590 348.80
2591 346.80
2592 350.80
2593 348.40
2594 349.60
2595 353.60
2596 350.00
2597 349.60
2598 344.40
2599 342.80
2600 383.60
2601 385.20
2602 381.60
2603 378.00
2604 378.80
2605 381.60
2606 384.00
2607 386.00
2608 386.80
2609 390.00
2610 390.40
2611 386.80
2612 382.40
2613 382.00
2614 380.00
2615 378.80
2616 383.60
2617 381.20
2618 378.80
2619 376.40
2620 377.20
2621 380.40
2622 380.00
2623 384.40
2624 384.00
2625 385.20
2626 384.80
2627 386.40
2628 388.80
2629 387.20
2630 388.00
2631 386.00
2632 384.80
2633 388.00
2634 387.20
2635 388.80
2636 385.60
2637 389.60
2638 388.80
2639 384.80
2640 383.60
2641 380.80
2642 382.40
2643 388.00
2644 387.20
2645 386.80
2646 387.20
2647 386.80
2648 383.20
2649 384.80
2650 387.20
2651 386.80
2652 384.40
2653 384.00
2654 384.80
2655 384.80
2656 380.80
2657 378.40
2658 379.60
2659 380.80
2660 380.40
2661 384.00
2662 382.80
2663 378.00
2664 378.00
2665 375.60
2666 374.00
2667 375.20
2668 377.20
2669 382.00
2670 381.20
2671 381.60
2672 379.60
2673 379.20
2674 380.00
2675 380.40
2676 378.40
2677 377.20
2678 376.00
2679 377.20
2680 372.40
2681 376.40
2682 376.80
2683 377.60
2684 375.20
2685 372.80
2686 377.20
2687 376.80
2688 376.40
2689 379.60
2690 380.80
2691 383.20
2692 378.80
2693 378.80
2694 375.60
2695 374.40
2696 370.40
2697 370.80
2698 374.40
2699 377.60
2700 376.40
2701 376.00
2702 380.40
2703 383.60
2704 379.60
2705 381.60
2706 384.40
2707 386.00
2708 384.00
2709 382.00
2710 378.80
2711 376.80
2712 378.00
2713 382.80
2714 384.40
2715 388.40
2716 386.40
2717 388.00
2718 385.20
2719 379.60
2720 376.40
2721 374.80
2722 377.20
2723 373.60
2724 372.40
2725 367.60
2726 368.80
2727 367.60
2728 367.20
2729 368.80
2730 368.40
2731 363.60
2732 363.60
2733 362.00
2734 360.40
2735 361.60
2736 357.20
2737 358.40
2738 357.60
2739 353.60
2740 352.80
2741 354.00
2742 353.60
2743 352.00
2744 354.80
2745 352.80
2746 356.40
2747 356.40
2748 355.20
2749 353.60
2750 354.40
2751 353.60
2752 355.20
2753 356.00
2754 358.40
2755 353.60
2756 352.40
2757 351.20
2758 351.20
2759 348.80
2760 352.00
2761 354.00
2762 358.40
2763 358.80
2764 359.20
2765 358.80
2766 357.60
2767 357.20
2768 360.40
2769 363.60
2770 366.80
2771 364.80
2772 364.80
2773 364.40
2774 365.20
2775 368.40
2776 369.60
2777 370.40
2778 369.60
2779 368.40
2780 372.80
2781 375.60
2782 376.40
2783 374.00
2784 378.80
2785 378.40
2786 381.60
2787 376.80
2788 378.80
2789 383.60
2790 384.40
2791 383.60
2792 386.80
2793 382.80
2794 384.00
2795 387.60
2796 387.60
2797 387.60
2798 388.80
2799 385.60
2800 361.20
2801 363.20
2802 360.00
2803 358.80
2804 362.80
2805 365.20
2806 366.80
2807 368.00
2808 366.00
2809 364.80
2810 361.20
2811 358.80
2812 351.20
2813 350.40
2814 348.40
2815 346.40
2816 352.00
2817 350.40
2818 346.40
2819 348.80
2820 350.40
2821 353.60
2822 355.60
2823 356.80
2824 354.40
2825 349.60
2826 348.40
2827 349.60
2828 352.00
2829 349.20
2830 352.00
2831 346.40
2832 346.40
2833 345.60
2834 341.20
2835 346.00
2836 341.60
2837 344.00
2838 343.20
2839 344.40
2840 344.00
2841 344.00
2842 344.40
2843 346.40
2844 346.40
2845 344.80
2846 347.60
2847 348.80
2848 348.40
2849 351.20
2850 350.00
2851 349.60
2852 346.40
2853 342.40
2854 342.40
2855 341.60
2856 342.00
2857 340.40
2858 343.20
2859 342.00
2860 346.80
2861 350.40
2862 351.20
2863 350.40
2864 352.00
2865 352.80
2866 350.80
2867 350.80
2868 354.40
2869 354.40
2870 354.00
2871 355.60
2872 355.20
2873 356.40
2874 358.00
2875 363.20
2876 361.20
2877 359.20
2878 355.20
2879 356.40
2880 351.20
2881 358.40
2882 355.20
2883 354.80
2884 358.00
2885 356.00
2886 361.60
2887 362.80
2888 362.40
2889 364.80
2890 365.60
2891 366.00
2892 362.40
2893 362.40
2894 358.80
2895 359.60
2896 355.60
2897 354.80
2898 351.20
2899 346.40
2900 349.20
2901 347.20
2902 352.00
2903 356.80
2904 351.60
2905 351.60
2906 350.80
2907 351.20
2908 350.40
2909 351.60
2910 349.20
2911 347.20
2912 348.00
2913 350.00
2914 352.00
2915 353.60
2916 353.20
2917 356.00
2918 355.60
2919 356.00
2920 348.40
2921 347.20
2922 347.60
2923 344.00
2924 343.20
2925 339.20
2926 340.80
2927 342.40
2928 343.60
2929 345.20
2930 348.00
2931 343.20
2932 343.20
2933 340.80
2934 336.00
2935 334.00
2936 331.20
2937 333.20
2938 333.20
2939 329.20
2940 328.40
2941 329.60
2942 328.40
2943 326.00
2944 328.80
2945 327.60
2946 328.80
2947 330.00
2948 332.80
2949 338.80
2950 335.20
2951 335.60
2952 337.20
2953 337.60
2954 338.80
2955 337.20
2956 336.00
2957 336.00
2958 336.00
2959 337.20
2960 338.40
2961 339.20
2962 345.20
2963 344.80
2964 343.20
2965 342.80
2966 339.60
2967 338.40
2968 339.20
2969 336.40
2970 342.80
2971 339.20
2972 337.20
2973 338.40
2974 340.00
2975 343.60
2976 345.20
2977 344.40
2978 344.80
2979 344.80
2980 344.40
2981 347.60
2982 350.80
2983 354.40
2984 360.40
2985 359.60
2986 361.20
2987 355.60
2988 356.80
2989 357.20
2990 357.60
2991 356.00
2992 360.40
2993 360.80
2994 361.60
2995 363.60
2996 363.60
2997 362.00
2998 363.20
2999 359.20
