0 313.00
1 313.00
2 313.00
3 313.40
4 313.40
5 315.20
6 315.20
7 313.00
8 313.60
9 313.40
10 313.60
11 315.20
12 314.80
13 313.60
14 313.80
15 312.80
16 312.80
17 310.60
18 311.00
19 310.80
20 310.40
21 310.20
22 310.40
23 311.20
24 311.20
25 313.00
26 313.00
27 313.00
28 314.60
29 314.00
30 315.60
31 318.00
32 318.00
33 318.20
34 315.80
35 313.20
36 313.60
37 315.00
38 315.00
39 314.20
40 314.40
41 312.80
42 313.00
43 312.60
44 314.40
45 314.40
46 312.40
47 312.60
48 311.60
49 313.60
50 315.00
51 313.00
52 312.80
53 313.00
54 314.60
55 314.60
56 316.00
57 318.60
58 317.60
59 316.60
60 315.60
61 315.00
62 313.80
63 316.40
64 316.00
65 316.00
66 316.80
67 316.60
68 319.20
69 317.40
70 317.00
71 315.00
72 313.80
73 313.80
74 315.00
75 315.80
76 316.60
77 315.00
78 315.80
79 315.80
80 316.80
81 316.20
82 317.80
83 316.20
84 316.60
85 315.80
86 317.00
87 319.60
88 322.00
89 322.40
90 322.40
91 323.40
92 323.40
93 323.40
94 324.20
95 325.80
96 324.60
97 324.60
98 327.20
99 327.20
100 324.60
101 324.60
102 324.60
103 324.20
104 324.20
105 322.40
106 322.40
107 324.60
108 324.00
109 324.20
110 324.00
111 322.40
112 322.80
113 324.00
114 323.80
115 324.80
116 324.80
117 327.00
118 326.60
119 326.80
120 327.20
121 327.40
122 327.20
123 326.40
124 326.40
125 324.60
126 324.60
127 324.60
128 323.00
129 323.60
130 322.00
131 319.60
132 319.60
133 319.40
134 321.80
135 324.40
136 324.00
137 322.60
138 322.60
139 323.40
140 323.20
141 324.80
142 324.60
143 325.00
144 323.20
145 323.20
146 325.20
147 325.00
148 326.00
149 324.00
150 322.60
151 324.60
152 324.80
153 324.60
154 323.00
155 323.00
156 321.60
157 319.00
158 320.00
159 321.00
160 322.00
161 322.60
162 323.80
163 321.20
164 321.60
165 321.60
166 320.80
167 321.00
168 318.40
169 320.20
170 320.60
171 322.60
172 323.80
173 323.80
174 322.60
175 321.80
176 321.00
177 322.60
178 321.80
179 321.80
180 320.80
181 321.40
182 319.80
183 321.40
184 321.00
185 321.80
186 320.60
187 318.00
188 315.60
189 315.20
190 315.20
191 314.20
192 314.20
193 314.20
194 313.40
195 311.80
196 313.00
197 313.00
198 310.40
199 310.40
200 290.60
201 290.60
202 290.60
203 292.80
204 292.80
205 291.60
206 291.60
207 289.60
208 289.40
209 289.20
210 290.20
211 292.80
212 292.80
213 290.20
214 291.00
215 291.00
216 291.00
217 288.80
218 287.20
219 288.00
220 288.20
221 288.60
222 288.60
223 289.40
224 288.40
225 288.40
226 288.40
227 288.40
228 288.20
229 287.20
230 287.20
231 289.80
232 289.80
233 289.80
234 287.40
235 285.40
236 283.80
237 283.60
238 283.60
239 281.00
240 280.60
241 280.40
242 280.60
243 279.40
244 279.40
245 279.40
246 278.60
247 278.40
248 278.60
249 279.60
250 279.40
251 278.60
252 278.40
253 279.00
254 279.00
255 279.00
256 280.80
257 283.40
258 283.60
259 284.00
260 284.20
261 283.00
262 285.20
263 287.80
264 287.40
265 287.40
266 288.20
267 288.20
268 290.40
269 290.40
270 290.40
271 288.80
272 286.40
273 285.20
274 284.20
275 286.80
276 286.20
277 286.40
278 286.60
279 284.20
280 283.80
281 284.00
282 286.80
283 284.00
284 282.60
285 281.00
286 280.60
287 283.00
288 285.20
289 284.80
290 286.20
291 289.00
292 287.60
293 287.60
294 287.00
295 286.20
296 286.40
297 286.40
298 288.40
299 288.40
300 285.80
301 285.80
302 285.80
303 283.60
304 283.60
305 284.80
306 284.80
307 286.80
308 287.00
309 287.20
310 286.20
311 283.60
312 283.60
313 286.20
314 285.40
315 285.40
316 285.40
317 287.60
318 289.20
319 288.40
320 288.20
321 287.80
322 287.80
323 287.00
324 288.00
325 288.00
326 288.00
327 288.00
328 288.20
329 289.20
330 289.20
331 286.60
332 286.60
333 286.60
334 289.00
335 291.00
336 292.60
337 292.80
338 292.80
339 295.40
340 295.80
341 296.00
342 295.80
343 297.00
344 297.00
345 297.00
346 297.80
347 298.00
348 297.80
349 296.80
350 297.00
351 297.80
352 298.00
353 297.40
354 297.40
355 297.40
356 295.60
357 293.00
358 292.80
359 292.40
360 292.20
361 293.40
362 291.20
363 288.60
364 289.00
365 289.00
366 288.20
367 288.20
368 286.00
369 286.00
370 286.00
371 287.60
372 290.00
373 291.20
374 292.20
375 289.60
376 290.20
377 290.00
378 289.80
379 292.20
380 292.60
381 292.40
382 289.60
383 292.40
384 293.80
385 295.40
386 295.80
387 293.40
388 291.20
389 291.60
390 290.20
391 287.40
392 288.80
393 288.80
394 289.40
395 290.20
396 290.00
397 290.00
398 288.00
399 288.00
400 338.20
401 336.60
402 338.20
403 340.60
404 339.80
405 338.80
406 340.40
407 339.80
408 339.80
409 341.00
410 340.80
411 341.60
412 341.80
413 341.60
414 340.20
415 342.00
416 342.00
417 341.40
418 342.60
419 343.40
420 343.40
421 343.60
422 342.00
423 340.60
424 340.00
425 340.20
426 339.60
427 340.00
428 338.20
429 336.40
430 338.60
431 341.20
432 339.60
433 340.00
434 339.40
435 337.60
436 336.00
437 336.00
438 336.00
439 333.60
440 332.60
441 332.20
442 330.80
443 330.40
444 330.40
445 328.60
446 327.80
447 327.60
448 327.60
449 329.60
450 328.00
451 328.00
452 329.80
453 329.80
454 328.20
455 327.40
456 327.40
457 330.00
458 331.80
459 333.60
460 335.60
461 334.60
462 336.80
463 339.40
464 338.80
465 338.80
466 339.40
467 341.20
468 341.80
469 341.60
470 341.60
471 339.00
472 337.00
473 336.00
474 333.80
475 336.20
476 336.00
477 336.00
478 335.40
479 333.00
480 332.80
481 334.60
482 336.20
483 333.60
484 331.40
485 329.40
486 327.60
487 328.80
488 329.20
489 327.20
490 329.80
491 332.40
492 331.80
493 332.20
494 332.20
495 331.40
496 333.20
497 333.20
498 334.40
499 336.20
500 336.40
501 338.00
502 336.40
503 334.00
504 334.80
505 335.80
506 334.20
507 334.80
508 334.80
509 333.60
510 333.80
511 333.00
512 332.80
513 333.00
514 334.40
515 332.60
516 332.60
517 333.20
518 332.00
519 331.20
520 331.20
521 331.00
522 332.60
523 334.00
524 334.60
525 334.40
526 335.00
527 334.60
528 336.40
529 338.20
530 336.00
531 333.40
532 335.00
533 334.60
534 335.20
535 337.00
536 338.60
537 338.60
538 338.60
539 341.00
540 342.00
541 342.40
542 343.80
543 344.20
544 344.20
545 346.00
546 346.80
547 347.00
548 347.00
549 345.00
550 346.60
551 346.60
552 344.80
553 344.80
554 346.40
555 347.20
556 347.20
557 344.60
558 342.80
559 341.00
560 339.00
561 340.00
562 337.80
563 335.20
564 335.80
565 335.80
566 335.20
567 333.40
568 332.80
569 333.00
570 333.00
571 335.60
572 337.60
573 338.60
574 340.80
575 338.40
576 338.60
577 338.60
578 339.20
579 341.60
580 341.80
581 340.00
582 338.40
583 341.00
584 343.20
585 345.20
586 347.00
587 345.80
588 345.40
589 347.40
590 344.80
591 342.20
592 342.80
593 342.40
594 342.40
595 343.20
596 341.40
597 341.40
598 340.20
599 338.40
600 344.60
601 345.40
602 346.00
603 346.80
604 347.80
605 348.60
606 349.20
607 347.40
608 346.40
609 344.60
610 346.40
611 348.80
612 346.80
613 346.00
614 347.60
615 346.20
616 346.40
617 345.80
618 345.80
619 346.80
620 346.60
621 346.80
622 347.20
623 347.60
624 347.00
625 347.60
626 347.00
627 347.00
628 348.40
629 346.60
630 346.60
631 347.60
632 348.80
633 349.00
634 346.40
635 344.80
636 345.00
637 345.60
638 345.60
639 344.60
640 343.80
641 343.40
642 344.00
643 342.80
644 343.40
645 342.80
646 342.00
647 342.00
648 340.60
649 340.40
650 340.60
651 340.40
652 340.20
653 340.20
654 340.20
655 341.40
656 341.40
657 344.00
658 344.40
659 342.60
660 342.80
661 341.60
662 342.20
663 343.60
664 344.00
665 344.60
666 345.20
667 346.80
668 348.60
669 348.20
670 349.20
671 347.80
672 347.00
673 346.80
674 345.20
675 347.20
676 346.40
677 347.80
678 346.60
679 344.20
680 342.80
681 342.80
682 344.60
683 343.40
684 342.60
685 342.40
686 341.80
687 344.40
688 345.60
689 346.40
690 348.40
691 349.60
692 349.20
693 350.60
694 350.20
695 349.20
696 347.60
697 347.60
698 347.40
699 346.40
700 345.60
701 344.80
702 344.20
703 343.40
704 342.40
705 341.60
706 341.00
707 342.80
708 343.80
709 345.60
710 343.80
711 341.40
712 343.40
713 344.20
714 342.60
715 344.00
716 343.80
717 344.40
718 344.40
719 343.40
720 343.60
721 343.40
722 343.00
723 342.60
724 343.20
725 342.60
726 343.20
727 343.20
728 341.80
729 343.60
730 343.60
731 342.60
732 341.40
733 341.20
734 343.80
735 345.40
736 345.20
737 344.60
738 344.60
739 345.60
740 346.40
741 346.80
742 346.20
743 347.40
744 346.80
745 347.40
746 348.20
747 348.20
748 349.60
749 349.80
750 349.60
751 349.80
752 350.00
753 350.00
754 350.00
755 348.80
756 348.80
757 346.20
758 345.80
759 347.60
760 347.40
761 348.60
762 348.00
763 346.60
764 346.20
765 345.60
766 345.00
767 343.40
768 341.60
769 342.00
770 341.00
771 342.40
772 343.20
773 343.40
774 345.00
775 343.00
776 343.80
777 342.40
778 343.60
779 346.00
780 347.40
781 347.40
782 345.60
783 346.80
784 347.60
785 347.80
786 348.40
787 345.80
788 344.60
789 343.80
790 341.80
791 340.60
792 341.00
793 339.60
794 340.00
795 341.00
796 342.60
797 342.60
798 342.80
799 343.80
800 377.60
801 378.00
802 378.40
803 380.20
804 380.00
805 381.20
806 381.60
807 381.00
808 379.60
809 379.00
810 378.20
811 379.40
812 378.00
813 378.00
814 377.20
815 378.60
816 379.20
817 377.80
818 377.00
819 376.60
820 378.00
821 378.20
822 377.00
823 375.80
824 373.80
825 372.80
826 372.00
827 372.00
828 370.60
829 368.60
830 369.40
831 370.40
832 370.60
833 370.80
834 370.00
835 369.40
836 369.40
837 368.20
838 368.20
839 367.80
840 366.80
841 367.80
842 368.20
843 367.40
844 366.60
845 366.40
846 365.60
847 365.60
848 363.40
849 363.20
850 361.80
851 361.80
852 363.40
853 363.40
854 363.80
855 363.80
856 364.80
857 367.60
858 369.20
859 370.80
860 372.40
861 371.60
862 374.20
863 375.60
864 376.60
865 376.60
866 377.20
867 378.80
868 379.60
869 377.60
870 379.00
871 377.80
872 375.40
873 375.60
874 374.80
875 377.20
876 375.80
877 377.00
878 375.20
879 372.60
880 373.00
881 374.60
882 375.80
883 373.20
884 372.00
885 370.20
886 368.80
887 369.40
888 370.40
889 368.80
890 370.00
891 370.40
892 370.00
893 370.60
894 370.60
895 369.60
896 371.20
897 371.00
898 371.00
899 370.60
900 369.60
901 369.20
902 368.80
903 367.00
904 367.20
905 366.00
906 365.60
907 366.20
908 367.60
909 368.20
910 369.00
911 367.80
912 369.20
913 369.20
914 370.00
915 368.60
916 368.00
917 369.40
918 370.20
919 370.60
920 369.20
921 369.00
922 370.20
923 371.40
924 373.40
925 374.40
926 375.20
927 375.20
928 376.60
929 378.60
930 377.80
931 376.80
932 376.60
933 376.40
934 377.20
935 377.80
936 377.80
937 379.00
938 379.00
939 379.40
940 380.40
941 379.40
942 379.00
943 379.80
944 380.60
945 380.80
946 381.60
947 381.60
948 383.80
949 384.00
950 385.40
951 385.40
952 383.80
953 383.80
954 383.40
955 383.40
956 382.40
957 379.60
958 378.00
959 376.40
960 374.80
961 375.60
962 373.00
963 371.60
964 370.60
965 370.60
966 370.00
967 368.40
968 367.60
969 369.60
970 368.20
971 369.40
972 371.80
973 371.60
974 372.40
975 370.00
976 371.40
977 370.20
978 372.00
979 374.60
980 374.20
981 372.60
982 371.40
983 374.00
984 375.20
985 377.00
986 378.40
987 377.80
988 376.80
989 378.40
990 377.20
991 376.80
992 377.20
993 376.60
994 376.60
995 377.60
996 376.00
997 376.20
998 376.20
999 376.60
1000 384.00
1001 383.40
1002 384.20
1003 386.00
1004 386.60
1005 388.00
1006 389.20
1007 388.80
1008 387.40
1009 388.80
1010 389.00
1011 389.80
1012 390.20
1013 387.60
1014 386.60
1015 388.00
1016 388.40
1017 386.60
1018 386.20
1019 387.00
1020 388.00
1021 388.20
1022 386.40
1023 385.60
1024 383.20
1025 381.40
1026 380.40
1027 380.40
1028 378.80
1029 378.80
1030 379.80
1031 380.20
1032 379.60
1033 379.60
1034 379.20
1035 377.40
1036 378.60
1037 377.00
1038 377.20
1039 373.80
1040 372.80
1041 372.40
1042 372.60
1043 372.00
1044 371.40
1045 370.60
1046 369.00
1047 367.40
1048 365.60
1049 365.80
1050 366.40
1051 366.20
1052 368.20
1053 368.80
1054 369.00
1055 369.40
1056 370.60
1057 373.00
1058 374.80
1059 376.60
1060 378.20
1061 376.60
1062 379.20
1063 380.60
1064 380.00
1065 379.40
1066 380.20
1067 381.60
1068 382.20
1069 381.80
1070 382.60
1071 381.60
1072 378.80
1073 377.80
1074 378.40
1075 380.80
1076 382.40
1077 383.80
1078 382.00
1079 379.80
1080 381.80
1081 381.80
1082 382.20
1083 381.60
1084 380.20
1085 378.40
1086 376.40
1087 377.40
1088 378.00
1089 378.20
1090 379.00
1091 379.40
1092 379.00
1093 379.40
1094 379.00
1095 378.00
1096 379.80
1097 379.40
1098 380.60
1099 381.00
1100 379.40
1101 380.00
1102 379.20
1103 377.40
1104 376.80
1105 375.40
1106 374.20
1107 374.60
1108 376.00
1109 374.60
1110 374.40
1111 373.60
1112 373.20
1113 375.80
1114 376.80
1115 375.40
1116 375.00
1117 376.80
1118 377.20
1119 376.40
1120 375.40
1121 375.20
1122 377.00
1123 377.80
1124 380.20
1125 382.00
1126 383.00
1127 383.00
1128 384.60
1129 384.60
1130 383.60
1131 383.20
1132 383.80
1133 383.80
1134 384.20
1135 386.00
1136 384.80
1137 386.40
1138 386.20
1139 389.60
1140 390.60
1141 391.00
1142 390.80
1143 391.40
1144 392.00
1145 392.80
1146 394.40
1147 396.00
1148 397.80
1149 397.60
1150 397.00
1151 397.20
1152 395.20
1153 394.60
1154 394.40
1155 394.00
1156 392.80
1157 390.40
1158 388.60
1159 386.80
1160 385.20
1161 386.80
1162 384.20
1163 382.80
1164 383.40
1165 384.00
1166 383.20
1167 381.80
1168 381.20
1169 381.60
1170 380.80
1171 381.80
1172 384.60
1173 385.60
1174 385.00
1175 382.60
1176 381.00
1177 379.60
1178 381.40
1179 383.60
1180 381.60
1181 381.60
1182 381.20
1183 381.80
1184 383.20
1185 385.00
1186 387.00
1187 386.00
1188 385.40
1189 385.20
1190 384.40
1191 384.00
1192 384.40
1193 384.00
1194 384.40
1195 385.40
1196 383.60
1197 384.00
1198 382.80
1199 382.40
1200 340.80
1201 340.80
1202 342.60
1203 343.00
1204 344.00
1205 346.20
1206 345.60
1207 345.40
1208 344.40
1209 345.80
1210 347.20
1211 348.20
1212 348.80
1213 345.20
1214 345.60
1215 347.80
1216 348.20
1217 347.60
1218 347.20
1219 348.00
1220 347.20
1221 349.20
1222 347.60
1223 347.00
1224 344.60
1225 343.40
1226 342.20
1227 343.00
1228 340.80
1229 342.80
1230 342.80
1231 343.80
1232 344.60
1233 345.20
1234 343.60
1235 341.60
1236 340.20
1237 338.20
1238 338.20
1239 337.80
1240 337.40
1241 339.40
1242 339.20
1243 338.40
1244 338.20
1245 337.20
1246 335.60
1247 338.20
1248 336.40
1249 336.00
1250 336.40
1251 336.00
1252 336.00
1253 338.00
1254 335.80
1255 335.20
1256 336.40
1257 338.60
1258 341.20
1259 343.40
1260 346.20
1261 345.80
1262 349.60
1263 351.80
1264 352.80
1265 352.40
1266 353.20
1267 354.80
1268 355.60
1269 355.80
1270 356.00
1271 355.00
1272 352.00
1273 350.20
1274 353.40
1275 355.80
1276 357.60
1277 359.00
1278 357.00
1279 355.80
1280 357.20
1281 358.40
1282 358.80
1283 355.00
1284 353.20
1285 351.60
1286 349.40
1287 350.60
1288 350.80
1289 351.00
1290 352.20
1291 353.40
1292 353.00
1293 353.60
1294 355.60
1295 354.60
1296 356.20
1297 356.40
1298 357.60
1299 358.40
1300 356.60
1301 356.60
1302 354.80
1303 354.40
1304 353.40
1305 351.20
1306 351.80
1307 352.00
1308 353.00
1309 351.60
1310 350.20
1311 349.20
1312 348.60
1313 352.20
1314 351.80
1315 349.60
1316 349.20
1317 349.80
1318 350.20
1319 349.40
1320 350.20
1321 348.20
1322 349.80
1323 350.40
1324 352.80
1325 354.00
1326 355.20
1327 354.40
1328 356.60
1329 354.60
1330 354.60
1331 353.60
1332 352.80
1333 352.20
1334 353.80
1335 355.80
1336 357.20
1337 359.20
1338 359.20
1339 359.60
1340 360.00
1341 358.00
1342 358.20
1343 359.00
1344 359.20
1345 360.20
1346 361.80
1347 359.20
1348 361.00
1349 361.40
1350 361.00
1351 361.40
1352 361.40
1353 359.40
1354 361.60
1355 362.20
1356 361.00
1357 358.80
1358 356.20
1359 354.00
1360 351.20
1361 351.60
1362 347.80
1363 345.60
1364 344.60
1365 345.00
1366 344.20
1367 342.60
1368 341.80
1369 341.60
1370 341.40
1371 342.40
1372 345.40
1373 347.20
1374 344.00
1375 341.60
1376 339.80
1377 338.40
1378 340.40
1379 341.60
1380 340.20
1381 339.00
1382 338.60
1383 342.40
1384 344.20
1385 345.80
1386 348.00
1387 346.80
1388 346.60
1389 346.40
1390 345.20
1391 344.00
1392 344.40
1393 343.80
1394 341.80
1395 342.80
1396 341.20
1397 341.00
1398 339.80
1399 339.00
1400 359.80
1401 360.00
1402 360.60
1403 362.80
1404 363.20
1405 364.40
1406 364.40
1407 363.80
1408 362.20
1409 363.20
1410 362.80
1411 363.60
1412 362.20
1413 359.40
1414 359.20
1415 360.60
1416 360.80
1417 360.20
1418 361.00
1419 362.40
1420 363.80
1421 364.00
1422 361.80
1423 361.40
1424 359.80
1425 360.40
1426 360.60
1427 360.80
1428 359.20
1429 356.80
1430 357.00
1431 358.00
1432 358.40
1433 359.00
1434 358.40
1435 357.40
1436 356.80
1437 355.40
1438 355.20
1439 352.40
1440 351.20
1441 353.00
1442 351.60
1443 351.00
1444 350.20
1445 350.00
1446 349.20
1447 349.60
1448 350.20
1449 350.40
1450 348.80
1451 349.00
1452 350.40
1453 349.40
1454 349.60
1455 350.20
1456 350.60
1457 353.00
1458 351.80
1459 354.20
1460 356.40
1461 354.80
1462 357.20
1463 358.40
1464 357.60
1465 357.60
1466 358.40
1467 359.60
1468 360.20
1469 360.00
1470 361.00
1471 360.60
1472 358.20
1473 358.00
1474 358.80
1475 361.40
1476 363.00
1477 364.80
1478 363.40
1479 361.00
1480 362.80
1481 364.60
1482 365.80
1483 365.20
1484 364.20
1485 362.00
1486 360.00
1487 361.00
1488 361.80
1489 361.80
1490 362.20
1491 365.00
1492 364.20
1493 364.20
1494 363.80
1495 362.60
1496 364.80
1497 364.80
1498 366.00
1499 366.00
1500 364.40
1501 364.20
1502 363.60
1503 361.40
1504 361.00
1505 359.80
1506 359.80
1507 360.40
1508 362.00
1509 361.00
1510 361.40
1511 360.60
1512 362.00
1513 364.80
1514 365.00
1515 363.60
1516 363.40
1517 364.00
1518 363.20
1519 361.80
1520 360.40
1521 360.20
1522 362.40
1523 362.80
1524 364.40
1525 363.80
1526 363.60
1527 363.40
1528 365.00
1529 367.40
1530 367.20
1531 366.20
1532 365.80
1533 365.20
1534 365.80
1535 366.80
1536 367.40
1537 368.80
1538 369.00
1539 371.80
1540 373.00
1541 371.20
1542 372.60
1543 373.20
1544 374.00
1545 374.20
1546 375.00
1547 374.60
1548 374.00
1549 373.80
1550 375.40
1551 375.20
1552 373.80
1553 374.80
1554 374.60
1555 374.00
1556 373.60
1557 371.20
1558 372.40
1559 370.00
1560 367.80
1561 369.40
1562 367.00
1563 365.80
1564 366.60
1565 366.60
1566 365.80
1567 364.60
1568 364.00
1569 364.20
1570 363.20
1571 363.60
1572 366.00
1573 366.20
1574 365.40
1575 362.80
1576 361.20
1577 359.40
1578 360.80
1579 363.20
1580 361.40
1581 359.60
1582 358.40
1583 359.00
1584 360.00
1585 362.20
1586 364.20
1587 363.20
1588 362.40
1589 362.40
1590 362.00
1591 359.20
1592 360.00
1593 360.00
1594 360.40
1595 361.60
1596 359.40
1597 359.40
1598 358.20
1599 358.20
1600 354.80
1601 355.00
1602 356.20
1603 356.40
1604 357.80
1605 356.60
1606 359.20
1607 358.60
1608 358.20
1609 359.20
1610 359.40
1611 360.20
1612 360.80
1613 358.20
1614 356.80
1615 357.00
1616 355.00
1617 355.00
1618 354.60
1619 355.40
1620 358.40
1621 358.20
1622 356.20
1623 356.60
1624 353.60
1625 353.20
1626 353.80
1627 354.20
1628 352.20
1629 351.60
1630 353.00
1631 355.40
1632 355.40
1633 355.20
1634 354.80
1635 354.20
1636 355.20
1637 352.20
1638 352.20
1639 349.40
1640 348.20
1641 348.40
1642 348.60
1643 348.20
1644 348.60
1645 348.40
1646 347.40
1647 347.80
1648 348.60
1649 347.00
1650 345.20
1651 345.60
1652 347.40
1653 349.40
1654 349.60
1655 349.00
1656 351.00
1657 353.40
1658 355.60
1659 357.80
1660 357.00
1661 355.20
1662 356.00
1663 357.80
1664 357.40
1665 357.60
1666 358.40
1667 360.00
1668 360.20
1669 360.00
1670 359.60
1671 359.60
1672 356.40
1673 357.40
1674 360.40
1675 362.80
1676 364.20
1677 365.80
1678 364.00
1679 361.60
1680 360.40
1681 360.40
1682 364.00
1683 361.20
1684 358.60
1685 356.40
1686 354.00
1687 354.60
1688 353.60
1689 351.40
1690 353.60
1691 356.80
1692 356.20
1693 358.00
1694 359.40
1695 358.40
1696 361.00
1697 360.80
1698 362.80
1699 363.00
1700 361.20
1701 361.00
1702 359.80
1703 359.60
1704 358.20
1705 359.40
1706 356.80
1707 357.40
1708 357.80
1709 356.80
1710 356.60
1711 355.80
1712 355.20
1713 357.80
1714 359.20
1715 359.00
1716 361.00
1717 361.00
1718 361.40
1719 360.60
1720 357.60
1721 357.80
1722 359.80
1723 359.40
1724 362.40
1725 362.80
1726 362.20
1727 361.80
1728 363.80
1729 364.40
1730 363.00
1731 360.60
1732 360.60
1733 360.80
1734 361.20
1735 361.80
1736 360.80
1737 363.80
1738 363.80
1739 366.60
1740 367.80
1741 367.60
1742 367.40
1743 367.80
1744 367.40
1745 367.60
1746 368.60
1747 368.20
1748 367.40
1749 369.00
1750 370.80
1751 370.40
1752 368.60
1753 366.60
1754 366.40
1755 367.00
1756 365.00
1757 362.60
1758 360.40
1759 358.20
1760 359.00
1761 360.80
1762 360.00
1763 358.20
1764 358.60
1765 358.40
1766 357.60
1767 356.00
1768 355.80
1769 356.00
1770 356.40
1771 356.40
1772 359.60
1773 358.60
1774 355.60
1775 353.20
1776 351.80
1777 350.20
1778 352.00
1779 354.40
1780 355.60
1781 355.60
1782 352.00
1783 354.80
1784 357.40
1785 359.60
1786 362.00
1787 361.40
1788 362.40
1789 364.60
1790 362.40
1791 359.20
1792 359.80
1793 358.00
1794 356.60
1795 357.60
1796 355.00
1797 355.20
1798 353.20
1799 353.00
1800 371.20
1801 371.20
1802 371.80
1803 374.20
1804 375.00
1805 374.20
1806 374.40
1807 374.20
1808 373.00
1809 374.00
1810 372.80
1811 373.60
1812 373.80
1813 370.80
1814 369.40
1815 371.80
1816 373.00
1817 372.60
1818 373.60
1819 374.60
1820 373.80
1821 371.60
1822 369.60
1823 368.60
1824 365.60
1825 364.20
1826 363.40
1827 362.20
1828 360.40
1829 359.80
1830 360.80
1831 362.20
1832 361.20
1833 361.60
1834 361.20
1835 360.20
1836 358.40
1837 356.80
1838 356.80
1839 356.40
1840 353.80
1841 355.40
1842 354.00
1843 353.60
1844 352.20
1845 351.00
1846 350.20
1847 350.20
1848 350.60
1849 352.00
1850 349.80
1851 349.60
1852 351.40
1853 351.60
1854 349.60
1855 350.20
1856 351.00
1857 353.60
1858 355.60
1859 357.60
1860 360.00
1861 359.00
1862 361.60
1863 362.00
1864 362.80
1865 362.60
1866 361.20
1867 363.00
1868 363.40
1869 365.40
1870 366.60
1871 364.60
1872 362.00
1873 361.60
1874 363.80
1875 366.20
1876 363.80
1877 365.00
1878 364.80
1879 362.60
1880 364.00
1881 365.80
1882 366.20
1883 363.60
1884 362.00
1885 361.60
1886 359.40
1887 360.00
1888 361.20
1889 361.00
1890 361.80
1891 364.40
1892 364.00
1893 364.60
1894 364.00
1895 362.60
1896 364.80
1897 364.60
1898 364.80
1899 365.60
1900 365.20
1901 365.20
1902 364.60
1903 362.20
1904 361.40
1905 362.20
1906 362.00
1907 362.20
1908 363.40
1909 362.40
1910 363.60
1911 362.80
1912 362.60
1913 365.60
1914 367.00
1915 364.60
1916 363.40
1917 363.80
1918 362.80
1919 361.80
1920 362.60
1921 364.80
1922 366.80
1923 367.80
1924 370.80
1925 372.20
1926 373.00
1927 374.20
1928 376.00
1929 376.60
1930 375.60
1931 374.20
1932 375.20
1933 374.80
1934 375.20
1935 376.20
1936 378.00
1937 379.60
1938 379.60
1939 380.00
1940 382.60
1941 381.00
1942 382.40
1943 382.80
1944 384.20
1945 385.40
1946 386.20
1947 386.20
1948 385.80
1949 384.40
1950 386.60
1951 386.80
1952 385.00
1953 384.80
1954 386.80
1955 386.20
1956 385.40
1957 382.80
1958 380.80
1959 378.80
1960 376.40
1961 377.40
1962 374.80
1963 374.40
1964 373.60
1965 373.80
1966 375.20
1967 373.40
1968 373.00
1969 371.00
1970 369.80
1971 371.80
1972 374.40
1973 374.80
1974 372.60
1975 370.20
1976 372.60
1977 371.40
1978 371.60
1979 373.80
1980 372.40
1981 370.60
1982 370.20
1983 372.80
1984 374.40
1985 374.80
1986 377.00
1987 376.40
1988 375.20
1989 375.40
1990 374.60
1991 372.00
1992 372.40
1993 371.80
1994 372.40
1995 373.80
1996 371.60
1997 371.80
1998 371.60
1999 370.80
2000 370.60
2001 370.60
2002 371.20
2003 372.00
2004 373.20
2005 372.80
2006 373.80
2007 373.40
2008 374.80
2009 376.00
2010 376.20
2011 377.20
2012 377.00
2013 374.40
2014 372.80
2015 375.00
2016 375.80
2017 375.40
2018 376.60
2019 377.60
2020 378.80
2021 378.80
2022 376.40
2023 375.40
2024 372.80
2025 371.20
2026 370.80
2027 371.00
2028 369.20
2029 367.20
2030 368.40
2031 369.40
2032 368.80
2033 369.40
2034 368.80
2035 367.00
2036 364.40
2037 362.40
2038 362.20
2039 361.40
2040 360.00
2041 361.80
2042 360.20
2043 359.80
2044 359.00
2045 358.00
2046 357.60
2047 356.80
2048 357.00
2049 357.40
2050 355.60
2051 355.40
2052 357.20
2053 357.00
2054 355.00
2055 355.40
2056 353.40
2057 356.20
2058 358.00
2059 360.20
2060 362.40
2061 363.40
2062 366.20
2063 367.60
2064 368.40
2065 368.20
2066 366.80
2067 368.40
2068 368.80
2069 371.00
2070 372.20
2071 370.60
2072 368.00
2073 367.80
2074 370.40
2075 370.80
2076 368.40
2077 369.20
2078 368.00
2079 365.80
2080 365.00
2081 367.00
2082 369.40
2083 366.80
2084 365.40
2085 363.40
2086 361.40
2087 362.80
2088 363.60
2089 361.20
2090 362.40
2091 365.40
2092 364.80
2093 365.40
2094 364.80
2095 363.40
2096 365.40
2097 365.40
2098 366.40
2099 367.00
2100 366.40
2101 366.40
2102 365.80
2103 365.00
2104 363.80
2105 364.20
2106 363.20
2107 363.60
2108 362.20
2109 361.00
2110 360.80
2111 359.80
2112 360.00
2113 362.60
2114 364.20
2115 362.00
2116 361.20
2117 361.60
2118 360.40
2119 359.40
2120 358.20
2121 358.20
2122 360.60
2123 361.60
2124 364.20
2125 365.80
2126 366.20
2127 366.00
2128 367.80
2129 369.80
2130 368.60
2131 367.60
2132 368.20
2133 367.60
2134 368.20
2135 370.00
2136 372.60
2137 374.60
2138 374.80
2139 375.60
2140 377.00
2141 375.20
2142 376.80
2143 377.20
2144 378.00
2145 379.00
2146 379.40
2147 380.20
2148 380.00
2149 379.60
2150 381.40
2151 381.60
2152 379.80
2153 380.00
2154 382.00
2155 381.60
2156 383.60
2157 380.80
2158 379.00
2159 376.80
2160 374.60
2161 373.60
2162 370.80
2163 369.40
2164 368.60
2165 368.80
2166 370.20
2167 368.60
2168 368.20
2169 366.00
2170 364.80
2171 366.40
2172 369.00
2173 369.20
2174 366.60
2175 366.20
2176 368.60
2177 367.80
2178 369.00
2179 371.20
2180 372.00
2181 370.00
2182 367.60
2183 370.20
2184 371.60
2185 373.60
2186 375.60
2187 374.20
2188 373.40
2189 375.80
2190 374.60
2191 371.60
2192 372.20
2193 371.60
2194 372.20
2195 373.60
2196 371.60
2197 371.60
2198 370.60
2199 370.00
2200 376.00
2201 377.20
2202 378.00
2203 379.00
2204 380.00
2205 381.00
2206 378.60
2207 378.00
2208 375.80
2209 376.80
2210 374.20
2211 375.20
2212 374.40
2213 372.00
2214 370.60
2215 371.40
2216 372.20
2217 371.00
2218 371.60
2219 372.40
2220 372.40
2221 372.20
2222 370.40
2223 372.40
2224 369.80
2225 368.60
2226 369.60
2227 370.00
2228 368.80
2229 370.00
2230 370.60
2231 371.00
2232 371.20
2233 371.80
2234 371.60
2235 370.20
2236 369.60
2237 367.40
2238 367.40
2239 367.00
2240 365.40
2241 363.00
2242 364.80
2243 364.60
2244 363.60
2245 363.20
2246 362.40
2247 360.80
2248 360.40
2249 359.00
2250 358.40
2251 359.20
2252 358.80
2253 359.40
2254 359.20
2255 358.40
2256 357.20
2257 359.60
2258 359.40
2259 360.20
2260 358.40
2261 360.20
2262 363.20
2263 363.00
2264 362.80
2265 362.20
2266 361.20
2267 361.80
2268 362.60
2269 364.80
2270 367.00
2271 365.40
2272 362.80
2273 363.40
2274 360.80
2275 361.80
2276 360.80
2277 363.20
2278 363.60
2279 361.40
2280 360.20
2281 360.20
2282 360.80
2283 357.60
2284 356.40
2285 358.00
2286 358.40
2287 358.40
2288 359.20
2289 356.40
2290 357.80
2291 361.00
2292 360.20
2293 358.60
2294 356.40
2295 357.60
2296 360.00
2297 360.20
2298 361.00
2299 360.00
2300 357.80
2301 356.60
2302 355.80
2303 354.80
2304 353.80
2305 352.80
2306 355.20
2307 355.80
2308 358.00
2309 357.00
2310 359.60
2311 358.60
2312 359.40
2313 361.80
2314 363.20
2315 362.40
2316 361.60
2317 362.80
2318 362.20
2319 361.40
2320 361.40
2321 361.60
2322 363.40
2323 361.40
2324 364.00
2325 365.20
2326 364.20
2327 363.80
2328 365.00
2329 363.80
2330 363.20
2331 362.80
2332 362.60
2333 362.00
2334 362.20
2335 363.60
2336 364.20
2337 366.40
2338 366.40
2339 366.80
2340 368.40
2341 370.80
2342 369.00
2343 369.20
2344 370.20
2345 370.60
2346 371.40
2347 373.00
2348 373.40
2349 374.80
2350 375.40
2351 374.60
2352 375.00
2353 374.40
2354 374.60
2355 375.40
2356 376.60
2357 374.20
2358 374.40
2359 373.60
2360 375.40
2361 373.60
2362 370.60
2363 370.80
2364 371.00
2365 371.60
2366 372.60
2367 372.00
2368 371.20
2369 369.00
2370 366.80
2371 368.40
2372 371.00
2373 370.40
2374 373.00
2375 372.00
2376 373.00
2377 370.60
2378 370.20
2379 372.40
2380 373.60
2381 373.60
2382 373.00
2383 376.20
2384 377.40
2385 375.80
2386 375.40
2387 375.40
2388 374.60
2389 377.40
2390 376.00
2391 372.80
2392 373.60
2393 375.20
2394 377.40
2395 376.20
2396 373.80
2397 373.60
2398 372.80
2399 373.80
2400 392.60
2401 393.60
2402 393.80
2403 394.80
2404 395.80
2405 396.80
2406 397.60
2407 397.00
2408 395.60
2409 396.80
2410 397.00
2411 398.00
2412 398.60
2413 395.60
2414 394.00
2415 394.60
2416 395.00
2417 394.40
2418 395.60
2419 396.40
2420 395.80
2421 396.00
2422 394.00
2423 394.60
2424 392.00
2425 390.80
2426 390.20
2427 389.00
2428 389.00
2429 390.60
2430 390.20
2431 391.00
2432 390.60
2433 391.20
2434 391.00
2435 390.20
2436 389.60
2437 387.40
2438 386.40
2439 386.00
2440 383.40
2441 383.40
2442 383.40
2443 383.20
2444 381.60
2445 380.60
2446 379.80
2447 379.60
2448 378.20
2449 377.80
2450 375.80
2451 376.40
2452 378.00
2453 379.60
2454 377.60
2455 377.60
2456 378.40
2457 380.80
2458 380.60
2459 378.80
2460 379.00
2461 377.20
2462 380.20
2463 380.80
2464 380.20
2465 380.60
2466 379.60
2467 381.40
2468 381.80
2469 383.60
2470 384.80
2471 383.40
2472 380.60
2473 380.20
2474 380.60
2475 383.00
2476 382.80
2477 384.60
2478 382.80
2479 380.60
2480 379.20
2481 381.40
2482 381.60
2483 380.80
2484 379.20
2485 377.00
2486 377.00
2487 378.60
2488 379.00
2489 376.80
2490 377.60
2491 380.80
2492 380.40
2493 379.60
2494 378.80
2495 380.00
2496 382.40
2497 382.00
2498 383.40
2499 384.00
2500 383.40
2501 382.40
2502 382.20
2503 381.20
2504 380.20
2505 379.20
2506 378.40
2507 379.00
2508 380.40
2509 379.20
2510 379.00
2511 378.00
2512 377.40
2513 380.40
2514 382.00
2515 381.40
2516 381.00
2517 381.60
2518 380.40
2519 379.60
2520 380.20
2521 380.00
2522 382.00
2523 381.40
2524 384.00
2525 385.20
2526 385.80
2527 387.00
2528 387.00
2529 385.40
2530 385.80
2531 385.00
2532 385.40
2533 384.80
2534 385.00
2535 385.80
2536 386.40
2537 388.60
2538 389.60
2539 390.00
2540 392.60
2541 392.60
2542 392.60
2543 392.80
2544 394.40
2545 395.40
2546 396.20
2547 396.40
2548 397.80
2549 398.20
2550 400.20
2551 399.60
2552 398.00
2553 396.40
2554 398.40
2555 398.40
2556 397.60
2557 395.20
2558 395.40
2559 397.20
2560 397.00
2561 398.80
2562 395.80
2563 395.20
2564 395.80
2565 395.40
2566 396.40
2567 394.60
2568 394.20
2569 392.40
2570 391.20
2571 392.60
2572 395.40
2573 395.80
2574 395.40
2575 393.00
2576 393.20
2577 391.40
2578 393.20
2579 395.40
2580 396.80
2581 394.60
2582 394.40
2583 395.20
2584 396.80
2585 399.00
2586 399.00
2587 397.40
2588 397.00
2589 399.20
2590 398.40
2591 395.20
2592 395.60
2593 396.40
2594 397.20
2595 396.00
2596 393.60
2597 394.00
2598 392.60
2599 392.00
2600 351.80
2601 351.00
2602 352.00
2603 355.00
2604 357.60
2605 358.40
2606 358.40
2607 357.80
2608 357.00
2609 359.20
2610 357.40
2611 358.60
2612 359.60
2613 356.80
2614 355.00
2615 356.20
2616 356.00
2617 353.00
2618 353.80
2619 354.80
2620 353.60
2621 351.20
2622 349.20
2623 351.80
2624 348.80
2625 348.40
2626 347.40
2627 347.20
2628 347.00
2629 346.00
2630 344.60
2631 345.40
2632 345.20
2633 346.20
2634 345.40
2635 344.20
2636 343.20
2637 342.80
2638 342.60
2639 339.80
2640 337.20
2641 338.20
2642 339.80
2643 339.40
2644 338.00
2645 337.40
2646 336.20
2647 335.60
2648 337.80
2649 338.80
2650 338.40
2651 341.20
2652 341.00
2653 341.20
2654 340.80
2655 342.60
2656 340.20
2657 343.00
2658 343.20
2659 342.80
2660 343.00
2661 344.80
2662 347.80
2663 347.60
2664 344.20
2665 344.40
2666 343.40
2667 346.20
2668 347.00
2669 349.60
2670 347.20
2671 345.40
2672 342.60
2673 342.20
2674 340.00
2675 342.60
2676 340.40
2677 342.80
2678 342.20
2679 341.80
2680 342.60
2681 344.40
2682 346.40
2683 345.60
2684 343.20
2685 345.20
2686 347.00
2687 347.60
2688 348.20
2689 347.00
2690 348.00
2691 351.20
2692 350.40
2693 352.20
2694 351.60
2695 350.80
2696 348.60
2697 348.80
2698 347.00
2699 348.20
2700 347.60
2701 348.40
2702 347.40
2703 344.40
2704 341.80
2705 341.00
2706 341.00
2707 341.60
2708 342.40
2709 340.20
2710 342.00
2711 340.80
2712 339.80
2713 342.60
2714 344.40
2715 343.20
2716 343.40
2717 346.40
2718 345.60
2719 344.60
2720 345.80
2721 348.20
2722 350.20
2723 347.60
2724 350.60
2725 351.00
2726 352.00
2727 352.20
2728 352.40
2729 353.40
2730 354.80
2731 354.00
2732 354.20
2733 353.20
2734 354.00
2735 355.20
2736 356.20
2737 356.60
2738 356.80
2739 359.60
2740 362.20
2741 361.20
2742 359.60
2743 360.00
2744 361.40
2745 362.00
2746 363.20
2747 363.80
2748 361.60
2749 360.60
2750 361.00
2751 358.20
2752 358.40
2753 358.20
2754 358.60
2755 356.80
2756 359.20
2757 356.40
2758 356.20
2759 356.60
2760 356.40
2761 354.60
2762 351.60
2763 351.80
2764 355.20
2765 355.00
2766 356.00
2767 353.20
2768 352.40
2769 349.80
2770 352.20
2771 354.00
2772 356.80
2773 357.20
2774 359.40
2775 356.80
2776 359.00
2777 356.60
2778 357.20
2779 357.60
2780 356.80
2781 355.00
2782 353.00
2783 353.80
2784 356.20
2785 354.20
2786 352.40
2787 351.80
2788 351.20
2789 352.40
2790 351.40
2791 348.20
2792 349.00
2793 347.20
2794 347.80
2795 348.60
2796 350.80
2797 350.60
2798 352.40
2799 351.20
2800 398.40
2801 398.40
2802 398.80
2803 399.60
2804 400.00
2805 399.20
2806 399.20
2807 398.60
2808 397.00
2809 398.00
2810 397.80
2811 398.40
2812 398.20
2813 397.00
2814 395.80
2815 396.40
2816 396.80
2817 396.20
2818 395.80
2819 396.40
2820 396.60
2821 396.80
2822 394.60
2823 395.20
2824 392.60
2825 392.00
2826 392.40
2827 392.40
2828 392.20
2829 392.20
2830 391.80
2831 392.60
2832 391.80
2833 393.00
2834 392.60
2835 392.20
2836 389.20
2837 389.00
2838 388.80
2839 385.60
2840 383.20
2841 383.80
2842 383.40
2843 383.20
2844 382.20
2845 382.00
2846 381.20
2847 381.80
2848 380.60
2849 380.00
2850 378.60
2851 376.80
2852 377.20
2853 379.20
2854 378.60
2855 379.60
2856 378.80
2857 381.20
2858 381.20
2859 382.00
2860 382.40
2861 380.60
2862 383.20
2863 383.60
2864 383.00
2865 382.40
2866 381.40
2867 383.20
2868 383.40
2869 386.40
2870 388.00
2871 386.00
2872 383.00
2873 384.00
2874 385.20
2875 386.60
2876 385.80
2877 387.80
2878 387.00
2879 385.00
2880 385.60
2881 386.20
2882 387.00
2883 386.00
2884 384.60
2885 384.40
2886 383.80
2887 384.40
2888 385.00
2889 384.20
2890 385.20
2891 385.80
2892 385.00
2893 383.80
2894 384.40
2895 383.60
2896 384.20
2897 384.40
2898 386.20
2899 384.80
2900 382.00
2901 382.00
2902 381.60
2903 380.80
2904 380.40
2905 381.20
2906 381.20
2907 381.80
2908 383.40
2909 382.40
2910 382.60
2911 382.00
2912 382.20
2913 383.40
2914 384.60
2915 384.00
2916 383.60
2917 384.20
2918 384.60
2919 384.00
2920 383.80
2921 383.60
2922 385.80
2923 385.20
2924 387.80
2925 388.40
2926 388.00
2927 388.00
2928 388.20
2929 388.20
2930 388.60
2931 387.80
2932 388.60
2933 387.40
2934 387.80
2935 388.20
2936 391.20
2937 391.40
2938 391.60
2939 394.80
2940 397.20
2941 396.60
2942 397.00
2943 397.20
2944 398.20
2945 398.40
2946 399.20
2947 398.60
2948 399.80
2949 400.40
2950 401.80
2951 403.60
2952 403.20
2953 401.20
2954 401.80
2955 400.80
2956 401.60
2957 399.20
2958 399.20
2959 398.40
2960 398.00
2961 399.80
2962 397.20
2963 396.80
2964 397.40
2965 398.00
2966 399.00
2967 397.20
2968 397.00
2969 394.00
2970 392.40
2971 394.40
2972 397.40
2973 396.40
2974 395.20
2975 393.80
2976 394.60
2977 392.60
2978 393.40
2979 395.40
2980 394.80
2981 394.20
2982 393.40
2983 394.40
2984 395.80
2985 396.00
2986 396.60
2987 396.00
2988 395.40
2989 396.20
2990 395.20
2991 394.60
2992 395.40
2993 396.60
2994 396.00
2995 396.80
2996 396.20
2997 396.00
2998 394.20
2999 395.60
