0 -0.16
20 -0.14
40 -0.02
60 0.01
80 0.23
100 0.25
120 0.20
140 0.37
160 0.20
180 0.04
200 0.09
220 -0.10
240 -0.07
260 0.26
280 0.22
300 0.15
320 0.29
340 0.16
360 -0.10
380 0.26
400 0.26
420 0.27
440 0.21
460 0.29
480 0.14
500 0.06
520 0.22
540 0.07
560 0.00
580 0.10
600 0.24
620 0.16
640 0.25
660 0.13
680 0.06
700 0.15
720 0.22
740 0.28
760 0.24
780 0.05
800 0.39
820 0.41
840 0.40
860 0.39
880 0.45
900 0.36
920 0.24
940 0.32
960 0.39
980 0.41
1000 0.34
1020 0.36
1040 0.21
1060 0.36
1080 0.37
1100 0.27
1120 0.37
1140 0.34
1160 0.44
1180 0.41
1200 0.34
1220 0.26
1240 0.32
1260 0.36
1280 0.37
1300 0.34
1320 0.40
1340 0.42
1360 0.41
1380 0.42
1400 0.28
1420 0.41
1440 0.38
1460 0.32
1480 0.41
1500 0.43
1520 0.29
1540 0.40
1560 0.40
1580 0.41
1600 0.37
1620 0.31
1640 0.35
1660 0.41
1680 0.35
1700 0.31
1720 0.40
1740 0.39
1760 0.41
1780 0.36
1800 0.44
1820 0.40
1840 0.22
1860 0.41
1880 0.37
1900 0.38
1920 0.31
1940 0.37
1960 0.36
1980 0.38
