0 300.40
1 300.40
2 300.20
3 300.20
4 300.20
5 302.80
6 303.20
7 300.60
8 298.20
9 298.00
10 298.40
11 299.00
12 299.20
13 299.20
14 299.20
15 301.20
16 301.20
17 299.20
18 297.60
19 297.60
20 297.60
21 297.60
22 298.00
23 298.60
24 299.20
25 301.80
26 301.80
27 300.20
28 300.20
29 300.20
30 299.80
31 297.60
32 297.60
33 297.40
34 299.40
35 301.80
36 301.80
37 301.80
38 301.80
39 301.80
40 301.80
41 304.40
42 304.40
43 304.40
44 306.40
45 305.80
46 303.20
47 302.20
48 304.80
49 304.60
50 305.80
51 308.20
52 308.20
53 309.00
54 309.40
55 310.00
56 310.00
57 310.20
58 310.00
59 312.60
60 312.20
61 314.20
62 314.20
63 316.00
64 313.40
65 310.80
66 308.20
67 308.20
68 308.20
69 310.40
70 310.40
71 313.00
72 313.00
73 312.60
74 314.60
75 312.80
76 312.80
77 312.20
78 312.20
79 312.20
80 312.00
81 313.20
82 313.80
83 313.80
84 313.40
85 310.80
86 310.80
87 310.80
88 310.80
89 310.80
90 310.80
91 310.80
92 313.40
93 315.40
94 317.40
95 319.40
96 318.80
97 319.60
98 322.20
99 319.60
100 321.60
101 321.60
102 321.80
103 321.80
104 321.80
105 319.20
106 318.80
107 321.40
108 323.80
109 324.00
110 323.60
111 323.00
112 322.80
113 322.80
114 322.80
115 320.80
116 320.80
117 322.80
118 324.40
119 324.40
120 324.40
121 324.40
122 324.00
123 323.40
124 322.80
125 320.20
126 320.20
127 321.80
128 321.80
129 321.80
130 322.20
131 324.40
132 324.40
133 324.60
134 322.60
135 320.20
136 320.20
137 320.20
138 320.20
139 320.20
140 320.20
141 317.60
142 317.60
143 317.60
144 315.60
145 316.20
146 318.80
147 319.80
148 317.20
149 317.40
150 316.20
151 313.80
152 313.80
153 313.00
154 312.60
155 312.00
156 312.00
157 311.80
158 312.00
159 309.40
160 309.80
161 307.80
162 307.80
163 306.00
164 308.60
165 311.20
166 313.80
167 313.80
168 313.80
169 311.60
170 311.60
171 309.00
172 309.00
173 309.40
174 307.40
175 309.20
176 309.20
177 309.80
178 309.80
179 309.80
180 310.00
181 308.80
182 308.20
183 308.20
184 308.60
185 311.20
186 311.20
187 311.20
188 311.20
189 311.20
190 311.20
191 311.20
192 308.60
193 306.60
194 304.60
195 302.60
196 303.20
197 302.40
198 299.80
199 302.40
200 314.00
201 315.00
202 315.00
203 314.80
204 316.40
205 318.40
206 318.00
207 319.00
208 320.00
209 322.60
210 323.60
211 324.00
212 324.00
213 325.20
214 324.20
215 325.20
216 325.20
217 326.00
218 329.20
219 326.60
220 324.80
221 324.80
222 324.00
223 323.60
224 324.80
225 326.40
226 326.40
227 327.20
228 327.20
229 327.20
230 328.40
231 328.00
232 329.40
233 327.80
234 328.60
235 330.60
236 330.60
237 329.00
238 329.00
239 329.60
240 329.40
241 330.80
242 330.00
243 331.60
244 328.60
245 325.80
246 325.20
247 325.60
248 326.60
249 327.40
250 326.00
251 327.00
252 326.60
253 326.00
254 326.60
255 329.20
256 327.80
257 326.60
258 326.00
259 327.40
260 329.80
261 331.20
262 332.80
263 332.20
264 331.00
265 328.40
266 329.00
267 327.20
268 327.00
269 328.20
270 327.60
271 329.00
272 330.20
273 329.20
274 330.00
275 329.60
276 328.00
277 328.60
278 326.60
279 326.60
280 327.00
281 327.00
282 327.20
283 327.20
284 326.40
285 325.00
286 325.00
287 326.00
288 322.80
289 324.40
290 324.40
291 324.40
292 324.80
293 324.20
294 323.60
295 323.00
296 322.00
297 323.00
298 325.40
299 325.00
300 323.20
301 322.20
302 322.20
303 322.40
304 320.80
305 318.80
306 319.20
307 318.20
308 317.20
309 314.60
310 313.60
311 313.20
312 313.20
313 312.00
314 313.00
315 312.00
316 312.00
317 311.20
318 308.00
319 310.60
320 312.40
321 312.40
322 313.20
323 313.60
324 312.40
325 310.80
326 310.80
327 310.00
328 310.00
329 310.00
330 308.80
331 309.20
332 307.80
333 309.40
334 308.60
335 306.60
336 306.60
337 308.20
338 308.20
339 307.60
340 307.80
341 306.40
342 307.20
343 305.60
344 308.60
345 311.40
346 312.00
347 311.60
348 310.60
349 309.80
350 311.20
351 310.20
352 310.60
353 311.20
354 310.60
355 308.00
356 309.40
357 310.60
358 311.20
359 309.80
360 307.40
361 306.00
362 304.40
363 305.00
364 306.20
365 308.80
366 308.20
367 310.00
368 310.20
369 309.00
370 309.60
371 308.20
372 307.00
373 308.00
374 307.20
375 307.60
376 309.20
377 308.60
378 310.60
379 310.60
380 310.20
381 310.20
382 310.00
383 310.00
384 310.80
385 312.20
386 312.20
387 311.20
388 314.40
389 312.80
390 312.80
391 312.80
392 312.40
393 313.00
394 313.60
395 314.20
396 315.20
397 314.20
398 311.80
399 312.20
400 320.20
401 320.20
402 318.20
403 318.20
404 320.20
405 323.60
406 323.20
407 323.40
408 322.00
409 321.40
410 321.00
411 320.00
412 320.40
413 317.80
414 318.40
415 318.00
416 318.60
417 316.80
418 315.00
419 314.40
420 315.80
421 315.40
422 316.80
423 317.60
424 319.80
425 321.40
426 323.00
427 321.40
428 321.60
429 321.60
430 322.20
431 322.20
432 324.60
433 323.60
434 324.20
435 327.20
436 326.00
437 325.60
438 324.60
439 324.80
440 325.60
441 325.20
442 323.80
443 322.40
444 322.40
445 322.20
446 321.80
447 321.20
448 321.60
449 320.80
450 323.20
451 325.80
452 325.00
453 324.00
454 323.60
455 324.60
456 326.40
457 326.20
458 326.80
459 327.00
460 326.80
461 328.40
462 328.80
463 328.80
464 325.80
465 324.00
466 321.60
467 320.60
468 320.60
469 322.80
470 322.80
471 323.80
472 326.20
473 325.00
474 325.20
475 323.00
476 323.60
477 322.40
478 324.20
479 323.60
480 324.40
481 325.40
482 324.20
483 325.40
484 326.20
485 324.60
486 325.00
487 325.20
488 324.60
489 323.80
490 323.80
491 325.80
492 326.20
493 329.20
494 329.60
495 331.80
496 331.20
497 331.40
498 332.20
499 331.40
500 332.60
501 332.60
502 334.60
503 334.60
504 332.60
505 329.20
506 329.60
507 329.40
508 330.80
509 331.40
510 331.80
511 332.80
512 332.40
513 335.00
514 334.40
515 334.80
516 334.20
517 336.00
518 337.80
519 338.40
520 337.00
521 337.40
522 336.00
523 335.20
524 333.00
525 331.40
526 329.80
527 331.40
528 331.20
529 331.20
530 330.60
531 330.60
532 328.20
533 329.20
534 328.60
535 325.60
536 326.80
537 327.20
538 328.20
539 328.00
540 327.20
541 327.60
542 329.00
543 330.40
544 330.40
545 330.60
546 331.00
547 331.60
548 331.20
549 332.00
550 329.60
551 327.00
552 327.80
553 328.80
554 329.20
555 328.20
556 326.40
557 326.60
558 326.00
559 325.80
560 326.00
561 324.40
562 324.00
563 324.00
564 327.00
565 328.80
566 331.20
567 332.20
568 332.20
569 330.00
570 330.00
571 329.00
572 326.60
573 327.80
574 327.60
575 329.80
576 329.20
577 330.40
578 328.60
579 329.20
580 328.40
581 327.40
582 328.60
583 327.40
584 326.60
585 328.20
586 327.80
587 327.60
588 328.20
589 329.00
590 329.00
591 327.00
592 326.60
593 323.60
594 323.20
595 321.00
596 321.60
597 321.40
598 320.60
599 321.40
600 302.80
601 303.00
602 302.40
603 303.80
604 304.60
605 305.20
606 306.20
607 307.20
608 305.80
609 305.40
610 306.00
611 306.60
612 308.80
613 306.20
614 306.40
615 307.40
616 306.20
617 306.40
618 304.80
619 304.20
620 306.40
621 306.00
622 306.80
623 308.60
624 309.20
625 310.80
626 310.60
627 310.80
628 311.40
629 309.40
630 309.20
631 309.40
632 311.00
633 309.60
634 309.60
635 311.80
636 311.60
637 311.20
638 311.40
639 309.80
640 310.60
641 313.00
642 312.80
643 313.80
644 312.60
645 312.60
646 310.80
647 310.60
648 310.00
649 310.20
650 309.40
651 308.40
652 310.40
653 310.40
654 310.40
655 311.40
656 313.00
657 311.20
658 313.00
659 313.80
660 314.40
661 315.40
662 315.80
663 317.20
664 314.60
665 313.60
666 310.60
667 310.40
668 310.80
669 312.40
670 311.80
671 313.60
672 315.20
673 314.40
674 314.20
675 314.40
676 313.40
677 312.60
678 312.40
679 312.60
680 313.00
681 312.00
682 312.80
683 313.20
684 312.00
685 309.40
686 311.60
687 312.60
688 312.60
689 313.40
690 313.00
691 313.60
692 313.60
693 315.80
694 316.60
695 318.80
696 316.00
697 317.60
698 320.00
699 317.80
700 318.20
701 318.00
702 318.60
703 317.20
704 316.40
705 315.80
706 314.80
707 313.80
708 315.20
709 315.60
710 315.00
711 314.40
712 312.20
713 314.80
714 314.60
715 313.60
716 314.80
717 314.60
718 316.20
719 316.80
720 314.60
721 315.00
722 314.20
723 312.40
724 311.80
725 310.20
726 310.40
727 310.20
728 309.60
729 311.60
730 311.80
731 311.60
732 310.00
733 311.40
734 311.40
735 309.20
736 309.40
737 309.80
738 309.60
739 311.20
740 310.40
741 308.00
742 308.20
743 307.20
744 308.40
745 308.40
746 310.20
747 310.40
748 311.00
749 310.80
750 311.60
751 312.60
752 310.60
753 310.60
754 310.60
755 309.60
756 308.00
757 309.80
758 308.00
759 307.20
760 306.60
761 305.60
762 305.20
763 303.80
764 306.40
765 307.40
766 310.40
767 310.60
768 310.20
769 308.60
770 309.20
771 307.40
772 305.80
773 306.60
774 306.80
775 306.60
776 307.60
777 308.40
778 308.60
779 308.40
780 308.00
781 309.00
782 308.20
783 307.80
784 309.00
785 311.60
786 309.40
787 308.40
788 308.40
789 307.60
790 308.00
791 307.40
792 307.40
793 305.20
794 304.40
795 302.20
796 305.00
797 303.40
798 301.00
799 303.20
800 344.60
801 345.20
802 343.20
803 344.60
804 343.20
805 344.00
806 344.40
807 344.80
808 345.00
809 344.80
810 344.60
811 343.00
812 345.00
813 343.60
814 345.40
815 345.00
816 345.20
817 343.20
818 343.00
819 342.40
820 343.60
821 343.20
822 343.40
823 343.60
824 345.80
825 347.40
826 347.60
827 347.80
828 347.20
829 348.80
830 347.80
831 348.60
832 349.00
833 348.00
834 347.80
835 349.20
836 349.20
837 349.00
838 349.20
839 348.80
840 348.60
841 350.40
842 348.60
843 348.80
844 348.00
845 347.40
846 346.60
847 346.20
848 345.60
849 345.60
850 346.20
851 346.60
852 347.20
853 347.20
854 347.80
855 348.80
856 350.60
857 349.80
858 350.00
859 351.60
860 351.80
861 352.40
862 352.00
863 353.40
864 350.80
865 348.40
866 346.20
867 345.00
868 345.00
869 346.40
870 346.20
871 348.40
872 347.60
873 347.40
874 346.60
875 346.60
876 347.00
877 346.20
878 347.00
879 346.80
880 347.40
881 348.40
882 350.20
883 349.80
884 348.00
885 345.80
886 347.00
887 348.00
888 348.00
889 348.00
890 347.40
891 347.80
892 349.00
893 349.60
894 350.00
895 351.00
896 348.00
897 350.80
898 352.60
899 350.40
900 350.60
901 350.00
902 352.00
903 350.60
904 352.00
905 351.20
906 350.80
907 350.40
908 350.20
909 350.40
910 350.60
911 352.20
912 350.20
913 351.60
914 349.80
915 350.20
916 350.00
917 352.00
918 352.20
919 352.80
920 351.60
921 352.00
922 351.80
923 351.60
924 349.40
925 347.80
926 347.60
927 347.40
928 348.00
929 346.40
930 347.40
931 346.60
932 346.20
933 347.20
934 347.40
935 346.00
936 346.00
937 346.20
938 346.00
939 346.40
940 346.60
941 344.80
942 346.60
943 346.40
944 347.20
945 347.80
946 348.60
947 349.00
948 349.60
949 349.60
950 349.00
951 348.60
952 348.00
953 348.00
954 347.40
955 346.40
956 344.60
957 345.40
958 345.20
959 343.60
960 343.40
961 342.80
962 343.20
963 341.80
964 344.40
965 346.80
966 349.00
967 350.20
968 350.20
969 348.80
970 349.00
971 346.80
972 347.60
973 347.80
974 348.60
975 348.60
976 348.20
977 349.00
978 348.20
979 348.40
980 347.80
981 346.80
982 345.00
983 345.40
984 347.20
985 349.40
986 348.20
987 347.20
988 347.20
989 347.20
990 347.80
991 347.40
992 346.20
993 345.60
994 345.20
995 344.20
996 347.20
997 344.40
998 342.60
999 344.80
1000 334.40
1001 334.60
1002 334.60
1003 332.80
1004 332.40
1005 334.40
1006 336.40
1007 334.80
1008 334.60
1009 334.40
1010 334.80
1011 333.60
1012 335.80
1013 334.40
1014 332.40
1015 331.20
1016 332.40
1017 330.60
1018 329.60
1019 326.40
1020 326.60
1021 325.00
1022 324.20
1023 326.20
1024 325.60
1025 327.20
1026 325.80
1027 326.40
1028 328.00
1029 328.60
1030 327.80
1031 327.80
1032 327.20
1033 327.20
1034 329.20
1035 331.40
1036 331.20
1037 331.60
1038 332.20
1039 332.00
1040 331.80
1041 333.20
1042 334.20
1043 335.00
1044 334.20
1045 334.20
1046 334.00
1047 333.20
1048 333.80
1049 333.80
1050 334.20
1051 333.80
1052 334.40
1053 336.00
1054 336.20
1055 338.00
1056 337.00
1057 336.80
1058 337.00
1059 339.60
1060 339.60
1061 340.40
1062 340.80
1063 342.40
1064 341.80
1065 340.60
1066 338.40
1067 338.00
1068 340.60
1069 342.20
1070 342.00
1071 345.40
1072 345.40
1073 344.80
1074 345.20
1075 346.40
1076 347.00
1077 347.00
1078 345.80
1079 345.00
1080 344.20
1081 344.60
1082 345.40
1083 345.40
1084 344.00
1085 341.80
1086 342.20
1087 343.40
1088 342.40
1089 342.20
1090 342.80
1091 343.80
1092 344.20
1093 345.40
1094 344.80
1095 346.60
1096 343.60
1097 346.20
1098 348.00
1099 346.40
1100 348.80
1101 348.60
1102 348.60
1103 350.40
1104 350.80
1105 348.80
1106 346.80
1107 348.40
1108 348.60
1109 348.80
1110 348.40
1111 349.60
1112 347.40
1113 348.80
1114 350.80
1115 352.00
1116 350.80
1117 352.60
1118 353.60
1119 356.80
1120 356.60
1121 358.20
1122 359.00
1123 357.00
1124 357.60
1125 356.00
1126 357.40
1127 356.80
1128 355.20
1129 354.60
1130 355.40
1131 355.40
1132 356.00
1133 356.00
1134 354.00
1135 351.80
1136 352.00
1137 351.60
1138 351.00
1139 351.20
1140 351.40
1141 350.00
1142 349.00
1143 348.20
1144 349.00
1145 349.00
1146 349.20
1147 350.00
1148 349.40
1149 349.40
1150 349.00
1151 349.40
1152 348.80
1153 347.20
1154 347.00
1155 345.20
1156 346.20
1157 346.40
1158 346.20
1159 343.60
1160 343.60
1161 342.80
1162 342.40
1163 340.80
1164 341.40
1165 342.60
1166 344.80
1167 345.20
1168 342.60
1169 341.00
1170 341.20
1171 337.80
1172 337.80
1173 338.40
1174 338.00
1175 336.80
1176 336.20
1177 336.20
1178 337.40
1179 338.20
1180 339.00
1181 338.60
1182 337.80
1183 337.80
1184 339.20
1185 341.40
1186 341.00
1187 339.80
1188 340.80
1189 341.00
1190 340.40
1191 339.40
1192 339.00
1193 337.80
1194 338.40
1195 336.60
1196 339.60
1197 337.00
1198 335.20
1199 336.80
1200 355.80
1201 357.20
1202 357.80
1203 359.80
1204 359.80
1205 362.00
1206 362.40
1207 363.60
1208 361.40
1209 360.20
1210 360.20
1211 361.40
1212 363.60
1213 363.20
1214 365.00
1215 365.40
1216 365.40
1217 364.20
1218 363.20
1219 362.80
1220 364.20
1221 364.20
1222 362.00
1223 362.20
1224 363.20
1225 363.80
1226 362.00
1227 362.00
1228 361.00
1229 361.00
1230 361.00
1231 361.00
1232 360.60
1233 360.60
1234 363.20
1235 365.80
1236 365.80
1237 364.60
1238 364.40
1239 364.40
1240 363.40
1241 366.00
1242 364.60
1243 364.80
1244 363.40
1245 362.80
1246 361.00
1247 360.40
1248 360.60
1249 361.00
1250 361.20
1251 361.60
1252 362.00
1253 364.20
1254 366.40
1255 368.00
1256 366.80
1257 364.80
1258 365.60
1259 368.40
1260 367.60
1261 368.20
1262 368.20
1263 368.80
1264 366.20
1265 365.00
1266 363.00
1267 361.80
1268 362.00
1269 362.00
1270 360.80
1271 361.80
1272 362.40
1273 361.80
1274 362.40
1275 362.20
1276 363.20
1277 362.60
1278 360.20
1279 360.40
1280 362.20
1281 363.40
1282 364.20
1283 364.60
1284 362.80
1285 360.20
1286 360.00
1287 358.40
1288 358.40
1289 358.60
1290 357.80
1291 358.40
1292 359.00
1293 359.60
1294 360.20
1295 361.40
1296 359.40
1297 362.00
1298 363.00
1299 363.20
1300 360.80
1301 359.40
1302 358.80
1303 356.80
1304 356.80
1305 354.60
1306 354.20
1307 353.00
1308 355.20
1309 356.40
1310 356.40
1311 355.20
1312 353.00
1313 353.40
1314 351.60
1315 351.20
1316 351.20
1317 352.40
1318 353.40
1319 353.80
1320 352.40
1321 352.40
1322 354.60
1323 354.40
1324 353.40
1325 352.80
1326 354.60
1327 354.60
1328 355.60
1329 355.60
1330 355.60
1331 355.60
1332 356.00
1333 356.00
1334 353.40
1335 350.80
1336 350.80
1337 352.00
1338 352.20
1339 352.20
1340 353.20
1341 350.60
1342 352.00
1343 351.80
1344 353.20
1345 353.80
1346 355.60
1347 356.20
1348 356.00
1349 355.60
1350 355.40
1351 355.00
1352 354.60
1353 352.40
1354 350.20
1355 348.60
1356 349.80
1357 351.80
1358 351.00
1359 348.20
1360 349.00
1361 348.40
1362 348.40
1363 347.80
1364 350.40
1365 351.60
1366 353.60
1367 354.80
1368 354.60
1369 354.60
1370 355.80
1371 354.80
1372 354.20
1373 354.80
1374 354.20
1375 354.40
1376 353.40
1377 354.00
1378 356.40
1379 356.20
1380 354.40
1381 353.20
1382 352.40
1383 352.00
1384 353.80
1385 356.40
1386 356.60
1387 358.20
1388 358.20
1389 358.00
1390 358.80
1391 358.20
1392 357.60
1393 357.00
1394 356.40
1395 355.20
1396 357.20
1397 354.60
1398 353.60
1399 353.40
1400 372.00
1401 373.40
1402 372.00
1403 372.60
1404 372.80
1405 375.20
1406 375.40
1407 375.00
1408 374.60
1409 376.80
1410 378.40
1411 378.20
1412 378.40
1413 377.20
1414 377.60
1415 377.40
1416 377.40
1417 378.00
1418 378.60
1419 379.40
1420 380.80
1421 380.40
1422 379.00
1423 380.60
1424 381.00
1425 382.20
1426 380.40
1427 381.00
1428 381.40
1429 381.40
1430 380.00
1431 379.80
1432 379.60
1433 379.60
1434 380.80
1435 383.40
1436 383.60
1437 383.40
1438 381.60
1439 381.60
1440 382.60
1441 383.60
1442 383.60
1443 383.40
1444 382.80
1445 381.80
1446 379.80
1447 379.40
1448 380.40
1449 381.20
1450 381.80
1451 382.40
1452 382.20
1453 381.60
1454 382.60
1455 384.00
1456 383.40
1457 381.40
1458 382.00
1459 384.20
1460 384.60
1461 385.20
1462 385.40
1463 385.40
1464 384.20
1465 382.80
1466 380.40
1467 379.80
1468 379.40
1469 381.40
1470 379.80
1471 381.80
1472 383.60
1473 383.20
1474 383.00
1475 383.40
1476 381.40
1477 382.20
1478 384.00
1479 383.80
1480 384.20
1481 384.20
1482 384.80
1483 385.00
1484 384.80
1485 384.20
1486 384.00
1487 385.60
1488 385.80
1489 387.40
1490 387.20
1491 389.00
1492 390.00
1493 390.00
1494 389.60
1495 391.40
1496 390.40
1497 391.20
1498 392.20
1499 391.40
1500 391.20
1501 389.80
1502 391.20
1503 390.60
1504 390.40
1505 388.00
1506 387.80
1507 388.20
1508 388.60
1509 386.40
1510 384.80
1511 385.00
1512 384.80
1513 386.00
1514 385.60
1515 385.80
1516 385.80
1517 385.20
1518 384.60
1519 383.80
1520 382.40
1521 382.80
1522 384.20
1523 382.60
1524 382.20
1525 381.00
1526 382.80
1527 382.20
1528 381.80
1529 381.80
1530 383.20
1531 383.40
1532 383.60
1533 383.60
1534 382.40
1535 379.80
1536 379.60
1537 379.80
1538 381.60
1539 381.60
1540 380.60
1541 379.60
1542 379.60
1543 379.80
1544 380.40
1545 381.40
1546 383.40
1547 383.80
1548 382.80
1549 382.00
1550 381.40
1551 380.80
1552 381.00
1553 381.60
1554 380.60
1555 379.20
1556 379.80
1557 381.80
1558 381.20
1559 379.00
1560 378.60
1561 378.00
1562 377.80
1563 377.80
1564 379.00
1565 380.40
1566 382.80
1567 383.40
1568 383.80
1569 381.80
1570 383.40
1571 381.40
1572 379.60
1573 380.00
1574 380.20
1575 379.80
1576 381.80
1577 381.00
1578 379.20
1579 379.40
1580 379.00
1581 379.00
1582 378.40
1583 378.20
1584 378.40
1585 379.00
1586 379.20
1587 377.60
1588 377.40
1589 375.80
1590 376.00
1591 374.20
1592 373.20
1593 373.20
1594 373.60
1595 371.80
1596 372.80
1597 372.00
1598 371.00
1599 371.80
1600 369.60
1601 370.00
1602 370.20
1603 368.80
1604 369.00
1605 371.40
1606 371.40
1607 372.60
1608 370.60
1609 370.40
1610 370.20
1611 368.60
1612 369.20
1613 367.60
1614 367.20
1615 367.40
1616 366.20
1617 365.00
1618 365.60
1619 365.20
1620 365.60
1621 363.60
1622 362.20
1623 362.80
1624 361.40
1625 362.40
1626 360.80
1627 361.80
1628 360.60
1629 360.60
1630 359.00
1631 358.80
1632 360.40
1633 360.20
1634 362.20
1635 365.20
1636 364.80
1637 364.20
1638 363.40
1639 363.40
1640 362.80
1641 363.60
1642 363.60
1643 363.80
1644 364.20
1645 363.40
1646 363.00
1647 362.40
1648 363.00
1649 363.60
1650 365.00
1651 365.40
1652 365.60
1653 365.20
1654 365.20
1655 366.80
1656 366.40
1657 364.20
1658 364.20
1659 366.40
1660 366.60
1661 367.20
1662 365.40
1663 365.20
1664 364.00
1665 362.60
1666 360.80
1667 361.20
1668 359.60
1669 360.20
1670 359.60
1671 361.40
1672 363.80
1673 363.80
1674 363.40
1675 364.20
1676 362.00
1677 361.60
1678 359.00
1679 358.60
1680 358.60
1681 358.60
1682 359.00
1683 358.40
1684 357.80
1685 356.80
1686 356.20
1687 355.60
1688 356.00
1689 355.80
1690 353.60
1691 353.40
1692 354.60
1693 353.80
1694 354.80
1695 356.00
1696 353.00
1697 355.80
1698 356.60
1699 355.80
1700 355.20
1701 354.80
1702 354.60
1703 356.00
1704 355.80
1705 353.40
1706 353.40
1707 352.20
1708 354.20
1709 354.40
1710 354.60
1711 356.20
1712 355.60
1713 357.20
1714 357.60
1715 357.40
1716 358.60
1717 359.80
1718 359.20
1719 359.60
1720 359.20
1721 361.20
1722 362.60
1723 362.00
1724 363.40
1725 362.40
1726 364.00
1727 363.00
1728 364.20
1729 364.20
1730 365.80
1731 366.00
1732 364.40
1733 364.60
1734 362.60
1735 359.60
1736 360.00
1737 360.60
1738 361.40
1739 361.40
1740 362.00
1741 361.20
1742 361.20
1743 361.00
1744 360.60
1745 361.40
1746 361.80
1747 362.40
1748 361.80
1749 361.20
1750 359.80
1751 359.40
1752 359.20
1753 359.60
1754 359.60
1755 358.00
1756 358.40
1757 360.60
1758 360.60
1759 358.40
1760 358.20
1761 357.60
1762 359.40
1763 359.60
1764 360.80
1765 362.20
1766 364.00
1767 363.60
1768 365.20
1769 364.60
1770 365.20
1771 363.40
1772 361.00
1773 361.00
1774 361.40
1775 360.60
1776 362.80
1777 363.20
1778 365.80
1779 366.20
1780 366.20
1781 366.20
1782 365.80
1783 366.40
1784 367.00
1785 368.00
1786 368.60
1787 369.20
1788 368.80
1789 369.00
1790 371.20
1791 371.40
1792 370.20
1793 371.00
1794 370.00
1795 368.80
1796 371.80
1797 369.00
1798 368.20
1799 369.00
1800 347.00
1801 347.40
1802 349.40
1803 351.60
1804 351.80
1805 353.20
1806 353.00
1807 352.20
1808 351.60
1809 352.40
1810 353.80
1811 353.00
1812 355.60
1813 354.40
1814 354.80
1815 353.40
1816 354.40
1817 353.00
1818 353.00
1819 352.60
1820 354.00
1821 352.40
1822 350.40
1823 350.80
1824 349.60
1825 352.00
1826 351.00
1827 351.40
1828 351.20
1829 351.20
1830 350.60
1831 350.20
1832 350.40
1833 350.80
1834 353.00
1835 356.00
1836 356.00
1837 355.00
1838 352.40
1839 351.60
1840 351.60
1841 351.60
1842 351.40
1843 351.40
1844 353.80
1845 353.00
1846 352.60
1847 352.00
1848 352.60
1849 353.60
1850 354.60
1851 354.80
1852 354.60
1853 354.00
1854 355.40
1855 356.60
1856 355.60
1857 353.20
1858 352.00
1859 354.60
1860 354.40
1861 355.20
1862 353.60
1863 354.20
1864 353.20
1865 353.00
1866 352.60
1867 352.20
1868 352.80
1869 355.20
1870 354.20
1871 355.00
1872 356.60
1873 356.00
1874 358.20
1875 358.60
1876 357.60
1877 357.00
1878 355.00
1879 355.20
1880 355.40
1881 355.40
1882 356.00
1883 356.20
1884 356.80
1885 353.80
1886 351.40
1887 351.40
1888 351.60
1889 350.20
1890 350.80
1891 352.40
1892 353.60
1893 353.20
1894 352.80
1895 354.00
1896 353.00
1897 356.00
1898 357.20
1899 355.60
1900 355.00
1901 354.60
1902 352.60
1903 350.40
1904 350.20
1905 348.80
1906 349.00
1907 349.80
1908 350.40
1909 349.60
1910 348.20
1911 349.00
1912 346.40
1913 347.60
1914 347.20
1915 348.60
1916 347.60
1917 349.00
1918 349.00
1919 349.40
1920 348.00
1921 349.60
1922 351.60
1923 351.20
1924 352.40
1925 350.00
1926 351.00
1927 350.60
1928 350.80
1929 350.80
1930 351.40
1931 351.80
1932 351.60
1933 351.20
1934 349.00
1935 346.00
1936 346.00
1937 347.00
1938 349.60
1939 350.40
1940 350.40
1941 350.40
1942 350.60
1943 350.60
1944 348.20
1945 349.00
1946 349.40
1947 350.00
1948 349.40
1949 348.40
1950 347.40
1951 347.20
1952 347.40
1953 348.00
1954 346.60
1955 345.40
1956 346.40
1957 348.80
1958 350.00
1959 347.40
1960 347.60
1961 346.80
1962 348.40
1963 347.80
1964 348.80
1965 349.00
1966 349.40
1967 349.80
1968 349.20
1969 346.80
1970 347.80
1971 347.00
1972 345.40
1973 346.00
1974 343.80
1975 343.40
1976 344.40
1977 345.00
1978 347.00
1979 346.80
1980 346.60
1981 346.60
1982 346.00
1983 345.80
1984 345.20
1985 348.20
1986 350.60
1987 350.60
1988 350.40
1989 351.80
1990 351.20
1991 349.60
1992 348.40
1993 348.80
1994 349.20
1995 348.00
1996 349.00
1997 346.00
1998 344.80
1999 346.40
2000 361.20
2001 361.60
2002 361.40
2003 362.00
2004 362.20
2005 363.40
2006 363.20
2007 364.00
2008 363.60
2009 365.60
2010 366.60
2011 366.00
2012 366.60
2013 365.20
2014 365.00
2015 363.80
2016 362.20
2017 361.00
2018 361.60
2019 362.00
2020 362.20
2021 362.60
2022 360.60
2023 360.80
2024 359.40
2025 359.80
2026 359.80
2027 360.60
2028 360.20
2029 360.80
2030 360.20
2031 360.40
2032 360.80
2033 361.00
2034 362.60
2035 365.20
2036 365.00
2037 363.60
2038 362.00
2039 362.00
2040 361.40
2041 362.80
2042 363.20
2043 363.80
2044 362.00
2045 361.00
2046 360.40
2047 360.00
2048 359.20
2049 360.00
2050 361.00
2051 361.00
2052 361.20
2053 361.00
2054 363.40
2055 365.40
2056 365.20
2057 363.00
2058 361.40
2059 363.40
2060 363.20
2061 363.40
2062 362.20
2063 362.20
2064 361.00
2065 360.00
2066 357.60
2067 357.20
2068 356.60
2069 358.40
2070 357.80
2071 358.60
2072 360.20
2073 360.00
2074 359.60
2075 360.60
2076 360.20
2077 359.40
2078 359.80
2079 359.80
2080 360.60
2081 360.60
2082 361.00
2083 361.40
2084 362.00
2085 361.20
2086 361.60
2087 361.20
2088 361.40
2089 361.40
2090 362.20
2091 362.40
2092 363.40
2093 361.80
2094 363.40
2095 364.80
2096 362.00
2097 361.80
2098 363.60
2099 363.00
2100 361.60
2101 361.20
2102 361.40
2103 360.80
2104 360.60
2105 359.40
2106 359.60
2107 358.80
2108 359.20
2109 357.20
2110 356.20
2111 356.80
2112 356.20
2113 357.60
2114 357.80
2115 359.00
2116 360.60
2117 361.80
2118 361.20
2119 360.80
2120 360.60
2121 360.20
2122 362.20
2123 362.00
2124 363.40
2125 363.00
2126 363.00
2127 362.20
2128 362.60
2129 362.00
2130 362.60
2131 362.40
2132 362.00
2133 361.80
2134 360.20
2135 357.60
2136 357.80
2137 359.20
2138 360.80
2139 360.80
2140 361.40
2141 360.00
2142 359.60
2143 359.00
2144 360.80
2145 361.80
2146 362.40
2147 362.80
2148 363.60
2149 362.80
2150 361.80
2151 361.80
2152 361.60
2153 361.80
2154 359.40
2155 357.40
2156 357.60
2157 359.80
2158 361.40
2159 359.40
2160 359.60
2161 359.40
2162 360.60
2163 360.60
2164 361.80
2165 362.80
2166 365.20
2167 365.60
2168 366.20
2169 364.40
2170 365.00
2171 364.20
2172 362.60
2173 362.80
2174 363.20
2175 362.20
2176 362.60
2177 363.40
2178 363.00
2179 363.00
2180 362.20
2181 362.20
2182 361.80
2183 361.40
2184 360.80
2185 361.60
2186 361.20
2187 361.60
2188 361.40
2189 361.40
2190 360.60
2191 360.40
2192 359.40
2193 361.00
2194 359.40
2195 358.00
2196 360.80
2197 361.00
2198 359.20
2199 359.80
2200 358.40
2201 359.60
2202 360.00
2203 361.00
2204 361.40
2205 363.00
2206 363.20
2207 362.40
2208 362.20
2209 364.20
2210 364.20
2211 363.80
2212 364.60
2213 363.20
2214 365.00
2215 364.20
2216 364.60
2217 365.00
2218 365.80
2219 365.40
2220 365.60
2221 365.40
2222 362.80
2223 363.00
2224 361.60
2225 362.60
2226 361.20
2227 362.20
2228 362.80
2229 363.80
2230 364.20
2231 364.00
2232 363.80
2233 364.40
2234 364.20
2235 366.60
2236 366.60
2237 365.80
2238 364.40
2239 364.20
2240 363.00
2241 364.20
2242 363.80
2243 364.20
2244 362.40
2245 361.00
2246 359.60
2247 359.00
2248 360.00
2249 361.00
2250 362.00
2251 362.00
2252 362.00
2253 360.80
2254 362.80
2255 364.60
2256 363.80
2257 361.60
2258 360.20
2259 362.40
2260 361.60
2261 361.00
2262 359.40
2263 359.00
2264 357.80
2265 356.60
2266 356.20
2267 356.00
2268 356.00
2269 357.00
2270 358.00
2271 358.80
2272 360.00
2273 359.60
2274 359.20
2275 360.00
2276 360.80
2277 360.40
2278 361.80
2279 362.00
2280 362.40
2281 363.20
2282 364.00
2283 364.20
2284 363.80
2285 363.00
2286 364.00
2287 364.20
2288 364.60
2289 365.80
2290 365.40
2291 366.00
2292 367.80
2293 366.80
2294 366.00
2295 366.80
2296 363.80
2297 366.60
2298 367.60
2299 366.80
2300 366.00
2301 364.80
2302 364.40
2303 363.40
2304 363.00
2305 361.40
2306 361.20
2307 362.00
2308 362.20
2309 360.20
2310 360.20
2311 360.60
2312 359.80
2313 361.20
2314 359.40
2315 360.20
2316 359.80
2317 359.40
2318 358.60
2319 359.00
2320 358.80
2321 359.00
2322 361.60
2323 361.40
2324 362.80
2325 361.80
2326 363.20
2327 362.20
2328 361.60
2329 360.60
2330 360.20
2331 360.40
2332 360.60
2333 360.00
2334 360.20
2335 357.80
2336 357.80
2337 358.60
2338 360.00
2339 360.20
2340 361.40
2341 360.20
2342 360.60
2343 360.20
2344 362.00
2345 363.40
2346 364.80
2347 365.40
2348 364.40
2349 363.40
2350 362.40
2351 362.40
2352 362.40
2353 363.60
2354 361.60
2355 359.80
2356 360.60
2357 362.80
2358 364.20
2359 362.00
2360 362.80
2361 363.40
2362 365.00
2363 365.40
2364 366.60
2365 367.80
2366 368.20
2367 368.40
2368 368.40
2369 367.40
2370 366.40
2371 365.60
2372 364.40
2373 364.80
2374 365.20
2375 364.40
2376 363.60
2377 364.00
2378 362.60
2379 362.40
2380 362.00
2381 361.20
2382 360.40
2383 360.20
2384 360.60
2385 361.40
2386 360.40
2387 360.20
2388 359.80
2389 358.60
2390 359.00
2391 358.40
2392 356.60
2393 357.60
2394 358.40
2395 357.60
2396 360.60
2397 357.80
2398 356.80
2399 357.60
2400 360.20
2401 360.40
2402 360.00
2403 359.60
2404 360.20
2405 362.00
2406 361.80
2407 363.00
2408 362.80
2409 364.00
2410 363.40
2411 363.00
2412 363.20
2413 361.60
2414 362.40
2415 362.00
2416 360.60
2417 361.40
2418 361.00
2419 360.60
2420 362.00
2421 362.40
2422 361.00
2423 361.40
2424 360.00
2425 361.00
2426 359.60
2427 359.00
2428 359.40
2429 359.00
2430 359.60
2431 359.20
2432 360.60
2433 361.20
2434 361.60
2435 363.80
2436 364.20
2437 363.80
2438 362.40
2439 362.00
2440 361.60
2441 362.80
2442 363.00
2443 363.40
2444 363.20
2445 362.00
2446 361.60
2447 360.20
2448 359.80
2449 360.60
2450 361.60
2451 362.40
2452 362.40
2453 362.00
2454 363.80
2455 365.20
2456 365.00
2457 365.80
2458 367.00
2459 368.60
2460 367.40
2461 367.40
2462 366.00
2463 366.20
2464 364.80
2465 364.80
2466 362.20
2467 362.00
2468 361.40
2469 362.60
2470 361.60
2471 362.40
2472 362.60
2473 362.00
2474 362.00
2475 362.20
2476 362.00
2477 360.60
2478 360.40
2479 360.20
2480 360.40
2481 360.00
2482 360.40
2483 360.00
2484 359.40
2485 357.40
2486 359.00
2487 358.60
2488 358.80
2489 360.00
2490 359.00
2491 359.60
2492 360.40
2493 360.40
2494 360.40
2495 358.80
2496 358.20
2497 360.20
2498 361.60
2499 360.80
2500 361.20
2501 361.00
2502 361.40
2503 361.80
2504 361.20
2505 359.40
2506 359.60
2507 358.40
2508 358.60
2509 357.40
2510 358.00
2511 358.40
2512 358.20
2513 359.80
2514 359.00
2515 359.40
2516 360.80
2517 360.00
2518 360.40
2519 360.80
2520 359.40
2521 359.00
2522 360.40
2523 360.00
2524 361.40
2525 360.40
2526 361.80
2527 362.40
2528 362.00
2529 362.40
2530 361.80
2531 362.20
2532 360.80
2533 360.20
2534 359.80
2535 357.60
2536 357.20
2537 357.60
2538 359.00
2539 359.40
2540 359.80
2541 358.60
2542 358.40
2543 358.00
2544 358.20
2545 359.40
2546 359.80
2547 361.20
2548 361.60
2549 360.80
2550 359.80
2551 359.00
2552 359.00
2553 359.40
2554 357.60
2555 356.20
2556 356.40
2557 355.60
2558 354.40
2559 352.80
2560 354.00
2561 354.00
2562 355.40
2563 355.20
2564 356.60
2565 356.60
2566 359.20
2567 359.40
2568 360.00
2569 358.80
2570 359.80
2571 359.00
2572 358.80
2573 359.40
2574 359.40
2575 359.20
2576 359.40
2577 360.80
2578 361.00
2579 361.20
2580 361.00
2581 361.40
2582 361.00
2583 361.40
2584 362.00
2585 364.00
2586 362.40
2587 362.80
2588 362.60
2589 361.40
2590 362.40
2591 361.80
2592 361.00
2593 361.00
2594 361.00
2595 362.60
2596 363.20
2597 361.20
2598 359.80
2599 360.60
2600 354.40
2601 354.60
2602 354.20
2603 354.20
2604 354.20
2605 355.60
2606 358.20
2607 357.80
2608 357.60
2609 358.60
2610 358.20
2611 357.00
2612 357.80
2613 355.60
2614 355.20
2615 354.60
2616 352.80
2617 351.80
2618 351.60
2619 352.00
2620 354.20
2621 353.00
2622 352.00
2623 352.40
2624 352.80
2625 353.80
2626 353.20
2627 353.80
2628 353.60
2629 353.20
2630 353.60
2631 353.40
2632 353.80
2633 354.40
2634 354.60
2635 357.20
2636 356.80
2637 355.20
2638 353.60
2639 353.40
2640 351.40
2641 352.80
2642 352.40
2643 353.00
2644 354.60
2645 353.80
2646 353.20
2647 352.60
2648 353.60
2649 354.40
2650 353.80
2651 354.20
2652 354.40
2653 355.80
2654 357.80
2655 359.20
2656 358.80
2657 356.60
2658 355.80
2659 357.80
2660 356.40
2661 356.40
2662 356.40
2663 356.80
2664 355.60
2665 355.80
2666 355.60
2667 355.60
2668 355.00
2669 354.60
2670 355.20
2671 356.00
2672 356.40
2673 355.80
2674 355.20
2675 355.60
2676 355.60
2677 357.20
2678 355.00
2679 355.40
2680 355.80
2681 356.00
2682 357.00
2683 357.20
2684 356.40
2685 354.40
2686 354.00
2687 354.40
2688 354.60
2689 356.20
2690 357.40
2691 358.40
2692 357.40
2693 358.60
2694 358.00
2695 359.00
2696 356.40
2697 357.20
2698 358.20
2699 356.00
2700 357.00
2701 356.80
2702 357.20
2703 357.20
2704 357.20
2705 355.80
2706 353.20
2707 353.60
2708 353.80
2709 352.80
2710 353.20
2711 354.40
2712 353.60
2713 355.80
2714 356.20
2715 356.80
2716 358.60
2717 359.60
2718 359.80
2719 359.40
2720 357.20
2721 358.40
2722 359.40
2723 359.00
2724 358.60
2725 357.60
2726 358.20
2727 357.60
2728 357.80
2729 358.20
2730 357.80
2731 358.00
2732 357.60
2733 357.00
2734 356.80
2735 354.20
2736 354.60
2737 356.20
2738 357.80
2739 358.00
2740 360.00
2741 358.60
2742 359.00
2743 358.40
2744 356.80
2745 357.60
2746 358.20
2747 358.80
2748 357.80
2749 357.00
2750 357.60
2751 357.20
2752 357.00
2753 355.60
2754 353.60
2755 352.20
2756 352.60
2757 354.80
2758 355.60
2759 353.60
2760 355.00
2761 355.00
2762 355.00
2763 354.60
2764 355.80
2765 355.60
2766 355.80
2767 355.80
2768 356.40
2769 356.80
2770 356.20
2771 355.40
2772 355.00
2773 355.60
2774 356.20
2775 355.80
2776 355.80
2777 354.20
2778 356.40
2779 356.00
2780 355.60
2781 355.40
2782 354.40
2783 354.20
2784 355.00
2785 357.00
2786 357.40
2787 357.00
2788 356.80
2789 355.20
2790 354.00
2791 353.00
2792 354.00
2793 352.80
2794 353.40
2795 352.40
2796 355.00
2797 354.20
2798 353.20
2799 355.40
2800 368.60
2801 368.40
2802 367.80
2803 369.80
2804 370.40
2805 372.20
2806 372.00
2807 371.40
2808 371.00
2809 371.80
2810 370.60
2811 369.40
2812 371.40
2813 369.80
2814 368.60
2815 367.60
2816 367.80
2817 366.80
2818 367.00
2819 366.60
2820 366.60
2821 365.20
2822 364.20
2823 365.00
2824 366.00
2825 366.40
2826 364.20
2827 365.80
2828 367.60
2829 367.60
2830 368.20
2831 367.80
2832 368.00
2833 368.40
2834 369.00
2835 371.60
2836 371.00
2837 368.40
2838 367.60
2839 367.20
2840 366.60
2841 367.40
2842 367.00
2843 367.20
2844 367.20
2845 366.20
2846 365.40
2847 364.40
2848 365.00
2849 365.20
2850 366.00
2851 366.20
2852 366.00
2853 365.80
2854 366.40
2855 368.00
2856 367.80
2857 365.60
2858 366.20
2859 368.00
2860 367.80
2861 368.40
2862 369.80
2863 369.20
2864 368.00
2865 366.00
2866 365.20
2867 363.60
2868 364.60
2869 364.20
2870 362.40
2871 363.20
2872 365.00
2873 365.00
2874 364.40
2875 365.40
2876 365.40
2877 364.60
2878 363.60
2879 363.80
2880 364.00
2881 363.40
2882 363.80
2883 364.20
2884 363.80
2885 362.60
2886 359.80
2887 359.40
2888 359.60
2889 357.80
2890 356.40
2891 357.20
2892 358.60
2893 357.80
2894 356.60
2895 358.20
2896 354.80
2897 358.00
2898 359.00
2899 358.40
2900 356.40
2901 356.60
2902 357.20
2903 355.20
2904 354.60
2905 352.80
2906 353.00
2907 353.60
2908 354.00
2909 353.20
2910 354.40
2911 355.60
2912 353.60
2913 355.20
2914 356.40
2915 357.40
2916 357.20
2917 358.20
2918 358.00
2919 358.40
2920 358.40
2921 359.80
2922 360.80
2923 360.00
2924 359.00
2925 358.60
2926 360.80
2927 359.20
2928 357.40
2929 357.40
2930 356.80
2931 357.20
2932 357.00
2933 356.60
2934 356.00
2935 353.40
2936 354.00
2937 356.60
2938 357.40
2939 357.80
2940 358.40
2941 357.60
2942 358.00
2943 357.80
2944 357.80
2945 358.80
2946 359.60
2947 360.60
2948 360.00
2949 359.80
2950 359.00
2951 358.80
2952 359.00
2953 359.20
2954 358.60
2955 357.00
2956 357.20
2957 359.40
2958 358.80
2959 357.00
2960 357.20
2961 356.60
2962 355.20
2963 355.80
2964 357.00
2965 359.00
2966 359.80
2967 361.40
2968 360.40
2969 360.80
2970 362.60
2971 361.80
2972 360.00
2973 360.00
2974 360.60
2975 359.60
2976 359.60
2977 360.40
2978 361.40
2979 361.20
2980 361.00
2981 361.60
2982 361.20
2983 360.80
2984 361.20
2985 362.40
2986 365.20
2987 365.60
2988 365.40
2989 367.20
2990 368.60
2991 367.80
2992 366.40
2993 367.20
2994 368.40
2995 366.80
2996 370.20
2997 367.00
2998 366.00
2999 366.60
