0 301.65
30 298.83
60 287.83
90 280.71
120 291.04
150 307.96
180 297.25
210 282.39
240 280.55
270 275.68
300 293.05
330 290.71
360 296.29
390 304.11
420 331.85
450 334.08
480 322.13
510 331.24
540 342.88
570 332.44
600 365.19
630 370.61
660 372.40
690 384.80
720 377.95
750 380.49
780 378.23
810 381.59
840 387.32
870 391.97
900 390.33
930 380.56
960 399.19
990 361.43
1020 343.76
1050 341.60
1080 354.39
1110 347.15
1140 343.07
1170 352.65
1200 333.47
1230 327.91
1260 309.87
1290 320.28
1320 327.39
1350 329.08
1380 350.40
1410 396.92
1440 402.83
1470 407.33
1500 407.93
1530 393.07
1560 396.05
1590 352.09
1620 324.56
1650 316.65
1680 333.29
1710 335.73
1740 332.64
1770 335.84
1800 356.81
1830 346.36
1860 334.29
1890 347.32
1920 328.36
1950 326.72
1980 356.57
2010 369.75
2040 374.71
2070 374.43
2100 377.00
2130 371.48
2160 378.27
2190 358.68
2220 343.07
2250 351.29
2280 372.76
2310 374.69
2340 363.40
2370 368.71
2400 374.51
2430 380.89
2460 384.44
2490 390.24
2520 379.97
2550 390.05
2580 387.16
2610 379.15
2640 367.79
2670 369.40
2700 374.49
2730 367.11
2760 385.19
2790 387.05
2820 374.41
2850 379.52
2880 395.48
2910 389.43
2940 382.61
2970 398.44
