0 301.60
1 296.40
2 296.40
3 298.00
4 298.00
5 303.20
6 302.80
7 302.00
8 302.00
9 302.00
10 302.00
11 297.60
12 297.60
13 302.80
14 302.80
15 302.80
16 302.80
17 308.00
18 306.80
19 306.40
20 306.40
21 306.40
22 306.40
23 306.40
24 301.20
25 296.00
26 297.60
27 297.60
28 297.60
29 302.00
30 307.20
31 304.40
32 304.40
33 299.20
34 299.20
35 304.40
36 304.40
37 304.40
38 304.40
39 299.20
40 299.20
41 299.20
42 298.80
43 299.60
44 299.60
45 299.60
46 296.80
47 300.40
48 300.40
49 300.40
50 295.20
51 295.20
52 297.20
53 295.60
54 295.60
55 290.40
56 290.40
57 295.60
58 291.60
59 292.80
60 298.00
61 302.40
62 302.40
63 297.20
64 297.20
65 292.00
66 292.00
67 289.20
68 289.20
69 289.20
70 289.20
71 289.20
72 289.60
73 289.60
74 290.00
75 290.00
76 288.40
77 288.40
78 288.40
79 288.40
80 283.20
81 280.80
82 280.80
83 280.80
84 280.80
85 275.60
86 275.60
87 275.60
88 280.80
89 280.80
90 286.00
91 286.00
92 284.80
93 284.00
94 284.40
95 284.40
96 284.40
97 279.20
98 284.40
99 284.40
100 284.40
101 284.40
102 282.40
103 287.60
104 288.40
105 288.40
106 288.40
107 283.20
108 282.00
109 282.80
110 277.60
111 272.40
112 272.40
113 272.40
114 272.40
115 272.40
116 272.40
117 271.60
118 271.60
119 272.00
120 277.20
121 282.40
122 282.00
123 287.20
124 286.80
125 286.80
126 286.80
127 292.00
128 292.40
129 287.20
130 287.20
131 287.20
132 287.20
133 292.40
134 297.60
135 297.60
136 297.60
137 297.60
138 292.40
139 292.40
140 287.20
141 289.20
142 294.40
143 295.60
144 295.20
145 296.00
146 297.20
147 297.20
148 292.00
149 297.20
150 302.40
151 307.60
152 307.60
153 302.40
154 301.60
155 301.60
156 302.00
157 302.80
158 308.00
159 306.00
160 306.00
161 311.20
162 311.20
163 311.20
164 311.20
165 316.40
166 316.40
167 314.80
168 316.00
169 316.00
170 310.80
171 305.60
172 305.60
173 300.40
174 305.60
175 310.80
176 310.80
177 305.60
178 305.20
179 306.00
180 306.00
181 311.20
182 311.20
183 311.20
184 306.00
185 306.00
186 306.00
187 306.00
188 306.00
189 311.20
190 311.20
191 309.20
192 305.60
193 304.40
194 304.40
195 303.60
196 305.20
197 306.80
198 306.80
199 301.60
200 279.20
201 276.40
202 278.40
203 278.00
204 276.00
205 279.20
206 279.60
207 277.20
208 277.60
209 276.40
210 276.40
211 276.00
212 275.20
213 277.20
214 274.80
215 277.20
216 278.00
217 281.60
218 283.60
219 282.80
220 284.00
221 285.60
222 287.60
223 288.80
224 287.60
225 285.20
226 286.80
227 288.40
228 287.60
229 288.00
230 286.80
231 283.20
232 283.60
233 280.40
234 280.40
235 281.20
236 281.20
237 281.20
238 281.20
239 280.00
240 282.40
241 283.60
242 284.80
243 284.80
244 287.60
245 286.40
246 287.20
247 285.20
248 285.20
249 284.40
250 287.20
251 286.00
252 283.20
253 283.60
254 282.80
255 276.40
256 275.60
257 275.60
258 273.20
259 275.20
260 280.40
261 277.60
262 278.40
263 276.40
264 277.60
265 277.20
266 277.20
267 272.80
268 274.00
269 274.40
270 275.20
271 275.60
272 273.60
273 272.40
274 271.20
275 270.80
276 267.60
277 266.00
278 268.00
279 272.00
280 271.60
281 271.60
282 274.00
283 277.60
284 276.80
285 276.40
286 276.40
287 276.40
288 279.60
289 279.60
290 278.80
291 277.60
292 277.20
293 276.40
294 278.00
295 279.60
296 280.00
297 281.60
298 284.00
299 284.80
300 286.40
301 287.60
302 289.20
303 293.20
304 296.40
305 297.60
306 300.00
307 300.80
308 299.60
309 298.40
310 292.40
311 295.20
312 295.20
313 294.00
314 294.00
315 292.40
316 293.60
317 293.20
318 288.40
319 286.80
320 289.20
321 287.60
322 289.20
323 291.60
324 291.60
325 291.60
326 294.80
327 296.40
328 294.80
329 290.40
330 288.80
331 288.80
332 286.00
333 284.00
334 287.60
335 291.60
336 291.60
337 291.60
338 289.60
339 291.20
340 289.60
341 289.60
342 292.00
343 292.80
344 291.20
345 290.40
346 291.20
347 291.60
348 290.80
349 293.20
350 291.60
351 294.40
352 293.60
353 289.60
354 289.20
355 291.20
356 289.20
357 290.80
358 294.00
359 294.40
360 295.20
361 295.60
362 295.60
363 296.80
364 298.00
365 297.60
366 295.60
367 296.80
368 298.40
369 300.40
370 296.00
371 295.60
372 294.00
373 291.60
374 294.00
375 296.80
376 295.20
377 293.60
378 294.00
379 294.00
380 297.20
381 300.80
382 300.80
383 302.40
384 299.60
385 295.20
386 295.20
387 295.20
388 294.00
389 293.60
390 293.60
391 293.60
392 290.40
393 290.40
394 287.60
395 288.00
396 286.00
397 286.00
398 284.40
399 282.00
400 317.60
401 315.60
402 318.80
403 317.60
404 314.80
405 316.40
406 313.60
407 310.80
408 310.80
409 308.00
410 304.80
411 304.80
412 304.80
413 309.60
414 307.20
415 308.00
416 311.20
417 312.80
418 315.20
419 318.80
420 322.00
421 324.40
422 327.20
423 327.20
424 330.40
425 328.00
426 330.80
427 333.20
428 328.80
429 328.80
430 330.40
431 326.80
432 324.80
433 324.80
434 327.60
435 330.80
436 328.00
437 328.00
438 327.60
439 326.40
440 330.40
441 333.60
442 338.00
443 338.80
444 342.00
445 341.20
446 340.80
447 344.80
448 344.80
449 345.20
450 344.00
451 341.20
452 338.80
453 342.40
454 342.40
455 337.60
456 336.00
457 336.40
458 336.40
459 336.40
460 341.20
461 344.00
462 347.20
463 342.40
464 341.60
465 336.00
466 336.00
467 331.20
468 331.60
469 330.80
470 331.60
471 332.00
472 328.80
473 328.40
474 326.00
475 322.80
476 320.40
477 317.20
478 320.40
479 321.20
480 320.00
481 318.40
482 321.20
483 320.40
484 317.60
485 314.40
486 314.00
487 318.00
488 323.60
489 324.40
490 325.20
491 321.60
492 316.80
493 318.40
494 319.20
495 322.00
496 320.40
497 318.80
498 320.00
499 319.20
500 319.20
501 322.40
502 325.20
503 326.00
504 326.00
505 329.20
506 332.80
507 331.60
508 326.80
509 331.20
510 326.80
511 328.00
512 324.00
513 324.80
514 324.80
515 327.60
516 327.20
517 327.20
518 324.00
519 320.80
520 321.60
521 322.40
522 325.60
523 330.00
524 330.80
525 331.20
526 333.60
527 337.60
528 334.80
529 333.60
530 330.80
531 335.60
532 335.60
533 336.00
534 340.00
535 343.20
536 343.60
537 340.40
538 337.60
539 338.00
540 338.40
541 338.80
542 343.60
543 341.20
544 339.20
545 337.20
546 342.00
547 338.40
548 336.80
549 339.20
550 340.80
551 342.40
552 338.80
553 335.60
554 338.40
555 338.40
556 339.20
557 342.80
558 347.60
559 346.00
560 348.80
561 344.80
562 345.60
563 344.80
564 348.00
565 350.00
566 347.20
567 350.40
568 350.80
569 351.20
570 346.40
571 342.80
572 340.00
573 336.00
574 334.40
575 339.60
576 336.80
577 333.60
578 337.60
579 338.00
580 340.40
581 340.80
582 340.00
583 340.40
584 336.40
585 333.20
586 336.00
587 335.20
588 332.80
589 332.80
590 327.60
591 327.60
592 323.20
593 323.20
594 321.20
595 321.20
596 318.40
597 319.60
598 320.00
599 318.00
600 372.80
601 371.60
602 370.40
603 368.00
604 364.40
605 366.00
606 366.00
607 363.20
608 364.80
609 365.60
610 365.60
611 360.40
612 355.60
613 356.80
614 357.20
615 360.80
616 361.60
617 362.40
618 360.40
619 364.80
620 365.20
621 365.60
622 368.00
623 368.00
624 367.20
625 366.40
626 364.00
627 369.20
628 369.20
629 374.40
630 372.00
631 369.20
632 368.40
633 364.40
634 363.60
635 369.60
636 369.60
637 374.40
638 370.00
639 369.60
640 374.80
641 375.20
642 375.60
643 374.40
644 374.80
645 374.80
646 371.20
647 374.80
648 375.20
649 371.20
650 368.40
651 368.80
652 368.40
653 370.80
654 370.80
655 365.20
656 364.80
657 371.20
658 370.80
659 366.40
660 367.60
661 372.40
662 372.40
663 370.80
664 369.60
665 368.40
666 372.40
667 372.40
668 374.00
669 373.60
670 374.40
671 374.40
672 373.60
673 369.20
674 369.20
675 366.80
676 369.20
677 367.60
678 372.80
679 373.60
680 375.20
681 376.40
682 377.60
683 382.00
684 378.00
685 372.80
686 372.40
687 367.60
688 372.40
689 373.20
690 373.20
691 372.80
692 374.80
693 378.40
694 374.80
695 375.60
696 379.60
697 378.40
698 382.00
699 386.40
700 388.00
701 388.40
702 390.80
703 391.60
704 392.80
705 396.40
706 393.20
707 392.40
708 390.80
709 395.60
710 389.20
711 388.40
712 390.00
713 386.80
714 384.40
715 384.40
716 385.20
717 381.20
718 381.20
719 377.20
720 378.40
721 378.40
722 377.20
723 380.40
724 379.20
725 381.60
726 381.60
727 384.40
728 379.60
729 378.80
730 379.20
731 374.40
732 374.80
733 372.80
734 377.20
735 381.20
736 381.20
737 385.20
738 384.40
739 384.00
740 378.40
741 376.40
742 377.60
743 372.80
744 376.40
745 374.80
746 374.80
747 370.40
748 371.60
749 371.20
750 372.40
751 372.80
752 372.00
753 371.20
754 373.60
755 374.00
756 377.60
757 374.80
758 375.20
759 374.00
760 379.20
761 380.40
762 383.60
763 387.20
764 390.40
765 388.00
766 382.40
767 385.60
768 386.00
769 386.00
770 383.60
771 383.20
772 382.80
773 384.00
774 386.00
775 386.80
776 386.80
777 380.40
778 380.00
779 374.80
780 375.20
781 381.60
782 380.80
783 382.40
784 382.80
785 378.00
786 378.40
787 374.40
788 374.80
789 374.80
790 375.20
791 377.20
792 373.60
793 376.00
794 375.60
795 376.40
796 376.00
797 378.00
798 372.80
799 372.80
800 385.20
801 383.20
802 380.80
803 380.80
804 378.80
805 381.60
806 381.20
807 378.40
808 379.20
809 380.80
810 380.80
811 375.60
812 376.40
813 376.80
814 377.20
815 377.60
816 379.20
817 382.00
818 377.20
819 381.20
820 382.00
821 382.40
822 383.60
823 384.00
824 382.00
825 380.80
826 379.60
827 383.20
828 379.20
829 384.40
830 386.00
831 383.60
832 380.40
833 380.80
834 379.60
835 385.20
836 385.20
837 385.20
838 388.40
839 388.00
840 387.20
841 385.20
842 386.00
843 389.20
844 392.80
845 390.00
846 390.80
847 394.40
848 394.00
849 390.40
850 386.40
851 387.60
852 388.00
853 390.40
854 388.40
855 382.00
856 382.00
857 387.20
858 386.00
859 381.60
860 382.40
861 387.20
862 386.00
863 385.60
864 385.60
865 383.60
866 385.60
867 385.60
868 389.20
869 389.20
870 390.40
871 390.80
872 391.20
873 391.20
874 392.80
875 394.40
876 390.80
877 390.40
878 393.60
879 394.40
880 392.00
881 393.20
882 396.00
883 395.60
884 392.40
885 388.00
886 388.00
887 388.00
888 388.00
889 387.60
890 391.60
891 391.60
892 394.00
893 393.20
894 394.00
895 395.20
896 392.40
897 390.80
898 392.00
899 395.60
900 398.00
901 397.20
902 398.80
903 399.60
904 400.80
905 406.40
906 406.00
907 405.20
908 403.60
909 408.40
910 403.20
911 402.00
912 399.60
913 394.40
914 392.00
915 389.20
916 386.40
917 382.40
918 382.00
919 379.20
920 380.80
921 377.60
922 377.20
923 378.80
924 378.40
925 376.00
926 378.00
927 379.60
928 375.60
929 373.60
930 374.00
931 374.80
932 374.80
933 373.20
934 377.20
935 380.40
936 380.40
937 380.40
938 379.20
939 379.60
940 379.60
941 380.00
942 380.80
943 382.00
944 380.80
945 382.00
946 385.20
947 381.20
948 379.60
949 381.20
950 382.80
951 384.40
952 384.80
953 381.60
954 384.40
955 382.40
956 383.20
957 381.60
958 383.60
959 381.60
960 386.00
961 387.60
962 390.40
963 395.60
964 397.60
965 402.00
966 401.20
967 402.40
968 404.00
969 402.80
970 399.20
971 401.60
972 400.40
973 398.40
974 399.20
975 401.20
976 404.00
977 399.20
978 404.00
979 400.00
980 400.40
981 400.80
982 401.20
983 402.80
984 403.20
985 398.80
986 398.80
987 398.80
988 396.80
989 397.20
990 394.00
991 395.60
992 391.60
993 388.00
994 384.80
995 385.20
996 384.00
997 386.00
998 386.80
999 385.20
1000 349.60
1001 344.80
1002 343.20
1003 343.60
1004 346.00
1005 350.00
1006 344.00
1007 342.80
1008 344.40
1009 346.80
1010 347.60
1011 348.40
1012 346.40
1013 348.00
1014 349.60
1015 352.00
1016 350.00
1017 355.20
1018 355.60
1019 353.60
1020 352.40
1021 351.20
1022 351.20
1023 352.40
1024 350.80
1025 346.40
1026 345.60
1027 341.60
1028 342.40
1029 344.00
1030 342.80
1031 341.60
1032 340.00
1033 340.00
1034 339.20
1035 340.00
1036 341.20
1037 342.40
1038 339.60
1039 336.80
1040 340.00
1041 338.40
1042 341.60
1043 346.80
1044 344.80
1045 346.80
1046 344.00
1047 344.80
1048 342.00
1049 342.00
1050 337.60
1051 340.40
1052 343.20
1053 343.20
1054 342.00
1055 339.20
1056 344.40
1057 346.40
1058 345.20
1059 340.80
1060 342.80
1061 338.80
1062 336.00
1063 334.40
1064 333.60
1065 332.00
1066 335.60
1067 335.20
1068 340.00
1069 340.40
1070 339.20
1071 340.80
1072 341.60
1073 342.80
1074 344.80
1075 349.60
1076 349.20
1077 352.40
1078 348.40
1079 348.00
1080 346.40
1081 347.20
1082 352.00
1083 352.00
1084 352.00
1085 351.60
1086 351.60
1087 350.00
1088 354.00
1089 353.20
1090 354.40
1091 354.00
1092 352.80
1093 352.40
1094 355.20
1095 354.00
1096 356.80
1097 354.00
1098 358.80
1099 358.80
1100 361.20
1101 359.60
1102 356.80
1103 357.60
1104 355.20
1105 356.80
1106 355.20
1107 354.80
1108 354.00
1109 359.20
1110 355.60
1111 357.20
1112 362.00
1113 358.80
1114 357.60
1115 356.40
1116 352.40
1117 349.20
1118 346.80
1119 346.00
1120 351.20
1121 348.40
1122 347.20
1123 346.00
1124 343.60
1125 343.20
1126 341.60
1127 345.20
1128 348.80
1129 345.20
1130 347.20
1131 346.40
1132 344.80
1133 343.60
1134 344.00
1135 338.00
1136 337.20
1137 338.40
1138 334.80
1139 337.60
1140 333.20
1141 337.20
1142 338.00
1143 338.40
1144 336.80
1145 340.00
1146 340.80
1147 340.40
1148 338.40
1149 338.00
1150 340.40
1151 344.00
1152 345.60
1153 344.40
1154 345.60
1155 342.80
1156 345.20
1157 344.80
1158 345.20
1159 342.00
1160 342.80
1161 344.40
1162 344.40
1163 347.60
1164 348.00
1165 348.40
1166 350.80
1167 349.20
1168 346.40
1169 348.80
1170 346.00
1171 348.40
1172 348.80
1173 347.60
1174 349.60
1175 349.60
1176 352.40
1177 349.60
1178 349.20
1179 351.60
1180 352.40
1181 353.60
1182 352.00
1183 353.20
1184 353.60
1185 359.20
1186 358.80
1187 358.00
1188 360.40
1189 361.20
1190 361.20
1191 359.20
1192 356.40
1193 351.20
1194 352.00
1195 348.00
1196 347.20
1197 349.60
1198 349.60
1199 350.00
1200 326.40
1201 324.80
1202 325.60
1203 328.40
1204 327.20
1205 329.20
1206 330.80
1207 330.00
1208 331.20
1209 332.00
1210 331.60
1211 332.80
1212 333.60
1213 335.60
1214 334.80
1215 337.60
1216 336.00
1217 338.00
1218 337.20
1219 337.20
1220 337.20
1221 336.40
1222 337.20
1223 336.80
1224 337.20
1225 336.80
1226 336.00
1227 335.60
1228 336.00
1229 334.80
1230 333.20
1231 332.00
1232 332.80
1233 330.40
1234 329.60
1235 332.40
1236 332.80
1237 331.60
1238 331.20
1239 326.40
1240 328.40
1241 330.00
1242 330.80
1243 332.80
1244 333.20
1245 332.40
1246 329.60
1247 328.80
1248 328.80
1249 328.00
1250 326.40
1251 324.40
1252 325.60
1253 324.80
1254 325.60
1255 322.40
1256 320.40
1257 319.60
1258 318.00
1259 314.80
1260 318.80
1261 314.80
1262 314.40
1263 312.40
1264 312.40
1265 310.40
1266 311.60
1267 306.40
1268 308.40
1269 305.60
1270 306.00
1271 306.80
1272 308.00
1273 308.40
1274 307.20
1275 306.80
1276 305.20
1277 305.20
1278 307.20
1279 309.60
1280 310.00
1281 309.20
1282 308.80
1283 308.40
1284 310.40
1285 310.40
1286 309.60
1287 310.80
1288 314.80
1289 318.00
1290 318.00
1291 316.80
1292 318.40
1293 316.00
1294 315.60
1295 315.20
1296 317.60
1297 316.00
1298 316.00
1299 316.80
1300 318.80
1301 320.80
1302 320.00
1303 322.00
1304 320.40
1305 319.20
1306 320.40
1307 320.80
1308 320.40
1309 322.40
1310 319.20
1311 322.40
1312 324.40
1313 324.80
1314 323.60
1315 322.80
1316 324.00
1317 325.20
1318 324.80
1319 325.60
1320 328.40
1321 326.80
1322 325.60
1323 326.80
1324 328.00
1325 328.80
1326 330.00
1327 331.60
1328 330.40
1329 329.60
1330 328.80
1331 328.40
1332 327.20
1333 327.60
1334 327.60
1335 325.60
1336 327.20
1337 327.20
1338 324.80
1339 323.60
1340 321.60
1341 324.40
1342 325.60
1343 326.40
1344 326.80
1345 328.80
1346 328.40
1347 328.00
1348 328.40
1349 329.20
1350 328.80
1351 330.40
1352 329.20
1353 325.20
1354 327.20
1355 329.60
1356 328.80
1357 330.00
1358 330.80
1359 331.20
1360 330.80
1361 330.40
1362 328.00
1363 327.60
1364 329.60
1365 329.60
1366 328.80
1367 330.80
1368 330.00
1369 332.00
1370 328.80
1371 330.40
1372 329.60
1373 328.40
1374 328.00
1375 328.00
1376 329.20
1377 328.00
1378 326.80
1379 326.40
1380 328.40
1381 330.80
1382 331.60
1383 334.00
1384 332.80
1385 332.00
1386 330.80
1387 330.80
1388 329.60
1389 332.40
1390 332.40
1391 329.20
1392 325.60
1393 325.20
1394 324.80
1395 324.00
1396 324.80
1397 327.60
1398 327.20
1399 326.40
1400 392.80
1401 389.60
1402 389.60
1403 392.80
1404 392.00
1405 394.80
1406 394.00
1407 393.60
1408 394.80
1409 397.60
1410 396.40
1411 392.00
1412 391.60
1413 392.80
1414 394.00
1415 394.00
1416 394.80
1417 398.00
1418 397.20
1419 400.00
1420 398.00
1421 398.80
1422 398.80
1423 399.60
1424 397.20
1425 396.40
1426 395.20
1427 395.20
1428 394.80
1429 395.60
1430 396.40
1431 394.80
1432 397.20
1433 396.80
1434 396.40
1435 400.80
1436 401.20
1437 402.00
1438 402.00
1439 399.60
1440 403.20
1441 402.40
1442 407.20
1443 407.60
1444 408.00
1445 407.20
1446 404.40
1447 404.40
1448 405.20
1449 405.60
1450 404.80
1451 403.20
1452 401.60
1453 400.40
1454 402.40
1455 400.80
1456 400.40
1457 402.80
1458 401.20
1459 396.80
1460 398.80
1461 403.60
1462 404.40
1463 403.20
1464 402.80
1465 398.00
1466 401.20
1467 401.20
1468 400.40
1469 401.60
1470 404.40
1471 405.60
1472 407.20
1473 408.00
1474 409.60
1475 410.00
1476 410.40
1477 408.40
1478 407.60
1479 407.20
1480 404.80
1481 405.20
1482 406.40
1483 406.40
1484 405.20
1485 406.40
1486 406.40
1487 406.00
1488 407.60
1489 409.20
1490 409.60
1491 407.60
1492 405.20
1493 404.80
1494 404.00
1495 406.40
1496 410.40
1497 410.00
1498 410.00
1499 410.00
1500 410.00
1501 412.40
1502 414.00
1503 415.60
1504 412.80
1505 414.40
1506 414.80
1507 413.20
1508 412.80
1509 417.60
1510 416.00
1511 414.40
1512 414.00
1513 411.60
1514 408.40
1515 411.60
1516 410.00
1517 406.40
1518 406.80
1519 403.60
1520 404.80
1521 404.00
1522 402.00
1523 399.60
1524 398.40
1525 397.60
1526 397.20
1527 400.80
1528 397.60
1529 395.60
1530 396.00
1531 396.00
1532 395.20
1533 394.00
1534 394.40
1535 393.20
1536 393.60
1537 394.00
1538 392.40
1539 392.40
1540 391.20
1541 395.20
1542 396.80
1543 396.80
1544 396.00
1545 395.60
1546 395.60
1547 391.20
1548 389.20
1549 390.80
1550 392.00
1551 394.40
1552 394.40
1553 390.80
1554 392.40
1555 389.60
1556 390.40
1557 390.00
1558 390.80
1559 387.60
1560 388.40
1561 389.60
1562 389.60
1563 392.00
1564 394.40
1565 396.00
1566 393.60
1567 394.00
1568 395.20
1569 394.40
1570 392.40
1571 391.20
1572 391.60
1573 392.40
1574 394.40
1575 395.60
1576 396.80
1577 395.20
1578 399.60
1579 401.20
1580 402.40
1581 403.60
1582 400.80
1583 402.40
1584 403.60
1585 399.20
1586 398.40
1587 397.60
1588 397.60
1589 398.40
1590 395.60
1591 394.40
1592 390.40
1593 390.40
1594 391.60
1595 390.40
1596 389.20
1597 394.00
1598 395.20
1599 393.20
1600 334.80
1601 332.80
1602 331.60
1603 335.20
1604 333.20
1605 335.60
1606 334.80
1607 331.60
1608 333.20
1609 333.20
1610 328.80
1611 329.60
1612 330.00
1613 329.60
1614 329.20
1615 329.20
1616 328.00
1617 330.40
1618 333.20
1619 334.40
1620 334.40
1621 336.00
1622 335.60
1623 333.60
1624 332.40
1625 327.20
1626 326.80
1627 326.80
1628 328.00
1629 326.00
1630 327.20
1631 325.20
1632 322.80
1633 320.00
1634 322.00
1635 324.40
1636 324.40
1637 324.80
1638 322.00
1639 320.40
1640 321.60
1641 321.20
1642 321.20
1643 321.20
1644 319.60
1645 320.40
1646 317.20
1647 316.40
1648 318.80
1649 319.20
1650 314.80
1651 311.60
1652 314.80
1653 314.00
1654 317.20
1655 314.40
1656 314.80
1657 318.80
1658 317.60
1659 316.00
1660 322.00
1661 317.60
1662 316.40
1663 316.00
1664 316.80
1665 315.20
1666 318.40
1667 313.20
1668 312.80
1669 310.80
1670 312.80
1671 312.80
1672 314.80
1673 318.80
1674 319.20
1675 323.60
1676 322.40
1677 321.60
1678 318.40
1679 322.00
1680 320.00
1681 319.60
1682 322.40
1683 324.00
1684 324.80
1685 325.20
1686 326.00
1687 324.40
1688 328.80
1689 327.60
1690 330.00
1691 328.40
1692 332.00
1693 336.00
1694 337.20
1695 336.80
1696 338.00
1697 336.40
1698 337.60
1699 339.20
1700 342.00
1701 343.60
1702 340.80
1703 341.60
1704 340.00
1705 343.20
1706 341.60
1707 336.80
1708 335.20
1709 339.60
1710 335.60
1711 338.40
1712 341.60
1713 340.80
1714 338.00
1715 335.60
1716 333.60
1717 335.20
1718 335.60
1719 340.00
1720 341.60
1721 339.60
1722 338.40
1723 335.60
1724 334.80
1725 334.00
1726 334.80
1727 338.40
1728 338.00
1729 334.80
1730 335.20
1731 333.20
1732 335.20
1733 334.00
1734 334.40
1735 333.20
1736 332.40
1737 330.80
1738 328.40
1739 330.80
1740 327.60
1741 331.60
1742 333.20
1743 330.40
1744 329.60
1745 331.60
1746 332.40
1747 332.00
1748 329.60
1749 331.60
1750 328.40
1751 332.00
1752 332.80
1753 329.20
1754 329.60
1755 326.80
1756 328.80
1757 332.80
1758 334.00
1759 331.20
1760 333.60
1761 334.40
1762 332.00
1763 333.60
1764 336.00
1765 340.00
1766 340.00
1767 341.20
1768 338.40
1769 334.80
1770 331.20
1771 331.60
1772 331.20
1773 332.00
1774 333.60
1775 335.20
1776 336.00
1777 333.20
1778 335.60
1779 337.20
1780 337.60
1781 342.00
1782 339.60
1783 342.00
1784 338.80
1785 337.20
1786 337.20
1787 340.00
1788 340.80
1789 341.20
1790 340.80
1791 338.80
1792 333.60
1793 332.40
1794 333.60
1795 331.20
1796 332.40
1797 335.20
1798 334.00
1799 330.00
1800 354.00
1801 350.80
1802 347.60
1803 350.40
1804 351.60
1805 354.40
1806 351.60
1807 351.20
1808 352.40
1809 355.20
1810 354.40
1811 353.20
1812 353.20
1813 355.20
1814 355.20
1815 360.80
1816 364.00
1817 366.00
1818 366.40
1819 363.20
1820 360.80
1821 364.40
1822 363.60
1823 365.20
1824 363.20
1825 358.40
1826 358.00
1827 353.60
1828 353.20
1829 353.20
1830 354.80
1831 353.20
1832 352.00
1833 350.80
1834 351.20
1835 356.80
1836 356.00
1837 356.80
1838 352.80
1839 348.80
1840 348.80
1841 348.00
1842 345.60
1843 344.40
1844 340.80
1845 345.20
1846 345.60
1847 345.60
1848 346.00
1849 344.80
1850 343.20
1851 340.40
1852 344.80
1853 344.00
1854 342.80
1855 339.20
1856 341.60
1857 338.00
1858 336.40
1859 332.40
1860 335.60
1861 335.20
1862 335.60
1863 334.40
1864 335.20
1865 334.40
1866 335.20
1867 326.80
1868 330.80
1869 333.20
1870 331.20
1871 332.00
1872 334.00
1873 328.80
1874 331.20
1875 335.20
1876 334.40
1877 337.20
1878 338.40
1879 339.60
1880 336.40
1881 333.60
1882 335.20
1883 335.60
1884 334.80
1885 334.40
1886 335.60
1887 332.40
1888 337.20
1889 335.20
1890 337.20
1891 338.40
1892 338.80
1893 344.80
1894 349.20
1895 348.00
1896 348.40
1897 343.20
1898 344.00
1899 344.80
1900 349.20
1901 353.20
1902 352.00
1903 353.20
1904 349.20
1905 351.20
1906 350.00
1907 352.80
1908 352.00
1909 356.40
1910 352.80
1911 352.80
1912 350.00
1913 349.60
1914 346.00
1915 344.00
1916 342.80
1917 344.00
1918 343.20
1919 338.40
1920 344.80
1921 338.40
1922 336.40
1923 342.80
1924 340.00
1925 339.20
1926 338.80
1927 335.20
1928 330.80
1929 327.60
1930 328.80
1931 330.80
1932 328.00
1933 323.20
1934 324.00
1935 323.60
1936 320.40
1937 323.60
1938 321.20
1939 325.60
1940 321.60
1941 322.00
1942 329.20
1943 322.00
1944 320.40
1945 321.20
1946 321.60
1947 324.40
1948 321.60
1949 323.60
1950 318.40
1951 320.40
1952 320.40
1953 317.20
1954 321.20
1955 320.00
1956 321.60
1957 322.80
1958 324.00
1959 320.80
1960 322.00
1961 323.60
1962 326.00
1963 325.60
1964 328.40
1965 325.60
1966 322.80
1967 328.00
1968 324.40
1969 330.00
1970 328.00
1971 330.00
1972 330.80
1973 328.00
1974 330.40
1975 332.00
1976 333.60
1977 338.80
1978 342.40
1979 344.40
1980 344.80
1981 347.20
1982 349.60
1983 355.20
1984 354.80
1985 350.00
1986 352.80
1987 352.00
1988 353.60
1989 355.20
1990 357.20
1991 356.40
1992 351.20
1993 353.60
1994 354.40
1995 350.40
1996 349.20
1997 351.60
1998 353.20
1999 351.60
2000 366.80
2001 363.60
2002 362.00
2003 364.40
2004 366.00
2005 368.80
2006 367.20
2007 364.40
2008 365.20
2009 364.80
2010 361.20
2011 361.60
2012 363.20
2013 365.20
2014 362.80
2015 362.40
2016 364.40
2017 366.80
2018 369.20
2019 369.60
2020 370.00
2021 370.40
2022 370.40
2023 372.00
2024 371.20
2025 370.00
2026 368.80
2027 369.60
2028 369.60
2029 372.00
2030 373.60
2031 372.00
2032 372.00
2033 370.80
2034 371.60
2035 376.00
2036 375.60
2037 378.00
2038 377.60
2039 374.80
2040 375.20
2041 375.20
2042 374.40
2043 373.20
2044 375.20
2045 375.60
2046 376.40
2047 376.80
2048 380.00
2049 376.40
2050 374.80
2051 376.80
2052 378.40
2053 378.40
2054 374.80
2055 370.00
2056 371.20
2057 374.80
2058 374.00
2059 374.00
2060 378.40
2061 374.80
2062 375.20
2063 370.80
2064 374.80
2065 372.80
2066 373.60
2067 372.80
2068 372.80
2069 369.60
2070 370.40
2071 370.40
2072 371.60
2073 373.60
2074 374.80
2075 375.20
2076 375.20
2077 375.20
2078 376.80
2079 376.40
2080 373.20
2081 374.00
2082 374.40
2083 374.00
2084 370.00
2085 369.60
2086 371.60
2087 369.20
2088 373.20
2089 373.20
2090 375.60
2091 373.60
2092 376.80
2093 378.40
2094 378.80
2095 378.40
2096 377.60
2097 376.00
2098 376.00
2099 379.60
2100 379.60
2101 378.40
2102 376.80
2103 378.00
2104 382.00
2105 386.80
2106 384.00
2107 384.00
2108 381.60
2109 383.20
2110 378.00
2111 380.00
2112 379.60
2113 378.80
2114 375.60
2115 375.20
2116 374.80
2117 371.60
2118 372.40
2119 373.60
2120 376.00
2121 373.60
2122 373.20
2123 374.00
2124 373.20
2125 374.00
2126 374.00
2127 375.60
2128 372.80
2129 369.60
2130 372.00
2131 369.60
2132 366.80
2133 369.20
2134 372.80
2135 372.40
2136 371.20
2137 373.60
2138 370.80
2139 372.00
2140 366.80
2141 370.00
2142 370.40
2143 368.80
2144 369.60
2145 371.20
2146 372.40
2147 370.80
2148 369.60
2149 371.20
2150 373.60
2151 376.00
2152 377.60
2153 374.00
2154 372.00
2155 369.20
2156 372.40
2157 371.60
2158 374.00
2159 372.80
2160 377.20
2161 378.40
2162 376.80
2163 380.00
2164 381.60
2165 384.40
2166 382.00
2167 383.60
2168 380.40
2169 382.00
2170 378.40
2171 380.40
2172 379.60
2173 375.20
2174 375.60
2175 375.60
2176 376.80
2177 374.40
2178 375.60
2179 376.80
2180 376.00
2181 379.20
2182 381.60
2183 380.80
2184 380.40
2185 376.80
2186 376.40
2187 374.00
2188 373.20
2189 374.80
2190 377.20
2191 376.00
2192 373.20
2193 374.40
2194 371.20
2195 369.60
2196 368.40
2197 371.20
2198 369.20
2199 367.60
2200 365.20
2201 362.80
2202 360.80
2203 360.80
2204 357.20
2205 359.20
2206 354.00
2207 351.60
2208 353.20
2209 352.80
2210 347.60
2211 343.60
2212 340.80
2213 343.20
2214 344.80
2215 348.80
2216 346.40
2217 349.20
2218 350.00
2219 350.40
2220 349.60
2221 352.80
2222 351.20
2223 349.60
2224 346.80
2225 342.40
2226 343.60
2227 340.40
2228 340.00
2229 341.60
2230 343.20
2231 341.60
2232 341.60
2233 341.20
2234 337.20
2235 342.40
2236 342.00
2237 342.40
2238 339.60
2239 338.00
2240 340.40
2241 342.40
2242 339.60
2243 343.60
2244 346.80
2245 346.40
2246 342.80
2247 344.00
2248 339.60
2249 339.20
2250 338.00
2251 334.80
2252 338.40
2253 337.60
2254 342.80
2255 342.00
2256 346.80
2257 348.40
2258 347.20
2259 349.60
2260 356.00
2261 356.40
2262 360.00
2263 358.40
2264 357.60
2265 356.40
2266 355.20
2267 348.40
2268 351.20
2269 349.20
2270 349.60
2271 349.20
2272 352.00
2273 355.20
2274 357.20
2275 360.80
2276 360.00
2277 360.80
2278 360.00
2279 359.60
2280 356.80
2281 356.00
2282 360.80
2283 360.40
2284 364.00
2285 363.60
2286 364.00
2287 363.60
2288 368.00
2289 368.40
2290 370.80
2291 369.20
2292 372.00
2293 370.40
2294 370.80
2295 372.80
2296 376.80
2297 374.40
2298 379.20
2299 378.80
2300 379.20
2301 381.60
2302 380.40
2303 382.40
2304 383.20
2305 383.60
2306 381.20
2307 384.00
2308 382.80
2309 383.60
2310 380.80
2311 384.00
2312 378.80
2313 379.20
2314 378.80
2315 378.00
2316 380.00
2317 380.00
2318 380.80
2319 378.80
2320 381.60
2321 378.00
2322 376.40
2323 376.40
2324 376.40
2325 375.60
2326 374.40
2327 374.80
2328 372.00
2329 370.80
2330 370.80
2331 371.60
2332 369.60
2333 371.60
2334 372.00
2335 370.80
2336 368.00
2337 365.20
2338 363.20
2339 362.40
2340 357.60
2341 361.20
2342 363.20
2343 365.20
2344 364.40
2345 365.20
2346 366.00
2347 364.00
2348 363.20
2349 366.00
2350 362.80
2351 366.00
2352 365.60
2353 364.40
2354 362.00
2355 360.40
2356 363.20
2357 361.20
2358 362.00
2359 359.20
2360 360.80
2361 361.20
2362 365.60
2363 364.40
2364 364.00
2365 362.00
2366 363.60
2367 367.60
2368 363.20
2369 366.80
2370 364.40
2371 365.20
2372 365.60
2373 364.00
2374 364.80
2375 366.40
2376 367.20
2377 369.20
2378 373.20
2379 373.20
2380 374.40
2381 376.00
2382 373.20
2383 372.00
2384 372.00
2385 368.40
2386 371.20
2387 374.00
2388 374.40
2389 376.40
2390 376.40
2391 372.40
2392 370.40
2393 366.00
2394 363.20
2395 360.80
2396 359.60
2397 362.80
2398 363.20
2399 361.20
2400 378.80
2401 376.80
2402 376.40
2403 377.20
2404 373.60
2405 376.00
2406 371.20
2407 369.60
2408 370.80
2409 369.20
2410 368.80
2411 369.20
2412 368.00
2413 370.40
2414 372.80
2415 373.20
2416 373.20
2417 375.20
2418 375.60
2419 375.60
2420 374.40
2421 377.20
2422 379.20
2423 379.60
2424 378.80
2425 374.80
2426 375.60
2427 377.20
2428 377.60
2429 379.20
2430 377.20
2431 374.80
2432 376.00
2433 372.80
2434 373.60
2435 376.80
2436 375.60
2437 376.00
2438 374.40
2439 373.60
2440 375.20
2441 375.60
2442 377.20
2443 381.60
2444 385.20
2445 387.60
2446 384.40
2447 385.20
2448 386.40
2449 385.60
2450 385.20
2451 382.00
2452 383.60
2453 381.60
2454 385.20
2455 382.40
2456 386.00
2457 389.60
2458 388.40
2459 388.00
2460 389.60
2461 386.00
2462 388.00
2463 381.60
2464 382.80
2465 381.20
2466 382.00
2467 377.60
2468 381.20
2469 381.20
2470 383.60
2471 384.80
2472 385.20
2473 383.60
2474 383.20
2475 387.20
2476 385.60
2477 384.40
2478 382.00
2479 382.40
2480 384.00
2481 384.40
2482 383.60
2483 386.80
2484 385.20
2485 384.40
2486 385.20
2487 386.00
2488 390.00
2489 390.40
2490 391.20
2491 389.60
2492 388.80
2493 388.00
2494 386.80
2495 388.80
2496 393.20
2497 392.00
2498 392.80
2499 393.20
2500 392.80
2501 396.40
2502 391.60
2503 394.00
2504 396.40
2505 398.00
2506 396.00
2507 394.80
2508 394.00
2509 394.00
2510 389.60
2511 388.00
2512 383.60
2513 388.40
2514 386.00
2515 385.60
2516 384.40
2517 384.00
2518 382.40
2519 382.80
2520 383.60
2521 380.00
2522 378.80
2523 382.80
2524 382.80
2525 381.60
2526 382.80
2527 385.60
2528 385.20
2529 384.00
2530 383.20
2531 382.00
2532 380.00
2533 380.80
2534 382.00
2535 382.00
2536 381.60
2537 379.20
2538 377.60
2539 376.80
2540 373.60
2541 375.60
2542 377.20
2543 377.20
2544 378.00
2545 377.20
2546 377.20
2547 376.40
2548 376.00
2549 378.40
2550 379.60
2551 381.20
2552 384.80
2553 383.60
2554 381.20
2555 380.00
2556 383.20
2557 382.40
2558 383.20
2559 385.20
2560 388.40
2561 393.20
2562 396.80
2563 396.00
2564 394.80
2565 396.40
2566 396.80
2567 399.60
2568 397.20
2569 396.80
2570 394.80
2571 394.40
2572 393.20
2573 390.40
2574 391.60
2575 392.80
2576 392.40
2577 389.20
2578 391.60
2579 390.80
2580 392.00
2581 395.20
2582 396.80
2583 396.00
2584 395.60
2585 393.20
2586 394.00
2587 395.20
2588 394.40
2589 395.60
2590 396.40
2591 395.60
2592 393.20
2593 389.60
2594 386.40
2595 382.80
2596 381.60
2597 382.80
2598 381.20
2599 379.20
2600 382.00
2601 379.60
2602 377.60
2603 377.60
2604 378.40
2605 381.60
2606 380.00
2607 379.20
2608 380.40
2609 381.60
2610 381.20
2611 381.20
2612 379.20
2613 381.60
2614 382.80
2615 383.20
2616 382.80
2617 384.80
2618 382.00
2619 382.80
2620 381.60
2621 382.00
2622 381.20
2623 381.60
2624 378.80
2625 374.80
2626 375.60
2627 378.00
2628 377.60
2629 379.60
2630 380.80
2631 378.40
2632 378.80
2633 374.40
2634 376.40
2635 377.20
2636 376.80
2637 376.80
2638 374.40
2639 368.00
2640 369.20
2641 368.40
2642 370.00
2643 374.00
2644 374.80
2645 374.00
2646 369.20
2647 370.00
2648 371.20
2649 370.80
2650 368.40
2651 366.00
2652 369.60
2653 368.00
2654 369.60
2655 366.80
2656 366.80
2657 369.20
2658 368.00
2659 366.80
2660 368.40
2661 365.20
2662 368.00
2663 365.60
2664 364.40
2665 363.20
2666 363.60
2667 359.20
2668 362.80
2669 362.40
2670 363.20
2671 362.80
2672 363.60
2673 363.60
2674 365.60
2675 368.80
2676 368.00
2677 367.20
2678 368.00
2679 368.00
2680 363.60
2681 364.00
2682 364.40
2683 367.20
2684 366.40
2685 365.60
2686 366.40
2687 365.60
2688 369.60
2689 374.00
2690 374.00
2691 373.20
2692 373.20
2693 371.60
2694 372.80
2695 375.20
2696 380.80
2697 377.60
2698 378.80
2699 379.20
2700 380.00
2701 382.00
2702 380.00
2703 382.80
2704 384.00
2705 385.60
2706 384.80
2707 383.60
2708 379.20
2709 378.80
2710 376.80
2711 378.40
2712 376.40
2713 375.20
2714 373.20
2715 369.60
2716 370.80
2717 370.40
2718 369.60
2719 369.60
2720 372.40
2721 368.80
2722 367.60
2723 369.60
2724 368.40
2725 368.40
2726 365.60
2727 368.40
2728 369.20
2729 365.60
2730 367.60
2731 366.80
2732 365.60
2733 368.40
2734 368.40
2735 367.20
2736 366.80
2737 365.20
2738 363.60
2739 364.00
2740 361.60
2741 364.80
2742 365.60
2743 366.00
2744 365.20
2745 366.80
2746 367.20
2747 366.80
2748 364.80
2749 366.80
2750 368.80
2751 371.60
2752 372.00
2753 370.80
2754 367.20
2755 365.20
2756 367.60
2757 367.20
2758 371.60
2759 372.00
2760 372.80
2761 374.40
2762 375.60
2763 376.80
2764 378.80
2765 383.20
2766 382.00
2767 384.80
2768 384.80
2769 384.40
2770 382.00
2771 385.60
2772 386.80
2773 384.40
2774 386.40
2775 387.20
2776 390.00
2777 385.60
2778 384.40
2779 386.00
2780 387.20
2781 390.00
2782 390.40
2783 389.20
2784 388.00
2785 389.20
2786 389.20
2787 391.60
2788 391.60
2789 393.20
2790 394.40
2791 392.80
2792 390.40
2793 387.60
2794 386.40
2795 383.20
2796 382.00
2797 384.80
2798 384.40
2799 382.40
2800 388.80
2801 386.40
2802 384.80
2803 388.00
2804 388.00
2805 391.20
2806 387.20
2807 388.00
2808 388.40
2809 388.80
2810 383.60
2811 383.60
2812 385.60
2813 387.60
2814 390.00
2815 390.00
2816 384.80
2817 388.00
2818 385.60
2819 384.80
2820 383.60
2821 383.20
2822 382.00
2823 381.20
2824 379.20
2825 374.80
2826 375.60
2827 375.60
2828 376.00
2829 377.60
2830 378.80
2831 376.40
2832 373.20
2833 372.80
2834 370.00
2835 372.80
2836 376.00
2837 376.40
2838 373.20
2839 372.00
2840 370.00
2841 367.60
2842 366.80
2843 368.40
2844 368.80
2845 371.20
2846 368.40
2847 369.20
2848 374.00
2849 377.60
2850 373.60
2851 374.80
2852 378.80
2853 378.00
2854 380.80
2855 378.80
2856 378.40
2857 379.20
2858 378.40
2859 378.00
2860 384.00
2861 381.60
2862 382.00
2863 379.60
2864 378.80
2865 377.60
2866 381.60
2867 378.80
2868 378.80
2869 377.20
2870 378.40
2871 379.20
2872 381.60
2873 379.20
2874 381.20
2875 384.00
2876 382.80
2877 380.40
2878 380.00
2879 380.00
2880 377.20
2881 378.40
2882 382.80
2883 382.00
2884 386.80
2885 386.40
2886 387.20
2887 386.40
2888 391.20
2889 389.20
2890 392.80
2891 395.20
2892 396.80
2893 398.80
2894 400.80
2895 398.80
2896 402.80
2897 400.40
2898 401.20
2899 402.00
2900 404.00
2901 402.00
2902 400.40
2903 402.00
2904 402.80
2905 404.40
2906 405.60
2907 404.80
2908 400.40
2909 400.80
2910 399.20
2911 400.40
2912 395.20
2913 394.00
2914 391.60
2915 389.20
2916 387.20
2917 386.40
2918 387.20
2919 387.20
2920 389.60
2921 391.20
2922 390.40
2923 394.40
2924 393.60
2925 391.20
2926 390.00
2927 394.00
2928 390.00
2929 387.60
2930 389.20
2931 389.20
2932 384.00
2933 385.60
2934 385.20
2935 384.80
2936 384.40
2937 384.80
2938 382.40
2939 383.60
2940 382.00
2941 382.00
2942 383.60
2943 381.60
2944 380.00
2945 382.00
2946 382.00
2947 380.40
2948 377.20
2949 378.40
2950 380.40
2951 383.60
2952 382.80
2953 378.80
2954 375.20
2955 372.40
2956 375.60
2957 374.80
2958 379.60
2959 379.20
2960 380.00
2961 381.20
2962 384.00
2963 385.60
2964 386.40
2965 390.00
2966 393.20
2967 393.60
2968 395.20
2969 397.60
2970 395.20
2971 393.20
2972 392.80
2973 392.00
2974 392.80
2975 396.80
2976 398.40
2977 396.80
2978 400.80
2979 401.60
2980 401.60
2981 402.80
2982 406.80
2983 406.40
2984 404.80
2985 402.80
2986 399.20
2987 399.20
2988 400.00
2989 402.00
2990 402.00
2991 402.00
2992 399.60
2993 398.00
2994 397.20
2995 394.80
2996 393.60
2997 396.80
2998 394.40
2999 388.80
