0 158.67
1 212.67
2 243.33
3 175.33
4 191.33
5 210.00
6 184.00
7 190.67
8 182.67
9 200.00
10 214.67
11 284.67
12 218.67
13 228.67
14 172.67
15 190.00
16 199.33
17 242.00
18 314.67
19 276.67
20 252.00
21 296.67
22 184.67
23 253.33
24 223.33
25 218.67
26 284.00
27 229.33
28 207.33
29 198.67
30 225.33
31 286.67
32 188.67
33 193.33
34 224.67
35 276.67
36 284.67
37 344.00
38 210.67
39 205.33
40 202.00
41 190.67
42 327.33
43 188.67
44 272.67
45 226.67
46 164.67
47 242.67
48 237.33
49 273.33
50 189.33
51 245.33
52 210.00
53 322.67
54 299.33
55 216.00
56 188.00
57 274.67
58 193.33
59 296.00
60 196.67
61 183.33
62 198.00
63 229.33
64 202.00
65 249.33
66 209.33
67 172.67
68 287.33
69 310.67
70 202.00
71 220.67
72 200.67
73 322.67
74 225.33
75 205.33
76 318.00
77 316.67
78 186.67
79 177.33
80 230.67
81 296.67
82 218.00
83 190.00
84 195.33
85 174.00
86 234.00
87 258.00
88 193.33
89 318.67
90 248.00
91 221.33
92 190.67
93 284.00
94 195.33
95 245.33
96 205.33
97 201.33
98 236.67
99 268.00
100 183.33
101 360.00
102 208.67
103 219.33
104 209.33
105 206.00
106 188.67
107 223.33
108 206.00
109 215.33
110 196.67
111 207.33
112 210.67
113 252.00
114 210.67
115 188.00
116 199.33
117 175.33
118 338.00
119 226.00
120 191.33
121 248.67
122 211.33
123 186.00
124 188.67
125 218.67
126 172.67
127 192.00
128 190.00
129 272.67
130 219.33
131 250.00
132 207.33
133 186.00
134 200.00
135 231.33
136 223.33
137 205.33
138 214.00
139 194.00
140 223.33
141 254.00
142 202.00
143 220.67
144 200.67
145 225.33
146 226.00
147 202.00
148 236.67
149 274.67
150 342.67
151 210.67
152 238.67
153 200.00
154 343.33
155 210.00
156 359.33
157 306.67
158 218.67
159 337.33
160 196.67
161 296.67
162 238.00
163 204.00
164 265.33
165 209.33
166 160.00
167 224.00
168 191.33
169 342.67
170 217.33
171 336.00
172 215.33
173 322.67
174 220.67
175 221.33
176 191.33
177 207.33
178 182.67
179 214.67
180 307.33
181 211.33
182 215.33
183 192.67
184 193.33
185 190.00
186 204.00
187 191.33
188 248.67
189 196.67
190 180.00
191 219.33
192 224.00
193 191.33
194 278.67
195 234.67
196 201.33
197 209.33
198 204.67
199 198.00
200 196.67
201 303.33
202 296.00
203 217.33
204 316.00
205 316.00
206 226.67
207 283.33
208 226.67
209 307.33
210 281.33
211 353.33
212 240.00
213 203.33
214 260.67
215 261.33
216 226.00
217 342.00
218 319.33
219 240.00
220 208.67
221 208.67
222 232.00
223 440.67
224 290.00
225 306.00
226 312.67
227 356.00
228 248.00
229 221.33
230 344.00
231 197.33
232 237.33
233 218.67
234 283.33
235 231.33
236 244.00
237 224.67
238 235.33
239 219.33
240 235.33
241 212.00
242 231.33
243 194.67
244 212.00
245 232.67
246 240.67
247 312.67
248 298.00
249 346.00
250 298.67
251 245.33
252 239.33
253 228.67
254 270.00
255 239.33
256 282.67
257 185.33
258 250.00
259 189.33
260 207.33
261 438.67
262 250.00
263 192.67
264 203.33
265 292.67
266 170.67
267 282.00
268 208.67
269 234.00
270 202.00
271 227.33
272 226.00
273 237.33
274 256.00
275 298.67
276 372.00
277 220.67
278 188.00
279 208.67
280 196.67
281 246.67
282 416.67
283 180.00
284 216.00
285 243.33
286 242.00
287 290.00
288 252.67
289 296.00
290 298.67
291 373.33
292 244.67
293 361.33
294 185.33
295 245.33
296 236.00
297 292.67
298 278.00
299 243.33
300 171.33
301 206.67
302 272.67
303 210.67
304 283.33
305 280.00
306 182.67
307 235.33
308 242.00
309 328.00
310 239.33
311 223.33
312 216.00
313 242.00
314 272.00
315 220.00
316 223.33
317 282.00
318 258.67
319 226.67
320 277.33
321 285.33
322 255.33
323 190.00
324 248.67
325 232.00
326 254.67
327 212.00
328 256.00
329 226.00
330 221.33
331 365.33
332 266.00
333 302.67
334 236.67
335 271.33
336 236.00
337 257.33
338 378.00
339 320.67
340 225.33
341 297.33
342 286.67
343 231.33
344 353.33
345 242.67
346 241.33
347 238.00
348 388.67
349 312.67
350 270.00
351 302.67
352 237.33
353 260.00
354 389.33
355 223.33
356 266.67
357 334.67
358 380.67
359 232.67
360 238.67
361 317.33
362 264.67
363 221.33
364 240.67
365 366.00
366 222.67
367 249.33
368 192.00
369 235.33
370 248.67
371 275.33
372 246.67
373 276.67
374 271.33
375 228.00
376 304.67
377 297.33
378 425.33
379 232.67
380 282.00
381 220.00
382 276.00
383 251.33
384 229.33
385 338.00
386 246.67
387 232.00
388 278.00
389 272.67
390 252.67
391 200.67
392 228.00
393 267.33
394 297.33
395 257.33
396 204.67
397 204.00
398 260.67
399 186.00
400 157.33
401 204.67
402 218.67
403 199.33
404 337.33
405 330.00
406 124.67
407 261.33
408 236.00
409 212.00
410 193.33
411 232.67
412 106.00
413 272.00
414 310.67
415 439.33
416 208.00
417 418.00
418 479.33
419 333.33
420 276.67
421 250.00
422 236.67
423 260.00
424 246.00
425 228.67
426 229.33
427 253.33
428 229.33
429 268.00
430 237.33
431 138.67
432 118.00
433 317.33
434 462.67
435 260.67
436 228.67
437 304.67
438 245.33
439 272.67
440 264.00
441 268.67
442 249.33
443 298.00
444 416.67
445 457.33
446 390.67
447 233.33
448 418.00
449 223.33
450 214.00
451 229.33
452 420.00
453 359.33
454 336.67
455 222.67
456 336.00
457 158.00
458 196.00
459 230.00
460 243.33
461 374.67
462 255.33
463 281.33
464 256.00
465 354.00
466 289.33
467 278.67
468 384.00
469 231.33
470 389.33
471 295.33
472 324.00
473 269.33
474 152.67
475 319.33
476 320.67
477 222.00
478 349.33
479 226.67
480 229.33
481 373.33
482 268.67
483 260.00
484 291.33
485 304.67
486 291.33
487 458.67
488 235.33
489 333.33
490 304.00
491 474.00
492 362.67
493 295.33
494 299.33
495 278.00
496 339.33
497 356.00
498 214.00
499 162.67
500 416.67
501 145.33
502 230.67
503 105.33
504 308.00
505 276.00
506 245.33
507 344.00
508 214.00
509 290.00
510 369.33
511 244.00
512 248.00
513 231.33
514 277.33
515 199.33
516 208.67
517 334.67
518 411.33
519 205.33
520 122.67
521 367.33
522 240.67
523 343.33
524 248.67
525 241.33
526 139.33
527 135.33
528 242.00
529 218.00
530 304.00
531 248.67
532 313.33
533 305.33
534 400.00
535 422.67
536 164.00
537 331.33
538 221.33
539 256.67
540 344.67
541 396.00
542 200.00
543 151.33
544 246.67
545 200.00
546 295.33
547 192.00
548 353.33
549 452.67
550 276.67
551 229.33
552 216.67
553 308.67
554 247.33
555 249.33
556 368.00
557 270.67
558 305.33
559 265.33
560 264.00
561 323.33
562 224.67
563 351.33
564 242.00
565 232.67
566 411.33
567 266.00
568 225.33
569 277.33
570 210.67
571 248.67
572 190.67
573 128.67
574 287.33
575 262.00
576 316.00
577 356.67
578 240.67
579 177.33
580 406.00
581 253.33
582 251.33
583 213.33
584 332.00
585 282.00
586 281.33
587 133.33
588 346.00
589 262.00
590 422.67
591 368.00
592 281.33
593 253.33
594 122.67
595 176.67
596 207.33
597 288.00
598 231.33
599 262.00
600 253.33
601 272.67
602 208.67
603 272.67
604 289.33
605 451.33
606 358.67
607 434.67
608 420.67
609 242.67
610 456.67
611 410.00
612 264.67
613 354.67
614 242.00
615 280.67
616 322.67
617 260.67
618 262.67
619 312.67
620 219.33
621 317.33
622 308.67
623 276.67
624 357.33
625 343.33
626 311.33
627 349.33
628 240.67
629 258.67
630 244.67
631 287.33
632 308.00
633 305.33
634 486.67
635 306.67
636 195.33
637 361.33
638 357.33
639 240.00
640 296.67
641 237.33
642 380.00
643 298.67
644 280.00
645 224.67
646 375.33
647 266.00
648 251.33
649 256.67
650 151.33
651 365.33
652 442.00
653 214.67
654 299.33
655 303.33
656 377.33
657 390.00
658 281.33
659 322.00
660 300.00
661 389.33
662 220.00
663 236.00
664 381.33
665 158.67
666 263.33
667 252.00
668 290.67
669 288.00
670 232.00
671 246.00
672 358.00
673 228.67
674 472.00
675 289.33
676 364.67
677 142.00
678 172.67
679 311.33
680 187.33
681 280.00
682 288.00
683 242.00
684 184.00
685 193.33
686 274.00
687 248.67
688 366.67
689 351.33
690 288.67
691 249.33
692 199.33
693 454.67
694 347.33
695 278.00
696 217.33
697 254.67
698 264.00
699 437.33
700 363.33
701 298.67
702 337.33
703 270.00
704 231.33
705 205.33
706 293.33
707 364.67
708 329.33
709 484.67
710 471.33
711 248.67
712 325.33
713 310.67
714 273.33
715 368.67
716 219.33
717 300.00
718 370.67
719 426.00
720 350.00
721 175.33
722 302.67
723 452.00
724 336.00
725 272.00
726 347.33
727 366.67
728 356.67
729 396.67
730 450.67
731 324.00
732 171.33
733 254.67
734 421.33
735 263.33
736 260.00
737 215.33
738 219.33
739 362.67
740 267.33
741 160.67
742 370.00
743 320.67
744 278.67
745 246.00
746 238.67
747 326.00
748 271.33
749 468.00
750 300.00
751 280.00
752 274.67
753 301.33
754 262.67
755 220.00
756 296.00
757 280.67
758 320.67
759 320.00
760 250.67
761 321.33
762 362.67
763 224.00
764 274.00
765 403.33
766 284.67
767 360.67
768 446.00
769 252.00
770 314.00
771 264.67
772 266.67
773 246.00
774 358.67
775 268.67
776 226.67
777 396.67
778 287.33
779 260.00
780 313.33
781 376.67
782 264.00
783 330.00
784 235.33
785 378.67
786 263.33
787 290.67
788 396.67
789 221.33
790 318.67
791 173.33
792 282.67
793 265.33
794 303.33
795 310.67
796 291.33
797 304.00
798 180.00
799 162.67
800 234.00
801 336.00
802 389.33
803 409.33
804 158.67
805 318.67
806 294.67
807 345.33
808 410.00
809 265.33
810 500.00
811 226.00
812 240.00
813 128.67
814 252.00
815 285.33
816 278.67
817 366.00
818 235.33
819 382.00
820 350.00
821 264.00
822 384.00
823 144.00
824 380.67
825 340.00
826 490.00
827 261.33
828 289.33
829 371.33
830 356.00
831 313.33
832 499.33
833 316.67
834 233.33
835 336.67
836 368.67
837 372.67
838 444.00
839 254.67
840 225.33
841 322.00
842 336.67
843 204.67
844 338.67
845 498.67
846 219.33
847 330.67
848 214.67
849 296.00
850 222.00
851 285.33
852 280.00
853 260.67
854 140.67
855 280.00
856 338.67
857 260.67
858 296.67
859 234.00
860 276.00
861 285.33
862 267.33
863 302.67
864 242.00
865 277.33
866 332.67
867 434.00
868 347.33
869 266.67
870 350.00
871 358.67
872 333.33
873 461.33
874 156.67
875 212.67
876 194.00
877 355.33
878 300.67
879 239.33
880 270.00
881 352.00
882 307.33
883 238.67
884 306.67
885 241.33
886 257.33
887 350.67
888 300.00
889 212.67
890 257.33
891 271.33
892 258.67
893 255.33
894 349.33
895 194.00
896 438.00
897 221.33
898 292.67
899 401.33
900 269.33
901 200.67
902 453.33
903 370.67
904 357.33
905 446.67
906 220.00
907 304.67
908 297.33
909 322.67
910 488.00
911 233.33
912 443.33
913 302.00
914 233.33
915 158.67
916 297.33
917 299.33
918 348.00
919 282.00
920 302.67
921 351.33
922 228.00
923 174.67
924 192.67
925 182.67
926 402.00
927 224.67
928 286.67
929 351.33
930 178.00
931 246.67
932 186.00
933 197.33
934 280.67
935 432.00
936 442.00
937 320.00
938 264.00
939 263.33
940 457.33
941 347.33
942 300.00
943 230.00
944 289.33
945 194.67
946 420.00
947 300.00
948 409.33
949 227.33
950 350.67
951 255.33
952 274.00
953 256.00
954 432.67
955 258.00
956 374.00
957 316.67
958 238.00
959 218.00
960 152.00
961 197.33
962 324.00
963 419.33
964 271.33
965 134.67
966 299.33
967 270.67
968 264.00
969 238.67
970 487.33
971 356.00
972 431.33
973 179.33
974 267.33
975 357.33
976 324.67
977 230.67
978 282.00
979 178.00
980 205.33
981 371.33
982 228.67
983 283.33
984 304.00
985 398.00
986 332.67
987 441.33
988 218.67
989 228.67
990 302.00
991 241.33
992 220.67
993 190.67
994 235.33
995 280.67
996 299.33
997 320.00
998 424.00
999 398.67
1000 366.00
1001 286.00
1002 280.00
1003 120.00
1004 406.00
1005 366.00
1006 265.33
1007 320.00
1008 366.00
1009 320.00
1010 188.67
1011 320.00
1012 228.00
1013 330.67
1014 294.00
1015 340.67
1016 200.00
1017 433.33
1018 394.00
1019 257.33
1020 212.00
1021 347.33
1022 285.33
1023 306.00
1024 251.33
1025 183.33
1026 306.00
1027 427.33
1028 100.00
1029 380.00
1030 227.33
1031 354.00
1032 202.00
1033 340.00
1034 341.33
1035 360.00
1036 300.00
1037 380.00
1038 142.67
1039 218.67
1040 356.00
1041 333.33
1042 277.33
1043 331.33
1044 500.00
1045 380.00
1046 279.33
1047 233.33
1048 292.67
1049 280.00
1050 184.00
1051 210.67
1052 322.00
1053 434.00
1054 215.33
1055 347.33
1056 306.67
1057 194.67
1058 318.00
1059 238.00
1060 198.00
1061 214.00
1062 500.00
1063 400.00
1064 500.00
1065 424.00
1066 284.00
1067 369.33
1068 253.33
1069 440.00
1070 190.00
1071 248.00
1072 118.00
1073 312.00
1074 299.33
1075 500.00
1076 284.00
1077 286.67
1078 301.33
1079 442.67
1080 170.67
1081 306.67
1082 88.00
1083 238.67
1084 300.00
1085 225.33
1086 292.00
1087 351.33
1088 319.33
1089 356.00
1090 209.33
1091 380.67
1092 379.33
1093 272.67
1094 265.33
1095 105.33
1096 286.67
1097 323.33
1098 204.00
1099 301.33
1100 284.00
1101 280.67
1102 385.33
1103 279.33
1104 305.33
1105 352.00
1106 215.33
1107 131.33
1108 384.67
1109 310.00
1110 181.33
1111 351.33
1112 300.00
1113 463.33
1114 183.33
1115 230.67
1116 216.67
1117 462.67
1118 364.00
1119 291.33
1120 256.00
1121 301.33
1122 370.67
1123 370.00
1124 408.67
1125 353.33
1126 284.00
1127 312.00
1128 402.67
1129 358.67
1130 187.33
1131 224.67
1132 299.33
1133 294.00
1134 440.00
1135 250.67
1136 332.67
1137 287.33
1138 162.00
1139 459.33
1140 320.00
1141 220.00
1142 304.67
1143 254.67
1144 302.00
1145 330.67
1146 356.00
1147 293.33
1148 400.00
1149 340.00
1150 399.33
1151 268.00
1152 217.33
1153 427.33
1154 273.33
1155 339.33
1156 351.33
1157 374.00
1158 313.33
1159 495.33
1160 206.67
1161 255.33
1162 190.67
1163 493.33
1164 322.67
1165 219.33
1166 284.67
1167 270.00
1168 394.67
1169 238.00
1170 258.00
1171 382.67
1172 496.67
1173 499.33
1174 226.67
1175 276.00
1176 268.67
1177 318.67
1178 235.33
1179 300.00
1180 258.67
1181 189.33
1182 244.00
1183 297.33
1184 243.33
1185 292.67
1186 370.67
1187 317.33
1188 170.00
1189 279.33
1190 269.33
1191 366.00
1192 321.33
1193 218.00
1194 283.33
1195 270.00
1196 260.67
1197 384.67
1198 226.00
1199 365.33
1200 294.00
1201 280.00
1202 334.00
1203 224.00
1204 118.67
1205 500.00
1206 416.00
1207 305.33
1208 380.00
1209 474.67
1210 396.67
1211 260.67
1212 419.33
1213 464.67
1214 426.00
1215 399.33
1216 340.00
1217 374.67
1218 162.00
1219 200.00
1220 200.67
1221 476.00
1222 331.33
1223 177.33
1224 360.00
1225 400.00
1226 426.67
1227 218.00
1228 234.00
1229 412.00
1230 183.33
1231 280.00
1232 500.00
1233 351.33
1234 310.67
1235 396.00
1236 290.00
1237 384.00
1238 442.67
1239 399.33
1240 190.00
1241 302.00
1242 234.67
1243 190.67
1244 308.00
1245 214.00
1246 380.67
1247 400.00
1248 268.67
1249 328.00
1250 450.67
1251 359.33
1252 242.67
1253 436.00
1254 226.67
1255 437.33
1256 222.67
1257 334.00
1258 340.00
1259 414.67
1260 198.00
1261 239.33
1262 183.33
1263 216.67
1264 374.67
1265 299.33
1266 240.00
1267 324.67
1268 262.00
1269 318.00
1270 283.33
1271 334.67
1272 150.00
1273 364.00
1274 346.00
1275 471.33
1276 158.67
1277 395.33
1278 296.67
1279 192.67
1280 411.33
1281 226.00
1282 376.67
1283 341.33
1284 359.33
1285 276.00
1286 194.67
1287 240.67
1288 426.00
1289 280.67
1290 156.67
1291 196.00
1292 229.33
1293 373.33
1294 354.00
1295 287.33
1296 459.33
1297 312.67
1298 414.00
1299 230.67
1300 422.00
1301 377.33
1302 436.00
1303 225.33
1304 260.00
1305 222.67
1306 158.67
1307 444.67
1308 475.33
1309 388.00
1310 198.67
1311 353.33
1312 188.67
1313 325.33
1314 207.33
1315 206.67
1316 218.67
1317 226.67
1318 498.67
1319 288.67
1320 346.67
1321 458.67
1322 178.00
1323 193.33
1324 179.33
1325 256.00
1326 321.33
1327 206.00
1328 283.33
1329 361.33
1330 373.33
1331 200.67
1332 152.67
1333 379.33
1334 160.67
1335 336.67
1336 308.00
1337 230.00
1338 376.67
1339 358.67
1340 233.33
1341 270.67
1342 339.33
1343 297.33
1344 326.00
1345 92.00
1346 355.33
1347 404.67
1348 240.67
1349 277.33
1350 193.33
1351 419.33
1352 213.33
1353 428.67
1354 220.67
1355 195.33
1356 152.00
1357 241.33
1358 190.67
1359 281.33
1360 122.00
1361 148.67
1362 344.67
1363 168.00
1364 284.67
1365 336.67
1366 166.00
1367 286.00
1368 391.33
1369 406.67
1370 252.00
1371 368.00
1372 297.33
1373 196.67
1374 324.67
1375 240.00
1376 258.67
1377 294.67
1378 212.67
1379 303.33
1380 490.67
1381 237.33
1382 249.33
1383 268.67
1384 288.00
1385 392.00
1386 266.00
1387 303.33
1388 192.67
1389 184.00
1390 286.00
1391 226.67
1392 296.00
1393 242.00
1394 367.33
1395 196.00
1396 304.67
1397 308.00
1398 272.00
1399 247.33
1400 460.00
1401 280.00
1402 312.67
1403 322.67
1404 395.33
1405 324.00
1406 240.00
1407 498.00
1408 184.67
1409 240.00
1410 307.33
1411 293.33
1412 256.00
1413 242.00
1414 216.67
1415 200.67
1416 250.00
1417 336.00
1418 199.33
1419 273.33
1420 220.67
1421 342.00
1422 338.67
1423 336.67
1424 336.00
1425 229.33
1426 316.00
1427 375.33
1428 166.67
1429 177.33
1430 161.33
1431 308.67
1432 250.67
1433 277.33
1434 272.00
1435 316.00
1436 360.00
1437 115.33
1438 178.67
1439 292.00
1440 306.00
1441 160.00
1442 435.33
1443 375.33
1444 388.67
1445 198.00
1446 483.33
1447 332.67
1448 412.00
1449 310.00
1450 334.00
1451 177.33
1452 134.67
1453 248.00
1454 255.33
1455 254.67
1456 140.67
1457 186.00
1458 222.00
1459 370.00
1460 174.00
1461 156.00
1462 149.33
1463 301.33
1464 182.00
1465 289.33
1466 302.67
1467 338.67
1468 183.33
1469 163.33
1470 346.67
1471 354.67
1472 179.33
1473 340.67
1474 298.67
1475 384.00
1476 318.00
1477 194.67
1478 399.33
1479 432.00
1480 190.67
1481 472.00
1482 194.67
1483 476.00
1484 319.33
1485 279.33
1486 273.33
1487 333.33
1488 413.33
1489 357.33
1490 357.33
1491 310.67
1492 359.33
1493 314.00
1494 396.67
1495 247.33
1496 112.67
1497 160.00
1498 398.00
1499 404.67
1500 486.00
1501 150.67
1502 244.00
1503 256.67
1504 393.33
1505 268.00
1506 370.00
1507 437.33
1508 500.00
1509 256.67
1510 207.33
1511 299.33
1512 278.67
1513 305.33
1514 240.00
1515 284.67
1516 194.00
1517 378.00
1518 410.00
1519 434.67
1520 400.00
1521 382.00
1522 360.00
1523 187.33
1524 320.00
1525 419.33
1526 300.00
1527 390.67
1528 166.67
1529 245.33
1530 242.00
1531 272.00
1532 229.33
1533 326.67
1534 353.33
1535 411.33
1536 376.67
1537 260.67
1538 274.67
1539 238.67
1540 288.00
1541 336.00
1542 352.00
1543 227.33
1544 216.00
1545 190.00
1546 440.00
1547 270.67
1548 354.00
1549 262.00
1550 261.33
1551 202.00
1552 395.33
1553 424.00
1554 383.33
1555 328.67
1556 369.33
1557 284.67
1558 174.00
1559 420.00
1560 310.00
1561 455.33
1562 284.00
1563 156.00
1564 451.33
1565 197.33
1566 172.67
1567 392.67
1568 377.33
1569 284.00
1570 402.00
1571 226.00
1572 365.33
1573 326.67
1574 303.33
1575 380.00
1576 236.67
1577 424.67
1578 446.67
1579 300.00
1580 260.00
1581 235.33
1582 287.33
1583 372.67
1584 400.00
1585 299.33
1586 438.00
1587 261.33
1588 273.33
1589 284.67
1590 226.00
1591 449.33
1592 494.00
1593 396.67
1594 232.00
1595 394.67
1596 282.67
1597 220.00
1598 368.00
1599 360.00
1600 280.00
1601 380.00
1602 280.00
1603 220.00
1604 140.00
1605 396.67
1606 200.00
1607 480.00
1608 440.00
1609 140.00
1610 195.33
1611 320.00
1612 420.00
1613 360.00
1614 349.33
1615 245.33
1616 294.00
1617 480.67
1618 260.00
1619 257.33
1620 182.67
1621 300.00
1622 414.00
1623 480.00
1624 415.33
1625 220.00
1626 302.00
1627 112.67
1628 182.67
1629 177.33
1630 234.00
1631 354.67
1632 247.33
1633 254.67
1634 284.67
1635 221.33
1636 189.33
1637 344.67
1638 370.67
1639 328.67
1640 284.00
1641 371.33
1642 242.00
1643 459.33
1644 250.67
1645 261.33
1646 244.67
1647 254.67
1648 360.67
1649 298.67
1650 140.67
1651 239.33
1652 239.33
1653 185.33
1654 196.00
1655 225.33
1656 186.67
1657 330.00
1658 178.67
1659 251.33
1660 230.67
1661 220.00
1662 216.67
1663 80.67
1664 453.33
1665 351.33
1666 200.67
1667 260.67
1668 467.33
1669 286.67
1670 242.00
1671 108.67
1672 298.67
1673 234.67
1674 243.33
1675 351.33
1676 246.67
1677 216.67
1678 260.67
1679 178.00
1680 400.00
1681 239.33
1682 256.67
1683 316.00
1684 334.00
1685 443.33
1686 226.00
1687 178.67
1688 133.33
1689 159.33
1690 326.00
1691 304.67
1692 472.67
1693 247.33
1694 291.33
1695 450.67
1696 363.33
1697 428.00
1698 272.00
1699 335.33
1700 414.00
1701 494.00
1702 302.00
1703 288.00
1704 493.33
1705 300.00
1706 206.00
1707 281.33
1708 355.33
1709 492.00
1710 253.33
1711 254.00
1712 192.00
1713 350.00
1714 359.33
1715 192.67
1716 243.33
1717 216.67
1718 174.00
1719 490.00
1720 190.67
1721 458.67
1722 313.33
1723 400.67
1724 387.33
1725 203.33
1726 218.67
1727 264.67
1728 338.67
1729 276.67
1730 428.67
1731 292.00
1732 210.67
1733 335.33
1734 278.67
1735 300.00
1736 289.33
1737 300.00
1738 278.00
1739 272.67
1740 351.33
1741 418.67
1742 372.00
1743 348.00
1744 270.67
1745 326.67
1746 211.33
1747 302.67
1748 144.67
1749 153.33
1750 186.67
1751 348.67
1752 225.33
1753 176.00
1754 279.33
1755 330.67
1756 220.67
1757 356.00
1758 308.00
1759 307.33
1760 314.00
1761 238.67
1762 197.33
1763 207.33
1764 382.00
1765 396.67
1766 266.67
1767 380.67
1768 366.00
1769 358.00
1770 237.33
1771 181.33
1772 173.33
1773 476.00
1774 257.33
1775 342.67
1776 363.33
1777 408.00
1778 264.67
1779 180.67
1780 365.33
1781 488.67
1782 339.33
1783 204.67
1784 317.33
1785 212.00
1786 312.00
1787 178.67
1788 372.67
1789 276.67
1790 262.67
1791 326.67
1792 288.67
1793 161.33
1794 247.33
1795 272.67
1796 199.33
1797 244.67
1798 277.33
1799 260.00
1800 240.00
1801 160.00
1802 340.00
1803 298.67
1804 212.67
1805 340.00
1806 246.67
1807 166.67
1808 460.00
1809 320.00
1810 440.00
1811 260.00
1812 440.00
1813 380.00
1814 360.00
1815 316.67
1816 241.33
1817 436.00
1818 320.00
1819 376.67
1820 259.33
1821 500.00
1822 394.00
1823 300.00
1824 420.00
1825 340.00
1826 134.67
1827 224.00
1828 400.00
1829 409.33
1830 423.33
1831 380.00
1832 299.33
1833 380.00
1834 398.67
1835 338.67
1836 380.00
1837 221.33
1838 196.67
1839 420.00
1840 339.33
1841 318.00
1842 340.00
1843 253.33
1844 158.67
1845 476.67
1846 178.00
1847 269.33
1848 380.00
1849 319.33
1850 260.00
1851 222.67
1852 214.67
1853 256.67
1854 262.00
1855 301.33
1856 219.33
1857 262.00
1858 380.00
1859 358.67
1860 394.67
1861 186.00
1862 193.33
1863 351.33
1864 412.67
1865 180.00
1866 339.33
1867 250.00
1868 215.33
1869 361.33
1870 188.00
1871 118.67
1872 257.33
1873 316.00
1874 440.00
1875 263.33
1876 285.33
1877 427.33
1878 241.33
1879 228.67
1880 328.67
1881 409.33
1882 272.67
1883 334.67
1884 275.33
1885 316.67
1886 300.00
1887 194.00
1888 255.33
1889 171.33
1890 322.67
1891 262.00
1892 134.67
1893 386.00
1894 324.67
1895 262.00
1896 372.67
1897 360.00
1898 248.67
1899 335.33
1900 284.00
1901 480.00
1902 308.00
1903 262.67
1904 467.33
1905 302.00
1906 397.33
1907 282.00
1908 252.00
1909 274.67
1910 215.33
1911 300.00
1912 231.33
1913 406.67
1914 316.00
1915 280.67
1916 352.67
1917 258.67
1918 290.67
1919 272.67
1920 186.67
1921 278.67
1922 250.67
1923 278.00
1924 292.00
1925 400.67
1926 356.67
1927 407.33
1928 339.33
1929 403.33
1930 216.67
1931 453.33
1932 257.33
1933 154.67
1934 194.00
1935 210.00
1936 283.33
1937 420.00
1938 319.33
1939 418.67
1940 360.67
1941 295.33
1942 290.67
1943 372.67
1944 342.00
1945 415.33
1946 271.33
1947 325.33
1948 292.00
1949 180.67
1950 183.33
1951 158.00
1952 149.33
1953 356.67
1954 435.33
1955 258.67
1956 190.67
1957 294.00
1958 372.67
1959 328.67
1960 167.33
1961 296.00
1962 252.67
1963 278.00
1964 428.67
1965 437.33
1966 314.00
1967 264.67
1968 388.00
1969 237.33
1970 357.33
1971 266.67
1972 276.00
1973 210.67
1974 432.00
1975 414.00
1976 298.67
1977 222.67
1978 236.67
1979 210.00
1980 410.00
1981 199.33
1982 304.67
1983 203.33
1984 380.00
1985 276.67
1986 237.33
1987 300.00
1988 260.00
1989 215.33
1990 216.00
1991 270.67
1992 218.67
1993 152.67
1994 221.33
1995 234.00
1996 445.33
1997 406.67
1998 223.33
1999 181.33
2000 200.00
2001 160.00
2002 207.33
2003 253.33
2004 313.33
2005 274.00
2006 177.33
2007 234.00
2008 245.33
2009 260.00
2010 218.67
2011 286.00
2012 344.00
2013 405.33
2014 143.33
2015 456.67
2016 246.00
2017 468.00
2018 312.00
2019 211.33
2020 240.67
2021 416.67
2022 500.00
2023 381.33
2024 325.33
2025 230.67
2026 285.33
2027 418.00
2028 360.00
2029 310.67
2030 236.00
2031 358.67
2032 102.67
2033 272.67
2034 240.00
2035 298.00
2036 239.33
2037 284.67
2038 360.00
2039 246.67
2040 271.33
2041 388.67
2042 246.00
2043 240.67
2044 441.33
2045 313.33
2046 336.00
2047 337.33
2048 297.33
2049 323.33
2050 146.67
2051 398.67
2052 282.67
2053 495.33
2054 439.33
2055 500.00
2056 240.67
2057 236.67
2058 224.67
2059 290.00
2060 230.00
2061 307.33
2062 219.33
2063 392.67
2064 387.33
2065 385.33
2066 240.67
2067 274.00
2068 218.00
2069 434.00
2070 159.33
2071 275.33
2072 252.00
2073 275.33
2074 296.00
2075 216.00
2076 246.67
2077 348.00
2078 253.33
2079 410.00
2080 414.00
2081 277.33
2082 349.33
2083 440.00
2084 292.67
2085 328.00
2086 332.00
2087 277.33
2088 322.67
2089 339.33
2090 480.67
2091 287.33
2092 300.00
2093 442.00
2094 265.33
2095 480.00
2096 194.00
2097 358.67
2098 458.67
2099 252.67
2100 252.00
2101 329.33
2102 295.33
2103 312.00
2104 332.00
2105 329.33
2106 379.33
2107 488.67
2108 278.00
2109 174.67
2110 234.00
2111 492.67
2112 340.00
2113 168.00
2114 440.00
2115 420.00
2116 394.00
2117 215.33
2118 328.00
2119 278.67
2120 329.33
2121 298.67
2122 331.33
2123 289.33
2124 332.00
2125 368.00
2126 374.00
2127 480.00
2128 378.00
2129 178.67
2130 330.67
2131 301.33
2132 188.00
2133 398.67
2134 128.67
2135 220.67
2136 392.00
2137 433.33
2138 459.33
2139 418.00
2140 356.00
2141 198.00
2142 257.33
2143 216.67
2144 214.00
2145 236.00
2146 254.67
2147 301.33
2148 319.33
2149 426.67
2150 393.33
2151 273.33
2152 312.00
2153 322.00
2154 220.67
2155 179.33
2156 264.00
2157 310.67
2158 161.33
2159 500.00
2160 267.33
2161 246.67
2162 230.00
2163 312.00
2164 465.33
2165 365.33
2166 293.33
2167 282.00
2168 296.00
2169 256.67
2170 443.33
2171 321.33
2172 328.67
2173 320.67
2174 184.67
2175 470.00
2176 307.33
2177 500.00
2178 272.67
2179 268.67
2180 275.33
2181 292.00
2182 371.33
2183 328.67
2184 399.33
2185 460.67
2186 281.33
2187 316.67
2188 280.67
2189 173.33
2190 388.67
2191 354.67
2192 332.00
2193 400.67
2194 373.33
2195 379.33
2196 460.00
2197 310.00
2198 260.67
2199 480.00
2200 440.00
2201 365.33
2202 280.00
2203 309.33
2204 431.33
2205 280.67
2206 271.33
2207 314.67
2208 202.00
2209 274.67
2210 338.00
2211 308.67
2212 360.00
2213 300.00
2214 289.33
2215 260.00
2216 331.33
2217 400.00
2218 260.67
2219 500.00
2220 355.33
2221 305.33
2222 359.33
2223 213.33
2224 188.00
2225 308.67
2226 316.00
2227 275.33
2228 286.67
2229 281.33
2230 268.00
2231 262.00
2232 237.33
2233 212.67
2234 312.67
2235 260.67
2236 252.00
2237 468.67
2238 332.00
2239 120.67
2240 243.33
2241 318.00
2242 272.00
2243 266.00
2244 336.67
2245 234.00
2246 199.33
2247 412.00
2248 246.00
2249 434.00
2250 368.00
2251 351.33
2252 232.00
2253 190.67
2254 348.00
2255 304.67
2256 292.67
2257 170.67
2258 494.00
2259 212.00
2260 272.67
2261 318.00
2262 185.33
2263 184.67
2264 227.33
2265 225.33
2266 222.00
2267 483.33
2268 251.33
2269 252.00
2270 496.67
2271 238.00
2272 424.00
2273 293.33
2274 336.67
2275 258.67
2276 273.33
2277 266.67
2278 210.00
2279 190.00
2280 389.33
2281 275.33
2282 307.33
2283 338.00
2284 201.33
2285 356.67
2286 262.00
2287 395.33
2288 214.67
2289 209.33
2290 320.00
2291 246.00
2292 470.00
2293 340.67
2294 290.00
2295 309.33
2296 355.33
2297 252.00
2298 186.67
2299 206.00
2300 195.33
2301 394.67
2302 312.00
2303 454.00
2304 126.00
2305 248.67
2306 344.67
2307 345.33
2308 169.33
2309 221.33
2310 274.00
2311 212.67
2312 331.33
2313 269.33
2314 314.00
2315 288.00
2316 258.00
2317 235.33
2318 260.67
2319 414.67
2320 312.67
2321 232.67
2322 406.00
2323 192.67
2324 303.33
2325 274.67
2326 397.33
2327 274.00
2328 362.67
2329 148.67
2330 295.33
2331 169.33
2332 229.33
2333 184.67
2334 329.33
2335 353.33
2336 262.00
2337 394.00
2338 284.67
2339 328.67
2340 185.33
2341 379.33
2342 430.67
2343 332.00
2344 370.00
2345 272.00
2346 356.00
2347 367.33
2348 324.00
2349 373.33
2350 331.33
2351 257.33
2352 146.67
2353 421.33
2354 460.00
2355 293.33
2356 215.33
2357 272.67
2358 395.33
2359 454.67
2360 170.67
2361 193.33
2362 300.67
2363 342.67
2364 358.00
2365 266.67
2366 397.33
2367 367.33
2368 326.67
2369 238.00
2370 333.33
2371 348.00
2372 280.67
2373 440.00
2374 390.00
2375 221.33
2376 250.67
2377 310.00
2378 332.67
2379 310.00
2380 148.67
2381 330.00
2382 500.00
2383 231.33
2384 349.33
2385 440.00
2386 312.67
2387 387.33
2388 226.00
2389 316.00
2390 274.00
2391 452.00
2392 373.33
2393 221.33
2394 295.33
2395 344.00
2396 260.00
2397 302.00
2398 268.67
2399 401.33
2400 440.00
2401 208.00
2402 400.00
2403 438.67
2404 440.00
2405 320.00
2406 414.00
2407 334.00
2408 285.33
2409 500.00
2410 312.00
2411 460.00
2412 474.00
2413 260.00
2414 220.00
2415 297.33
2416 140.00
2417 300.00
2418 400.00
2419 426.00
2420 404.00
2421 274.00
2422 346.00
2423 187.33
2424 210.00
2425 274.67
2426 278.00
2427 318.67
2428 189.33
2429 366.00
2430 168.67
2431 328.67
2432 250.67
2433 224.67
2434 291.33
2435 398.67
2436 310.67
2437 280.00
2438 352.67
2439 294.00
2440 300.67
2441 387.33
2442 469.33
2443 338.00
2444 278.67
2445 296.00
2446 202.67
2447 201.33
2448 357.33
2449 428.00
2450 408.00
2451 256.00
2452 235.33
2453 256.67
2454 326.00
2455 314.67
2456 492.67
2457 298.67
2458 200.00
2459 300.00
2460 379.33
2461 274.00
2462 276.67
2463 297.33
2464 332.00
2465 366.67
2466 300.00
2467 385.33
2468 210.00
2469 142.00
2470 116.00
2471 394.00
2472 288.67
2473 145.33
2474 221.33
2475 246.00
2476 394.00
2477 287.33
2478 304.67
2479 324.00
2480 255.33
2481 200.67
2482 289.33
2483 474.67
2484 279.33
2485 247.33
2486 377.33
2487 498.67
2488 498.00
2489 326.00
2490 233.33
2491 317.33
2492 158.67
2493 338.00
2494 439.33
2495 231.33
2496 209.33
2497 270.00
2498 412.00
2499 206.67
2500 214.00
2501 408.00
2502 422.00
2503 286.00
2504 194.00
2505 242.67
2506 269.33
2507 237.33
2508 296.00
2509 296.00
2510 279.33
2511 298.00
2512 476.00
2513 338.00
2514 385.33
2515 300.00
2516 353.33
2517 197.33
2518 365.33
2519 362.00
2520 258.00
2521 359.33
2522 291.33
2523 336.00
2524 350.00
2525 283.33
2526 136.67
2527 346.00
2528 293.33
2529 367.33
2530 231.33
2531 211.33
2532 290.67
2533 334.00
2534 360.00
2535 298.00
2536 380.00
2537 334.00
2538 393.33
2539 291.33
2540 235.33
2541 224.67
2542 253.33
2543 418.67
2544 267.33
2545 196.00
2546 370.67
2547 480.00
2548 346.67
2549 295.33
2550 288.67
2551 353.33
2552 356.67
2553 372.67
2554 213.33
2555 289.33
2556 288.00
2557 336.00
2558 260.67
2559 348.67
2560 332.00
2561 340.67
2562 233.33
2563 159.33
2564 227.33
2565 356.00
2566 195.33
2567 108.00
2568 258.67
2569 118.67
2570 238.67
2571 325.33
2572 307.33
2573 426.67
2574 357.33
2575 266.67
2576 247.33
2577 334.00
2578 435.33
2579 391.33
2580 280.00
2581 246.00
2582 239.33
2583 287.33
2584 242.00
2585 422.67
2586 312.67
2587 436.00
2588 405.33
2589 182.00
2590 420.00
2591 413.33
2592 259.33
2593 160.67
2594 419.33
2595 417.33
2596 283.33
2597 436.67
2598 479.33
2599 382.67
2600 100.00
2601 260.00
2602 340.00
2603 220.00
2604 480.00
2605 394.00
2606 280.00
2607 274.00
2608 400.00
2609 346.00
2610 400.00
2611 400.00
2612 248.00
2613 440.00
2614 288.00
2615 378.00
2616 380.00
2617 452.00
2618 340.00
2619 334.00
2620 380.00
2621 400.00
2622 165.33
2623 216.00
2624 231.33
2625 214.67
2626 476.00
2627 312.67
2628 451.33
2629 304.00
2630 191.33
2631 245.33
2632 352.00
2633 380.00
2634 377.33
2635 395.33
2636 360.00
2637 378.67
2638 342.00
2639 230.00
2640 280.67
2641 384.00
2642 241.33
2643 358.67
2644 496.00
2645 475.33
2646 174.67
2647 479.33
2648 264.00
2649 382.67
2650 269.33
2651 460.00
2652 337.33
2653 374.67
2654 488.00
2655 308.67
2656 305.33
2657 334.00
2658 280.67
2659 292.00
2660 294.67
2661 190.00
2662 432.00
2663 268.67
2664 133.33
2665 360.00
2666 439.33
2667 302.00
2668 236.67
2669 222.00
2670 264.67
2671 401.33
2672 420.00
2673 214.00
2674 146.00
2675 378.00
2676 234.00
2677 320.67
2678 328.67
2679 365.33
2680 230.00
2681 208.67
2682 205.33
2683 145.33
2684 178.67
2685 264.00
2686 418.00
2687 344.00
2688 225.33
2689 148.00
2690 292.00
2691 286.67
2692 416.00
2693 382.00
2694 226.00
2695 328.67
2696 393.33
2697 330.00
2698 281.33
2699 218.00
2700 257.33
2701 271.33
2702 184.00
2703 290.00
2704 262.67
2705 309.33
2706 479.33
2707 375.33
2708 382.67
2709 334.00
2710 344.00
2711 294.67
2712 262.67
2713 358.67
2714 250.00
2715 392.00
2716 244.67
2717 144.00
2718 366.67
2719 330.67
2720 372.00
2721 226.67
2722 404.00
2723 431.33
2724 226.00
2725 322.00
2726 361.33
2727 340.00
2728 331.33
2729 299.33
2730 278.67
2731 400.67
2732 213.33
2733 282.67
2734 332.00
2735 472.67
2736 214.67
2737 310.00
2738 377.33
2739 191.33
2740 261.33
2741 296.00
2742 183.33
2743 300.00
2744 286.67
2745 206.67
2746 302.67
2747 272.00
2748 372.67
2749 499.33
2750 432.00
2751 363.33
2752 376.00
2753 214.00
2754 284.00
2755 408.00
2756 236.00
2757 306.67
2758 420.67
2759 278.00
2760 480.00
2761 228.67
2762 396.00
2763 323.33
2764 291.33
2765 432.00
2766 411.33
2767 356.00
2768 367.33
2769 390.67
2770 402.67
2771 386.00
2772 306.67
2773 260.67
2774 239.33
2775 434.67
2776 437.33
2777 298.00
2778 453.33
2779 334.00
2780 321.33
2781 345.33
2782 220.00
2783 313.33
2784 397.33
2785 320.00
2786 365.33
2787 278.00
2788 390.00
2789 297.33
2790 477.33
2791 310.67
2792 151.33
2793 298.00
2794 450.00
2795 392.00
2796 310.00
2797 336.00
2798 234.00
2799 329.33
2800 213.33
2801 300.00
2802 400.00
2803 433.33
2804 400.00
2805 254.00
2806 420.00
2807 324.00
2808 410.00
2809 220.00
2810 316.67
2811 490.00
2812 300.00
2813 356.00
2814 238.67
2815 333.33
2816 334.00
2817 379.33
2818 364.00
2819 449.33
2820 410.00
2821 433.33
2822 404.67
2823 181.33
2824 240.00
2825 408.67
2826 415.33
2827 338.00
2828 319.33
2829 330.67
2830 240.00
2831 160.00
2832 349.33
2833 140.00
2834 373.33
2835 289.33
2836 310.67
2837 314.67
2838 458.00
2839 120.00
2840 476.67
2841 462.67
2842 306.67
2843 372.00
2844 292.67
2845 297.33
2846 140.00
2847 392.67
2848 430.67
2849 260.00
2850 480.00
2851 140.00
2852 297.33
2853 304.00
2854 251.33
2855 498.00
2856 418.67
2857 418.00
2858 384.00
2859 287.33
2860 256.00
2861 419.33
2862 424.67
2863 346.00
2864 300.67
2865 380.00
2866 240.00
2867 340.67
2868 417.33
2869 397.33
2870 256.67
2871 350.67
2872 377.33
2873 306.00
2874 180.00
2875 285.33
2876 394.67
2877 461.33
2878 294.00
2879 300.00
2880 215.33
2881 348.67
2882 264.67
2883 232.67
2884 371.33
2885 386.67
2886 371.33
2887 296.67
2888 392.67
2889 265.33
2890 304.67
2891 238.00
2892 178.67
2893 366.00
2894 160.00
2895 274.67
2896 298.67
2897 159.33
2898 140.00
2899 269.33
2900 279.33
2901 440.00
2902 257.33
2903 245.33
2904 372.67
2905 303.33
2906 301.33
2907 438.00
2908 263.33
2909 318.67
2910 270.67
2911 278.00
2912 278.00
2913 345.33
2914 377.33
2915 452.67
2916 160.00
2917 440.00
2918 216.00
2919 272.00
2920 356.00
2921 245.33
2922 221.33
2923 136.00
2924 361.33
2925 490.00
2926 386.67
2927 315.33
2928 168.00
2929 332.67
2930 444.00
2931 256.67
2932 368.00
2933 240.00
2934 448.00
2935 407.33
2936 382.67
2937 238.67
2938 322.67
2939 274.67
2940 218.67
2941 224.67
2942 208.67
2943 192.00
2944 304.67
2945 286.67
2946 333.33
2947 363.33
2948 435.33
2949 188.00
2950 326.67
2951 432.00
2952 258.00
2953 381.33
2954 480.67
2955 356.67
2956 356.00
2957 376.00
2958 249.33
2959 288.67
2960 294.67
2961 138.00
2962 357.33
2963 333.33
2964 160.00
2965 175.33
2966 358.00
2967 152.67
2968 228.00
2969 200.00
2970 232.67
2971 385.33
2972 287.33
2973 372.00
2974 464.67
2975 344.67
2976 397.33
2977 280.00
2978 351.33
2979 316.67
2980 426.67
2981 413.33
2982 240.67
2983 357.33
2984 349.33
2985 340.67
2986 431.33
2987 324.00
2988 292.00
2989 208.67
2990 475.33
2991 308.00
2992 214.67
2993 392.00
2994 239.33
2995 226.67
2996 274.00
2997 326.00
2998 480.00
2999 363.33
