0 197.51
30 216.11
60 227.64
90 234.49
120 226.02
150 230.27
180 250.24
210 277.44
240 264.49
270 297.78
300 293.56
330 254.44
360 286.98
390 322.69
420 333.71
450 287.64
480 244.93
510 278.69
540 232.62
570 239.24
600 285.89
630 236.20
660 251.76
690 263.40
720 255.56
750 258.76
780 239.53
810 280.40
840 287.73
870 286.22
900 271.31
930 285.07
960 231.93
990 246.29
1020 286.40
1050 278.20
1080 294.71
1110 304.91
1140 307.71
1170 251.80
1200 276.64
1230 262.29
1260 251.78
1290 225.60
1320 269.09
1350 293.22
1380 284.07
1410 232.18
1440 261.38
1470 251.78
1500 237.76
1530 289.24
1560 302.29
1590 253.98
1620 254.84
1650 274.98
1680 270.62
1710 303.62
1740 316.13
1770 278.60
1800 307.98
1830 294.89
1860 315.33
1890 254.53
1920 279.11
1950 289.47
1980 319.20
2010 286.93
2040 307.91
2070 275.69
2100 292.67
2130 325.13
2160 295.67
2190 300.76
2220 275.42
2250 279.38
2280 312.49
2310 270.31
2340 279.44
2370 269.16
2400 293.49
2430 294.33
2460 287.82
2490 311.44
2520 302.11
2550 294.49
2580 274.16
2610 304.18
2640 316.31
2670 304.93
2700 287.93
2730 292.98
2760 289.96
2790 292.98
2820 295.31
2850 274.20
2880 293.02
2910 285.91
2940 292.76
2970 329.76
