0 284.40
1 284.40
2 284.40
3 284.40
4 284.40
5 284.40
6 284.40
7 284.40
8 284.40
9 284.40
10 284.40
11 284.40
12 284.40
13 284.40
14 284.40
15 284.40
16 284.40
17 284.40
18 284.40
19 284.40
20 284.40
21 284.40
22 284.40
23 284.40
24 284.40
25 284.40
26 284.40
27 284.40
28 284.40
29 284.40
30 284.40
31 284.40
32 284.40
33 284.40
34 284.40
35 284.40
36 284.40
37 284.40
38 284.40
39 284.40
40 284.40
41 284.40
42 284.40
43 284.40
44 284.40
45 284.40
46 284.40
47 284.40
48 284.40
49 284.40
50 284.40
51 284.40
52 284.40
53 284.40
54 284.40
55 284.40
56 284.40
57 284.40
58 284.40
59 284.40
60 284.40
61 284.40
62 284.40
63 284.40
64 284.40
65 284.40
66 284.40
67 284.40
68 284.40
69 284.40
70 284.40
71 284.40
72 284.40
73 284.40
74 284.40
75 284.40
76 284.40
77 284.40
78 284.40
79 284.40
80 284.40
81 284.40
82 284.40
83 284.40
84 284.40
85 284.40
86 284.40
87 284.40
88 284.40
89 284.40
90 284.40
91 284.40
92 284.40
93 284.40
94 284.40
95 284.40
96 284.40
97 284.40
98 284.40
99 284.40
100 284.40
101 284.40
102 284.40
103 284.40
104 284.40
105 284.40
106 284.40
107 284.40
108 284.40
109 284.40
110 284.40
111 284.40
112 284.40
113 284.40
114 284.40
115 284.40
116 284.40
117 284.40
118 284.40
119 284.40
120 284.40
121 284.40
122 284.40
123 284.40
124 284.40
125 284.40
126 284.40
127 284.40
128 284.40
129 284.40
130 284.40
131 284.40
132 284.40
133 284.40
134 284.40
135 284.40
136 284.40
137 284.40
138 284.40
139 284.40
140 284.40
141 284.40
142 284.40
143 284.40
144 284.40
145 284.40
146 284.40
147 284.40
148 284.40
149 284.40
150 284.40
151 284.40
152 284.40
153 284.40
154 284.40
155 284.40
156 284.40
157 284.40
158 284.40
159 284.40
160 284.40
161 284.40
162 284.40
163 284.40
164 284.40
165 284.40
166 284.40
167 284.40
168 284.40
169 284.40
170 284.40
171 284.40
172 284.40
173 284.40
174 284.40
175 284.40
176 284.40
177 284.40
178 284.40
179 284.40
180 284.40
181 284.40
182 284.40
183 284.40
184 284.40
185 284.40
186 284.40
187 284.40
188 284.40
189 284.40
190 284.40
191 284.40
192 284.40
193 284.40
194 284.40
195 284.40
196 284.40
197 284.40
198 284.40
199 284.40
200 313.40
201 313.40
202 313.40
203 313.40
204 313.40
205 313.40
206 313.40
207 313.40
208 313.40
209 313.40
210 313.40
211 313.40
212 313.40
213 313.40
214 313.40
215 313.40
216 313.40
217 313.40
218 313.40
219 313.40
220 313.40
221 313.40
222 313.40
223 313.40
224 313.40
225 313.40
226 313.40
227 313.40
228 313.40
229 313.40
230 313.40
231 313.40
232 313.40
233 313.40
234 313.40
235 313.40
236 313.40
237 313.40
238 313.40
239 313.40
240 313.40
241 313.40
242 313.40
243 313.40
244 313.40
245 313.40
246 313.40
247 313.40
248 313.40
249 313.40
250 313.40
251 313.40
252 313.40
253 313.40
254 313.40
255 313.40
256 313.40
257 313.40
258 313.40
259 313.40
260 313.40
261 313.40
262 313.40
263 313.40
264 313.40
265 313.40
266 313.40
267 313.40
268 313.40
269 313.40
270 313.40
271 313.40
272 313.40
273 313.40
274 313.40
275 313.40
276 313.40
277 313.40
278 313.40
279 313.40
280 313.40
281 313.40
282 313.40
283 313.40
284 313.40
285 313.40
286 313.40
287 313.40
288 313.40
289 313.40
290 313.40
291 313.40
292 313.40
293 313.40
294 313.40
295 313.40
296 313.40
297 313.40
298 313.40
299 313.40
300 313.40
301 313.40
302 313.40
303 313.40
304 313.40
305 313.40
306 313.40
307 313.40
308 313.40
309 313.40
310 313.40
311 313.40
312 313.40
313 313.40
314 313.40
315 313.40
316 313.40
317 313.40
318 313.40
319 313.40
320 313.40
321 313.40
322 313.40
323 313.40
324 313.40
325 313.40
326 313.40
327 313.40
328 313.40
329 313.40
330 313.40
331 313.40
332 313.40
333 313.40
334 313.40
335 313.40
336 313.40
337 313.40
338 313.40
339 313.40
340 313.40
341 313.40
342 313.40
343 313.40
344 313.40
345 313.40
346 313.40
347 313.40
348 313.40
349 313.40
350 313.40
351 313.40
352 313.40
353 313.40
354 313.40
355 313.40
356 313.40
357 313.40
358 313.40
359 313.40
360 313.40
361 313.40
362 313.40
363 313.40
364 313.40
365 313.40
366 313.40
367 313.40
368 313.40
369 313.40
370 313.40
371 313.40
372 313.40
373 313.40
374 313.40
375 313.40
376 313.40
377 313.40
378 313.40
379 313.40
380 313.40
381 313.40
382 313.40
383 313.40
384 313.40
385 313.40
386 313.40
387 313.40
388 313.40
389 313.40
390 313.40
391 313.40
392 313.40
393 313.40
394 313.40
395 313.40
396 313.40
397 313.40
398 313.40
399 313.40
400 238.30
401 238.30
402 238.30
403 238.30
404 238.30
405 238.30
406 238.30
407 238.30
408 238.30
409 238.30
410 238.30
411 238.30
412 238.30
413 238.30
414 238.30
415 238.30
416 238.30
417 238.30
418 238.30
419 238.30
420 238.30
421 238.30
422 238.30
423 238.30
424 238.30
425 238.30
426 238.30
427 238.30
428 238.30
429 238.30
430 238.30
431 238.30
432 238.30
433 238.30
434 238.30
435 238.30
436 238.30
437 238.30
438 238.30
439 238.30
440 238.30
441 238.30
442 238.30
443 238.30
444 238.30
445 238.30
446 238.30
447 238.30
448 238.30
449 238.30
450 238.30
451 238.30
452 238.30
453 238.30
454 238.30
455 238.30
456 238.30
457 238.30
458 238.30
459 238.30
460 238.30
461 238.30
462 238.30
463 238.30
464 238.30
465 238.30
466 238.30
467 238.30
468 238.30
469 238.30
470 238.30
471 238.30
472 238.30
473 238.30
474 238.30
475 238.30
476 238.30
477 238.30
478 238.30
479 238.30
480 238.30
481 238.30
482 238.30
483 238.30
484 238.30
485 238.30
486 238.30
487 238.30
488 238.30
489 238.30
490 238.30
491 238.30
492 238.30
493 238.30
494 238.30
495 238.30
496 238.30
497 238.30
498 238.30
499 238.30
500 238.30
501 238.30
502 238.30
503 238.30
504 238.30
505 238.30
506 238.30
507 238.30
508 238.30
509 238.30
510 238.30
511 238.30
512 238.30
513 238.30
514 238.30
515 238.30
516 238.30
517 238.30
518 238.30
519 238.30
520 238.30
521 238.30
522 238.30
523 238.30
524 238.30
525 238.30
526 238.30
527 238.30
528 238.30
529 238.30
530 238.30
531 238.30
532 238.30
533 238.30
534 238.30
535 238.30
536 238.30
537 238.30
538 238.30
539 238.30
540 238.30
541 238.30
542 238.30
543 238.30
544 238.30
545 238.30
546 238.30
547 238.30
548 238.30
549 238.30
550 238.30
551 238.30
552 238.30
553 238.30
554 238.30
555 238.30
556 238.30
557 238.30
558 238.30
559 238.30
560 238.30
561 238.30
562 238.30
563 238.30
564 238.30
565 238.30
566 238.30
567 238.30
568 238.30
569 238.30
570 238.30
571 238.30
572 238.30
573 238.30
574 238.30
575 238.30
576 238.30
577 238.30
578 238.30
579 238.30
580 238.30
581 238.30
582 238.30
583 238.30
584 238.30
585 238.30
586 238.30
587 238.30
588 238.30
589 238.30
590 238.30
591 238.30
592 238.30
593 238.30
594 238.30
595 238.30
596 238.30
597 238.30
598 238.30
599 238.30
600 302.90
601 302.90
602 302.90
603 302.90
604 302.90
605 302.90
606 302.90
607 302.90
608 302.90
609 302.90
610 302.90
611 302.90
612 302.90
613 302.90
614 302.90
615 302.90
616 302.90
617 302.90
618 302.90
619 302.90
620 302.90
621 302.90
622 302.90
623 302.90
624 302.90
625 302.90
626 302.90
627 302.90
628 302.90
629 302.90
630 302.90
631 302.90
632 302.90
633 302.90
634 302.90
635 302.90
636 302.90
637 302.90
638 302.90
639 302.90
640 302.90
641 302.90
642 302.90
643 302.90
644 302.90
645 302.90
646 302.90
647 302.90
648 302.90
649 302.90
650 302.90
651 302.90
652 302.90
653 302.90
654 302.90
655 302.90
656 302.90
657 302.90
658 302.90
659 302.90
660 302.90
661 302.90
662 302.90
663 302.90
664 302.90
665 302.90
666 302.90
667 302.90
668 302.90
669 302.90
670 302.90
671 302.90
672 302.90
673 302.90
674 302.90
675 302.90
676 302.90
677 302.90
678 302.90
679 302.90
680 302.90
681 302.90
682 302.90
683 302.90
684 302.90
685 302.90
686 302.90
687 302.90
688 302.90
689 302.90
690 302.90
691 302.90
692 302.90
693 302.90
694 302.90
695 302.90
696 302.90
697 302.90
698 302.90
699 302.90
700 302.90
701 302.90
702 302.90
703 302.90
704 302.90
705 302.90
706 302.90
707 302.90
708 302.90
709 302.90
710 302.90
711 302.90
712 302.90
713 302.90
714 302.90
715 302.90
716 302.90
717 302.90
718 302.90
719 302.90
720 302.90
721 302.90
722 302.90
723 302.90
724 302.90
725 302.90
726 302.90
727 302.90
728 302.90
729 302.90
730 302.90
731 302.90
732 302.90
733 302.90
734 302.90
735 302.90
736 302.90
737 302.90
738 302.90
739 302.90
740 302.90
741 302.90
742 302.90
743 302.90
744 302.90
745 302.90
746 302.90
747 302.90
748 302.90
749 302.90
750 302.90
751 302.90
752 302.90
753 302.90
754 302.90
755 302.90
756 302.90
757 302.90
758 302.90
759 302.90
760 302.90
761 302.90
762 302.90
763 302.90
764 302.90
765 302.90
766 302.90
767 302.90
768 302.90
769 302.90
770 302.90
771 302.90
772 302.90
773 302.90
774 302.90
775 302.90
776 302.90
777 302.90
778 302.90
779 302.90
780 302.90
781 302.90
782 302.90
783 302.90
784 302.90
785 302.90
786 302.90
787 302.90
788 302.90
789 302.90
790 302.90
791 302.90
792 302.90
793 302.90
794 302.90
795 302.90
796 302.90
797 302.90
798 302.90
799 302.90
800 274.80
801 274.80
802 274.80
803 274.80
804 274.80
805 274.80
806 274.80
807 274.80
808 274.80
809 274.80
810 274.80
811 274.80
812 274.80
813 274.80
814 274.80
815 274.80
816 274.80
817 274.80
818 274.80
819 274.80
820 274.80
821 274.80
822 274.80
823 274.80
824 274.80
825 274.80
826 274.80
827 274.80
828 274.80
829 274.80
830 274.80
831 274.80
832 274.80
833 274.80
834 274.80
835 274.80
836 274.80
837 274.80
838 274.80
839 274.80
840 274.80
841 274.80
842 274.80
843 274.80
844 274.80
845 274.80
846 274.80
847 274.80
848 274.80
849 274.80
850 274.80
851 274.80
852 274.80
853 274.80
854 274.80
855 274.80
856 274.80
857 274.80
858 274.80
859 274.80
860 274.80
861 274.80
862 274.80
863 274.80
864 274.80
865 274.80
866 274.80
867 274.80
868 274.80
869 274.80
870 274.80
871 274.80
872 274.80
873 274.80
874 274.80
875 274.80
876 274.80
877 274.80
878 274.80
879 274.80
880 274.80
881 274.80
882 274.80
883 274.80
884 274.80
885 274.80
886 274.80
887 274.80
888 274.80
889 274.80
890 274.80
891 274.80
892 274.80
893 274.80
894 274.80
895 274.80
896 274.80
897 274.80
898 274.80
899 274.80
900 274.80
901 274.80
902 274.80
903 274.80
904 274.80
905 274.80
906 274.80
907 274.80
908 274.80
909 274.80
910 274.80
911 274.80
912 274.80
913 274.80
914 274.80
915 274.80
916 274.80
917 274.80
918 274.80
919 274.80
920 274.80
921 274.80
922 274.80
923 274.80
924 274.80
925 274.80
926 274.80
927 274.80
928 274.80
929 274.80
930 274.80
931 274.80
932 274.80
933 274.80
934 274.80
935 274.80
936 274.80
937 274.80
938 274.80
939 274.80
940 274.80
941 274.80
942 274.80
943 274.80
944 274.80
945 274.80
946 274.80
947 274.80
948 274.80
949 274.80
950 274.80
951 274.80
952 274.80
953 274.80
954 274.80
955 274.80
956 274.80
957 274.80
958 274.80
959 274.80
960 274.80
961 274.80
962 274.80
963 274.80
964 274.80
965 274.80
966 274.80
967 274.80
968 274.80
969 274.80
970 274.80
971 274.80
972 274.80
973 274.80
974 274.80
975 274.80
976 274.80
977 274.80
978 274.80
979 274.80
980 274.80
981 274.80
982 274.80
983 274.80
984 274.80
985 274.80
986 274.80
987 274.80
988 274.80
989 274.80
990 274.80
991 274.80
992 274.80
993 274.80
994 274.80
995 274.80
996 274.80
997 274.80
998 274.80
999 274.80
1000 208.70
1001 208.70
1002 208.70
1003 208.70
1004 208.70
1005 208.70
1006 208.70
1007 208.70
1008 208.70
1009 208.70
1010 208.70
1011 208.70
1012 208.70
1013 208.70
1014 208.70
1015 208.70
1016 208.70
1017 208.70
1018 208.70
1019 208.70
1020 208.70
1021 208.70
1022 208.70
1023 208.70
1024 208.70
1025 208.70
1026 208.70
1027 208.70
1028 208.70
1029 208.70
1030 208.70
1031 208.70
1032 208.70
1033 208.70
1034 208.70
1035 208.70
1036 208.70
1037 208.70
1038 208.70
1039 208.70
1040 208.70
1041 208.70
1042 208.70
1043 208.70
1044 208.70
1045 208.70
1046 208.70
1047 208.70
1048 208.70
1049 208.70
1050 208.70
1051 208.70
1052 208.70
1053 208.70
1054 208.70
1055 208.70
1056 208.70
1057 208.70
1058 208.70
1059 208.70
1060 208.70
1061 208.70
1062 208.70
1063 208.70
1064 208.70
1065 208.70
1066 208.70
1067 208.70
1068 208.70
1069 208.70
1070 208.70
1071 208.70
1072 208.70
1073 208.70
1074 208.70
1075 208.70
1076 208.70
1077 208.70
1078 208.70
1079 208.70
1080 208.70
1081 208.70
1082 208.70
1083 208.70
1084 208.70
1085 208.70
1086 208.70
1087 208.70
1088 208.70
1089 208.70
1090 208.70
1091 208.70
1092 208.70
1093 208.70
1094 208.70
1095 208.70
1096 208.70
1097 208.70
1098 208.70
1099 208.70
1100 208.70
1101 208.70
1102 208.70
1103 208.70
1104 208.70
1105 208.70
1106 208.70
1107 208.70
1108 208.70
1109 208.70
1110 208.70
1111 208.70
1112 208.70
1113 208.70
1114 208.70
1115 208.70
1116 208.70
1117 208.70
1118 208.70
1119 208.70
1120 208.70
1121 208.70
1122 208.70
1123 208.70
1124 208.70
1125 208.70
1126 208.70
1127 208.70
1128 208.70
1129 208.70
1130 208.70
1131 208.70
1132 208.70
1133 208.70
1134 208.70
1135 208.70
1136 208.70
1137 208.70
1138 208.70
1139 208.70
1140 208.70
1141 208.70
1142 208.70
1143 208.70
1144 208.70
1145 208.70
1146 208.70
1147 208.70
1148 208.70
1149 208.70
1150 208.70
1151 208.70
1152 208.70
1153 208.70
1154 208.70
1155 208.70
1156 208.70
1157 208.70
1158 208.70
1159 208.70
1160 208.70
1161 208.70
1162 208.70
1163 208.70
1164 208.70
1165 208.70
1166 208.70
1167 208.70
1168 208.70
1169 208.70
1170 208.70
1171 208.70
1172 208.70
1173 208.70
1174 208.70
1175 208.70
1176 208.70
1177 208.70
1178 208.70
1179 208.70
1180 208.70
1181 208.70
1182 208.70
1183 208.70
1184 208.70
1185 208.70
1186 208.70
1187 208.70
1188 208.70
1189 208.70
1190 208.70
1191 208.70
1192 208.70
1193 208.70
1194 208.70
1195 208.70
1196 208.70
1197 208.70
1198 208.70
1199 208.70
1200 277.00
1201 277.00
1202 277.00
1203 277.00
1204 277.00
1205 277.00
1206 277.00
1207 277.00
1208 277.00
1209 277.00
1210 277.00
1211 277.00
1212 277.00
1213 277.00
1214 277.00
1215 277.00
1216 277.00
1217 277.00
1218 277.00
1219 277.00
1220 277.00
1221 277.00
1222 277.00
1223 277.00
1224 277.00
1225 277.00
1226 277.00
1227 277.00
1228 277.00
1229 277.00
1230 277.00
1231 277.00
1232 277.00
1233 277.00
1234 277.00
1235 277.00
1236 277.00
1237 277.00
1238 277.00
1239 277.00
1240 277.00
1241 277.00
1242 277.00
1243 277.00
1244 277.00
1245 277.00
1246 277.00
1247 277.00
1248 277.00
1249 277.00
1250 277.00
1251 277.00
1252 277.00
1253 277.00
1254 277.00
1255 277.00
1256 277.00
1257 277.00
1258 277.00
1259 277.00
1260 277.00
1261 277.00
1262 277.00
1263 277.00
1264 277.00
1265 277.00
1266 277.00
1267 277.00
1268 277.00
1269 277.00
1270 277.00
1271 277.00
1272 277.00
1273 277.00
1274 277.00
1275 277.00
1276 277.00
1277 277.00
1278 277.00
1279 277.00
1280 277.00
1281 277.00
1282 277.00
1283 277.00
1284 277.00
1285 277.00
1286 277.00
1287 277.00
1288 277.00
1289 277.00
1290 277.00
1291 277.00
1292 277.00
1293 277.00
1294 277.00
1295 277.00
1296 277.00
1297 277.00
1298 277.00
1299 277.00
1300 277.00
1301 277.00
1302 277.00
1303 277.00
1304 277.00
1305 277.00
1306 277.00
1307 277.00
1308 277.00
1309 277.00
1310 277.00
1311 277.00
1312 277.00
1313 277.00
1314 277.00
1315 277.00
1316 277.00
1317 277.00
1318 277.00
1319 277.00
1320 277.00
1321 277.00
1322 277.00
1323 277.00
1324 277.00
1325 277.00
1326 277.00
1327 277.00
1328 277.00
1329 277.00
1330 277.00
1331 277.00
1332 277.00
1333 277.00
1334 277.00
1335 277.00
1336 277.00
1337 277.00
1338 277.00
1339 277.00
1340 277.00
1341 277.00
1342 277.00
1343 277.00
1344 277.00
1345 277.00
1346 277.00
1347 277.00
1348 277.00
1349 277.00
1350 277.00
1351 277.00
1352 277.00
1353 277.00
1354 277.00
1355 277.00
1356 277.00
1357 277.00
1358 277.00
1359 277.00
1360 277.00
1361 277.00
1362 277.00
1363 277.00
1364 277.00
1365 277.00
1366 277.00
1367 277.00
1368 277.00
1369 277.00
1370 277.00
1371 277.00
1372 277.00
1373 277.00
1374 277.00
1375 277.00
1376 277.00
1377 277.00
1378 277.00
1379 277.00
1380 277.00
1381 277.00
1382 277.00
1383 277.00
1384 277.00
1385 277.00
1386 277.00
1387 277.00
1388 277.00
1389 277.00
1390 277.00
1391 277.00
1392 277.00
1393 277.00
1394 277.00
1395 277.00
1396 277.00
1397 277.00
1398 277.00
1399 277.00
1400 287.90
1401 287.90
1402 287.90
1403 287.90
1404 287.90
1405 287.90
1406 287.90
1407 287.90
1408 287.90
1409 287.90
1410 287.90
1411 287.90
1412 287.90
1413 287.90
1414 287.90
1415 287.90
1416 287.90
1417 287.90
1418 287.90
1419 287.90
1420 287.90
1421 287.90
1422 287.90
1423 287.90
1424 287.90
1425 287.90
1426 287.90
1427 287.90
1428 287.90
1429 287.90
1430 287.90
1431 287.90
1432 287.90
1433 287.90
1434 287.90
1435 287.90
1436 287.90
1437 287.90
1438 287.90
1439 287.90
1440 287.90
1441 287.90
1442 287.90
1443 287.90
1444 287.90
1445 287.90
1446 287.90
1447 287.90
1448 287.90
1449 287.90
1450 287.90
1451 287.90
1452 287.90
1453 287.90
1454 287.90
1455 287.90
1456 287.90
1457 287.90
1458 287.90
1459 287.90
1460 287.90
1461 287.90
1462 287.90
1463 287.90
1464 287.90
1465 287.90
1466 287.90
1467 287.90
1468 287.90
1469 287.90
1470 287.90
1471 287.90
1472 287.90
1473 287.90
1474 287.90
1475 287.90
1476 287.90
1477 287.90
1478 287.90
1479 287.90
1480 287.90
1481 287.90
1482 287.90
1483 287.90
1484 287.90
1485 287.90
1486 287.90
1487 287.90
1488 287.90
1489 287.90
1490 287.90
1491 287.90
1492 287.90
1493 287.90
1494 287.90
1495 287.90
1496 287.90
1497 287.90
1498 287.90
1499 287.90
1500 287.90
1501 287.90
1502 287.90
1503 287.90
1504 287.90
1505 287.90
1506 287.90
1507 287.90
1508 287.90
1509 287.90
1510 287.90
1511 287.90
1512 287.90
1513 287.90
1514 287.90
1515 287.90
1516 287.90
1517 287.90
1518 287.90
1519 287.90
1520 287.90
1521 287.90
1522 287.90
1523 287.90
1524 287.90
1525 287.90
1526 287.90
1527 287.90
1528 287.90
1529 287.90
1530 287.90
1531 287.90
1532 287.90
1533 287.90
1534 287.90
1535 287.90
1536 287.90
1537 287.90
1538 287.90
1539 287.90
1540 287.90
1541 287.90
1542 287.90
1543 287.90
1544 287.90
1545 287.90
1546 287.90
1547 287.90
1548 287.90
1549 287.90
1550 287.90
1551 287.90
1552 287.90
1553 287.90
1554 287.90
1555 287.90
1556 287.90
1557 287.90
1558 287.90
1559 287.90
1560 287.90
1561 287.90
1562 287.90
1563 287.90
1564 287.90
1565 287.90
1566 287.90
1567 287.90
1568 287.90
1569 287.90
1570 287.90
1571 287.90
1572 287.90
1573 287.90
1574 287.90
1575 287.90
1576 287.90
1577 287.90
1578 287.90
1579 287.90
1580 287.90
1581 287.90
1582 287.90
1583 287.90
1584 287.90
1585 287.90
1586 287.90
1587 287.90
1588 287.90
1589 287.90
1590 287.90
1591 287.90
1592 287.90
1593 287.90
1594 287.90
1595 287.90
1596 287.90
1597 287.90
1598 287.90
1599 287.90
1600 293.30
1601 293.30
1602 293.30
1603 293.30
1604 293.30
1605 293.30
1606 293.30
1607 293.30
1608 293.30
1609 293.30
1610 293.30
1611 293.30
1612 293.30
1613 293.30
1614 293.30
1615 293.30
1616 293.30
1617 293.30
1618 293.30
1619 293.30
1620 293.30
1621 293.30
1622 293.30
1623 293.30
1624 293.30
1625 293.30
1626 293.30
1627 293.30
1628 293.30
1629 293.30
1630 293.30
1631 293.30
1632 293.30
1633 293.30
1634 293.30
1635 293.30
1636 293.30
1637 293.30
1638 293.30
1639 293.30
1640 293.30
1641 293.30
1642 293.30
1643 293.30
1644 293.30
1645 293.30
1646 293.30
1647 293.30
1648 293.30
1649 293.30
1650 293.30
1651 293.30
1652 293.30
1653 293.30
1654 293.30
1655 293.30
1656 293.30
1657 293.30
1658 293.30
1659 293.30
1660 293.30
1661 293.30
1662 293.30
1663 293.30
1664 293.30
1665 293.30
1666 293.30
1667 293.30
1668 293.30
1669 293.30
1670 293.30
1671 293.30
1672 293.30
1673 293.30
1674 293.30
1675 293.30
1676 293.30
1677 293.30
1678 293.30
1679 293.30
1680 293.30
1681 293.30
1682 293.30
1683 293.30
1684 293.30
1685 293.30
1686 293.30
1687 293.30
1688 293.30
1689 293.30
1690 293.30
1691 293.30
1692 293.30
1693 293.30
1694 293.30
1695 293.30
1696 293.30
1697 293.30
1698 293.30
1699 293.30
1700 293.30
1701 293.30
1702 293.30
1703 293.30
1704 293.30
1705 293.30
1706 293.30
1707 293.30
1708 293.30
1709 293.30
1710 293.30
1711 293.30
1712 293.30
1713 293.30
1714 293.30
1715 293.30
1716 293.30
1717 293.30
1718 293.30
1719 293.30
1720 293.30
1721 293.30
1722 293.30
1723 293.30
1724 293.30
1725 293.30
1726 293.30
1727 293.30
1728 293.30
1729 293.30
1730 293.30
1731 293.30
1732 293.30
1733 293.30
1734 293.30
1735 293.30
1736 293.30
1737 293.30
1738 293.30
1739 293.30
1740 293.30
1741 293.30
1742 293.30
1743 293.30
1744 293.30
1745 293.30
1746 293.30
1747 293.30
1748 293.30
1749 293.30
1750 293.30
1751 293.30
1752 293.30
1753 293.30
1754 293.30
1755 293.30
1756 293.30
1757 293.30
1758 293.30
1759 293.30
1760 293.30
1761 293.30
1762 293.30
1763 293.30
1764 293.30
1765 293.30
1766 293.30
1767 293.30
1768 293.30
1769 293.30
1770 293.30
1771 293.30
1772 293.30
1773 293.30
1774 293.30
1775 293.30
1776 293.30
1777 293.30
1778 293.30
1779 293.30
1780 293.30
1781 293.30
1782 293.30
1783 293.30
1784 293.30
1785 293.30
1786 293.30
1787 293.30
1788 293.30
1789 293.30
1790 293.30
1791 293.30
1792 293.30
1793 293.30
1794 293.30
1795 293.30
1796 293.30
1797 293.30
1798 293.30
1799 293.30
1800 304.50
1801 304.50
1802 304.50
1803 304.50
1804 304.50
1805 304.50
1806 304.50
1807 304.50
1808 304.50
1809 304.50
1810 304.50
1811 304.50
1812 304.50
1813 304.50
1814 304.50
1815 304.50
1816 304.50
1817 304.50
1818 304.50
1819 304.50
1820 304.50
1821 304.50
1822 304.50
1823 304.50
1824 304.50
1825 304.50
1826 304.50
1827 304.50
1828 304.50
1829 304.50
1830 304.50
1831 304.50
1832 304.50
1833 304.50
1834 304.50
1835 304.50
1836 304.50
1837 304.50
1838 304.50
1839 304.50
1840 304.50
1841 304.50
1842 304.50
1843 304.50
1844 304.50
1845 304.50
1846 304.50
1847 304.50
1848 304.50
1849 304.50
1850 304.50
1851 304.50
1852 304.50
1853 304.50
1854 304.50
1855 304.50
1856 304.50
1857 304.50
1858 304.50
1859 304.50
1860 304.50
1861 304.50
1862 304.50
1863 304.50
1864 304.50
1865 304.50
1866 304.50
1867 304.50
1868 304.50
1869 304.50
1870 304.50
1871 304.50
1872 304.50
1873 304.50
1874 304.50
1875 304.50
1876 304.50
1877 304.50
1878 304.50
1879 304.50
1880 304.50
1881 304.50
1882 304.50
1883 304.50
1884 304.50
1885 304.50
1886 304.50
1887 304.50
1888 304.50
1889 304.50
1890 304.50
1891 304.50
1892 304.50
1893 304.50
1894 304.50
1895 304.50
1896 304.50
1897 304.50
1898 304.50
1899 304.50
1900 304.50
1901 304.50
1902 304.50
1903 304.50
1904 304.50
1905 304.50
1906 304.50
1907 304.50
1908 304.50
1909 304.50
1910 304.50
1911 304.50
1912 304.50
1913 304.50
1914 304.50
1915 304.50
1916 304.50
1917 304.50
1918 304.50
1919 304.50
1920 304.50
1921 304.50
1922 304.50
1923 304.50
1924 304.50
1925 304.50
1926 304.50
1927 304.50
1928 304.50
1929 304.50
1930 304.50
1931 304.50
1932 304.50
1933 304.50
1934 304.50
1935 304.50
1936 304.50
1937 304.50
1938 304.50
1939 304.50
1940 304.50
1941 304.50
1942 304.50
1943 304.50
1944 304.50
1945 304.50
1946 304.50
1947 304.50
1948 304.50
1949 304.50
1950 304.50
1951 304.50
1952 304.50
1953 304.50
1954 304.50
1955 304.50
1956 304.50
1957 304.50
1958 304.50
1959 304.50
1960 304.50
1961 304.50
1962 304.50
1963 304.50
1964 304.50
1965 304.50
1966 304.50
1967 304.50
1968 304.50
1969 304.50
1970 304.50
1971 304.50
1972 304.50
1973 304.50
1974 304.50
1975 304.50
1976 304.50
1977 304.50
1978 304.50
1979 304.50
1980 304.50
1981 304.50
1982 304.50
1983 304.50
1984 304.50
1985 304.50
1986 304.50
1987 304.50
1988 304.50
1989 304.50
1990 304.50
1991 304.50
1992 304.50
1993 304.50
1994 304.50
1995 304.50
1996 304.50
1997 304.50
1998 304.50
1999 304.50
2000 309.70
2001 309.70
2002 309.70
2003 309.70
2004 309.70
2005 309.70
2006 309.70
2007 309.70
2008 309.70
2009 309.70
2010 309.70
2011 309.70
2012 309.70
2013 309.70
2014 309.70
2015 309.70
2016 309.70
2017 309.70
2018 309.70
2019 309.70
2020 309.70
2021 309.70
2022 309.70
2023 309.70
2024 309.70
2025 309.70
2026 309.70
2027 309.70
2028 309.70
2029 309.70
2030 309.70
2031 309.70
2032 309.70
2033 309.70
2034 309.70
2035 309.70
2036 309.70
2037 309.70
2038 309.70
2039 309.70
2040 309.70
2041 309.70
2042 309.70
2043 309.70
2044 309.70
2045 309.70
2046 309.70
2047 309.70
2048 309.70
2049 309.70
2050 309.70
2051 309.70
2052 309.70
2053 309.70
2054 309.70
2055 309.70
2056 309.70
2057 309.70
2058 309.70
2059 309.70
2060 309.70
2061 309.70
2062 309.70
2063 309.70
2064 309.70
2065 309.70
2066 309.70
2067 309.70
2068 309.70
2069 309.70
2070 309.70
2071 309.70
2072 309.70
2073 309.70
2074 309.70
2075 309.70
2076 309.70
2077 309.70
2078 309.70
2079 309.70
2080 309.70
2081 309.70
2082 309.70
2083 309.70
2084 309.70
2085 309.70
2086 309.70
2087 309.70
2088 309.70
2089 309.70
2090 309.70
2091 309.70
2092 309.70
2093 309.70
2094 309.70
2095 309.70
2096 309.70
2097 309.70
2098 309.70
2099 309.70
2100 309.70
2101 309.70
2102 309.70
2103 309.70
2104 309.70
2105 309.70
2106 309.70
2107 309.70
2108 309.70
2109 309.70
2110 309.70
2111 309.70
2112 309.70
2113 309.70
2114 309.70
2115 309.70
2116 309.70
2117 309.70
2118 309.70
2119 309.70
2120 309.70
2121 309.70
2122 309.70
2123 309.70
2124 309.70
2125 309.70
2126 309.70
2127 309.70
2128 309.70
2129 309.70
2130 309.70
2131 309.70
2132 309.70
2133 309.70
2134 309.70
2135 309.70
2136 309.70
2137 309.70
2138 309.70
2139 309.70
2140 309.70
2141 309.70
2142 309.70
2143 309.70
2144 309.70
2145 309.70
2146 309.70
2147 309.70
2148 309.70
2149 309.70
2150 309.70
2151 309.70
2152 309.70
2153 309.70
2154 309.70
2155 309.70
2156 309.70
2157 309.70
2158 309.70
2159 309.70
2160 309.70
2161 309.70
2162 309.70
2163 309.70
2164 309.70
2165 309.70
2166 309.70
2167 309.70
2168 309.70
2169 309.70
2170 309.70
2171 309.70
2172 309.70
2173 309.70
2174 309.70
2175 309.70
2176 309.70
2177 309.70
2178 309.70
2179 309.70
2180 309.70
2181 309.70
2182 309.70
2183 309.70
2184 309.70
2185 309.70
2186 309.70
2187 309.70
2188 309.70
2189 309.70
2190 309.70
2191 309.70
2192 309.70
2193 309.70
2194 309.70
2195 309.70
2196 309.70
2197 309.70
2198 309.70
2199 309.70
2200 309.40
2201 309.40
2202 309.40
2203 309.40
2204 309.40
2205 309.40
2206 309.40
2207 309.40
2208 309.40
2209 309.40
2210 309.40
2211 309.40
2212 309.40
2213 309.40
2214 309.40
2215 309.40
2216 309.40
2217 309.40
2218 309.40
2219 309.40
2220 309.40
2221 309.40
2222 309.40
2223 309.40
2224 309.40
2225 309.40
2226 309.40
2227 309.40
2228 309.40
2229 309.40
2230 309.40
2231 309.40
2232 309.40
2233 309.40
2234 309.40
2235 309.40
2236 309.40
2237 309.40
2238 309.40
2239 309.40
2240 309.40
2241 309.40
2242 309.40
2243 309.40
2244 309.40
2245 309.40
2246 309.40
2247 309.40
2248 309.40
2249 309.40
2250 309.40
2251 309.40
2252 309.40
2253 309.40
2254 309.40
2255 309.40
2256 309.40
2257 309.40
2258 309.40
2259 309.40
2260 309.40
2261 309.40
2262 309.40
2263 309.40
2264 309.40
2265 309.40
2266 309.40
2267 309.40
2268 309.40
2269 309.40
2270 309.40
2271 309.40
2272 309.40
2273 309.40
2274 309.40
2275 309.40
2276 309.40
2277 309.40
2278 309.40
2279 309.40
2280 309.40
2281 309.40
2282 309.40
2283 309.40
2284 309.40
2285 309.40
2286 309.40
2287 309.40
2288 309.40
2289 309.40
2290 309.40
2291 309.40
2292 309.40
2293 309.40
2294 309.40
2295 309.40
2296 309.40
2297 309.40
2298 309.40
2299 309.40
2300 309.40
2301 309.40
2302 309.40
2303 309.40
2304 309.40
2305 309.40
2306 309.40
2307 309.40
2308 309.40
2309 309.40
2310 309.40
2311 309.40
2312 309.40
2313 309.40
2314 309.40
2315 309.40
2316 309.40
2317 309.40
2318 309.40
2319 309.40
2320 309.40
2321 309.40
2322 309.40
2323 309.40
2324 309.40
2325 309.40
2326 309.40
2327 309.40
2328 309.40
2329 309.40
2330 309.40
2331 309.40
2332 309.40
2333 309.40
2334 309.40
2335 309.40
2336 309.40
2337 309.40
2338 309.40
2339 309.40
2340 309.40
2341 309.40
2342 309.40
2343 309.40
2344 309.40
2345 309.40
2346 309.40
2347 309.40
2348 309.40
2349 309.40
2350 309.40
2351 309.40
2352 309.40
2353 309.40
2354 309.40
2355 309.40
2356 309.40
2357 309.40
2358 309.40
2359 309.40
2360 309.40
2361 309.40
2362 309.40
2363 309.40
2364 309.40
2365 309.40
2366 309.40
2367 309.40
2368 309.40
2369 309.40
2370 309.40
2371 309.40
2372 309.40
2373 309.40
2374 309.40
2375 309.40
2376 309.40
2377 309.40
2378 309.40
2379 309.40
2380 309.40
2381 309.40
2382 309.40
2383 309.40
2384 309.40
2385 309.40
2386 309.40
2387 309.40
2388 309.40
2389 309.40
2390 309.40
2391 309.40
2392 309.40
2393 309.40
2394 309.40
2395 309.40
2396 309.40
2397 309.40
2398 309.40
2399 309.40
2400 321.10
2401 321.10
2402 321.10
2403 321.10
2404 321.10
2405 321.10
2406 321.10
2407 321.10
2408 321.10
2409 321.10
2410 321.10
2411 321.10
2412 321.10
2413 321.10
2414 321.10
2415 321.10
2416 321.10
2417 321.10
2418 321.10
2419 321.10
2420 321.10
2421 321.10
2422 321.10
2423 321.10
2424 321.10
2425 321.10
2426 321.10
2427 321.10
2428 321.10
2429 321.10
2430 321.10
2431 321.10
2432 321.10
2433 321.10
2434 321.10
2435 321.10
2436 321.10
2437 321.10
2438 321.10
2439 321.10
2440 321.10
2441 321.10
2442 321.10
2443 321.10
2444 321.10
2445 321.10
2446 321.10
2447 321.10
2448 321.10
2449 321.10
2450 321.10
2451 321.10
2452 321.10
2453 321.10
2454 321.10
2455 321.10
2456 321.10
2457 321.10
2458 321.10
2459 321.10
2460 321.10
2461 321.10
2462 321.10
2463 321.10
2464 321.10
2465 321.10
2466 321.10
2467 321.10
2468 321.10
2469 321.10
2470 321.10
2471 321.10
2472 321.10
2473 321.10
2474 321.10
2475 321.10
2476 321.10
2477 321.10
2478 321.10
2479 321.10
2480 321.10
2481 321.10
2482 321.10
2483 321.10
2484 321.10
2485 321.10
2486 321.10
2487 321.10
2488 321.10
2489 321.10
2490 321.10
2491 321.10
2492 321.10
2493 321.10
2494 321.10
2495 321.10
2496 321.10
2497 321.10
2498 321.10
2499 321.10
2500 321.10
2501 321.10
2502 321.10
2503 321.10
2504 321.10
2505 321.10
2506 321.10
2507 321.10
2508 321.10
2509 321.10
2510 321.10
2511 321.10
2512 321.10
2513 321.10
2514 321.10
2515 321.10
2516 321.10
2517 321.10
2518 321.10
2519 321.10
2520 321.10
2521 321.10
2522 321.10
2523 321.10
2524 321.10
2525 321.10
2526 321.10
2527 321.10
2528 321.10
2529 321.10
2530 321.10
2531 321.10
2532 321.10
2533 321.10
2534 321.10
2535 321.10
2536 321.10
2537 321.10
2538 321.10
2539 321.10
2540 321.10
2541 321.10
2542 321.10
2543 321.10
2544 321.10
2545 321.10
2546 321.10
2547 321.10
2548 321.10
2549 321.10
2550 321.10
2551 321.10
2552 321.10
2553 321.10
2554 321.10
2555 321.10
2556 321.10
2557 321.10
2558 321.10
2559 321.10
2560 321.10
2561 321.10
2562 321.10
2563 321.10
2564 321.10
2565 321.10
2566 321.10
2567 321.10
2568 321.10
2569 321.10
2570 321.10
2571 321.10
2572 321.10
2573 321.10
2574 321.10
2575 321.10
2576 321.10
2577 321.10
2578 321.10
2579 321.10
2580 321.10
2581 321.10
2582 321.10
2583 321.10
2584 321.10
2585 321.10
2586 321.10
2587 321.10
2588 321.10
2589 321.10
2590 321.10
2591 321.10
2592 321.10
2593 321.10
2594 321.10
2595 321.10
2596 321.10
2597 321.10
2598 321.10
2599 321.10
2600 329.10
2601 329.10
2602 329.10
2603 329.10
2604 329.10
2605 329.10
2606 329.10
2607 329.10
2608 329.10
2609 329.10
2610 329.10
2611 329.10
2612 329.10
2613 329.10
2614 329.10
2615 329.10
2616 329.10
2617 329.10
2618 329.10
2619 329.10
2620 329.10
2621 329.10
2622 329.10
2623 329.10
2624 329.10
2625 329.10
2626 329.10
2627 329.10
2628 329.10
2629 329.10
2630 329.10
2631 329.10
2632 329.10
2633 329.10
2634 329.10
2635 329.10
2636 329.10
2637 329.10
2638 329.10
2639 329.10
2640 329.10
2641 329.10
2642 329.10
2643 329.10
2644 329.10
2645 329.10
2646 329.10
2647 329.10
2648 329.10
2649 329.10
2650 329.10
2651 329.10
2652 329.10
2653 329.10
2654 329.10
2655 329.10
2656 329.10
2657 329.10
2658 329.10
2659 329.10
2660 329.10
2661 329.10
2662 329.10
2663 329.10
2664 329.10
2665 329.10
2666 329.10
2667 329.10
2668 329.10
2669 329.10
2670 329.10
2671 329.10
2672 329.10
2673 329.10
2674 329.10
2675 329.10
2676 329.10
2677 329.10
2678 329.10
2679 329.10
2680 329.10
2681 329.10
2682 329.10
2683 329.10
2684 329.10
2685 329.10
2686 329.10
2687 329.10
2688 329.10
2689 329.10
2690 329.10
2691 329.10
2692 329.10
2693 329.10
2694 329.10
2695 329.10
2696 329.10
2697 329.10
2698 329.10
2699 329.10
2700 329.10
2701 329.10
2702 329.10
2703 329.10
2704 329.10
2705 329.10
2706 329.10
2707 329.10
2708 329.10
2709 329.10
2710 329.10
2711 329.10
2712 329.10
2713 329.10
2714 329.10
2715 329.10
2716 329.10
2717 329.10
2718 329.10
2719 329.10
2720 329.10
2721 329.10
2722 329.10
2723 329.10
2724 329.10
2725 329.10
2726 329.10
2727 329.10
2728 329.10
2729 329.10
2730 329.10
2731 329.10
2732 329.10
2733 329.10
2734 329.10
2735 329.10
2736 329.10
2737 329.10
2738 329.10
2739 329.10
2740 329.10
2741 329.10
2742 329.10
2743 329.10
2744 329.10
2745 329.10
2746 329.10
2747 329.10
2748 329.10
2749 329.10
2750 329.10
2751 329.10
2752 329.10
2753 329.10
2754 329.10
2755 329.10
2756 329.10
2757 329.10
2758 329.10
2759 329.10
2760 329.10
2761 329.10
2762 329.10
2763 329.10
2764 329.10
2765 329.10
2766 329.10
2767 329.10
2768 329.10
2769 329.10
2770 329.10
2771 329.10
2772 329.10
2773 329.10
2774 329.10
2775 329.10
2776 329.10
2777 329.10
2778 329.10
2779 329.10
2780 329.10
2781 329.10
2782 329.10
2783 329.10
2784 329.10
2785 329.10
2786 329.10
2787 329.10
2788 329.10
2789 329.10
2790 329.10
2791 329.10
2792 329.10
2793 329.10
2794 329.10
2795 329.10
2796 329.10
2797 329.10
2798 329.10
2799 329.10
2800 316.00
2801 316.00
2802 316.00
2803 316.00
2804 316.00
2805 316.00
2806 316.00
2807 316.00
2808 316.00
2809 316.00
2810 316.00
2811 316.00
2812 316.00
2813 316.00
2814 316.00
2815 316.00
2816 316.00
2817 316.00
2818 316.00
2819 316.00
2820 316.00
2821 316.00
2822 316.00
2823 316.00
2824 316.00
2825 316.00
2826 316.00
2827 316.00
2828 316.00
2829 316.00
2830 316.00
2831 316.00
2832 316.00
2833 316.00
2834 316.00
2835 316.00
2836 316.00
2837 316.00
2838 316.00
2839 316.00
2840 316.00
2841 316.00
2842 316.00
2843 316.00
2844 316.00
2845 316.00
2846 316.00
2847 316.00
2848 316.00
2849 316.00
2850 316.00
2851 316.00
2852 316.00
2853 316.00
2854 316.00
2855 316.00
2856 316.00
2857 316.00
2858 316.00
2859 316.00
2860 316.00
2861 316.00
2862 316.00
2863 316.00
2864 316.00
2865 316.00
2866 316.00
2867 316.00
2868 316.00
2869 316.00
2870 316.00
2871 316.00
2872 316.00
2873 316.00
2874 316.00
2875 316.00
2876 316.00
2877 316.00
2878 316.00
2879 316.00
2880 316.00
2881 316.00
2882 316.00
2883 316.00
2884 316.00
2885 316.00
2886 316.00
2887 316.00
2888 316.00
2889 316.00
2890 316.00
2891 316.00
2892 316.00
2893 316.00
2894 316.00
2895 316.00
2896 316.00
2897 316.00
2898 316.00
2899 316.00
2900 316.00
2901 316.00
2902 316.00
2903 316.00
2904 316.00
2905 316.00
2906 316.00
2907 316.00
2908 316.00
2909 316.00
2910 316.00
2911 316.00
2912 316.00
2913 316.00
2914 316.00
2915 316.00
2916 316.00
2917 316.00
2918 316.00
2919 316.00
2920 316.00
2921 316.00
2922 316.00
2923 316.00
2924 316.00
2925 316.00
2926 316.00
2927 316.00
2928 316.00
2929 316.00
2930 316.00
2931 316.00
2932 316.00
2933 316.00
2934 316.00
2935 316.00
2936 316.00
2937 316.00
2938 316.00
2939 316.00
2940 316.00
2941 316.00
2942 316.00
2943 316.00
2944 316.00
2945 316.00
2946 316.00
2947 316.00
2948 316.00
2949 316.00
2950 316.00
2951 316.00
2952 316.00
2953 316.00
2954 316.00
2955 316.00
2956 316.00
2957 316.00
2958 316.00
2959 316.00
2960 316.00
2961 316.00
2962 316.00
2963 316.00
2964 316.00
2965 316.00
2966 316.00
2967 316.00
2968 316.00
2969 316.00
2970 316.00
2971 316.00
2972 316.00
2973 316.00
2974 316.00
2975 316.00
2976 316.00
2977 316.00
2978 316.00
2979 316.00
2980 316.00
2981 316.00
2982 316.00
2983 316.00
2984 316.00
2985 316.00
2986 316.00
2987 316.00
2988 316.00
2989 316.00
2990 316.00
2991 316.00
2992 316.00
2993 316.00
2994 316.00
2995 316.00
2996 316.00
2997 316.00
2998 316.00
2999 316.00
