0 264.00
30 290.67
60 274.00
90 264.67
120 264.67
150 269.33
180 259.33
210 310.00
240 310.00
270 341.33
300 340.00
330 311.33
360 318.00
390 305.33
420 359.33
450 348.67
480 370.67
510 318.00
540 322.00
570 327.33
600 293.33
630 331.33
660 328.67
690 333.33
720 312.00
750 324.00
780 324.67
810 294.00
840 309.33
870 345.33
900 372.67
930 355.33
960 303.33
990 336.67
1020 292.00
1050 317.33
1080 315.33
1110 322.00
1140 339.33
1170 334.00
1200 328.67
1230 302.67
1260 343.33
1290 324.00
1320 337.33
1350 335.33
1380 340.00
1410 295.33
1440 319.33
1470 348.00
1500 299.33
1530 306.00
1560 335.33
1590 350.67
1620 301.33
1650 344.00
1680 329.33
1710 336.67
1740 331.33
1770 322.00
1800 332.00
1830 325.33
1860 304.67
1890 335.33
1920 328.67
1950 333.33
1980 318.00
2010 298.00
2040 310.67
2070 302.00
2100 304.67
2130 287.33
2160 319.33
2190 332.00
2220 308.67
2250 354.00
2280 328.00
2310 329.33
2340 340.00
2370 296.67
2400 324.00
2430 299.33
2460 328.67
2490 328.00
2520 323.33
2550 355.33
2580 304.67
2610 304.67
2640 283.33
2670 352.00
2700 355.33
2730 291.33
2760 328.00
2790 316.67
2820 356.67
2850 348.67
2880 329.33
2910 324.67
2940 347.33
2970 296.67
