0 100.00
1 120.00
2 60.00
3 80.00
4 60.00
5 180.00
6 100.00
7 120.00
8 100.00
9 220.00
10 140.00
11 40.00
12 300.00
13 260.00
14 140.00
15 60.00
16 240.00
17 180.00
18 80.00
19 120.00
20 180.00
21 380.00
22 200.00
23 320.00
24 40.00
25 180.00
26 160.00
27 120.00
28 240.00
29 20.00
30 260.00
31 180.00
32 180.00
33 240.00
34 420.00
35 160.00
36 140.00
37 0.00
38 320.00
39 120.00
40 120.00
41 180.00
42 160.00
43 60.00
44 40.00
45 180.00
46 80.00
47 100.00
48 60.00
49 100.00
50 80.00
51 140.00
52 140.00
53 100.00
54 120.00
55 80.00
56 120.00
57 80.00
58 280.00
59 180.00
60 120.00
61 40.00
62 220.00
63 80.00
64 120.00
65 40.00
66 160.00
67 140.00
68 220.00
69 160.00
70 100.00
71 160.00
72 80.00
73 120.00
74 140.00
75 160.00
76 40.00
77 240.00
78 160.00
79 160.00
80 80.00
81 220.00
82 160.00
83 180.00
84 200.00
85 180.00
86 120.00
87 80.00
88 140.00
89 100.00
90 120.00
91 260.00
92 160.00
93 240.00
94 160.00
95 120.00
96 280.00
97 220.00
98 300.00
99 280.00
100 160.00
101 220.00
102 200.00
103 160.00
104 360.00
105 280.00
106 140.00
107 120.00
108 140.00
109 280.00
110 220.00
111 220.00
112 180.00
113 120.00
114 220.00
115 300.00
116 160.00
117 100.00
118 240.00
119 320.00
120 320.00
121 160.00
122 160.00
123 340.00
124 240.00
125 320.00
126 300.00
127 160.00
128 340.00
129 380.00
130 160.00
131 340.00
132 340.00
133 240.00
134 220.00
135 320.00
136 200.00
137 180.00
138 360.00
139 340.00
140 180.00
141 320.00
142 260.00
143 160.00
144 280.00
145 340.00
146 280.00
147 320.00
148 180.00
149 260.00
150 300.00
151 200.00
152 260.00
153 360.00
154 300.00
155 280.00
156 220.00
157 340.00
158 280.00
159 160.00
160 180.00
161 300.00
162 220.00
163 140.00
164 180.00
165 300.00
166 320.00
167 240.00
168 200.00
169 380.00
170 220.00
171 260.00
172 240.00
173 480.00
174 220.00
175 200.00
176 240.00
177 480.00
178 480.00
179 240.00
180 240.00
181 240.00
182 240.00
183 240.00
184 280.00
185 260.00
186 200.00
187 380.00
188 300.00
189 220.00
190 220.00
191 200.00
192 500.00
193 240.00
194 260.00
195 240.00
196 240.00
197 240.00
198 240.00
199 340.00
200 280.00
201 220.00
202 140.00
203 240.00
204 220.00
205 180.00
206 80.00
207 140.00
208 120.00
209 200.00
210 280.00
211 200.00
212 160.00
213 120.00
214 80.00
215 120.00
216 80.00
217 40.00
218 160.00
219 240.00
220 60.00
221 160.00
222 280.00
223 360.00
224 280.00
225 240.00
226 420.00
227 140.00
228 120.00
229 380.00
230 340.00
231 240.00
232 180.00
233 200.00
234 200.00
235 140.00
236 180.00
237 180.00
238 180.00
239 60.00
240 260.00
241 240.00
242 180.00
243 180.00
244 0.00
245 340.00
246 200.00
247 240.00
248 120.00
249 340.00
250 160.00
251 300.00
252 180.00
253 160.00
254 300.00
255 260.00
256 240.00
257 240.00
258 340.00
259 340.00
260 380.00
261 380.00
262 160.00
263 340.00
264 260.00
265 240.00
266 300.00
267 480.00
268 320.00
269 220.00
270 300.00
271 260.00
272 240.00
273 340.00
274 200.00
275 240.00
276 180.00
277 300.00
278 220.00
279 280.00
280 240.00
281 340.00
282 260.00
283 320.00
284 220.00
285 200.00
286 220.00
287 320.00
288 200.00
289 180.00
290 180.00
291 320.00
292 160.00
293 140.00
294 120.00
295 220.00
296 160.00
297 160.00
298 160.00
299 280.00
300 260.00
301 360.00
302 180.00
303 220.00
304 300.00
305 260.00
306 240.00
307 300.00
308 300.00
309 240.00
310 280.00
311 320.00
312 200.00
313 220.00
314 300.00
315 220.00
316 260.00
317 340.00
318 340.00
319 280.00
320 200.00
321 220.00
322 160.00
323 240.00
324 340.00
325 260.00
326 160.00
327 160.00
328 220.00
329 220.00
330 80.00
331 440.00
332 160.00
333 200.00
334 80.00
335 180.00
336 460.00
337 240.00
338 420.00
339 240.00
340 420.00
341 180.00
342 240.00
343 140.00
344 440.00
345 480.00
346 400.00
347 180.00
348 200.00
349 200.00
350 360.00
351 200.00
352 200.00
353 180.00
354 200.00
355 200.00
356 440.00
357 180.00
358 480.00
359 240.00
360 460.00
361 220.00
362 240.00
363 460.00
364 260.00
365 200.00
366 220.00
367 240.00
368 240.00
369 380.00
370 460.00
371 320.00
372 280.00
373 240.00
374 320.00
375 340.00
376 380.00
377 320.00
378 360.00
379 340.00
380 280.00
381 380.00
382 320.00
383 360.00
384 180.00
385 240.00
386 440.00
387 240.00
388 280.00
389 240.00
390 440.00
391 460.00
392 440.00
393 380.00
394 420.00
395 340.00
396 400.00
397 260.00
398 240.00
399 240.00
400 240.00
401 140.00
402 260.00
403 220.00
404 160.00
405 240.00
406 360.00
407 460.00
408 220.00
409 360.00
410 280.00
411 160.00
412 460.00
413 280.00
414 200.00
415 300.00
416 240.00
417 400.00
418 460.00
419 380.00
420 300.00
421 240.00
422 280.00
423 380.00
424 420.00
425 360.00
426 240.00
427 460.00
428 200.00
429 340.00
430 240.00
431 460.00
432 240.00
433 280.00
434 260.00
435 300.00
436 220.00
437 240.00
438 240.00
439 260.00
440 440.00
441 440.00
442 380.00
443 240.00
444 200.00
445 220.00
446 180.00
447 240.00
448 160.00
449 140.00
450 300.00
451 400.00
452 280.00
453 340.00
454 460.00
455 220.00
456 400.00
457 340.00
458 360.00
459 380.00
460 220.00
461 400.00
462 420.00
463 440.00
464 460.00
465 240.00
466 220.00
467 220.00
468 420.00
469 240.00
470 240.00
471 320.00
472 200.00
473 280.00
474 480.00
475 500.00
476 220.00
477 240.00
478 220.00
479 200.00
480 220.00
481 160.00
482 240.00
483 380.00
484 240.00
485 160.00
486 180.00
487 160.00
488 260.00
489 320.00
490 440.00
491 440.00
492 480.00
493 460.00
494 240.00
495 200.00
496 220.00
497 300.00
498 360.00
499 440.00
500 240.00
501 320.00
502 200.00
503 280.00
504 200.00
505 360.00
506 360.00
507 400.00
508 220.00
509 180.00
510 340.00
511 200.00
512 220.00
513 140.00
514 280.00
515 200.00
516 160.00
517 300.00
518 220.00
519 320.00
520 260.00
521 400.00
522 220.00
523 140.00
524 420.00
525 220.00
526 440.00
527 500.00
528 240.00
529 460.00
530 220.00
531 240.00
532 460.00
533 240.00
534 400.00
535 240.00
536 200.00
537 200.00
538 300.00
539 480.00
540 380.00
541 460.00
542 440.00
543 400.00
544 240.00
545 480.00
546 380.00
547 340.00
548 240.00
549 360.00
550 460.00
551 360.00
552 380.00
553 320.00
554 400.00
555 380.00
556 380.00
557 440.00
558 220.00
559 320.00
560 480.00
561 240.00
562 220.00
563 480.00
564 400.00
565 480.00
566 440.00
567 480.00
568 240.00
569 500.00
570 400.00
571 420.00
572 220.00
573 240.00
574 440.00
575 420.00
576 240.00
577 380.00
578 500.00
579 280.00
580 460.00
581 320.00
582 240.00
583 380.00
584 400.00
585 200.00
586 360.00
587 420.00
588 380.00
589 360.00
590 200.00
591 240.00
592 220.00
593 460.00
594 380.00
595 220.00
596 200.00
597 360.00
598 420.00
599 360.00
600 200.00
601 260.00
602 240.00
603 200.00
604 480.00
605 220.00
606 280.00
607 240.00
608 240.00
609 400.00
610 200.00
611 320.00
612 240.00
613 240.00
614 260.00
615 240.00
616 280.00
617 320.00
618 260.00
619 240.00
620 400.00
621 200.00
622 240.00
623 160.00
624 140.00
625 280.00
626 220.00
627 220.00
628 400.00
629 380.00
630 260.00
631 400.00
632 200.00
633 380.00
634 240.00
635 400.00
636 320.00
637 180.00
638 180.00
639 300.00
640 180.00
641 120.00
642 400.00
643 120.00
644 220.00
645 120.00
646 360.00
647 240.00
648 200.00
649 400.00
650 400.00
651 160.00
652 160.00
653 220.00
654 440.00
655 200.00
656 240.00
657 220.00
658 200.00
659 420.00
660 240.00
661 220.00
662 220.00
663 180.00
664 140.00
665 440.00
666 200.00
667 460.00
668 180.00
669 240.00
670 360.00
671 200.00
672 360.00
673 380.00
674 240.00
675 300.00
676 240.00
677 240.00
678 380.00
679 360.00
680 480.00
681 220.00
682 220.00
683 380.00
684 240.00
685 200.00
686 180.00
687 240.00
688 460.00
689 460.00
690 500.00
691 480.00
692 460.00
693 460.00
694 240.00
695 240.00
696 240.00
697 240.00
698 240.00
699 240.00
700 420.00
701 420.00
702 240.00
703 220.00
704 300.00
705 300.00
706 440.00
707 400.00
708 380.00
709 420.00
710 480.00
711 460.00
712 300.00
713 440.00
714 480.00
715 240.00
716 180.00
717 420.00
718 240.00
719 360.00
720 220.00
721 380.00
722 320.00
723 380.00
724 400.00
725 280.00
726 300.00
727 220.00
728 280.00
729 420.00
730 480.00
731 380.00
732 220.00
733 260.00
734 360.00
735 240.00
736 500.00
737 480.00
738 480.00
739 240.00
740 400.00
741 280.00
742 220.00
743 360.00
744 480.00
745 440.00
746 200.00
747 420.00
748 240.00
749 380.00
750 460.00
751 360.00
752 380.00
753 440.00
754 240.00
755 260.00
756 460.00
757 320.00
758 440.00
759 500.00
760 240.00
761 400.00
762 220.00
763 300.00
764 320.00
765 460.00
766 480.00
767 240.00
768 220.00
769 340.00
770 460.00
771 240.00
772 400.00
773 440.00
774 320.00
775 280.00
776 380.00
777 300.00
778 240.00
779 140.00
780 360.00
781 420.00
782 440.00
783 440.00
784 200.00
785 180.00
786 240.00
787 400.00
788 400.00
789 200.00
790 240.00
791 380.00
792 140.00
793 280.00
794 400.00
795 440.00
796 240.00
797 380.00
798 400.00
799 420.00
800 420.00
801 260.00
802 220.00
803 320.00
804 280.00
805 200.00
806 200.00
807 320.00
808 420.00
809 220.00
810 300.00
811 240.00
812 100.00
813 380.00
814 220.00
815 500.00
816 280.00
817 360.00
818 280.00
819 140.00
820 400.00
821 480.00
822 220.00
823 300.00
824 320.00
825 400.00
826 200.00
827 200.00
828 340.00
829 200.00
830 180.00
831 340.00
832 220.00
833 180.00
834 360.00
835 180.00
836 120.00
837 140.00
838 420.00
839 220.00
840 240.00
841 440.00
842 220.00
843 260.00
844 280.00
845 140.00
846 380.00
847 240.00
848 120.00
849 180.00
850 480.00
851 420.00
852 260.00
853 240.00
854 180.00
855 400.00
856 220.00
857 200.00
858 420.00
859 440.00
860 480.00
861 240.00
862 240.00
863 160.00
864 340.00
865 140.00
866 160.00
867 240.00
868 340.00
869 240.00
870 420.00
871 460.00
872 440.00
873 320.00
874 200.00
875 500.00
876 240.00
877 500.00
878 240.00
879 200.00
880 460.00
881 460.00
882 420.00
883 260.00
884 420.00
885 460.00
886 220.00
887 240.00
888 180.00
889 400.00
890 220.00
891 380.00
892 420.00
893 200.00
894 400.00
895 340.00
896 380.00
897 360.00
898 480.00
899 460.00
900 240.00
901 420.00
902 120.00
903 300.00
904 380.00
905 240.00
906 380.00
907 360.00
908 380.00
909 380.00
910 460.00
911 340.00
912 340.00
913 220.00
914 420.00
915 340.00
916 460.00
917 420.00
918 360.00
919 420.00
920 240.00
921 440.00
922 220.00
923 460.00
924 480.00
925 440.00
926 460.00
927 220.00
928 500.00
929 200.00
930 400.00
931 420.00
932 400.00
933 460.00
934 440.00
935 160.00
936 240.00
937 460.00
938 240.00
939 440.00
940 220.00
941 420.00
942 260.00
943 200.00
944 400.00
945 460.00
946 360.00
947 400.00
948 240.00
949 380.00
950 200.00
951 340.00
952 500.00
953 460.00
954 240.00
955 280.00
956 440.00
957 360.00
958 460.00
959 500.00
960 440.00
961 140.00
962 220.00
963 420.00
964 200.00
965 380.00
966 240.00
967 100.00
968 220.00
969 220.00
970 500.00
971 420.00
972 460.00
973 360.00
974 240.00
975 480.00
976 300.00
977 220.00
978 180.00
979 380.00
980 360.00
981 360.00
982 300.00
983 180.00
984 180.00
985 340.00
986 380.00
987 320.00
988 380.00
989 400.00
990 400.00
991 380.00
992 360.00
993 480.00
994 280.00
995 320.00
996 220.00
997 480.00
998 380.00
999 480.00
1000 200.00
1001 240.00
1002 320.00
1003 180.00
1004 260.00
1005 280.00
1006 80.00
1007 420.00
1008 420.00
1009 380.00
1010 400.00
1011 500.00
1012 440.00
1013 220.00
1014 240.00
1015 240.00
1016 240.00
1017 320.00
1018 280.00
1019 100.00
1020 240.00
1021 180.00
1022 380.00
1023 420.00
1024 240.00
1025 480.00
1026 460.00
1027 480.00
1028 500.00
1029 320.00
1030 380.00
1031 240.00
1032 200.00
1033 340.00
1034 320.00
1035 360.00
1036 400.00
1037 200.00
1038 360.00
1039 380.00
1040 400.00
1041 380.00
1042 400.00
1043 400.00
1044 220.00
1045 420.00
1046 440.00
1047 360.00
1048 320.00
1049 340.00
1050 380.00
1051 380.00
1052 420.00
1053 440.00
1054 400.00
1055 260.00
1056 480.00
1057 400.00
1058 400.00
1059 240.00
1060 280.00
1061 240.00
1062 220.00
1063 240.00
1064 320.00
1065 180.00
1066 420.00
1067 200.00
1068 260.00
1069 360.00
1070 380.00
1071 180.00
1072 360.00
1073 420.00
1074 260.00
1075 420.00
1076 240.00
1077 400.00
1078 220.00
1079 260.00
1080 200.00
1081 180.00
1082 240.00
1083 400.00
1084 440.00
1085 400.00
1086 180.00
1087 180.00
1088 240.00
1089 200.00
1090 260.00
1091 320.00
1092 340.00
1093 200.00
1094 80.00
1095 340.00
1096 220.00
1097 480.00
1098 380.00
1099 420.00
1100 340.00
1101 420.00
1102 220.00
1103 220.00
1104 460.00
1105 380.00
1106 140.00
1107 340.00
1108 200.00
1109 380.00
1110 360.00
1111 360.00
1112 420.00
1113 200.00
1114 440.00
1115 480.00
1116 420.00
1117 360.00
1118 240.00
1119 360.00
1120 240.00
1121 240.00
1122 280.00
1123 420.00
1124 440.00
1125 380.00
1126 220.00
1127 400.00
1128 280.00
1129 340.00
1130 400.00
1131 240.00
1132 380.00
1133 320.00
1134 400.00
1135 220.00
1136 180.00
1137 180.00
1138 160.00
1139 400.00
1140 320.00
1141 340.00
1142 380.00
1143 400.00
1144 200.00
1145 240.00
1146 440.00
1147 480.00
1148 420.00
1149 200.00
1150 480.00
1151 440.00
1152 240.00
1153 480.00
1154 380.00
1155 300.00
1156 220.00
1157 320.00
1158 400.00
1159 260.00
1160 240.00
1161 320.00
1162 320.00
1163 460.00
1164 440.00
1165 400.00
1166 440.00
1167 500.00
1168 220.00
1169 220.00
1170 180.00
1171 300.00
1172 260.00
1173 400.00
1174 340.00
1175 400.00
1176 340.00
1177 380.00
1178 300.00
1179 340.00
1180 400.00
1181 380.00
1182 200.00
1183 420.00
1184 200.00
1185 400.00
1186 440.00
1187 360.00
1188 480.00
1189 320.00
1190 300.00
1191 260.00
1192 420.00
1193 380.00
1194 200.00
1195 400.00
1196 160.00
1197 380.00
1198 460.00
1199 220.00
1200 380.00
1201 360.00
1202 380.00
1203 180.00
1204 420.00
1205 340.00
1206 360.00
1207 420.00
1208 500.00
1209 460.00
1210 220.00
1211 440.00
1212 240.00
1213 380.00
1214 300.00
1215 300.00
1216 200.00
1217 240.00
1218 140.00
1219 340.00
1220 220.00
1221 400.00
1222 420.00
1223 220.00
1224 280.00
1225 420.00
1226 380.00
1227 140.00
1228 440.00
1229 180.00
1230 160.00
1231 280.00
1232 300.00
1233 240.00
1234 140.00
1235 340.00
1236 420.00
1237 400.00
1238 440.00
1239 400.00
1240 400.00
1241 240.00
1242 440.00
1243 360.00
1244 460.00
1245 480.00
1246 460.00
1247 240.00
1248 420.00
1249 180.00
1250 400.00
1251 380.00
1252 400.00
1253 480.00
1254 260.00
1255 240.00
1256 100.00
1257 400.00
1258 300.00
1259 460.00
1260 460.00
1261 140.00
1262 480.00
1263 500.00
1264 460.00
1265 440.00
1266 240.00
1267 240.00
1268 240.00
1269 440.00
1270 220.00
1271 240.00
1272 360.00
1273 200.00
1274 460.00
1275 220.00
1276 340.00
1277 380.00
1278 480.00
1279 460.00
1280 440.00
1281 440.00
1282 240.00
1283 500.00
1284 220.00
1285 400.00
1286 200.00
1287 380.00
1288 440.00
1289 220.00
1290 300.00
1291 460.00
1292 420.00
1293 260.00
1294 180.00
1295 320.00
1296 140.00
1297 300.00
1298 340.00
1299 320.00
1300 340.00
1301 300.00
1302 280.00
1303 400.00
1304 240.00
1305 320.00
1306 400.00
1307 220.00
1308 360.00
1309 420.00
1310 200.00
1311 220.00
1312 280.00
1313 420.00
1314 300.00
1315 460.00
1316 380.00
1317 300.00
1318 260.00
1319 380.00
1320 300.00
1321 400.00
1322 360.00
1323 260.00
1324 280.00
1325 380.00
1326 460.00
1327 240.00
1328 180.00
1329 380.00
1330 200.00
1331 320.00
1332 360.00
1333 240.00
1334 360.00
1335 380.00
1336 440.00
1337 400.00
1338 420.00
1339 380.00
1340 440.00
1341 240.00
1342 240.00
1343 240.00
1344 360.00
1345 460.00
1346 220.00
1347 440.00
1348 420.00
1349 360.00
1350 460.00
1351 460.00
1352 220.00
1353 240.00
1354 220.00
1355 440.00
1356 220.00
1357 320.00
1358 240.00
1359 400.00
1360 460.00
1361 240.00
1362 240.00
1363 380.00
1364 480.00
1365 280.00
1366 360.00
1367 260.00
1368 360.00
1369 480.00
1370 220.00
1371 240.00
1372 380.00
1373 260.00
1374 360.00
1375 300.00
1376 240.00
1377 440.00
1378 220.00
1379 360.00
1380 380.00
1381 320.00
1382 380.00
1383 280.00
1384 180.00
1385 180.00
1386 340.00
1387 380.00
1388 340.00
1389 380.00
1390 380.00
1391 240.00
1392 200.00
1393 180.00
1394 260.00
1395 360.00
1396 320.00
1397 400.00
1398 300.00
1399 280.00
1400 360.00
1401 500.00
1402 340.00
1403 360.00
1404 360.00
1405 240.00
1406 440.00
1407 380.00
1408 240.00
1409 260.00
1410 360.00
1411 220.00
1412 300.00
1413 240.00
1414 360.00
1415 240.00
1416 200.00
1417 160.00
1418 260.00
1419 300.00
1420 180.00
1421 180.00
1422 480.00
1423 480.00
1424 380.00
1425 260.00
1426 240.00
1427 200.00
1428 260.00
1429 300.00
1430 220.00
1431 260.00
1432 180.00
1433 240.00
1434 120.00
1435 340.00
1436 340.00
1437 160.00
1438 200.00
1439 380.00
1440 240.00
1441 420.00
1442 200.00
1443 440.00
1444 340.00
1445 340.00
1446 280.00
1447 440.00
1448 360.00
1449 180.00
1450 220.00
1451 340.00
1452 320.00
1453 360.00
1454 340.00
1455 420.00
1456 340.00
1457 480.00
1458 440.00
1459 460.00
1460 240.00
1461 340.00
1462 220.00
1463 320.00
1464 320.00
1465 280.00
1466 420.00
1467 240.00
1468 420.00
1469 480.00
1470 340.00
1471 440.00
1472 260.00
1473 380.00
1474 400.00
1475 200.00
1476 180.00
1477 340.00
1478 260.00
1479 260.00
1480 500.00
1481 480.00
1482 440.00
1483 220.00
1484 340.00
1485 380.00
1486 380.00
1487 380.00
1488 420.00
1489 240.00
1490 440.00
1491 440.00
1492 180.00
1493 220.00
1494 420.00
1495 420.00
1496 220.00
1497 500.00
1498 440.00
1499 420.00
1500 300.00
1501 460.00
1502 200.00
1503 220.00
1504 440.00
1505 400.00
1506 220.00
1507 240.00
1508 280.00
1509 260.00
1510 380.00
1511 340.00
1512 360.00
1513 340.00
1514 360.00
1515 380.00
1516 240.00
1517 420.00
1518 220.00
1519 200.00
1520 100.00
1521 220.00
1522 300.00
1523 320.00
1524 460.00
1525 420.00
1526 340.00
1527 160.00
1528 240.00
1529 180.00
1530 200.00
1531 360.00
1532 360.00
1533 140.00
1534 340.00
1535 460.00
1536 200.00
1537 260.00
1538 380.00
1539 440.00
1540 240.00
1541 320.00
1542 200.00
1543 280.00
1544 420.00
1545 480.00
1546 440.00
1547 240.00
1548 260.00
1549 240.00
1550 440.00
1551 420.00
1552 100.00
1553 300.00
1554 240.00
1555 240.00
1556 420.00
1557 180.00
1558 400.00
1559 420.00
1560 480.00
1561 240.00
1562 380.00
1563 380.00
1564 280.00
1565 320.00
1566 360.00
1567 420.00
1568 320.00
1569 120.00
1570 420.00
1571 460.00
1572 180.00
1573 220.00
1574 360.00
1575 320.00
1576 440.00
1577 440.00
1578 320.00
1579 200.00
1580 140.00
1581 160.00
1582 200.00
1583 360.00
1584 440.00
1585 360.00
1586 160.00
1587 500.00
1588 400.00
1589 420.00
1590 240.00
1591 460.00
1592 460.00
1593 160.00
1594 260.00
1595 440.00
1596 340.00
1597 400.00
1598 420.00
1599 380.00
1600 460.00
1601 440.00
1602 460.00
1603 240.00
1604 380.00
1605 420.00
1606 200.00
1607 500.00
1608 440.00
1609 220.00
1610 380.00
1611 500.00
1612 400.00
1613 220.00
1614 340.00
1615 380.00
1616 400.00
1617 180.00
1618 280.00
1619 360.00
1620 400.00
1621 200.00
1622 280.00
1623 200.00
1624 300.00
1625 260.00
1626 280.00
1627 220.00
1628 400.00
1629 300.00
1630 320.00
1631 360.00
1632 340.00
1633 240.00
1634 240.00
1635 260.00
1636 220.00
1637 160.00
1638 220.00
1639 380.00
1640 340.00
1641 360.00
1642 260.00
1643 400.00
1644 320.00
1645 380.00
1646 200.00
1647 360.00
1648 440.00
1649 460.00
1650 440.00
1651 240.00
1652 460.00
1653 260.00
1654 360.00
1655 400.00
1656 420.00
1657 240.00
1658 280.00
1659 200.00
1660 100.00
1661 480.00
1662 240.00
1663 340.00
1664 440.00
1665 420.00
1666 440.00
1667 460.00
1668 420.00
1669 220.00
1670 440.00
1671 220.00
1672 200.00
1673 440.00
1674 220.00
1675 480.00
1676 220.00
1677 220.00
1678 280.00
1679 420.00
1680 420.00
1681 360.00
1682 420.00
1683 220.00
1684 200.00
1685 460.00
1686 140.00
1687 200.00
1688 360.00
1689 280.00
1690 380.00
1691 420.00
1692 360.00
1693 220.00
1694 500.00
1695 480.00
1696 240.00
1697 480.00
1698 220.00
1699 460.00
1700 460.00
1701 340.00
1702 280.00
1703 180.00
1704 220.00
1705 380.00
1706 420.00
1707 480.00
1708 460.00
1709 360.00
1710 240.00
1711 260.00
1712 240.00
1713 400.00
1714 360.00
1715 220.00
1716 500.00
1717 300.00
1718 460.00
1719 360.00
1720 400.00
1721 420.00
1722 480.00
1723 460.00
1724 460.00
1725 460.00
1726 460.00
1727 240.00
1728 320.00
1729 400.00
1730 400.00
1731 200.00
1732 380.00
1733 420.00
1734 200.00
1735 360.00
1736 420.00
1737 240.00
1738 220.00
1739 360.00
1740 260.00
1741 300.00
1742 320.00
1743 260.00
1744 420.00
1745 380.00
1746 420.00
1747 140.00
1748 360.00
1749 200.00
1750 200.00
1751 380.00
1752 380.00
1753 380.00
1754 220.00
1755 420.00
1756 460.00
1757 480.00
1758 420.00
1759 220.00
1760 200.00
1761 380.00
1762 420.00
1763 440.00
1764 280.00
1765 380.00
1766 240.00
1767 460.00
1768 120.00
1769 200.00
1770 460.00
1771 480.00
1772 220.00
1773 380.00
1774 440.00
1775 500.00
1776 280.00
1777 420.00
1778 360.00
1779 220.00
1780 320.00
1781 360.00
1782 440.00
1783 420.00
1784 420.00
1785 160.00
1786 480.00
1787 220.00
1788 440.00
1789 440.00
1790 480.00
1791 440.00
1792 240.00
1793 420.00
1794 440.00
1795 280.00
1796 140.00
1797 480.00
1798 200.00
1799 200.00
1800 340.00
1801 460.00
1802 440.00
1803 300.00
1804 240.00
1805 360.00
1806 400.00
1807 420.00
1808 420.00
1809 380.00
1810 420.00
1811 380.00
1812 280.00
1813 240.00
1814 380.00
1815 380.00
1816 420.00
1817 200.00
1818 300.00
1819 340.00
1820 320.00
1821 480.00
1822 220.00
1823 380.00
1824 260.00
1825 300.00
1826 340.00
1827 340.00
1828 360.00
1829 380.00
1830 340.00
1831 420.00
1832 320.00
1833 240.00
1834 360.00
1835 440.00
1836 320.00
1837 300.00
1838 320.00
1839 400.00
1840 420.00
1841 360.00
1842 380.00
1843 340.00
1844 240.00
1845 400.00
1846 220.00
1847 340.00
1848 460.00
1849 160.00
1850 400.00
1851 240.00
1852 400.00
1853 420.00
1854 160.00
1855 360.00
1856 380.00
1857 200.00
1858 240.00
1859 440.00
1860 400.00
1861 440.00
1862 420.00
1863 360.00
1864 440.00
1865 200.00
1866 400.00
1867 280.00
1868 420.00
1869 440.00
1870 380.00
1871 420.00
1872 240.00
1873 420.00
1874 500.00
1875 160.00
1876 380.00
1877 460.00
1878 420.00
1879 220.00
1880 240.00
1881 400.00
1882 420.00
1883 420.00
1884 380.00
1885 400.00
1886 280.00
1887 380.00
1888 280.00
1889 380.00
1890 400.00
1891 400.00
1892 220.00
1893 360.00
1894 200.00
1895 440.00
1896 200.00
1897 360.00
1898 300.00
1899 120.00
1900 260.00
1901 240.00
1902 400.00
1903 440.00
1904 420.00
1905 160.00
1906 360.00
1907 360.00
1908 400.00
1909 300.00
1910 320.00
1911 320.00
1912 320.00
1913 240.00
1914 280.00
1915 220.00
1916 360.00
1917 380.00
1918 380.00
1919 360.00
1920 320.00
1921 380.00
1922 260.00
1923 200.00
1924 340.00
1925 340.00
1926 240.00
1927 440.00
1928 480.00
1929 440.00
1930 220.00
1931 220.00
1932 360.00
1933 420.00
1934 380.00
1935 440.00
1936 440.00
1937 220.00
1938 220.00
1939 180.00
1940 440.00
1941 240.00
1942 500.00
1943 180.00
1944 400.00
1945 240.00
1946 380.00
1947 440.00
1948 460.00
1949 180.00
1950 480.00
1951 460.00
1952 280.00
1953 400.00
1954 340.00
1955 480.00
1956 340.00
1957 360.00
1958 440.00
1959 220.00
1960 360.00
1961 500.00
1962 420.00
1963 300.00
1964 360.00
1965 440.00
1966 240.00
1967 380.00
1968 400.00
1969 420.00
1970 220.00
1971 420.00
1972 440.00
1973 360.00
1974 240.00
1975 400.00
1976 220.00
1977 380.00
1978 220.00
1979 380.00
1980 160.00
1981 240.00
1982 500.00
1983 240.00
1984 400.00
1985 200.00
1986 440.00
1987 220.00
1988 280.00
1989 360.00
1990 400.00
1991 420.00
1992 460.00
1993 380.00
1994 400.00
1995 220.00
1996 220.00
1997 140.00
1998 480.00
1999 340.00
2000 340.00
2001 420.00
2002 200.00
2003 280.00
2004 260.00
2005 360.00
2006 320.00
2007 480.00
2008 380.00
2009 380.00
2010 340.00
2011 400.00
2012 200.00
2013 460.00
2014 440.00
2015 300.00
2016 360.00
2017 440.00
2018 380.00
2019 400.00
2020 300.00
2021 440.00
2022 420.00
2023 220.00
2024 240.00
2025 400.00
2026 220.00
2027 380.00
2028 240.00
2029 340.00
2030 220.00
2031 320.00
2032 320.00
2033 220.00
2034 420.00
2035 280.00
2036 400.00
2037 220.00
2038 460.00
2039 200.00
2040 140.00
2041 320.00
2042 500.00
2043 240.00
2044 260.00
2045 480.00
2046 480.00
2047 480.00
2048 240.00
2049 440.00
2050 380.00
2051 460.00
2052 460.00
2053 280.00
2054 400.00
2055 280.00
2056 480.00
2057 420.00
2058 420.00
2059 400.00
2060 460.00
2061 260.00
2062 440.00
2063 240.00
2064 320.00
2065 280.00
2066 240.00
2067 400.00
2068 320.00
2069 360.00
2070 380.00
2071 340.00
2072 400.00
2073 360.00
2074 160.00
2075 380.00
2076 340.00
2077 360.00
2078 420.00
2079 400.00
2080 500.00
2081 240.00
2082 400.00
2083 260.00
2084 480.00
2085 380.00
2086 380.00
2087 440.00
2088 240.00
2089 460.00
2090 360.00
2091 220.00
2092 420.00
2093 480.00
2094 220.00
2095 380.00
2096 300.00
2097 260.00
2098 420.00
2099 420.00
2100 320.00
2101 280.00
2102 280.00
2103 420.00
2104 460.00
2105 220.00
2106 480.00
2107 360.00
2108 420.00
2109 340.00
2110 420.00
2111 440.00
2112 260.00
2113 400.00
2114 280.00
2115 240.00
2116 380.00
2117 400.00
2118 440.00
2119 480.00
2120 240.00
2121 380.00
2122 360.00
2123 460.00
2124 380.00
2125 360.00
2126 260.00
2127 300.00
2128 320.00
2129 360.00
2130 300.00
2131 220.00
2132 320.00
2133 380.00
2134 240.00
2135 340.00
2136 300.00
2137 440.00
2138 320.00
2139 400.00
2140 420.00
2141 340.00
2142 400.00
2143 440.00
2144 300.00
2145 340.00
2146 180.00
2147 420.00
2148 240.00
2149 480.00
2150 440.00
2151 240.00
2152 420.00
2153 440.00
2154 500.00
2155 460.00
2156 260.00
2157 200.00
2158 300.00
2159 400.00
2160 340.00
2161 440.00
2162 220.00
2163 220.00
2164 160.00
2165 400.00
2166 180.00
2167 260.00
2168 320.00
2169 420.00
2170 220.00
2171 160.00
2172 180.00
2173 180.00
2174 240.00
2175 320.00
2176 420.00
2177 380.00
2178 420.00
2179 380.00
2180 440.00
2181 440.00
2182 480.00
2183 240.00
2184 280.00
2185 220.00
2186 360.00
2187 360.00
2188 360.00
2189 420.00
2190 480.00
2191 440.00
2192 240.00
2193 440.00
2194 240.00
2195 260.00
2196 320.00
2197 460.00
2198 260.00
2199 440.00
2200 300.00
2201 420.00
2202 400.00
2203 320.00
2204 380.00
2205 340.00
2206 400.00
2207 340.00
2208 240.00
2209 460.00
2210 480.00
2211 220.00
2212 440.00
2213 400.00
2214 340.00
2215 420.00
2216 360.00
2217 400.00
2218 240.00
2219 280.00
2220 300.00
2221 240.00
2222 320.00
2223 420.00
2224 300.00
2225 500.00
2226 340.00
2227 340.00
2228 440.00
2229 160.00
2230 340.00
2231 440.00
2232 360.00
2233 420.00
2234 360.00
2235 160.00
2236 240.00
2237 320.00
2238 360.00
2239 340.00
2240 240.00
2241 320.00
2242 460.00
2243 340.00
2244 440.00
2245 300.00
2246 460.00
2247 500.00
2248 380.00
2249 400.00
2250 300.00
2251 420.00
2252 240.00
2253 320.00
2254 380.00
2255 460.00
2256 260.00
2257 360.00
2258 300.00
2259 260.00
2260 340.00
2261 400.00
2262 360.00
2263 300.00
2264 440.00
2265 240.00
2266 340.00
2267 240.00
2268 420.00
2269 340.00
2270 440.00
2271 480.00
2272 380.00
2273 480.00
2274 420.00
2275 360.00
2276 460.00
2277 420.00
2278 220.00
2279 220.00
2280 400.00
2281 460.00
2282 420.00
2283 480.00
2284 240.00
2285 400.00
2286 240.00
2287 420.00
2288 440.00
2289 240.00
2290 380.00
2291 280.00
2292 400.00
2293 360.00
2294 420.00
2295 440.00
2296 180.00
2297 240.00
2298 500.00
2299 200.00
2300 260.00
2301 240.00
2302 320.00
2303 340.00
2304 260.00
2305 500.00
2306 240.00
2307 240.00
2308 420.00
2309 420.00
2310 240.00
2311 320.00
2312 360.00
2313 340.00
2314 500.00
2315 200.00
2316 240.00
2317 360.00
2318 480.00
2319 340.00
2320 320.00
2321 380.00
2322 180.00
2323 280.00
2324 320.00
2325 220.00
2326 440.00
2327 260.00
2328 380.00
2329 220.00
2330 280.00
2331 300.00
2332 320.00
2333 420.00
2334 360.00
2335 340.00
2336 360.00
2337 400.00
2338 240.00
2339 400.00
2340 380.00
2341 320.00
2342 320.00
2343 220.00
2344 260.00
2345 380.00
2346 460.00
2347 160.00
2348 400.00
2349 480.00
2350 400.00
2351 200.00
2352 240.00
2353 280.00
2354 420.00
2355 220.00
2356 360.00
2357 500.00
2358 220.00
2359 380.00
2360 340.00
2361 440.00
2362 500.00
2363 360.00
2364 220.00
2365 400.00
2366 360.00
2367 260.00
2368 400.00
2369 440.00
2370 140.00
2371 220.00
2372 160.00
2373 340.00
2374 240.00
2375 340.00
2376 380.00
2377 480.00
2378 360.00
2379 340.00
2380 420.00
2381 300.00
2382 280.00
2383 340.00
2384 460.00
2385 360.00
2386 380.00
2387 400.00
2388 480.00
2389 200.00
2390 380.00
2391 220.00
2392 360.00
2393 420.00
2394 380.00
2395 240.00
2396 280.00
2397 360.00
2398 240.00
2399 360.00
2400 220.00
2401 180.00
2402 280.00
2403 480.00
2404 220.00
2405 360.00
2406 340.00
2407 400.00
2408 420.00
2409 400.00
2410 420.00
2411 160.00
2412 200.00
2413 300.00
2414 480.00
2415 220.00
2416 280.00
2417 380.00
2418 400.00
2419 400.00
2420 460.00
2421 440.00
2422 220.00
2423 160.00
2424 240.00
2425 400.00
2426 440.00
2427 440.00
2428 460.00
2429 440.00
2430 460.00
2431 500.00
2432 480.00
2433 480.00
2434 420.00
2435 220.00
2436 320.00
2437 460.00
2438 460.00
2439 320.00
2440 260.00
2441 200.00
2442 500.00
2443 260.00
2444 420.00
2445 480.00
2446 220.00
2447 260.00
2448 440.00
2449 420.00
2450 460.00
2451 380.00
2452 500.00
2453 140.00
2454 320.00
2455 500.00
2456 420.00
2457 320.00
2458 200.00
2459 420.00
2460 280.00
2461 260.00
2462 420.00
2463 420.00
2464 240.00
2465 360.00
2466 280.00
2467 240.00
2468 380.00
2469 420.00
2470 240.00
2471 320.00
2472 220.00
2473 300.00
2474 400.00
2475 140.00
2476 380.00
2477 400.00
2478 180.00
2479 320.00
2480 400.00
2481 380.00
2482 380.00
2483 400.00
2484 180.00
2485 380.00
2486 320.00
2487 420.00
2488 460.00
2489 240.00
2490 320.00
2491 460.00
2492 260.00
2493 200.00
2494 240.00
2495 320.00
2496 300.00
2497 400.00
2498 480.00
2499 280.00
2500 240.00
2501 380.00
2502 460.00
2503 360.00
2504 220.00
2505 460.00
2506 420.00
2507 240.00
2508 380.00
2509 260.00
2510 220.00
2511 340.00
2512 160.00
2513 380.00
2514 440.00
2515 240.00
2516 220.00
2517 340.00
2518 440.00
2519 440.00
2520 500.00
2521 480.00
2522 300.00
2523 400.00
2524 260.00
2525 260.00
2526 360.00
2527 480.00
2528 240.00
2529 260.00
2530 240.00
2531 420.00
2532 240.00
2533 440.00
2534 340.00
2535 420.00
2536 340.00
2537 240.00
2538 380.00
2539 440.00
2540 400.00
2541 260.00
2542 200.00
2543 240.00
2544 360.00
2545 420.00
2546 420.00
2547 300.00
2548 260.00
2549 240.00
2550 400.00
2551 400.00
2552 320.00
2553 320.00
2554 400.00
2555 300.00
2556 420.00
2557 500.00
2558 360.00
2559 500.00
2560 240.00
2561 500.00
2562 420.00
2563 240.00
2564 440.00
2565 380.00
2566 420.00
2567 320.00
2568 220.00
2569 420.00
2570 400.00
2571 460.00
2572 420.00
2573 300.00
2574 400.00
2575 320.00
2576 420.00
2577 180.00
2578 420.00
2579 140.00
2580 460.00
2581 320.00
2582 220.00
2583 220.00
2584 100.00
2585 420.00
2586 300.00
2587 360.00
2588 220.00
2589 400.00
2590 480.00
2591 420.00
2592 440.00
2593 220.00
2594 400.00
2595 460.00
2596 400.00
2597 480.00
2598 400.00
2599 340.00
2600 440.00
2601 220.00
2602 440.00
2603 220.00
2604 280.00
2605 420.00
2606 360.00
2607 400.00
2608 420.00
2609 460.00
2610 240.00
2611 360.00
2612 480.00
2613 440.00
2614 220.00
2615 220.00
2616 380.00
2617 420.00
2618 300.00
2619 400.00
2620 320.00
2621 380.00
2622 400.00
2623 340.00
2624 360.00
2625 340.00
2626 220.00
2627 100.00
2628 400.00
2629 380.00
2630 380.00
2631 400.00
2632 440.00
2633 480.00
2634 460.00
2635 220.00
2636 360.00
2637 440.00
2638 460.00
2639 480.00
2640 400.00
2641 400.00
2642 360.00
2643 360.00
2644 440.00
2645 400.00
2646 460.00
2647 440.00
2648 240.00
2649 380.00
2650 460.00
2651 440.00
2652 500.00
2653 420.00
2654 380.00
2655 460.00
2656 300.00
2657 400.00
2658 220.00
2659 400.00
2660 380.00
2661 480.00
2662 300.00
2663 400.00
2664 500.00
2665 420.00
2666 500.00
2667 220.00
2668 440.00
2669 420.00
2670 240.00
2671 480.00
2672 240.00
2673 340.00
2674 400.00
2675 380.00
2676 460.00
2677 480.00
2678 500.00
2679 280.00
2680 360.00
2681 280.00
2682 380.00
2683 500.00
2684 420.00
2685 480.00
2686 440.00
2687 400.00
2688 220.00
2689 400.00
2690 400.00
2691 460.00
2692 420.00
2693 500.00
2694 240.00
2695 260.00
2696 360.00
2697 400.00
2698 480.00
2699 320.00
2700 380.00
2701 440.00
2702 460.00
2703 460.00
2704 420.00
2705 200.00
2706 280.00
2707 340.00
2708 400.00
2709 380.00
2710 440.00
2711 420.00
2712 400.00
2713 180.00
2714 240.00
2715 240.00
2716 500.00
2717 440.00
2718 380.00
2719 280.00
2720 260.00
2721 200.00
2722 400.00
2723 240.00
2724 460.00
2725 440.00
2726 200.00
2727 360.00
2728 400.00
2729 440.00
2730 280.00
2731 400.00
2732 260.00
2733 420.00
2734 400.00
2735 420.00
2736 260.00
2737 400.00
2738 500.00
2739 300.00
2740 360.00
2741 460.00
2742 460.00
2743 440.00
2744 280.00
2745 320.00
2746 360.00
2747 400.00
2748 420.00
2749 200.00
2750 320.00
2751 420.00
2752 460.00
2753 320.00
2754 380.00
2755 260.00
2756 380.00
2757 240.00
2758 440.00
2759 360.00
2760 420.00
2761 400.00
2762 360.00
2763 200.00
2764 380.00
2765 500.00
2766 420.00
2767 340.00
2768 400.00
2769 260.00
2770 400.00
2771 280.00
2772 220.00
2773 440.00
2774 340.00
2775 460.00
2776 320.00
2777 240.00
2778 480.00
2779 400.00
2780 220.00
2781 280.00
2782 380.00
2783 240.00
2784 360.00
2785 400.00
2786 500.00
2787 340.00
2788 280.00
2789 220.00
2790 360.00
2791 380.00
2792 340.00
2793 320.00
2794 240.00
2795 440.00
2796 340.00
2797 280.00
2798 500.00
2799 240.00
2800 440.00
2801 220.00
2802 220.00
2803 360.00
2804 360.00
2805 460.00
2806 320.00
2807 480.00
2808 240.00
2809 420.00
2810 180.00
2811 280.00
2812 240.00
2813 380.00
2814 300.00
2815 220.00
2816 400.00
2817 340.00
2818 500.00
2819 420.00
2820 480.00
2821 400.00
2822 240.00
2823 400.00
2824 460.00
2825 420.00
2826 380.00
2827 480.00
2828 320.00
2829 300.00
2830 340.00
2831 360.00
2832 400.00
2833 360.00
2834 400.00
2835 240.00
2836 460.00
2837 220.00
2838 360.00
2839 440.00
2840 400.00
2841 420.00
2842 200.00
2843 480.00
2844 240.00
2845 420.00
2846 240.00
2847 380.00
2848 400.00
2849 260.00
2850 380.00
2851 420.00
2852 400.00
2853 460.00
2854 200.00
2855 360.00
2856 200.00
2857 240.00
2858 460.00
2859 280.00
2860 480.00
2861 440.00
2862 460.00
2863 460.00
2864 360.00
2865 460.00
2866 300.00
2867 440.00
2868 220.00
2869 380.00
2870 180.00
2871 200.00
2872 440.00
2873 300.00
2874 500.00
2875 300.00
2876 400.00
2877 200.00
2878 380.00
2879 380.00
2880 400.00
2881 240.00
2882 260.00
2883 440.00
2884 240.00
2885 260.00
2886 440.00
2887 440.00
2888 400.00
2889 400.00
2890 380.00
2891 360.00
2892 260.00
2893 400.00
2894 340.00
2895 160.00
2896 200.00
2897 340.00
2898 400.00
2899 400.00
2900 260.00
2901 380.00
2902 100.00
2903 380.00
2904 420.00
2905 440.00
2906 360.00
2907 280.00
2908 420.00
2909 400.00
2910 220.00
2911 360.00
2912 340.00
2913 340.00
2914 360.00
2915 380.00
2916 320.00
2917 280.00
2918 300.00
2919 380.00
2920 400.00
2921 420.00
2922 380.00
2923 340.00
2924 240.00
2925 240.00
2926 220.00
2927 220.00
2928 360.00
2929 180.00
2930 340.00
2931 380.00
2932 420.00
2933 220.00
2934 300.00
2935 200.00
2936 380.00
2937 240.00
2938 340.00
2939 280.00
2940 480.00
2941 380.00
2942 320.00
2943 220.00
2944 360.00
2945 220.00
2946 420.00
2947 360.00
2948 380.00
2949 440.00
2950 400.00
2951 240.00
2952 360.00
2953 500.00
2954 240.00
2955 400.00
2956 240.00
2957 420.00
2958 280.00
2959 240.00
2960 260.00
2961 260.00
2962 180.00
2963 340.00
2964 160.00
2965 240.00
2966 360.00
2967 340.00
2968 420.00
2969 400.00
2970 240.00
2971 360.00
2972 440.00
2973 320.00
2974 420.00
2975 360.00
2976 360.00
2977 180.00
2978 240.00
2979 420.00
2980 360.00
2981 260.00
2982 360.00
2983 380.00
2984 380.00
2985 260.00
2986 500.00
2987 440.00
2988 240.00
2989 460.00
2990 380.00
2991 500.00
2992 160.00
2993 420.00
2994 240.00
2995 220.00
2996 440.00
2997 400.00
2998 300.00
2999 420.00
