0 -0.15
1 -0.25
2 -0.24
3 -0.19
4 -0.17
5 -0.20
6 -0.16
7 -0.15
8 -0.05
9 -0.16
10 -0.19
11 -0.13
12 -0.05
13 0.01
14 -0.04
15 -0.05
16 -0.03
17 -0.19
18 0.02
19 -0.00
20 -0.12
21 -0.02
22 -0.21
23 -0.20
24 -0.02
25 -0.03
26 -0.11
27 0.02
28 0.06
29 -0.01
30 0.05
31 -0.18
32 -0.13
33 -0.13
34 0.06
35 0.10
36 -0.21
37 -0.09
38 -0.20
39 0.02
40 0.03
41 -0.15
42 -0.07
43 -0.03
44 0.01
45 -0.11
46 0.02
47 -0.17
48 -0.12
49 -0.14
50 -0.08
51 -0.12
52 -0.15
53 -0.19
54 -0.16
55 -0.12
56 -0.13
57 -0.09
58 -0.16
59 -0.14
60 -0.17
61 -0.10
62 -0.09
63 -0.05
64 -0.17
65 -0.04
66 -0.00
67 -0.16
68 -0.10
69 -0.15
70 -0.02
71 -0.16
72 -0.24
73 -0.10
74 -0.16
75 -0.00
76 -0.13
77 -0.09
78 -0.05
79 0.00
80 -0.10
81 -0.03
82 -0.17
83 0.01
84 -0.19
85 -0.15
86 -0.20
87 -0.01
88 0.05
89 0.04
90 -0.16
91 -0.03
92 -0.03
93 0.08
94 0.02
95 0.01
96 -0.04
97 -0.02
98 -0.12
99 -0.13
100 -0.01
101 0.02
102 -0.19
103 0.04
104 0.09
105 -0.15
106 0.08
107 0.06
108 -0.14
109 0.08
110 0.06
111 -0.08
112 -0.15
113 0.03
114 0.01
115 0.06
116 0.11
117 0.11
118 0.12
119 -0.17
120 -0.19
121 0.13
122 0.07
123 -0.06
124 -0.23
125 0.05
126 0.11
127 -0.12
128 0.04
129 -0.05
130 -0.05
131 0.10
132 0.11
133 -0.10
134 -0.07
135 0.05
136 -0.11
137 -0.05
138 0.06
139 -0.10
140 -0.15
141 -0.02
142 -0.17
143 0.01
144 -0.17
145 -0.03
146 -0.20
147 -0.21
148 -0.10
149 -0.16
150 -0.04
151 -0.08
152 -0.23
153 -0.12
154 -0.01
155 -0.14
156 0.04
157 -0.16
158 0.01
159 -0.12
160 0.02
161 0.06
162 0.05
163 -0.11
164 -0.06
165 -0.16
166 0.06
167 -0.22
168 -0.17
169 -0.17
170 -0.09
171 0.04
172 -0.12
173 -0.14
174 0.03
175 -0.04
176 0.05
177 0.05
178 0.05
179 0.06
180 -0.15
181 -0.01
182 -0.24
183 -0.16
184 -0.04
185 0.04
186 -0.11
187 -0.15
188 -0.09
189 0.08
190 0.05
191 -0.12
192 -0.10
193 0.07
194 0.07
195 -0.12
196 -0.02
197 -0.14
198 -0.18
199 0.06
200 0.26
201 -0.21
202 0.22
203 0.24
204 -0.15
205 -0.08
206 0.26
207 0.25
208 0.24
209 0.27
210 0.26
211 -0.25
212 0.23
213 -0.24
214 -0.23
215 -0.20
216 0.23
217 0.24
218 0.26
219 -0.19
220 0.20
221 0.23
222 -0.24
223 0.17
224 -0.23
225 0.17
226 -0.22
227 0.13
228 0.13
229 0.07
230 -0.17
231 -0.12
232 0.11
233 -0.20
234 0.11
235 -0.17
236 0.09
237 -0.09
238 -0.16
239 -0.00
240 -0.04
241 -0.19
242 0.07
243 -0.09
244 0.01
245 -0.14
246 -0.14
247 -0.25
248 -0.07
249 -0.15
250 -0.11
251 -0.15
252 -0.07
253 -0.07
254 -0.17
255 -0.05
256 -0.08
257 0.07
258 -0.19
259 0.01
260 0.02
261 0.05
262 0.06
263 -0.07
264 -0.04
265 0.04
266 -0.15
267 -0.22
268 -0.13
269 -0.07
270 0.02
271 -0.17
272 0.04
273 -0.11
274 -0.11
275 0.03
276 0.05
277 -0.04
278 0.05
279 0.10
280 -0.12
281 0.14
282 -0.22
283 0.12
284 -0.16
285 -0.12
286 0.10
287 0.05
288 0.14
289 -0.05
290 0.12
291 0.12
292 -0.05
293 -0.11
294 0.08
295 -0.21
296 -0.20
297 0.05
298 -0.11
299 0.07
300 0.11
301 -0.19
302 -0.15
303 0.16
304 0.06
305 0.09
306 0.03
307 -0.08
308 0.14
309 0.15
310 -0.22
311 -0.19
312 -0.13
313 0.11
314 -0.04
315 -0.16
316 -0.14
317 0.11
318 -0.13
319 -0.10
320 -0.12
321 -0.18
322 0.00
323 -0.17
324 0.03
325 -0.14
326 0.00
327 -0.06
328 -0.10
329 0.03
330 -0.23
331 0.05
332 -0.07
333 -0.04
334 -0.01
335 0.11
336 -0.17
337 -0.04
338 -0.11
339 -0.17
340 -0.01
341 -0.05
342 -0.18
343 0.11
344 0.11
345 -0.16
346 -0.03
347 0.06
348 -0.18
349 0.09
350 -0.13
351 0.07
352 -0.10
353 -0.10
354 0.01
355 0.11
356 -0.07
357 0.04
358 -0.10
359 -0.20
360 0.06
361 0.11
362 -0.14
363 0.10
364 -0.06
365 0.11
366 0.07
367 -0.03
368 0.00
369 -0.20
370 -0.05
371 0.10
372 -0.13
373 0.12
374 -0.07
375 0.10
376 0.11
377 0.16
378 -0.14
379 0.12
380 -0.10
381 0.13
382 0.14
383 0.14
384 -0.17
385 -0.16
386 -0.15
387 -0.02
388 -0.02
389 0.04
390 0.13
391 -0.15
392 0.12
393 -0.15
394 0.10
395 -0.09
396 -0.15
397 0.05
398 0.10
399 -0.19
400 0.49
401 -0.03
402 -0.08
403 0.14
404 0.26
405 -0.04
406 0.12
407 0.13
408 0.18
409 0.14
410 0.22
411 0.00
412 -0.07
413 -0.02
414 0.15
415 -0.02
416 0.10
417 0.10
418 -0.09
419 0.10
420 0.07
421 0.13
422 0.17
423 0.08
424 0.05
425 -0.02
426 0.17
427 -0.24
428 -0.02
429 0.06
430 0.23
431 0.22
432 0.21
433 0.20
434 0.07
435 0.14
436 0.25
437 0.27
438 0.22
439 0.21
440 -0.03
441 0.37
442 0.06
443 0.34
444 0.36
445 0.27
446 0.35
447 -0.12
448 0.31
449 -0.07
450 -0.11
451 0.15
452 -0.02
453 -0.17
454 0.06
455 0.30
456 0.28
457 -0.10
458 0.05
459 0.00
460 -0.04
461 0.12
462 -0.10
463 0.18
464 0.28
465 0.11
466 0.00
467 -0.04
468 0.14
469 0.14
470 0.08
471 0.09
472 0.15
473 0.17
474 0.15
475 -0.00
476 0.01
477 -0.00
478 -0.01
479 0.18
480 0.00
481 0.04
482 0.11
483 0.08
484 -0.06
485 0.15
486 -0.05
487 0.17
488 -0.13
489 0.09
490 -0.05
491 0.09
492 0.09
493 0.09
494 0.07
495 -0.05
496 0.14
497 0.13
498 0.17
499 0.07
500 0.16
501 0.08
502 0.11
503 0.01
504 0.09
505 0.20
506 0.11
507 0.21
508 0.03
509 0.08
510 0.02
511 -0.04
512 0.01
513 0.01
514 0.01
515 0.08
516 0.07
517 -0.04
518 0.00
519 0.10
520 0.08
521 0.11
522 0.18
523 0.10
524 -0.16
525 0.17
526 0.05
527 0.06
528 0.03
529 0.03
530 0.06
531 -0.04
532 0.04
533 0.17
534 0.03
535 0.08
536 -0.01
537 -0.18
538 0.16
539 0.08
540 0.04
541 0.17
542 -0.13
543 0.07
544 -0.10
545 0.23
546 0.22
547 0.28
548 0.26
549 0.00
550 -0.19
551 0.21
552 -0.10
553 0.12
554 0.01
555 0.26
556 -0.13
557 0.21
558 0.09
559 0.23
560 -0.06
561 0.24
562 0.04
563 0.20
564 -0.10
565 0.06
566 0.22
567 0.13
568 0.12
569 0.16
570 0.03
571 0.09
572 0.23
573 0.26
574 0.28
575 0.27
576 0.15
577 -0.01
578 0.11
579 0.27
580 0.30
581 0.13
582 0.08
583 0.03
584 0.10
585 0.25
586 0.24
587 0.11
588 0.09
589 0.11
590 0.24
591 0.18
592 0.22
593 -0.15
594 0.27
595 0.14
596 0.29
597 0.09
598 0.28
599 0.29
600 0.38
601 0.46
602 0.46
603 -0.15
604 0.46
605 0.44
606 -0.14
607 0.44
608 0.38
609 0.42
610 0.49
611 0.40
612 0.44
613 0.42
614 0.49
615 0.46
616 0.46
617 0.49
618 -0.10
619 -0.06
620 -0.36
621 0.10
622 0.21
623 0.01
624 0.39
625 0.44
626 0.46
627 0.41
628 -0.12
629 -0.06
630 0.26
631 0.40
632 0.09
633 0.14
634 0.24
635 0.25
636 0.30
637 0.35
638 0.43
639 0.41
640 -0.11
641 0.14
642 0.30
643 0.43
644 0.02
645 0.29
646 0.25
647 0.35
648 0.32
649 0.44
650 0.33
651 0.27
652 0.37
653 0.28
654 0.40
655 0.35
656 0.39
657 0.37
658 0.42
659 0.42
660 0.31
661 0.13
662 0.37
663 0.19
664 0.42
665 -0.04
666 0.39
667 0.45
668 0.36
669 0.45
670 0.27
671 0.13
672 0.44
673 0.44
674 0.37
675 0.21
676 0.34
677 0.35
678 0.41
679 0.38
680 0.44
681 0.09
682 0.43
683 0.43
684 0.33
685 0.46
686 0.43
687 0.48
688 0.42
689 0.43
690 0.49
691 0.44
692 -0.11
693 0.37
694 0.31
695 0.41
696 0.43
697 0.49
698 0.46
699 0.43
700 0.36
701 0.45
702 0.44
703 0.45
704 -0.12
705 0.32
706 0.47
707 0.01
708 0.40
709 0.42
710 0.17
711 0.41
712 0.02
713 0.47
714 0.38
715 0.48
716 0.43
717 0.29
718 0.08
719 -0.14
720 0.39
721 0.34
722 0.32
723 0.36
724 0.47
725 0.47
726 0.48
727 0.07
728 0.42
729 0.44
730 0.41
731 0.46
732 0.03
733 0.41
734 0.46
735 0.48
736 0.39
737 0.43
738 0.44
739 0.38
740 0.45
741 0.46
742 0.42
743 0.49
744 0.46
745 0.44
746 0.49
747 0.48
748 -0.03
749 0.46
750 0.42
751 0.41
752 0.44
753 0.49
754 0.46
755 0.28
756 0.44
757 0.46
758 0.04
759 0.46
760 0.48
761 0.44
762 0.40
763 0.40
764 0.37
765 0.49
766 0.41
767 0.46
768 0.37
769 -0.20
770 0.46
771 0.46
772 0.45
773 0.45
774 0.49
775 0.44
776 0.03
777 0.44
778 0.46
779 0.48
780 0.44
781 0.49
782 0.48
783 0.06
784 0.43
785 -0.04
786 0.37
787 0.40
788 0.35
789 0.31
790 0.44
791 0.39
792 0.43
793 0.48
794 0.44
795 0.44
796 -0.26
797 0.32
798 0.46
799 0.49
800 0.49
801 0.46
802 0.46
803 0.44
804 0.42
805 0.46
806 0.42
807 0.49
808 0.40
809 0.44
810 0.46
811 0.49
812 0.49
813 -0.25
814 -0.27
815 0.22
816 0.40
817 0.08
818 0.31
819 0.45
820 0.44
821 0.45
822 0.43
823 0.39
824 0.46
825 0.46
826 0.49
827 0.46
828 0.44
829 0.46
830 0.18
831 0.44
832 0.49
833 0.42
834 0.49
835 0.43
836 -0.21
837 0.44
838 0.44
839 -0.10
840 -0.07
841 0.37
842 0.38
843 0.42
844 0.47
845 0.38
846 0.39
847 0.34
848 -0.10
849 0.35
850 -0.07
851 0.37
852 0.35
853 0.35
854 0.27
855 0.32
856 0.26
857 0.40
858 0.35
859 0.37
860 0.36
861 -0.08
862 0.29
863 0.33
864 0.35
865 0.40
866 0.39
867 0.43
868 0.42
869 0.40
870 0.44
871 0.43
872 0.36
873 0.45
874 0.30
875 0.43
876 0.27
877 0.22
878 0.37
879 0.40
880 0.42
881 0.44
882 0.44
883 0.30
884 0.45
885 0.47
886 0.44
887 0.43
888 0.39
889 0.21
890 0.27
891 0.17
892 0.35
893 0.19
894 0.34
895 0.33
896 0.42
897 0.26
898 0.39
899 0.43
900 0.41
901 0.47
902 0.48
903 0.44
904 0.35
905 0.43
906 0.48
907 0.46
908 0.42
909 0.39
910 0.48
911 0.49
912 0.44
913 0.48
914 0.39
915 0.13
916 -0.11
917 0.36
918 0.39
919 0.45
920 0.24
921 0.39
922 0.46
923 0.37
924 0.00
925 0.08
926 0.30
927 -0.30
928 0.40
929 0.44
930 0.41
931 0.42
932 0.15
933 0.41
934 0.48
935 -0.28
936 0.39
937 0.30
938 0.42
939 0.14
940 0.36
941 0.33
942 0.37
943 0.43
944 0.14
945 0.39
946 0.24
947 0.41
948 0.37
949 0.41
950 0.22
951 0.49
952 0.49
953 0.40
954 0.37
955 0.38
956 0.32
957 0.48
958 0.43
959 0.43
960 0.49
961 0.41
962 0.19
963 0.40
964 0.42
965 0.40
966 0.43
967 0.44
968 0.41
969 0.29
970 -0.17
971 0.36
972 0.23
973 0.48
974 0.37
975 0.24
976 0.34
977 0.43
978 0.48
979 0.44
980 0.43
981 0.46
982 0.49
983 0.38
984 0.39
985 0.45
986 0.49
987 0.43
988 -0.12
989 0.46
990 0.42
991 0.45
992 0.37
993 0.47
994 0.03
995 0.48
996 0.48
997 0.35
998 0.39
999 0.33
1000 0.23
1001 0.41
1002 0.36
1003 0.41
1004 0.34
1005 0.41
1006 0.48
1007 0.37
1008 0.38
1009 0.46
1010 0.46
1011 0.46
1012 0.38
1013 0.49
1014 0.05
1015 0.46
1016 0.46
1017 0.46
1018 0.46
1019 0.42
1020 0.40
1021 0.42
1022 0.49
1023 0.44
1024 0.46
1025 0.44
1026 0.42
1027 0.46
1028 0.39
1029 0.33
1030 -0.14
1031 0.48
1032 0.43
1033 0.40
1034 0.46
1035 0.44
1036 0.49
1037 0.40
1038 0.49
1039 0.44
1040 0.42
1041 0.46
1042 0.32
1043 0.40
1044 0.38
1045 0.12
1046 -0.07
1047 0.17
1048 0.33
1049 0.25
1050 0.36
1051 0.36
1052 0.41
1053 0.43
1054 0.42
1055 0.48
1056 0.43
1057 0.46
1058 0.49
1059 0.49
1060 0.46
1061 0.49
1062 0.38
1063 0.42
1064 0.44
1065 0.40
1066 0.33
1067 0.41
1068 0.44
1069 0.44
1070 0.46
1071 0.46
1072 0.44
1073 0.46
1074 0.36
1075 0.49
1076 0.44
1077 0.36
1078 0.19
1079 0.44
1080 0.46
1081 0.39
1082 0.46
1083 0.41
1084 0.46
1085 0.32
1086 0.49
1087 0.42
1088 0.42
1089 0.41
1090 0.44
1091 0.42
1092 0.19
1093 0.38
1094 0.41
1095 0.45
1096 0.44
1097 0.49
1098 0.42
1099 0.49
1100 0.34
1101 0.36
1102 0.42
1103 0.45
1104 0.44
1105 0.44
1106 0.42
1107 0.46
1108 0.46
1109 0.21
1110 0.38
1111 0.12
1112 0.44
1113 0.37
1114 0.49
1115 0.40
1116 0.44
1117 0.44
1118 0.32
1119 0.46
1120 0.49
1121 0.40
1122 0.40
1123 0.44
1124 0.46
1125 0.44
1126 0.49
1127 0.46
1128 0.42
1129 0.36
1130 0.46
1131 0.44
1132 0.42
1133 0.46
1134 0.40
1135 0.37
1136 0.31
1137 0.42
1138 0.27
1139 -0.16
1140 0.05
1141 0.44
1142 0.35
1143 0.34
1144 0.41
1145 -0.04
1146 0.43
1147 0.42
1148 0.48
1149 0.49
1150 0.34
1151 0.38
1152 0.49
1153 0.44
1154 -0.14
1155 -0.15
1156 0.25
1157 0.23
1158 0.38
1159 0.34
1160 0.45
1161 0.47
1162 0.36
1163 0.37
1164 0.37
1165 0.44
1166 0.46
1167 0.39
1168 0.26
1169 0.43
1170 0.36
1171 0.48
1172 0.41
1173 -0.20
1174 0.48
1175 0.38
1176 0.40
1177 0.42
1178 0.40
1179 0.35
1180 -0.04
1181 0.26
1182 0.32
1183 0.36
1184 0.37
1185 0.34
1186 0.41
1187 0.43
1188 0.48
1189 0.39
1190 0.37
1191 0.42
1192 -0.01
1193 0.46
1194 0.34
1195 0.48
1196 0.40
1197 0.43
1198 0.48
1199 0.43
1200 0.30
1201 0.41
1202 -0.08
1203 0.09
1204 0.45
1205 0.41
1206 -0.33
1207 0.48
1208 0.40
1209 0.39
1210 0.44
1211 0.49
1212 0.49
1213 0.39
1214 0.42
1215 0.42
1216 0.44
1217 0.49
1218 0.38
1219 0.38
1220 -0.34
1221 0.41
1222 -0.27
1223 0.46
1224 0.03
1225 0.49
1226 0.40
1227 0.44
1228 0.42
1229 0.47
1230 0.30
1231 0.44
1232 0.34
1233 0.42
1234 0.49
1235 0.42
1236 -0.32
1237 0.20
1238 0.37
1239 0.43
1240 0.32
1241 0.27
1242 0.44
1243 -0.12
1244 0.12
1245 0.06
1246 0.33
1247 -0.23
1248 0.25
1249 0.16
1250 0.20
1251 0.29
1252 0.40
1253 0.36
1254 0.33
1255 0.44
1256 0.41
1257 0.44
1258 0.32
1259 0.29
1260 0.35
1261 0.31
1262 0.36
1263 0.21
1264 0.20
1265 0.36
1266 0.45
1267 0.39
1268 0.37
1269 0.43
1270 0.25
1271 0.46
1272 0.41
1273 0.47
1274 0.46
1275 0.38
1276 0.40
1277 0.44
1278 0.42
1279 0.34
1280 0.48
1281 0.42
1282 0.48
1283 0.48
1284 0.39
1285 0.44
1286 -0.13
1287 0.48
1288 0.41
1289 0.40
1290 0.49
1291 0.46
1292 0.44
1293 0.33
1294 0.12
1295 0.46
1296 0.41
1297 0.48
1298 -0.03
1299 0.31
1300 0.47
1301 0.48
1302 0.48
1303 0.44
1304 0.40
1305 0.44
1306 0.34
1307 0.43
1308 0.49
1309 0.36
1310 0.44
1311 0.44
1312 0.43
1313 0.12
1314 0.37
1315 0.40
1316 0.43
1317 0.46
1318 0.46
1319 0.38
1320 0.37
1321 0.39
1322 0.35
1323 0.45
1324 0.48
1325 0.26
1326 0.38
1327 0.43
1328 0.34
1329 0.44
1330 0.43
1331 0.46
1332 0.37
1333 0.34
1334 0.22
1335 0.37
1336 0.27
1337 0.36
1338 0.43
1339 0.42
1340 0.42
1341 0.39
1342 0.24
1343 0.39
1344 -0.15
1345 0.31
1346 0.27
1347 0.38
1348 0.22
1349 -0.18
1350 0.24
1351 0.36
1352 0.15
1353 0.30
1354 0.25
1355 0.32
1356 0.45
1357 0.41
1358 0.15
1359 0.42
1360 0.37
1361 0.41
1362 0.16
1363 0.44
1364 -0.04
1365 0.34
1366 0.39
1367 0.35
1368 0.42
1369 0.42
1370 0.39
1371 0.33
1372 0.39
1373 0.43
1374 0.30
1375 0.48
1376 0.43
1377 0.48
1378 0.40
1379 0.48
1380 0.44
1381 0.35
1382 0.45
1383 0.04
1384 0.48
1385 0.36
1386 0.48
1387 0.29
1388 0.39
1389 0.47
1390 0.35
1391 0.38
1392 0.35
1393 0.47
1394 0.43
1395 0.42
1396 -0.25
1397 0.45
1398 0.47
1399 0.45
1400 0.46
1401 0.18
1402 0.38
1403 0.40
1404 0.49
1405 0.46
1406 0.42
1407 0.46
1408 0.35
1409 0.24
1410 0.40
1411 0.40
1412 0.42
1413 0.34
1414 0.49
1415 0.38
1416 0.49
1417 0.38
1418 0.42
1419 0.46
1420 0.46
1421 0.46
1422 0.46
1423 0.49
1424 0.42
1425 0.34
1426 0.37
1427 0.49
1428 0.34
1429 0.49
1430 0.24
1431 0.49
1432 0.36
1433 0.49
1434 0.49
1435 0.19
1436 0.49
1437 0.46
1438 -0.32
1439 0.44
1440 0.40
1441 0.40
1442 0.44
1443 0.49
1444 0.42
1445 0.38
1446 0.46
1447 0.46
1448 0.44
1449 0.46
1450 0.46
1451 0.49
1452 0.44
1453 0.46
1454 0.46
1455 0.46
1456 0.42
1457 -0.23
1458 0.42
1459 0.35
1460 -0.30
1461 0.42
1462 0.35
1463 0.41
1464 0.44
1465 0.49
1466 0.46
1467 0.41
1468 0.44
1469 0.49
1470 0.39
1471 0.49
1472 0.45
1473 0.26
1474 -0.30
1475 0.34
1476 0.43
1477 0.40
1478 0.29
1479 0.38
1480 0.29
1481 0.26
1482 0.10
1483 0.36
1484 0.31
1485 0.34
1486 0.33
1487 0.41
1488 0.33
1489 0.37
1490 0.48
1491 0.49
1492 0.46
1493 0.33
1494 0.49
1495 0.40
1496 0.46
1497 0.37
1498 0.38
1499 0.17
1500 0.43
1501 0.49
1502 0.36
1503 0.38
1504 0.44
1505 0.37
1506 0.45
1507 0.46
1508 0.46
1509 0.14
1510 0.49
1511 -0.14
1512 0.21
1513 -0.06
1514 0.23
1515 0.36
1516 0.37
1517 0.32
1518 0.17
1519 0.41
1520 0.32
1521 0.35
1522 0.48
1523 0.49
1524 0.35
1525 0.35
1526 0.49
1527 0.44
1528 0.39
1529 0.30
1530 0.33
1531 0.45
1532 0.48
1533 0.44
1534 0.39
1535 0.38
1536 -0.11
1537 0.33
1538 0.26
1539 0.36
1540 0.38
1541 0.34
1542 0.40
1543 0.29
1544 -0.02
1545 0.40
1546 0.45
1547 0.14
1548 0.27
1549 0.48
1550 0.22
1551 0.42
1552 0.42
1553 0.46
1554 0.44
1555 0.49
1556 0.20
1557 0.38
1558 0.35
1559 0.37
1560 0.46
1561 0.34
1562 0.49
1563 -0.17
1564 0.38
1565 0.38
1566 0.43
1567 0.49
1568 0.49
1569 0.49
1570 0.46
1571 0.42
1572 -0.02
1573 0.42
1574 0.23
1575 0.39
1576 0.46
1577 0.49
1578 0.39
1579 0.49
1580 0.40
1581 0.25
1582 0.49
1583 0.39
1584 0.46
1585 0.46
1586 0.46
1587 0.38
1588 0.05
1589 0.41
1590 0.49
1591 0.40
1592 0.34
1593 0.35
1594 -0.26
1595 0.48
1596 0.46
1597 0.44
1598 0.44
1599 0.44
1600 0.46
1601 0.40
1602 0.46
1603 0.46
1604 0.46
1605 0.49
1606 0.40
1607 0.46
1608 0.40
1609 0.40
1610 0.42
1611 0.42
1612 0.46
1613 0.34
1614 0.36
1615 0.29
1616 0.31
1617 0.24
1618 0.46
1619 0.42
1620 0.49
1621 0.28
1622 0.46
1623 0.40
1624 0.40
1625 0.46
1626 0.46
1627 0.46
1628 0.24
1629 0.49
1630 0.44
1631 0.46
1632 0.49
1633 0.42
1634 0.44
1635 0.28
1636 0.23
1637 0.46
1638 0.45
1639 0.46
1640 0.38
1641 -0.08
1642 0.39
1643 0.49
1644 -0.10
1645 0.14
1646 0.44
1647 -0.08
1648 0.37
1649 0.49
1650 0.46
1651 0.46
1652 0.49
1653 0.38
1654 0.46
1655 0.49
1656 0.40
1657 0.49
1658 0.49
1659 0.37
1660 0.15
1661 0.28
1662 0.44
1663 -0.31
1664 0.48
1665 0.30
1666 0.26
1667 0.42
1668 0.30
1669 0.38
1670 0.49
1671 0.17
1672 0.38
1673 0.19
1674 0.43
1675 0.48
1676 0.39
1677 0.46
1678 0.25
1679 0.44
1680 0.49
1681 0.49
1682 0.26
1683 0.27
1684 0.49
1685 0.49
1686 0.46
1687 0.44
1688 0.02
1689 -0.00
1690 0.33
1691 0.37
1692 0.43
1693 0.49
1694 0.46
1695 0.41
1696 0.46
1697 0.41
1698 0.36
1699 0.39
1700 0.49
1701 0.46
1702 0.26
1703 0.42
1704 0.44
1705 0.31
1706 0.44
1707 -0.32
1708 0.36
1709 -0.03
1710 0.39
1711 0.43
1712 0.42
1713 0.38
1714 -0.13
1715 0.39
1716 0.38
1717 0.24
1718 0.43
1719 0.25
1720 0.15
1721 0.37
1722 0.39
1723 0.41
1724 0.39
1725 0.46
1726 0.26
1727 0.44
1728 0.38
1729 0.45
1730 0.34
1731 0.39
1732 0.31
1733 0.34
1734 0.46
1735 0.41
1736 0.39
1737 0.35
1738 0.43
1739 0.37
1740 0.49
1741 0.44
1742 0.41
1743 0.42
1744 0.49
1745 0.47
1746 0.44
1747 0.42
1748 0.29
1749 0.40
1750 0.43
1751 0.41
1752 0.36
1753 0.38
1754 0.46
1755 0.01
1756 0.28
1757 0.49
1758 -0.07
1759 0.41
1760 0.27
1761 0.35
1762 0.44
1763 0.48
1764 0.49
1765 0.39
1766 0.32
1767 0.28
1768 -0.17
1769 0.49
1770 0.40
1771 0.44
1772 0.38
1773 0.40
1774 0.34
1775 0.49
1776 0.44
1777 0.40
1778 0.46
1779 0.42
1780 0.44
1781 0.49
1782 0.25
1783 0.46
1784 0.44
1785 0.36
1786 0.49
1787 0.49
1788 0.49
1789 0.32
1790 0.49
1791 0.38
1792 -0.15
1793 0.38
1794 0.40
1795 0.47
1796 0.46
1797 0.13
1798 0.23
1799 0.43
1800 0.49
1801 -0.36
1802 0.38
1803 0.46
1804 0.49
1805 -0.32
1806 0.40
1807 0.31
1808 0.45
1809 0.49
1810 0.49
1811 0.42
1812 0.48
1813 -0.29
1814 0.33
1815 0.33
1816 0.46
1817 0.17
1818 0.39
1819 0.48
1820 0.49
1821 0.28
1822 0.34
1823 0.44
1824 0.44
1825 0.49
1826 0.44
1827 0.41
1828 0.29
1829 0.49
1830 0.49
1831 0.11
1832 0.46
1833 0.44
1834 0.33
1835 0.46
1836 0.44
1837 -0.08
1838 0.38
1839 0.25
1840 0.33
1841 0.32
1842 0.45
1843 0.44
1844 0.35
1845 0.29
1846 0.47
1847 0.40
1848 0.37
1849 0.44
1850 0.46
1851 0.42
1852 0.33
1853 0.34
1854 0.29
1855 0.32
1856 0.42
1857 0.42
1858 0.44
1859 -0.04
1860 0.26
1861 0.32
1862 0.35
1863 0.47
1864 0.46
1865 -0.11
1866 0.43
1867 0.40
1868 0.48
1869 0.44
1870 0.44
1871 0.44
1872 0.20
1873 0.40
1874 0.32
1875 0.36
1876 0.49
1877 0.37
1878 0.37
1879 0.44
1880 0.44
1881 0.49
1882 0.44
1883 0.40
1884 0.42
1885 0.49
1886 0.46
1887 0.43
1888 0.46
1889 0.34
1890 0.40
1891 0.41
1892 0.06
1893 0.40
1894 -0.13
1895 0.31
1896 0.29
1897 0.45
1898 0.45
1899 0.42
1900 0.38
1901 0.46
1902 0.49
1903 0.42
1904 0.49
1905 0.49
1906 0.44
1907 0.49
1908 0.49
1909 0.38
1910 0.34
1911 0.28
1912 0.44
1913 0.44
1914 0.44
1915 0.29
1916 0.46
1917 0.44
1918 0.29
1919 0.46
1920 0.42
1921 0.49
1922 0.49
1923 0.46
1924 0.46
1925 0.44
1926 0.49
1927 0.46
1928 0.49
1929 0.46
1930 0.49
1931 0.36
1932 0.49
1933 0.46
1934 0.05
1935 -0.04
1936 -0.20
1937 0.35
1938 0.23
1939 0.34
1940 0.47
1941 0.44
1942 0.35
1943 0.46
1944 0.46
1945 0.42
1946 0.46
1947 -0.21
1948 -0.19
1949 0.12
1950 -0.11
1951 0.18
1952 0.45
1953 0.44
1954 0.26
1955 0.44
1956 0.49
1957 0.08
1958 0.00
1959 0.39
1960 0.18
1961 0.36
1962 -0.22
1963 0.49
1964 0.49
1965 0.02
1966 0.41
1967 0.14
1968 0.44
1969 0.44
1970 0.44
1971 0.27
1972 0.33
1973 0.39
1974 0.44
1975 0.28
1976 0.30
1977 0.08
1978 0.45
1979 0.48
1980 0.41
1981 0.48
1982 0.41
1983 0.46
1984 0.49
1985 0.10
1986 0.39
1987 0.19
1988 0.47
1989 0.37
1990 0.45
1991 0.46
1992 0.37
1993 0.45
1994 0.44
1995 0.22
1996 0.42
1997 0.45
1998 0.49
1999 -0.24
2000 0.49
2001 0.32
2002 0.05
2003 0.25
2004 -0.32
2005 -0.02
2006 0.23
2007 0.49
2008 0.46
2009 0.49
2010 0.45
2011 0.36
2012 0.44
2013 -0.10
2014 0.40
2015 0.49
2016 0.42
2017 0.49
2018 0.18
2019 0.30
2020 0.39
2021 0.39
2022 0.29
2023 0.36
2024 0.49
2025 0.35
2026 0.45
2027 0.07
2028 0.37
2029 0.49
2030 0.31
2031 0.28
2032 0.37
2033 0.27
2034 0.31
2035 0.40
2036 0.38
2037 0.44
2038 0.35
2039 0.36
2040 0.39
2041 0.49
2042 0.49
2043 0.42
2044 0.23
2045 0.47
2046 0.41
2047 0.49
2048 0.49
2049 0.48
2050 0.49
2051 0.18
2052 -0.20
2053 0.49
2054 0.44
2055 0.49
2056 0.49
2057 0.04
2058 0.46
2059 0.49
2060 0.35
2061 0.44
2062 0.37
2063 0.40
2064 0.42
2065 0.49
2066 0.48
2067 0.36
2068 0.38
2069 0.32
2070 0.49
2071 0.43
2072 -0.30
2073 0.39
2074 0.38
2075 0.43
2076 0.44
2077 0.49
2078 0.44
2079 0.42
2080 0.42
2081 0.35
2082 0.49
2083 0.49
2084 0.26
2085 0.36
2086 0.43
2087 0.40
2088 0.14
2089 0.42
2090 0.38
2091 0.43
2092 0.35
2093 0.49
2094 0.49
2095 0.34
2096 0.46
2097 0.40
2098 0.46
2099 0.40
2100 0.40
2101 0.32
2102 0.46
2103 0.49
2104 0.42
2105 0.42
2106 0.49
2107 0.32
2108 0.46
2109 0.46
2110 -0.10
2111 0.46
2112 0.46
2113 0.49
2114 0.29
2115 0.49
2116 0.39
2117 0.31
2118 0.46
2119 0.46
2120 -0.20
2121 0.46
2122 0.36
2123 0.42
2124 0.44
2125 0.36
2126 0.40
2127 0.49
2128 0.38
2129 0.49
2130 0.39
2131 0.37
2132 0.48
2133 0.01
2134 0.48
2135 0.48
2136 0.11
2137 0.48
2138 0.49
2139 0.46
2140 0.44
2141 0.46
2142 0.49
2143 0.49
2144 0.46
2145 0.44
2146 0.49
2147 0.29
2148 0.24
2149 0.49
2150 0.46
2151 0.42
2152 0.44
2153 0.38
2154 0.27
2155 0.48
2156 0.46
2157 0.44
2158 0.46
2159 0.44
2160 0.44
2161 0.49
2162 0.46
2163 0.34
2164 0.38
2165 0.32
2166 0.38
2167 0.46
2168 0.49
2169 0.35
2170 0.46
2171 0.46
2172 0.44
2173 0.46
2174 0.32
2175 0.38
2176 0.46
2177 0.46
2178 0.38
2179 0.49
2180 0.49
2181 0.44
2182 0.42
2183 0.42
2184 0.46
2185 0.38
2186 0.46
2187 0.42
2188 0.49
2189 0.44
2190 0.38
2191 0.21
2192 0.38
2193 0.32
2194 0.44
2195 0.44
2196 0.49
2197 0.40
2198 0.39
2199 0.41
2200 0.46
2201 0.49
2202 0.46
2203 0.32
2204 0.45
2205 0.10
2206 0.21
2207 0.46
2208 0.49
2209 0.41
2210 0.46
2211 0.44
2212 0.44
2213 0.37
2214 0.21
2215 0.34
2216 0.20
2217 0.44
2218 0.44
2219 0.41
2220 0.41
2221 -0.02
2222 0.35
2223 0.49
2224 0.46
2225 0.35
2226 0.40
2227 0.37
2228 0.48
2229 0.44
2230 -0.08
2231 0.31
2232 0.40
2233 0.41
2234 0.46
2235 0.49
2236 0.46
2237 -0.18
2238 -0.08
2239 0.44
2240 0.30
2241 0.11
2242 0.44
2243 0.42
2244 0.38
2245 0.46
2246 0.14
2247 0.48
2248 0.24
2249 0.40
2250 0.43
2251 0.41
2252 0.46
2253 0.44
2254 0.46
2255 0.44
2256 0.49
2257 0.46
2258 0.46
2259 0.21
2260 0.44
2261 0.42
2262 0.46
2263 0.44
2264 0.39
2265 0.41
2266 0.44
2267 0.40
2268 0.36
2269 0.41
2270 0.42
2271 0.45
2272 0.39
2273 0.49
2274 0.44
2275 0.49
2276 0.33
2277 0.33
2278 0.39
2279 0.40
2280 0.48
2281 0.35
2282 0.30
2283 0.43
2284 0.44
2285 0.45
2286 0.46
2287 0.28
2288 -0.16
2289 0.35
2290 0.48
2291 0.29
2292 0.49
2293 0.38
2294 0.36
2295 0.26
2296 0.32
2297 0.42
2298 0.45
2299 0.38
2300 0.39
2301 0.41
2302 0.45
2303 0.41
2304 0.49
2305 0.44
2306 -0.24
2307 0.37
2308 0.36
2309 0.42
2310 0.44
2311 0.49
2312 0.49
2313 0.43
2314 0.45
2315 0.45
2316 0.46
2317 0.43
2318 0.46
2319 0.34
2320 0.46
2321 0.42
2322 0.42
2323 0.44
2324 0.43
2325 0.37
2326 0.46
2327 0.41
2328 0.42
2329 0.32
2330 0.46
2331 0.49
2332 0.30
2333 0.44
2334 0.23
2335 0.35
2336 0.40
2337 0.46
2338 0.49
2339 0.37
2340 0.44
2341 0.44
2342 0.35
2343 0.46
2344 0.38
2345 0.40
2346 0.49
2347 0.32
2348 0.45
2349 0.40
2350 0.44
2351 0.49
2352 0.45
2353 0.30
2354 0.34
2355 0.46
2356 0.46
2357 0.39
2358 -0.25
2359 0.20
2360 0.39
2361 0.36
2362 0.42
2363 0.44
2364 0.42
2365 0.35
2366 0.40
2367 0.46
2368 0.41
2369 0.46
2370 0.44
2371 0.44
2372 0.49
2373 0.46
2374 0.36
2375 0.46
2376 0.27
2377 0.24
2378 0.34
2379 0.34
2380 0.49
2381 0.40
2382 0.46
2383 0.38
2384 0.44
2385 0.49
2386 0.37
2387 0.29
2388 0.42
2389 0.46
2390 0.38
2391 0.42
2392 0.20
2393 0.24
2394 0.41
2395 0.39
2396 0.35
2397 0.38
2398 0.44
2399 0.46
2400 0.44
2401 0.42
2402 0.44
2403 0.42
2404 0.46
2405 0.46
2406 0.46
2407 0.42
2408 0.44
2409 0.42
2410 0.44
2411 0.46
2412 -0.06
2413 0.44
2414 0.46
2415 0.44
2416 0.46
2417 0.34
2418 0.38
2419 0.44
2420 0.49
2421 0.38
2422 0.46
2423 0.44
2424 0.46
2425 0.49
2426 0.29
2427 0.46
2428 0.49
2429 0.46
2430 0.46
2431 0.34
2432 0.42
2433 -0.21
2434 0.49
2435 0.42
2436 0.36
2437 0.49
2438 0.49
2439 0.49
2440 0.44
2441 0.44
2442 -0.10
2443 0.42
2444 0.44
2445 0.46
2446 0.24
2447 0.44
2448 0.44
2449 0.14
2450 0.49
2451 -0.00
2452 -0.12
2453 0.29
2454 0.31
2455 0.42
2456 0.37
2457 -0.18
2458 0.40
2459 0.49
2460 0.43
2461 0.44
2462 0.40
2463 0.41
2464 0.35
2465 0.38
2466 0.28
2467 0.43
2468 0.40
2469 0.49
2470 0.49
2471 0.42
2472 0.38
2473 0.48
2474 0.32
2475 0.43
2476 0.27
2477 -0.13
2478 0.44
2479 0.34
2480 0.43
2481 -0.18
2482 -0.06
2483 0.41
2484 0.49
2485 0.36
2486 0.44
2487 0.44
2488 0.42
2489 0.46
2490 0.45
2491 0.36
2492 0.48
2493 0.44
2494 0.38
2495 0.49
2496 0.44
2497 -0.25
2498 0.44
2499 0.46
2500 0.42
2501 0.46
2502 0.36
2503 0.44
2504 0.49
2505 0.49
2506 0.49
2507 0.28
2508 0.49
2509 0.47
2510 0.25
2511 0.38
2512 0.46
2513 0.44
2514 0.46
2515 0.46
2516 0.42
2517 0.46
2518 0.46
2519 0.36
2520 0.49
2521 0.49
2522 0.44
2523 0.42
2524 0.44
2525 0.37
2526 0.44
2527 0.49
2528 0.42
2529 0.38
2530 0.25
2531 0.30
2532 0.07
2533 0.41
2534 0.34
2535 0.49
2536 0.46
2537 0.27
2538 0.38
2539 0.41
2540 0.41
2541 0.43
2542 0.31
2543 0.49
2544 0.49
2545 0.46
2546 0.37
2547 0.49
2548 0.37
2549 0.45
2550 0.42
2551 0.42
2552 0.46
2553 0.46
2554 0.42
2555 0.44
2556 0.38
2557 0.49
2558 0.46
2559 0.35
2560 0.20
2561 0.41
2562 0.44
2563 0.49
2564 0.49
2565 0.44
2566 0.42
2567 0.49
2568 0.46
2569 -0.27
2570 0.42
2571 -0.10
2572 0.19
2573 0.45
2574 0.48
2575 0.46
2576 0.27
2577 0.39
2578 0.42
2579 0.49
2580 0.42
2581 0.39
2582 0.14
2583 0.46
2584 0.13
2585 0.46
2586 0.07
2587 0.48
2588 0.44
2589 0.44
2590 0.40
2591 0.40
2592 0.48
2593 0.48
2594 0.28
2595 0.36
2596 0.26
2597 0.34
2598 0.37
2599 0.05
2600 0.49
2601 0.49
2602 0.13
2603 0.42
2604 0.44
2605 0.30
2606 0.46
2607 0.49
2608 0.40
2609 0.25
2610 0.40
2611 -0.16
2612 0.21
2613 0.39
2614 0.33
2615 0.16
2616 0.41
2617 -0.11
2618 0.40
2619 0.41
2620 0.46
2621 0.43
2622 0.43
2623 0.49
2624 0.21
2625 0.36
2626 0.46
2627 0.40
2628 0.42
2629 0.21
2630 0.48
2631 0.45
2632 0.38
2633 -0.02
2634 0.34
2635 0.30
2636 0.37
2637 0.38
2638 0.45
2639 0.48
2640 0.44
2641 0.45
2642 0.49
2643 0.42
2644 0.34
2645 0.43
2646 0.42
2647 0.44
2648 0.38
2649 0.40
2650 0.49
2651 0.36
2652 0.44
2653 0.49
2654 0.46
2655 -0.23
2656 0.41
2657 0.49
2658 0.31
2659 0.44
2660 0.46
2661 0.46
2662 0.44
2663 0.44
2664 0.38
2665 0.49
2666 0.49
2667 0.32
2668 0.35
2669 0.34
2670 0.40
2671 0.48
2672 0.44
2673 0.41
2674 0.42
2675 0.38
2676 0.44
2677 0.37
2678 -0.32
2679 0.38
2680 0.37
2681 0.38
2682 0.36
2683 0.48
2684 0.41
2685 0.36
2686 0.12
2687 0.40
2688 -0.13
2689 0.48
2690 0.49
2691 0.41
2692 0.40
2693 0.46
2694 0.46
2695 0.49
2696 0.28
2697 0.19
2698 0.46
2699 0.44
2700 0.39
2701 0.49
2702 0.43
2703 0.45
2704 0.24
2705 0.44
2706 0.42
2707 0.46
2708 0.42
2709 0.42
2710 0.46
2711 0.49
2712 0.18
2713 0.49
2714 0.35
2715 0.44
2716 0.42
2717 0.49
2718 0.46
2719 0.49
2720 0.46
2721 0.42
2722 0.46
2723 0.35
2724 0.46
2725 0.49
2726 0.44
2727 0.49
2728 0.46
2729 0.38
2730 0.39
2731 0.44
2732 0.39
2733 0.44
2734 -0.04
2735 0.48
2736 0.40
2737 0.46
2738 0.38
2739 -0.33
2740 0.38
2741 0.42
2742 0.29
2743 0.45
2744 0.49
2745 0.49
2746 0.49
2747 0.49
2748 0.29
2749 0.38
2750 0.39
2751 0.44
2752 0.33
2753 0.43
2754 -0.26
2755 0.49
2756 0.43
2757 0.36
2758 0.40
2759 0.46
2760 0.49
2761 0.49
2762 -0.17
2763 0.41
2764 0.44
2765 0.49
2766 0.49
2767 0.46
2768 0.46
2769 0.46
2770 0.44
2771 0.49
2772 0.49
2773 0.44
2774 0.39
2775 0.41
2776 0.39
2777 0.44
2778 0.42
2779 0.40
2780 0.46
2781 0.38
2782 0.46
2783 0.43
2784 0.40
2785 0.46
2786 0.43
2787 0.49
2788 0.41
2789 0.42
2790 0.46
2791 0.43
2792 0.44
2793 0.38
2794 0.44
2795 0.46
2796 0.49
2797 -0.10
2798 0.39
2799 0.27
2800 0.39
2801 0.45
2802 -0.08
2803 0.32
2804 0.19
2805 0.24
2806 0.43
2807 0.41
2808 0.48
2809 0.43
2810 0.43
2811 0.19
2812 0.35
2813 0.13
2814 0.42
2815 0.44
2816 0.49
2817 0.44
2818 0.36
2819 0.49
2820 0.28
2821 0.49
2822 0.46
2823 0.34
2824 0.49
2825 0.42
2826 0.49
2827 0.44
2828 0.49
2829 0.46
2830 0.40
2831 0.49
2832 0.49
2833 0.44
2834 0.44
2835 0.44
2836 0.44
2837 0.49
2838 0.15
2839 0.46
2840 -0.16
2841 0.33
2842 0.38
2843 0.40
2844 0.45
2845 0.34
2846 0.45
2847 0.30
2848 0.44
2849 0.40
2850 0.38
2851 0.44
2852 0.35
2853 0.49
2854 0.39
2855 0.34
2856 0.44
2857 0.42
2858 0.49
2859 0.38
2860 0.40
2861 0.46
2862 0.48
2863 0.40
2864 0.46
2865 0.42
2866 0.49
2867 0.20
2868 0.46
2869 0.34
2870 0.46
2871 0.44
2872 0.49
2873 0.40
2874 0.44
2875 0.42
2876 0.49
2877 0.38
2878 0.49
2879 0.43
2880 0.49
2881 0.23
2882 0.44
2883 0.45
2884 0.28
2885 0.44
2886 0.29
2887 0.48
2888 0.28
2889 0.39
2890 0.48
2891 0.40
2892 0.31
2893 0.30
2894 0.12
2895 0.45
2896 0.44
2897 0.46
2898 0.34
2899 0.15
2900 0.42
2901 0.34
2902 0.42
2903 0.43
2904 0.46
2905 0.16
2906 0.45
2907 0.45
2908 0.48
2909 0.46
2910 0.49
2911 0.44
2912 0.37
2913 0.44
2914 0.46
2915 0.49
2916 0.40
2917 0.43
2918 0.43
2919 0.33
2920 0.46
2921 0.44
2922 0.42
2923 0.35
2924 0.32
2925 0.46
2926 0.49
2927 0.42
2928 0.49
2929 0.46
2930 0.40
2931 -0.28
2932 0.27
2933 0.45
2934 0.17
2935 0.45
2936 0.42
2937 0.45
2938 0.43
2939 0.46
2940 0.40
2941 0.39
2942 0.46
2943 0.41
2944 0.46
2945 0.49
2946 0.46
2947 0.22
2948 0.44
2949 0.46
2950 0.46
2951 -0.34
2952 0.39
2953 0.36
2954 0.46
2955 0.44
2956 0.46
2957 0.42
2958 0.36
2959 0.49
2960 0.46
2961 0.46
2962 0.49
2963 0.37
2964 0.34
2965 0.43
2966 0.49
2967 0.38
2968 0.40
2969 0.43
2970 0.44
2971 0.44
2972 0.44
2973 0.19
2974 0.39
2975 0.22
2976 0.48
2977 0.42
2978 0.44
2979 0.26
2980 0.47
2981 0.38
2982 0.45
2983 0.26
2984 0.33
2985 0.32
2986 0.40
2987 0.42
2988 0.35
2989 0.46
2990 0.46
2991 0.40
2992 0.46
2993 -0.28
2994 0.39
2995 0.48
2996 0.41
2997 0.49
2998 0.35
2999 0.44
