0 0.34
50 0.34
100 0.34
150 0.33
200 0.32
250 0.33
300 0.32
350 0.32
400 0.33
450 0.33
500 0.36
550 0.35
600 0.34
650 0.34
700 0.34
750 0.35
800 0.36
850 0.37
900 0.37
950 0.37
1000 0.45
1050 0.45
1100 0.45
1150 0.45
1200 0.44
1250 0.44
1300 0.45
1350 0.45
1400 0.45
1450 0.44
1500 0.45
1550 0.45
1600 0.45
1650 0.45
1700 0.44
1750 0.44
1800 0.45
1850 0.45
1900 0.45
1950 0.44
2000 0.46
2050 0.46
2100 0.46
2150 0.46
2200 0.45
2250 0.45
2300 0.46
2350 0.46
2400 0.46
2450 0.46
2500 0.46
2550 0.46
2600 0.46
2650 0.46
2700 0.45
2750 0.45
2800 0.46
2850 0.46
2900 0.46
2950 0.46
3000 0.45
3050 0.46
3100 0.45
3150 0.45
3200 0.45
3250 0.45
3300 0.45
3350 0.45
3400 0.46
3450 0.46
3500 0.40
3550 0.39
3600 0.39
3650 0.39
3700 0.39
3750 0.40
3800 0.39
3850 0.40
3900 0.40
3950 0.40
4000 0.45
4050 0.46
4100 0.46
4150 0.45
4200 0.45
4250 0.45
4300 0.45
4350 0.45
4400 0.46
4450 0.45
4500 0.46
4550 0.46
4600 0.46
4650 0.46
4700 0.46
4750 0.46
4800 0.46
4850 0.46
4900 0.46
4950 0.46
