0 0.20
30 0.27
60 0.11
90 0.16
120 0.27
150 0.24
180 0.20
210 0.23
240 0.20
270 0.16
300 0.17
330 0.27
360 0.22
390 0.19
420 0.27
450 0.13
480 0.17
510 0.22
540 0.26
570 0.21
600 0.32
630 0.34
660 0.25
690 0.29
720 0.40
750 0.37
780 0.36
810 0.39
840 0.30
870 0.33
900 0.39
930 0.40
960 0.38
990 -0.02
1020 -0.23
1050 -0.20
1080 -0.21
1110 -0.22
1140 -0.24
1170 -0.18
1200 -0.26
1230 -0.29
1260 -0.28
1290 -0.27
1320 -0.27
1350 -0.26
1380 -0.07
1410 0.37
1440 0.39
1470 0.36
1500 0.36
1530 0.36
1560 0.33
1590 0.18
1620 0.13
1650 0.12
1680 0.12
1710 0.12
1740 0.12
1770 0.12
1800 0.26
1830 0.40
1860 0.27
1890 0.27
1920 0.37
1950 0.25
1980 0.32
2010 0.42
2040 0.46
2070 0.47
2100 0.43
2130 0.44
2160 0.46
2190 0.43
2220 0.45
2250 0.46
2280 0.45
2310 0.44
2340 0.46
2370 0.45
2400 0.36
2430 0.41
2460 0.39
2490 0.37
2520 0.40
2550 0.38
2580 0.38
2610 0.44
2640 0.43
2670 0.44
2700 0.44
2730 0.44
2760 0.43
2790 0.43
2820 0.45
2850 0.45
2880 0.42
2910 0.44
2940 0.45
2970 0.43
