0 265.97
30 290.13
60 279.63
90 287.53
120 267.50
150 266.93
180 314.80
210 341.43
240 341.87
270 370.87
300 369.97
330 350.07
360 354.37
390 350.70
420 341.23
450 348.57
480 360.33
510 355.87
540 337.50
570 365.47
600 343.57
630 348.83
660 364.40
690 360.00
720 353.77
750 341.83
780 368.07
810 354.07
840 357.80
870 382.33
900 377.87
930 365.67
960 367.20
990 362.97
1020 337.77
1050 351.57
1080 355.47
1110 360.20
1140 330.43
1170 355.87
1200 355.40
1230 338.80
1260 362.47
1290 362.33
1320 340.97
1350 338.43
1380 366.73
1410 335.60
1440 344.40
1470 368.97
1500 357.57
1530 342.33
1560 357.53
1590 359.17
1620 350.73
1650 356.70
1680 364.83
1710 356.90
1740 341.93
1770 361.53
1800 345.57
1830 331.27
1860 353.30
1890 339.53
1920 329.73
1950 336.60
1980 365.97
2010 344.50
2040 358.10
2070 380.13
2100 360.40
2130 355.97
2160 356.87
2190 354.97
2220 344.67
2250 351.47
2280 363.60
2310 355.47
2340 338.30
2370 352.10
2400 341.93
2430 334.33
2460 351.37
2490 360.63
2520 320.27
2550 338.47
2580 337.50
2610 290.87
2640 302.70
2670 306.40
2700 284.47
2730 269.20
2760 289.50
2790 331.83
2820 350.13
2850 358.00
2880 371.40
2910 369.70
2940 351.40
2970 355.50
