0 0.16
1 0.16
2 0.16
3 0.17
4 0.17
5 0.16
6 0.17
7 0.17
8 0.17
9 0.17
10 0.17
11 0.17
12 0.17
13 0.17
14 0.17
15 0.17
16 0.17
17 0.17
18 0.17
19 0.17
20 0.17
21 0.17
22 0.18
23 0.18
24 0.18
25 0.18
26 0.18
27 0.18
28 0.19
29 0.18
30 0.19
31 0.19
32 0.19
33 0.19
34 0.19
35 0.18
36 0.18
37 0.18
38 0.18
39 0.19
40 0.19
41 0.19
42 0.19
43 0.19
44 0.19
45 0.19
46 0.19
47 0.19
48 0.19
49 0.18
50 0.18
51 0.18
52 0.18
53 0.18
54 0.18
55 0.18
56 0.18
57 0.18
58 0.18
59 0.18
60 0.18
61 0.18
62 0.18
63 0.18
64 0.18
65 0.18
66 0.18
67 0.17
68 0.17
69 0.17
70 0.17
71 0.17
72 0.17
73 0.17
74 0.17
75 0.17
76 0.17
77 0.17
78 0.17
79 0.17
80 0.17
81 0.17
82 0.17
83 0.16
84 0.16
85 0.16
86 0.16
87 0.16
88 0.17
89 0.17
90 0.17
91 0.17
92 0.17
93 0.17
94 0.17
95 0.16
96 0.16
97 0.15
98 0.16
99 0.15
100 0.15
101 0.15
102 0.15
103 0.15
104 0.15
105 0.15
106 0.15
107 0.15
108 0.15
109 0.15
110 0.15
111 0.15
112 0.15
113 0.15
114 0.16
115 0.15
116 0.15
117 0.15
118 0.15
119 0.15
120 0.16
121 0.15
122 0.16
123 0.16
124 0.16
125 0.15
126 0.15
127 0.15
128 0.15
129 0.15
130 0.15
131 0.15
132 0.15
133 0.16
134 0.15
135 0.15
136 0.15
137 0.15
138 0.15
139 0.15
140 0.16
141 0.16
142 0.16
143 0.16
144 0.16
145 0.16
146 0.17
147 0.17
148 0.17
149 0.17
150 0.17
151 0.17
152 0.17
153 0.17
154 0.17
155 0.17
156 0.17
157 0.17
158 0.17
159 0.17
160 0.17
161 0.17
162 0.17
163 0.17
164 0.17
165 0.17
166 0.17
167 0.17
168 0.18
169 0.18
170 0.18
171 0.18
172 0.18
173 0.18
174 0.18
175 0.18
176 0.18
177 0.18
178 0.19
179 0.19
180 0.18
181 0.18
182 0.18
183 0.18
184 0.18
185 0.19
186 0.19
187 0.19
188 0.19
189 0.19
190 0.19
191 0.19
192 0.19
193 0.20
194 0.20
195 0.20
196 0.20
197 0.20
198 0.20
199 0.20
200 0.20
201 0.20
202 0.20
203 0.20
204 0.20
205 0.20
206 0.20
207 0.19
208 0.19
209 0.18
210 0.18
211 0.18
212 0.18
213 0.19
214 0.19
215 0.19
216 0.18
217 0.18
218 0.18
219 0.18
220 0.18
221 0.17
222 0.17
223 0.17
224 0.17
225 0.17
226 0.17
227 0.17
228 0.17
229 0.17
230 0.17
231 0.17
232 0.17
233 0.17
234 0.16
235 0.16
236 0.16
237 0.16
238 0.16
239 0.16
240 0.16
241 0.15
242 0.15
243 0.15
244 0.15
245 0.15
246 0.15
247 0.15
248 0.15
249 0.16
250 0.15
251 0.16
252 0.16
253 0.16
254 0.16
255 0.16
256 0.15
257 0.15
258 0.16
259 0.16
260 0.16
261 0.16
262 0.16
263 0.15
264 0.16
265 0.16
266 0.16
267 0.16
268 0.16
269 0.17
270 0.17
271 0.17
272 0.17
273 0.17
274 0.17
275 0.17
276 0.17
277 0.18
278 0.17
279 0.17
280 0.17
281 0.17
282 0.17
283 0.18
284 0.18
285 0.18
286 0.18
287 0.18
288 0.17
289 0.17
290 0.18
291 0.18
292 0.18
293 0.19
294 0.18
295 0.19
296 0.19
297 0.19
298 0.19
299 0.19
300 0.19
301 0.19
302 0.20
303 0.19
304 0.20
305 0.20
306 0.20
307 0.20
308 0.20
309 0.20
310 0.20
311 0.20
312 0.20
313 0.20
314 0.20
315 0.20
316 0.20
317 0.20
318 0.20
319 0.20
320 0.20
321 0.20
322 0.20
323 0.20
324 0.20
325 0.20
326 0.21
327 0.20
328 0.20
329 0.20
330 0.20
331 0.20
332 0.20
333 0.20
334 0.20
335 0.21
336 0.21
337 0.21
338 0.21
339 0.20
340 0.20
341 0.20
342 0.20
343 0.20
344 0.20
345 0.20
346 0.20
347 0.20
348 0.19
349 0.19
350 0.19
351 0.20
352 0.20
353 0.20
354 0.20
355 0.20
356 0.20
357 0.21
358 0.21
359 0.21
360 0.20
361 0.20
362 0.20
363 0.20
364 0.20
365 0.21
366 0.20
367 0.20
368 0.20
369 0.20
370 0.20
371 0.21
372 0.21
373 0.21
374 0.21
375 0.21
376 0.21
377 0.21
378 0.20
379 0.20
380 0.21
381 0.21
382 0.21
383 0.21
384 0.21
385 0.21
386 0.21
387 0.21
388 0.21
389 0.20
390 0.20
391 0.20
392 0.19
393 0.19
394 0.19
395 0.19
396 0.19
397 0.19
398 0.19
399 0.19
400 0.20
401 0.20
402 0.19
403 0.19
404 0.19
405 0.19
406 0.19
407 0.19
408 0.19
409 0.19
410 0.19
411 0.19
412 0.19
413 0.19
414 0.19
415 0.19
416 0.19
417 0.19
418 0.19
419 0.19
420 0.19
421 0.19
422 0.19
423 0.19
424 0.19
425 0.19
426 0.19
427 0.19
428 0.19
429 0.19
430 0.19
431 0.19
432 0.18
433 0.18
434 0.19
435 0.19
436 0.19
437 0.20
438 0.19
439 0.19
440 0.19
441 0.19
442 0.20
443 0.20
444 0.19
445 0.19
446 0.19
447 0.19
448 0.19
449 0.19
450 0.19
451 0.19
452 0.19
453 0.19
454 0.19
455 0.19
456 0.19
457 0.19
458 0.19
459 0.18
460 0.18
461 0.18
462 0.19
463 0.19
464 0.19
465 0.18
466 0.18
467 0.18
468 0.18
469 0.17
470 0.17
471 0.17
472 0.17
473 0.17
474 0.16
475 0.16
476 0.17
477 0.16
478 0.16
479 0.16
480 0.16
481 0.16
482 0.16
483 0.16
484 0.16
485 0.16
486 0.16
487 0.16
488 0.16
489 0.16
490 0.16
491 0.16
492 0.16
493 0.16
494 0.16
495 0.16
496 0.15
497 0.15
498 0.15
499 0.16
500 0.00
501 0.00
502 0.00
503 0.00
504 0.00
505 0.00
506 0.00
507 0.00
508 0.00
509 0.00
510 0.00
511 0.00
512 0.00
513 0.00
514 0.00
515 0.00
516 0.00
517 0.00
518 0.00
519 0.00
520 0.00
521 0.00
522 0.00
523 0.00
524 0.00
525 0.00
526 0.00
527 0.00
528 0.00
529 0.00
530 0.00
531 0.00
532 0.00
533 0.00
534 0.00
535 0.00
536 0.00
537 0.00
538 0.00
539 0.00
540 0.00
541 0.00
542 0.00
543 0.00
544 0.00
545 0.00
546 0.00
547 0.00
548 0.00
549 0.00
550 0.00
551 0.00
552 0.00
553 0.00
554 0.00
555 0.00
556 0.00
557 0.00
558 0.00
559 0.00
560 0.00
561 0.00
562 0.00
563 0.00
564 0.00
565 0.00
566 0.00
567 0.00
568 0.00
569 0.00
570 0.00
571 0.00
572 0.00
573 0.00
574 0.00
575 0.00
576 0.00
577 0.00
578 0.00
579 0.00
580 0.00
581 0.00
582 0.00
583 0.00
584 0.00
585 0.00
586 0.00
587 0.00
588 0.00
589 0.00
590 0.00
591 0.00
592 0.00
593 0.00
594 0.00
595 0.00
596 0.00
597 0.00
598 0.00
599 0.00
600 0.00
601 0.00
602 0.00
603 0.00
604 0.00
605 0.00
606 0.00
607 0.00
608 0.00
609 0.00
610 0.00
611 0.00
612 0.00
613 0.00
614 0.00
615 0.00
616 0.00
617 0.00
618 0.00
619 0.00
620 0.00
621 0.00
622 0.00
623 0.00
624 0.00
625 0.00
626 0.00
627 0.00
628 0.00
629 0.00
630 0.00
631 0.00
632 0.00
633 0.00
634 0.00
635 0.00
636 0.00
637 0.00
638 0.00
639 0.00
640 0.00
641 0.00
642 0.00
643 0.00
644 0.00
645 0.00
646 0.00
647 0.00
648 0.00
649 0.00
650 0.00
651 0.00
652 0.00
653 0.00
654 0.00
655 0.00
656 0.00
657 0.00
658 0.00
659 0.00
660 0.00
661 0.00
662 0.00
663 0.00
664 0.00
665 0.00
666 0.00
667 0.00
668 0.00
669 0.00
670 0.00
671 0.00
672 0.00
673 0.00
674 0.00
675 0.00
676 0.00
677 0.00
678 0.00
679 0.00
680 0.00
681 0.00
682 0.00
683 0.00
684 0.00
685 0.00
686 0.00
687 0.00
688 0.00
689 0.00
690 0.00
691 0.00
692 0.00
693 0.00
694 0.00
695 0.00
696 0.00
697 0.00
698 0.00
699 0.00
700 0.00
701 0.00
702 0.00
703 0.00
704 0.00
705 0.00
706 0.00
707 0.00
708 0.00
709 0.00
710 0.00
711 0.00
712 0.00
713 0.00
714 0.00
715 0.00
716 0.00
717 0.00
718 0.00
719 0.00
720 0.00
721 0.00
722 0.00
723 0.00
724 0.00
725 0.00
726 0.00
727 0.00
728 0.00
729 0.00
730 0.00
731 0.00
732 0.00
733 0.00
734 0.00
735 0.00
736 0.00
737 0.00
738 0.00
739 0.00
740 0.00
741 0.00
742 0.00
743 0.00
744 0.00
745 0.00
746 0.00
747 0.00
748 0.00
749 0.00
750 0.00
751 0.00
752 0.00
753 0.00
754 0.00
755 0.00
756 0.00
757 0.00
758 0.00
759 0.00
760 0.00
761 0.00
762 0.00
763 0.00
764 0.00
765 0.00
766 0.00
767 0.00
768 0.00
769 0.00
770 0.00
771 0.00
772 0.00
773 0.00
774 0.00
775 0.00
776 0.00
777 0.00
778 0.00
779 0.00
780 0.00
781 0.00
782 0.00
783 0.00
784 0.00
785 0.00
786 0.00
787 0.00
788 0.00
789 0.00
790 0.00
791 0.00
792 0.00
793 0.00
794 0.00
795 0.00
796 0.00
797 0.00
798 0.00
799 0.00
800 0.00
801 0.00
802 0.00
803 0.00
804 0.00
805 0.00
806 0.00
807 0.00
808 0.00
809 0.00
810 0.00
811 0.00
812 0.00
813 0.00
814 0.00
815 0.00
816 0.00
817 0.00
818 0.00
819 0.00
820 0.00
821 0.00
822 0.00
823 0.00
824 0.00
825 0.00
826 0.00
827 0.00
828 0.00
829 0.00
830 0.00
831 0.00
832 0.00
833 0.00
834 0.00
835 0.00
836 0.00
837 0.00
838 0.00
839 0.00
840 0.00
841 0.00
842 0.00
843 0.00
844 0.00
845 0.00
846 0.00
847 0.00
848 0.00
849 0.00
850 0.00
851 0.00
852 0.00
853 0.00
854 0.00
855 0.00
856 0.00
857 0.00
858 0.00
859 0.00
860 0.00
861 0.00
862 0.00
863 0.00
864 0.00
865 0.00
866 0.00
867 0.00
868 0.00
869 0.00
870 0.00
871 0.00
872 0.00
873 0.00
874 0.00
875 0.00
876 0.00
877 0.00
878 0.00
879 0.00
880 0.00
881 0.00
882 0.00
883 0.00
884 0.00
885 0.00
886 0.00
887 0.00
888 0.00
889 0.00
890 0.00
891 0.00
892 0.00
893 0.00
894 0.00
895 0.00
896 0.00
897 0.00
898 0.00
899 0.00
900 0.00
901 0.00
902 0.00
903 0.00
904 0.00
905 0.00
906 0.00
907 0.00
908 0.00
909 0.00
910 0.00
911 0.00
912 0.00
913 0.00
914 0.00
915 0.00
916 0.00
917 0.00
918 0.00
919 0.00
920 0.00
921 0.00
922 0.00
923 0.00
924 0.00
925 0.00
926 0.00
927 0.00
928 0.00
929 0.00
930 0.00
931 0.00
932 0.00
933 0.00
934 0.00
935 0.00
936 0.00
937 0.00
938 0.00
939 0.00
940 0.00
941 0.00
942 0.00
943 0.00
944 0.00
945 0.00
946 0.00
947 0.00
948 0.00
949 0.00
950 0.00
951 0.00
952 0.00
953 0.00
954 0.00
955 0.00
956 0.00
957 0.00
958 0.00
959 0.00
960 0.00
961 0.00
962 0.00
963 0.00
964 0.00
965 0.00
966 0.00
967 0.00
968 0.00
969 0.00
970 0.00
971 0.00
972 0.00
973 0.00
974 0.00
975 0.00
976 0.00
977 0.00
978 0.00
979 0.00
980 0.00
981 0.00
982 0.00
983 0.00
984 0.00
985 0.00
986 0.00
987 0.00
988 0.00
989 0.00
990 0.00
991 0.00
992 0.00
993 0.00
994 0.00
995 0.00
996 0.00
997 0.00
998 0.00
999 0.00
1000 0.30
1001 0.30
1002 0.30
1003 0.30
1004 0.30
1005 0.30
1006 0.30
1007 0.30
1008 0.30
1009 0.30
1010 0.30
1011 0.30
1012 0.30
1013 0.30
1014 0.30
1015 0.30
1016 0.30
1017 0.30
1018 0.30
1019 0.30
1020 0.30
1021 0.31
1022 0.31
1023 0.31
1024 0.31
1025 0.31
1026 0.30
1027 0.31
1028 0.31
1029 0.31
1030 0.31
1031 0.31
1032 0.31
1033 0.31
1034 0.31
1035 0.31
1036 0.31
1037 0.31
1038 0.31
1039 0.31
1040 0.31
1041 0.31
1042 0.31
1043 0.31
1044 0.31
1045 0.31
1046 0.31
1047 0.31
1048 0.31
1049 0.31
1050 0.31
1051 0.31
1052 0.31
1053 0.31
1054 0.31
1055 0.31
1056 0.31
1057 0.31
1058 0.31
1059 0.31
1060 0.31
1061 0.31
1062 0.31
1063 0.31
1064 0.31
1065 0.31
1066 0.31
1067 0.31
1068 0.31
1069 0.31
1070 0.31
1071 0.31
1072 0.31
1073 0.31
1074 0.31
1075 0.31
1076 0.31
1077 0.31
1078 0.31
1079 0.31
1080 0.31
1081 0.31
1082 0.30
1083 0.30
1084 0.30
1085 0.30
1086 0.30
1087 0.30
1088 0.31
1089 0.31
1090 0.30
1091 0.30
1092 0.30
1093 0.30
1094 0.30
1095 0.30
1096 0.30
1097 0.30
1098 0.30
1099 0.30
1100 0.30
1101 0.30
1102 0.30
1103 0.30
1104 0.30
1105 0.30
1106 0.30
1107 0.30
1108 0.30
1109 0.30
1110 0.30
1111 0.30
1112 0.30
1113 0.30
1114 0.30
1115 0.30
1116 0.30
1117 0.30
1118 0.30
1119 0.30
1120 0.30
1121 0.30
1122 0.30
1123 0.30
1124 0.30
1125 0.30
1126 0.30
1127 0.30
1128 0.30
1129 0.30
1130 0.30
1131 0.30
1132 0.30
1133 0.30
1134 0.30
1135 0.30
1136 0.30
1137 0.30
1138 0.30
1139 0.30
1140 0.30
1141 0.30
1142 0.30
1143 0.30
1144 0.30
1145 0.30
1146 0.31
1147 0.31
1148 0.31
1149 0.31
1150 0.31
1151 0.31
1152 0.31
1153 0.31
1154 0.31
1155 0.30
1156 0.31
1157 0.30
1158 0.30
1159 0.30
1160 0.30
1161 0.30
1162 0.30
1163 0.31
1164 0.30
1165 0.30
1166 0.31
1167 0.31
1168 0.31
1169 0.31
1170 0.31
1171 0.31
1172 0.31
1173 0.31
1174 0.31
1175 0.31
1176 0.31
1177 0.31
1178 0.31
1179 0.31
1180 0.31
1181 0.31
1182 0.31
1183 0.31
1184 0.31
1185 0.31
1186 0.31
1187 0.31
1188 0.31
1189 0.31
1190 0.31
1191 0.31
1192 0.31
1193 0.31
1194 0.31
1195 0.32
1196 0.32
1197 0.32
1198 0.32
1199 0.32
1200 0.31
1201 0.31
1202 0.31
1203 0.31
1204 0.31
1205 0.31
1206 0.31
1207 0.31
1208 0.31
1209 0.31
1210 0.31
1211 0.31
1212 0.31
1213 0.31
1214 0.31
1215 0.31
1216 0.31
1217 0.31
1218 0.31
1219 0.31
1220 0.31
1221 0.30
1222 0.30
1223 0.30
1224 0.31
1225 0.31
1226 0.31
1227 0.31
1228 0.31
1229 0.31
1230 0.31
1231 0.31
1232 0.31
1233 0.31
1234 0.30
1235 0.30
1236 0.30
1237 0.30
1238 0.30
1239 0.30
1240 0.30
1241 0.30
1242 0.30
1243 0.30
1244 0.30
1245 0.30
1246 0.30
1247 0.30
1248 0.30
1249 0.30
1250 0.30
1251 0.30
1252 0.30
1253 0.30
1254 0.30
1255 0.30
1256 0.30
1257 0.30
1258 0.30
1259 0.30
1260 0.30
1261 0.30
1262 0.30
1263 0.30
1264 0.30
1265 0.30
1266 0.30
1267 0.30
1268 0.30
1269 0.30
1270 0.30
1271 0.31
1272 0.30
1273 0.30
1274 0.31
1275 0.31
1276 0.31
1277 0.31
1278 0.31
1279 0.31
1280 0.31
1281 0.31
1282 0.31
1283 0.31
1284 0.31
1285 0.31
1286 0.31
1287 0.31
1288 0.31
1289 0.31
1290 0.31
1291 0.31
1292 0.31
1293 0.31
1294 0.31
1295 0.31
1296 0.31
1297 0.31
1298 0.31
1299 0.31
1300 0.31
1301 0.31
1302 0.32
1303 0.31
1304 0.32
1305 0.32
1306 0.32
1307 0.32
1308 0.32
1309 0.32
1310 0.32
1311 0.32
1312 0.32
1313 0.32
1314 0.32
1315 0.32
1316 0.32
1317 0.32
1318 0.32
1319 0.32
1320 0.32
1321 0.32
1322 0.32
1323 0.32
1324 0.32
1325 0.32
1326 0.32
1327 0.32
1328 0.32
1329 0.32
1330 0.32
1331 0.32
1332 0.32
1333 0.32
1334 0.32
1335 0.32
1336 0.32
1337 0.32
1338 0.32
1339 0.32
1340 0.32
1341 0.32
1342 0.32
1343 0.32
1344 0.32
1345 0.32
1346 0.32
1347 0.32
1348 0.32
1349 0.31
1350 0.32
1351 0.32
1352 0.32
1353 0.32
1354 0.32
1355 0.32
1356 0.32
1357 0.32
1358 0.32
1359 0.32
1360 0.32
1361 0.32
1362 0.32
1363 0.32
1364 0.32
1365 0.32
1366 0.32
1367 0.32
1368 0.32
1369 0.32
1370 0.32
1371 0.32
1372 0.32
1373 0.32
1374 0.32
1375 0.32
1376 0.32
1377 0.32
1378 0.32
1379 0.32
1380 0.32
1381 0.32
1382 0.32
1383 0.32
1384 0.32
1385 0.32
1386 0.32
1387 0.32
1388 0.32
1389 0.32
1390 0.32
1391 0.32
1392 0.32
1393 0.32
1394 0.32
1395 0.32
1396 0.32
1397 0.32
1398 0.32
1399 0.32
1400 0.32
1401 0.32
1402 0.32
1403 0.31
1404 0.31
1405 0.31
1406 0.31
1407 0.31
1408 0.31
1409 0.31
1410 0.32
1411 0.32
1412 0.32
1413 0.32
1414 0.31
1415 0.31
1416 0.32
1417 0.32
1418 0.32
1419 0.32
1420 0.32
1421 0.32
1422 0.32
1423 0.32
1424 0.31
1425 0.32
1426 0.32
1427 0.32
1428 0.32
1429 0.32
1430 0.32
1431 0.31
1432 0.31
1433 0.31
1434 0.31
1435 0.32
1436 0.32
1437 0.32
1438 0.32
1439 0.32
1440 0.32
1441 0.32
1442 0.32
1443 0.32
1444 0.32
1445 0.32
1446 0.31
1447 0.32
1448 0.32
1449 0.31
1450 0.32
1451 0.31
1452 0.31
1453 0.31
1454 0.31
1455 0.31
1456 0.31
1457 0.31
1458 0.31
1459 0.31
1460 0.31
1461 0.31
1462 0.31
1463 0.31
1464 0.31
1465 0.31
1466 0.31
1467 0.31
1468 0.31
1469 0.31
1470 0.31
1471 0.30
1472 0.31
1473 0.30
1474 0.30
1475 0.30
1476 0.30
1477 0.30
1478 0.30
1479 0.30
1480 0.30
1481 0.30
1482 0.30
1483 0.30
1484 0.30
1485 0.30
1486 0.30
1487 0.30
1488 0.30
1489 0.30
1490 0.30
1491 0.30
1492 0.30
1493 0.30
1494 0.30
1495 0.30
1496 0.30
1497 0.30
1498 0.30
1499 0.30
1500 0.30
1501 0.30
1502 0.30
1503 0.30
1504 0.30
1505 0.30
1506 0.30
1507 0.30
1508 0.30
1509 0.30
1510 0.30
1511 0.30
1512 0.30
1513 0.30
1514 0.30
1515 0.30
1516 0.30
1517 0.30
1518 0.30
1519 0.30
1520 0.30
1521 0.31
1522 0.31
1523 0.31
1524 0.31
1525 0.31
1526 0.30
1527 0.31
1528 0.31
1529 0.31
1530 0.31
1531 0.31
1532 0.31
1533 0.31
1534 0.31
1535 0.31
1536 0.31
1537 0.31
1538 0.31
1539 0.31
1540 0.31
1541 0.31
1542 0.31
1543 0.31
1544 0.31
1545 0.31
1546 0.31
1547 0.31
1548 0.31
1549 0.31
1550 0.31
1551 0.31
1552 0.31
1553 0.31
1554 0.31
1555 0.31
1556 0.31
1557 0.31
1558 0.31
1559 0.31
1560 0.31
1561 0.31
1562 0.31
1563 0.31
1564 0.31
1565 0.31
1566 0.31
1567 0.31
1568 0.31
1569 0.31
1570 0.31
1571 0.31
1572 0.31
1573 0.31
1574 0.31
1575 0.31
1576 0.31
1577 0.31
1578 0.31
1579 0.31
1580 0.31
1581 0.31
1582 0.30
1583 0.30
1584 0.30
1585 0.30
1586 0.30
1587 0.30
1588 0.31
1589 0.31
1590 0.30
1591 0.30
1592 0.30
1593 0.30
1594 0.30
1595 0.30
1596 0.30
1597 0.30
1598 0.30
1599 0.30
1600 0.30
1601 0.30
1602 0.30
1603 0.30
1604 0.30
1605 0.30
1606 0.30
1607 0.30
1608 0.30
1609 0.30
1610 0.30
1611 0.30
1612 0.30
1613 0.30
1614 0.30
1615 0.30
1616 0.30
1617 0.30
1618 0.30
1619 0.30
1620 0.30
1621 0.30
1622 0.30
1623 0.30
1624 0.30
1625 0.30
1626 0.30
1627 0.30
1628 0.30
1629 0.30
1630 0.30
1631 0.30
1632 0.30
1633 0.30
1634 0.30
1635 0.30
1636 0.30
1637 0.30
1638 0.30
1639 0.30
1640 0.30
1641 0.30
1642 0.30
1643 0.30
1644 0.30
1645 0.30
1646 0.31
1647 0.31
1648 0.31
1649 0.31
1650 0.31
1651 0.31
1652 0.31
1653 0.31
1654 0.31
1655 0.30
1656 0.31
1657 0.30
1658 0.30
1659 0.30
1660 0.30
1661 0.30
1662 0.30
1663 0.31
1664 0.30
1665 0.30
1666 0.31
1667 0.31
1668 0.31
1669 0.31
1670 0.31
1671 0.31
1672 0.31
1673 0.31
1674 0.31
1675 0.31
1676 0.31
1677 0.31
1678 0.31
1679 0.31
1680 0.31
1681 0.31
1682 0.31
1683 0.31
1684 0.31
1685 0.31
1686 0.31
1687 0.31
1688 0.31
1689 0.31
1690 0.31
1691 0.31
1692 0.31
1693 0.31
1694 0.31
1695 0.32
1696 0.32
1697 0.32
1698 0.32
1699 0.32
1700 0.31
1701 0.31
1702 0.31
1703 0.31
1704 0.31
1705 0.31
1706 0.31
1707 0.31
1708 0.31
1709 0.31
1710 0.31
1711 0.31
1712 0.31
1713 0.31
1714 0.31
1715 0.31
1716 0.31
1717 0.31
1718 0.31
1719 0.31
1720 0.31
1721 0.30
1722 0.30
1723 0.30
1724 0.31
1725 0.31
1726 0.31
1727 0.31
1728 0.31
1729 0.31
1730 0.31
1731 0.31
1732 0.31
1733 0.31
1734 0.30
1735 0.30
1736 0.30
1737 0.30
1738 0.30
1739 0.30
1740 0.30
1741 0.30
1742 0.30
1743 0.30
1744 0.30
1745 0.30
1746 0.30
1747 0.30
1748 0.30
1749 0.30
1750 0.30
1751 0.30
1752 0.30
1753 0.30
1754 0.30
1755 0.30
1756 0.30
1757 0.30
1758 0.30
1759 0.30
1760 0.30
1761 0.30
1762 0.30
1763 0.30
1764 0.30
1765 0.30
1766 0.30
1767 0.30
1768 0.30
1769 0.30
1770 0.30
1771 0.31
1772 0.30
1773 0.30
1774 0.31
1775 0.31
1776 0.31
1777 0.31
1778 0.31
1779 0.31
1780 0.31
1781 0.31
1782 0.31
1783 0.31
1784 0.31
1785 0.31
1786 0.31
1787 0.31
1788 0.31
1789 0.31
1790 0.31
1791 0.31
1792 0.31
1793 0.31
1794 0.31
1795 0.31
1796 0.31
1797 0.31
1798 0.31
1799 0.31
1800 0.31
1801 0.31
1802 0.32
1803 0.31
1804 0.32
1805 0.32
1806 0.32
1807 0.32
1808 0.32
1809 0.32
1810 0.32
1811 0.32
1812 0.32
1813 0.32
1814 0.32
1815 0.32
1816 0.32
1817 0.32
1818 0.32
1819 0.32
1820 0.32
1821 0.32
1822 0.32
1823 0.32
1824 0.32
1825 0.32
1826 0.32
1827 0.32
1828 0.32
1829 0.32
1830 0.32
1831 0.32
1832 0.32
1833 0.32
1834 0.32
1835 0.32
1836 0.32
1837 0.32
1838 0.32
1839 0.32
1840 0.32
1841 0.32
1842 0.32
1843 0.32
1844 0.32
1845 0.32
1846 0.32
1847 0.32
1848 0.32
1849 0.31
1850 0.32
1851 0.32
1852 0.32
1853 0.32
1854 0.32
1855 0.32
1856 0.32
1857 0.32
1858 0.32
1859 0.32
1860 0.32
1861 0.32
1862 0.32
1863 0.32
1864 0.32
1865 0.32
1866 0.32
1867 0.32
1868 0.32
1869 0.32
1870 0.32
1871 0.32
1872 0.32
1873 0.32
1874 0.32
1875 0.32
1876 0.32
1877 0.32
1878 0.32
1879 0.32
1880 0.32
1881 0.32
1882 0.32
1883 0.32
1884 0.32
1885 0.32
1886 0.32
1887 0.32
1888 0.32
1889 0.32
1890 0.32
1891 0.32
1892 0.32
1893 0.32
1894 0.32
1895 0.32
1896 0.32
1897 0.32
1898 0.32
1899 0.32
1900 0.32
1901 0.32
1902 0.32
1903 0.31
1904 0.31
1905 0.31
1906 0.31
1907 0.31
1908 0.31
1909 0.31
1910 0.32
1911 0.32
1912 0.32
1913 0.32
1914 0.31
1915 0.31
1916 0.32
1917 0.32
1918 0.32
1919 0.32
1920 0.32
1921 0.32
1922 0.32
1923 0.32
1924 0.31
1925 0.32
1926 0.32
1927 0.32
1928 0.32
1929 0.32
1930 0.32
1931 0.31
1932 0.31
1933 0.31
1934 0.31
1935 0.32
1936 0.32
1937 0.32
1938 0.32
1939 0.32
1940 0.32
1941 0.32
1942 0.32
1943 0.32
1944 0.32
1945 0.32
1946 0.31
1947 0.32
1948 0.32
1949 0.31
1950 0.32
1951 0.31
1952 0.31
1953 0.31
1954 0.31
1955 0.31
1956 0.31
1957 0.31
1958 0.31
1959 0.31
1960 0.31
1961 0.31
1962 0.31
1963 0.31
1964 0.31
1965 0.31
1966 0.31
1967 0.31
1968 0.31
1969 0.31
1970 0.31
1971 0.30
1972 0.31
1973 0.30
1974 0.30
1975 0.30
1976 0.30
1977 0.30
1978 0.30
1979 0.30
1980 0.30
1981 0.30
1982 0.30
1983 0.30
1984 0.30
1985 0.30
1986 0.30
1987 0.30
1988 0.30
1989 0.30
1990 0.30
1991 0.30
1992 0.30
1993 0.30
1994 0.30
1995 0.30
1996 0.30
1997 0.30
1998 0.30
1999 0.30
2000 0.30
2001 0.30
2002 0.30
2003 0.30
2004 0.30
2005 0.30
2006 0.30
2007 0.30
2008 0.30
2009 0.30
2010 0.30
2011 0.30
2012 0.30
2013 0.30
2014 0.30
2015 0.30
2016 0.30
2017 0.30
2018 0.30
2019 0.30
2020 0.30
2021 0.31
2022 0.31
2023 0.31
2024 0.31
2025 0.31
2026 0.30
2027 0.31
2028 0.31
2029 0.31
2030 0.31
2031 0.31
2032 0.31
2033 0.31
2034 0.31
2035 0.31
2036 0.31
2037 0.31
2038 0.31
2039 0.31
2040 0.31
2041 0.31
2042 0.31
2043 0.31
2044 0.31
2045 0.31
2046 0.31
2047 0.31
2048 0.31
2049 0.31
2050 0.31
2051 0.31
2052 0.31
2053 0.31
2054 0.31
2055 0.31
2056 0.31
2057 0.31
2058 0.31
2059 0.31
2060 0.31
2061 0.31
2062 0.31
2063 0.31
2064 0.31
2065 0.31
2066 0.31
2067 0.31
2068 0.31
2069 0.31
2070 0.31
2071 0.31
2072 0.31
2073 0.31
2074 0.31
2075 0.31
2076 0.31
2077 0.31
2078 0.31
2079 0.31
2080 0.31
2081 0.31
2082 0.30
2083 0.30
2084 0.30
2085 0.30
2086 0.30
2087 0.30
2088 0.31
2089 0.31
2090 0.30
2091 0.30
2092 0.30
2093 0.30
2094 0.30
2095 0.30
2096 0.30
2097 0.30
2098 0.30
2099 0.30
2100 0.30
2101 0.30
2102 0.30
2103 0.30
2104 0.30
2105 0.30
2106 0.30
2107 0.30
2108 0.30
2109 0.30
2110 0.30
2111 0.30
2112 0.30
2113 0.30
2114 0.30
2115 0.30
2116 0.30
2117 0.30
2118 0.30
2119 0.30
2120 0.30
2121 0.30
2122 0.30
2123 0.30
2124 0.30
2125 0.30
2126 0.30
2127 0.30
2128 0.30
2129 0.30
2130 0.30
2131 0.30
2132 0.30
2133 0.30
2134 0.30
2135 0.30
2136 0.30
2137 0.30
2138 0.30
2139 0.30
2140 0.30
2141 0.30
2142 0.30
2143 0.30
2144 0.30
2145 0.30
2146 0.31
2147 0.31
2148 0.31
2149 0.31
2150 0.31
2151 0.31
2152 0.31
2153 0.31
2154 0.31
2155 0.30
2156 0.31
2157 0.30
2158 0.30
2159 0.30
2160 0.30
2161 0.30
2162 0.30
2163 0.31
2164 0.30
2165 0.30
2166 0.31
2167 0.31
2168 0.31
2169 0.31
2170 0.31
2171 0.31
2172 0.31
2173 0.31
2174 0.31
2175 0.31
2176 0.31
2177 0.31
2178 0.31
2179 0.31
2180 0.31
2181 0.31
2182 0.31
2183 0.31
2184 0.31
2185 0.31
2186 0.31
2187 0.31
2188 0.31
2189 0.31
2190 0.31
2191 0.31
2192 0.31
2193 0.31
2194 0.31
2195 0.32
2196 0.32
2197 0.32
2198 0.32
2199 0.32
2200 0.31
2201 0.31
2202 0.31
2203 0.31
2204 0.31
2205 0.31
2206 0.31
2207 0.31
2208 0.31
2209 0.31
2210 0.31
2211 0.31
2212 0.31
2213 0.31
2214 0.31
2215 0.31
2216 0.31
2217 0.31
2218 0.31
2219 0.31
2220 0.31
2221 0.30
2222 0.30
2223 0.30
2224 0.31
2225 0.31
2226 0.31
2227 0.31
2228 0.31
2229 0.31
2230 0.31
2231 0.31
2232 0.31
2233 0.31
2234 0.30
2235 0.30
2236 0.30
2237 0.30
2238 0.30
2239 0.30
2240 0.30
2241 0.30
2242 0.30
2243 0.30
2244 0.30
2245 0.30
2246 0.30
2247 0.30
2248 0.30
2249 0.30
2250 0.30
2251 0.30
2252 0.30
2253 0.30
2254 0.30
2255 0.30
2256 0.30
2257 0.30
2258 0.30
2259 0.30
2260 0.30
2261 0.30
2262 0.30
2263 0.30
2264 0.30
2265 0.30
2266 0.30
2267 0.30
2268 0.30
2269 0.30
2270 0.30
2271 0.31
2272 0.30
2273 0.30
2274 0.31
2275 0.31
2276 0.31
2277 0.31
2278 0.31
2279 0.31
2280 0.31
2281 0.31
2282 0.31
2283 0.31
2284 0.31
2285 0.31
2286 0.31
2287 0.31
2288 0.31
2289 0.31
2290 0.31
2291 0.31
2292 0.31
2293 0.31
2294 0.31
2295 0.31
2296 0.31
2297 0.31
2298 0.31
2299 0.31
2300 0.31
2301 0.31
2302 0.32
2303 0.31
2304 0.32
2305 0.32
2306 0.32
2307 0.32
2308 0.32
2309 0.32
2310 0.32
2311 0.32
2312 0.32
2313 0.32
2314 0.32
2315 0.32
2316 0.32
2317 0.32
2318 0.32
2319 0.32
2320 0.32
2321 0.32
2322 0.32
2323 0.32
2324 0.32
2325 0.32
2326 0.32
2327 0.32
2328 0.32
2329 0.32
2330 0.32
2331 0.32
2332 0.32
2333 0.32
2334 0.32
2335 0.32
2336 0.32
2337 0.32
2338 0.32
2339 0.32
2340 0.32
2341 0.32
2342 0.32
2343 0.32
2344 0.32
2345 0.32
2346 0.32
2347 0.32
2348 0.32
2349 0.31
2350 0.32
2351 0.32
2352 0.32
2353 0.32
2354 0.32
2355 0.32
2356 0.32
2357 0.32
2358 0.32
2359 0.32
2360 0.32
2361 0.32
2362 0.32
2363 0.32
2364 0.32
2365 0.32
2366 0.32
2367 0.32
2368 0.32
2369 0.32
2370 0.32
2371 0.32
2372 0.32
2373 0.32
2374 0.32
2375 0.32
2376 0.32
2377 0.32
2378 0.32
2379 0.32
2380 0.32
2381 0.32
2382 0.32
2383 0.32
2384 0.32
2385 0.32
2386 0.32
2387 0.32
2388 0.32
2389 0.32
2390 0.32
2391 0.32
2392 0.32
2393 0.32
2394 0.32
2395 0.32
2396 0.32
2397 0.32
2398 0.32
2399 0.32
2400 0.32
2401 0.32
2402 0.32
2403 0.31
2404 0.31
2405 0.31
2406 0.31
2407 0.31
2408 0.31
2409 0.31
2410 0.32
2411 0.32
2412 0.32
2413 0.32
2414 0.31
2415 0.31
2416 0.32
2417 0.32
2418 0.32
2419 0.32
2420 0.32
2421 0.32
2422 0.32
2423 0.32
2424 0.31
2425 0.32
2426 0.32
2427 0.32
2428 0.32
2429 0.32
2430 0.32
2431 0.31
2432 0.31
2433 0.31
2434 0.31
2435 0.32
2436 0.32
2437 0.32
2438 0.32
2439 0.32
2440 0.32
2441 0.32
2442 0.32
2443 0.32
2444 0.32
2445 0.32
2446 0.31
2447 0.32
2448 0.32
2449 0.31
2450 0.32
2451 0.31
2452 0.31
2453 0.31
2454 0.31
2455 0.31
2456 0.31
2457 0.31
2458 0.31
2459 0.31
2460 0.31
2461 0.31
2462 0.31
2463 0.31
2464 0.31
2465 0.31
2466 0.31
2467 0.31
2468 0.31
2469 0.31
2470 0.31
2471 0.30
2472 0.31
2473 0.30
2474 0.30
2475 0.30
2476 0.30
2477 0.30
2478 0.30
2479 0.30
2480 0.30
2481 0.30
2482 0.30
2483 0.30
2484 0.30
2485 0.30
2486 0.30
2487 0.30
2488 0.30
2489 0.30
2490 0.30
2491 0.30
2492 0.30
2493 0.30
2494 0.30
2495 0.30
2496 0.30
2497 0.30
2498 0.30
2499 0.30
2500 0.27
2501 0.27
2502 0.27
2503 0.27
2504 0.27
2505 0.27
2506 0.27
2507 0.27
2508 0.27
2509 0.27
2510 0.27
2511 0.27
2512 0.27
2513 0.27
2514 0.27
2515 0.27
2516 0.27
2517 0.27
2518 0.27
2519 0.27
2520 0.27
2521 0.27
2522 0.27
2523 0.27
2524 0.27
2525 0.27
2526 0.27
2527 0.27
2528 0.27
2529 0.27
2530 0.27
2531 0.27
2532 0.27
2533 0.27
2534 0.27
2535 0.27
2536 0.27
2537 0.27
2538 0.27
2539 0.27
2540 0.27
2541 0.28
2542 0.28
2543 0.27
2544 0.27
2545 0.27
2546 0.27
2547 0.27
2548 0.27
2549 0.27
2550 0.27
2551 0.27
2552 0.27
2553 0.27
2554 0.27
2555 0.27
2556 0.27
2557 0.27
2558 0.27
2559 0.27
2560 0.28
2561 0.27
2562 0.27
2563 0.28
2564 0.28
2565 0.28
2566 0.27
2567 0.27
2568 0.27
2569 0.27
2570 0.27
2571 0.27
2572 0.27
2573 0.27
2574 0.27
2575 0.27
2576 0.27
2577 0.27
2578 0.27
2579 0.27
2580 0.27
2581 0.27
2582 0.27
2583 0.27
2584 0.27
2585 0.27
2586 0.27
2587 0.27
2588 0.27
2589 0.27
2590 0.27
2591 0.27
2592 0.27
2593 0.27
2594 0.27
2595 0.27
2596 0.26
2597 0.26
2598 0.26
2599 0.26
2600 0.26
2601 0.26
2602 0.26
2603 0.26
2604 0.26
2605 0.26
2606 0.26
2607 0.26
2608 0.26
2609 0.26
2610 0.26
2611 0.26
2612 0.26
2613 0.26
2614 0.26
2615 0.26
2616 0.26
2617 0.26
2618 0.26
2619 0.26
2620 0.26
2621 0.26
2622 0.26
2623 0.26
2624 0.26
2625 0.26
2626 0.25
2627 0.25
2628 0.25
2629 0.26
2630 0.26
2631 0.26
2632 0.26
2633 0.26
2634 0.26
2635 0.25
2636 0.25
2637 0.25
2638 0.25
2639 0.25
2640 0.26
2641 0.26
2642 0.26
2643 0.26
2644 0.26
2645 0.26
2646 0.26
2647 0.26
2648 0.26
2649 0.26
2650 0.26
2651 0.26
2652 0.26
2653 0.26
2654 0.26
2655 0.26
2656 0.26
2657 0.26
2658 0.26
2659 0.26
2660 0.26
2661 0.26
2662 0.26
2663 0.26
2664 0.26
2665 0.26
2666 0.26
2667 0.26
2668 0.26
2669 0.26
2670 0.26
2671 0.26
2672 0.26
2673 0.26
2674 0.26
2675 0.26
2676 0.26
2677 0.26
2678 0.26
2679 0.26
2680 0.26
2681 0.26
2682 0.26
2683 0.26
2684 0.26
2685 0.26
2686 0.26
2687 0.26
2688 0.26
2689 0.26
2690 0.26
2691 0.26
2692 0.26
2693 0.26
2694 0.26
2695 0.26
2696 0.26
2697 0.26
2698 0.26
2699 0.26
2700 0.26
2701 0.26
2702 0.26
2703 0.26
2704 0.26
2705 0.26
2706 0.26
2707 0.26
2708 0.26
2709 0.26
2710 0.26
2711 0.26
2712 0.26
2713 0.26
2714 0.26
2715 0.26
2716 0.26
2717 0.26
2718 0.26
2719 0.26
2720 0.26
2721 0.26
2722 0.26
2723 0.26
2724 0.26
2725 0.26
2726 0.26
2727 0.26
2728 0.26
2729 0.26
2730 0.26
2731 0.26
2732 0.26
2733 0.26
2734 0.26
2735 0.26
2736 0.25
2737 0.25
2738 0.25
2739 0.25
2740 0.25
2741 0.25
2742 0.25
2743 0.25
2744 0.25
2745 0.25
2746 0.25
2747 0.25
2748 0.25
2749 0.26
2750 0.25
2751 0.26
2752 0.25
2753 0.25
2754 0.25
2755 0.25
2756 0.25
2757 0.25
2758 0.25
2759 0.25
2760 0.25
2761 0.25
2762 0.25
2763 0.25
2764 0.25
2765 0.25
2766 0.25
2767 0.25
2768 0.25
2769 0.26
2770 0.26
2771 0.26
2772 0.26
2773 0.26
2774 0.26
2775 0.26
2776 0.26
2777 0.26
2778 0.26
2779 0.26
2780 0.26
2781 0.26
2782 0.26
2783 0.26
2784 0.26
2785 0.26
2786 0.26
2787 0.26
2788 0.26
2789 0.26
2790 0.26
2791 0.26
2792 0.26
2793 0.26
2794 0.26
2795 0.26
2796 0.26
2797 0.26
2798 0.26
2799 0.26
2800 0.26
2801 0.26
2802 0.26
2803 0.26
2804 0.26
2805 0.26
2806 0.26
2807 0.26
2808 0.26
2809 0.26
2810 0.26
2811 0.26
2812 0.26
2813 0.27
2814 0.27
2815 0.27
2816 0.27
2817 0.27
2818 0.27
2819 0.27
2820 0.27
2821 0.27
2822 0.27
2823 0.27
2824 0.27
2825 0.27
2826 0.27
2827 0.27
2828 0.27
2829 0.27
2830 0.27
2831 0.27
2832 0.27
2833 0.27
2834 0.27
2835 0.27
2836 0.27
2837 0.27
2838 0.27
2839 0.27
2840 0.27
2841 0.26
2842 0.26
2843 0.26
2844 0.26
2845 0.26
2846 0.26
2847 0.26
2848 0.26
2849 0.26
2850 0.26
2851 0.27
2852 0.27
2853 0.27
2854 0.27
2855 0.27
2856 0.27
2857 0.27
2858 0.27
2859 0.27
2860 0.27
2861 0.27
2862 0.27
2863 0.27
2864 0.27
2865 0.27
2866 0.27
2867 0.27
2868 0.27
2869 0.27
2870 0.27
2871 0.27
2872 0.27
2873 0.27
2874 0.27
2875 0.27
2876 0.27
2877 0.27
2878 0.27
2879 0.27
2880 0.27
2881 0.27
2882 0.27
2883 0.27
2884 0.27
2885 0.27
2886 0.27
2887 0.28
2888 0.28
2889 0.28
2890 0.28
2891 0.27
2892 0.27
2893 0.27
2894 0.27
2895 0.27
2896 0.27
2897 0.27
2898 0.27
2899 0.27
2900 0.27
2901 0.27
2902 0.27
2903 0.27
2904 0.27
2905 0.27
2906 0.27
2907 0.27
2908 0.27
2909 0.27
2910 0.27
2911 0.27
2912 0.27
2913 0.27
2914 0.27
2915 0.27
2916 0.27
2917 0.27
2918 0.27
2919 0.27
2920 0.27
2921 0.27
2922 0.27
2923 0.27
2924 0.27
2925 0.27
2926 0.27
2927 0.27
2928 0.27
2929 0.27
2930 0.27
2931 0.27
2932 0.27
2933 0.27
2934 0.27
2935 0.27
2936 0.27
2937 0.28
2938 0.27
2939 0.27
2940 0.27
2941 0.27
2942 0.27
2943 0.27
2944 0.27
2945 0.27
2946 0.27
2947 0.27
2948 0.27
2949 0.27
2950 0.27
2951 0.27
2952 0.27
2953 0.27
2954 0.27
2955 0.27
2956 0.27
2957 0.27
2958 0.27
2959 0.27
2960 0.27
2961 0.27
2962 0.27
2963 0.27
2964 0.27
2965 0.27
2966 0.27
2967 0.27
2968 0.27
2969 0.27
2970 0.26
2971 0.26
2972 0.27
2973 0.26
2974 0.26
2975 0.26
2976 0.26
2977 0.26
2978 0.26
2979 0.26
2980 0.26
2981 0.26
2982 0.26
2983 0.26
2984 0.26
2985 0.26
2986 0.26
2987 0.26
2988 0.26
2989 0.26
2990 0.26
2991 0.26
2992 0.26
2993 0.26
2994 0.26
2995 0.26
2996 0.26
2997 0.26
2998 0.26
2999 0.27
3000 0.22
3001 0.22
3002 0.22
3003 0.22
3004 0.22
3005 0.22
3006 0.22
3007 0.22
3008 0.22
3009 0.22
3010 0.22
3011 0.22
3012 0.22
3013 0.22
3014 0.22
3015 0.22
3016 0.22
3017 0.22
3018 0.22
3019 0.22
3020 0.22
3021 0.22
3022 0.22
3023 0.22
3024 0.22
3025 0.22
3026 0.22
3027 0.22
3028 0.23
3029 0.23
3030 0.23
3031 0.23
3032 0.22
3033 0.22
3034 0.22
3035 0.22
3036 0.22
3037 0.22
3038 0.23
3039 0.23
3040 0.23
3041 0.23
3042 0.23
3043 0.23
3044 0.23
3045 0.23
3046 0.23
3047 0.23
3048 0.23
3049 0.23
3050 0.23
3051 0.23
3052 0.23
3053 0.23
3054 0.23
3055 0.23
3056 0.23
3057 0.23
3058 0.23
3059 0.23
3060 0.23
3061 0.23
3062 0.23
3063 0.23
3064 0.23
3065 0.23
3066 0.23
3067 0.23
3068 0.23
3069 0.23
3070 0.23
3071 0.23
3072 0.23
3073 0.23
3074 0.23
3075 0.23
3076 0.23
3077 0.23
3078 0.23
3079 0.23
3080 0.23
3081 0.23
3082 0.22
3083 0.22
3084 0.22
3085 0.22
3086 0.22
3087 0.22
3088 0.22
3089 0.22
3090 0.22
3091 0.22
3092 0.22
3093 0.22
3094 0.22
3095 0.22
3096 0.22
3097 0.21
3098 0.21
3099 0.21
3100 0.21
3101 0.21
3102 0.21
3103 0.21
3104 0.21
3105 0.21
3106 0.21
3107 0.21
3108 0.21
3109 0.21
3110 0.21
3111 0.21
3112 0.21
3113 0.21
3114 0.21
3115 0.21
3116 0.21
3117 0.21
3118 0.21
3119 0.21
3120 0.21
3121 0.21
3122 0.21
3123 0.21
3124 0.21
3125 0.21
3126 0.21
3127 0.21
3128 0.21
3129 0.21
3130 0.21
3131 0.21
3132 0.21
3133 0.21
3134 0.20
3135 0.20
3136 0.20
3137 0.20
3138 0.20
3139 0.20
3140 0.21
3141 0.21
3142 0.21
3143 0.21
3144 0.21
3145 0.21
3146 0.21
3147 0.21
3148 0.21
3149 0.21
3150 0.21
3151 0.21
3152 0.21
3153 0.21
3154 0.21
3155 0.21
3156 0.21
3157 0.21
3158 0.21
3159 0.21
3160 0.21
3161 0.21
3162 0.21
3163 0.21
3164 0.21
3165 0.21
3166 0.21
3167 0.21
3168 0.22
3169 0.22
3170 0.22
3171 0.22
3172 0.22
3173 0.22
3174 0.22
3175 0.22
3176 0.22
3177 0.22
3178 0.22
3179 0.22
3180 0.22
3181 0.22
3182 0.22
3183 0.22
3184 0.22
3185 0.22
3186 0.22
3187 0.22
3188 0.22
3189 0.22
3190 0.22
3191 0.22
3192 0.22
3193 0.22
3194 0.22
3195 0.22
3196 0.22
3197 0.23
3198 0.23
3199 0.22
3200 0.22
3201 0.22
3202 0.22
3203 0.22
3204 0.22
3205 0.22
3206 0.22
3207 0.22
3208 0.22
3209 0.22
3210 0.22
3211 0.22
3212 0.22
3213 0.22
3214 0.22
3215 0.22
3216 0.22
3217 0.22
3218 0.22
3219 0.22
3220 0.22
3221 0.22
3222 0.22
3223 0.22
3224 0.22
3225 0.22
3226 0.22
3227 0.22
3228 0.22
3229 0.22
3230 0.22
3231 0.22
3232 0.22
3233 0.22
3234 0.22
3235 0.22
3236 0.22
3237 0.22
3238 0.22
3239 0.22
3240 0.22
3241 0.21
3242 0.21
3243 0.21
3244 0.21
3245 0.21
3246 0.21
3247 0.21
3248 0.21
3249 0.22
3250 0.22
3251 0.22
3252 0.22
3253 0.21
3254 0.21
3255 0.21
3256 0.21
3257 0.21
3258 0.21
3259 0.21
3260 0.21
3261 0.21
3262 0.21
3263 0.21
3264 0.21
3265 0.21
3266 0.21
3267 0.22
3268 0.22
3269 0.22
3270 0.22
3271 0.22
3272 0.22
3273 0.22
3274 0.22
3275 0.22
3276 0.22
3277 0.22
3278 0.22
3279 0.22
3280 0.22
3281 0.22
3282 0.22
3283 0.22
3284 0.22
3285 0.22
3286 0.22
3287 0.22
3288 0.22
3289 0.22
3290 0.22
3291 0.22
3292 0.23
3293 0.23
3294 0.23
3295 0.23
3296 0.23
3297 0.23
3298 0.23
3299 0.23
3300 0.23
3301 0.23
3302 0.23
3303 0.23
3304 0.23
3305 0.23
3306 0.23
3307 0.23
3308 0.23
3309 0.23
3310 0.23
3311 0.23
3312 0.23
3313 0.23
3314 0.23
3315 0.23
3316 0.23
3317 0.23
3318 0.23
3319 0.24
3320 0.24
3321 0.24
3322 0.23
3323 0.23
3324 0.23
3325 0.24
3326 0.24
3327 0.23
3328 0.23
3329 0.23
3330 0.23
3331 0.23
3332 0.23
3333 0.23
3334 0.23
3335 0.23
3336 0.24
3337 0.24
3338 0.23
3339 0.23
3340 0.23
3341 0.23
3342 0.23
3343 0.23
3344 0.23
3345 0.23
3346 0.23
3347 0.23
3348 0.23
3349 0.23
3350 0.23
3351 0.23
3352 0.23
3353 0.23
3354 0.23
3355 0.23
3356 0.23
3357 0.23
3358 0.23
3359 0.23
3360 0.23
3361 0.23
3362 0.23
3363 0.23
3364 0.23
3365 0.23
3366 0.23
3367 0.23
3368 0.23
3369 0.23
3370 0.23
3371 0.23
3372 0.23
3373 0.23
3374 0.23
3375 0.23
3376 0.23
3377 0.23
3378 0.23
3379 0.23
3380 0.23
3381 0.23
3382 0.23
3383 0.23
3384 0.23
3385 0.23
3386 0.23
3387 0.23
3388 0.23
3389 0.23
3390 0.23
3391 0.23
3392 0.23
3393 0.23
3394 0.23
3395 0.23
3396 0.23
3397 0.23
3398 0.23
3399 0.23
3400 0.23
3401 0.23
3402 0.23
3403 0.22
3404 0.22
3405 0.22
3406 0.22
3407 0.23
3408 0.23
3409 0.23
3410 0.23
3411 0.23
3412 0.23
3413 0.23
3414 0.23
3415 0.23
3416 0.23
3417 0.23
3418 0.23
3419 0.23
3420 0.23
3421 0.23
3422 0.23
3423 0.23
3424 0.22
3425 0.23
3426 0.23
3427 0.23
3428 0.23
3429 0.23
3430 0.23
3431 0.22
3432 0.22
3433 0.22
3434 0.23
3435 0.23
3436 0.23
3437 0.23
3438 0.23
3439 0.22
3440 0.22
3441 0.22
3442 0.22
3443 0.23
3444 0.22
3445 0.22
3446 0.22
3447 0.22
3448 0.22
3449 0.22
3450 0.22
3451 0.22
3452 0.22
3453 0.22
3454 0.22
3455 0.22
3456 0.22
3457 0.22
3458 0.22
3459 0.22
3460 0.22
3461 0.22
3462 0.22
3463 0.22
3464 0.22
3465 0.22
3466 0.22
3467 0.22
3468 0.21
3469 0.21
3470 0.21
3471 0.21
3472 0.21
3473 0.21
3474 0.21
3475 0.21
3476 0.21
3477 0.21
3478 0.21
3479 0.21
3480 0.21
3481 0.21
3482 0.21
3483 0.21
3484 0.21
3485 0.21
3486 0.21
3487 0.21
3488 0.21
3489 0.21
3490 0.21
3491 0.21
3492 0.21
3493 0.21
3494 0.21
3495 0.21
3496 0.21
3497 0.21
3498 0.21
3499 0.21
3500 -0.00
3501 -0.00
3502 -0.01
3503 -0.01
3504 -0.01
3505 -0.01
3506 -0.01
3507 -0.01
3508 -0.01
3509 -0.01
3510 -0.01
3511 -0.01
3512 -0.01
3513 -0.01
3514 -0.01
3515 -0.01
3516 -0.01
3517 -0.01
3518 -0.01
3519 -0.01
3520 -0.01
3521 -0.01
3522 -0.01
3523 -0.01
3524 -0.01
3525 -0.01
3526 -0.01
3527 -0.01
3528 -0.01
3529 -0.01
3530 -0.01
3531 -0.01
3532 -0.01
3533 -0.01
3534 -0.01
3535 -0.01
3536 -0.01
3537 -0.01
3538 -0.01
3539 -0.01
3540 -0.01
3541 -0.01
3542 -0.01
3543 -0.01
3544 -0.01
3545 -0.01
3546 -0.01
3547 -0.00
3548 -0.00
3549 -0.00
3550 -0.01
3551 -0.01
3552 -0.01
3553 -0.01
3554 -0.00
3555 -0.00
3556 -0.00
3557 -0.00
3558 -0.01
3559 -0.01
3560 -0.01
3561 -0.01
3562 -0.01
3563 -0.01
3564 -0.01
3565 -0.01
3566 -0.01
3567 -0.01
3568 -0.01
3569 -0.01
3570 -0.01
3571 -0.01
3572 -0.01
3573 -0.01
3574 -0.01
3575 -0.01
3576 -0.01
3577 -0.01
3578 -0.01
3579 -0.01
3580 -0.01
3581 -0.01
3582 -0.01
3583 -0.01
3584 -0.01
3585 -0.01
3586 -0.01
3587 -0.01
3588 -0.01
3589 -0.01
3590 -0.00
3591 -0.00
3592 -0.00
3593 -0.00
3594 -0.00
3595 -0.00
3596 -0.00
3597 -0.00
3598 -0.00
3599 -0.00
3600 -0.00
3601 -0.01
3602 -0.01
3603 -0.01
3604 -0.01
3605 -0.01
3606 -0.01
3607 -0.01
3608 -0.01
3609 -0.01
3610 -0.01
3611 -0.01
3612 -0.01
3613 -0.01
3614 -0.01
3615 -0.01
3616 -0.01
3617 -0.01
3618 -0.01
3619 -0.01
3620 -0.01
3621 -0.01
3622 -0.01
3623 -0.00
3624 -0.00
3625 -0.00
3626 -0.00
3627 -0.00
3628 -0.00
3629 -0.00
3630 -0.00
3631 -0.00
3632 -0.00
3633 -0.00
3634 -0.00
3635 -0.00
3636 -0.00
3637 -0.00
3638 -0.00
3639 -0.00
3640 -0.00
3641 -0.00
3642 -0.00
3643 -0.00
3644 -0.00
3645 -0.00
3646 -0.00
3647 -0.00
3648 -0.00
3649 -0.00
3650 -0.00
3651 -0.00
3652 -0.00
3653 -0.00
3654 -0.00
3655 -0.00
3656 -0.00
3657 -0.00
3658 -0.00
3659 -0.00
3660 -0.00
3661 -0.00
3662 -0.00
3663 -0.00
3664 -0.00
3665 -0.00
3666 -0.00
3667 -0.00
3668 -0.00
3669 -0.00
3670 -0.00
3671 -0.00
3672 -0.00
3673 -0.00
3674 -0.00
3675 -0.00
3676 -0.00
3677 -0.00
3678 -0.00
3679 -0.00
3680 -0.00
3681 -0.00
3682 -0.00
3683 -0.00
3684 -0.00
3685 -0.00
3686 -0.00
3687 -0.00
3688 -0.00
3689 -0.00
3690 -0.00
3691 -0.00
3692 -0.00
3693 -0.00
3694 -0.00
3695 -0.00
3696 -0.00
3697 -0.00
3698 -0.00
3699 -0.00
3700 -0.00
3701 -0.00
3702 -0.00
3703 -0.00
3704 -0.00
3705 -0.00
3706 -0.00
3707 -0.00
3708 -0.00
3709 -0.00
3710 -0.00
3711 -0.00
3712 -0.00
3713 -0.00
3714 -0.00
3715 -0.00
3716 -0.00
3717 -0.00
3718 -0.00
3719 -0.00
3720 -0.00
3721 -0.00
3722 -0.00
3723 -0.00
3724 -0.00
3725 -0.00
3726 -0.00
3727 -0.00
3728 -0.00
3729 0.00
3730 0.00
3731 0.00
3732 0.00
3733 0.00
3734 0.00
3735 -0.00
3736 -0.00
3737 -0.00
3738 -0.00
3739 -0.00
3740 -0.00
3741 -0.00
3742 -0.00
3743 -0.00
3744 -0.00
3745 -0.00
3746 -0.00
3747 -0.00
3748 -0.00
3749 -0.00
3750 -0.00
3751 -0.00
3752 -0.00
3753 -0.00
3754 -0.00
3755 -0.00
3756 -0.00
3757 -0.00
3758 -0.00
3759 -0.00
3760 -0.00
3761 -0.00
3762 -0.00
3763 -0.00
3764 -0.00
3765 -0.00
3766 -0.00
3767 -0.00
3768 -0.00
3769 -0.00
3770 -0.00
3771 -0.00
3772 -0.00
3773 -0.00
3774 -0.00
3775 -0.00
3776 -0.00
3777 -0.00
3778 -0.00
3779 -0.00
3780 -0.00
3781 -0.00
3782 -0.00
3783 -0.00
3784 -0.00
3785 -0.00
3786 -0.00
3787 -0.00
3788 -0.00
3789 -0.00
3790 -0.00
3791 -0.00
3792 -0.00
3793 -0.00
3794 -0.00
3795 -0.00
3796 -0.00
3797 -0.00
3798 -0.00
3799 -0.00
3800 -0.00
3801 0.00
3802 0.00
3803 0.00
3804 0.00
3805 0.00
3806 0.00
3807 0.00
3808 0.00
3809 0.00
3810 0.00
3811 0.00
3812 0.00
3813 0.00
3814 0.00
3815 0.00
3816 0.00
3817 0.00
3818 -0.00
3819 -0.00
3820 -0.00
3821 -0.00
3822 -0.00
3823 -0.00
3824 -0.00
3825 -0.00
3826 -0.00
3827 -0.00
3828 -0.00
3829 -0.00
3830 -0.00
3831 -0.00
3832 -0.00
3833 -0.00
3834 -0.00
3835 -0.00
3836 -0.00
3837 -0.00
3838 -0.00
3839 -0.00
3840 -0.00
3841 -0.00
3842 -0.00
3843 -0.00
3844 -0.00
3845 -0.00
3846 -0.00
3847 -0.00
3848 -0.00
3849 -0.00
3850 -0.00
3851 -0.00
3852 -0.00
3853 -0.00
3854 -0.00
3855 -0.00
3856 -0.00
3857 -0.00
3858 -0.00
3859 -0.00
3860 -0.00
3861 -0.00
3862 -0.00
3863 -0.00
3864 -0.00
3865 -0.00
3866 -0.00
3867 -0.00
3868 -0.00
3869 -0.00
3870 -0.00
3871 -0.00
3872 -0.00
3873 -0.00
3874 -0.00
3875 -0.00
3876 -0.00
3877 -0.00
3878 -0.00
3879 -0.00
3880 -0.00
3881 -0.00
3882 -0.00
3883 -0.00
3884 -0.00
3885 -0.00
3886 -0.00
3887 -0.00
3888 -0.00
3889 -0.00
3890 -0.00
3891 -0.00
3892 -0.00
3893 -0.00
3894 -0.00
3895 -0.00
3896 -0.00
3897 -0.00
3898 -0.00
3899 -0.00
3900 -0.00
3901 -0.00
3902 -0.00
3903 -0.00
3904 -0.00
3905 -0.00
3906 -0.00
3907 -0.00
3908 -0.00
3909 -0.00
3910 -0.00
3911 -0.00
3912 -0.00
3913 -0.00
3914 -0.00
3915 -0.00
3916 -0.00
3917 -0.00
3918 -0.00
3919 -0.00
3920 -0.00
3921 -0.00
3922 -0.00
3923 -0.00
3924 -0.00
3925 -0.01
3926 -0.01
3927 -0.01
3928 -0.01
3929 -0.01
3930 -0.01
3931 -0.01
3932 -0.01
3933 -0.01
3934 -0.01
3935 -0.01
3936 -0.01
3937 -0.01
3938 -0.01
3939 -0.01
3940 -0.01
3941 -0.01
3942 -0.01
3943 -0.01
3944 -0.01
3945 -0.01
3946 -0.01
3947 -0.01
3948 -0.01
3949 -0.01
3950 -0.01
3951 -0.01
3952 -0.01
3953 -0.01
3954 -0.01
3955 -0.01
3956 -0.01
3957 -0.01
3958 -0.01
3959 -0.01
3960 -0.01
3961 -0.01
3962 -0.00
3963 -0.00
3964 -0.00
3965 -0.00
3966 -0.00
3967 -0.00
3968 -0.01
3969 -0.01
3970 -0.01
3971 -0.01
3972 -0.01
3973 -0.01
3974 -0.01
3975 -0.01
3976 -0.01
3977 -0.01
3978 -0.01
3979 -0.01
3980 -0.01
3981 -0.01
3982 -0.01
3983 -0.01
3984 -0.01
3985 -0.01
3986 -0.01
3987 -0.01
3988 -0.01
3989 -0.01
3990 -0.01
3991 -0.01
3992 -0.01
3993 -0.00
3994 -0.01
3995 -0.01
3996 -0.01
3997 -0.01
3998 -0.01
3999 -0.01
4000 0.40
4001 0.40
4002 0.40
4003 0.40
4004 0.40
4005 0.40
4006 0.40
4007 0.40
4008 0.40
4009 0.40
4010 0.40
4011 0.40
4012 0.40
4013 0.40
4014 0.40
4015 0.40
4016 0.40
4017 0.40
4018 0.40
4019 0.40
4020 0.40
4021 0.40
4022 0.40
4023 0.40
4024 0.40
4025 0.40
4026 0.40
4027 0.40
4028 0.40
4029 0.40
4030 0.40
4031 0.40
4032 0.40
4033 0.40
4034 0.40
4035 0.40
4036 0.40
4037 0.40
4038 0.40
4039 0.40
4040 0.40
4041 0.40
4042 0.40
4043 0.40
4044 0.40
4045 0.40
4046 0.40
4047 0.40
4048 0.40
4049 0.40
4050 0.40
4051 0.40
4052 0.40
4053 0.40
4054 0.40
4055 0.40
4056 0.40
4057 0.40
4058 0.40
4059 0.41
4060 0.41
4061 0.41
4062 0.41
4063 0.41
4064 0.41
4065 0.41
4066 0.41
4067 0.41
4068 0.40
4069 0.40
4070 0.41
4071 0.41
4072 0.41
4073 0.40
4074 0.40
4075 0.40
4076 0.40
4077 0.40
4078 0.40
4079 0.40
4080 0.40
4081 0.40
4082 0.41
4083 0.40
4084 0.40
4085 0.40
4086 0.40
4087 0.40
4088 0.40
4089 0.40
4090 0.40
4091 0.40
4092 0.41
4093 0.41
4094 0.41
4095 0.41
4096 0.41
4097 0.41
4098 0.40
4099 0.40
4100 0.40
4101 0.40
4102 0.40
4103 0.40
4104 0.40
4105 0.40
4106 0.40
4107 0.40
4108 0.40
4109 0.40
4110 0.40
4111 0.40
4112 0.40
4113 0.40
4114 0.40
4115 0.40
4116 0.40
4117 0.40
4118 0.40
4119 0.40
4120 0.40
4121 0.40
4122 0.40
4123 0.40
4124 0.40
4125 0.40
4126 0.40
4127 0.40
4128 0.40
4129 0.40
4130 0.40
4131 0.40
4132 0.40
4133 0.40
4134 0.40
4135 0.40
4136 0.40
4137 0.40
4138 0.40
4139 0.40
4140 0.40
4141 0.40
4142 0.40
4143 0.40
4144 0.40
4145 0.40
4146 0.40
4147 0.40
4148 0.41
4149 0.40
4150 0.40
4151 0.40
4152 0.40
4153 0.40
4154 0.40
4155 0.40
4156 0.40
4157 0.40
4158 0.40
4159 0.40
4160 0.40
4161 0.40
4162 0.40
4163 0.40
4164 0.40
4165 0.40
4166 0.40
4167 0.40
4168 0.40
4169 0.40
4170 0.40
4171 0.40
4172 0.40
4173 0.40
4174 0.40
4175 0.40
4176 0.40
4177 0.40
4178 0.40
4179 0.40
4180 0.40
4181 0.40
4182 0.40
4183 0.40
4184 0.40
4185 0.40
4186 0.40
4187 0.40
4188 0.40
4189 0.40
4190 0.40
4191 0.40
4192 0.40
4193 0.40
4194 0.40
4195 0.40
4196 0.40
4197 0.40
4198 0.40
4199 0.40
4200 0.40
4201 0.40
4202 0.40
4203 0.40
4204 0.40
4205 0.40
4206 0.40
4207 0.40
4208 0.40
4209 0.40
4210 0.40
4211 0.40
4212 0.40
4213 0.40
4214 0.40
4215 0.40
4216 0.40
4217 0.40
4218 0.40
4219 0.40
4220 0.40
4221 0.40
4222 0.40
4223 0.40
4224 0.40
4225 0.40
4226 0.40
4227 0.40
4228 0.40
4229 0.40
4230 0.40
4231 0.40
4232 0.40
4233 0.40
4234 0.40
4235 0.40
4236 0.40
4237 0.40
4238 0.40
4239 0.40
4240 0.40
4241 0.40
4242 0.40
4243 0.40
4244 0.40
4245 0.40
4246 0.40
4247 0.40
4248 0.40
4249 0.40
4250 0.40
4251 0.40
4252 0.40
4253 0.40
4254 0.40
4255 0.40
4256 0.40
4257 0.40
4258 0.40
4259 0.40
4260 0.40
4261 0.40
4262 0.40
4263 0.40
4264 0.40
4265 0.40
4266 0.40
4267 0.40
4268 0.40
4269 0.40
4270 0.40
4271 0.40
4272 0.40
4273 0.40
4274 0.40
4275 0.40
4276 0.40
4277 0.40
4278 0.40
4279 0.40
4280 0.40
4281 0.40
4282 0.40
4283 0.40
4284 0.40
4285 0.40
4286 0.40
4287 0.40
4288 0.40
4289 0.40
4290 0.40
4291 0.40
4292 0.40
4293 0.40
4294 0.40
4295 0.40
4296 0.40
4297 0.40
4298 0.40
4299 0.40
4300 0.40
4301 0.40
4302 0.40
4303 0.40
4304 0.40
4305 0.40
4306 0.40
4307 0.40
4308 0.40
4309 0.40
4310 0.40
4311 0.40
4312 0.40
4313 0.40
4314 0.40
4315 0.40
4316 0.40
4317 0.40
4318 0.40
4319 0.40
4320 0.40
4321 0.40
4322 0.40
4323 0.40
4324 0.40
4325 0.40
4326 0.40
4327 0.40
4328 0.40
4329 0.40
4330 0.40
4331 0.40
4332 0.40
4333 0.40
4334 0.40
4335 0.40
4336 0.40
4337 0.40
4338 0.40
4339 0.40
4340 0.40
4341 0.40
4342 0.40
4343 0.40
4344 0.40
4345 0.40
4346 0.40
4347 0.40
4348 0.40
4349 0.40
4350 0.40
4351 0.40
4352 0.40
4353 0.40
4354 0.39
4355 0.40
4356 0.39
4357 0.40
4358 0.40
4359 0.40
4360 0.40
4361 0.40
4362 0.40
4363 0.39
4364 0.39
4365 0.39
4366 0.39
4367 0.39
4368 0.40
4369 0.40
4370 0.40
4371 0.40
4372 0.40
4373 0.40
4374 0.40
4375 0.40
4376 0.40
4377 0.40
4378 0.40
4379 0.40
4380 0.40
4381 0.40
4382 0.40
4383 0.40
4384 0.40
4385 0.40
4386 0.40
4387 0.40
4388 0.40
4389 0.40
4390 0.40
4391 0.40
4392 0.40
4393 0.40
4394 0.40
4395 0.40
4396 0.40
4397 0.40
4398 0.40
4399 0.40
4400 0.40
4401 0.40
4402 0.40
4403 0.40
4404 0.40
4405 0.40
4406 0.40
4407 0.40
4408 0.40
4409 0.40
4410 0.40
4411 0.40
4412 0.40
4413 0.40
4414 0.40
4415 0.40
4416 0.40
4417 0.39
4418 0.39
4419 0.39
4420 0.39
4421 0.39
4422 0.39
4423 0.39
4424 0.39
4425 0.39
4426 0.39
4427 0.40
4428 0.40
4429 0.40
4430 0.40
4431 0.40
4432 0.40
4433 0.40
4434 0.40
4435 0.40
4436 0.40
4437 0.40
4438 0.40
4439 0.40
4440 0.40
4441 0.40
4442 0.40
4443 0.40
4444 0.40
4445 0.40
4446 0.40
4447 0.40
4448 0.40
4449 0.40
4450 0.40
4451 0.40
4452 0.40
4453 0.40
4454 0.40
4455 0.40
4456 0.40
4457 0.40
4458 0.40
4459 0.40
4460 0.40
4461 0.40
4462 0.40
4463 0.40
4464 0.40
4465 0.40
4466 0.40
4467 0.40
4468 0.40
4469 0.40
4470 0.40
4471 0.40
4472 0.40
4473 0.40
4474 0.40
4475 0.40
4476 0.40
4477 0.40
4478 0.40
4479 0.40
4480 0.40
4481 0.40
4482 0.40
4483 0.40
4484 0.40
4485 0.40
4486 0.40
4487 0.40
4488 0.40
4489 0.40
4490 0.40
4491 0.40
4492 0.40
4493 0.40
4494 0.40
4495 0.40
4496 0.40
4497 0.40
4498 0.40
4499 0.40
4500 0.40
4501 0.40
4502 0.40
4503 0.40
4504 0.40
4505 0.40
4506 0.40
4507 0.40
4508 0.40
4509 0.40
4510 0.40
4511 0.40
4512 0.40
4513 0.40
4514 0.40
4515 0.40
4516 0.40
4517 0.40
4518 0.40
4519 0.40
4520 0.40
4521 0.40
4522 0.40
4523 0.40
4524 0.40
4525 0.40
4526 0.40
4527 0.40
4528 0.40
4529 0.40
4530 0.40
4531 0.40
4532 0.40
4533 0.40
4534 0.40
4535 0.40
4536 0.40
4537 0.40
4538 0.40
4539 0.40
4540 0.40
4541 0.40
4542 0.40
4543 0.40
4544 0.41
4545 0.41
4546 0.41
4547 0.41
4548 0.41
4549 0.41
4550 0.41
4551 0.41
4552 0.41
4553 0.41
4554 0.41
4555 0.41
4556 0.41
4557 0.41
4558 0.41
4559 0.41
4560 0.41
4561 0.41
4562 0.41
4563 0.41
4564 0.41
4565 0.41
4566 0.41
4567 0.41
4568 0.41
4569 0.41
4570 0.41
4571 0.41
4572 0.41
4573 0.41
4574 0.41
4575 0.41
4576 0.41
4577 0.41
4578 0.41
4579 0.41
4580 0.41
4581 0.41
4582 0.41
4583 0.41
4584 0.41
4585 0.41
4586 0.41
4587 0.41
4588 0.41
4589 0.41
4590 0.41
4591 0.41
4592 0.41
4593 0.41
4594 0.41
4595 0.41
4596 0.41
4597 0.41
4598 0.41
4599 0.41
4600 0.41
4601 0.41
4602 0.41
4603 0.41
4604 0.41
4605 0.41
4606 0.41
4607 0.41
4608 0.41
4609 0.41
4610 0.41
4611 0.41
4612 0.41
4613 0.41
4614 0.41
4615 0.40
4616 0.40
4617 0.41
4618 0.41
4619 0.41
4620 0.41
4621 0.41
4622 0.41
4623 0.41
4624 0.41
4625 0.41
4626 0.41
4627 0.41
4628 0.41
4629 0.41
4630 0.41
4631 0.41
4632 0.41
4633 0.41
4634 0.41
4635 0.41
4636 0.41
4637 0.41
4638 0.41
4639 0.41
4640 0.41
4641 0.41
4642 0.41
4643 0.41
4644 0.41
4645 0.41
4646 0.41
4647 0.41
4648 0.41
4649 0.41
4650 0.41
4651 0.41
4652 0.41
4653 0.41
4654 0.41
4655 0.41
4656 0.41
4657 0.41
4658 0.41
4659 0.41
4660 0.41
4661 0.41
4662 0.41
4663 0.41
4664 0.41
4665 0.41
4666 0.41
4667 0.41
4668 0.41
4669 0.41
4670 0.41
4671 0.41
4672 0.41
4673 0.41
4674 0.41
4675 0.41
4676 0.41
4677 0.41
4678 0.41
4679 0.41
4680 0.41
4681 0.41
4682 0.41
4683 0.41
4684 0.41
4685 0.41
4686 0.41
4687 0.41
4688 0.41
4689 0.41
4690 0.41
4691 0.41
4692 0.41
4693 0.41
4694 0.41
4695 0.41
4696 0.41
4697 0.41
4698 0.41
4699 0.41
4700 0.41
4701 0.41
4702 0.41
4703 0.41
4704 0.41
4705 0.41
4706 0.41
4707 0.41
4708 0.41
4709 0.41
4710 0.41
4711 0.41
4712 0.41
4713 0.41
4714 0.41
4715 0.41
4716 0.41
4717 0.41
4718 0.41
4719 0.41
4720 0.41
4721 0.41
4722 0.41
4723 0.41
4724 0.41
4725 0.41
4726 0.41
4727 0.40
4728 0.40
4729 0.40
4730 0.40
4731 0.41
4732 0.41
4733 0.41
4734 0.41
4735 0.41
4736 0.40
4737 0.40
4738 0.40
4739 0.40
4740 0.40
4741 0.40
4742 0.40
4743 0.40
4744 0.40
4745 0.40
4746 0.40
4747 0.40
4748 0.40
4749 0.40
4750 0.40
4751 0.40
4752 0.40
4753 0.40
4754 0.40
4755 0.40
4756 0.40
4757 0.40
4758 0.40
4759 0.40
4760 0.40
4761 0.40
4762 0.40
4763 0.40
4764 0.40
4765 0.40
4766 0.40
4767 0.40
4768 0.40
4769 0.40
4770 0.40
4771 0.40
4772 0.40
4773 0.40
4774 0.40
4775 0.40
4776 0.40
4777 0.40
4778 0.40
4779 0.40
4780 0.40
4781 0.40
4782 0.40
4783 0.40
4784 0.40
4785 0.40
4786 0.40
4787 0.40
4788 0.40
4789 0.40
4790 0.40
4791 0.40
4792 0.40
4793 0.40
4794 0.40
4795 0.40
4796 0.40
4797 0.40
4798 0.40
4799 0.40
4800 0.40
4801 0.40
4802 0.40
4803 0.40
4804 0.40
4805 0.40
4806 0.40
4807 0.40
4808 0.40
4809 0.40
4810 0.40
4811 0.40
4812 0.40
4813 0.40
4814 0.40
4815 0.40
4816 0.40
4817 0.40
4818 0.40
4819 0.40
4820 0.40
4821 0.40
4822 0.40
4823 0.40
4824 0.40
4825 0.40
4826 0.40
4827 0.40
4828 0.40
4829 0.40
4830 0.40
4831 0.40
4832 0.40
4833 0.40
4834 0.40
4835 0.40
4836 0.40
4837 0.40
4838 0.40
4839 0.40
4840 0.40
4841 0.40
4842 0.40
4843 0.40
4844 0.40
4845 0.40
4846 0.40
4847 0.40
4848 0.40
4849 0.40
4850 0.40
4851 0.40
4852 0.40
4853 0.40
4854 0.40
4855 0.40
4856 0.40
4857 0.40
4858 0.40
4859 0.40
4860 0.40
4861 0.40
4862 0.40
4863 0.40
4864 0.40
4865 0.40
4866 0.40
4867 0.40
4868 0.40
4869 0.40
4870 0.40
4871 0.40
4872 0.40
4873 0.40
4874 0.40
4875 0.40
4876 0.40
4877 0.40
4878 0.40
4879 0.40
4880 0.40
4881 0.40
4882 0.40
4883 0.40
4884 0.40
4885 0.40
4886 0.40
4887 0.40
4888 0.40
4889 0.40
4890 0.40
4891 0.40
4892 0.40
4893 0.40
4894 0.40
4895 0.40
4896 0.40
4897 0.40
4898 0.40
4899 0.40
4900 0.40
4901 0.40
4902 0.40
4903 0.40
4904 0.40
4905 0.40
4906 0.40
4907 0.40
4908 0.40
4909 0.40
4910 0.40
4911 0.40
4912 0.40
4913 0.40
4914 0.40
4915 0.40
4916 0.40
4917 0.40
4918 0.40
4919 0.40
4920 0.40
4921 0.40
4922 0.40
4923 0.40
4924 0.40
4925 0.40
4926 0.40
4927 0.40
4928 0.40
4929 0.40
4930 0.40
4931 0.40
4932 0.40
4933 0.40
4934 0.40
4935 0.40
4936 0.40
4937 0.40
4938 0.40
4939 0.40
4940 0.40
4941 0.40
4942 0.40
4943 0.40
4944 0.40
4945 0.40
4946 0.40
4947 0.40
4948 0.40
4949 0.40
4950 0.40
4951 0.40
4952 0.40
4953 0.40
4954 0.40
4955 0.40
4956 0.40
4957 0.40
4958 0.40
4959 0.40
4960 0.40
4961 0.40
4962 0.40
4963 0.40
4964 0.40
4965 0.40
4966 0.40
4967 0.40
4968 0.40
4969 0.40
4970 0.40
4971 0.40
4972 0.40
4973 0.40
4974 0.40
4975 0.40
4976 0.40
4977 0.40
4978 0.40
4979 0.40
4980 0.40
4981 0.40
4982 0.40
4983 0.40
4984 0.40
4985 0.40
4986 0.40
4987 0.40
4988 0.40
4989 0.40
4990 0.40
4991 0.40
4992 0.40
4993 0.40
4994 0.40
4995 0.40
4996 0.40
4997 0.40
4998 0.40
4999 0.40
