0 -0.14
30 -0.13
60 -0.07
90 -0.05
120 -0.11
150 -0.07
180 -0.03
210 0.15
240 0.14
270 -0.05
300 0.05
330 0.12
360 -0.04
390 0.09
420 0.08
450 0.07
480 0.03
510 0.10
540 0.01
570 0.02
600 0.14
630 0.04
660 0.05
690 0.16
720 0.02
750 0.12
780 0.10
810 -0.02
840 -0.09
870 -0.03
900 -0.06
930 -0.05
960 0.03
990 0.11
1020 -0.06
1050 0.04
1080 0.12
1110 0.09
1140 0.12
1170 0.10
1200 0.14
1230 0.16
1260 0.14
1290 0.20
1320 0.17
1350 0.16
1380 0.18
1410 0.19
1440 0.18
1470 0.18
1500 0.21
1530 0.20
1560 0.22
1590 0.26
1620 0.17
1650 0.21
1680 0.26
1710 0.21
1740 0.26
1770 0.23
1800 0.30
1830 0.22
1860 0.25
1890 0.23
1920 0.26
1950 0.27
1980 0.27
2010 0.27
2040 0.25
2070 0.24
2100 0.17
2130 0.19
2160 0.17
2190 0.30
2220 0.29
2250 0.14
2280 0.19
2310 0.22
2340 0.26
2370 0.26
2400 0.13
2430 0.21
2460 0.33
2490 0.25
2520 0.28
2550 0.29
2580 0.30
2610 0.25
2640 0.25
2670 0.24
2700 0.28
2730 0.26
2760 0.23
2790 0.26
2820 0.26
2850 0.25
2880 0.28
2910 0.31
2940 0.31
2970 0.27
