0 411.00
1 419.00
2 401.00
3 416.00
4 427.00
5 418.00
6 404.00
7 412.00
8 431.00
9 428.00
10 420.00
11 436.00
12 402.00
13 413.00
14 412.00
15 419.00
16 426.00
17 404.00
18 394.00
19 409.00
20 433.00
21 419.00
22 403.00
23 419.00
24 412.00
25 413.00
26 433.00
27 431.00
28 431.00
29 385.00
30 403.00
31 398.00
32 420.00
33 426.00
34 397.00
35 397.00
36 433.00
37 424.00
38 401.00
39 409.00
40 421.00
41 411.00
42 423.00
43 422.00
44 382.00
45 413.00
46 379.00
47 416.00
48 409.00
49 441.00
50 398.00
51 425.00
52 407.00
53 417.00
54 407.00
55 420.00
56 417.00
57 415.00
58 423.00
59 402.00
60 405.00
61 410.00
62 407.00
63 416.00
64 433.00
65 416.00
66 418.00
67 428.00
68 402.00
69 394.00
70 409.00
71 431.00
72 410.00
73 439.00
74 425.00
75 380.00
76 421.00
77 416.00
78 398.00
79 412.00
80 430.00
81 410.00
82 403.00
83 416.00
84 412.00
85 426.00
86 415.00
87 418.00
88 433.00
89 430.00
90 412.00
91 426.00
92 428.00
93 421.00
94 399.00
95 438.00
96 415.00
97 385.00
98 388.00
99 404.00
100 401.00
101 448.00
102 415.00
103 431.00
104 411.00
105 422.00
106 424.00
107 412.00
108 403.00
109 428.00
110 438.00
111 429.00
112 416.00
113 426.00
114 425.00
115 400.00
116 422.00
117 409.00
118 405.00
119 398.00
120 406.00
121 429.00
122 399.00
123 413.00
124 422.00
125 421.00
126 429.00
127 384.00
128 419.00
129 412.00
130 394.00
131 409.00
132 408.00
133 420.00
134 424.00
135 431.00
136 421.00
137 405.00
138 430.00
139 427.00
140 404.00
141 411.00
142 429.00
143 403.00
144 430.00
145 414.00
146 407.00
147 412.00
148 393.00
149 430.00
150 414.00
151 428.00
152 435.00
153 431.00
154 420.00
155 429.00
156 397.00
157 418.00
158 430.00
159 425.00
160 426.00
161 440.00
162 409.00
163 429.00
164 410.00
165 410.00
166 422.00
167 423.00
168 429.00
169 438.00
170 403.00
171 413.00
172 434.00
173 419.00
174 417.00
175 427.00
176 402.00
177 428.00
178 395.00
179 433.00
180 416.00
181 404.00
182 413.00
183 399.00
184 416.00
185 430.00
186 419.00
187 422.00
188 404.00
189 400.00
190 440.00
191 420.00
192 415.00
193 407.00
194 398.00
195 415.00
196 395.00
197 401.00
198 400.00
199 393.00
200 426.00
201 392.00
202 403.00
203 390.00
204 419.00
205 388.00
206 427.00
207 397.00
208 416.00
209 429.00
210 432.00
211 414.00
212 434.00
213 413.00
214 422.00
215 428.00
216 413.00
217 417.00
218 400.00
219 390.00
220 415.00
221 391.00
222 424.00
223 410.00
224 436.00
225 443.00
226 413.00
227 439.00
228 395.00
229 407.00
230 420.00
231 412.00
232 419.00
233 409.00
234 400.00
235 431.00
236 425.00
237 433.00
238 437.00
239 398.00
240 396.00
241 378.00
242 428.00
243 434.00
244 410.00
245 427.00
246 439.00
247 434.00
248 425.00
249 405.00
250 403.00
251 409.00
252 415.00
253 419.00
254 376.00
255 393.00
256 410.00
257 434.00
258 409.00
259 430.00
260 420.00
261 420.00
262 428.00
263 406.00
264 416.00
265 416.00
266 425.00
267 412.00
268 420.00
269 395.00
270 433.00
271 426.00
272 398.00
273 406.00
274 437.00
275 402.00
276 404.00
277 408.00
278 402.00
279 434.00
280 420.00
281 406.00
282 406.00
283 413.00
284 403.00
285 416.00
286 434.00
287 415.00
288 435.00
289 423.00
290 384.00
291 431.00
292 415.00
293 406.00
294 416.00
295 416.00
296 394.00
297 436.00
298 407.00
299 424.00
300 412.00
301 418.00
302 413.00
303 416.00
304 420.00
305 415.00
306 434.00
307 444.00
308 428.00
309 420.00
310 418.00
311 404.00
312 427.00
313 426.00
314 449.00
315 412.00
316 408.00
317 388.00
318 409.00
319 406.00
320 404.00
321 402.00
322 429.00
323 406.00
324 421.00
325 408.00
326 424.00
327 423.00
328 384.00
329 424.00
330 413.00
331 411.00
332 431.00
333 432.00
334 421.00
335 422.00
336 405.00
337 420.00
338 418.00
339 420.00
340 420.00
341 400.00
342 392.00
343 418.00
344 400.00
345 444.00
346 416.00
347 428.00
348 393.00
349 439.00
350 400.00
351 397.00
352 380.00
353 413.00
354 417.00
355 426.00
356 408.00
357 407.00
358 387.00
359 402.00
360 413.00
361 439.00
362 407.00
363 394.00
364 394.00
365 407.00
366 414.00
367 416.00
368 423.00
369 416.00
370 425.00
371 417.00
372 420.00
373 371.00
374 434.00
375 419.00
376 408.00
377 389.00
378 406.00
379 411.00
380 436.00
381 398.00
382 387.00
383 384.00
384 407.00
385 434.00
386 386.00
387 431.00
388 397.00
389 420.00
390 401.00
391 397.00
392 411.00
393 402.00
394 435.00
395 426.00
396 431.00
397 427.00
398 423.00
399 423.00
400 396.00
401 409.00
402 443.00
403 446.00
404 395.00
405 423.00
406 425.00
407 376.00
408 400.00
409 416.00
410 408.00
411 401.00
412 415.00
413 428.00
414 418.00
415 407.00
416 426.00
417 423.00
418 400.00
419 424.00
420 410.00
421 405.00
422 389.00
423 404.00
424 405.00
425 428.00
426 366.00
427 421.00
428 436.00
429 416.00
430 410.00
431 415.00
432 439.00
433 403.00
434 427.00
435 440.00
436 431.00
437 436.00
438 431.00
439 422.00
440 407.00
441 397.00
442 390.00
443 414.00
444 402.00
445 392.00
446 399.00
447 402.00
448 398.00
449 410.00
450 395.00
451 436.00
452 413.00
453 420.00
454 437.00
455 424.00
456 425.00
457 415.00
458 415.00
459 413.00
460 421.00
461 420.00
462 409.00
463 434.00
464 432.00
465 420.00
466 404.00
467 407.00
468 410.00
469 425.00
470 418.00
471 383.00
472 397.00
473 398.00
474 398.00
475 403.00
476 403.00
477 403.00
478 414.00
479 431.00
480 373.00
481 389.00
482 434.00
483 412.00
484 408.00
485 412.00
486 400.00
487 412.00
488 448.00
489 419.00
490 394.00
491 420.00
492 400.00
493 379.00
494 413.00
495 418.00
496 412.00
497 416.00
498 426.00
499 425.00
500 422.00
501 430.00
502 406.00
503 416.00
504 390.00
505 440.00
506 390.00
507 421.00
508 390.00
509 420.00
510 404.00
511 415.00
512 424.00
513 421.00
514 397.00
515 423.00
516 425.00
517 388.00
518 429.00
519 428.00
520 426.00
521 407.00
522 412.00
523 417.00
524 404.00
525 416.00
526 414.00
527 400.00
528 388.00
529 411.00
530 413.00
531 417.00
532 428.00
533 421.00
534 407.00
535 403.00
536 409.00
537 420.00
538 402.00
539 425.00
540 424.00
541 418.00
542 430.00
543 398.00
544 414.00
545 449.00
546 416.00
547 437.00
548 422.00
549 428.00
550 412.00
551 418.00
552 406.00
553 404.00
554 390.00
555 430.00
556 435.00
557 404.00
558 404.00
559 426.00
560 409.00
561 418.00
562 416.00
563 414.00
564 417.00
565 426.00
566 418.00
567 426.00
568 437.00
569 419.00
570 421.00
571 412.00
572 416.00
573 415.00
574 430.00
575 412.00
576 448.00
577 429.00
578 395.00
579 426.00
580 418.00
581 406.00
582 416.00
583 416.00
584 427.00
585 414.00
586 397.00
587 417.00
588 405.00
589 414.00
590 418.00
591 400.00
592 417.00
593 396.00
594 409.00
595 423.00
596 411.00
597 408.00
598 384.00
599 419.00
600 386.00
601 395.00
602 423.00
603 423.00
604 418.00
605 382.00
606 413.00
607 412.00
608 426.00
609 398.00
610 396.00
611 419.00
612 416.00
613 384.00
614 398.00
615 435.00
616 416.00
617 406.00
618 427.00
619 422.00
620 432.00
621 414.00
622 400.00
623 427.00
624 389.00
625 398.00
626 403.00
627 391.00
628 426.00
629 405.00
630 409.00
631 402.00
632 378.00
633 428.00
634 427.00
635 421.00
636 427.00
637 421.00
638 430.00
639 381.00
640 412.00
641 422.00
642 412.00
643 369.00
644 403.00
645 385.00
646 417.00
647 395.00
648 421.00
649 410.00
650 423.00
651 417.00
652 422.00
653 405.00
654 415.00
655 418.00
656 412.00
657 431.00
658 396.00
659 439.00
660 404.00
661 408.00
662 441.00
663 415.00
664 432.00
665 421.00
666 422.00
667 419.00
668 440.00
669 390.00
670 408.00
671 411.00
672 413.00
673 393.00
674 429.00
675 404.00
676 426.00
677 415.00
678 431.00
679 377.00
680 437.00
681 411.00
682 398.00
683 414.00
684 421.00
685 417.00
686 405.00
687 385.00
688 413.00
689 419.00
690 393.00
691 415.00
692 423.00
693 419.00
694 397.00
695 404.00
696 426.00
697 432.00
698 413.00
699 402.00
700 396.00
701 415.00
702 402.00
703 393.00
704 411.00
705 399.00
706 397.00
707 396.00
708 416.00
709 418.00
710 408.00
711 393.00
712 435.00
713 415.00
714 430.00
715 396.00
716 411.00
717 403.00
718 421.00
719 440.00
720 421.00
721 430.00
722 435.00
723 440.00
724 384.00
725 419.00
726 426.00
727 379.00
728 440.00
729 414.00
730 406.00
731 421.00
732 412.00
733 397.00
734 424.00
735 421.00
736 407.00
737 405.00
738 376.00
739 380.00
740 417.00
741 443.00
742 416.00
743 411.00
744 402.00
745 403.00
746 408.00
747 405.00
748 440.00
749 391.00
750 411.00
751 402.00
752 427.00
753 404.00
754 407.00
755 433.00
756 413.00
757 402.00
758 436.00
759 393.00
760 417.00
761 409.00
762 407.00
763 411.00
764 397.00
765 441.00
766 406.00
767 407.00
768 398.00
769 418.00
770 414.00
771 419.00
772 411.00
773 420.00
774 410.00
775 406.00
776 418.00
777 410.00
778 401.00
779 420.00
780 413.00
781 421.00
782 380.00
783 410.00
784 420.00
785 384.00
786 400.00
787 424.00
788 417.00
789 418.00
790 446.00
791 391.00
792 424.00
793 394.00
794 428.00
795 430.00
796 407.00
797 426.00
798 396.00
799 443.00
800 401.00
801 442.00
802 426.00
803 399.00
804 396.00
805 425.00
806 411.00
807 429.00
808 425.00
809 401.00
810 419.00
811 424.00
812 430.00
813 416.00
814 428.00
815 405.00
816 415.00
817 390.00
818 431.00
819 404.00
820 421.00
821 379.00
822 430.00
823 419.00
824 429.00
825 421.00
826 401.00
827 415.00
828 403.00
829 426.00
830 391.00
831 407.00
832 413.00
833 391.00
834 405.00
835 427.00
836 393.00
837 428.00
838 412.00
839 421.00
840 415.00
841 423.00
842 424.00
843 427.00
844 374.00
845 411.00
846 420.00
847 423.00
848 396.00
849 413.00
850 436.00
851 434.00
852 430.00
853 427.00
854 411.00
855 413.00
856 423.00
857 403.00
858 413.00
859 409.00
860 405.00
861 427.00
862 405.00
863 407.00
864 400.00
865 418.00
866 417.00
867 410.00
868 403.00
869 432.00
870 410.00
871 409.00
872 406.00
873 386.00
874 440.00
875 421.00
876 430.00
877 420.00
878 419.00
879 428.00
880 419.00
881 408.00
882 438.00
883 406.00
884 407.00
885 419.00
886 402.00
887 402.00
888 416.00
889 423.00
890 421.00
891 405.00
892 418.00
893 420.00
894 394.00
895 419.00
896 416.00
897 403.00
898 427.00
899 409.00
900 414.00
901 418.00
902 404.00
903 401.00
904 417.00
905 398.00
906 438.00
907 398.00
908 407.00
909 420.00
910 409.00
911 413.00
912 425.00
913 416.00
914 406.00
915 426.00
916 420.00
917 411.00
918 404.00
919 416.00
920 418.00
921 411.00
922 427.00
923 424.00
924 403.00
925 398.00
926 427.00
927 425.00
928 434.00
929 415.00
930 411.00
931 422.00
932 404.00
933 412.00
934 412.00
935 423.00
936 409.00
937 409.00
938 417.00
939 417.00
940 403.00
941 424.00
942 433.00
943 423.00
944 440.00
945 421.00
946 392.00
947 417.00
948 402.00
949 422.00
950 430.00
951 397.00
952 418.00
953 419.00
954 415.00
955 422.00
956 408.00
957 406.00
958 437.00
959 440.00
960 414.00
961 411.00
962 411.00
963 421.00
964 431.00
965 408.00
966 393.00
967 412.00
968 421.00
969 410.00
970 416.00
971 436.00
972 426.00
973 394.00
974 399.00
975 424.00
976 426.00
977 417.00
978 434.00
979 439.00
980 413.00
981 410.00
982 398.00
983 407.00
984 411.00
985 406.00
986 412.00
987 421.00
988 424.00
989 400.00
990 411.00
991 414.00
992 416.00
993 390.00
994 409.00
995 417.00
996 418.00
997 387.00
998 394.00
999 408.00
1000 383.00
1001 434.00
1002 398.00
1003 407.00
1004 413.00
1005 440.00
1006 426.00
1007 434.00
1008 403.00
1009 396.00
1010 426.00
1011 402.00
1012 413.00
1013 429.00
1014 428.00
1015 429.00
1016 414.00
1017 399.00
1018 431.00
1019 415.00
1020 430.00
1021 416.00
1022 412.00
1023 390.00
1024 404.00
1025 433.00
1026 430.00
1027 418.00
1028 422.00
1029 420.00
1030 406.00
1031 403.00
1032 414.00
1033 408.00
1034 391.00
1035 422.00
1036 411.00
1037 411.00
1038 417.00
1039 428.00
1040 425.00
1041 396.00
1042 415.00
1043 395.00
1044 407.00
1045 411.00
1046 424.00
1047 418.00
1048 436.00
1049 426.00
1050 419.00
1051 395.00
1052 410.00
1053 407.00
1054 423.00
1055 403.00
1056 418.00
1057 418.00
1058 418.00
1059 431.00
1060 400.00
1061 417.00
1062 402.00
1063 382.00
1064 378.00
1065 424.00
1066 395.00
1067 426.00
1068 416.00
1069 430.00
1070 423.00
1071 396.00
1072 392.00
1073 435.00
1074 391.00
1075 404.00
1076 412.00
1077 417.00
1078 431.00
1079 421.00
1080 437.00
1081 405.00
1082 417.00
1083 447.00
1084 395.00
1085 406.00
1086 387.00
1087 425.00
1088 408.00
1089 399.00
1090 410.00
1091 391.00
1092 421.00
1093 437.00
1094 434.00
1095 410.00
1096 419.00
1097 406.00
1098 405.00
1099 431.00
1100 429.00
1101 398.00
1102 407.00
1103 432.00
1104 385.00
1105 425.00
1106 401.00
1107 399.00
1108 425.00
1109 406.00
1110 420.00
1111 396.00
1112 408.00
1113 398.00
1114 417.00
1115 436.00
1116 430.00
1117 418.00
1118 426.00
1119 389.00
1120 409.00
1121 414.00
1122 430.00
1123 410.00
1124 365.00
1125 414.00
1126 426.00
1127 416.00
1128 414.00
1129 421.00
1130 418.00
1131 425.00
1132 402.00
1133 417.00
1134 440.00
1135 403.00
1136 407.00
1137 402.00
1138 414.00
1139 412.00
1140 430.00
1141 426.00
1142 396.00
1143 391.00
1144 401.00
1145 423.00
1146 429.00
1147 412.00
1148 435.00
1149 427.00
1150 396.00
1151 404.00
1152 403.00
1153 429.00
1154 371.00
1155 408.00
1156 432.00
1157 426.00
1158 418.00
1159 417.00
1160 390.00
1161 426.00
1162 401.00
1163 407.00
1164 415.00
1165 401.00
1166 425.00
1167 417.00
1168 422.00
1169 416.00
1170 420.00
1171 403.00
1172 430.00
1173 422.00
1174 398.00
1175 414.00
1176 416.00
1177 410.00
1178 404.00
1179 425.00
1180 403.00
1181 412.00
1182 411.00
1183 411.00
1184 394.00
1185 414.00
1186 406.00
1187 425.00
1188 427.00
1189 398.00
1190 421.00
1191 404.00
1192 401.00
1193 419.00
1194 429.00
1195 437.00
1196 428.00
1197 383.00
1198 426.00
1199 427.00
1200 436.00
1201 388.00
1202 411.00
1203 425.00
1204 413.00
1205 420.00
1206 415.00
1207 383.00
1208 417.00
1209 416.00
1210 406.00
1211 428.00
1212 414.00
1213 423.00
1214 439.00
1215 386.00
1216 433.00
1217 412.00
1218 418.00
1219 415.00
1220 423.00
1221 419.00
1222 397.00
1223 411.00
1224 396.00
1225 408.00
1226 416.00
1227 412.00
1228 436.00
1229 403.00
1230 404.00
1231 402.00
1232 396.00
1233 390.00
1234 408.00
1235 410.00
1236 417.00
1237 402.00
1238 401.00
1239 394.00
1240 424.00
1241 426.00
1242 417.00
1243 419.00
1244 395.00
1245 425.00
1246 411.00
1247 428.00
1248 438.00
1249 396.00
1250 430.00
1251 412.00
1252 437.00
1253 403.00
1254 405.00
1255 421.00
1256 416.00
1257 414.00
1258 416.00
1259 414.00
1260 421.00
1261 429.00
1262 423.00
1263 401.00
1264 423.00
1265 436.00
1266 427.00
1267 404.00
1268 402.00
1269 413.00
1270 409.00
1271 410.00
1272 395.00
1273 421.00
1274 403.00
1275 410.00
1276 402.00
1277 408.00
1278 431.00
1279 439.00
1280 407.00
1281 431.00
1282 379.00
1283 430.00
1284 402.00
1285 433.00
1286 415.00
1287 432.00
1288 407.00
1289 403.00
1290 429.00
1291 405.00
1292 415.00
1293 434.00
1294 433.00
1295 405.00
1296 399.00
1297 432.00
1298 402.00
1299 417.00
1300 423.00
1301 370.00
1302 418.00
1303 421.00
1304 400.00
1305 420.00
1306 403.00
1307 411.00
1308 420.00
1309 413.00
1310 433.00
1311 406.00
1312 434.00
1313 419.00
1314 432.00
1315 417.00
1316 392.00
1317 403.00
1318 428.00
1319 427.00
1320 430.00
1321 414.00
1322 427.00
1323 435.00
1324 421.00
1325 368.00
1326 401.00
1327 400.00
1328 426.00
1329 406.00
1330 436.00
1331 414.00
1332 424.00
1333 405.00
1334 393.00
1335 425.00
1336 419.00
1337 428.00
1338 389.00
1339 421.00
1340 430.00
1341 418.00
1342 405.00
1343 401.00
1344 439.00
1345 422.00
1346 407.00
1347 417.00
1348 424.00
1349 405.00
1350 435.00
1351 399.00
1352 392.00
1353 408.00
1354 405.00
1355 441.00
1356 417.00
1357 416.00
1358 426.00
1359 389.00
1360 417.00
1361 401.00
1362 421.00
1363 398.00
1364 426.00
1365 421.00
1366 411.00
1367 420.00
1368 436.00
1369 437.00
1370 399.00
1371 422.00
1372 416.00
1373 409.00
1374 419.00
1375 404.00
1376 397.00
1377 422.00
1378 383.00
1379 437.00
1380 405.00
1381 422.00
1382 401.00
1383 425.00
1384 404.00
1385 416.00
1386 421.00
1387 424.00
1388 417.00
1389 425.00
1390 419.00
1391 396.00
1392 407.00
1393 436.00
1394 399.00
1395 426.00
1396 389.00
1397 406.00
1398 431.00
1399 416.00
1400 412.00
1401 435.00
1402 418.00
1403 416.00
1404 414.00
1405 391.00
1406 426.00
1407 415.00
1408 395.00
1409 435.00
1410 423.00
1411 424.00
1412 409.00
1413 396.00
1414 389.00
1415 395.00
1416 420.00
1417 392.00
1418 401.00
1419 392.00
1420 397.00
1421 400.00
1422 425.00
1423 397.00
1424 423.00
1425 418.00
1426 405.00
1427 407.00
1428 433.00
1429 403.00
1430 420.00
1431 416.00
1432 427.00
1433 416.00
1434 403.00
1435 408.00
1436 403.00
1437 416.00
1438 425.00
1439 389.00
1440 418.00
1441 425.00
1442 402.00
1443 411.00
1444 421.00
1445 423.00
1446 409.00
1447 409.00
1448 416.00
1449 406.00
1450 439.00
1451 401.00
1452 419.00
1453 407.00
1454 412.00
1455 403.00
1456 412.00
1457 408.00
1458 425.00
1459 400.00
1460 413.00
1461 433.00
1462 417.00
1463 419.00
1464 413.00
1465 402.00
1466 416.00
1467 411.00
1468 397.00
1469 432.00
1470 412.00
1471 411.00
1472 419.00
1473 395.00
1474 425.00
1475 439.00
1476 439.00
1477 408.00
1478 427.00
1479 414.00
1480 405.00
1481 436.00
1482 410.00
1483 436.00
1484 427.00
1485 400.00
1486 395.00
1487 429.00
1488 431.00
1489 412.00
1490 414.00
1491 410.00
1492 437.00
1493 428.00
1494 403.00
1495 400.00
1496 412.00
1497 417.00
1498 427.00
1499 418.00
1500 436.00
1501 417.00
1502 412.00
1503 439.00
1504 415.00
1505 417.00
1506 417.00
1507 436.00
1508 357.00
1509 404.00
1510 430.00
1511 406.00
1512 416.00
1513 397.00
1514 425.00
1515 429.00
1516 417.00
1517 391.00
1518 421.00
1519 413.00
1520 424.00
1521 429.00
1522 402.00
1523 416.00
1524 429.00
1525 416.00
1526 410.00
1527 408.00
1528 390.00
1529 412.00
1530 426.00
1531 408.00
1532 401.00
1533 440.00
1534 414.00
1535 401.00
1536 402.00
1537 388.00
1538 434.00
1539 413.00
1540 429.00
1541 420.00
1542 428.00
1543 419.00
1544 406.00
1545 405.00
1546 402.00
1547 417.00
1548 407.00
1549 416.00
1550 421.00
1551 402.00
1552 404.00
1553 424.00
1554 395.00
1555 391.00
1556 410.00
1557 411.00
1558 418.00
1559 425.00
1560 412.00
1561 408.00
1562 417.00
1563 409.00
1564 401.00
1565 427.00
1566 414.00
1567 430.00
1568 415.00
1569 416.00
1570 434.00
1571 374.00
1572 418.00
1573 427.00
1574 418.00
1575 427.00
1576 428.00
1577 430.00
1578 416.00
1579 436.00
1580 412.00
1581 419.00
1582 423.00
1583 424.00
1584 421.00
1585 396.00
1586 442.00
1587 414.00
1588 408.00
1589 396.00
1590 405.00
1591 401.00
1592 428.00
1593 406.00
1594 419.00
1595 432.00
1596 406.00
1597 410.00
1598 432.00
1599 427.00
1600 412.00
1601 397.00
1602 418.00
1603 410.00
1604 409.00
1605 406.00
1606 437.00
1607 414.00
1608 406.00
1609 423.00
1610 403.00
1611 406.00
1612 405.00
1613 420.00
1614 440.00
1615 422.00
1616 402.00
1617 413.00
1618 404.00
1619 402.00
1620 416.00
1621 430.00
1622 423.00
1623 406.00
1624 430.00
1625 392.00
1626 398.00
1627 381.00
1628 412.00
1629 428.00
1630 425.00
1631 406.00
1632 446.00
1633 433.00
1634 398.00
1635 416.00
1636 411.00
1637 426.00
1638 431.00
1639 401.00
1640 410.00
1641 417.00
1642 405.00
1643 413.00
1644 417.00
1645 421.00
1646 420.00
1647 404.00
1648 435.00
1649 425.00
1650 416.00
1651 404.00
1652 445.00
1653 412.00
1654 421.00
1655 418.00
1656 420.00
1657 421.00
1658 415.00
1659 415.00
1660 407.00
1661 427.00
1662 425.00
1663 413.00
1664 428.00
1665 389.00
1666 414.00
1667 393.00
1668 425.00
1669 437.00
1670 421.00
1671 401.00
1672 405.00
1673 400.00
1674 413.00
1675 416.00
1676 400.00
1677 415.00
1678 409.00
1679 416.00
1680 411.00
1681 431.00
1682 426.00
1683 431.00
1684 419.00
1685 396.00
1686 404.00
1687 416.00
1688 390.00
1689 438.00
1690 407.00
1691 402.00
1692 426.00
1693 422.00
1694 400.00
1695 427.00
1696 406.00
1697 434.00
1698 401.00
1699 406.00
1700 430.00
1701 428.00
1702 424.00
1703 417.00
1704 410.00
1705 448.00
1706 437.00
1707 405.00
1708 419.00
1709 429.00
1710 410.00
1711 407.00
1712 438.00
1713 413.00
1714 408.00
1715 417.00
1716 416.00
1717 408.00
1718 436.00
1719 408.00
1720 414.00
1721 392.00
1722 419.00
1723 420.00
1724 411.00
1725 421.00
1726 424.00
1727 433.00
1728 426.00
1729 443.00
1730 411.00
1731 413.00
1732 435.00
1733 433.00
1734 393.00
1735 409.00
1736 432.00
1737 408.00
1738 402.00
1739 422.00
1740 415.00
1741 416.00
1742 414.00
1743 413.00
1744 424.00
1745 439.00
1746 403.00
1747 420.00
1748 414.00
1749 430.00
1750 393.00
1751 411.00
1752 408.00
1753 410.00
1754 410.00
1755 405.00
1756 421.00
1757 408.00
1758 427.00
1759 424.00
1760 410.00
1761 408.00
1762 426.00
1763 424.00
1764 415.00
1765 394.00
1766 401.00
1767 416.00
1768 427.00
1769 402.00
1770 411.00
1771 416.00
1772 412.00
1773 395.00
1774 424.00
1775 424.00
1776 386.00
1777 406.00
1778 400.00
1779 424.00
1780 410.00
1781 415.00
1782 401.00
1783 418.00
1784 408.00
1785 387.00
1786 413.00
1787 402.00
1788 438.00
1789 427.00
1790 421.00
1791 405.00
1792 425.00
1793 405.00
1794 412.00
1795 411.00
1796 407.00
1797 404.00
1798 437.00
1799 426.00
1800 414.00
1801 396.00
1802 408.00
1803 416.00
1804 423.00
1805 396.00
1806 383.00
1807 412.00
1808 407.00
1809 416.00
1810 409.00
1811 399.00
1812 427.00
1813 442.00
1814 405.00
1815 409.00
1816 421.00
1817 383.00
1818 428.00
1819 383.00
1820 423.00
1821 427.00
1822 421.00
1823 404.00
1824 428.00
1825 390.00
1826 417.00
1827 428.00
1828 413.00
1829 399.00
1830 425.00
1831 435.00
1832 427.00
1833 424.00
1834 422.00
1835 423.00
1836 411.00
1837 381.00
1838 424.00
1839 430.00
1840 434.00
1841 403.00
1842 385.00
1843 411.00
1844 423.00
1845 371.00
1846 417.00
1847 415.00
1848 411.00
1849 430.00
1850 423.00
1851 420.00
1852 417.00
1853 426.00
1854 409.00
1855 408.00
1856 425.00
1857 398.00
1858 415.00
1859 422.00
1860 410.00
1861 417.00
1862 399.00
1863 428.00
1864 411.00
1865 441.00
1866 415.00
1867 433.00
1868 426.00
1869 413.00
1870 388.00
1871 417.00
1872 417.00
1873 411.00
1874 413.00
1875 413.00
1876 427.00
1877 425.00
1878 403.00
1879 413.00
1880 413.00
1881 402.00
1882 432.00
1883 403.00
1884 410.00
1885 372.00
1886 408.00
1887 405.00
1888 420.00
1889 421.00
1890 402.00
1891 421.00
1892 430.00
1893 429.00
1894 417.00
1895 417.00
1896 414.00
1897 436.00
1898 422.00
1899 387.00
1900 402.00
1901 407.00
1902 425.00
1903 424.00
1904 416.00
1905 421.00
1906 419.00
1907 409.00
1908 402.00
1909 415.00
1910 376.00
1911 400.00
1912 418.00
1913 395.00
1914 426.00
1915 419.00
1916 408.00
1917 405.00
1918 401.00
1919 399.00
1920 407.00
1921 425.00
1922 382.00
1923 392.00
1924 412.00
1925 417.00
1926 407.00
1927 417.00
1928 405.00
1929 417.00
1930 427.00
1931 425.00
1932 398.00
1933 392.00
1934 406.00
1935 412.00
1936 427.00
1937 407.00
1938 420.00
1939 408.00
1940 436.00
1941 409.00
1942 425.00
1943 398.00
1944 427.00
1945 404.00
1946 402.00
1947 421.00
1948 434.00
1949 424.00
1950 409.00
1951 449.00
1952 398.00
1953 424.00
1954 427.00
1955 395.00
1956 422.00
1957 406.00
1958 406.00
1959 412.00
1960 428.00
1961 393.00
1962 414.00
1963 407.00
1964 399.00
1965 408.00
1966 421.00
1967 416.00
1968 431.00
1969 426.00
1970 427.00
1971 407.00
1972 419.00
1973 435.00
1974 421.00
1975 397.00
1976 408.00
1977 391.00
1978 401.00
1979 421.00
1980 378.00
1981 416.00
1982 399.00
1983 405.00
1984 415.00
1985 420.00
1986 410.00
1987 418.00
1988 416.00
1989 410.00
1990 387.00
1991 391.00
1992 427.00
1993 428.00
1994 416.00
1995 437.00
1996 429.00
1997 423.00
1998 402.00
1999 421.00
2000 421.00
2001 413.00
2002 413.00
2003 429.00
2004 412.00
2005 415.00
2006 411.00
2007 423.00
2008 394.00
2009 405.00
2010 412.00
2011 420.00
2012 415.00
2013 391.00
2014 411.00
2015 399.00
2016 424.00
2017 409.00
2018 383.00
2019 443.00
2020 415.00
2021 412.00
2022 412.00
2023 405.00
2024 428.00
2025 425.00
2026 417.00
2027 423.00
2028 404.00
2029 417.00
2030 404.00
2031 441.00
2032 415.00
2033 422.00
2034 421.00
2035 396.00
2036 419.00
2037 425.00
2038 405.00
2039 401.00
2040 371.00
2041 444.00
2042 397.00
2043 401.00
2044 403.00
2045 411.00
2046 413.00
2047 441.00
2048 411.00
2049 419.00
2050 423.00
2051 418.00
2052 424.00
2053 416.00
2054 423.00
2055 409.00
2056 414.00
2057 408.00
2058 413.00
2059 418.00
2060 406.00
2061 416.00
2062 409.00
2063 421.00
2064 418.00
2065 425.00
2066 420.00
2067 402.00
2068 417.00
2069 423.00
2070 379.00
2071 413.00
2072 396.00
2073 421.00
2074 412.00
2075 399.00
2076 394.00
2077 413.00
2078 414.00
2079 406.00
2080 406.00
2081 425.00
2082 411.00
2083 419.00
2084 423.00
2085 431.00
2086 441.00
2087 405.00
2088 400.00
2089 417.00
2090 419.00
2091 420.00
2092 406.00
2093 429.00
2094 434.00
2095 419.00
2096 404.00
2097 424.00
2098 420.00
2099 428.00
2100 416.00
2101 428.00
2102 393.00
2103 401.00
2104 416.00
2105 413.00
2106 428.00
2107 426.00
2108 432.00
2109 406.00
2110 384.00
2111 429.00
2112 409.00
2113 415.00
2114 413.00
2115 425.00
2116 428.00
2117 424.00
2118 399.00
2119 391.00
2120 421.00
2121 390.00
2122 421.00
2123 411.00
2124 395.00
2125 426.00
2126 411.00
2127 425.00
2128 392.00
2129 406.00
2130 414.00
2131 408.00
2132 438.00
2133 422.00
2134 408.00
2135 410.00
2136 420.00
2137 407.00
2138 436.00
2139 413.00
2140 421.00
2141 435.00
2142 404.00
2143 424.00
2144 422.00
2145 415.00
2146 403.00
2147 416.00
2148 414.00
2149 413.00
2150 421.00
2151 419.00
2152 421.00
2153 379.00
2154 396.00
2155 431.00
2156 437.00
2157 431.00
2158 428.00
2159 393.00
2160 416.00
2161 400.00
2162 401.00
2163 420.00
2164 419.00
2165 401.00
2166 394.00
2167 403.00
2168 420.00
2169 426.00
2170 412.00
2171 417.00
2172 410.00
2173 416.00
2174 396.00
2175 417.00
2176 412.00
2177 408.00
2178 430.00
2179 391.00
2180 424.00
2181 417.00
2182 433.00
2183 431.00
2184 410.00
2185 414.00
2186 381.00
2187 422.00
2188 419.00
2189 413.00
2190 419.00
2191 406.00
2192 420.00
2193 398.00
2194 430.00
2195 416.00
2196 422.00
2197 411.00
2198 415.00
2199 428.00
2200 388.00
2201 428.00
2202 429.00
2203 389.00
2204 433.00
2205 405.00
2206 406.00
2207 428.00
2208 388.00
2209 424.00
2210 406.00
2211 425.00
2212 412.00
2213 401.00
2214 392.00
2215 432.00
2216 416.00
2217 430.00
2218 408.00
2219 399.00
2220 411.00
2221 409.00
2222 414.00
2223 421.00
2224 419.00
2225 382.00
2226 418.00
2227 415.00
2228 399.00
2229 415.00
2230 410.00
2231 425.00
2232 402.00
2233 414.00
2234 429.00
2235 429.00
2236 436.00
2237 412.00
2238 419.00
2239 438.00
2240 394.00
2241 403.00
2242 410.00
2243 417.00
2244 428.00
2245 421.00
2246 430.00
2247 417.00
2248 425.00
2249 432.00
2250 417.00
2251 408.00
2252 428.00
2253 433.00
2254 422.00
2255 394.00
2256 405.00
2257 404.00
2258 417.00
2259 404.00
2260 408.00
2261 405.00
2262 401.00
2263 411.00
2264 421.00
2265 415.00
2266 423.00
2267 409.00
2268 400.00
2269 421.00
2270 414.00
2271 417.00
2272 439.00
2273 411.00
2274 418.00
2275 427.00
2276 426.00
2277 389.00
2278 423.00
2279 441.00
2280 405.00
2281 430.00
2282 425.00
2283 413.00
2284 409.00
2285 407.00
2286 425.00
2287 405.00
2288 415.00
2289 408.00
2290 393.00
2291 415.00
2292 399.00
2293 415.00
2294 427.00
2295 416.00
2296 423.00
2297 402.00
2298 416.00
2299 409.00
2300 405.00
2301 424.00
2302 412.00
2303 417.00
2304 408.00
2305 417.00
2306 414.00
2307 408.00
2308 419.00
2309 397.00
2310 427.00
2311 423.00
2312 418.00
2313 408.00
2314 429.00
2315 405.00
2316 426.00
2317 401.00
2318 397.00
2319 422.00
2320 428.00
2321 440.00
2322 401.00
2323 409.00
2324 414.00
2325 423.00
2326 420.00
2327 424.00
2328 393.00
2329 410.00
2330 426.00
2331 440.00
2332 406.00
2333 439.00
2334 414.00
2335 437.00
2336 427.00
2337 432.00
2338 426.00
2339 427.00
2340 440.00
2341 396.00
2342 446.00
2343 429.00
2344 402.00
2345 413.00
2346 414.00
2347 409.00
2348 413.00
2349 412.00
2350 413.00
2351 394.00
2352 415.00
2353 435.00
2354 407.00
2355 405.00
2356 402.00
2357 412.00
2358 427.00
2359 420.00
2360 413.00
2361 418.00
2362 417.00
2363 405.00
2364 390.00
2365 406.00
2366 389.00
2367 405.00
2368 407.00
2369 418.00
2370 430.00
2371 400.00
2372 442.00
2373 398.00
2374 410.00
2375 427.00
2376 413.00
2377 412.00
2378 386.00
2379 400.00
2380 422.00
2381 426.00
2382 391.00
2383 396.00
2384 442.00
2385 427.00
2386 416.00
2387 405.00
2388 440.00
2389 408.00
2390 413.00
2391 417.00
2392 395.00
2393 426.00
2394 389.00
2395 398.00
2396 427.00
2397 425.00
2398 398.00
2399 414.00
2400 399.00
2401 400.00
2402 438.00
2403 433.00
2404 415.00
2405 414.00
2406 418.00
2407 437.00
2408 421.00
2409 418.00
2410 385.00
2411 429.00
2412 421.00
2413 413.00
2414 419.00
2415 424.00
2416 409.00
2417 426.00
2418 399.00
2419 412.00
2420 432.00
2421 433.00
2422 393.00
2423 413.00
2424 414.00
2425 435.00
2426 402.00
2427 431.00
2428 415.00
2429 403.00
2430 433.00
2431 417.00
2432 424.00
2433 417.00
2434 427.00
2435 417.00
2436 416.00
2437 430.00
2438 432.00
2439 432.00
2440 418.00
2441 402.00
2442 407.00
2443 408.00
2444 399.00
2445 421.00
2446 427.00
2447 402.00
2448 402.00
2449 407.00
2450 426.00
2451 395.00
2452 417.00
2453 382.00
2454 406.00
2455 414.00
2456 412.00
2457 396.00
2458 405.00
2459 416.00
2460 415.00
2461 416.00
2462 428.00
2463 430.00
2464 416.00
2465 422.00
2466 430.00
2467 426.00
2468 424.00
2469 414.00
2470 418.00
2471 415.00
2472 426.00
2473 392.00
2474 395.00
2475 410.00
2476 419.00
2477 412.00
2478 424.00
2479 435.00
2480 414.00
2481 433.00
2482 412.00
2483 415.00
2484 385.00
2485 414.00
2486 398.00
2487 402.00
2488 410.00
2489 422.00
2490 406.00
2491 453.00
2492 370.00
2493 425.00
2494 397.00
2495 429.00
2496 420.00
2497 391.00
2498 436.00
2499 423.00
2500 429.00
2501 421.00
2502 430.00
2503 425.00
2504 406.00
2505 423.00
2506 411.00
2507 403.00
2508 373.00
2509 407.00
2510 429.00
2511 393.00
2512 399.00
2513 404.00
2514 426.00
2515 407.00
2516 432.00
2517 424.00
2518 433.00
2519 385.00
2520 380.00
2521 415.00
2522 404.00
2523 413.00
2524 432.00
2525 421.00
2526 422.00
2527 400.00
2528 395.00
2529 417.00
2530 420.00
2531 399.00
2532 433.00
2533 406.00
2534 400.00
2535 426.00
2536 404.00
2537 429.00
2538 408.00
2539 421.00
2540 435.00
2541 417.00
2542 394.00
2543 429.00
2544 415.00
2545 419.00
2546 417.00
2547 400.00
2548 425.00
2549 409.00
2550 416.00
2551 399.00
2552 407.00
2553 432.00
2554 410.00
2555 414.00
2556 389.00
2557 433.00
2558 425.00
2559 429.00
2560 402.00
2561 423.00
2562 420.00
2563 389.00
2564 408.00
2565 412.00
2566 408.00
2567 419.00
2568 402.00
2569 442.00
2570 421.00
2571 403.00
2572 386.00
2573 403.00
2574 405.00
2575 387.00
2576 402.00
2577 422.00
2578 408.00
2579 409.00
2580 406.00
2581 422.00
2582 425.00
2583 406.00
2584 414.00
2585 422.00
2586 421.00
2587 398.00
2588 426.00
2589 423.00
2590 399.00
2591 408.00
2592 414.00
2593 427.00
2594 404.00
2595 390.00
2596 409.00
2597 431.00
2598 407.00
2599 412.00
2600 426.00
2601 404.00
2602 419.00
2603 426.00
2604 431.00
2605 420.00
2606 401.00
2607 422.00
2608 433.00
2609 404.00
2610 414.00
2611 390.00
2612 400.00
2613 410.00
2614 429.00
2615 397.00
2616 414.00
2617 413.00
2618 390.00
2619 427.00
2620 431.00
2621 416.00
2622 401.00
2623 404.00
2624 415.00
2625 417.00
2626 423.00
2627 401.00
2628 440.00
2629 420.00
2630 404.00
2631 403.00
2632 393.00
2633 386.00
2634 419.00
2635 426.00
2636 419.00
2637 391.00
2638 407.00
2639 406.00
2640 404.00
2641 424.00
2642 426.00
2643 397.00
2644 401.00
2645 420.00
2646 418.00
2647 418.00
2648 431.00
2649 431.00
2650 418.00
2651 411.00
2652 405.00
2653 424.00
2654 408.00
2655 403.00
2656 404.00
2657 397.00
2658 436.00
2659 408.00
2660 427.00
2661 395.00
2662 436.00
2663 422.00
2664 421.00
2665 389.00
2666 389.00
2667 425.00
2668 397.00
2669 423.00
2670 400.00
2671 421.00
2672 380.00
2673 431.00
2674 421.00
2675 406.00
2676 405.00
2677 395.00
2678 426.00
2679 411.00
2680 424.00
2681 434.00
2682 420.00
2683 441.00
2684 393.00
2685 407.00
2686 395.00
2687 433.00
2688 414.00
2689 407.00
2690 412.00
2691 413.00
2692 415.00
2693 425.00
2694 400.00
2695 405.00
2696 419.00
2697 405.00
2698 414.00
2699 409.00
2700 420.00
2701 412.00
2702 420.00
2703 396.00
2704 414.00
2705 405.00
2706 395.00
2707 431.00
2708 403.00
2709 415.00
2710 406.00
2711 428.00
2712 407.00
2713 410.00
2714 427.00
2715 428.00
2716 411.00
2717 415.00
2718 429.00
2719 402.00
2720 437.00
2721 429.00
2722 419.00
2723 407.00
2724 439.00
2725 408.00
2726 411.00
2727 400.00
2728 430.00
2729 425.00
2730 395.00
2731 440.00
2732 395.00
2733 409.00
2734 430.00
2735 409.00
2736 425.00
2737 407.00
2738 400.00
2739 444.00
2740 381.00
2741 431.00
2742 436.00
2743 414.00
2744 409.00
2745 412.00
2746 403.00
2747 420.00
2748 408.00
2749 438.00
2750 413.00
2751 407.00
2752 414.00
2753 410.00
2754 440.00
2755 416.00
2756 417.00
2757 412.00
2758 417.00
2759 428.00
2760 415.00
2761 371.00
2762 402.00
2763 387.00
2764 390.00
2765 378.00
2766 418.00
2767 421.00
2768 414.00
2769 411.00
2770 426.00
2771 431.00
2772 414.00
2773 428.00
2774 420.00
2775 388.00
2776 430.00
2777 413.00
2778 437.00
2779 431.00
2780 420.00
2781 403.00
2782 430.00
2783 410.00
2784 423.00
2785 413.00
2786 419.00
2787 403.00
2788 386.00
2789 432.00
2790 411.00
2791 425.00
2792 431.00
2793 388.00
2794 421.00
2795 416.00
2796 437.00
2797 415.00
2798 442.00
2799 442.00
2800 430.00
2801 421.00
2802 415.00
2803 421.00
2804 408.00
2805 423.00
2806 409.00
2807 418.00
2808 405.00
2809 413.00
2810 415.00
2811 392.00
2812 412.00
2813 387.00
2814 388.00
2815 441.00
2816 422.00
2817 435.00
2818 414.00
2819 427.00
2820 401.00
2821 415.00
2822 391.00
2823 400.00
2824 426.00
2825 391.00
2826 433.00
2827 428.00
2828 405.00
2829 379.00
2830 409.00
2831 424.00
2832 398.00
2833 402.00
2834 401.00
2835 424.00
2836 397.00
2837 426.00
2838 429.00
2839 431.00
2840 438.00
2841 423.00
2842 428.00
2843 405.00
2844 421.00
2845 404.00
2846 401.00
2847 420.00
2848 411.00
2849 410.00
2850 387.00
2851 425.00
2852 382.00
2853 384.00
2854 407.00
2855 438.00
2856 425.00
2857 412.00
2858 412.00
2859 408.00
2860 421.00
2861 427.00
2862 432.00
2863 424.00
2864 427.00
2865 431.00
2866 431.00
2867 411.00
2868 409.00
2869 431.00
2870 401.00
2871 424.00
2872 413.00
2873 430.00
2874 394.00
2875 411.00
2876 423.00
2877 390.00
2878 418.00
2879 416.00
2880 378.00
2881 398.00
2882 393.00
2883 439.00
2884 410.00
2885 408.00
2886 391.00
2887 434.00
2888 420.00
2889 426.00
2890 406.00
2891 405.00
2892 393.00
2893 401.00
2894 409.00
2895 387.00
2896 412.00
2897 390.00
2898 407.00
2899 406.00
2900 401.00
2901 388.00
2902 427.00
2903 414.00
2904 395.00
2905 419.00
2906 424.00
2907 396.00
2908 424.00
2909 410.00
2910 416.00
2911 425.00
2912 417.00
2913 411.00
2914 417.00
2915 406.00
2916 420.00
2917 420.00
2918 390.00
2919 412.00
2920 422.00
2921 409.00
2922 421.00
2923 423.00
2924 416.00
2925 396.00
2926 432.00
2927 428.00
2928 383.00
2929 429.00
2930 429.00
2931 418.00
2932 422.00
2933 419.00
2934 434.00
2935 413.00
2936 413.00
2937 429.00
2938 410.00
2939 423.00
2940 421.00
2941 411.00
2942 429.00
2943 411.00
2944 404.00
2945 429.00
2946 414.00
2947 438.00
2948 429.00
2949 418.00
2950 406.00
2951 420.00
2952 414.00
2953 397.00
2954 416.00
2955 423.00
2956 424.00
2957 408.00
2958 424.00
2959 389.00
2960 409.00
2961 407.00
2962 423.00
2963 404.00
2964 403.00
2965 411.00
2966 414.00
2967 422.00
2968 407.00
2969 422.00
2970 408.00
2971 427.00
2972 405.00
2973 438.00
2974 416.00
2975 406.00
2976 416.00
2977 420.00
2978 405.00
2979 429.00
2980 430.00
2981 427.00
2982 425.00
2983 407.00
2984 410.00
2985 415.00
2986 397.00
2987 428.00
2988 420.00
2989 410.00
2990 411.00
2991 428.00
2992 403.00
2993 400.00
2994 435.00
2995 409.00
2996 430.00
2997 391.00
2998 409.00
2999 377.00
