0 460.00
1 460.00
2 340.00
3 240.00
4 220.00
5 240.00
6 480.00
7 500.00
8 240.00
9 240.00
10 240.00
11 240.00
12 220.00
13 220.00
14 240.00
15 200.00
16 240.00
17 240.00
18 480.00
19 240.00
20 240.00
21 240.00
22 500.00
23 280.00
24 240.00
25 220.00
26 220.00
27 240.00
28 240.00
29 480.00
30 240.00
31 220.00
32 240.00
33 480.00
34 240.00
35 220.00
36 240.00
37 460.00
38 480.00
39 240.00
40 340.00
41 480.00
42 240.00
43 240.00
44 240.00
45 240.00
46 240.00
47 320.00
48 240.00
49 500.00
50 240.00
51 220.00
52 220.00
53 500.00
54 480.00
55 240.00
56 480.00
57 300.00
58 220.00
59 480.00
60 220.00
61 220.00
62 480.00
63 480.00
64 240.00
65 240.00
66 240.00
67 240.00
68 240.00
69 340.00
70 300.00
71 240.00
72 240.00
73 280.00
74 240.00
75 400.00
76 220.00
77 240.00
78 240.00
79 240.00
80 240.00
81 220.00
82 240.00
83 500.00
84 260.00
85 500.00
86 280.00
87 460.00
88 240.00
89 240.00
90 500.00
91 240.00
92 500.00
93 480.00
94 340.00
95 260.00
96 240.00
97 500.00
98 500.00
99 240.00
100 300.00
101 240.00
102 220.00
103 260.00
104 280.00
105 220.00
106 280.00
107 240.00
108 240.00
109 220.00
110 240.00
111 240.00
112 240.00
113 240.00
114 340.00
115 240.00
116 240.00
117 240.00
118 280.00
119 500.00
120 220.00
121 220.00
122 220.00
123 240.00
124 300.00
125 340.00
126 240.00
127 500.00
128 240.00
129 260.00
130 460.00
131 220.00
132 220.00
133 220.00
134 220.00
135 300.00
136 240.00
137 300.00
138 500.00
139 240.00
140 240.00
141 200.00
142 480.00
143 240.00
144 220.00
145 240.00
146 220.00
147 260.00
148 320.00
149 480.00
150 480.00
151 500.00
152 240.00
153 240.00
154 480.00
155 220.00
156 240.00
157 220.00
158 500.00
159 500.00
160 240.00
161 220.00
162 220.00
163 220.00
164 240.00
165 240.00
166 240.00
167 500.00
168 240.00
169 220.00
170 240.00
171 200.00
172 240.00
173 240.00
174 340.00
175 240.00
176 220.00
177 240.00
178 480.00
179 240.00
180 240.00
181 240.00
182 480.00
183 220.00
184 240.00
185 240.00
186 240.00
187 220.00
188 240.00
189 380.00
190 240.00
191 260.00
192 340.00
193 480.00
194 240.00
195 240.00
196 500.00
197 240.00
198 240.00
199 320.00
200 240.00
201 460.00
202 240.00
203 240.00
204 220.00
205 240.00
206 400.00
207 500.00
208 240.00
209 500.00
210 460.00
211 360.00
212 500.00
213 480.00
214 380.00
215 420.00
216 220.00
217 220.00
218 460.00
219 240.00
220 240.00
221 240.00
222 340.00
223 220.00
224 360.00
225 440.00
226 400.00
227 360.00
228 400.00
229 500.00
230 440.00
231 500.00
232 240.00
233 380.00
234 220.00
235 460.00
236 340.00
237 240.00
238 420.00
239 200.00
240 200.00
241 380.00
242 240.00
243 240.00
244 460.00
245 220.00
246 220.00
247 480.00
248 500.00
249 200.00
250 500.00
251 240.00
252 240.00
253 460.00
254 240.00
255 260.00
256 220.00
257 500.00
258 320.00
259 440.00
260 380.00
261 320.00
262 420.00
263 480.00
264 200.00
265 420.00
266 460.00
267 440.00
268 220.00
269 500.00
270 220.00
271 240.00
272 200.00
273 380.00
274 220.00
275 220.00
276 240.00
277 220.00
278 180.00
279 280.00
280 400.00
281 200.00
282 300.00
283 500.00
284 240.00
285 460.00
286 420.00
287 440.00
288 400.00
289 240.00
290 240.00
291 220.00
292 460.00
293 440.00
294 460.00
295 460.00
296 220.00
297 260.00
298 480.00
299 300.00
300 220.00
301 240.00
302 460.00
303 460.00
304 420.00
305 500.00
306 460.00
307 220.00
308 480.00
309 400.00
310 220.00
311 500.00
312 480.00
313 500.00
314 220.00
315 240.00
316 500.00
317 280.00
318 320.00
319 340.00
320 260.00
321 260.00
322 320.00
323 500.00
324 440.00
325 420.00
326 420.00
327 220.00
328 300.00
329 220.00
330 260.00
331 200.00
332 240.00
333 220.00
334 300.00
335 440.00
336 500.00
337 380.00
338 200.00
339 220.00
340 220.00
341 440.00
342 240.00
343 480.00
344 220.00
345 460.00
346 360.00
347 440.00
348 400.00
349 240.00
350 200.00
351 380.00
352 300.00
353 440.00
354 220.00
355 440.00
356 440.00
357 360.00
358 460.00
359 220.00
360 440.00
361 400.00
362 200.00
363 380.00
364 200.00
365 220.00
366 240.00
367 240.00
368 220.00
369 220.00
370 340.00
371 200.00
372 440.00
373 440.00
374 200.00
375 380.00
376 460.00
377 440.00
378 420.00
379 460.00
380 440.00
381 220.00
382 360.00
383 420.00
384 400.00
385 360.00
386 440.00
387 400.00
388 360.00
389 240.00
390 440.00
391 300.00
392 440.00
393 400.00
394 220.00
395 220.00
396 200.00
397 400.00
398 420.00
399 380.00
400 480.00
401 440.00
402 220.00
403 440.00
404 220.00
405 460.00
406 440.00
407 260.00
408 500.00
409 220.00
410 380.00
411 460.00
412 240.00
413 260.00
414 360.00
415 420.00
416 240.00
417 240.00
418 460.00
419 340.00
420 460.00
421 260.00
422 320.00
423 460.00
424 300.00
425 260.00
426 260.00
427 220.00
428 440.00
429 380.00
430 380.00
431 220.00
432 480.00
433 220.00
434 220.00
435 500.00
436 220.00
437 220.00
438 340.00
439 240.00
440 460.00
441 460.00
442 440.00
443 460.00
444 220.00
445 240.00
446 280.00
447 460.00
448 260.00
449 440.00
450 220.00
451 440.00
452 160.00
453 420.00
454 220.00
455 440.00
456 440.00
457 400.00
458 480.00
459 440.00
460 280.00
461 260.00
462 240.00
463 480.00
464 460.00
465 460.00
466 440.00
467 460.00
468 460.00
469 240.00
470 500.00
471 260.00
472 340.00
473 420.00
474 320.00
475 460.00
476 460.00
477 220.00
478 260.00
479 240.00
480 280.00
481 480.00
482 360.00
483 460.00
484 480.00
485 420.00
486 440.00
487 460.00
488 200.00
489 200.00
490 240.00
491 200.00
492 460.00
493 240.00
494 340.00
495 460.00
496 240.00
497 220.00
498 440.00
499 500.00
500 180.00
501 260.00
502 240.00
503 220.00
504 460.00
505 240.00
506 460.00
507 260.00
508 480.00
509 260.00
510 400.00
511 500.00
512 480.00
513 260.00
514 380.00
515 220.00
516 220.00
517 220.00
518 260.00
519 460.00
520 260.00
521 260.00
522 440.00
523 440.00
524 460.00
525 400.00
526 420.00
527 220.00
528 420.00
529 440.00
530 440.00
531 280.00
532 220.00
533 280.00
534 260.00
535 400.00
536 480.00
537 440.00
538 260.00
539 280.00
540 200.00
541 380.00
542 440.00
543 460.00
544 420.00
545 220.00
546 420.00
547 420.00
548 240.00
549 460.00
550 260.00
551 220.00
552 240.00
553 340.00
554 160.00
555 260.00
556 240.00
557 440.00
558 240.00
559 460.00
560 200.00
561 460.00
562 260.00
563 440.00
564 360.00
565 460.00
566 240.00
567 480.00
568 500.00
569 440.00
570 240.00
571 260.00
572 360.00
573 240.00
574 460.00
575 480.00
576 200.00
577 300.00
578 420.00
579 240.00
580 260.00
581 300.00
582 460.00
583 400.00
584 280.00
585 240.00
586 260.00
587 240.00
588 220.00
589 440.00
590 240.00
591 360.00
592 440.00
593 320.00
594 240.00
595 200.00
596 480.00
597 480.00
598 240.00
599 440.00
600 300.00
601 440.00
602 460.00
603 420.00
604 340.00
605 400.00
606 260.00
607 220.00
608 420.00
609 440.00
610 460.00
611 380.00
612 480.00
613 420.00
614 220.00
615 400.00
616 400.00
617 400.00
618 440.00
619 440.00
620 240.00
621 420.00
622 220.00
623 480.00
624 400.00
625 400.00
626 340.00
627 200.00
628 420.00
629 440.00
630 440.00
631 220.00
632 260.00
633 180.00
634 480.00
635 220.00
636 440.00
637 460.00
638 240.00
639 240.00
640 400.00
641 280.00
642 200.00
643 260.00
644 440.00
645 440.00
646 440.00
647 260.00
648 220.00
649 480.00
650 220.00
651 300.00
652 220.00
653 240.00
654 440.00
655 500.00
656 340.00
657 460.00
658 460.00
659 460.00
660 300.00
661 280.00
662 440.00
663 500.00
664 420.00
665 500.00
666 500.00
667 480.00
668 240.00
669 240.00
670 240.00
671 480.00
672 280.00
673 440.00
674 440.00
675 460.00
676 400.00
677 480.00
678 440.00
679 280.00
680 500.00
681 440.00
682 440.00
683 500.00
684 260.00
685 220.00
686 500.00
687 240.00
688 220.00
689 480.00
690 420.00
691 280.00
692 240.00
693 440.00
694 460.00
695 440.00
696 200.00
697 480.00
698 220.00
699 420.00
700 480.00
701 200.00
702 200.00
703 460.00
704 260.00
705 440.00
706 240.00
707 460.00
708 240.00
709 500.00
710 440.00
711 300.00
712 500.00
713 440.00
714 460.00
715 500.00
716 440.00
717 460.00
718 420.00
719 360.00
720 460.00
721 460.00
722 440.00
723 420.00
724 260.00
725 340.00
726 280.00
727 480.00
728 480.00
729 220.00
730 420.00
731 240.00
732 240.00
733 460.00
734 400.00
735 400.00
736 260.00
737 460.00
738 420.00
739 240.00
740 260.00
741 220.00
742 380.00
743 480.00
744 340.00
745 340.00
746 440.00
747 460.00
748 420.00
749 200.00
750 380.00
751 380.00
752 200.00
753 420.00
754 480.00
755 400.00
756 500.00
757 160.00
758 400.00
759 400.00
760 340.00
761 200.00
762 400.00
763 180.00
764 280.00
765 440.00
766 260.00
767 420.00
768 240.00
769 240.00
770 400.00
771 380.00
772 180.00
773 480.00
774 260.00
775 480.00
776 220.00
777 380.00
778 380.00
779 420.00
780 400.00
781 260.00
782 180.00
783 200.00
784 360.00
785 480.00
786 380.00
787 460.00
788 420.00
789 380.00
790 500.00
791 160.00
792 440.00
793 200.00
794 340.00
795 240.00
796 320.00
797 440.00
798 420.00
799 420.00
800 440.00
801 260.00
802 460.00
803 420.00
804 220.00
805 440.00
806 420.00
807 240.00
808 200.00
809 460.00
810 200.00
811 360.00
812 420.00
813 460.00
814 260.00
815 340.00
816 240.00
817 440.00
818 440.00
819 400.00
820 240.00
821 460.00
822 400.00
823 440.00
824 260.00
825 220.00
826 220.00
827 220.00
828 440.00
829 360.00
830 260.00
831 420.00
832 280.00
833 420.00
834 200.00
835 320.00
836 460.00
837 440.00
838 340.00
839 440.00
840 220.00
841 460.00
842 440.00
843 240.00
844 440.00
845 380.00
846 240.00
847 440.00
848 440.00
849 320.00
850 220.00
851 280.00
852 440.00
853 440.00
854 300.00
855 440.00
856 320.00
857 280.00
858 380.00
859 440.00
860 500.00
861 440.00
862 260.00
863 440.00
864 460.00
865 400.00
866 460.00
867 280.00
868 460.00
869 440.00
870 220.00
871 460.00
872 260.00
873 420.00
874 260.00
875 220.00
876 260.00
877 320.00
878 480.00
879 200.00
880 460.00
881 280.00
882 260.00
883 460.00
884 400.00
885 460.00
886 220.00
887 380.00
888 380.00
889 420.00
890 460.00
891 320.00
892 440.00
893 440.00
894 440.00
895 460.00
896 380.00
897 280.00
898 340.00
899 400.00
900 260.00
901 280.00
902 380.00
903 340.00
904 400.00
905 420.00
906 220.00
907 440.00
908 400.00
909 460.00
910 460.00
911 380.00
912 380.00
913 460.00
914 360.00
915 460.00
916 460.00
917 460.00
918 460.00
919 220.00
920 440.00
921 220.00
922 320.00
923 280.00
924 360.00
925 260.00
926 280.00
927 440.00
928 420.00
929 400.00
930 460.00
931 460.00
932 260.00
933 440.00
934 440.00
935 240.00
936 260.00
937 440.00
938 440.00
939 400.00
940 260.00
941 440.00
942 420.00
943 420.00
944 400.00
945 340.00
946 420.00
947 380.00
948 440.00
949 440.00
950 240.00
951 480.00
952 460.00
953 220.00
954 440.00
955 260.00
956 460.00
957 440.00
958 260.00
959 260.00
960 420.00
961 240.00
962 400.00
963 420.00
964 460.00
965 200.00
966 260.00
967 300.00
968 380.00
969 460.00
970 440.00
971 440.00
972 260.00
973 400.00
974 260.00
975 240.00
976 420.00
977 420.00
978 400.00
979 440.00
980 360.00
981 280.00
982 420.00
983 420.00
984 420.00
985 440.00
986 440.00
987 420.00
988 240.00
989 380.00
990 420.00
991 200.00
992 280.00
993 280.00
994 400.00
995 380.00
996 420.00
997 400.00
998 260.00
999 420.00
1000 260.00
1001 280.00
1002 440.00
1003 300.00
1004 280.00
1005 300.00
1006 400.00
1007 320.00
1008 440.00
1009 280.00
1010 240.00
1011 420.00
1012 220.00
1013 280.00
1014 420.00
1015 260.00
1016 280.00
1017 240.00
1018 460.00
1019 400.00
1020 420.00
1021 440.00
1022 420.00
1023 400.00
1024 460.00
1025 400.00
1026 400.00
1027 280.00
1028 440.00
1029 400.00
1030 440.00
1031 440.00
1032 440.00
1033 280.00
1034 400.00
1035 400.00
1036 400.00
1037 280.00
1038 400.00
1039 420.00
1040 340.00
1041 440.00
1042 380.00
1043 200.00
1044 200.00
1045 320.00
1046 280.00
1047 300.00
1048 440.00
1049 420.00
1050 440.00
1051 480.00
1052 220.00
1053 380.00
1054 440.00
1055 240.00
1056 360.00
1057 220.00
1058 420.00
1059 260.00
1060 500.00
1061 360.00
1062 280.00
1063 380.00
1064 460.00
1065 320.00
1066 460.00
1067 400.00
1068 440.00
1069 420.00
1070 200.00
1071 440.00
1072 420.00
1073 380.00
1074 260.00
1075 440.00
1076 380.00
1077 440.00
1078 400.00
1079 460.00
1080 460.00
1081 460.00
1082 460.00
1083 320.00
1084 440.00
1085 440.00
1086 440.00
1087 460.00
1088 280.00
1089 440.00
1090 220.00
1091 460.00
1092 440.00
1093 460.00
1094 260.00
1095 260.00
1096 440.00
1097 460.00
1098 220.00
1099 440.00
1100 240.00
1101 340.00
1102 260.00
1103 300.00
1104 240.00
1105 380.00
1106 220.00
1107 420.00
1108 200.00
1109 360.00
1110 440.00
1111 380.00
1112 440.00
1113 440.00
1114 460.00
1115 420.00
1116 460.00
1117 460.00
1118 440.00
1119 460.00
1120 500.00
1121 440.00
1122 460.00
1123 280.00
1124 200.00
1125 440.00
1126 440.00
1127 220.00
1128 500.00
1129 400.00
1130 400.00
1131 440.00
1132 480.00
1133 460.00
1134 440.00
1135 180.00
1136 300.00
1137 260.00
1138 440.00
1139 460.00
1140 260.00
1141 280.00
1142 320.00
1143 340.00
1144 480.00
1145 340.00
1146 340.00
1147 420.00
1148 320.00
1149 380.00
1150 460.00
1151 340.00
1152 260.00
1153 420.00
1154 380.00
1155 400.00
1156 460.00
1157 420.00
1158 500.00
1159 420.00
1160 400.00
1161 440.00
1162 460.00
1163 200.00
1164 280.00
1165 420.00
1166 360.00
1167 260.00
1168 420.00
1169 420.00
1170 220.00
1171 220.00
1172 420.00
1173 340.00
1174 320.00
1175 500.00
1176 480.00
1177 460.00
1178 440.00
1179 300.00
1180 440.00
1181 380.00
1182 460.00
1183 440.00
1184 440.00
1185 280.00
1186 420.00
1187 260.00
1188 400.00
1189 200.00
1190 460.00
1191 440.00
1192 320.00
1193 440.00
1194 260.00
1195 400.00
1196 420.00
1197 400.00
1198 280.00
1199 260.00
1200 400.00
1201 180.00
1202 460.00
1203 440.00
1204 480.00
1205 420.00
1206 460.00
1207 460.00
1208 460.00
1209 440.00
1210 440.00
1211 240.00
1212 420.00
1213 360.00
1214 420.00
1215 300.00
1216 480.00
1217 340.00
1218 420.00
1219 420.00
1220 400.00
1221 340.00
1222 440.00
1223 300.00
1224 420.00
1225 460.00
1226 460.00
1227 460.00
1228 400.00
1229 400.00
1230 400.00
1231 400.00
1232 440.00
1233 420.00
1234 300.00
1235 420.00
1236 240.00
1237 460.00
1238 420.00
1239 440.00
1240 200.00
1241 440.00
1242 440.00
1243 420.00
1244 480.00
1245 500.00
1246 400.00
1247 460.00
1248 220.00
1249 480.00
1250 200.00
1251 440.00
1252 240.00
1253 400.00
1254 460.00
1255 440.00
1256 500.00
1257 400.00
1258 440.00
1259 460.00
1260 500.00
1261 420.00
1262 220.00
1263 400.00
1264 420.00
1265 240.00
1266 440.00
1267 440.00
1268 460.00
1269 480.00
1270 420.00
1271 380.00
1272 420.00
1273 380.00
1274 440.00
1275 420.00
1276 260.00
1277 440.00
1278 460.00
1279 340.00
1280 420.00
1281 460.00
1282 440.00
1283 500.00
1284 240.00
1285 220.00
1286 440.00
1287 200.00
1288 380.00
1289 400.00
1290 500.00
1291 400.00
1292 420.00
1293 220.00
1294 460.00
1295 440.00
1296 480.00
1297 220.00
1298 420.00
1299 460.00
1300 460.00
1301 420.00
1302 480.00
1303 340.00
1304 240.00
1305 360.00
1306 400.00
1307 240.00
1308 300.00
1309 420.00
1310 440.00
1311 320.00
1312 240.00
1313 440.00
1314 440.00
1315 440.00
1316 420.00
1317 320.00
1318 240.00
1319 260.00
1320 460.00
1321 440.00
1322 280.00
1323 260.00
1324 400.00
1325 380.00
1326 240.00
1327 200.00
1328 460.00
1329 440.00
1330 440.00
1331 260.00
1332 240.00
1333 400.00
1334 440.00
1335 460.00
1336 420.00
1337 320.00
1338 340.00
1339 300.00
1340 260.00
1341 400.00
1342 400.00
1343 400.00
1344 440.00
1345 460.00
1346 500.00
1347 440.00
1348 380.00
1349 440.00
1350 440.00
1351 400.00
1352 440.00
1353 420.00
1354 440.00
1355 460.00
1356 400.00
1357 260.00
1358 340.00
1359 420.00
1360 420.00
1361 400.00
1362 460.00
1363 460.00
1364 500.00
1365 460.00
1366 260.00
1367 440.00
1368 400.00
1369 280.00
1370 440.00
1371 340.00
1372 400.00
1373 400.00
1374 420.00
1375 260.00
1376 220.00
1377 220.00
1378 460.00
1379 200.00
1380 420.00
1381 260.00
1382 380.00
1383 260.00
1384 340.00
1385 420.00
1386 480.00
1387 440.00
1388 420.00
1389 380.00
1390 440.00
1391 380.00
1392 180.00
1393 440.00
1394 420.00
1395 420.00
1396 420.00
1397 380.00
1398 440.00
1399 380.00
1400 220.00
1401 460.00
1402 480.00
1403 220.00
1404 420.00
1405 300.00
1406 400.00
1407 500.00
1408 460.00
1409 440.00
1410 400.00
1411 380.00
1412 380.00
1413 460.00
1414 460.00
1415 420.00
1416 420.00
1417 420.00
1418 400.00
1419 420.00
1420 400.00
1421 440.00
1422 480.00
1423 460.00
1424 440.00
1425 460.00
1426 440.00
1427 280.00
1428 380.00
1429 460.00
1430 460.00
1431 420.00
1432 400.00
1433 400.00
1434 260.00
1435 400.00
1436 460.00
1437 400.00
1438 440.00
1439 460.00
1440 380.00
1441 320.00
1442 400.00
1443 460.00
1444 320.00
1445 240.00
1446 240.00
1447 440.00
1448 440.00
1449 440.00
1450 420.00
1451 320.00
1452 420.00
1453 200.00
1454 460.00
1455 400.00
1456 300.00
1457 240.00
1458 500.00
1459 420.00
1460 480.00
1461 400.00
1462 220.00
1463 360.00
1464 380.00
1465 460.00
1466 220.00
1467 280.00
1468 420.00
1469 480.00
1470 280.00
1471 420.00
1472 460.00
1473 240.00
1474 440.00
1475 360.00
1476 200.00
1477 340.00
1478 460.00
1479 220.00
1480 460.00
1481 300.00
1482 440.00
1483 440.00
1484 460.00
1485 380.00
1486 420.00
1487 460.00
1488 440.00
1489 220.00
1490 460.00
1491 380.00
1492 460.00
1493 460.00
1494 240.00
1495 440.00
1496 360.00
1497 460.00
1498 320.00
1499 440.00
1500 460.00
1501 420.00
1502 380.00
1503 440.00
1504 320.00
1505 440.00
1506 200.00
1507 440.00
1508 380.00
1509 280.00
1510 460.00
1511 440.00
1512 340.00
1513 440.00
1514 460.00
1515 400.00
1516 220.00
1517 400.00
1518 400.00
1519 440.00
1520 420.00
1521 400.00
1522 440.00
1523 460.00
1524 420.00
1525 440.00
1526 460.00
1527 460.00
1528 220.00
1529 280.00
1530 400.00
1531 460.00
1532 440.00
1533 220.00
1534 280.00
1535 420.00
1536 200.00
1537 500.00
1538 420.00
1539 440.00
1540 400.00
1541 440.00
1542 460.00
1543 200.00
1544 440.00
1545 420.00
1546 480.00
1547 440.00
1548 400.00
1549 440.00
1550 420.00
1551 420.00
1552 260.00
1553 440.00
1554 460.00
1555 140.00
1556 440.00
1557 340.00
1558 460.00
1559 420.00
1560 420.00
1561 420.00
1562 440.00
1563 460.00
1564 300.00
1565 460.00
1566 320.00
1567 440.00
1568 280.00
1569 420.00
1570 400.00
1571 420.00
1572 440.00
1573 420.00
1574 400.00
1575 460.00
1576 440.00
1577 380.00
1578 200.00
1579 440.00
1580 460.00
1581 260.00
1582 180.00
1583 280.00
1584 400.00
1585 260.00
1586 420.00
1587 440.00
1588 340.00
1589 400.00
1590 360.00
1591 280.00
1592 220.00
1593 280.00
1594 460.00
1595 400.00
1596 300.00
1597 360.00
1598 280.00
1599 360.00
1600 420.00
1601 320.00
1602 380.00
1603 440.00
1604 480.00
1605 340.00
1606 440.00
1607 400.00
1608 280.00
1609 360.00
1610 460.00
1611 420.00
1612 380.00
1613 360.00
1614 400.00
1615 160.00
1616 400.00
1617 360.00
1618 420.00
1619 420.00
1620 420.00
1621 420.00
1622 420.00
1623 440.00
1624 320.00
1625 420.00
1626 440.00
1627 280.00
1628 400.00
1629 420.00
1630 400.00
1631 500.00
1632 280.00
1633 440.00
1634 440.00
1635 440.00
1636 460.00
1637 500.00
1638 280.00
1639 440.00
1640 440.00
1641 200.00
1642 400.00
1643 220.00
1644 460.00
1645 460.00
1646 400.00
1647 460.00
1648 400.00
1649 280.00
1650 380.00
1651 500.00
1652 300.00
1653 320.00
1654 300.00
1655 360.00
1656 460.00
1657 460.00
1658 440.00
1659 380.00
1660 440.00
1661 360.00
1662 340.00
1663 320.00
1664 360.00
1665 380.00
1666 320.00
1667 480.00
1668 440.00
1669 420.00
1670 300.00
1671 380.00
1672 380.00
1673 420.00
1674 160.00
1675 380.00
1676 240.00
1677 180.00
1678 400.00
1679 420.00
1680 500.00
1681 440.00
1682 420.00
1683 440.00
1684 400.00
1685 440.00
1686 240.00
1687 440.00
1688 400.00
1689 280.00
1690 380.00
1691 440.00
1692 400.00
1693 400.00
1694 320.00
1695 340.00
1696 300.00
1697 420.00
1698 460.00
1699 220.00
1700 420.00
1701 400.00
1702 460.00
1703 440.00
1704 400.00
1705 360.00
1706 460.00
1707 440.00
1708 420.00
1709 140.00
1710 380.00
1711 220.00
1712 380.00
1713 460.00
1714 340.00
1715 440.00
1716 440.00
1717 460.00
1718 400.00
1719 400.00
1720 420.00
1721 420.00
1722 400.00
1723 280.00
1724 360.00
1725 440.00
1726 240.00
1727 480.00
1728 360.00
1729 340.00
1730 420.00
1731 400.00
1732 400.00
1733 260.00
1734 440.00
1735 280.00
1736 400.00
1737 380.00
1738 420.00
1739 400.00
1740 320.00
1741 400.00
1742 420.00
1743 420.00
1744 440.00
1745 420.00
1746 440.00
1747 360.00
1748 460.00
1749 440.00
1750 480.00
1751 380.00
1752 500.00
1753 480.00
1754 420.00
1755 220.00
1756 460.00
1757 420.00
1758 220.00
1759 420.00
1760 440.00
1761 420.00
1762 400.00
1763 400.00
1764 440.00
1765 240.00
1766 340.00
1767 460.00
1768 400.00
1769 480.00
1770 220.00
1771 420.00
1772 380.00
1773 420.00
1774 460.00
1775 460.00
1776 400.00
1777 240.00
1778 280.00
1779 400.00
1780 320.00
1781 400.00
1782 440.00
1783 380.00
1784 280.00
1785 300.00
1786 400.00
1787 380.00
1788 360.00
1789 260.00
1790 360.00
1791 260.00
1792 500.00
1793 400.00
1794 400.00
1795 260.00
1796 420.00
1797 320.00
1798 280.00
1799 380.00
1800 380.00
1801 340.00
1802 400.00
1803 440.00
1804 460.00
1805 420.00
1806 400.00
1807 440.00
1808 400.00
1809 420.00
1810 420.00
1811 240.00
1812 280.00
1813 460.00
1814 440.00
1815 500.00
1816 480.00
1817 460.00
1818 400.00
1819 480.00
1820 400.00
1821 320.00
1822 440.00
1823 420.00
1824 380.00
1825 220.00
1826 440.00
1827 380.00
1828 420.00
1829 440.00
1830 380.00
1831 480.00
1832 400.00
1833 420.00
1834 420.00
1835 400.00
1836 200.00
1837 380.00
1838 380.00
1839 420.00
1840 360.00
1841 400.00
1842 480.00
1843 440.00
1844 220.00
1845 360.00
1846 360.00
1847 380.00
1848 280.00
1849 220.00
1850 440.00
1851 260.00
1852 400.00
1853 420.00
1854 440.00
1855 280.00
1856 340.00
1857 420.00
1858 220.00
1859 460.00
1860 460.00
1861 220.00
1862 480.00
1863 400.00
1864 440.00
1865 420.00
1866 500.00
1867 440.00
1868 420.00
1869 460.00
1870 420.00
1871 440.00
1872 340.00
1873 420.00
1874 420.00
1875 440.00
1876 380.00
1877 420.00
1878 460.00
1879 440.00
1880 340.00
1881 440.00
1882 500.00
1883 440.00
1884 460.00
1885 480.00
1886 460.00
1887 440.00
1888 440.00
1889 380.00
1890 460.00
1891 400.00
1892 420.00
1893 460.00
1894 180.00
1895 400.00
1896 400.00
1897 460.00
1898 220.00
1899 420.00
1900 340.00
1901 320.00
1902 400.00
1903 220.00
1904 400.00
1905 420.00
1906 460.00
1907 400.00
1908 220.00
1909 340.00
1910 400.00
1911 420.00
1912 420.00
1913 300.00
1914 360.00
1915 460.00
1916 440.00
1917 220.00
1918 380.00
1919 400.00
1920 460.00
1921 300.00
1922 120.00
1923 100.00
1924 460.00
1925 440.00
1926 400.00
1927 340.00
1928 400.00
1929 480.00
1930 240.00
1931 460.00
1932 420.00
1933 240.00
1934 460.00
1935 440.00
1936 440.00
1937 440.00
1938 420.00
1939 320.00
1940 460.00
1941 400.00
1942 260.00
1943 280.00
1944 340.00
1945 460.00
1946 420.00
1947 280.00
1948 420.00
1949 320.00
1950 240.00
1951 420.00
1952 500.00
1953 280.00
1954 400.00
1955 420.00
1956 400.00
1957 400.00
1958 220.00
1959 460.00
1960 420.00
1961 440.00
1962 500.00
1963 420.00
1964 420.00
1965 400.00
1966 420.00
1967 280.00
1968 240.00
1969 220.00
1970 340.00
1971 260.00
1972 460.00
1973 340.00
1974 320.00
1975 400.00
1976 400.00
1977 400.00
1978 440.00
1979 460.00
1980 420.00
1981 140.00
1982 400.00
1983 440.00
1984 380.00
1985 260.00
1986 480.00
1987 420.00
1988 420.00
1989 280.00
1990 240.00
1991 440.00
1992 240.00
1993 440.00
1994 220.00
1995 160.00
1996 200.00
1997 440.00
1998 400.00
1999 280.00
2000 440.00
2001 380.00
2002 400.00
2003 440.00
2004 380.00
2005 460.00
2006 320.00
2007 360.00
2008 240.00
2009 440.00
2010 280.00
2011 360.00
2012 400.00
2013 380.00
2014 180.00
2015 380.00
2016 400.00
2017 260.00
2018 320.00
2019 460.00
2020 320.00
2021 400.00
2022 480.00
2023 400.00
2024 380.00
2025 440.00
2026 400.00
2027 440.00
2028 360.00
2029 400.00
2030 400.00
2031 280.00
2032 240.00
2033 440.00
2034 420.00
2035 460.00
2036 360.00
2037 340.00
2038 340.00
2039 380.00
2040 260.00
2041 280.00
2042 440.00
2043 260.00
2044 420.00
2045 440.00
2046 420.00
2047 420.00
2048 480.00
2049 460.00
2050 440.00
2051 420.00
2052 500.00
2053 280.00
2054 440.00
2055 440.00
2056 420.00
2057 300.00
2058 180.00
2059 420.00
2060 420.00
2061 440.00
2062 420.00
2063 440.00
2064 460.00
2065 400.00
2066 420.00
2067 320.00
2068 220.00
2069 420.00
2070 300.00
2071 440.00
2072 480.00
2073 460.00
2074 260.00
2075 300.00
2076 400.00
2077 440.00
2078 240.00
2079 480.00
2080 420.00
2081 440.00
2082 300.00
2083 400.00
2084 420.00
2085 460.00
2086 480.00
2087 440.00
2088 300.00
2089 460.00
2090 220.00
2091 440.00
2092 460.00
2093 440.00
2094 440.00
2095 380.00
2096 460.00
2097 400.00
2098 200.00
2099 260.00
2100 360.00
2101 460.00
2102 420.00
2103 300.00
2104 360.00
2105 420.00
2106 300.00
2107 240.00
2108 460.00
2109 440.00
2110 420.00
2111 320.00
2112 420.00
2113 420.00
2114 440.00
2115 400.00
2116 380.00
2117 400.00
2118 360.00
2119 460.00
2120 280.00
2121 240.00
2122 420.00
2123 420.00
2124 320.00
2125 380.00
2126 460.00
2127 420.00
2128 340.00
2129 440.00
2130 260.00
2131 460.00
2132 460.00
2133 420.00
2134 460.00
2135 360.00
2136 420.00
2137 440.00
2138 220.00
2139 440.00
2140 440.00
2141 340.00
2142 440.00
2143 240.00
2144 380.00
2145 380.00
2146 240.00
2147 480.00
2148 460.00
2149 360.00
2150 440.00
2151 440.00
2152 440.00
2153 440.00
2154 460.00
2155 200.00
2156 400.00
2157 240.00
2158 480.00
2159 180.00
2160 220.00
2161 360.00
2162 420.00
2163 440.00
2164 440.00
2165 420.00
2166 500.00
2167 460.00
2168 340.00
2169 340.00
2170 300.00
2171 200.00
2172 460.00
2173 420.00
2174 420.00
2175 460.00
2176 480.00
2177 240.00
2178 460.00
2179 300.00
2180 440.00
2181 440.00
2182 460.00
2183 420.00
2184 440.00
2185 440.00
2186 440.00
2187 220.00
2188 440.00
2189 440.00
2190 320.00
2191 200.00
2192 420.00
2193 420.00
2194 420.00
2195 400.00
2196 440.00
2197 380.00
2198 400.00
2199 380.00
2200 340.00
2201 260.00
2202 300.00
2203 400.00
2204 500.00
2205 240.00
2206 140.00
2207 280.00
2208 420.00
2209 380.00
2210 420.00
2211 440.00
2212 460.00
2213 460.00
2214 300.00
2215 320.00
2216 200.00
2217 340.00
2218 420.00
2219 440.00
2220 440.00
2221 420.00
2222 440.00
2223 440.00
2224 440.00
2225 460.00
2226 360.00
2227 440.00
2228 480.00
2229 420.00
2230 240.00
2231 200.00
2232 380.00
2233 440.00
2234 420.00
2235 420.00
2236 320.00
2237 160.00
2238 200.00
2239 460.00
2240 400.00
2241 400.00
2242 320.00
2243 400.00
2244 460.00
2245 460.00
2246 180.00
2247 480.00
2248 180.00
2249 420.00
2250 360.00
2251 380.00
2252 440.00
2253 380.00
2254 400.00
2255 380.00
2256 320.00
2257 400.00
2258 440.00
2259 320.00
2260 360.00
2261 240.00
2262 400.00
2263 420.00
2264 300.00
2265 460.00
2266 400.00
2267 440.00
2268 400.00
2269 420.00
2270 440.00
2271 340.00
2272 400.00
2273 460.00
2274 180.00
2275 400.00
2276 460.00
2277 460.00
2278 280.00
2279 240.00
2280 420.00
2281 460.00
2282 300.00
2283 380.00
2284 420.00
2285 440.00
2286 360.00
2287 360.00
2288 420.00
2289 360.00
2290 460.00
2291 340.00
2292 440.00
2293 400.00
2294 300.00
2295 300.00
2296 440.00
2297 480.00
2298 360.00
2299 480.00
2300 460.00
2301 420.00
2302 360.00
2303 440.00
2304 420.00
2305 440.00
2306 320.00
2307 460.00
2308 380.00
2309 420.00
2310 440.00
2311 160.00
2312 420.00
2313 440.00
2314 440.00
2315 460.00
2316 380.00
2317 420.00
2318 340.00
2319 360.00
2320 280.00
2321 380.00
2322 440.00
2323 420.00
2324 400.00
2325 440.00
2326 460.00
2327 440.00
2328 340.00
2329 360.00
2330 460.00
2331 420.00
2332 280.00
2333 300.00
2334 200.00
2335 460.00
2336 280.00
2337 420.00
2338 380.00
2339 420.00
2340 400.00
2341 260.00
2342 440.00
2343 420.00
2344 340.00
2345 440.00
2346 200.00
2347 440.00
2348 340.00
2349 440.00
2350 240.00
2351 420.00
2352 460.00
2353 240.00
2354 460.00
2355 440.00
2356 440.00
2357 460.00
2358 480.00
2359 460.00
2360 260.00
2361 460.00
2362 340.00
2363 300.00
2364 420.00
2365 240.00
2366 440.00
2367 460.00
2368 380.00
2369 440.00
2370 380.00
2371 440.00
2372 240.00
2373 440.00
2374 200.00
2375 420.00
2376 460.00
2377 380.00
2378 400.00
2379 440.00
2380 420.00
2381 400.00
2382 320.00
2383 480.00
2384 440.00
2385 420.00
2386 440.00
2387 460.00
2388 320.00
2389 460.00
2390 440.00
2391 220.00
2392 420.00
2393 420.00
2394 420.00
2395 440.00
2396 360.00
2397 440.00
2398 400.00
2399 420.00
2400 460.00
2401 400.00
2402 460.00
2403 440.00
2404 400.00
2405 400.00
2406 400.00
2407 200.00
2408 400.00
2409 260.00
2410 440.00
2411 480.00
2412 180.00
2413 260.00
2414 220.00
2415 400.00
2416 420.00
2417 380.00
2418 480.00
2419 300.00
2420 360.00
2421 440.00
2422 380.00
2423 440.00
2424 420.00
2425 500.00
2426 460.00
2427 460.00
2428 220.00
2429 180.00
2430 420.00
2431 380.00
2432 400.00
2433 300.00
2434 460.00
2435 420.00
2436 420.00
2437 400.00
2438 400.00
2439 400.00
2440 420.00
2441 420.00
2442 340.00
2443 420.00
2444 200.00
2445 400.00
2446 420.00
2447 440.00
2448 460.00
2449 320.00
2450 460.00
2451 420.00
2452 420.00
2453 460.00
2454 360.00
2455 220.00
2456 460.00
2457 440.00
2458 200.00
2459 440.00
2460 240.00
2461 320.00
2462 440.00
2463 460.00
2464 460.00
2465 200.00
2466 260.00
2467 420.00
2468 460.00
2469 400.00
2470 360.00
2471 380.00
2472 400.00
2473 380.00
2474 360.00
2475 360.00
2476 220.00
2477 420.00
2478 440.00
2479 480.00
2480 380.00
2481 460.00
2482 460.00
2483 420.00
2484 380.00
2485 320.00
2486 400.00
2487 360.00
2488 280.00
2489 300.00
2490 200.00
2491 380.00
2492 400.00
2493 440.00
2494 440.00
2495 320.00
2496 420.00
2497 460.00
2498 460.00
2499 280.00
2500 360.00
2501 400.00
2502 440.00
2503 500.00
2504 400.00
2505 440.00
2506 280.00
2507 440.00
2508 440.00
2509 220.00
2510 460.00
2511 360.00
2512 320.00
2513 220.00
2514 420.00
2515 440.00
2516 460.00
2517 380.00
2518 440.00
2519 420.00
2520 340.00
2521 460.00
2522 400.00
2523 440.00
2524 440.00
2525 480.00
2526 420.00
2527 440.00
2528 440.00
2529 400.00
2530 440.00
2531 440.00
2532 480.00
2533 220.00
2534 460.00
2535 360.00
2536 460.00
2537 380.00
2538 360.00
2539 420.00
2540 360.00
2541 420.00
2542 400.00
2543 420.00
2544 400.00
2545 420.00
2546 440.00
2547 440.00
2548 420.00
2549 440.00
2550 400.00
2551 460.00
2552 440.00
2553 440.00
2554 380.00
2555 420.00
2556 420.00
2557 420.00
2558 460.00
2559 420.00
2560 400.00
2561 440.00
2562 400.00
2563 380.00
2564 400.00
2565 460.00
2566 440.00
2567 460.00
2568 460.00
2569 200.00
2570 420.00
2571 460.00
2572 400.00
2573 300.00
2574 460.00
2575 440.00
2576 360.00
2577 460.00
2578 420.00
2579 460.00
2580 420.00
2581 420.00
2582 180.00
2583 440.00
2584 300.00
2585 440.00
2586 400.00
2587 440.00
2588 460.00
2589 380.00
2590 360.00
2591 420.00
2592 380.00
2593 440.00
2594 400.00
2595 380.00
2596 380.00
2597 400.00
2598 340.00
2599 440.00
2600 440.00
2601 440.00
2602 360.00
2603 160.00
2604 260.00
2605 240.00
2606 400.00
2607 460.00
2608 420.00
2609 280.00
2610 420.00
2611 340.00
2612 380.00
2613 480.00
2614 420.00
2615 260.00
2616 300.00
2617 320.00
2618 360.00
2619 260.00
2620 400.00
2621 380.00
2622 420.00
2623 440.00
2624 480.00
2625 420.00
2626 380.00
2627 380.00
2628 400.00
2629 420.00
2630 180.00
2631 440.00
2632 500.00
2633 480.00
2634 420.00
2635 440.00
2636 420.00
2637 240.00
2638 420.00
2639 360.00
2640 220.00
2641 300.00
2642 460.00
2643 360.00
2644 400.00
2645 360.00
2646 360.00
2647 280.00
2648 440.00
2649 440.00
2650 440.00
2651 440.00
2652 300.00
2653 160.00
2654 400.00
2655 320.00
2656 460.00
2657 420.00
2658 420.00
2659 460.00
2660 440.00
2661 380.00
2662 460.00
2663 220.00
2664 440.00
2665 420.00
2666 420.00
2667 400.00
2668 400.00
2669 440.00
2670 420.00
2671 420.00
2672 380.00
2673 460.00
2674 460.00
2675 380.00
2676 460.00
2677 240.00
2678 400.00
2679 360.00
2680 220.00
2681 180.00
2682 260.00
2683 200.00
2684 400.00
2685 480.00
2686 480.00
2687 480.00
2688 500.00
2689 460.00
2690 460.00
2691 420.00
2692 400.00
2693 440.00
2694 500.00
2695 420.00
2696 340.00
2697 340.00
2698 240.00
2699 420.00
2700 200.00
2701 420.00
2702 420.00
2703 440.00
2704 380.00
2705 480.00
2706 320.00
2707 400.00
2708 360.00
2709 440.00
2710 400.00
2711 380.00
2712 400.00
2713 240.00
2714 440.00
2715 440.00
2716 440.00
2717 440.00
2718 420.00
2719 440.00
2720 400.00
2721 480.00
2722 400.00
2723 460.00
2724 440.00
2725 440.00
2726 340.00
2727 420.00
2728 220.00
2729 480.00
2730 440.00
2731 360.00
2732 460.00
2733 380.00
2734 420.00
2735 320.00
2736 420.00
2737 440.00
2738 440.00
2739 440.00
2740 440.00
2741 420.00
2742 380.00
2743 440.00
2744 320.00
2745 380.00
2746 180.00
2747 240.00
2748 460.00
2749 400.00
2750 420.00
2751 460.00
2752 400.00
2753 380.00
2754 440.00
2755 440.00
2756 440.00
2757 460.00
2758 340.00
2759 460.00
2760 380.00
2761 460.00
2762 400.00
2763 500.00
2764 460.00
2765 480.00
2766 400.00
2767 460.00
2768 440.00
2769 220.00
2770 360.00
2771 480.00
2772 420.00
2773 440.00
2774 440.00
2775 400.00
2776 400.00
2777 440.00
2778 420.00
2779 380.00
2780 420.00
2781 480.00
2782 420.00
2783 440.00
2784 360.00
2785 400.00
2786 200.00
2787 400.00
2788 440.00
2789 240.00
2790 480.00
2791 420.00
2792 400.00
2793 420.00
2794 440.00
2795 400.00
2796 440.00
2797 220.00
2798 240.00
2799 440.00
2800 460.00
2801 220.00
2802 460.00
2803 360.00
2804 420.00
2805 420.00
2806 320.00
2807 440.00
2808 420.00
2809 360.00
2810 440.00
2811 380.00
2812 480.00
2813 400.00
2814 420.00
2815 420.00
2816 480.00
2817 440.00
2818 440.00
2819 420.00
2820 380.00
2821 400.00
2822 480.00
2823 400.00
2824 460.00
2825 440.00
2826 440.00
2827 460.00
2828 320.00
2829 420.00
2830 320.00
2831 260.00
2832 440.00
2833 420.00
2834 400.00
2835 420.00
2836 440.00
2837 380.00
2838 460.00
2839 400.00
2840 460.00
2841 460.00
2842 380.00
2843 240.00
2844 460.00
2845 340.00
2846 440.00
2847 460.00
2848 200.00
2849 440.00
2850 360.00
2851 420.00
2852 500.00
2853 440.00
2854 460.00
2855 460.00
2856 260.00
2857 340.00
2858 460.00
2859 200.00
2860 440.00
2861 260.00
2862 280.00
2863 500.00
2864 460.00
2865 480.00
2866 220.00
2867 460.00
2868 260.00
2869 420.00
2870 380.00
2871 400.00
2872 460.00
2873 400.00
2874 500.00
2875 380.00
2876 460.00
2877 240.00
2878 460.00
2879 320.00
2880 280.00
2881 380.00
2882 460.00
2883 460.00
2884 220.00
2885 440.00
2886 420.00
2887 400.00
2888 320.00
2889 400.00
2890 460.00
2891 400.00
2892 400.00
2893 240.00
2894 380.00
2895 320.00
2896 420.00
2897 440.00
2898 340.00
2899 400.00
2900 500.00
2901 500.00
2902 440.00
2903 440.00
2904 400.00
2905 420.00
2906 380.00
2907 460.00
2908 440.00
2909 360.00
2910 440.00
2911 360.00
2912 440.00
2913 340.00
2914 380.00
2915 420.00
2916 420.00
2917 220.00
2918 400.00
2919 480.00
2920 380.00
2921 280.00
2922 320.00
2923 480.00
2924 440.00
2925 440.00
2926 440.00
2927 160.00
2928 400.00
2929 240.00
2930 280.00
2931 460.00
2932 240.00
2933 480.00
2934 380.00
2935 400.00
2936 380.00
2937 420.00
2938 420.00
2939 400.00
2940 420.00
2941 360.00
2942 440.00
2943 360.00
2944 440.00
2945 420.00
2946 220.00
2947 440.00
2948 360.00
2949 360.00
2950 420.00
2951 440.00
2952 420.00
2953 420.00
2954 480.00
2955 380.00
2956 400.00
2957 220.00
2958 380.00
2959 320.00
2960 180.00
2961 320.00
2962 400.00
2963 120.00
2964 360.00
2965 380.00
2966 320.00
2967 480.00
2968 380.00
2969 440.00
2970 500.00
2971 460.00
2972 420.00
2973 400.00
2974 380.00
2975 380.00
2976 360.00
2977 440.00
2978 220.00
2979 280.00
2980 500.00
2981 400.00
2982 420.00
2983 340.00
2984 380.00
2985 440.00
2986 340.00
2987 460.00
2988 380.00
2989 480.00
2990 260.00
2991 380.00
2992 360.00
2993 420.00
2994 420.00
2995 440.00
2996 380.00
2997 400.00
2998 440.00
2999 460.00
