0 -0.22
30 -0.06
60 0.11
90 0.05
120 0.16
150 0.08
180 0.10
210 0.08
240 -0.01
270 0.23
300 0.25
330 0.23
360 0.28
390 0.35
420 0.22
450 0.30
480 0.29
510 0.25
540 0.27
570 0.40
600 0.37
630 0.35
660 0.37
690 0.41
720 0.38
750 0.36
780 0.30
810 0.41
840 0.36
870 0.31
900 0.30
930 0.37
960 0.36
990 0.35
1020 0.38
1050 0.33
1080 0.35
1110 0.39
1140 0.39
1170 0.32
1200 0.42
1230 0.37
1260 0.40
1290 0.40
1320 0.40
1350 0.38
1380 0.38
1410 0.36
1440 0.35
1470 0.37
1500 0.34
1530 0.36
1560 0.32
1590 0.36
1620 0.41
1650 0.38
1680 0.42
1710 0.39
1740 0.36
1770 0.40
1800 0.38
1830 0.37
1860 0.40
1890 0.37
1920 0.39
1950 0.39
1980 0.35
2010 0.34
2040 0.39
2070 0.43
2100 0.43
2130 0.42
2160 0.35
2190 0.36
2220 0.36
2250 0.40
2280 0.31
2310 0.40
2340 0.40
2370 0.42
2400 0.39
2430 0.42
2460 0.41
2490 0.40
2520 0.32
2550 0.40
2580 0.40
2610 0.42
2640 0.37
2670 0.41
2700 0.43
2730 0.41
2760 0.41
2790 0.38
2820 0.37
2850 0.39
2880 0.42
2910 0.40
2940 0.43
2970 0.40
