0 -0.11
1 -0.12
2 -0.23
3 -0.14
4 -0.01
5 -0.17
6 -0.01
7 -0.11
8 -0.36
9 -0.32
10 -0.02
11 -0.03
12 -0.26
13 -0.17
14 -0.00
15 -0.03
16 -0.03
17 -0.34
18 -0.09
19 -0.26
20 -0.17
21 -0.01
22 -0.02
23 -0.21
24 -0.01
25 -0.28
26 0.29
27 -0.34
28 0.17
29 -0.16
30 -0.06
31 0.29
32 0.25
33 0.29
34 -0.34
35 0.29
36 0.19
37 0.26
38 0.26
39 0.28
40 0.25
41 -0.17
42 -0.03
43 0.28
44 -0.36
45 0.15
46 -0.28
47 -0.17
48 0.17
49 -0.29
50 0.17
51 0.25
52 0.31
53 -0.23
54 0.25
55 0.28
56 -0.21
57 0.25
58 0.12
59 -0.36
60 0.26
61 0.31
62 -0.38
63 0.14
64 0.17
65 -0.29
66 0.23
67 0.25
68 -0.34
69 0.28
70 -0.36
71 -0.38
72 -0.34
73 -0.17
74 0.26
75 -0.05
76 -0.03
77 -0.32
78 -0.14
79 -0.32
80 -0.24
81 -0.25
82 -0.19
83 0.13
84 0.16
85 0.10
86 -0.00
87 -0.29
88 -0.04
89 -0.19
90 -0.24
91 -0.18
92 -0.24
93 -0.17
94 -0.19
95 -0.20
96 -0.20
97 -0.07
98 0.46
99 0.46
100 0.44
101 0.44
102 0.42
103 -0.26
104 0.46
105 0.44
106 0.38
107 -0.25
108 0.46
109 0.46
110 0.44
111 0.46
112 -0.29
113 0.46
114 -0.34
115 -0.31
116 -0.34
117 -0.28
118 -0.10
119 -0.23
120 0.38
121 0.44
122 0.46
123 0.46
124 -0.20
125 0.46
126 0.44
127 0.36
128 0.46
129 -0.29
130 -0.25
131 -0.28
132 -0.02
133 0.42
134 0.34
135 0.44
136 -0.31
137 0.44
138 0.42
139 -0.34
140 0.44
141 -0.24
142 -0.29
143 0.40
144 0.34
145 -0.25
146 0.14
147 -0.29
148 -0.23
149 -0.18
150 -0.24
151 -0.17
152 0.46
153 0.42
154 0.20
155 -0.25
156 0.46
157 0.42
158 0.34
159 -0.32
160 0.46
161 0.46
162 0.46
163 0.46
164 0.46
165 0.44
166 -0.25
167 0.46
168 0.46
169 0.46
170 -0.34
171 0.44
172 0.46
173 0.46
174 0.36
175 0.38
176 0.46
177 0.44
178 0.46
179 0.42
180 0.14
181 0.44
182 -0.38
183 0.38
184 -0.31
185 0.40
186 0.46
187 0.40
188 -0.29
189 0.38
190 -0.23
191 -0.31
192 -0.04
193 -0.25
194 0.44
195 0.40
196 0.34
197 0.46
198 0.46
199 0.46
200 0.44
201 -0.19
202 -0.36
203 -0.32
204 0.15
205 0.42
206 0.42
207 -0.29
208 0.14
209 0.13
210 0.12
211 0.46
212 0.12
213 0.44
214 0.11
215 0.46
216 0.11
217 0.12
218 0.12
219 0.46
220 0.38
221 -0.08
222 0.46
223 -0.29
224 0.44
225 0.12
226 0.12
227 0.44
228 -0.29
229 0.44
230 -0.26
231 0.46
232 0.36
233 0.40
234 -0.31
235 0.36
236 0.46
237 0.46
238 0.38
239 -0.12
240 0.42
241 0.32
242 0.32
243 0.31
244 0.36
245 0.40
246 -0.13
247 0.36
248 0.42
249 0.38
250 0.42
251 0.28
252 0.40
253 0.36
254 -0.38
255 0.38
256 -0.08
257 0.32
258 0.40
259 -0.18
260 0.13
261 0.42
262 0.12
263 0.15
264 -0.01
265 -0.26
266 -0.07
267 -0.02
268 -0.34
269 -0.18
270 0.32
271 0.42
272 0.46
273 0.46
274 0.46
275 0.44
276 -0.28
277 0.12
278 -0.38
279 -0.32
280 0.32
281 0.34
282 0.42
283 0.38
284 0.36
285 -0.28
286 -0.34
287 -0.31
288 0.42
289 -0.28
290 0.42
291 0.36
292 -0.29
293 0.14
294 0.42
295 -0.29
296 -0.06
297 0.42
298 -0.05
299 -0.20
300 -0.31
301 0.42
302 -0.34
303 0.42
304 0.42
305 -0.19
306 0.42
307 0.44
308 -0.31
309 -0.28
310 0.34
311 0.34
312 -0.15
313 0.32
314 0.44
315 0.46
316 0.44
317 0.46
318 0.44
319 0.40
320 0.46
321 0.32
322 -0.03
323 0.34
324 0.42
325 0.34
326 0.42
327 0.31
328 0.36
329 0.38
330 0.38
331 0.42
332 0.42
333 0.36
334 0.28
335 0.26
336 0.42
337 -0.04
338 0.38
339 0.38
340 0.12
341 0.42
342 0.42
343 0.42
344 -0.06
345 -0.02
346 -0.10
347 -0.06
348 -0.23
349 0.42
350 0.32
351 0.34
352 0.40
353 0.46
354 0.40
355 0.40
356 0.42
357 0.46
358 0.44
359 0.42
360 0.46
361 -0.36
362 0.42
363 0.32
364 -0.26
365 0.34
366 0.38
367 0.42
368 0.36
369 0.42
370 0.34
371 0.38
372 0.42
373 -0.18
374 0.32
375 0.21
376 -0.09
377 0.42
378 -0.10
379 -0.23
380 -0.32
381 -0.25
382 -0.21
383 -0.32
384 0.42
385 -0.36
386 0.34
387 -0.00
388 -0.05
389 -0.26
390 0.36
391 -0.03
392 -0.28
393 0.07
394 0.40
395 -0.31
396 -0.38
397 -0.26
398 -0.28
399 -0.21
400 -0.31
401 -0.02
402 -0.05
403 -0.02
404 -0.20
405 -0.12
406 -0.06
407 0.06
408 0.46
409 -0.29
410 0.07
411 0.44
412 0.36
413 0.46
414 -0.25
415 -0.26
416 -0.23
417 0.38
418 0.44
419 0.44
420 0.44
421 0.44
422 0.44
423 -0.40
424 0.44
425 -0.34
426 0.40
427 -0.40
428 -0.31
429 0.28
430 0.42
431 0.42
432 0.42
433 -0.25
434 -0.06
435 -0.36
436 0.40
437 -0.31
438 0.34
439 0.13
440 -0.31
441 0.42
442 -0.01
443 -0.24
444 -0.19
445 0.42
446 0.13
447 0.42
448 0.42
449 0.29
450 0.12
451 0.12
452 -0.32
453 0.12
454 0.07
455 -0.08
456 -0.34
457 -0.25
458 -0.16
459 -0.32
460 -0.02
461 -0.31
462 -0.29
463 -0.26
464 -0.17
465 -0.13
466 -0.21
467 -0.03
468 -0.01
469 -0.34
470 -0.20
471 -0.24
472 -0.17
473 -0.16
474 0.46
475 0.44
476 -0.10
477 0.38
478 0.42
479 0.46
480 0.49
481 0.49
482 0.49
483 0.11
484 0.49
485 0.46
486 -0.29
487 -0.23
488 0.12
489 0.46
490 0.16
491 0.28
492 0.42
493 0.38
494 0.32
495 0.36
496 0.40
497 0.34
498 0.46
499 0.42
500 0.46
501 0.40
502 0.42
503 0.38
504 0.36
505 0.34
506 0.46
507 0.42
508 -0.26
509 0.42
510 0.46
511 0.34
512 -0.19
513 0.42
514 0.40
515 0.42
516 0.40
517 0.29
518 0.31
519 0.40
520 0.40
521 0.29
522 0.38
523 -0.25
524 0.42
525 0.36
526 0.38
527 0.44
528 0.38
529 0.44
530 0.46
531 0.34
532 0.44
533 0.44
534 0.46
535 0.46
536 0.42
537 0.34
538 0.44
539 0.44
540 0.46
541 0.34
542 0.34
543 0.42
544 0.42
545 -0.34
546 0.38
547 0.44
548 0.46
549 -0.28
550 0.40
551 0.36
552 -0.15
553 0.46
554 0.46
555 0.44
556 0.44
557 0.34
558 0.26
559 -0.06
560 0.38
561 0.44
562 0.40
563 0.46
564 0.46
565 0.46
566 -0.28
567 0.40
568 -0.38
569 0.34
570 0.46
571 0.40
572 0.46
573 0.38
574 -0.25
575 0.13
576 0.46
577 0.46
578 0.46
579 0.38
580 0.44
581 -0.25
582 -0.31
583 -0.32
584 -0.10
585 0.32
586 -0.32
587 -0.23
588 -0.08
589 -0.14
590 -0.02
591 -0.09
592 -0.09
593 -0.13
594 -0.14
595 -0.25
596 -0.02
597 -0.19
598 -0.34
599 -0.14
600 -0.25
601 -0.28
602 -0.21
603 -0.26
604 -0.32
605 -0.18
606 -0.00
607 -0.26
608 -0.36
609 -0.01
610 -0.24
611 -0.16
612 -0.07
613 -0.32
614 -0.21
615 -0.38
616 -0.15
617 -0.29
618 -0.23
619 0.44
620 0.44
621 0.19
622 0.46
623 0.44
624 0.42
625 0.32
626 0.34
627 0.34
628 0.36
629 0.42
630 0.46
631 0.34
632 -0.08
633 0.18
634 -0.36
635 0.36
636 0.44
637 0.36
638 0.44
639 0.46
640 0.32
641 0.31
642 0.09
643 0.38
644 0.46
645 0.46
646 0.38
647 0.46
648 0.44
649 0.44
650 0.46
651 0.40
652 0.38
653 0.46
654 0.40
655 0.46
656 0.40
657 0.32
658 0.38
659 0.36
660 0.44
661 0.40
662 0.40
663 0.44
664 0.42
665 0.42
666 0.42
667 0.46
668 -0.29
669 0.38
670 0.40
671 0.46
672 -0.34
673 0.46
674 0.40
675 0.32
676 0.38
677 0.40
678 -0.15
679 0.46
680 0.32
681 -0.28
682 0.46
683 0.32
684 0.36
685 0.32
686 0.36
687 0.38
688 -0.15
689 -0.19
690 -0.17
691 0.42
692 0.46
693 0.42
694 0.38
695 0.36
696 0.29
697 0.46
698 0.29
699 0.05
700 0.42
701 0.28
702 0.38
703 0.36
704 0.46
705 0.46
706 0.32
707 0.40
708 0.40
709 0.36
710 0.42
711 0.44
712 0.38
713 0.42
714 0.42
715 0.36
716 0.24
717 0.46
718 -0.28
719 0.42
720 0.46
721 0.38
722 0.42
723 0.31
724 0.44
725 -0.29
726 0.40
727 0.38
728 0.44
729 0.40
730 -0.23
731 -0.25
732 0.12
733 0.36
734 0.40
735 0.42
736 0.42
737 0.46
738 0.44
739 0.49
740 0.38
741 0.38
742 0.46
743 -0.29
744 0.32
745 0.38
746 0.34
747 0.14
748 0.36
749 0.46
750 0.38
751 0.36
752 0.46
753 0.46
754 0.42
755 0.42
756 -0.36
757 0.31
758 0.29
759 0.46
760 0.40
761 0.46
762 -0.24
763 0.29
764 0.46
765 0.19
766 0.44
767 -0.14
768 0.32
769 0.36
770 0.40
771 0.42
772 0.46
773 0.44
774 -0.36
775 0.34
776 0.36
777 0.46
778 0.44
779 0.44
780 0.40
781 0.46
782 0.42
783 -0.24
784 0.44
785 0.40
786 0.36
787 0.40
788 -0.31
789 0.12
790 0.17
791 0.32
792 0.40
793 -0.20
794 -0.19
795 0.40
796 0.44
797 0.46
798 0.31
799 0.40
800 0.36
801 -0.21
802 0.40
803 0.40
804 0.18
805 0.38
806 0.40
807 0.46
808 0.31
809 0.46
810 0.46
811 0.42
812 0.31
813 0.32
814 0.29
815 0.34
816 0.29
817 0.31
818 0.29
819 -0.26
820 0.40
821 -0.10
822 -0.26
823 -0.09
824 -0.06
825 -0.31
826 -0.01
827 -0.00
828 -0.09
829 0.00
830 0.13
831 -0.23
832 -0.24
833 0.38
834 -0.32
835 -0.28
836 0.38
837 0.36
838 0.23
839 0.32
840 0.42
841 0.46
842 0.36
843 0.34
844 0.44
845 0.26
846 0.46
847 0.29
848 0.46
849 0.42
850 0.38
851 0.38
852 0.44
853 -0.31
854 0.32
855 0.32
856 0.05
857 0.26
858 -0.23
859 0.38
860 -0.28
861 0.40
862 0.44
863 0.46
864 0.31
865 0.46
866 0.34
867 0.38
868 0.46
869 0.42
870 0.38
871 0.40
872 0.46
873 0.46
874 0.46
875 0.46
876 0.34
877 0.46
878 -0.34
879 0.06
880 -0.01
881 -0.19
882 0.06
883 -0.07
884 0.08
885 0.36
886 0.46
887 0.46
888 0.42
889 0.40
890 0.38
891 0.38
892 0.42
893 0.46
894 0.42
895 0.38
896 -0.40
897 0.46
898 0.38
899 0.42
900 0.42
901 -0.04
902 0.44
903 0.31
904 0.46
905 0.44
906 0.40
907 -0.28
908 0.36
909 0.46
910 0.36
911 0.38
912 0.34
913 0.36
914 0.36
915 -0.17
916 0.29
917 0.46
918 0.46
919 -0.19
920 0.38
921 -0.31
922 0.36
923 -0.28
924 0.01
925 0.23
926 0.34
927 0.38
928 0.34
929 0.23
930 0.34
931 0.40
932 0.26
933 0.44
934 0.12
935 0.49
936 0.46
937 0.49
938 0.44
939 0.17
940 0.34
941 0.00
942 -0.19
943 0.14
944 0.40
945 0.40
946 0.40
947 0.32
948 0.34
949 0.40
950 0.42
951 0.46
952 0.28
953 -0.31
954 0.36
955 0.21
956 0.21
957 0.03
958 0.44
959 -0.31
960 0.46
961 0.26
962 0.40
963 -0.34
964 0.36
965 0.36
966 0.44
967 0.26
968 0.44
969 0.46
970 0.42
971 0.42
972 0.40
973 0.44
974 0.44
975 0.42
976 0.11
977 0.46
978 -0.28
979 0.29
980 0.38
981 0.40
982 0.46
983 0.40
984 0.40
985 0.31
986 0.44
987 0.36
988 -0.32
989 0.38
990 0.44
991 0.44
992 0.38
993 0.46
994 0.28
995 0.42
996 0.44
997 0.38
998 -0.05
999 0.38
1000 0.28
1001 0.28
1002 0.49
1003 0.38
1004 0.46
1005 0.18
1006 0.29
1007 0.49
1008 0.49
1009 0.44
1010 0.49
1011 0.36
1012 0.36
1013 0.16
1014 -0.12
1015 0.40
1016 0.46
1017 -0.38
1018 0.19
1019 0.49
1020 0.49
1021 0.36
1022 0.24
1023 0.49
1024 0.42
1025 0.42
1026 0.29
1027 0.18
1028 0.38
1029 0.38
1030 0.38
1031 0.42
1032 0.44
1033 0.38
1034 0.25
1035 0.49
1036 0.28
1037 0.34
1038 0.42
1039 0.49
1040 0.49
1041 0.49
1042 0.49
1043 0.49
1044 0.46
1045 0.49
1046 0.46
1047 0.44
1048 0.14
1049 0.49
1050 0.46
1051 -0.26
1052 0.42
1053 0.46
1054 0.42
1055 0.14
1056 0.46
1057 0.38
1058 0.31
1059 0.34
1060 0.44
1061 0.46
1062 0.49
1063 0.01
1064 0.29
1065 0.24
1066 0.34
1067 0.10
1068 0.49
1069 0.49
1070 0.26
1071 0.49
1072 0.46
1073 -0.20
1074 0.42
1075 -0.04
1076 0.42
1077 0.42
1078 0.25
1079 0.16
1080 0.25
1081 0.10
1082 -0.14
1083 0.36
1084 0.49
1085 0.17
1086 0.38
1087 0.46
1088 0.05
1089 0.36
1090 0.46
1091 0.40
1092 0.17
1093 0.42
1094 0.07
1095 0.42
1096 0.26
1097 0.23
1098 0.24
1099 0.42
1100 0.38
1101 0.25
1102 0.44
1103 0.34
1104 0.38
1105 0.31
1106 0.42
1107 0.44
1108 0.49
1109 0.49
1110 0.32
1111 0.49
1112 0.46
1113 0.46
1114 0.49
1115 0.40
1116 0.26
1117 0.46
1118 0.46
1119 0.46
1120 0.18
1121 0.14
1122 0.49
1123 0.49
1124 0.44
1125 0.34
1126 0.40
1127 0.49
1128 0.40
1129 0.20
1130 0.46
1131 0.49
1132 0.25
1133 0.38
1134 0.36
1135 0.19
1136 0.46
1137 0.49
1138 -0.25
1139 0.40
1140 0.38
1141 0.10
1142 0.18
1143 0.49
1144 0.49
1145 0.36
1146 0.25
1147 0.46
1148 0.44
1149 0.34
1150 0.25
1151 0.38
1152 0.49
1153 0.42
1154 0.49
1155 0.40
1156 0.49
1157 0.46
1158 0.11
1159 0.42
1160 0.25
1161 0.49
1162 0.46
1163 0.32
1164 0.49
1165 0.40
1166 0.44
1167 0.46
1168 0.40
1169 0.29
1170 0.49
1171 0.34
1172 0.34
1173 0.25
1174 0.31
1175 0.38
1176 0.49
1177 0.49
1178 0.46
1179 0.38
1180 0.17
1181 0.44
1182 0.31
1183 0.42
1184 0.49
1185 0.28
1186 0.38
1187 0.24
1188 0.28
1189 0.46
1190 0.49
1191 -0.28
1192 0.49
1193 0.34
1194 0.04
1195 0.34
1196 0.44
1197 0.23
1198 0.49
1199 0.36
1200 0.25
1201 0.17
1202 0.44
1203 0.09
1204 0.29
1205 0.38
1206 0.34
1207 0.36
1208 0.25
1209 0.26
1210 0.40
1211 0.38
1212 0.40
1213 0.44
1214 0.31
1215 0.36
1216 0.40
1217 0.29
1218 0.49
1219 0.29
1220 0.49
1221 -0.36
1222 0.40
1223 0.40
1224 0.36
1225 0.38
1226 0.49
1227 0.42
1228 0.38
1229 0.38
1230 0.44
1231 0.49
1232 0.42
1233 0.34
1234 0.49
1235 0.49
1236 0.19
1237 0.38
1238 0.49
1239 0.32
1240 0.49
1241 0.09
1242 0.44
1243 0.40
1244 0.12
1245 0.23
1246 0.38
1247 -0.38
1248 0.36
1249 0.19
1250 0.40
1251 0.31
1252 0.40
1253 0.38
1254 0.44
1255 0.28
1256 0.34
1257 0.23
1258 0.26
1259 0.20
1260 0.44
1261 0.44
1262 0.42
1263 0.36
1264 0.44
1265 0.28
1266 0.36
1267 0.40
1268 0.31
1269 0.44
1270 0.20
1271 0.29
1272 0.34
1273 0.28
1274 0.26
1275 0.25
1276 0.24
1277 0.19
1278 -0.24
1279 0.28
1280 0.19
1281 0.29
1282 0.38
1283 0.31
1284 0.44
1285 0.38
1286 0.36
1287 0.38
1288 0.38
1289 0.34
1290 0.44
1291 0.36
1292 0.38
1293 0.34
1294 -0.26
1295 0.40
1296 0.40
1297 0.32
1298 0.36
1299 0.40
1300 0.42
1301 0.38
1302 0.17
1303 0.38
1304 0.36
1305 0.44
1306 0.26
1307 0.29
1308 -0.36
1309 0.29
1310 0.38
1311 0.38
1312 0.31
1313 0.24
1314 0.44
1315 0.25
1316 0.34
1317 0.42
1318 0.42
1319 0.49
1320 0.40
1321 0.32
1322 0.49
1323 0.36
1324 0.46
1325 0.44
1326 0.36
1327 0.20
1328 0.44
1329 0.44
1330 0.44
1331 0.44
1332 0.38
1333 0.38
1334 0.38
1335 0.38
1336 0.31
1337 0.40
1338 0.40
1339 0.44
1340 0.34
1341 0.34
1342 0.44
1343 0.44
1344 0.18
1345 0.44
1346 0.40
1347 0.28
1348 0.31
1349 0.42
1350 -0.28
1351 0.40
1352 0.38
1353 0.44
1354 0.34
1355 0.38
1356 0.44
1357 0.42
1358 0.40
1359 0.36
1360 0.44
1361 0.38
1362 0.28
1363 0.23
1364 0.34
1365 0.40
1366 0.34
1367 0.38
1368 0.34
1369 -0.34
1370 -0.06
1371 0.20
1372 0.44
1373 0.42
1374 0.44
1375 0.42
1376 0.44
1377 0.34
1378 0.32
1379 0.40
1380 0.36
1381 0.31
1382 0.40
1383 0.38
1384 0.44
1385 0.38
1386 0.44
1387 0.40
1388 0.34
1389 0.42
1390 -0.34
1391 0.44
1392 0.18
1393 0.18
1394 0.19
1395 0.29
1396 0.31
1397 0.23
1398 0.25
1399 0.32
1400 0.36
1401 0.44
1402 0.49
1403 0.49
1404 0.38
1405 0.36
1406 0.42
1407 0.31
1408 0.46
1409 0.44
1410 0.49
1411 0.44
1412 0.46
1413 0.42
1414 0.49
1415 0.38
1416 0.36
1417 0.40
1418 0.29
1419 0.49
1420 0.46
1421 -0.17
1422 -0.24
1423 0.40
1424 0.44
1425 0.31
1426 0.34
1427 0.49
1428 0.29
1429 0.44
1430 0.34
1431 0.38
1432 0.40
1433 0.38
1434 0.49
1435 0.31
1436 0.36
1437 0.49
1438 -0.17
1439 0.42
1440 0.40
1441 0.49
1442 0.44
1443 0.36
1444 0.36
1445 0.36
1446 0.49
1447 -0.31
1448 0.46
1449 0.32
1450 0.36
1451 0.36
1452 0.40
1453 0.42
1454 0.42
1455 0.34
1456 -0.17
1457 0.44
1458 0.29
1459 0.36
1460 0.40
1461 0.49
1462 0.49
1463 0.44
1464 0.21
1465 0.38
1466 0.42
1467 0.36
1468 0.34
1469 0.49
1470 0.28
1471 0.49
1472 0.36
1473 0.36
1474 -0.29
1475 0.49
1476 0.28
1477 0.34
1478 0.32
1479 0.40
1480 0.49
1481 0.42
1482 -0.29
1483 0.36
1484 0.46
1485 0.49
1486 -0.15
1487 0.24
1488 -0.16
1489 0.40
1490 0.44
1491 0.36
1492 0.36
1493 0.49
1494 -0.14
1495 0.36
1496 0.42
1497 0.42
1498 0.49
1499 0.49
1500 0.49
1501 0.49
1502 0.46
1503 0.49
1504 0.24
1505 0.26
1506 0.49
1507 0.49
1508 0.29
1509 -0.10
1510 -0.31
1511 0.36
1512 0.44
1513 0.40
1514 0.46
1515 0.23
1516 0.32
1517 0.29
1518 0.34
1519 0.32
1520 -0.25
1521 -0.09
1522 0.38
1523 0.31
1524 0.46
1525 0.40
1526 0.20
1527 0.46
1528 0.40
1529 0.42
1530 0.44
1531 0.40
1532 0.49
1533 -0.26
1534 0.32
1535 0.42
1536 0.49
1537 0.40
1538 0.34
1539 0.49
1540 0.46
1541 0.46
1542 0.40
1543 0.49
1544 0.23
1545 0.49
1546 -0.17
1547 0.38
1548 0.42
1549 0.29
1550 0.40
1551 0.46
1552 0.44
1553 0.32
1554 0.42
1555 0.36
1556 0.31
1557 0.42
1558 0.44
1559 0.42
1560 0.46
1561 -0.21
1562 0.46
1563 0.36
1564 0.36
1565 0.36
1566 0.42
1567 0.36
1568 0.44
1569 0.21
1570 0.46
1571 0.38
1572 -0.14
1573 0.40
1574 0.26
1575 0.44
1576 0.44
1577 0.36
1578 0.38
1579 0.46
1580 0.49
1581 0.49
1582 0.49
1583 -0.17
1584 0.49
1585 0.46
1586 0.49
1587 0.42
1588 0.40
1589 0.49
1590 0.32
1591 0.34
1592 0.44
1593 0.44
1594 0.38
1595 -0.23
1596 0.36
1597 0.29
1598 0.32
1599 0.49
1600 0.38
1601 0.44
1602 0.34
1603 0.49
1604 0.46
1605 0.29
1606 0.40
1607 0.49
1608 0.31
1609 -0.11
1610 0.36
1611 0.36
1612 0.44
1613 0.38
1614 0.42
1615 0.38
1616 0.46
1617 0.38
1618 -0.15
1619 0.14
1620 0.29
1621 0.25
1622 0.49
1623 0.25
1624 0.42
1625 0.40
1626 0.46
1627 0.46
1628 0.44
1629 0.42
1630 0.42
1631 0.46
1632 -0.17
1633 0.36
1634 0.49
1635 0.49
1636 -0.12
1637 0.44
1638 0.49
1639 0.46
1640 0.40
1641 0.36
1642 0.44
1643 0.49
1644 0.38
1645 0.49
1646 0.38
1647 0.36
1648 0.38
1649 0.49
1650 0.44
1651 0.38
1652 0.40
1653 0.32
1654 0.38
1655 0.40
1656 0.38
1657 0.49
1658 0.38
1659 0.40
1660 0.34
1661 0.46
1662 0.31
1663 0.42
1664 0.46
1665 0.36
1666 0.49
1667 0.40
1668 0.49
1669 0.40
1670 0.34
1671 0.38
1672 0.46
1673 0.36
1674 0.49
1675 0.46
1676 0.31
1677 0.40
1678 0.49
1679 0.32
1680 0.49
1681 0.24
1682 0.44
1683 0.42
1684 0.38
1685 0.49
1686 0.49
1687 0.31
1688 0.44
1689 0.49
1690 0.49
1691 0.49
1692 0.46
1693 -0.20
1694 0.29
1695 0.44
1696 0.36
1697 0.38
1698 0.49
1699 0.25
1700 0.46
1701 0.40
1702 0.42
1703 0.40
1704 0.36
1705 0.49
1706 0.38
1707 0.46
1708 -0.31
1709 0.42
1710 0.49
1711 0.21
1712 0.42
1713 -0.34
1714 -0.24
1715 -0.04
1716 0.26
1717 0.31
1718 0.34
1719 0.40
1720 0.42
1721 0.42
1722 0.36
1723 0.44
1724 -0.14
1725 0.38
1726 0.38
1727 0.38
1728 0.31
1729 0.42
1730 0.46
1731 0.49
1732 0.46
1733 0.38
1734 0.42
1735 0.38
1736 0.32
1737 0.49
1738 0.49
1739 0.46
1740 0.49
1741 -0.25
1742 0.32
1743 0.42
1744 0.36
1745 0.44
1746 0.44
1747 0.40
1748 0.31
1749 0.46
1750 0.38
1751 0.31
1752 0.38
1753 0.29
1754 0.49
1755 0.38
1756 0.31
1757 0.46
1758 0.42
1759 0.36
1760 -0.28
1761 0.32
1762 0.36
1763 0.34
1764 0.44
1765 0.34
1766 0.34
1767 0.26
1768 0.40
1769 0.29
1770 0.42
1771 -0.21
1772 0.42
1773 0.40
1774 0.14
1775 0.46
1776 -0.21
1777 0.25
1778 0.32
1779 0.42
1780 0.44
1781 0.49
1782 0.46
1783 0.44
1784 0.36
1785 0.31
1786 0.49
1787 0.46
1788 0.40
1789 0.42
1790 0.40
1791 -0.25
1792 0.31
1793 0.44
1794 0.49
1795 0.40
1796 0.46
1797 -0.13
1798 0.38
1799 0.36
1800 0.44
1801 0.31
1802 0.34
1803 0.46
1804 0.46
1805 0.40
1806 0.40
1807 0.46
1808 0.31
1809 -0.26
1810 -0.20
1811 0.46
1812 -0.08
1813 0.42
1814 0.26
1815 0.25
1816 0.31
1817 -0.16
1818 0.46
1819 0.40
1820 0.29
1821 0.46
1822 0.49
1823 0.38
1824 0.49
1825 0.40
1826 0.31
1827 0.49
1828 0.31
1829 0.29
1830 0.40
1831 0.31
1832 0.44
1833 0.42
1834 0.40
1835 0.44
1836 0.31
1837 0.42
1838 0.38
1839 -0.16
1840 0.44
1841 -0.24
1842 0.34
1843 0.46
1844 0.49
1845 0.46
1846 0.49
1847 0.28
1848 0.46
1849 0.29
1850 0.46
1851 0.38
1852 0.40
1853 -0.14
1854 0.49
1855 0.31
1856 0.44
1857 0.26
1858 0.46
1859 -0.14
1860 0.36
1861 0.38
1862 0.28
1863 0.34
1864 0.38
1865 0.49
1866 0.44
1867 0.24
1868 0.42
1869 0.31
1870 -0.17
1871 0.21
1872 0.32
1873 -0.18
1874 -0.18
1875 -0.25
1876 0.12
1877 0.36
1878 0.38
1879 0.40
1880 0.31
1881 0.24
1882 0.49
1883 0.34
1884 0.44
1885 0.44
1886 0.38
1887 0.40
1888 0.36
1889 0.42
1890 0.40
1891 0.38
1892 0.31
1893 0.34
1894 -0.20
1895 0.49
1896 0.34
1897 0.36
1898 0.49
1899 0.25
1900 0.36
1901 -0.05
1902 0.40
1903 0.49
1904 0.49
1905 0.49
1906 0.31
1907 0.34
1908 0.31
1909 0.42
1910 0.38
1911 0.40
1912 0.24
1913 0.46
1914 0.32
1915 -0.18
1916 0.32
1917 0.28
1918 -0.16
1919 0.42
1920 0.38
1921 0.40
1922 0.36
1923 0.42
1924 0.32
1925 0.32
1926 0.46
1927 0.31
1928 0.49
1929 -0.29
1930 0.49
1931 0.38
1932 0.42
1933 0.38
1934 0.44
1935 0.40
1936 0.42
1937 0.28
1938 0.28
1939 0.42
1940 0.38
1941 -0.31
1942 0.42
1943 0.46
1944 -0.31
1945 -0.20
1946 0.40
1947 0.42
1948 0.46
1949 0.32
1950 0.46
1951 0.40
1952 0.29
1953 0.49
1954 0.40
1955 0.46
1956 -0.29
1957 0.44
1958 0.44
1959 0.38
1960 0.29
1961 0.46
1962 -0.07
1963 -0.29
1964 0.46
1965 0.42
1966 0.46
1967 0.40
1968 0.49
1969 0.38
1970 0.49
1971 0.36
1972 0.40
1973 0.36
1974 0.36
1975 0.49
1976 0.38
1977 0.40
1978 0.49
1979 0.49
1980 0.49
1981 0.49
1982 -0.12
1983 0.34
1984 0.42
1985 0.40
1986 0.40
1987 0.21
1988 0.44
1989 0.42
1990 0.49
1991 0.40
1992 0.46
1993 0.49
1994 0.38
1995 0.38
1996 0.44
1997 0.49
1998 0.44
1999 0.32
2000 0.49
2001 0.49
2002 -0.11
2003 0.38
2004 0.40
2005 0.49
2006 0.38
2007 0.36
2008 0.44
2009 0.26
2010 0.38
2011 0.44
2012 0.34
2013 0.38
2014 0.36
2015 0.40
2016 -0.17
2017 0.49
2018 0.36
2019 0.49
2020 0.44
2021 0.49
2022 0.40
2023 0.49
2024 0.38
2025 0.38
2026 0.40
2027 0.49
2028 -0.18
2029 0.34
2030 0.42
2031 0.46
2032 -0.19
2033 0.31
2034 0.44
2035 0.46
2036 -0.19
2037 0.28
2038 -0.29
2039 0.38
2040 0.40
2041 0.46
2042 0.44
2043 0.42
2044 0.31
2045 0.29
2046 0.38
2047 0.49
2048 0.44
2049 0.49
2050 -0.15
2051 0.49
2052 0.26
2053 0.38
2054 0.36
2055 0.40
2056 0.29
2057 0.31
2058 -0.23
2059 0.34
2060 0.34
2061 0.31
2062 0.32
2063 0.38
2064 0.36
2065 0.44
2066 0.49
2067 0.38
2068 0.38
2069 0.44
2070 0.42
2071 0.46
2072 0.38
2073 0.40
2074 0.21
2075 0.46
2076 0.34
2077 0.32
2078 0.42
2079 0.42
2080 0.32
2081 0.42
2082 0.49
2083 -0.29
2084 0.40
2085 0.36
2086 0.36
2087 0.49
2088 0.38
2089 0.21
2090 0.38
2091 0.32
2092 0.38
2093 0.44
2094 0.49
2095 0.38
2096 0.44
2097 0.44
2098 0.28
2099 0.49
2100 0.36
2101 0.34
2102 0.32
2103 0.42
2104 0.36
2105 0.40
2106 0.32
2107 0.44
2108 -0.04
2109 0.32
2110 0.00
2111 0.31
2112 0.25
2113 0.32
2114 0.44
2115 0.31
2116 0.19
2117 0.44
2118 0.42
2119 -0.26
2120 0.46
2121 0.31
2122 0.28
2123 0.42
2124 -0.23
2125 0.31
2126 0.00
2127 0.38
2128 0.29
2129 0.28
2130 0.36
2131 0.36
2132 0.14
2133 0.44
2134 0.44
2135 0.44
2136 0.29
2137 0.44
2138 0.46
2139 0.28
2140 0.44
2141 0.49
2142 0.24
2143 0.29
2144 0.32
2145 0.44
2146 0.44
2147 0.49
2148 0.32
2149 0.49
2150 0.44
2151 0.49
2152 0.49
2153 0.49
2154 0.29
2155 0.49
2156 0.44
2157 -0.36
2158 0.26
2159 0.29
2160 0.49
2161 -0.21
2162 0.44
2163 0.34
2164 0.49
2165 0.38
2166 0.49
2167 0.49
2168 0.34
2169 0.34
2170 0.44
2171 0.42
2172 0.49
2173 0.49
2174 0.44
2175 0.49
2176 0.40
2177 0.38
2178 0.34
2179 0.44
2180 -0.09
2181 0.38
2182 0.32
2183 0.40
2184 0.29
2185 0.29
2186 0.34
2187 0.46
2188 0.25
2189 0.49
2190 0.36
2191 0.29
2192 0.31
2193 0.40
2194 0.34
2195 0.46
2196 0.38
2197 0.40
2198 0.40
2199 0.49
2200 0.18
2201 0.31
2202 0.38
2203 0.49
2204 0.44
2205 0.38
2206 0.49
2207 0.40
2208 0.49
2209 0.36
2210 0.44
2211 0.38
2212 0.34
2213 0.44
2214 0.49
2215 0.31
2216 0.46
2217 0.44
2218 0.34
2219 -0.24
2220 0.32
2221 0.29
2222 0.38
2223 0.36
2224 0.34
2225 -0.17
2226 0.32
2227 0.32
2228 0.38
2229 0.36
2230 0.26
2231 0.40
2232 0.34
2233 0.49
2234 0.44
2235 0.40
2236 0.34
2237 0.34
2238 0.26
2239 -0.28
2240 0.46
2241 0.42
2242 0.32
2243 0.25
2244 0.38
2245 0.46
2246 0.34
2247 0.44
2248 0.49
2249 0.49
2250 0.40
2251 -0.36
2252 0.42
2253 0.42
2254 -0.12
2255 0.44
2256 0.44
2257 0.42
2258 0.40
2259 0.44
2260 0.49
2261 0.40
2262 0.40
2263 0.49
2264 0.42
2265 0.46
2266 0.46
2267 0.29
2268 0.40
2269 0.49
2270 0.24
2271 0.36
2272 0.24
2273 0.34
2274 0.31
2275 0.49
2276 0.49
2277 0.36
2278 0.28
2279 0.40
2280 0.31
2281 -0.11
2282 0.28
2283 0.34
2284 0.46
2285 0.36
2286 0.46
2287 0.49
2288 0.40
2289 0.26
2290 0.46
2291 0.42
2292 0.36
2293 0.49
2294 -0.21
2295 0.46
2296 0.42
2297 0.46
2298 0.46
2299 -0.15
2300 0.34
2301 0.36
2302 0.42
2303 0.40
2304 0.32
2305 0.42
2306 0.42
2307 0.49
2308 0.40
2309 0.49
2310 0.32
2311 0.44
2312 0.40
2313 0.28
2314 0.44
2315 0.40
2316 0.46
2317 0.49
2318 0.44
2319 0.49
2320 0.31
2321 0.29
2322 0.10
2323 0.42
2324 0.31
2325 0.34
2326 -0.29
2327 -0.32
2328 0.32
2329 -0.17
2330 -0.19
2331 0.14
2332 -0.14
2333 0.09
2334 0.11
2335 0.29
2336 0.34
2337 0.34
2338 0.49
2339 0.46
2340 0.36
2341 0.49
2342 0.46
2343 -0.32
2344 0.38
2345 0.42
2346 0.44
2347 0.34
2348 -0.19
2349 0.46
2350 0.44
2351 0.49
2352 0.42
2353 0.46
2354 0.49
2355 -0.31
2356 -0.31
2357 0.31
2358 0.32
2359 -0.31
2360 0.32
2361 0.29
2362 0.38
2363 0.20
2364 0.32
2365 -0.15
2366 0.31
2367 0.25
2368 0.36
2369 0.38
2370 0.36
2371 0.40
2372 0.38
2373 0.38
2374 0.36
2375 0.38
2376 0.29
2377 0.31
2378 0.44
2379 0.44
2380 -0.29
2381 0.40
2382 0.40
2383 0.44
2384 0.46
2385 0.49
2386 0.38
2387 0.36
2388 -0.20
2389 0.46
2390 0.32
2391 0.49
2392 0.46
2393 0.42
2394 0.44
2395 0.25
2396 0.44
2397 0.49
2398 0.49
2399 0.44
2400 0.42
2401 0.44
2402 0.46
2403 0.46
2404 -0.09
2405 0.40
2406 -0.38
2407 0.32
2408 0.40
2409 0.31
2410 0.38
2411 0.49
2412 0.36
2413 -0.15
2414 0.21
2415 0.32
2416 0.34
2417 0.38
2418 0.46
2419 0.49
2420 0.36
2421 0.36
2422 0.49
2423 0.44
2424 0.36
2425 0.34
2426 0.18
2427 0.44
2428 0.42
2429 0.36
2430 0.40
2431 -0.14
2432 0.36
2433 0.23
2434 0.32
2435 -0.17
2436 0.44
2437 0.26
2438 0.32
2439 0.40
2440 0.11
2441 0.31
2442 0.49
2443 0.34
2444 0.25
2445 0.36
2446 -0.17
2447 0.31
2448 0.34
2449 0.32
2450 0.44
2451 0.49
2452 -0.31
2453 0.29
2454 0.32
2455 0.42
2456 0.36
2457 0.32
2458 0.40
2459 0.16
2460 0.49
2461 0.34
2462 0.46
2463 0.49
2464 0.40
2465 0.46
2466 0.40
2467 0.38
2468 0.38
2469 0.46
2470 0.49
2471 0.38
2472 0.38
2473 0.34
2474 -0.17
2475 0.38
2476 0.42
2477 0.40
2478 0.44
2479 0.46
2480 0.49
2481 0.42
2482 0.29
2483 0.44
2484 0.38
2485 0.46
2486 0.32
2487 0.44
2488 0.36
2489 0.44
2490 0.42
2491 -0.12
2492 0.32
2493 0.42
2494 0.42
2495 0.46
2496 0.36
2497 0.46
2498 0.46
2499 -0.14
2500 0.46
2501 -0.28
2502 0.44
2503 0.42
2504 -0.16
2505 0.24
2506 0.46
2507 0.29
2508 0.44
2509 0.40
2510 0.34
2511 0.32
2512 0.49
2513 0.44
2514 0.49
2515 -0.31
2516 0.42
2517 0.46
2518 0.49
2519 0.44
2520 0.38
2521 0.32
2522 0.46
2523 0.46
2524 0.34
2525 0.34
2526 0.32
2527 -0.19
2528 0.49
2529 0.49
2530 0.40
2531 0.36
2532 0.42
2533 0.28
2534 0.49
2535 0.29
2536 0.38
2537 0.46
2538 0.42
2539 0.42
2540 0.44
2541 0.36
2542 0.44
2543 0.36
2544 0.42
2545 0.36
2546 0.49
2547 0.36
2548 0.42
2549 0.49
2550 0.40
2551 0.38
2552 0.38
2553 0.49
2554 0.26
2555 0.36
2556 0.49
2557 0.49
2558 0.32
2559 -0.31
2560 0.31
2561 0.49
2562 0.36
2563 0.42
2564 0.49
2565 0.40
2566 0.46
2567 0.46
2568 0.46
2569 -0.31
2570 0.42
2571 0.32
2572 -0.24
2573 0.42
2574 0.38
2575 0.34
2576 0.34
2577 0.28
2578 0.18
2579 0.38
2580 0.31
2581 -0.28
2582 -0.14
2583 0.31
2584 0.36
2585 0.36
2586 0.42
2587 0.44
2588 -0.14
2589 0.49
2590 0.46
2591 -0.23
2592 0.46
2593 0.46
2594 0.46
2595 0.25
2596 -0.10
2597 0.46
2598 0.46
2599 0.28
2600 0.34
2601 0.31
2602 0.42
2603 0.44
2604 0.40
2605 -0.23
2606 0.40
2607 0.34
2608 0.49
2609 0.49
2610 0.44
2611 0.40
2612 0.38
2613 0.38
2614 0.34
2615 0.32
2616 0.49
2617 0.31
2618 0.23
2619 0.49
2620 0.34
2621 0.40
2622 0.38
2623 0.49
2624 0.49
2625 0.46
2626 0.49
2627 0.38
2628 0.40
2629 0.36
2630 -0.28
2631 0.36
2632 0.46
2633 0.32
2634 0.49
2635 0.44
2636 0.40
2637 -0.20
2638 0.36
2639 0.49
2640 0.38
2641 0.32
2642 0.49
2643 -0.23
2644 0.44
2645 0.40
2646 0.34
2647 0.40
2648 0.38
2649 0.25
2650 0.34
2651 0.44
2652 0.36
2653 0.36
2654 0.36
2655 0.38
2656 0.46
2657 0.34
2658 0.46
2659 0.40
2660 0.49
2661 0.49
2662 0.44
2663 0.34
2664 0.34
2665 0.49
2666 0.46
2667 0.49
2668 0.38
2669 -0.34
2670 0.49
2671 0.49
2672 -0.18
2673 0.42
2674 0.49
2675 0.44
2676 0.46
2677 0.44
2678 0.42
2679 0.40
2680 0.24
2681 0.38
2682 0.49
2683 0.49
2684 0.32
2685 0.46
2686 0.40
2687 0.26
2688 0.36
2689 0.36
2690 0.44
2691 0.28
2692 0.19
2693 0.49
2694 0.24
2695 0.46
2696 0.34
2697 0.49
2698 0.49
2699 0.46
2700 0.49
2701 0.19
2702 0.46
2703 0.44
2704 0.46
2705 0.49
2706 0.49
2707 0.42
2708 0.34
2709 0.49
2710 0.49
2711 0.46
2712 0.38
2713 0.40
2714 0.46
2715 0.42
2716 0.38
2717 0.49
2718 0.36
2719 0.42
2720 0.36
2721 0.49
2722 0.49
2723 0.49
2724 0.49
2725 0.38
2726 0.24
2727 0.28
2728 0.46
2729 0.42
2730 0.49
2731 0.32
2732 0.44
2733 0.20
2734 0.46
2735 0.49
2736 0.36
2737 -0.24
2738 0.49
2739 0.34
2740 0.49
2741 0.29
2742 0.49
2743 0.42
2744 0.46
2745 0.49
2746 0.40
2747 0.49
2748 -0.18
2749 0.40
2750 0.44
2751 0.34
2752 0.34
2753 0.49
2754 0.42
2755 0.42
2756 0.38
2757 0.36
2758 0.46
2759 0.40
2760 0.40
2761 0.31
2762 0.44
2763 0.49
2764 0.49
2765 0.42
2766 0.34
2767 0.44
2768 0.31
2769 0.49
2770 0.34
2771 0.46
2772 0.40
2773 0.40
2774 0.49
2775 -0.14
2776 0.34
2777 0.36
2778 0.31
2779 0.31
2780 0.29
2781 0.36
2782 0.38
2783 0.38
2784 0.31
2785 0.40
2786 0.36
2787 0.44
2788 0.34
2789 0.40
2790 0.34
2791 0.49
2792 0.44
2793 0.40
2794 0.49
2795 0.32
2796 0.34
2797 0.36
2798 0.38
2799 0.36
2800 0.46
2801 0.40
2802 0.46
2803 0.46
2804 0.40
2805 -0.18
2806 -0.10
2807 0.36
2808 0.06
2809 0.32
2810 0.34
2811 0.14
2812 0.32
2813 0.28
2814 0.29
2815 0.14
2816 0.31
2817 -0.18
2818 0.28
2819 0.38
2820 0.44
2821 0.40
2822 0.32
2823 0.26
2824 0.36
2825 0.34
2826 0.34
2827 0.36
2828 0.49
2829 0.36
2830 0.42
2831 0.38
2832 0.40
2833 0.49
2834 0.49
2835 0.49
2836 0.40
2837 0.44
2838 0.49
2839 0.44
2840 0.44
2841 0.46
2842 0.49
2843 0.24
2844 0.42
2845 0.46
2846 0.49
2847 -0.36
2848 0.34
2849 -0.06
2850 0.36
2851 0.31
2852 0.46
2853 0.34
2854 0.42
2855 0.46
2856 -0.20
2857 0.32
2858 0.32
2859 0.36
2860 0.34
2861 0.20
2862 0.32
2863 -0.19
2864 0.36
2865 0.31
2866 -0.19
2867 0.44
2868 0.32
2869 0.25
2870 0.31
2871 0.49
2872 0.44
2873 0.32
2874 0.40
2875 0.34
2876 0.15
2877 0.38
2878 0.40
2879 0.42
2880 0.46
2881 -0.23
2882 0.49
2883 0.46
2884 0.44
2885 0.44
2886 0.36
2887 0.49
2888 0.32
2889 0.40
2890 0.46
2891 -0.19
2892 0.46
2893 0.31
2894 0.46
2895 0.46
2896 0.46
2897 0.49
2898 0.40
2899 0.40
2900 0.42
2901 0.38
2902 0.44
2903 -0.29
2904 0.49
2905 0.38
2906 0.49
2907 0.32
2908 0.46
2909 0.18
2910 0.49
2911 0.40
2912 0.46
2913 0.31
2914 0.49
2915 -0.26
2916 0.40
2917 0.46
2918 -0.21
2919 0.38
2920 0.46
2921 0.49
2922 0.49
2923 -0.04
2924 -0.17
2925 0.29
2926 0.34
2927 0.46
2928 -0.32
2929 0.38
2930 0.49
2931 0.49
2932 0.32
2933 0.42
2934 0.49
2935 0.42
2936 -0.24
2937 0.40
2938 0.44
2939 0.46
2940 0.42
2941 0.40
2942 0.40
2943 -0.31
2944 0.49
2945 0.46
2946 -0.23
2947 0.38
2948 0.40
2949 -0.21
2950 0.29
2951 0.32
2952 0.32
2953 0.42
2954 0.38
2955 0.42
2956 0.29
2957 0.44
2958 0.42
2959 0.49
2960 0.42
2961 0.46
2962 0.49
2963 0.38
2964 0.44
2965 0.44
2966 0.34
2967 0.44
2968 0.42
2969 0.40
2970 0.42
2971 0.49
2972 0.42
2973 -0.06
2974 0.42
2975 -0.31
2976 0.46
2977 0.49
2978 0.49
2979 0.29
2980 0.40
2981 -0.28
2982 0.34
2983 -0.12
2984 0.34
2985 -0.28
2986 -0.13
2987 0.17
2988 0.44
2989 0.36
2990 0.42
2991 0.42
2992 0.49
2993 0.36
2994 0.40
2995 0.40
2996 0.49
2997 0.38
2998 0.46
2999 0.34
