0 -0.10
30 -0.05
60 -0.03
90 -0.06
120 -0.00
150 0.02
180 -0.02
210 -0.01
240 -0.02
270 -0.02
300 0.02
330 -0.05
360 -0.07
390 -0.03
420 -0.09
450 -0.08
480 -0.09
510 -0.07
540 -0.02
570 -0.04
600 0.01
630 0.02
660 0.10
690 0.01
720 0.11
750 0.02
780 -0.05
810 -0.05
840 -0.02
870 0.04
900 0.09
930 -0.01
960 -0.04
990 0.18
1020 -0.06
1050 0.06
1080 0.02
1110 0.07
1140 0.11
1170 0.02
1200 0.20
1230 0.15
1260 0.19
1290 0.22
1320 0.20
1350 0.19
1380 0.21
1410 0.18
1440 0.22
1470 0.19
1500 0.20
1530 0.23
1560 0.23
1590 0.27
1620 0.38
1650 0.33
1680 0.29
1710 0.20
1740 0.33
1770 0.35
1800 0.38
1830 0.37
1860 0.37
1890 0.36
1920 0.37
1950 0.36
1980 0.36
2010 0.38
2040 0.40
2070 0.38
2100 0.39
2130 0.40
2160 0.36
2190 0.29
2220 0.34
2250 0.33
2280 0.35
2310 0.36
2340 0.37
2370 0.34
2400 0.16
2430 0.22
2460 0.29
2490 0.32
2520 0.35
2550 0.38
2580 0.33
2610 0.34
2640 0.35
2670 0.38
2700 0.35
2730 0.40
2760 0.29
2790 0.36
2820 0.39
2850 0.40
2880 0.36
2910 0.32
2940 0.35
2970 0.38
