0 -0.25
1 -0.22
2 -0.22
3 -0.20
4 -0.20
5 -0.18
6 -0.17
7 -0.19
8 -0.17
9 -0.20
10 -0.18
11 -0.18
12 -0.18
13 -0.19
14 -0.19
15 -0.19
16 -0.20
17 -0.18
18 -0.13
19 -0.17
20 -0.18
21 -0.20
22 -0.17
23 -0.18
24 -0.13
25 -0.15
26 -0.19
27 -0.15
28 -0.13
29 -0.15
30 -0.14
31 -0.15
32 -0.16
33 -0.14
34 -0.18
35 -0.15
36 -0.14
37 -0.16
38 -0.15
39 -0.14
40 -0.18
41 -0.19
42 -0.15
43 -0.14
44 -0.13
45 -0.17
46 -0.09
47 -0.10
48 -0.09
49 -0.07
50 -0.13
51 -0.12
52 -0.08
53 -0.15
54 -0.08
55 -0.05
56 -0.10
57 -0.14
58 -0.07
59 -0.13
60 -0.11
61 -0.08
62 -0.10
63 -0.05
64 -0.05
65 -0.09
66 -0.14
67 -0.09
68 -0.10
69 -0.07
70 -0.07
71 -0.13
72 -0.17
73 -0.06
74 -0.12
75 -0.06
76 -0.08
77 -0.07
78 -0.10
79 -0.07
80 -0.11
81 -0.08
82 -0.10
83 -0.12
84 -0.07
85 -0.12
86 -0.12
87 -0.10
88 -0.10
89 -0.13
90 -0.11
91 -0.12
92 -0.11
93 -0.12
94 -0.12
95 -0.06
96 -0.08
97 -0.05
98 -0.07
99 -0.07
100 -0.07
101 -0.09
102 -0.09
103 -0.16
104 -0.13
105 -0.09
106 -0.12
107 -0.09
108 -0.15
109 -0.11
110 -0.12
111 -0.11
112 -0.09
113 -0.16
114 -0.10
115 -0.12
116 -0.08
117 -0.07
118 -0.08
119 -0.14
120 -0.06
121 -0.07
122 -0.10
123 -0.08
124 -0.12
125 -0.09
126 -0.13
127 -0.12
128 -0.07
129 -0.13
130 -0.05
131 -0.12
132 -0.09
133 -0.07
134 -0.10
135 -0.07
136 -0.04
137 -0.05
138 -0.08
139 -0.06
140 -0.10
141 -0.11
142 -0.09
143 -0.07
144 -0.08
145 -0.13
146 -0.10
147 -0.14
148 -0.10
149 -0.08
150 -0.14
151 -0.08
152 -0.12
153 -0.08
154 -0.12
155 -0.12
156 -0.09
157 -0.04
158 -0.10
159 -0.06
160 -0.07
161 -0.08
162 -0.06
163 -0.03
164 -0.01
165 -0.09
166 -0.05
167 -0.06
168 -0.02
169 -0.06
170 -0.08
171 -0.06
172 -0.09
173 -0.08
174 -0.08
175 -0.10
176 -0.10
177 -0.05
178 -0.02
179 -0.09
180 -0.08
181 -0.10
182 -0.10
183 -0.03
184 -0.12
185 -0.04
186 -0.12
187 -0.08
188 -0.06
189 -0.04
190 -0.09
191 -0.01
192 -0.05
193 -0.08
194 0.00
195 -0.04
196 -0.04
197 -0.04
198 -0.03
199 -0.11
200 -0.12
201 -0.05
202 -0.06
203 -0.03
204 -0.06
205 -0.08
206 -0.06
207 -0.02
208 -0.02
209 -0.09
210 -0.04
211 -0.06
212 -0.01
213 -0.00
214 -0.06
215 -0.10
216 -0.05
217 -0.09
218 0.01
219 -0.03
220 -0.09
221 0.04
222 -0.00
223 0.00
224 0.01
225 0.04
226 -0.12
227 0.00
228 -0.06
229 -0.07
230 -0.06
231 -0.12
232 -0.09
233 -0.04
234 -0.09
235 -0.05
236 -0.05
237 -0.04
238 -0.05
239 -0.08
240 -0.07
241 0.00
242 -0.04
243 -0.01
244 -0.00
245 -0.00
246 -0.00
247 -0.12
248 -0.06
249 -0.08
250 -0.02
251 -0.10
252 -0.08
253 -0.03
254 -0.02
255 -0.07
256 -0.10
257 0.01
258 -0.09
259 -0.02
260 -0.01
261 0.01
262 -0.06
263 0.03
264 -0.02
265 -0.02
266 -0.04
267 -0.08
268 -0.01
269 -0.04
270 -0.03
271 -0.06
272 -0.07
273 -0.03
274 -0.00
275 -0.06
276 -0.06
277 -0.03
278 -0.08
279 -0.07
280 -0.02
281 -0.07
282 -0.03
283 -0.08
284 -0.12
285 -0.07
286 -0.05
287 -0.05
288 -0.03
289 -0.00
290 -0.03
291 -0.03
292 -0.02
293 -0.06
294 -0.03
295 -0.06
296 -0.00
297 -0.08
298 -0.08
299 -0.00
300 -0.06
301 -0.02
302 -0.05
303 -0.07
304 -0.04
305 -0.07
306 -0.00
307 -0.02
308 0.03
309 0.03
310 -0.03
311 -0.01
312 -0.02
313 0.01
314 -0.03
315 -0.09
316 -0.04
317 0.02
318 -0.03
319 0.02
320 -0.03
321 -0.03
322 -0.07
323 -0.07
324 -0.02
325 -0.02
326 -0.03
327 -0.03
328 -0.10
329 -0.09
330 -0.08
331 -0.09
332 -0.06
333 -0.05
334 -0.06
335 -0.05
336 -0.04
337 -0.05
338 -0.05
339 -0.11
340 -0.04
341 -0.07
342 -0.09
343 -0.07
344 -0.02
345 -0.06
346 -0.05
347 -0.07
348 -0.05
349 -0.04
350 -0.00
351 -0.02
352 -0.09
353 -0.11
354 -0.06
355 -0.07
356 -0.06
357 -0.09
358 -0.08
359 -0.07
360 -0.06
361 -0.06
362 -0.11
363 -0.08
364 -0.09
365 -0.02
366 -0.07
367 -0.08
368 -0.07
369 -0.03
370 -0.01
371 -0.07
372 -0.02
373 -0.00
374 -0.04
375 -0.02
376 0.02
377 -0.07
378 -0.13
379 -0.07
380 -0.07
381 -0.06
382 -0.08
383 -0.04
384 -0.03
385 -0.01
386 -0.07
387 -0.05
388 -0.09
389 -0.04
390 0.01
391 -0.10
392 -0.05
393 -0.09
394 -0.06
395 -0.09
396 -0.03
397 -0.06
398 -0.08
399 -0.03
400 -0.08
401 -0.04
402 -0.10
403 -0.07
404 -0.05
405 -0.05
406 -0.04
407 -0.05
408 -0.00
409 -0.02
410 -0.02
411 -0.05
412 -0.01
413 -0.04
414 0.01
415 0.03
416 -0.02
417 -0.05
418 -0.06
419 -0.02
420 0.05
421 0.00
422 0.01
423 -0.03
424 -0.07
425 -0.02
426 -0.01
427 -0.01
428 -0.08
429 -0.02
430 -0.02
431 -0.02
432 -0.08
433 -0.02
434 -0.01
435 -0.00
436 -0.03
437 -0.04
438 -0.07
439 -0.01
440 -0.01
441 0.01
442 -0.07
443 -0.00
444 -0.07
445 -0.05
446 -0.02
447 -0.02
448 -0.03
449 0.03
450 -0.03
451 -0.04
452 -0.03
453 -0.02
454 0.01
455 0.02
456 -0.01
457 -0.09
458 -0.07
459 -0.02
460 0.02
461 -0.04
462 -0.09
463 -0.09
464 -0.04
465 -0.10
466 -0.04
467 -0.05
468 -0.05
469 -0.04
470 -0.07
471 -0.02
472 -0.05
473 -0.08
474 -0.09
475 -0.06
476 0.01
477 -0.05
478 0.02
479 0.01
480 -0.03
481 -0.03
482 -0.05
483 -0.04
484 -0.07
485 0.02
486 0.02
487 0.00
488 -0.03
489 -0.06
490 -0.05
491 -0.08
492 -0.09
493 -0.05
494 -0.02
495 0.02
496 -0.10
497 0.01
498 -0.08
499 -0.02
500 -0.16
501 -0.16
502 -0.20
503 -0.14
504 -0.17
505 -0.17
506 -0.18
507 -0.09
508 -0.10
509 -0.11
510 -0.14
511 -0.12
512 -0.09
513 -0.12
514 -0.09
515 -0.08
516 -0.04
517 -0.08
518 -0.12
519 -0.03
520 -0.07
521 -0.06
522 -0.10
523 0.02
524 0.02
525 0.04
526 -0.06
527 0.03
528 -0.11
529 -0.11
530 -0.07
531 -0.04
532 -0.03
533 -0.11
534 -0.06
535 -0.09
536 -0.03
537 -0.09
538 -0.06
539 0.00
540 -0.02
541 0.02
542 -0.08
543 -0.11
544 -0.01
545 -0.02
546 0.07
547 0.02
548 -0.02
549 -0.04
550 -0.02
551 -0.03
552 0.02
553 0.14
554 -0.02
555 0.01
556 0.11
557 -0.08
558 0.03
559 -0.03
560 0.01
561 -0.06
562 -0.00
563 -0.06
564 -0.04
565 0.01
566 0.03
567 0.06
568 -0.08
569 -0.03
570 0.03
571 -0.01
572 0.03
573 0.04
574 -0.03
575 0.07
576 -0.01
577 0.02
578 0.02
579 -0.06
580 -0.03
581 -0.01
582 0.01
583 -0.04
584 0.00
585 0.09
586 0.12
587 -0.03
588 0.05
589 0.04
590 0.02
591 0.03
592 0.02
593 -0.04
594 0.12
595 0.07
596 0.13
597 0.10
598 0.06
599 0.03
600 0.13
601 0.10
602 0.10
603 0.02
604 0.04
605 0.11
606 -0.02
607 -0.09
608 0.00
609 0.02
610 0.02
611 0.03
612 0.12
613 0.04
614 -0.01
615 -0.00
616 0.00
617 0.09
618 0.14
619 0.07
620 0.08
621 0.09
622 0.08
623 0.06
624 0.00
625 -0.03
626 0.12
627 -0.01
628 0.06
629 0.12
630 0.11
631 -0.01
632 -0.01
633 -0.01
634 0.06
635 0.04
636 0.05
637 0.01
638 0.03
639 0.06
640 0.01
641 0.03
642 -0.02
643 0.05
644 0.05
645 0.07
646 -0.01
647 0.04
648 -0.00
649 0.08
650 0.01
651 -0.08
652 0.04
653 0.01
654 0.08
655 0.08
656 0.09
657 0.04
658 0.10
659 0.07
660 -0.02
661 0.05
662 0.01
663 -0.06
664 -0.02
665 0.08
666 0.06
667 0.08
668 0.00
669 -0.04
670 0.08
671 0.01
672 -0.05
673 -0.03
674 0.04
675 -0.00
676 0.04
677 0.01
678 0.15
679 -0.01
680 0.07
681 0.01
682 0.00
683 0.03
684 0.04
685 0.03
686 0.03
687 0.07
688 0.01
689 0.06
690 0.04
691 0.05
692 -0.02
693 0.06
694 0.11
695 0.01
696 -0.08
697 -0.09
698 0.05
699 -0.06
700 -0.03
701 0.01
702 0.04
703 0.03
704 0.09
705 0.07
706 -0.04
707 0.00
708 0.10
709 0.08
710 -0.03
711 -0.02
712 0.06
713 0.05
714 0.06
715 0.02
716 0.00
717 0.01
718 0.05
719 -0.01
720 -0.03
721 0.02
722 -0.05
723 -0.02
724 0.00
725 0.02
726 0.10
727 -0.03
728 -0.04
729 0.02
730 0.06
731 -0.01
732 -0.04
733 0.15
734 0.04
735 0.10
736 0.12
737 0.05
738 -0.05
739 0.07
740 0.05
741 -0.03
742 0.03
743 0.01
744 -0.07
745 0.05
746 -0.07
747 0.11
748 0.06
749 0.05
750 0.08
751 -0.05
752 0.01
753 0.00
754 0.03
755 0.06
756 -0.01
757 0.06
758 -0.03
759 -0.08
760 -0.02
761 0.03
762 -0.02
763 -0.00
764 0.06
765 -0.02
766 -0.02
767 -0.05
768 0.03
769 -0.04
770 -0.03
771 -0.01
772 -0.01
773 -0.04
774 -0.03
775 -0.02
776 -0.04
777 0.00
778 -0.04
779 -0.00
780 0.07
781 0.04
782 0.03
783 0.01
784 -0.05
785 0.04
786 -0.04
787 0.03
788 -0.02
789 -0.01
790 0.01
791 -0.04
792 0.02
793 0.01
794 -0.03
795 -0.01
796 0.02
797 -0.03
798 0.04
799 0.05
800 0.04
801 -0.01
802 0.02
803 0.03
804 0.12
805 0.06
806 0.01
807 0.03
808 0.11
809 0.05
810 0.01
811 -0.04
812 -0.05
813 0.09
814 0.00
815 0.02
816 0.02
817 0.03
818 0.03
819 0.04
820 0.02
821 0.10
822 0.05
823 0.05
824 0.07
825 0.07
826 -0.04
827 0.10
828 -0.00
829 0.02
830 0.05
831 0.07
832 0.00
833 0.02
834 -0.05
835 -0.05
836 0.07
837 0.08
838 0.10
839 -0.02
840 0.07
841 0.07
842 0.05
843 0.03
844 0.13
845 0.04
846 -0.00
847 0.01
848 -0.01
849 0.06
850 0.02
851 0.05
852 0.02
853 -0.03
854 0.01
855 0.10
856 0.02
857 0.07
858 0.05
859 -0.03
860 0.09
861 0.00
862 0.07
863 0.05
864 0.02
865 0.07
866 0.01
867 0.12
868 0.09
869 0.03
870 0.08
871 0.01
872 -0.01
873 0.05
874 -0.05
875 0.11
876 0.11
877 0.03
878 0.08
879 0.12
880 0.10
881 0.05
882 0.01
883 0.04
884 0.05
885 0.06
886 0.15
887 0.08
888 0.05
889 0.01
890 0.07
891 0.08
892 0.12
893 0.18
894 0.10
895 0.08
896 0.09
897 0.06
898 0.11
899 0.11
900 0.05
901 0.04
902 0.12
903 0.10
904 0.17
905 0.10
906 0.16
907 0.14
908 0.11
909 0.13
910 0.14
911 0.05
912 0.07
913 0.07
914 0.08
915 0.03
916 0.06
917 0.05
918 0.06
919 0.10
920 -0.05
921 0.03
922 0.06
923 0.01
924 0.07
925 0.12
926 0.09
927 0.02
928 0.09
929 0.03
930 0.07
931 -0.03
932 0.02
933 0.06
934 0.09
935 0.05
936 -0.04
937 0.01
938 0.01
939 -0.02
940 -0.05
941 0.01
942 0.00
943 0.08
944 0.12
945 0.04
946 0.03
947 0.16
948 0.03
949 -0.01
950 0.09
951 -0.05
952 -0.04
953 0.10
954 0.10
955 0.02
956 0.03
957 -0.01
958 -0.02
959 -0.05
960 0.05
961 -0.02
962 0.09
963 0.03
964 -0.02
965 0.05
966 0.07
967 0.03
968 -0.04
969 0.02
970 0.04
971 0.08
972 -0.02
973 0.09
974 0.05
975 0.04
976 0.02
977 0.07
978 0.04
979 0.00
980 0.07
981 0.04
982 0.04
983 0.04
984 0.09
985 0.10
986 -0.08
987 -0.05
988 0.04
989 0.05
990 -0.05
991 -0.03
992 0.10
993 0.04
994 -0.03
995 0.04
996 0.03
997 -0.03
998 -0.04
999 -0.02
1000 0.08
1001 0.09
1002 0.10
1003 0.07
1004 0.01
1005 0.00
1006 0.05
1007 0.06
1008 0.05
1009 0.00
1010 0.03
1011 -0.01
1012 0.02
1013 0.03
1014 0.09
1015 0.05
1016 -0.02
1017 -0.06
1018 -0.04
1019 0.06
1020 0.02
1021 0.00
1022 -0.05
1023 0.07
1024 -0.00
1025 -0.05
1026 -0.01
1027 -0.06
1028 -0.05
1029 0.06
1030 0.03
1031 -0.03
1032 -0.05
1033 -0.00
1034 -0.01
1035 0.00
1036 -0.02
1037 0.03
1038 0.02
1039 -0.08
1040 0.01
1041 0.06
1042 0.01
1043 0.06
1044 0.08
1045 -0.03
1046 0.00
1047 0.04
1048 0.07
1049 0.00
1050 -0.01
1051 0.10
1052 0.05
1053 0.07
1054 0.01
1055 0.04
1056 0.02
1057 0.01
1058 0.10
1059 0.13
1060 0.02
1061 0.09
1062 0.08
1063 0.05
1064 -0.03
1065 0.02
1066 -0.02
1067 0.03
1068 -0.08
1069 0.04
1070 -0.00
1071 0.06
1072 0.02
1073 0.07
1074 0.03
1075 0.04
1076 0.04
1077 0.06
1078 0.05
1079 0.08
1080 0.05
1081 -0.02
1082 0.06
1083 0.06
1084 0.01
1085 -0.01
1086 0.02
1087 0.06
1088 0.08
1089 0.03
1090 0.07
1091 0.02
1092 -0.02
1093 0.12
1094 0.00
1095 0.02
1096 0.03
1097 -0.04
1098 0.04
1099 0.04
1100 0.01
1101 0.03
1102 -0.00
1103 -0.02
1104 0.08
1105 0.04
1106 0.06
1107 0.03
1108 0.03
1109 -0.01
1110 -0.01
1111 0.07
1112 0.00
1113 0.12
1114 0.01
1115 0.06
1116 -0.02
1117 0.09
1118 0.08
1119 -0.02
1120 0.07
1121 0.08
1122 0.08
1123 -0.00
1124 0.04
1125 0.11
1126 0.07
1127 0.03
1128 -0.02
1129 0.05
1130 0.07
1131 -0.02
1132 0.09
1133 0.03
1134 0.01
1135 0.10
1136 0.04
1137 -0.01
1138 0.06
1139 0.08
1140 0.07
1141 0.06
1142 0.01
1143 0.07
1144 0.09
1145 -0.01
1146 0.06
1147 0.03
1148 0.04
1149 0.03
1150 -0.01
1151 0.06
1152 0.08
1153 0.04
1154 0.02
1155 -0.03
1156 0.03
1157 0.11
1158 -0.03
1159 0.03
1160 0.08
1161 0.05
1162 0.02
1163 0.05
1164 0.02
1165 0.06
1166 0.04
1167 0.07
1168 0.06
1169 0.06
1170 0.01
1171 0.01
1172 0.05
1173 0.00
1174 0.04
1175 -0.04
1176 0.07
1177 0.08
1178 0.06
1179 0.03
1180 0.04
1181 0.07
1182 0.11
1183 0.07
1184 0.09
1185 0.03
1186 0.07
1187 0.07
1188 0.04
1189 0.02
1190 0.04
1191 0.09
1192 0.03
1193 0.01
1194 0.04
1195 0.05
1196 0.09
1197 0.06
1198 0.13
1199 0.01
1200 -0.01
1201 0.03
1202 0.05
1203 0.03
1204 0.06
1205 0.03
1206 0.01
1207 0.09
1208 0.03
1209 0.00
1210 0.00
1211 0.05
1212 0.06
1213 0.11
1214 0.08
1215 0.05
1216 0.03
1217 -0.01
1218 0.01
1219 -0.00
1220 0.01
1221 0.02
1222 0.07
1223 0.00
1224 -0.00
1225 0.10
1226 0.05
1227 0.09
1228 0.00
1229 0.09
1230 0.03
1231 0.04
1232 0.02
1233 0.06
1234 0.03
1235 0.08
1236 0.04
1237 0.03
1238 0.06
1239 0.12
1240 0.04
1241 0.07
1242 0.05
1243 0.06
1244 0.02
1245 -0.00
1246 0.04
1247 0.13
1248 0.08
1249 0.06
1250 -0.02
1251 0.08
1252 0.01
1253 0.01
1254 0.01
1255 0.07
1256 0.08
1257 0.04
1258 -0.01
1259 0.07
1260 0.16
1261 0.09
1262 0.08
1263 -0.00
1264 0.04
1265 0.07
1266 0.02
1267 0.03
1268 0.02
1269 0.04
1270 0.12
1271 0.13
1272 0.09
1273 0.07
1274 0.07
1275 -0.00
1276 0.10
1277 0.13
1278 -0.00
1279 0.04
1280 0.06
1281 0.13
1282 0.00
1283 0.07
1284 0.06
1285 0.06
1286 0.12
1287 0.08
1288 0.01
1289 0.10
1290 0.15
1291 0.08
1292 0.08
1293 0.12
1294 0.14
1295 0.09
1296 0.08
1297 0.14
1298 0.13
1299 0.12
1300 0.07
1301 0.13
1302 0.07
1303 0.10
1304 0.10
1305 0.07
1306 0.10
1307 0.09
1308 0.15
1309 0.07
1310 0.12
1311 0.05
1312 0.15
1313 0.10
1314 0.07
1315 0.17
1316 0.09
1317 0.10
1318 0.09
1319 0.10
1320 0.09
1321 0.12
1322 0.03
1323 0.10
1324 0.05
1325 0.07
1326 0.10
1327 0.06
1328 0.06
1329 -0.02
1330 0.03
1331 0.07
1332 0.06
1333 0.13
1334 0.10
1335 0.10
1336 0.10
1337 0.11
1338 0.06
1339 0.10
1340 0.05
1341 0.05
1342 -0.03
1343 -0.02
1344 0.06
1345 0.06
1346 0.08
1347 0.09
1348 0.11
1349 0.08
1350 0.05
1351 0.06
1352 0.06
1353 0.02
1354 0.04
1355 0.11
1356 0.11
1357 0.08
1358 0.14
1359 0.13
1360 -0.00
1361 0.06
1362 0.07
1363 0.11
1364 0.07
1365 0.04
1366 0.10
1367 0.15
1368 0.11
1369 0.14
1370 0.03
1371 0.02
1372 0.05
1373 0.09
1374 0.06
1375 0.11
1376 0.05
1377 0.04
1378 0.09
1379 0.08
1380 0.06
1381 0.06
1382 0.10
1383 0.06
1384 0.09
1385 0.06
1386 0.10
1387 0.08
1388 0.04
1389 0.10
1390 0.11
1391 0.04
1392 0.11
1393 0.07
1394 0.04
1395 0.12
1396 0.10
1397 0.10
1398 0.03
1399 0.01
1400 0.03
1401 0.07
1402 0.08
1403 0.04
1404 0.07
1405 0.11
1406 0.08
1407 0.09
1408 0.09
1409 0.10
1410 0.07
1411 0.09
1412 0.11
1413 0.04
1414 0.11
1415 0.07
1416 0.12
1417 0.09
1418 0.11
1419 0.15
1420 0.13
1421 0.00
1422 0.11
1423 0.02
1424 0.07
1425 0.16
1426 0.05
1427 0.07
1428 0.07
1429 0.07
1430 0.11
1431 0.08
1432 0.10
1433 0.08
1434 0.13
1435 0.09
1436 0.07
1437 0.02
1438 0.09
1439 0.08
1440 0.12
1441 0.04
1442 0.11
1443 0.05
1444 0.13
1445 0.11
1446 0.09
1447 0.14
1448 0.17
1449 0.18
1450 0.10
1451 0.14
1452 0.16
1453 0.06
1454 0.09
1455 0.06
1456 0.06
1457 0.13
1458 0.14
1459 0.10
1460 0.12
1461 0.04
1462 -0.02
1463 0.14
1464 0.12
1465 0.13
1466 0.14
1467 0.16
1468 0.15
1469 0.06
1470 0.20
1471 0.12
1472 0.03
1473 0.10
1474 0.02
1475 0.08
1476 0.05
1477 0.08
1478 0.11
1479 0.10
1480 0.05
1481 0.12
1482 0.05
1483 -0.05
1484 -0.00
1485 0.12
1486 0.06
1487 0.04
1488 -0.00
1489 0.11
1490 0.08
1491 0.10
1492 0.05
1493 0.08
1494 0.08
1495 0.04
1496 0.09
1497 0.07
1498 0.03
1499 0.05
1500 0.14
1501 0.11
1502 0.13
1503 0.09
1504 0.12
1505 0.09
1506 0.14
1507 0.16
1508 0.13
1509 0.15
1510 0.19
1511 0.21
1512 0.19
1513 0.16
1514 0.17
1515 0.13
1516 0.22
1517 0.19
1518 0.18
1519 0.17
1520 0.20
1521 0.17
1522 0.15
1523 0.17
1524 0.21
1525 0.18
1526 0.15
1527 0.14
1528 0.10
1529 0.20
1530 0.26
1531 0.21
1532 0.12
1533 0.11
1534 0.20
1535 0.15
1536 0.15
1537 0.18
1538 0.12
1539 0.16
1540 0.17
1541 0.17
1542 0.19
1543 0.14
1544 0.18
1545 0.14
1546 0.12
1547 0.12
1548 0.16
1549 0.18
1550 0.18
1551 0.23
1552 0.09
1553 0.16
1554 0.07
1555 0.11
1556 0.10
1557 0.13
1558 0.19
1559 0.17
1560 0.11
1561 0.23
1562 0.16
1563 0.15
1564 0.17
1565 0.19
1566 0.21
1567 0.07
1568 0.11
1569 0.14
1570 0.12
1571 0.13
1572 0.18
1573 0.10
1574 0.15
1575 0.11
1576 0.12
1577 0.20
1578 0.11
1579 0.23
1580 0.25
1581 0.18
1582 0.13
1583 0.19
1584 0.20
1585 0.11
1586 0.15
1587 0.10
1588 0.08
1589 0.21
1590 0.15
1591 0.18
1592 0.22
1593 0.20
1594 0.15
1595 0.16
1596 0.10
1597 0.08
1598 0.13
1599 0.16
1600 0.18
1601 0.22
1602 0.10
1603 0.15
1604 0.16
1605 0.17
1606 0.20
1607 0.18
1608 0.13
1609 0.17
1610 0.19
1611 0.21
1612 0.21
1613 0.18
1614 0.22
1615 0.08
1616 0.14
1617 0.14
1618 0.16
1619 0.20
1620 0.19
1621 0.10
1622 0.24
1623 0.18
1624 0.16
1625 0.18
1626 0.16
1627 0.19
1628 0.24
1629 0.18
1630 0.21
1631 0.19
1632 0.20
1633 0.19
1634 0.16
1635 0.18
1636 0.20
1637 0.20
1638 0.15
1639 0.23
1640 0.17
1641 0.20
1642 0.15
1643 0.24
1644 0.05
1645 0.12
1646 0.17
1647 0.17
1648 0.26
1649 0.13
1650 0.22
1651 0.19
1652 0.11
1653 0.12
1654 0.14
1655 0.11
1656 0.11
1657 0.23
1658 0.12
1659 0.14
1660 0.12
1661 0.22
1662 0.20
1663 0.14
1664 0.14
1665 0.26
1666 0.15
1667 0.16
1668 0.16
1669 0.17
1670 0.15
1671 0.17
1672 0.15
1673 0.18
1674 0.13
1675 0.20
1676 0.15
1677 0.25
1678 0.18
1679 0.04
1680 0.17
1681 0.19
1682 0.11
1683 0.15
1684 0.19
1685 0.21
1686 0.19
1687 0.14
1688 0.08
1689 0.19
1690 0.10
1691 0.15
1692 0.20
1693 0.21
1694 0.20
1695 0.21
1696 0.18
1697 0.27
1698 0.28
1699 0.19
1700 0.24
1701 0.13
1702 0.17
1703 0.21
1704 0.18
1705 0.16
1706 0.14
1707 0.14
1708 0.22
1709 0.11
1710 0.23
1711 0.19
1712 0.11
1713 0.22
1714 0.15
1715 0.19
1716 0.21
1717 0.20
1718 0.20
1719 0.14
1720 0.15
1721 0.18
1722 0.19
1723 0.12
1724 0.17
1725 0.22
1726 0.20
1727 0.16
1728 0.14
1729 0.19
1730 0.09
1731 0.17
1732 0.16
1733 0.21
1734 0.13
1735 0.20
1736 0.17
1737 0.14
1738 0.18
1739 0.13
1740 0.15
1741 0.20
1742 0.13
1743 0.18
1744 0.18
1745 0.16
1746 0.12
1747 0.15
1748 0.15
1749 0.16
1750 0.18
1751 0.18
1752 0.20
1753 0.13
1754 0.15
1755 0.17
1756 0.08
1757 0.14
1758 0.13
1759 0.20
1760 0.16
1761 0.21
1762 0.12
1763 0.23
1764 0.16
1765 0.19
1766 0.24
1767 0.19
1768 0.21
1769 0.14
1770 0.14
1771 0.10
1772 0.13
1773 0.15
1774 0.12
1775 0.16
1776 0.21
1777 0.19
1778 0.16
1779 0.21
1780 0.22
1781 0.19
1782 0.25
1783 0.17
1784 0.15
1785 0.24
1786 0.20
1787 0.20
1788 0.16
1789 0.20
1790 0.23
1791 0.20
1792 0.12
1793 0.18
1794 0.18
1795 0.18
1796 0.19
1797 0.18
1798 0.15
1799 0.22
1800 0.24
1801 0.19
1802 0.21
1803 0.20
1804 0.17
1805 0.22
1806 0.20
1807 0.19
1808 0.18
1809 0.19
1810 0.25
1811 0.19
1812 0.22
1813 0.23
1814 0.22
1815 0.22
1816 0.23
1817 0.19
1818 0.17
1819 0.22
1820 0.14
1821 0.25
1822 0.19
1823 0.20
1824 0.18
1825 0.14
1826 0.21
1827 0.19
1828 0.19
1829 0.13
1830 0.16
1831 0.14
1832 0.21
1833 0.15
1834 0.13
1835 0.16
1836 0.17
1837 0.19
1838 0.18
1839 0.22
1840 0.18
1841 0.19
1842 0.21
1843 0.15
1844 0.18
1845 0.18
1846 0.18
1847 0.24
1848 0.09
1849 0.14
1850 0.23
1851 0.16
1852 0.20
1853 0.21
1854 0.11
1855 0.16
1856 0.24
1857 0.20
1858 0.12
1859 0.22
1860 0.23
1861 0.24
1862 0.13
1863 0.13
1864 0.20
1865 0.11
1866 0.21
1867 0.22
1868 0.15
1869 0.11
1870 0.17
1871 0.18
1872 0.19
1873 0.24
1874 0.21
1875 0.14
1876 0.14
1877 0.15
1878 0.18
1879 0.15
1880 0.17
1881 0.16
1882 0.14
1883 0.14
1884 0.20
1885 0.14
1886 0.17
1887 0.24
1888 0.16
1889 0.23
1890 0.21
1891 0.14
1892 0.19
1893 0.18
1894 0.19
1895 0.18
1896 0.16
1897 0.18
1898 0.20
1899 0.24
1900 0.21
1901 0.18
1902 0.11
1903 0.21
1904 0.15
1905 0.16
1906 0.18
1907 0.19
1908 0.15
1909 0.15
1910 0.10
1911 0.18
1912 0.14
1913 0.15
1914 0.15
1915 0.18
1916 0.13
1917 0.15
1918 0.14
1919 0.10
1920 0.24
1921 0.13
1922 0.18
1923 0.14
1924 0.20
1925 0.19
1926 0.20
1927 0.22
1928 0.19
1929 0.22
1930 0.20
1931 0.20
1932 0.24
1933 0.23
1934 0.15
1935 0.07
1936 0.21
1937 0.15
1938 0.16
1939 0.19
1940 0.19
1941 0.17
1942 0.15
1943 0.14
1944 0.21
1945 0.16
1946 0.21
1947 0.18
1948 0.16
1949 0.17
1950 0.18
1951 0.18
1952 0.16
1953 0.21
1954 0.20
1955 0.20
1956 0.18
1957 0.16
1958 0.19
1959 0.21
1960 0.23
1961 0.22
1962 0.21
1963 0.19
1964 0.23
1965 0.22
1966 0.21
1967 0.25
1968 0.11
1969 0.17
1970 0.21
1971 0.15
1972 0.11
1973 0.21
1974 0.23
1975 0.23
1976 0.23
1977 0.22
1978 0.21
1979 0.20
1980 0.19
1981 0.26
1982 0.19
1983 0.15
1984 0.16
1985 0.17
1986 0.17
1987 0.16
1988 0.15
1989 0.16
1990 0.18
1991 0.15
1992 0.11
1993 0.19
1994 0.22
1995 0.16
1996 0.20
1997 0.22
1998 0.17
1999 0.19
2000 0.29
2001 0.27
2002 0.34
2003 0.37
2004 0.29
2005 0.28
2006 0.24
2007 0.31
2008 0.33
2009 0.28
2010 0.24
2011 0.28
2012 0.28
2013 0.27
2014 0.29
2015 0.22
2016 0.27
2017 0.27
2018 0.26
2019 0.21
2020 0.28
2021 0.26
2022 0.25
2023 0.25
2024 0.23
2025 0.17
2026 0.20
2027 0.20
2028 0.18
2029 0.25
2030 0.22
2031 0.19
2032 0.16
2033 0.23
2034 0.20
2035 0.18
2036 0.17
2037 0.19
2038 0.23
2039 0.22
2040 0.17
2041 0.17
2042 0.14
2043 0.18
2044 0.22
2045 0.18
2046 0.21
2047 0.19
2048 0.16
2049 0.17
2050 0.15
2051 0.16
2052 0.14
2053 0.10
2054 0.17
2055 0.13
2056 0.09
2057 0.16
2058 0.15
2059 0.16
2060 0.09
2061 0.17
2062 0.17
2063 0.22
2064 0.18
2065 0.13
2066 0.06
2067 0.19
2068 0.16
2069 0.22
2070 0.20
2071 0.19
2072 0.21
2073 0.20
2074 0.19
2075 0.17
2076 0.13
2077 0.18
2078 0.18
2079 0.17
2080 0.09
2081 0.14
2082 0.10
2083 0.10
2084 0.10
2085 0.13
2086 0.08
2087 0.11
2088 0.13
2089 0.10
2090 0.15
2091 0.09
2092 0.12
2093 0.13
2094 0.15
2095 0.11
2096 0.17
2097 0.15
2098 0.19
2099 0.08
2100 0.16
2101 0.12
2102 0.14
2103 0.15
2104 0.14
2105 0.09
2106 0.09
2107 0.09
2108 0.08
2109 0.10
2110 0.16
2111 0.12
2112 0.13
2113 0.04
2114 0.11
2115 0.09
2116 0.18
2117 0.12
2118 0.15
2119 0.13
2120 0.13
2121 0.13
2122 0.14
2123 0.11
2124 0.12
2125 0.09
2126 0.08
2127 0.12
2128 0.08
2129 0.13
2130 0.09
2131 0.14
2132 0.12
2133 0.15
2134 0.20
2135 0.17
2136 0.13
2137 0.17
2138 0.17
2139 0.18
2140 0.10
2141 0.21
2142 0.16
2143 0.17
2144 0.16
2145 0.13
2146 0.11
2147 0.16
2148 0.15
2149 0.15
2150 0.06
2151 0.13
2152 0.19
2153 0.15
2154 0.12
2155 0.11
2156 0.16
2157 0.13
2158 0.21
2159 0.13
2160 0.14
2161 0.15
2162 0.17
2163 0.19
2164 0.10
2165 0.20
2166 0.16
2167 0.17
2168 0.12
2169 0.18
2170 0.15
2171 0.19
2172 0.17
2173 0.18
2174 0.16
2175 0.15
2176 0.21
2177 0.16
2178 0.15
2179 0.17
2180 0.17
2181 0.20
2182 0.14
2183 0.21
2184 0.22
2185 0.16
2186 0.21
2187 0.09
2188 0.10
2189 0.13
2190 0.17
2191 0.16
2192 0.20
2193 0.16
2194 0.13
2195 0.15
2196 0.15
2197 0.16
2198 0.20
2199 0.10
2200 0.18
2201 0.20
2202 0.20
2203 0.18
2204 0.14
2205 0.13
2206 0.18
2207 0.15
2208 0.10
2209 0.12
2210 0.18
2211 0.11
2212 0.13
2213 0.09
2214 0.14
2215 0.17
2216 0.17
2217 0.19
2218 0.14
2219 0.17
2220 0.17
2221 0.18
2222 0.23
2223 0.12
2224 0.19
2225 0.17
2226 0.12
2227 0.19
2228 0.18
2229 0.22
2230 0.25
2231 0.20
2232 0.16
2233 0.21
2234 0.19
2235 0.22
2236 0.13
2237 0.24
2238 0.20
2239 0.19
2240 0.23
2241 0.26
2242 0.21
2243 0.21
2244 0.21
2245 0.20
2246 0.17
2247 0.22
2248 0.18
2249 0.10
2250 0.18
2251 0.20
2252 0.19
2253 0.27
2254 0.25
2255 0.22
2256 0.18
2257 0.18
2258 0.18
2259 0.18
2260 0.13
2261 0.19
2262 0.21
2263 0.20
2264 0.24
2265 0.22
2266 0.15
2267 0.23
2268 0.14
2269 0.24
2270 0.27
2271 0.24
2272 0.20
2273 0.23
2274 0.22
2275 0.26
2276 0.16
2277 0.16
2278 0.25
2279 0.19
2280 0.17
2281 0.21
2282 0.15
2283 0.21
2284 0.19
2285 0.19
2286 0.23
2287 0.23
2288 0.17
2289 0.20
2290 0.23
2291 0.25
2292 0.20
2293 0.21
2294 0.23
2295 0.15
2296 0.18
2297 0.19
2298 0.21
2299 0.20
2300 0.21
2301 0.23
2302 0.24
2303 0.27
2304 0.25
2305 0.25
2306 0.21
2307 0.25
2308 0.20
2309 0.26
2310 0.19
2311 0.21
2312 0.18
2313 0.17
2314 0.21
2315 0.19
2316 0.24
2317 0.22
2318 0.17
2319 0.21
2320 0.18
2321 0.26
2322 0.18
2323 0.22
2324 0.24
2325 0.29
2326 0.24
2327 0.23
2328 0.21
2329 0.22
2330 0.21
2331 0.21
2332 0.16
2333 0.18
2334 0.22
2335 0.24
2336 0.21
2337 0.23
2338 0.21
2339 0.18
2340 0.26
2341 0.23
2342 0.26
2343 0.15
2344 0.16
2345 0.21
2346 0.21
2347 0.22
2348 0.22
2349 0.21
2350 0.14
2351 0.21
2352 0.20
2353 0.20
2354 0.20
2355 0.16
2356 0.18
2357 0.24
2358 0.21
2359 0.18
2360 0.21
2361 0.16
2362 0.19
2363 0.16
2364 0.19
2365 0.18
2366 0.17
2367 0.19
2368 0.19
2369 0.18
2370 0.28
2371 0.16
2372 0.20
2373 0.14
2374 0.20
2375 0.15
2376 0.23
2377 0.17
2378 0.25
2379 0.25
2380 0.22
2381 0.25
2382 0.26
2383 0.27
2384 0.20
2385 0.16
2386 0.25
2387 0.20
2388 0.15
2389 0.21
2390 0.23
2391 0.16
2392 0.20
2393 0.24
2394 0.15
2395 0.21
2396 0.19
2397 0.22
2398 0.20
2399 0.16
2400 0.21
2401 0.23
2402 0.18
2403 0.18
2404 0.24
2405 0.21
2406 0.25
2407 0.19
2408 0.26
2409 0.16
2410 0.19
2411 0.12
2412 0.25
2413 0.21
2414 0.23
2415 0.21
2416 0.22
2417 0.24
2418 0.14
2419 0.23
2420 0.18
2421 0.23
2422 0.26
2423 0.23
2424 0.21
2425 0.23
2426 0.17
2427 0.29
2428 0.16
2429 0.15
2430 0.21
2431 0.27
2432 0.28
2433 0.22
2434 0.25
2435 0.22
2436 0.20
2437 0.21
2438 0.22
2439 0.24
2440 0.17
2441 0.24
2442 0.26
2443 0.19
2444 0.20
2445 0.22
2446 0.23
2447 0.24
2448 0.25
2449 0.24
2450 0.15
2451 0.21
2452 0.23
2453 0.15
2454 0.20
2455 0.21
2456 0.21
2457 0.25
2458 0.18
2459 0.19
2460 0.19
2461 0.20
2462 0.21
2463 0.21
2464 0.21
2465 0.16
2466 0.20
2467 0.23
2468 0.21
2469 0.23
2470 0.20
2471 0.17
2472 0.19
2473 0.13
2474 0.16
2475 0.16
2476 0.16
2477 0.19
2478 0.17
2479 0.23
2480 0.15
2481 0.22
2482 0.22
2483 0.17
2484 0.16
2485 0.19
2486 0.19
2487 0.12
2488 0.21
2489 0.21
2490 0.23
2491 0.23
2492 0.25
2493 0.20
2494 0.18
2495 0.22
2496 0.23
2497 0.18
2498 0.21
2499 0.23
2500 0.29
2501 0.33
2502 0.33
2503 0.38
2504 0.38
2505 0.33
2506 0.32
2507 0.32
2508 0.31
2509 0.30
2510 0.33
2511 0.25
2512 0.31
2513 0.31
2514 0.27
2515 0.27
2516 0.32
2517 0.31
2518 0.26
2519 0.34
2520 0.37
2521 0.26
2522 0.29
2523 0.29
2524 0.33
2525 0.32
2526 0.34
2527 0.31
2528 0.32
2529 0.36
2530 0.32
2531 0.27
2532 0.29
2533 0.27
2534 0.30
2535 0.31
2536 0.30
2537 0.34
2538 0.38
2539 0.33
2540 0.33
2541 0.35
2542 0.27
2543 0.35
2544 0.36
2545 0.32
2546 0.34
2547 0.35
2548 0.32
2549 0.33
2550 0.33
2551 0.31
2552 0.30
2553 0.32
2554 0.31
2555 0.36
2556 0.32
2557 0.31
2558 0.31
2559 0.19
2560 0.22
2561 0.23
2562 0.34
2563 0.33
2564 0.31
2565 0.32
2566 0.29
2567 0.36
2568 0.34
2569 0.28
2570 0.31
2571 0.27
2572 0.28
2573 0.29
2574 0.28
2575 0.27
2576 0.32
2577 0.33
2578 0.32
2579 0.27
2580 0.30
2581 0.32
2582 0.27
2583 0.36
2584 0.29
2585 0.36
2586 0.34
2587 0.34
2588 0.33
2589 0.31
2590 0.35
2591 0.37
2592 0.40
2593 0.35
2594 0.29
2595 0.30
2596 0.33
2597 0.26
2598 0.30
2599 0.35
2600 0.34
2601 0.31
2602 0.34
2603 0.29
2604 0.34
2605 0.33
2606 0.33
2607 0.28
2608 0.34
2609 0.31
2610 0.31
2611 0.25
2612 0.34
2613 0.27
2614 0.31
2615 0.30
2616 0.31
2617 0.35
2618 0.32
2619 0.36
2620 0.33
2621 0.35
2622 0.26
2623 0.32
2624 0.38
2625 0.33
2626 0.25
2627 0.35
2628 0.32
2629 0.34
2630 0.35
2631 0.34
2632 0.28
2633 0.30
2634 0.33
2635 0.32
2636 0.29
2637 0.30
2638 0.29
2639 0.34
2640 0.31
2641 0.33
2642 0.27
2643 0.31
2644 0.33
2645 0.27
2646 0.34
2647 0.30
2648 0.36
2649 0.30
2650 0.30
2651 0.33
2652 0.34
2653 0.30
2654 0.36
2655 0.32
2656 0.29
2657 0.33
2658 0.33
2659 0.32
2660 0.31
2661 0.32
2662 0.27
2663 0.33
2664 0.31
2665 0.31
2666 0.34
2667 0.37
2668 0.32
2669 0.36
2670 0.32
2671 0.28
2672 0.39
2673 0.36
2674 0.24
2675 0.32
2676 0.31
2677 0.36
2678 0.34
2679 0.39
2680 0.26
2681 0.38
2682 0.32
2683 0.34
2684 0.36
2685 0.37
2686 0.36
2687 0.32
2688 0.38
2689 0.35
2690 0.35
2691 0.31
2692 0.35
2693 0.40
2694 0.35
2695 0.38
2696 0.38
2697 0.32
2698 0.37
2699 0.32
2700 0.33
2701 0.34
2702 0.40
2703 0.35
2704 0.35
2705 0.35
2706 0.38
2707 0.35
2708 0.27
2709 0.39
2710 0.37
2711 0.29
2712 0.38
2713 0.32
2714 0.34
2715 0.35
2716 0.35
2717 0.32
2718 0.36
2719 0.41
2720 0.33
2721 0.40
2722 0.30
2723 0.34
2724 0.35
2725 0.30
2726 0.37
2727 0.39
2728 0.38
2729 0.38
2730 0.29
2731 0.33
2732 0.36
2733 0.33
2734 0.30
2735 0.37
2736 0.34
2737 0.37
2738 0.41
2739 0.34
2740 0.32
2741 0.42
2742 0.43
2743 0.35
2744 0.36
2745 0.40
2746 0.36
2747 0.42
2748 0.39
2749 0.35
2750 0.39
2751 0.34
2752 0.35
2753 0.36
2754 0.40
2755 0.34
2756 0.32
2757 0.30
2758 0.33
2759 0.40
2760 0.33
2761 0.34
2762 0.35
2763 0.34
2764 0.37
2765 0.38
2766 0.38
2767 0.36
2768 0.36
2769 0.36
2770 0.37
2771 0.38
2772 0.40
2773 0.35
2774 0.34
2775 0.37
2776 0.40
2777 0.35
2778 0.35
2779 0.36
2780 0.36
2781 0.34
2782 0.41
2783 0.37
2784 0.37
2785 0.38
2786 0.41
2787 0.41
2788 0.39
2789 0.36
2790 0.39
2791 0.37
2792 0.36
2793 0.37
2794 0.23
2795 0.29
2796 0.35
2797 0.33
2798 0.31
2799 0.38
2800 0.35
2801 0.34
2802 0.35
2803 0.29
2804 0.37
2805 0.35
2806 0.39
2807 0.38
2808 0.33
2809 0.33
2810 0.38
2811 0.37
2812 0.33
2813 0.37
2814 0.30
2815 0.34
2816 0.37
2817 0.35
2818 0.35
2819 0.37
2820 0.27
2821 0.34
2822 0.34
2823 0.38
2824 0.37
2825 0.36
2826 0.39
2827 0.37
2828 0.39
2829 0.37
2830 0.34
2831 0.34
2832 0.40
2833 0.31
2834 0.33
2835 0.39
2836 0.38
2837 0.37
2838 0.40
2839 0.35
2840 0.35
2841 0.39
2842 0.30
2843 0.29
2844 0.36
2845 0.38
2846 0.34
2847 0.40
2848 0.39
2849 0.35
2850 0.31
2851 0.34
2852 0.33
2853 0.35
2854 0.38
2855 0.37
2856 0.35
2857 0.34
2858 0.31
2859 0.30
2860 0.33
2861 0.36
2862 0.39
2863 0.34
2864 0.34
2865 0.37
2866 0.27
2867 0.34
2868 0.33
2869 0.27
2870 0.34
2871 0.30
2872 0.31
2873 0.35
2874 0.35
2875 0.34
2876 0.36
2877 0.34
2878 0.36
2879 0.36
2880 0.30
2881 0.33
2882 0.31
2883 0.39
2884 0.35
2885 0.32
2886 0.34
2887 0.30
2888 0.42
2889 0.28
2890 0.39
2891 0.39
2892 0.36
2893 0.31
2894 0.37
2895 0.40
2896 0.37
2897 0.31
2898 0.34
2899 0.32
2900 0.38
2901 0.38
2902 0.34
2903 0.38
2904 0.42
2905 0.32
2906 0.34
2907 0.35
2908 0.39
2909 0.34
2910 0.35
2911 0.31
2912 0.39
2913 0.34
2914 0.38
2915 0.30
2916 0.37
2917 0.34
2918 0.37
2919 0.34
2920 0.30
2921 0.30
2922 0.28
2923 0.40
2924 0.35
2925 0.37
2926 0.36
2927 0.38
2928 0.37
2929 0.40
2930 0.31
2931 0.38
2932 0.30
2933 0.34
2934 0.36
2935 0.32
2936 0.41
2937 0.37
2938 0.34
2939 0.37
2940 0.38
2941 0.32
2942 0.30
2943 0.34
2944 0.33
2945 0.34
2946 0.36
2947 0.37
2948 0.37
2949 0.28
2950 0.34
2951 0.36
2952 0.38
2953 0.37
2954 0.39
2955 0.35
2956 0.36
2957 0.37
2958 0.37
2959 0.33
2960 0.32
2961 0.32
2962 0.32
2963 0.32
2964 0.35
2965 0.27
2966 0.36
2967 0.35
2968 0.40
2969 0.34
2970 0.36
2971 0.38
2972 0.30
2973 0.43
2974 0.38
2975 0.41
2976 0.39
2977 0.35
2978 0.39
2979 0.32
2980 0.29
2981 0.34
2982 0.28
2983 0.30
2984 0.29
2985 0.36
2986 0.39
2987 0.36
2988 0.34
2989 0.36
2990 0.36
2991 0.33
2992 0.34
2993 0.38
2994 0.37
2995 0.33
2996 0.33
2997 0.33
2998 0.39
2999 0.39
3000 0.39
3001 0.34
3002 0.38
3003 0.36
3004 0.32
3005 0.33
3006 0.25
3007 0.29
3008 0.26
3009 0.21
3010 0.26
3011 0.20
3012 0.22
3013 0.23
3014 0.26
3015 0.30
3016 0.25
3017 0.18
3018 0.25
3019 0.22
3020 0.25
3021 0.24
3022 0.21
3023 0.22
3024 0.21
3025 0.15
3026 0.21
3027 0.16
3028 0.18
3029 0.18
3030 0.20
3031 0.19
3032 0.22
3033 0.23
3034 0.13
3035 0.18
3036 0.17
3037 0.14
3038 0.22
3039 0.19
3040 0.22
3041 0.16
3042 0.27
3043 0.25
3044 0.26
3045 0.25
3046 0.21
3047 0.32
3048 0.24
3049 0.24
3050 0.28
3051 0.28
3052 0.26
3053 0.31
3054 0.34
3055 0.17
3056 0.30
3057 0.23
3058 0.33
3059 0.27
3060 0.26
3061 0.30
3062 0.30
3063 0.30
3064 0.27
3065 0.29
3066 0.30
3067 0.27
3068 0.30
3069 0.33
3070 0.33
3071 0.32
3072 0.34
3073 0.38
3074 0.27
3075 0.30
3076 0.31
3077 0.37
3078 0.37
3079 0.33
3080 0.33
3081 0.32
3082 0.34
3083 0.35
3084 0.37
3085 0.35
3086 0.34
3087 0.31
3088 0.36
3089 0.29
3090 0.39
3091 0.35
3092 0.39
3093 0.39
3094 0.38
3095 0.44
3096 0.38
3097 0.35
3098 0.38
3099 0.34
3100 0.41
3101 0.39
3102 0.28
3103 0.41
3104 0.33
3105 0.42
3106 0.39
3107 0.32
3108 0.33
3109 0.38
3110 0.28
3111 0.38
3112 0.28
3113 0.36
3114 0.38
3115 0.34
3116 0.33
3117 0.35
3118 0.41
3119 0.38
3120 0.33
3121 0.36
3122 0.33
3123 0.33
3124 0.36
3125 0.35
3126 0.26
3127 0.42
3128 0.34
3129 0.33
3130 0.27
3131 0.34
3132 0.39
3133 0.33
3134 0.35
3135 0.37
3136 0.36
3137 0.34
3138 0.34
3139 0.31
3140 0.36
3141 0.35
3142 0.31
3143 0.36
3144 0.39
3145 0.35
3146 0.35
3147 0.36
3148 0.36
3149 0.38
3150 0.32
3151 0.30
3152 0.37
3153 0.39
3154 0.32
3155 0.37
3156 0.33
3157 0.36
3158 0.39
3159 0.39
3160 0.39
3161 0.40
3162 0.38
3163 0.38
3164 0.42
3165 0.38
3166 0.38
3167 0.41
3168 0.34
3169 0.36
3170 0.38
3171 0.38
3172 0.33
3173 0.33
3174 0.42
3175 0.32
3176 0.33
3177 0.39
3178 0.33
3179 0.41
3180 0.38
3181 0.39
3182 0.36
3183 0.38
3184 0.36
3185 0.29
3186 0.39
3187 0.37
3188 0.38
3189 0.39
3190 0.41
3191 0.31
3192 0.39
3193 0.28
3194 0.39
3195 0.40
3196 0.37
3197 0.32
3198 0.33
3199 0.43
3200 0.32
3201 0.34
3202 0.31
3203 0.36
3204 0.40
3205 0.39
3206 0.30
3207 0.29
3208 0.35
3209 0.27
3210 0.39
3211 0.33
3212 0.35
3213 0.26
3214 0.31
3215 0.39
3216 0.33
3217 0.36
3218 0.42
3219 0.41
3220 0.26
3221 0.35
3222 0.38
3223 0.34
3224 0.35
3225 0.38
3226 0.35
3227 0.42
3228 0.38
3229 0.42
3230 0.38
3231 0.33
3232 0.39
3233 0.34
3234 0.39
3235 0.37
3236 0.40
3237 0.31
3238 0.40
3239 0.40
3240 0.41
3241 0.31
3242 0.35
3243 0.28
3244 0.44
3245 0.33
3246 0.34
3247 0.36
3248 0.36
3249 0.44
3250 0.32
3251 0.29
3252 0.36
3253 0.38
3254 0.32
3255 0.31
3256 0.42
3257 0.41
3258 0.39
3259 0.42
3260 0.30
3261 0.33
3262 0.38
3263 0.39
3264 0.33
3265 0.37
3266 0.38
3267 0.37
3268 0.39
3269 0.29
3270 0.37
3271 0.32
3272 0.31
3273 0.34
3274 0.33
3275 0.38
3276 0.43
3277 0.36
3278 0.41
3279 0.40
3280 0.34
3281 0.34
3282 0.34
3283 0.35
3284 0.30
3285 0.32
3286 0.35
3287 0.34
3288 0.26
3289 0.32
3290 0.40
3291 0.31
3292 0.33
3293 0.36
3294 0.39
3295 0.35
3296 0.40
3297 0.35
3298 0.31
3299 0.32
3300 0.32
3301 0.36
3302 0.33
3303 0.35
3304 0.30
3305 0.36
3306 0.33
3307 0.34
3308 0.33
3309 0.37
3310 0.35
3311 0.33
3312 0.32
3313 0.39
3314 0.35
3315 0.38
3316 0.31
3317 0.34
3318 0.32
3319 0.34
3320 0.29
3321 0.24
3322 0.33
3323 0.34
3324 0.31
3325 0.31
3326 0.32
3327 0.36
3328 0.30
3329 0.39
3330 0.35
3331 0.31
3332 0.35
3333 0.35
3334 0.42
3335 0.33
3336 0.33
3337 0.38
3338 0.30
3339 0.39
3340 0.29
3341 0.31
3342 0.36
3343 0.34
3344 0.34
3345 0.28
3346 0.30
3347 0.36
3348 0.34
3349 0.38
3350 0.39
3351 0.36
3352 0.38
3353 0.33
3354 0.38
3355 0.38
3356 0.35
3357 0.38
3358 0.27
3359 0.32
3360 0.32
3361 0.36
3362 0.34
3363 0.38
3364 0.33
3365 0.30
3366 0.38
3367 0.38
3368 0.35
3369 0.36
3370 0.31
3371 0.37
3372 0.36
3373 0.35
3374 0.34
3375 0.33
3376 0.39
3377 0.35
3378 0.31
3379 0.35
3380 0.23
3381 0.37
3382 0.37
3383 0.35
3384 0.36
3385 0.36
3386 0.37
3387 0.30
3388 0.38
3389 0.38
3390 0.36
3391 0.31
3392 0.41
3393 0.38
3394 0.39
3395 0.36
3396 0.35
3397 0.37
3398 0.35
3399 0.31
3400 0.38
3401 0.41
3402 0.32
3403 0.38
3404 0.32
3405 0.34
3406 0.36
3407 0.37
3408 0.37
3409 0.32
3410 0.32
3411 0.40
3412 0.30
3413 0.40
3414 0.34
3415 0.37
3416 0.36
3417 0.33
3418 0.42
3419 0.36
3420 0.36
3421 0.32
3422 0.31
3423 0.29
3424 0.29
3425 0.31
3426 0.36
3427 0.38
3428 0.36
3429 0.36
3430 0.34
3431 0.37
3432 0.30
3433 0.39
3434 0.39
3435 0.41
3436 0.37
3437 0.33
3438 0.37
3439 0.33
3440 0.34
3441 0.35
3442 0.34
3443 0.35
3444 0.35
3445 0.27
3446 0.35
3447 0.31
3448 0.32
3449 0.39
3450 0.37
3451 0.28
3452 0.33
3453 0.31
3454 0.43
3455 0.36
3456 0.34
3457 0.37
3458 0.37
3459 0.35
3460 0.36
3461 0.37
3462 0.31
3463 0.38
3464 0.32
3465 0.39
3466 0.39
3467 0.37
3468 0.35
3469 0.33
3470 0.39
3471 0.40
3472 0.40
3473 0.33
3474 0.37
3475 0.39
3476 0.39
3477 0.38
3478 0.38
3479 0.40
3480 0.39
3481 0.34
3482 0.38
3483 0.39
3484 0.39
3485 0.33
3486 0.39
3487 0.40
3488 0.39
3489 0.38
3490 0.33
3491 0.35
3492 0.37
3493 0.36
3494 0.42
3495 0.37
3496 0.36
3497 0.40
3498 0.39
3499 0.35
3500 0.38
3501 0.33
3502 0.33
3503 0.34
3504 0.31
3505 0.35
3506 0.37
3507 0.42
3508 0.40
3509 0.32
3510 0.37
3511 0.38
3512 0.42
3513 0.33
3514 0.32
3515 0.28
3516 0.37
3517 0.35
3518 0.37
3519 0.32
3520 0.36
3521 0.33
3522 0.32
3523 0.34
3524 0.20
3525 0.29
3526 0.34
3527 0.33
3528 0.34
3529 0.29
3530 0.29
3531 0.33
3532 0.27
3533 0.33
3534 0.29
3535 0.32
3536 0.32
3537 0.30
3538 0.26
3539 0.26
3540 0.33
3541 0.34
3542 0.31
3543 0.32
3544 0.37
3545 0.32
3546 0.29
3547 0.32
3548 0.33
3549 0.31
3550 0.28
3551 0.23
3552 0.39
3553 0.28
3554 0.34
3555 0.27
3556 0.31
3557 0.29
3558 0.27
3559 0.32
3560 0.29
3561 0.20
3562 0.28
3563 0.34
3564 0.35
3565 0.31
3566 0.35
3567 0.36
3568 0.35
3569 0.38
3570 0.31
3571 0.28
3572 0.31
3573 0.31
3574 0.28
3575 0.36
3576 0.32
3577 0.32
3578 0.26
3579 0.32
3580 0.31
3581 0.34
3582 0.32
3583 0.31
3584 0.32
3585 0.27
3586 0.32
3587 0.29
3588 0.29
3589 0.33
3590 0.33
3591 0.28
3592 0.29
3593 0.32
3594 0.32
3595 0.34
3596 0.34
3597 0.38
3598 0.31
3599 0.31
3600 0.30
3601 0.35
3602 0.36
3603 0.32
3604 0.37
3605 0.36
3606 0.39
3607 0.31
3608 0.32
3609 0.32
3610 0.40
3611 0.33
3612 0.40
3613 0.34
3614 0.35
3615 0.42
3616 0.31
3617 0.37
3618 0.35
3619 0.31
3620 0.36
3621 0.32
3622 0.37
3623 0.35
3624 0.33
3625 0.34
3626 0.29
3627 0.26
3628 0.28
3629 0.28
3630 0.28
3631 0.31
3632 0.36
3633 0.30
3634 0.29
3635 0.31
3636 0.25
3637 0.32
3638 0.36
3639 0.32
3640 0.26
3641 0.32
3642 0.34
3643 0.35
3644 0.38
3645 0.33
3646 0.37
3647 0.38
3648 0.37
3649 0.35
3650 0.34
3651 0.35
3652 0.33
3653 0.37
3654 0.39
3655 0.33
3656 0.33
3657 0.36
3658 0.34
3659 0.35
3660 0.37
3661 0.32
3662 0.32
3663 0.37
3664 0.33
3665 0.37
3666 0.35
3667 0.40
3668 0.31
3669 0.38
3670 0.38
3671 0.33
3672 0.34
3673 0.31
3674 0.36
3675 0.41
3676 0.37
3677 0.29
3678 0.34
3679 0.34
3680 0.32
3681 0.38
3682 0.33
3683 0.39
3684 0.39
3685 0.36
3686 0.32
3687 0.39
3688 0.30
3689 0.34
3690 0.34
3691 0.34
3692 0.35
3693 0.38
3694 0.33
3695 0.29
3696 0.36
3697 0.38
3698 0.38
3699 0.41
3700 0.34
3701 0.31
3702 0.29
3703 0.36
3704 0.33
3705 0.33
3706 0.36
3707 0.31
3708 0.31
3709 0.35
3710 0.29
3711 0.30
3712 0.37
3713 0.31
3714 0.33
3715 0.38
3716 0.34
3717 0.39
3718 0.36
3719 0.33
3720 0.38
3721 0.26
3722 0.41
3723 0.27
3724 0.27
3725 0.24
3726 0.35
3727 0.34
3728 0.35
3729 0.32
3730 0.31
3731 0.32
3732 0.37
3733 0.41
3734 0.34
3735 0.35
3736 0.34
3737 0.33
3738 0.36
3739 0.32
3740 0.39
3741 0.32
3742 0.40
3743 0.39
3744 0.33
3745 0.38
3746 0.38
3747 0.39
3748 0.40
3749 0.36
3750 0.34
3751 0.33
3752 0.42
3753 0.39
3754 0.32
3755 0.37
3756 0.38
3757 0.40
3758 0.36
3759 0.40
3760 0.34
3761 0.37
3762 0.44
3763 0.26
3764 0.34
3765 0.29
3766 0.32
3767 0.34
3768 0.33
3769 0.41
3770 0.38
3771 0.38
3772 0.34
3773 0.38
3774 0.39
3775 0.32
3776 0.32
3777 0.26
3778 0.33
3779 0.31
3780 0.42
3781 0.39
3782 0.39
3783 0.34
3784 0.36
3785 0.40
3786 0.35
3787 0.40
3788 0.32
3789 0.44
3790 0.35
3791 0.27
3792 0.39
3793 0.35
3794 0.34
3795 0.40
3796 0.37
3797 0.37
3798 0.34
3799 0.35
3800 0.37
3801 0.35
3802 0.38
3803 0.31
3804 0.37
3805 0.38
3806 0.35
3807 0.33
3808 0.35
3809 0.38
3810 0.35
3811 0.35
3812 0.38
3813 0.36
3814 0.35
3815 0.39
3816 0.30
3817 0.40
3818 0.41
3819 0.34
3820 0.40
3821 0.37
3822 0.40
3823 0.35
3824 0.36
3825 0.38
3826 0.32
3827 0.45
3828 0.32
3829 0.37
3830 0.34
3831 0.38
3832 0.36
3833 0.38
3834 0.39
3835 0.39
3836 0.39
3837 0.32
3838 0.29
3839 0.39
3840 0.38
3841 0.39
3842 0.39
3843 0.37
3844 0.37
3845 0.39
3846 0.40
3847 0.33
3848 0.37
3849 0.40
3850 0.36
3851 0.38
3852 0.32
3853 0.39
3854 0.32
3855 0.40
3856 0.30
3857 0.40
3858 0.38
3859 0.35
3860 0.40
3861 0.35
3862 0.36
3863 0.41
3864 0.31
3865 0.33
3866 0.34
3867 0.38
3868 0.32
3869 0.32
3870 0.35
3871 0.37
3872 0.36
3873 0.38
3874 0.38
3875 0.34
3876 0.37
3877 0.31
3878 0.35
3879 0.33
3880 0.39
3881 0.33
3882 0.39
3883 0.37
3884 0.34
3885 0.43
3886 0.41
3887 0.41
3888 0.31
3889 0.41
3890 0.35
3891 0.38
3892 0.29
3893 0.40
3894 0.34
3895 0.34
3896 0.33
3897 0.38
3898 0.26
3899 0.40
3900 0.29
3901 0.37
3902 0.31
3903 0.38
3904 0.38
3905 0.40
3906 0.33
3907 0.40
3908 0.36
3909 0.38
3910 0.36
3911 0.39
3912 0.39
3913 0.29
3914 0.35
3915 0.41
3916 0.34
3917 0.36
3918 0.38
3919 0.35
3920 0.41
3921 0.27
3922 0.37
3923 0.34
3924 0.44
3925 0.43
3926 0.35
3927 0.36
3928 0.37
3929 0.40
3930 0.36
3931 0.36
3932 0.42
3933 0.37
3934 0.35
3935 0.38
3936 0.40
3937 0.38
3938 0.40
3939 0.40
3940 0.39
3941 0.26
3942 0.34
3943 0.35
3944 0.41
3945 0.37
3946 0.43
3947 0.25
3948 0.41
3949 0.35
3950 0.39
3951 0.36
3952 0.38
3953 0.39
3954 0.34
3955 0.32
3956 0.36
3957 0.32
3958 0.38
3959 0.40
3960 0.34
3961 0.33
3962 0.36
3963 0.39
3964 0.32
3965 0.39
3966 0.35
3967 0.35
3968 0.34
3969 0.39
3970 0.37
3971 0.35
3972 0.34
3973 0.28
3974 0.39
3975 0.28
3976 0.30
3977 0.35
3978 0.36
3979 0.29
3980 0.38
3981 0.32
3982 0.38
3983 0.28
3984 0.37
3985 0.34
3986 0.38
3987 0.35
3988 0.37
3989 0.32
3990 0.31
3991 0.35
3992 0.33
3993 0.38
3994 0.39
3995 0.40
3996 0.35
3997 0.40
3998 0.33
3999 0.31
4000 0.42
4001 0.38
4002 0.41
4003 0.40
4004 0.42
4005 0.41
4006 0.36
4007 0.28
4008 0.34
4009 0.33
4010 0.36
4011 0.38
4012 0.38
4013 0.32
4014 0.28
4015 0.32
4016 0.32
4017 0.33
4018 0.28
4019 0.32
4020 0.35
4021 0.33
4022 0.30
4023 0.36
4024 0.37
4025 0.38
4026 0.34
4027 0.31
4028 0.34
4029 0.31
4030 0.34
4031 0.40
4032 0.35
4033 0.38
4034 0.31
4035 0.36
4036 0.37
4037 0.32
4038 0.33
4039 0.35
4040 0.38
4041 0.33
4042 0.34
4043 0.36
4044 0.36
4045 0.35
4046 0.36
4047 0.41
4048 0.39
4049 0.34
4050 0.39
4051 0.35
4052 0.39
4053 0.34
4054 0.41
4055 0.36
4056 0.34
4057 0.36
4058 0.27
4059 0.34
4060 0.38
4061 0.36
4062 0.34
4063 0.34
4064 0.37
4065 0.37
4066 0.38
4067 0.37
4068 0.40
4069 0.33
4070 0.31
4071 0.38
4072 0.39
4073 0.28
4074 0.39
4075 0.41
4076 0.35
4077 0.35
4078 0.31
4079 0.38
4080 0.39
4081 0.35
4082 0.40
4083 0.30
4084 0.36
4085 0.39
4086 0.34
4087 0.36
4088 0.36
4089 0.38
4090 0.33
4091 0.34
4092 0.27
4093 0.34
4094 0.30
4095 0.40
4096 0.41
4097 0.39
4098 0.37
4099 0.38
4100 0.35
4101 0.38
4102 0.35
4103 0.36
4104 0.32
4105 0.35
4106 0.34
4107 0.37
4108 0.31
4109 0.38
4110 0.38
4111 0.40
4112 0.39
4113 0.40
4114 0.40
4115 0.39
4116 0.27
4117 0.33
4118 0.40
4119 0.41
4120 0.31
4121 0.37
4122 0.32
4123 0.39
4124 0.36
4125 0.37
4126 0.29
4127 0.29
4128 0.35
4129 0.28
4130 0.38
4131 0.32
4132 0.33
4133 0.35
4134 0.38
4135 0.37
4136 0.38
4137 0.29
4138 0.39
4139 0.34
4140 0.38
4141 0.33
4142 0.31
4143 0.34
4144 0.31
4145 0.35
4146 0.36
4147 0.30
4148 0.37
4149 0.32
4150 0.35
4151 0.33
4152 0.36
4153 0.40
4154 0.37
4155 0.37
4156 0.33
4157 0.36
4158 0.35
4159 0.37
4160 0.39
4161 0.41
4162 0.33
4163 0.38
4164 0.38
4165 0.32
4166 0.40
4167 0.41
4168 0.32
4169 0.42
4170 0.39
4171 0.38
4172 0.39
4173 0.41
4174 0.35
4175 0.40
4176 0.38
4177 0.39
4178 0.40
4179 0.31
4180 0.37
4181 0.37
4182 0.32
4183 0.33
4184 0.36
4185 0.37
4186 0.39
4187 0.38
4188 0.36
4189 0.35
4190 0.37
4191 0.35
4192 0.36
4193 0.30
4194 0.34
4195 0.39
4196 0.37
4197 0.34
4198 0.36
4199 0.27
4200 0.35
4201 0.37
4202 0.34
4203 0.41
4204 0.39
4205 0.38
4206 0.37
4207 0.37
4208 0.34
4209 0.35
4210 0.32
4211 0.32
4212 0.40
4213 0.31
4214 0.34
4215 0.39
4216 0.34
4217 0.38
4218 0.35
4219 0.36
4220 0.38
4221 0.40
4222 0.41
4223 0.32
4224 0.37
4225 0.33
4226 0.37
4227 0.36
4228 0.36
4229 0.31
4230 0.33
4231 0.33
4232 0.41
4233 0.40
4234 0.36
4235 0.29
4236 0.35
4237 0.33
4238 0.39
4239 0.36
4240 0.41
4241 0.38
4242 0.36
4243 0.41
4244 0.35
4245 0.42
4246 0.39
4247 0.41
4248 0.33
4249 0.39
4250 0.37
4251 0.35
4252 0.32
4253 0.34
4254 0.38
4255 0.37
4256 0.41
4257 0.36
4258 0.34
4259 0.32
4260 0.42
4261 0.32
4262 0.39
4263 0.37
4264 0.36
4265 0.36
4266 0.41
4267 0.35
4268 0.37
4269 0.29
4270 0.38
4271 0.37
4272 0.34
4273 0.34
4274 0.35
4275 0.40
4276 0.38
4277 0.32
4278 0.33
4279 0.35
4280 0.29
4281 0.39
4282 0.31
4283 0.35
4284 0.35
4285 0.39
4286 0.36
4287 0.40
4288 0.38
4289 0.37
4290 0.40
4291 0.39
4292 0.40
4293 0.34
4294 0.36
4295 0.38
4296 0.40
4297 0.35
4298 0.33
4299 0.41
4300 0.36
4301 0.37
4302 0.41
4303 0.36
4304 0.29
4305 0.37
4306 0.41
4307 0.36
4308 0.37
4309 0.35
4310 0.41
4311 0.35
4312 0.36
4313 0.40
4314 0.34
4315 0.38
4316 0.39
4317 0.38
4318 0.40
4319 0.37
4320 0.38
4321 0.39
4322 0.32
4323 0.40
4324 0.37
4325 0.41
4326 0.38
4327 0.40
4328 0.40
4329 0.37
4330 0.38
4331 0.33
4332 0.40
4333 0.38
4334 0.41
4335 0.33
4336 0.42
4337 0.33
4338 0.35
4339 0.38
4340 0.35
4341 0.37
4342 0.33
4343 0.40
4344 0.39
4345 0.37
4346 0.41
4347 0.38
4348 0.40
4349 0.44
4350 0.35
4351 0.41
4352 0.36
4353 0.37
4354 0.38
4355 0.36
4356 0.33
4357 0.40
4358 0.37
4359 0.37
4360 0.34
4361 0.37
4362 0.40
4363 0.36
4364 0.39
4365 0.41
4366 0.38
4367 0.35
4368 0.28
4369 0.36
4370 0.40
4371 0.36
4372 0.38
4373 0.27
4374 0.37
4375 0.37
4376 0.35
4377 0.39
4378 0.33
4379 0.41
4380 0.33
4381 0.40
4382 0.33
4383 0.35
4384 0.30
4385 0.41
4386 0.40
4387 0.37
4388 0.37
4389 0.38
4390 0.41
4391 0.35
4392 0.40
4393 0.40
4394 0.37
4395 0.34
4396 0.34
4397 0.41
4398 0.38
4399 0.38
4400 0.37
4401 0.38
4402 0.35
4403 0.40
4404 0.36
4405 0.38
4406 0.42
4407 0.39
4408 0.40
4409 0.33
4410 0.40
4411 0.34
4412 0.36
4413 0.38
4414 0.39
4415 0.39
4416 0.39
4417 0.41
4418 0.38
4419 0.34
4420 0.30
4421 0.42
4422 0.33
4423 0.38
4424 0.34
4425 0.37
4426 0.35
4427 0.39
4428 0.33
4429 0.40
4430 0.38
4431 0.39
4432 0.38
4433 0.36
4434 0.35
4435 0.33
4436 0.38
4437 0.43
4438 0.33
4439 0.37
4440 0.38
4441 0.37
4442 0.36
4443 0.38
4444 0.34
4445 0.37
4446 0.40
4447 0.33
4448 0.38
4449 0.37
4450 0.37
4451 0.33
4452 0.38
4453 0.40
4454 0.33
4455 0.39
4456 0.40
4457 0.35
4458 0.35
4459 0.30
4460 0.33
4461 0.41
4462 0.43
4463 0.34
4464 0.31
4465 0.39
4466 0.39
4467 0.41
4468 0.36
4469 0.42
4470 0.42
4471 0.41
4472 0.43
4473 0.37
4474 0.42
4475 0.36
4476 0.35
4477 0.38
4478 0.39
4479 0.39
4480 0.36
4481 0.30
4482 0.35
4483 0.36
4484 0.28
4485 0.38
4486 0.38
4487 0.35
4488 0.40
4489 0.40
4490 0.37
4491 0.36
4492 0.37
4493 0.39
4494 0.38
4495 0.37
4496 0.40
4497 0.40
4498 0.35
4499 0.35
4500 0.42
4501 0.35
4502 0.42
4503 0.31
4504 0.35
4505 0.29
4506 0.33
4507 0.42
4508 0.36
4509 0.41
4510 0.37
4511 0.39
4512 0.36
4513 0.39
4514 0.36
4515 0.29
4516 0.34
4517 0.31
4518 0.39
4519 0.35
4520 0.36
4521 0.34
4522 0.35
4523 0.25
4524 0.31
4525 0.30
4526 0.26
4527 0.37
4528 0.35
4529 0.29
4530 0.40
4531 0.40
4532 0.41
4533 0.45
4534 0.38
4535 0.34
4536 0.30
4537 0.33
4538 0.31
4539 0.34
4540 0.37
4541 0.30
4542 0.33
4543 0.34
4544 0.38
4545 0.37
4546 0.29
4547 0.33
4548 0.33
4549 0.30
4550 0.34
4551 0.35
4552 0.37
4553 0.34
4554 0.33
4555 0.28
4556 0.37
4557 0.36
4558 0.37
4559 0.34
4560 0.38
4561 0.35
4562 0.18
4563 0.37
4564 0.44
4565 0.35
4566 0.40
4567 0.27
4568 0.37
4569 0.31
4570 0.36
4571 0.32
4572 0.32
4573 0.29
4574 0.38
4575 0.38
4576 0.35
4577 0.37
4578 0.33
4579 0.42
4580 0.40
4581 0.30
4582 0.39
4583 0.40
4584 0.38
4585 0.35
4586 0.30
4587 0.32
4588 0.44
4589 0.38
4590 0.36
4591 0.29
4592 0.30
4593 0.26
4594 0.33
4595 0.37
4596 0.35
4597 0.36
4598 0.36
4599 0.37
4600 0.36
4601 0.38
4602 0.35
4603 0.39
4604 0.38
4605 0.40
4606 0.40
4607 0.40
4608 0.38
4609 0.30
4610 0.39
4611 0.35
4612 0.38
4613 0.35
4614 0.35
4615 0.39
4616 0.30
4617 0.37
4618 0.38
4619 0.34
4620 0.39
4621 0.39
4622 0.38
4623 0.39
4624 0.26
4625 0.30
4626 0.32
4627 0.37
4628 0.36
4629 0.39
4630 0.28
4631 0.40
4632 0.38
4633 0.39
4634 0.31
4635 0.37
4636 0.31
4637 0.39
4638 0.38
4639 0.39
4640 0.33
4641 0.42
4642 0.39
4643 0.33
4644 0.35
4645 0.30
4646 0.40
4647 0.35
4648 0.42
4649 0.40
4650 0.32
4651 0.37
4652 0.24
4653 0.33
4654 0.36
4655 0.41
4656 0.36
4657 0.29
4658 0.38
4659 0.35
4660 0.38
4661 0.36
4662 0.42
4663 0.34
4664 0.35
4665 0.22
4666 0.36
4667 0.42
4668 0.31
4669 0.40
4670 0.25
4671 0.38
4672 0.38
4673 0.36
4674 0.42
4675 0.37
4676 0.39
4677 0.41
4678 0.37
4679 0.32
4680 0.38
4681 0.36
4682 0.27
4683 0.40
4684 0.34
4685 0.37
4686 0.39
4687 0.31
4688 0.32
4689 0.26
4690 0.35
4691 0.36
4692 0.33
4693 0.37
4694 0.42
4695 0.36
4696 0.34
4697 0.39
4698 0.39
4699 0.36
4700 0.33
4701 0.38
4702 0.30
4703 0.36
4704 0.35
4705 0.33
4706 0.37
4707 0.30
4708 0.32
4709 0.37
4710 0.32
4711 0.39
4712 0.29
4713 0.38
4714 0.41
4715 0.36
4716 0.40
4717 0.28
4718 0.38
4719 0.36
4720 0.39
4721 0.31
4722 0.37
4723 0.35
4724 0.25
4725 0.34
4726 0.35
4727 0.36
4728 0.32
4729 0.38
4730 0.40
4731 0.38
4732 0.33
4733 0.41
4734 0.37
4735 0.42
4736 0.40
4737 0.35
4738 0.30
4739 0.41
4740 0.45
4741 0.36
4742 0.28
4743 0.38
4744 0.40
4745 0.41
4746 0.40
4747 0.41
4748 0.38
4749 0.36
4750 0.41
4751 0.35
4752 0.33
4753 0.32
4754 0.35
4755 0.30
4756 0.37
4757 0.35
4758 0.33
4759 0.35
4760 0.36
4761 0.28
4762 0.39
4763 0.32
4764 0.36
4765 0.38
4766 0.36
4767 0.40
4768 0.37
4769 0.27
4770 0.39
4771 0.39
4772 0.36
4773 0.37
4774 0.33
4775 0.40
4776 0.37
4777 0.36
4778 0.33
4779 0.41
4780 0.38
4781 0.38
4782 0.42
4783 0.29
4784 0.31
4785 0.39
4786 0.39
4787 0.37
4788 0.36
4789 0.37
4790 0.37
4791 0.40
4792 0.38
4793 0.25
4794 0.36
4795 0.26
4796 0.33
4797 0.35
4798 0.31
4799 0.36
4800 0.35
4801 0.31
4802 0.35
4803 0.34
4804 0.40
4805 0.35
4806 0.37
4807 0.34
4808 0.30
4809 0.35
4810 0.32
4811 0.39
4812 0.37
4813 0.34
4814 0.39
4815 0.37
4816 0.36
4817 0.40
4818 0.43
4819 0.40
4820 0.29
4821 0.34
4822 0.41
4823 0.37
4824 0.36
4825 0.37
4826 0.43
4827 0.33
4828 0.37
4829 0.37
4830 0.32
4831 0.41
4832 0.29
4833 0.37
4834 0.31
4835 0.39
4836 0.38
4837 0.41
4838 0.37
4839 0.31
4840 0.35
4841 0.39
4842 0.43
4843 0.44
4844 0.38
4845 0.37
4846 0.39
4847 0.40
4848 0.39
4849 0.38
4850 0.35
4851 0.40
4852 0.40
4853 0.44
4854 0.42
4855 0.33
4856 0.32
4857 0.43
4858 0.39
4859 0.39
4860 0.35
4861 0.37
4862 0.33
4863 0.40
4864 0.36
4865 0.33
4866 0.38
4867 0.39
4868 0.39
4869 0.41
4870 0.41
4871 0.39
4872 0.36
4873 0.37
4874 0.39
4875 0.37
4876 0.39
4877 0.38
4878 0.34
4879 0.38
4880 0.37
4881 0.41
4882 0.39
4883 0.27
4884 0.28
4885 0.34
4886 0.37
4887 0.39
4888 0.35
4889 0.36
4890 0.24
4891 0.40
4892 0.44
4893 0.38
4894 0.41
4895 0.42
4896 0.33
4897 0.37
4898 0.31
4899 0.33
4900 0.38
4901 0.35
4902 0.34
4903 0.30
4904 0.33
4905 0.39
4906 0.42
4907 0.42
4908 0.43
4909 0.32
4910 0.35
4911 0.35
4912 0.36
4913 0.39
4914 0.28
4915 0.39
4916 0.30
4917 0.43
4918 0.42
4919 0.36
4920 0.41
4921 0.33
4922 0.30
4923 0.35
4924 0.33
4925 0.39
4926 0.38
4927 0.33
4928 0.34
4929 0.38
4930 0.40
4931 0.39
4932 0.40
4933 0.39
4934 0.38
4935 0.42
4936 0.38
4937 0.36
4938 0.37
4939 0.43
4940 0.39
4941 0.34
4942 0.43
4943 0.38
4944 0.39
4945 0.43
4946 0.38
4947 0.40
4948 0.38
4949 0.40
4950 0.36
4951 0.38
4952 0.33
4953 0.30
4954 0.32
4955 0.39
4956 0.34
4957 0.30
4958 0.33
4959 0.34
4960 0.37
4961 0.37
4962 0.36
4963 0.39
4964 0.31
4965 0.37
4966 0.39
4967 0.38
4968 0.42
4969 0.38
4970 0.38
4971 0.34
4972 0.37
4973 0.39
4974 0.36
4975 0.39
4976 0.34
4977 0.36
4978 0.42
4979 0.35
4980 0.42
4981 0.28
4982 0.40
4983 0.36
4984 0.38
4985 0.37
4986 0.36
4987 0.29
4988 0.35
4989 0.37
4990 0.39
4991 0.40
4992 0.36
4993 0.35
4994 0.36
4995 0.36
4996 0.40
4997 0.34
4998 0.30
4999 0.40
5000 0.33
5001 0.31
5002 0.32
5003 0.32
5004 0.34
5005 0.33
5006 0.31
5007 0.29
5008 0.32
5009 0.38
5010 0.39
5011 0.37
5012 0.36
5013 0.39
5014 0.38
5015 0.35
5016 0.37
5017 0.33
5018 0.34
5019 0.36
5020 0.34
5021 0.38
5022 0.38
5023 0.38
5024 0.33
5025 0.39
5026 0.36
5027 0.35
5028 0.27
5029 0.33
5030 0.35
5031 0.29
5032 0.36
5033 0.31
5034 0.32
5035 0.37
5036 0.34
5037 0.35
5038 0.37
5039 0.36
5040 0.34
5041 0.33
5042 0.32
5043 0.37
5044 0.34
5045 0.40
5046 0.34
5047 0.39
5048 0.34
5049 0.39
5050 0.32
5051 0.41
5052 0.32
5053 0.35
5054 0.31
5055 0.30
5056 0.33
5057 0.43
5058 0.28
5059 0.36
5060 0.40
5061 0.41
5062 0.33
5063 0.38
5064 0.36
5065 0.36
5066 0.39
5067 0.39
5068 0.39
5069 0.38
5070 0.39
5071 0.35
5072 0.34
5073 0.38
5074 0.38
5075 0.37
5076 0.37
5077 0.34
5078 0.29
5079 0.35
5080 0.32
5081 0.33
5082 0.28
5083 0.32
5084 0.33
5085 0.35
5086 0.36
5087 0.32
5088 0.39
5089 0.35
5090 0.33
5091 0.34
5092 0.36
5093 0.33
5094 0.40
5095 0.30
5096 0.42
5097 0.36
5098 0.34
5099 0.28
5100 0.30
5101 0.41
5102 0.41
5103 0.36
5104 0.43
5105 0.40
5106 0.31
5107 0.37
5108 0.39
5109 0.35
5110 0.36
5111 0.40
5112 0.41
5113 0.36
5114 0.36
5115 0.39
5116 0.34
5117 0.42
5118 0.41
5119 0.35
5120 0.36
5121 0.34
5122 0.37
5123 0.35
5124 0.33
5125 0.42
5126 0.37
5127 0.33
5128 0.27
5129 0.36
5130 0.37
5131 0.41
5132 0.36
5133 0.39
5134 0.32
5135 0.37
5136 0.41
5137 0.39
5138 0.42
5139 0.34
5140 0.31
5141 0.35
5142 0.39
5143 0.37
5144 0.38
5145 0.34
5146 0.36
5147 0.37
5148 0.38
5149 0.37
5150 0.39
5151 0.36
5152 0.29
5153 0.37
5154 0.39
5155 0.39
5156 0.37
5157 0.30
5158 0.38
5159 0.33
5160 0.44
5161 0.34
5162 0.37
5163 0.42
5164 0.38
5165 0.40
5166 0.39
5167 0.37
5168 0.38
5169 0.41
5170 0.39
5171 0.42
5172 0.43
5173 0.34
5174 0.32
5175 0.37
5176 0.33
5177 0.40
5178 0.28
5179 0.35
5180 0.33
5181 0.32
5182 0.30
5183 0.33
5184 0.36
5185 0.34
5186 0.38
5187 0.38
5188 0.37
5189 0.36
5190 0.34
5191 0.41
5192 0.30
5193 0.35
5194 0.37
5195 0.38
5196 0.42
5197 0.36
5198 0.36
5199 0.40
5200 0.38
5201 0.36
5202 0.33
5203 0.42
5204 0.33
5205 0.42
5206 0.32
5207 0.37
5208 0.41
5209 0.35
5210 0.34
5211 0.36
5212 0.40
5213 0.40
5214 0.31
5215 0.38
5216 0.36
5217 0.42
5218 0.37
5219 0.35
5220 0.34
5221 0.33
5222 0.37
5223 0.36
5224 0.36
5225 0.34
5226 0.38
5227 0.41
5228 0.38
5229 0.30
5230 0.39
5231 0.40
5232 0.38
5233 0.41
5234 0.36
5235 0.42
5236 0.31
5237 0.36
5238 0.37
5239 0.33
5240 0.43
5241 0.43
5242 0.38
5243 0.39
5244 0.37
5245 0.36
5246 0.31
5247 0.38
5248 0.34
5249 0.34
5250 0.35
5251 0.35
5252 0.39
5253 0.35
5254 0.34
5255 0.36
5256 0.33
5257 0.42
5258 0.37
5259 0.34
5260 0.33
5261 0.35
5262 0.35
5263 0.36
5264 0.40
5265 0.31
5266 0.45
5267 0.34
5268 0.42
5269 0.36
5270 0.40
5271 0.40
5272 0.42
5273 0.36
5274 0.42
5275 0.43
5276 0.32
5277 0.36
5278 0.37
5279 0.45
5280 0.36
5281 0.42
5282 0.38
5283 0.37
5284 0.41
5285 0.44
5286 0.40
5287 0.43
5288 0.34
5289 0.41
5290 0.36
5291 0.39
5292 0.38
5293 0.40
5294 0.34
5295 0.39
5296 0.32
5297 0.36
5298 0.37
5299 0.27
5300 0.38
5301 0.35
5302 0.38
5303 0.36
5304 0.30
5305 0.40
5306 0.40
5307 0.39
5308 0.37
5309 0.36
5310 0.33
5311 0.36
5312 0.38
5313 0.40
5314 0.37
5315 0.42
5316 0.33
5317 0.42
5318 0.39
5319 0.41
5320 0.42
5321 0.39
5322 0.38
5323 0.38
5324 0.39
5325 0.37
5326 0.39
5327 0.42
5328 0.33
5329 0.31
5330 0.32
5331 0.37
5332 0.40
5333 0.36
5334 0.37
5335 0.35
5336 0.41
5337 0.31
5338 0.36
5339 0.36
5340 0.39
5341 0.37
5342 0.36
5343 0.38
5344 0.35
5345 0.30
5346 0.37
5347 0.29
5348 0.28
5349 0.35
5350 0.39
5351 0.37
5352 0.36
5353 0.37
5354 0.35
5355 0.40
5356 0.33
5357 0.34
5358 0.37
5359 0.39
5360 0.40
5361 0.39
5362 0.41
5363 0.38
5364 0.41
5365 0.37
5366 0.39
5367 0.41
5368 0.36
5369 0.41
5370 0.38
5371 0.39
5372 0.38
5373 0.41
5374 0.37
5375 0.38
5376 0.35
5377 0.38
5378 0.32
5379 0.35
5380 0.38
5381 0.40
5382 0.36
5383 0.39
5384 0.33
5385 0.36
5386 0.36
5387 0.37
5388 0.30
5389 0.38
5390 0.32
5391 0.40
5392 0.34
5393 0.38
5394 0.36
5395 0.38
5396 0.39
5397 0.30
5398 0.40
5399 0.41
5400 0.35
5401 0.36
5402 0.37
5403 0.38
5404 0.40
5405 0.31
5406 0.31
5407 0.33
5408 0.37
5409 0.39
5410 0.38
5411 0.33
5412 0.36
5413 0.34
5414 0.35
5415 0.40
5416 0.35
5417 0.38
5418 0.39
5419 0.37
5420 0.38
5421 0.39
5422 0.38
5423 0.33
5424 0.41
5425 0.33
5426 0.35
5427 0.35
5428 0.32
5429 0.34
5430 0.37
5431 0.41
5432 0.32
5433 0.34
5434 0.39
5435 0.37
5436 0.39
5437 0.34
5438 0.42
5439 0.44
5440 0.29
5441 0.40
5442 0.40
5443 0.34
5444 0.43
5445 0.39
5446 0.35
5447 0.36
5448 0.37
5449 0.41
5450 0.42
5451 0.39
5452 0.29
5453 0.43
5454 0.40
5455 0.44
5456 0.43
5457 0.32
5458 0.34
5459 0.36
5460 0.34
5461 0.41
5462 0.34
5463 0.39
5464 0.33
5465 0.37
5466 0.40
5467 0.34
5468 0.42
5469 0.40
5470 0.37
5471 0.35
5472 0.38
5473 0.42
5474 0.39
5475 0.40
5476 0.40
5477 0.41
5478 0.36
5479 0.36
5480 0.33
5481 0.36
5482 0.33
5483 0.42
5484 0.43
5485 0.39
5486 0.42
5487 0.40
5488 0.40
5489 0.42
5490 0.37
5491 0.40
5492 0.40
5493 0.39
5494 0.40
5495 0.35
5496 0.37
5497 0.35
5498 0.35
5499 0.37
5500 0.38
5501 0.37
5502 0.34
5503 0.41
5504 0.39
5505 0.34
5506 0.38
5507 0.38
5508 0.40
5509 0.35
5510 0.39
5511 0.39
5512 0.36
5513 0.34
5514 0.35
5515 0.34
5516 0.39
5517 0.37
5518 0.37
5519 0.39
5520 0.41
5521 0.39
5522 0.33
5523 0.37
5524 0.34
5525 0.32
5526 0.41
5527 0.41
5528 0.28
5529 0.34
5530 0.37
5531 0.36
5532 0.40
5533 0.40
5534 0.35
5535 0.36
5536 0.39
5537 0.36
5538 0.32
5539 0.30
5540 0.38
5541 0.38
5542 0.32
5543 0.31
5544 0.29
5545 0.37
5546 0.33
5547 0.34
5548 0.37
5549 0.32
5550 0.33
5551 0.36
5552 0.30
5553 0.36
5554 0.40
5555 0.38
5556 0.42
5557 0.35
5558 0.41
5559 0.36
5560 0.32
5561 0.34
5562 0.30
5563 0.36
5564 0.35
5565 0.35
5566 0.35
5567 0.37
5568 0.40
5569 0.30
5570 0.35
5571 0.25
5572 0.32
5573 0.36
5574 0.31
5575 0.32
5576 0.35
5577 0.36
5578 0.36
5579 0.34
5580 0.34
5581 0.38
5582 0.27
5583 0.31
5584 0.37
5585 0.35
5586 0.34
5587 0.36
5588 0.36
5589 0.35
5590 0.34
5591 0.35
5592 0.36
5593 0.38
5594 0.41
5595 0.34
5596 0.34
5597 0.39
5598 0.34
5599 0.38
5600 0.33
5601 0.40
5602 0.34
5603 0.38
5604 0.42
5605 0.34
5606 0.35
5607 0.38
5608 0.42
5609 0.41
5610 0.34
5611 0.40
5612 0.39
5613 0.41
5614 0.41
5615 0.37
5616 0.39
5617 0.36
5618 0.40
5619 0.37
5620 0.40
5621 0.34
5622 0.41
5623 0.39
5624 0.36
5625 0.41
5626 0.39
5627 0.38
5628 0.36
5629 0.34
5630 0.39
5631 0.31
5632 0.33
5633 0.39
5634 0.39
5635 0.39
5636 0.39
5637 0.36
5638 0.39
5639 0.43
5640 0.38
5641 0.41
5642 0.41
5643 0.40
5644 0.37
5645 0.35
5646 0.39
5647 0.39
5648 0.39
5649 0.42
5650 0.36
5651 0.35
5652 0.38
5653 0.32
5654 0.39
5655 0.38
5656 0.37
5657 0.41
5658 0.39
5659 0.34
5660 0.42
5661 0.38
5662 0.38
5663 0.34
5664 0.39
5665 0.37
5666 0.32
5667 0.35
5668 0.36
5669 0.41
5670 0.42
5671 0.37
5672 0.35
5673 0.37
5674 0.34
5675 0.39
5676 0.29
5677 0.35
5678 0.37
5679 0.32
5680 0.40
5681 0.35
5682 0.42
5683 0.38
5684 0.38
5685 0.39
5686 0.40
5687 0.37
5688 0.35
5689 0.32
5690 0.32
5691 0.34
5692 0.41
5693 0.39
5694 0.37
5695 0.40
5696 0.39
5697 0.39
5698 0.28
5699 0.32
5700 0.34
5701 0.37
5702 0.42
5703 0.41
5704 0.35
5705 0.39
5706 0.38
5707 0.39
5708 0.41
5709 0.39
5710 0.42
5711 0.37
5712 0.38
5713 0.39
5714 0.36
5715 0.41
5716 0.38
5717 0.27
5718 0.38
5719 0.37
5720 0.38
5721 0.42
5722 0.33
5723 0.36
5724 0.37
5725 0.36
5726 0.40
5727 0.33
5728 0.34
5729 0.35
5730 0.39
5731 0.35
5732 0.42
5733 0.35
5734 0.40
5735 0.36
5736 0.37
5737 0.37
5738 0.39
5739 0.36
5740 0.42
5741 0.39
5742 0.38
5743 0.42
5744 0.39
5745 0.38
5746 0.37
5747 0.32
5748 0.41
5749 0.31
5750 0.38
5751 0.35
5752 0.40
5753 0.37
5754 0.34
5755 0.41
5756 0.39
5757 0.35
5758 0.35
5759 0.38
5760 0.39
5761 0.37
5762 0.41
5763 0.41
5764 0.41
5765 0.36
5766 0.34
5767 0.38
5768 0.38
5769 0.38
5770 0.40
5771 0.40
5772 0.39
5773 0.39
5774 0.37
5775 0.38
5776 0.36
5777 0.35
5778 0.37
5779 0.34
5780 0.36
5781 0.35
5782 0.42
5783 0.29
5784 0.37
5785 0.35
5786 0.32
5787 0.36
5788 0.29
5789 0.36
5790 0.40
5791 0.40
5792 0.40
5793 0.41
5794 0.32
5795 0.29
5796 0.44
5797 0.35
5798 0.38
5799 0.33
5800 0.35
5801 0.36
5802 0.38
5803 0.37
5804 0.36
5805 0.42
5806 0.37
5807 0.35
5808 0.40
5809 0.38
5810 0.37
5811 0.32
5812 0.37
5813 0.31
5814 0.40
5815 0.31
5816 0.36
5817 0.41
5818 0.37
5819 0.40
5820 0.39
5821 0.35
5822 0.33
5823 0.39
5824 0.39
5825 0.36
5826 0.35
5827 0.38
5828 0.41
5829 0.36
5830 0.37
5831 0.33
5832 0.38
5833 0.38
5834 0.42
5835 0.37
5836 0.36
5837 0.40
5838 0.35
5839 0.43
5840 0.36
5841 0.42
5842 0.42
5843 0.41
5844 0.38
5845 0.35
5846 0.38
5847 0.39
5848 0.39
5849 0.36
5850 0.35
5851 0.38
5852 0.33
5853 0.39
5854 0.37
5855 0.42
5856 0.40
5857 0.38
5858 0.35
5859 0.30
5860 0.35
5861 0.35
5862 0.39
5863 0.32
5864 0.39
5865 0.36
5866 0.37
5867 0.36
5868 0.39
5869 0.32
5870 0.34
5871 0.38
5872 0.39
5873 0.29
5874 0.34
5875 0.41
5876 0.37
5877 0.36
5878 0.39
5879 0.39
5880 0.39
5881 0.39
5882 0.35
5883 0.30
5884 0.40
5885 0.38
5886 0.40
5887 0.40
5888 0.42
5889 0.38
5890 0.38
5891 0.40
5892 0.36
5893 0.29
5894 0.38
5895 0.37
5896 0.36
5897 0.39
5898 0.35
5899 0.34
5900 0.39
5901 0.28
5902 0.35
5903 0.36
5904 0.38
5905 0.36
5906 0.39
5907 0.33
5908 0.33
5909 0.35
5910 0.36
5911 0.36
5912 0.41
5913 0.32
5914 0.36
5915 0.43
5916 0.37
5917 0.36
5918 0.32
5919 0.28
5920 0.32
5921 0.38
5922 0.35
5923 0.42
5924 0.42
5925 0.37
5926 0.41
5927 0.41
5928 0.42
5929 0.40
5930 0.39
5931 0.39
5932 0.40
5933 0.42
5934 0.42
5935 0.38
5936 0.40
5937 0.42
5938 0.39
5939 0.39
5940 0.39
5941 0.39
5942 0.37
5943 0.35
5944 0.36
5945 0.26
5946 0.34
5947 0.39
5948 0.33
5949 0.40
5950 0.41
5951 0.38
5952 0.39
5953 0.35
5954 0.43
5955 0.34
5956 0.37
5957 0.38
5958 0.34
5959 0.34
5960 0.38
5961 0.38
5962 0.38
5963 0.40
5964 0.38
5965 0.31
5966 0.37
5967 0.35
5968 0.32
5969 0.38
5970 0.34
5971 0.37
5972 0.40
5973 0.39
5974 0.43
5975 0.36
5976 0.34
5977 0.31
5978 0.37
5979 0.39
5980 0.41
5981 0.40
5982 0.31
5983 0.36
5984 0.33
5985 0.41
5986 0.35
5987 0.29
5988 0.31
5989 0.31
5990 0.40
5991 0.40
5992 0.37
5993 0.37
5994 0.37
5995 0.31
5996 0.41
5997 0.38
5998 0.37
5999 0.40
6000 0.40
6001 0.33
6002 0.32
6003 0.35
6004 0.35
6005 0.37
6006 0.34
6007 0.36
6008 0.39
6009 0.36
6010 0.35
6011 0.35
6012 0.38
6013 0.36
6014 0.37
6015 0.29
6016 0.32
6017 0.35
6018 0.33
6019 0.36
6020 0.35
6021 0.33
6022 0.36
6023 0.32
6024 0.35
6025 0.35
6026 0.33
6027 0.39
6028 0.33
6029 0.32
6030 0.37
6031 0.38
6032 0.35
6033 0.37
6034 0.36
6035 0.31
6036 0.38
6037 0.27
6038 0.32
6039 0.34
6040 0.34
6041 0.34
6042 0.35
6043 0.34
6044 0.34
6045 0.35
6046 0.34
6047 0.31
6048 0.35
6049 0.37
6050 0.33
6051 0.38
6052 0.33
6053 0.33
6054 0.26
6055 0.31
6056 0.36
6057 0.36
6058 0.36
6059 0.32
6060 0.36
6061 0.30
6062 0.36
6063 0.28
6064 0.35
6065 0.33
6066 0.35
6067 0.33
6068 0.35
6069 0.27
6070 0.34
6071 0.34
6072 0.29
6073 0.33
6074 0.37
6075 0.37
6076 0.37
6077 0.34
6078 0.35
6079 0.38
6080 0.33
6081 0.35
6082 0.38
6083 0.40
6084 0.36
6085 0.42
6086 0.35
6087 0.37
6088 0.33
6089 0.29
6090 0.39
6091 0.37
6092 0.39
6093 0.36
6094 0.33
6095 0.36
6096 0.36
6097 0.40
6098 0.38
6099 0.35
6100 0.41
6101 0.39
6102 0.34
6103 0.34
6104 0.39
6105 0.39
6106 0.34
6107 0.35
6108 0.36
6109 0.39
6110 0.30
6111 0.33
6112 0.37
6113 0.41
6114 0.37
6115 0.39
6116 0.39
6117 0.43
6118 0.42
6119 0.37
6120 0.37
6121 0.44
6122 0.42
6123 0.42
6124 0.34
6125 0.30
6126 0.38
6127 0.37
6128 0.39
6129 0.36
6130 0.42
6131 0.30
6132 0.35
6133 0.37
6134 0.34
6135 0.41
6136 0.39
6137 0.38
6138 0.37
6139 0.38
6140 0.40
6141 0.39
6142 0.38
6143 0.39
6144 0.37
6145 0.34
6146 0.40
6147 0.39
6148 0.31
6149 0.38
6150 0.36
6151 0.40
6152 0.39
6153 0.38
6154 0.37
6155 0.38
6156 0.38
6157 0.37
6158 0.35
6159 0.33
6160 0.37
6161 0.36
6162 0.38
6163 0.34
6164 0.34
6165 0.39
6166 0.40
6167 0.38
6168 0.38
6169 0.42
6170 0.39
6171 0.40
6172 0.40
6173 0.39
6174 0.39
6175 0.37
6176 0.32
6177 0.35
6178 0.38
6179 0.40
6180 0.39
6181 0.39
6182 0.43
6183 0.37
6184 0.40
6185 0.41
6186 0.34
6187 0.35
6188 0.37
6189 0.37
6190 0.38
6191 0.43
6192 0.30
6193 0.37
6194 0.39
6195 0.38
6196 0.40
6197 0.36
6198 0.36
6199 0.35
6200 0.41
6201 0.39
6202 0.32
6203 0.36
6204 0.33
6205 0.40
6206 0.40
6207 0.39
6208 0.41
6209 0.37
6210 0.32
6211 0.36
6212 0.36
6213 0.40
6214 0.39
6215 0.36
6216 0.39
6217 0.36
6218 0.44
6219 0.39
6220 0.35
6221 0.36
6222 0.34
6223 0.41
6224 0.35
6225 0.35
6226 0.40
6227 0.25
6228 0.28
6229 0.40
6230 0.37
6231 0.39
6232 0.40
6233 0.40
6234 0.32
6235 0.36
6236 0.42
6237 0.40
6238 0.37
6239 0.40
6240 0.32
6241 0.41
6242 0.34
6243 0.43
6244 0.37
6245 0.27
6246 0.36
6247 0.38
6248 0.35
6249 0.33
6250 0.38
6251 0.39
6252 0.36
6253 0.38
6254 0.38
6255 0.40
6256 0.40
6257 0.40
6258 0.39
6259 0.39
6260 0.41
6261 0.40
6262 0.39
6263 0.35
6264 0.37
6265 0.37
6266 0.38
6267 0.32
6268 0.39
6269 0.37
6270 0.39
6271 0.35
6272 0.39
6273 0.41
6274 0.37
6275 0.41
6276 0.37
6277 0.37
6278 0.34
6279 0.34
6280 0.32
6281 0.38
6282 0.40
6283 0.33
6284 0.39
6285 0.33
6286 0.40
6287 0.36
6288 0.36
6289 0.40
6290 0.39
6291 0.35
6292 0.36
6293 0.39
6294 0.41
6295 0.36
6296 0.39
6297 0.35
6298 0.39
6299 0.37
6300 0.37
6301 0.41
6302 0.35
6303 0.35
6304 0.36
6305 0.36
6306 0.34
6307 0.38
6308 0.34
6309 0.42
6310 0.39
6311 0.38
6312 0.35
6313 0.42
6314 0.39
6315 0.35
6316 0.38
6317 0.32
6318 0.34
6319 0.40
6320 0.38
6321 0.39
6322 0.39
6323 0.38
6324 0.33
6325 0.36
6326 0.42
6327 0.35
6328 0.37
6329 0.37
6330 0.36
6331 0.38
6332 0.36
6333 0.40
6334 0.41
6335 0.42
6336 0.34
6337 0.42
6338 0.41
6339 0.36
6340 0.39
6341 0.39
6342 0.38
6343 0.34
6344 0.38
6345 0.32
6346 0.39
6347 0.37
6348 0.40
6349 0.41
6350 0.40
6351 0.32
6352 0.42
6353 0.38
6354 0.43
6355 0.41
6356 0.37
6357 0.38
6358 0.40
6359 0.37
6360 0.36
6361 0.39
6362 0.43
6363 0.34
6364 0.35
6365 0.42
6366 0.40
6367 0.31
6368 0.38
6369 0.41
6370 0.39
6371 0.41
6372 0.34
6373 0.37
6374 0.38
6375 0.37
6376 0.29
6377 0.34
6378 0.30
6379 0.34
6380 0.36
6381 0.36
6382 0.39
6383 0.38
6384 0.36
6385 0.36
6386 0.34
6387 0.36
6388 0.36
6389 0.40
6390 0.29
6391 0.38
6392 0.39
6393 0.41
6394 0.34
6395 0.38
6396 0.33
6397 0.35
6398 0.37
6399 0.34
6400 0.32
6401 0.36
6402 0.42
6403 0.36
6404 0.41
6405 0.41
6406 0.33
6407 0.39
6408 0.41
6409 0.33
6410 0.37
6411 0.37
6412 0.38
6413 0.37
6414 0.33
6415 0.35
6416 0.41
6417 0.41
6418 0.36
6419 0.42
6420 0.35
6421 0.33
6422 0.35
6423 0.29
6424 0.37
6425 0.35
6426 0.32
6427 0.37
6428 0.41
6429 0.39
6430 0.37
6431 0.38
6432 0.40
6433 0.41
6434 0.37
6435 0.38
6436 0.34
6437 0.33
6438 0.41
6439 0.37
6440 0.38
6441 0.42
6442 0.37
6443 0.40
6444 0.38
6445 0.38
6446 0.39
6447 0.34
6448 0.39
6449 0.38
6450 0.39
6451 0.35
6452 0.30
6453 0.36
6454 0.42
6455 0.42
6456 0.38
6457 0.40
6458 0.42
6459 0.41
6460 0.35
6461 0.40
6462 0.41
6463 0.41
6464 0.41
6465 0.39
6466 0.36
6467 0.40
6468 0.42
6469 0.39
6470 0.34
6471 0.36
6472 0.43
6473 0.37
6474 0.42
6475 0.40
6476 0.40
6477 0.35
6478 0.43
6479 0.36
6480 0.38
6481 0.35
6482 0.37
6483 0.39
6484 0.37
6485 0.41
6486 0.41
6487 0.40
6488 0.42
6489 0.41
6490 0.33
6491 0.30
6492 0.39
6493 0.38
6494 0.39
6495 0.39
6496 0.40
6497 0.38
6498 0.43
6499 0.40
6500 0.35
6501 0.35
6502 0.36
6503 0.40
6504 0.39
6505 0.42
6506 0.44
6507 0.43
6508 0.42
6509 0.41
6510 0.40
6511 0.39
6512 0.39
6513 0.42
6514 0.36
6515 0.39
6516 0.41
6517 0.38
6518 0.44
6519 0.41
6520 0.40
6521 0.42
6522 0.43
6523 0.44
6524 0.43
6525 0.42
6526 0.44
6527 0.42
6528 0.41
6529 0.42
6530 0.41
6531 0.40
6532 0.41
6533 0.38
6534 0.41
6535 0.38
6536 0.37
6537 0.40
6538 0.39
6539 0.40
6540 0.38
6541 0.43
6542 0.38
6543 0.36
6544 0.32
6545 0.36
6546 0.41
6547 0.40
6548 0.40
6549 0.36
6550 0.39
6551 0.41
6552 0.42
6553 0.36
6554 0.36
6555 0.33
6556 0.37
6557 0.36
6558 0.37
6559 0.42
6560 0.43
6561 0.36
6562 0.36
6563 0.34
6564 0.33
6565 0.37
6566 0.39
6567 0.38
6568 0.40
6569 0.40
6570 0.38
6571 0.38
6572 0.40
6573 0.40
6574 0.40
6575 0.40
6576 0.42
6577 0.41
6578 0.35
6579 0.39
6580 0.40
6581 0.28
6582 0.40
6583 0.41
6584 0.37
6585 0.42
6586 0.40
6587 0.37
6588 0.40
6589 0.42
6590 0.38
6591 0.36
6592 0.37
6593 0.35
6594 0.41
6595 0.33
6596 0.40
6597 0.38
6598 0.42
6599 0.38
6600 0.33
6601 0.42
6602 0.38
6603 0.39
6604 0.37
6605 0.37
6606 0.40
6607 0.34
6608 0.41
6609 0.38
6610 0.40
6611 0.36
6612 0.35
6613 0.40
6614 0.41
6615 0.42
6616 0.39
6617 0.38
6618 0.38
6619 0.39
6620 0.44
6621 0.35
6622 0.33
6623 0.36
6624 0.39
6625 0.33
6626 0.44
6627 0.41
6628 0.41
6629 0.36
6630 0.38
6631 0.41
6632 0.38
6633 0.38
6634 0.36
6635 0.33
6636 0.34
6637 0.41
6638 0.42
6639 0.41
6640 0.35
6641 0.32
6642 0.40
6643 0.37
6644 0.38
6645 0.42
6646 0.44
6647 0.36
6648 0.29
6649 0.36
6650 0.40
6651 0.39
6652 0.38
6653 0.40
6654 0.35
6655 0.36
6656 0.35
6657 0.40
6658 0.42
6659 0.42
6660 0.43
6661 0.39
6662 0.41
6663 0.43
6664 0.38
6665 0.43
6666 0.37
6667 0.41
6668 0.41
6669 0.36
6670 0.41
6671 0.36
6672 0.43
6673 0.39
6674 0.38
6675 0.39
6676 0.40
6677 0.39
6678 0.39
6679 0.41
6680 0.39
6681 0.37
6682 0.43
6683 0.38
6684 0.37
6685 0.40
6686 0.40
6687 0.37
6688 0.35
6689 0.37
6690 0.36
6691 0.40
6692 0.30
6693 0.37
6694 0.37
6695 0.35
6696 0.38
6697 0.36
6698 0.37
6699 0.37
6700 0.35
6701 0.38
6702 0.41
6703 0.39
6704 0.41
6705 0.40
6706 0.33
6707 0.39
6708 0.36
6709 0.40
6710 0.38
6711 0.34
6712 0.41
6713 0.41
6714 0.39
6715 0.37
6716 0.39
6717 0.40
6718 0.41
6719 0.41
6720 0.34
6721 0.42
6722 0.40
6723 0.43
6724 0.37
6725 0.44
6726 0.39
6727 0.42
6728 0.40
6729 0.40
6730 0.41
6731 0.31
6732 0.39
6733 0.43
6734 0.40
6735 0.38
6736 0.38
6737 0.38
6738 0.42
6739 0.40
6740 0.38
6741 0.38
6742 0.38
6743 0.36
6744 0.40
6745 0.32
6746 0.42
6747 0.34
6748 0.42
6749 0.39
6750 0.31
6751 0.37
6752 0.40
6753 0.37
6754 0.33
6755 0.40
6756 0.36
6757 0.30
6758 0.39
6759 0.39
6760 0.34
6761 0.39
6762 0.39
6763 0.38
6764 0.43
6765 0.32
6766 0.42
6767 0.36
6768 0.40
6769 0.38
6770 0.35
6771 0.35
6772 0.35
6773 0.41
6774 0.35
6775 0.38
6776 0.35
6777 0.39
6778 0.39
6779 0.41
6780 0.41
6781 0.40
6782 0.37
6783 0.42
6784 0.41
6785 0.38
6786 0.40
6787 0.39
6788 0.37
6789 0.39
6790 0.39
6791 0.44
6792 0.37
6793 0.38
6794 0.36
6795 0.43
6796 0.34
6797 0.37
6798 0.37
6799 0.36
6800 0.41
6801 0.39
6802 0.40
6803 0.39
6804 0.34
6805 0.32
6806 0.36
6807 0.40
6808 0.37
6809 0.32
6810 0.34
6811 0.40
6812 0.39
6813 0.38
6814 0.39
6815 0.42
6816 0.36
6817 0.38
6818 0.35
6819 0.41
6820 0.35
6821 0.41
6822 0.41
6823 0.36
6824 0.40
6825 0.37
6826 0.38
6827 0.35
6828 0.41
6829 0.34
6830 0.39
6831 0.35
6832 0.39
6833 0.35
6834 0.39
6835 0.39
6836 0.39
6837 0.39
6838 0.35
6839 0.37
6840 0.37
6841 0.40
6842 0.37
6843 0.41
6844 0.39
6845 0.41
6846 0.39
6847 0.40
6848 0.35
6849 0.40
6850 0.40
6851 0.36
6852 0.36
6853 0.38
6854 0.36
6855 0.35
6856 0.41
6857 0.36
6858 0.35
6859 0.34
6860 0.39
6861 0.36
6862 0.36
6863 0.42
6864 0.36
6865 0.38
6866 0.39
6867 0.35
6868 0.38
6869 0.39
6870 0.41
6871 0.39
6872 0.35
6873 0.38
6874 0.40
6875 0.41
6876 0.43
6877 0.36
6878 0.42
6879 0.42
6880 0.39
6881 0.40
6882 0.35
6883 0.37
6884 0.37
6885 0.38
6886 0.41
6887 0.39
6888 0.42
6889 0.38
6890 0.38
6891 0.41
6892 0.43
6893 0.39
6894 0.42
6895 0.37
6896 0.38
6897 0.40
6898 0.40
6899 0.40
6900 0.38
6901 0.41
6902 0.43
6903 0.41
6904 0.43
6905 0.36
6906 0.34
6907 0.37
6908 0.39
6909 0.39
6910 0.37
6911 0.32
6912 0.37
6913 0.41
6914 0.44
6915 0.38
6916 0.38
6917 0.40
6918 0.36
6919 0.36
6920 0.39
6921 0.37
6922 0.40
6923 0.36
6924 0.42
6925 0.38
6926 0.33
6927 0.31
6928 0.34
6929 0.36
6930 0.42
6931 0.42
6932 0.40
6933 0.43
6934 0.39
6935 0.43
6936 0.38
6937 0.34
6938 0.36
6939 0.39
6940 0.34
6941 0.37
6942 0.39
6943 0.38
6944 0.41
6945 0.40
6946 0.37
6947 0.37
6948 0.38
6949 0.33
6950 0.32
6951 0.29
6952 0.37
6953 0.43
6954 0.34
6955 0.42
6956 0.39
6957 0.34
6958 0.40
6959 0.42
6960 0.36
6961 0.41
6962 0.36
6963 0.37
6964 0.42
6965 0.38
6966 0.40
6967 0.34
6968 0.41
6969 0.38
6970 0.40
6971 0.37
6972 0.40
6973 0.32
6974 0.33
6975 0.33
6976 0.37
6977 0.36
6978 0.40
6979 0.38
6980 0.38
6981 0.39
6982 0.35
6983 0.37
6984 0.38
6985 0.37
6986 0.38
6987 0.39
6988 0.44
6989 0.36
6990 0.36
6991 0.39
6992 0.43
6993 0.36
6994 0.41
6995 0.36
6996 0.43
6997 0.37
6998 0.30
6999 0.34
7000 0.38
7001 0.39
7002 0.40
7003 0.41
7004 0.29
7005 0.39
7006 0.33
7007 0.39
7008 0.32
7009 0.36
7010 0.39
7011 0.37
7012 0.34
7013 0.40
7014 0.40
7015 0.39
7016 0.38
7017 0.38
7018 0.39
7019 0.40
7020 0.39
7021 0.24
7022 0.42
7023 0.38
7024 0.41
7025 0.40
7026 0.40
7027 0.42
7028 0.40
7029 0.40
7030 0.37
7031 0.36
7032 0.41
7033 0.36
7034 0.38
7035 0.42
7036 0.34
7037 0.42
7038 0.41
7039 0.38
7040 0.41
7041 0.36
7042 0.40
7043 0.38
7044 0.43
7045 0.43
7046 0.43
7047 0.42
7048 0.43
7049 0.34
7050 0.40
7051 0.37
7052 0.42
7053 0.41
7054 0.40
7055 0.38
7056 0.43
7057 0.40
7058 0.37
7059 0.39
7060 0.35
7061 0.42
7062 0.32
7063 0.39
7064 0.38
7065 0.42
7066 0.37
7067 0.30
7068 0.37
7069 0.36
7070 0.35
7071 0.36
7072 0.33
7073 0.38
7074 0.38
7075 0.30
7076 0.36
7077 0.38
7078 0.35
7079 0.33
7080 0.39
7081 0.38
7082 0.33
7083 0.39
7084 0.39
7085 0.35
7086 0.36
7087 0.41
7088 0.33
7089 0.39
7090 0.37
7091 0.40
7092 0.39
7093 0.36
7094 0.41
7095 0.37
7096 0.41
7097 0.38
7098 0.42
7099 0.41
7100 0.33
7101 0.42
7102 0.40
7103 0.41
7104 0.33
7105 0.35
7106 0.31
7107 0.37
7108 0.41
7109 0.42
7110 0.41
7111 0.41
7112 0.37
7113 0.32
7114 0.37
7115 0.41
7116 0.37
7117 0.41
7118 0.35
7119 0.35
7120 0.42
7121 0.37
7122 0.33
7123 0.37
7124 0.36
7125 0.39
7126 0.36
7127 0.40
7128 0.43
7129 0.39
7130 0.37
7131 0.44
7132 0.33
7133 0.41
7134 0.40
7135 0.36
7136 0.36
7137 0.38
7138 0.39
7139 0.38
7140 0.42
7141 0.43
7142 0.45
7143 0.40
7144 0.38
7145 0.31
7146 0.34
7147 0.40
7148 0.38
7149 0.41
7150 0.37
7151 0.36
7152 0.42
7153 0.36
7154 0.34
7155 0.38
7156 0.42
7157 0.31
7158 0.38
7159 0.39
7160 0.41
7161 0.36
7162 0.39
7163 0.40
7164 0.38
7165 0.35
7166 0.43
7167 0.35
7168 0.39
7169 0.42
7170 0.42
7171 0.45
7172 0.37
7173 0.41
7174 0.42
7175 0.36
7176 0.38
7177 0.33
7178 0.38
7179 0.43
7180 0.34
7181 0.39
7182 0.41
7183 0.34
7184 0.43
7185 0.44
7186 0.43
7187 0.37
7188 0.40
7189 0.41
7190 0.42
7191 0.33
7192 0.35
7193 0.36
7194 0.40
7195 0.39
7196 0.36
7197 0.41
7198 0.31
7199 0.33
7200 0.38
7201 0.39
7202 0.41
7203 0.39
7204 0.38
7205 0.38
7206 0.38
7207 0.40
7208 0.39
7209 0.32
7210 0.37
7211 0.37
7212 0.38
7213 0.43
7214 0.39
7215 0.40
7216 0.41
7217 0.42
7218 0.38
7219 0.33
7220 0.38
7221 0.38
7222 0.42
7223 0.38
7224 0.40
7225 0.39
7226 0.38
7227 0.36
7228 0.38
7229 0.31
7230 0.41
7231 0.39
7232 0.30
7233 0.37
7234 0.36
7235 0.27
7236 0.37
7237 0.41
7238 0.38
7239 0.38
7240 0.43
7241 0.38
7242 0.40
7243 0.38
7244 0.37
7245 0.40
7246 0.39
7247 0.40
7248 0.36
7249 0.37
7250 0.33
7251 0.40
7252 0.35
7253 0.40
7254 0.39
7255 0.34
7256 0.43
7257 0.40
7258 0.39
7259 0.40
7260 0.38
7261 0.38
7262 0.35
7263 0.35
7264 0.31
7265 0.37
7266 0.36
7267 0.34
7268 0.32
7269 0.39
7270 0.40
7271 0.39
7272 0.35
7273 0.42
7274 0.35
7275 0.41
7276 0.41
7277 0.36
7278 0.35
7279 0.40
7280 0.32
7281 0.40
7282 0.35
7283 0.42
7284 0.37
7285 0.33
7286 0.40
7287 0.38
7288 0.40
7289 0.36
7290 0.39
7291 0.43
7292 0.38
7293 0.37
7294 0.38
7295 0.41
7296 0.34
7297 0.37
7298 0.36
7299 0.40
7300 0.42
7301 0.39
7302 0.41
7303 0.39
7304 0.42
7305 0.37
7306 0.40
7307 0.41
7308 0.38
7309 0.42
7310 0.40
7311 0.39
7312 0.30
7313 0.40
7314 0.41
7315 0.39
7316 0.36
7317 0.34
7318 0.34
7319 0.38
7320 0.42
7321 0.40
7322 0.40
7323 0.42
7324 0.29
7325 0.44
7326 0.35
7327 0.35
7328 0.41
7329 0.36
7330 0.37
7331 0.37
7332 0.39
7333 0.34
7334 0.39
7335 0.39
7336 0.39
7337 0.39
7338 0.32
7339 0.34
7340 0.41
7341 0.33
7342 0.36
7343 0.41
7344 0.31
7345 0.35
7346 0.40
7347 0.33
7348 0.39
7349 0.37
7350 0.37
7351 0.42
7352 0.29
7353 0.36
7354 0.39
7355 0.39
7356 0.36
7357 0.42
7358 0.42
7359 0.38
7360 0.44
7361 0.39
7362 0.39
7363 0.40
7364 0.41
7365 0.38
7366 0.38
7367 0.33
7368 0.39
7369 0.38
7370 0.43
7371 0.41
7372 0.35
7373 0.38
7374 0.41
7375 0.37
7376 0.36
7377 0.40
7378 0.40
7379 0.40
7380 0.34
7381 0.42
7382 0.39
7383 0.38
7384 0.40
7385 0.39
7386 0.37
7387 0.37
7388 0.37
7389 0.38
7390 0.36
7391 0.42
7392 0.44
7393 0.39
7394 0.42
7395 0.32
7396 0.34
7397 0.36
7398 0.39
7399 0.42
7400 0.41
7401 0.43
7402 0.34
7403 0.36
7404 0.34
7405 0.40
7406 0.31
7407 0.35
7408 0.40
7409 0.38
7410 0.36
7411 0.38
7412 0.41
7413 0.41
7414 0.43
7415 0.41
7416 0.42
7417 0.41
7418 0.29
7419 0.41
7420 0.37
7421 0.40
7422 0.36
7423 0.35
7424 0.43
7425 0.41
7426 0.35
7427 0.41
7428 0.40
7429 0.38
7430 0.43
7431 0.40
7432 0.42
7433 0.40
7434 0.38
7435 0.44
7436 0.39
7437 0.40
7438 0.37
7439 0.35
7440 0.40
7441 0.43
7442 0.39
7443 0.39
7444 0.36
7445 0.40
7446 0.43
7447 0.39
7448 0.41
7449 0.38
7450 0.32
7451 0.40
7452 0.40
7453 0.43
7454 0.43
7455 0.40
7456 0.32
7457 0.44
7458 0.44
7459 0.37
7460 0.43
7461 0.34
7462 0.37
7463 0.43
7464 0.41
7465 0.42
7466 0.34
7467 0.36
7468 0.43
7469 0.40
7470 0.38
7471 0.42
7472 0.42
7473 0.43
7474 0.38
7475 0.39
7476 0.38
7477 0.41
7478 0.37
7479 0.39
7480 0.37
7481 0.39
7482 0.39
7483 0.43
7484 0.39
7485 0.37
7486 0.40
7487 0.31
7488 0.41
7489 0.41
7490 0.37
7491 0.36
7492 0.35
7493 0.43
7494 0.38
7495 0.37
7496 0.41
7497 0.41
7498 0.43
7499 0.38
