0 330.90
30 305.80
60 337.00
90 331.93
120 321.43
150 320.57
180 353.20
210 365.50
240 377.67
270 381.27
300 386.70
330 370.37
360 377.53
390 392.80
420 374.63
450 400.30
480 399.83
510 379.30
540 389.80
570 398.60
600 377.93
630 368.23
660 380.43
690 384.43
720 370.10
750 366.37
780 367.30
810 331.33
840 330.17
870 334.53
900 334.57
930 326.70
960 327.33
990 373.67
1020 376.07
1050 398.93
1080 399.20
1110 379.33
1140 385.87
1170 397.20
1200 370.83
1230 373.60
1260 374.40
1290 387.70
1320 370.50
1350 363.23
1380 380.60
1410 359.47
1440 383.23
1470 369.43
1500 370.30
1530 365.80
1560 377.47
1590 373.77
1620 364.40
1650 387.00
1680 388.03
1710 367.07
1740 366.33
1770 374.63
1800 348.50
1830 362.53
1860 350.67
1890 365.90
1920 350.40
1950 347.77
1980 361.63
2010 362.90
2040 381.67
2070 369.87
2100 377.47
2130 365.73
2160 373.60
2190 366.17
2220 341.27
2250 370.70
2280 363.77
2310 351.67
2340 349.77
2370 365.97
2400 376.97
2430 364.77
2460 382.80
2490 381.57
2520 369.20
2550 368.30
2580 385.10
2610 358.57
2640 374.73
2670 364.63
2700 364.27
2730 364.53
2760 370.40
2790 349.23
2820 331.80
2850 355.00
2880 361.57
2910 347.67
2940 343.73
2970 359.10
