0 250.67
30 245.98
60 248.27
90 289.78
120 263.11
150 287.93
180 291.33
210 255.91
240 280.98
270 267.16
300 268.38
330 273.67
360 279.56
390 311.76
420 298.38
450 304.02
480 306.67
510 312.04
540 320.60
570 351.13
600 349.24
630 311.31
660 336.62
690 374.18
720 334.53
750 339.27
780 338.09
810 312.73
840 339.96
870 276.73
900 343.33
930 346.58
960 361.44
990 295.49
1020 325.91
1050 365.02
1080 354.42
1110 321.71
1140 321.13
1170 353.04
1200 317.36
1230 309.42
1260 329.24
1290 362.20
1320 359.87
1350 359.22
1380 353.67
1410 320.40
1440 337.56
1470 356.24
1500 341.13
1530 346.98
1560 358.09
1590 358.20
1620 344.44
1650 330.69
1680 332.58
1710 342.91
1740 337.51
1770 345.71
1800 371.56
1830 304.44
1860 331.42
1890 332.58
1920 337.58
1950 337.67
1980 331.53
2010 352.13
2040 312.56
2070 344.80
2100 364.11
2130 333.58
2160 330.38
2190 332.89
2220 315.29
2250 322.93
2280 338.49
2310 347.27
2340 339.44
2370 344.67
2400 329.22
2430 324.98
2460 317.38
2490 335.29
2520 346.84
2550 338.58
2580 340.16
2610 334.91
2640 313.04
2670 340.76
2700 326.07
2730 332.56
2760 340.67
2790 340.84
2820 349.44
2850 315.22
2880 324.60
2910 337.31
2940 342.00
2970 365.29
