0 273.00
1 302.00
2 336.00
3 295.00
4 279.00
5 311.00
6 268.00
7 271.00
8 322.00
9 288.00
10 305.00
11 303.00
12 296.00
13 295.00
14 283.00
15 307.00
16 332.00
17 310.00
18 300.00
19 309.00
20 307.00
21 287.00
22 298.00
23 314.00
24 291.00
25 280.00
26 280.00
27 283.00
28 263.00
29 304.00
30 284.00
31 263.00
32 273.00
33 284.00
34 283.00
35 290.00
36 261.00
37 317.00
38 308.00
39 300.00
40 325.00
41 313.00
42 316.00
43 345.00
44 291.00
45 356.00
46 332.00
47 302.00
48 335.00
49 305.00
50 316.00
51 355.00
52 337.00
53 305.00
54 314.00
55 317.00
56 294.00
57 324.00
58 295.00
59 293.00
60 269.00
61 258.00
62 279.00
63 285.00
64 293.00
65 306.00
66 284.00
67 322.00
68 281.00
69 314.00
70 285.00
71 316.00
72 241.00
73 318.00
74 265.00
75 269.00
76 263.00
77 319.00
78 293.00
79 338.00
80 327.00
81 316.00
82 281.00
83 303.00
84 338.00
85 311.00
86 338.00
87 313.00
88 277.00
89 288.00
90 280.00
91 292.00
92 293.00
93 286.00
94 311.00
95 291.00
96 298.00
97 306.00
98 317.00
99 283.00
100 271.00
101 272.00
102 295.00
103 254.00
104 300.00
105 289.00
106 295.00
107 282.00
108 309.00
109 273.00
110 305.00
111 296.00
112 274.00
113 290.00
114 302.00
115 313.00
116 294.00
117 294.00
118 264.00
119 292.00
120 300.00
121 307.00
122 295.00
123 294.00
124 266.00
125 273.00
126 290.00
127 284.00
128 324.00
129 345.00
130 323.00
131 270.00
132 280.00
133 278.00
134 302.00
135 303.00
136 301.00
137 290.00
138 287.00
139 306.00
140 274.00
141 298.00
142 264.00
143 272.00
144 257.00
145 262.00
146 274.00
147 274.00
148 271.00
149 294.00
150 269.00
151 265.00
152 261.00
153 269.00
154 286.00
155 279.00
156 280.00
157 259.00
158 268.00
159 284.00
160 352.00
161 317.00
162 312.00
163 275.00
164 260.00
165 325.00
166 306.00
167 300.00
168 304.00
169 311.00
170 270.00
171 305.00
172 319.00
173 275.00
174 271.00
175 348.00
176 316.00
177 324.00
178 304.00
179 291.00
180 303.00
181 271.00
182 304.00
183 292.00
184 308.00
185 303.00
186 259.00
187 294.00
188 326.00
189 301.00
190 300.00
191 285.00
192 314.00
193 295.00
194 287.00
195 296.00
196 319.00
197 316.00
198 286.00
199 321.00
200 328.00
201 345.00
202 356.00
203 341.00
204 309.00
205 308.00
206 309.00
207 301.00
208 325.00
209 286.00
210 297.00
211 284.00
212 302.00
213 306.00
214 288.00
215 285.00
216 303.00
217 296.00
218 275.00
219 300.00
220 298.00
221 281.00
222 297.00
223 338.00
224 311.00
225 280.00
226 301.00
227 306.00
228 311.00
229 354.00
230 304.00
231 314.00
232 307.00
233 298.00
234 314.00
235 306.00
236 317.00
237 331.00
238 300.00
239 302.00
240 313.00
241 310.00
242 301.00
243 308.00
244 288.00
245 317.00
246 307.00
247 310.00
248 302.00
249 287.00
250 281.00
251 311.00
252 294.00
253 290.00
254 290.00
255 279.00
256 278.00
257 285.00
258 288.00
259 283.00
260 265.00
261 264.00
262 279.00
263 279.00
264 292.00
265 321.00
266 297.00
267 317.00
268 284.00
269 311.00
270 284.00
271 310.00
272 264.00
273 312.00
274 306.00
275 271.00
276 286.00
277 330.00
278 298.00
279 311.00
280 304.00
281 319.00
282 280.00
283 305.00
284 323.00
285 328.00
286 319.00
287 303.00
288 292.00
289 287.00
290 293.00
291 330.00
292 298.00
293 292.00
294 320.00
295 304.00
296 301.00
297 299.00
298 315.00
299 296.00
300 295.00
301 305.00
302 325.00
303 291.00
304 322.00
305 302.00
306 307.00
307 300.00
308 301.00
309 292.00
310 296.00
311 306.00
312 293.00
313 316.00
314 325.00
315 339.00
316 306.00
317 299.00
318 284.00
319 286.00
320 305.00
321 295.00
322 312.00
323 290.00
324 298.00
325 292.00
326 299.00
327 297.00
328 322.00
329 322.00
330 323.00
331 295.00
332 302.00
333 311.00
334 315.00
335 326.00
336 303.00
337 310.00
338 303.00
339 319.00
340 284.00
341 296.00
342 293.00
343 282.00
344 264.00
345 274.00
346 276.00
347 276.00
348 276.00
349 287.00
350 269.00
351 271.00
352 279.00
353 283.00
354 270.00
355 280.00
356 295.00
357 261.00
358 274.00
359 285.00
360 325.00
361 284.00
362 298.00
363 284.00
364 286.00
365 295.00
366 302.00
367 275.00
368 308.00
369 298.00
370 266.00
371 280.00
372 313.00
373 276.00
374 271.00
375 355.00
376 298.00
377 287.00
378 296.00
379 291.00
380 315.00
381 269.00
382 316.00
383 337.00
384 316.00
385 322.00
386 279.00
387 300.00
388 366.00
389 314.00
390 302.00
391 289.00
392 312.00
393 317.00
394 300.00
395 346.00
396 332.00
397 314.00
398 303.00
399 359.00
400 343.00
401 350.00
402 395.00
403 350.00
404 317.00
405 341.00
406 336.00
407 325.00
408 370.00
409 366.00
410 373.00
411 324.00
412 352.00
413 341.00
414 311.00
415 335.00
416 322.00
417 344.00
418 329.00
419 330.00
420 323.00
421 331.00
422 350.00
423 367.00
424 328.00
425 298.00
426 334.00
427 341.00
428 315.00
429 379.00
430 345.00
431 369.00
432 337.00
433 318.00
434 327.00
435 312.00
436 334.00
437 352.00
438 345.00
439 343.00
440 343.00
441 347.00
442 329.00
443 326.00
444 298.00
445 344.00
446 321.00
447 358.00
448 318.00
449 315.00
450 277.00
451 349.00
452 307.00
453 306.00
454 303.00
455 284.00
456 297.00
457 319.00
458 292.00
459 303.00
460 320.00
461 292.00
462 315.00
463 318.00
464 317.00
465 330.00
466 310.00
467 328.00
468 330.00
469 335.00
470 337.00
471 366.00
472 285.00
473 365.00
474 336.00
475 297.00
476 300.00
477 359.00
478 312.00
479 356.00
480 309.00
481 309.00
482 264.00
483 306.00
484 330.00
485 309.00
486 345.00
487 319.00
488 336.00
489 309.00
490 314.00
491 376.00
492 338.00
493 315.00
494 338.00
495 321.00
496 320.00
497 337.00
498 350.00
499 328.00
500 313.00
501 340.00
502 363.00
503 314.00
504 357.00
505 344.00
506 312.00
507 333.00
508 329.00
509 328.00
510 341.00
511 339.00
512 313.00
513 325.00
514 369.00
515 340.00
516 326.00
517 318.00
518 301.00
519 294.00
520 304.00
521 293.00
522 330.00
523 300.00
524 290.00
525 316.00
526 324.00
527 315.00
528 322.00
529 348.00
530 307.00
531 298.00
532 334.00
533 314.00
534 350.00
535 362.00
536 324.00
537 328.00
538 324.00
539 336.00
540 312.00
541 334.00
542 320.00
543 333.00
544 275.00
545 290.00
546 273.00
547 314.00
548 311.00
549 317.00
550 296.00
551 275.00
552 296.00
553 296.00
554 286.00
555 331.00
556 319.00
557 271.00
558 298.00
559 312.00
560 351.00
561 300.00
562 309.00
563 299.00
564 283.00
565 335.00
566 341.00
567 307.00
568 332.00
569 304.00
570 299.00
571 287.00
572 360.00
573 315.00
574 310.00
575 383.00
576 319.00
577 308.00
578 332.00
579 336.00
580 348.00
581 294.00
582 352.00
583 367.00
584 340.00
585 362.00
586 307.00
587 338.00
588 360.00
589 343.00
590 316.00
591 316.00
592 334.00
593 342.00
594 358.00
595 366.00
596 355.00
597 360.00
598 338.00
599 370.00
600 362.00
601 418.00
602 442.00
603 413.00
604 381.00
605 407.00
606 363.00
607 355.00
608 400.00
609 400.00
610 385.00
611 327.00
612 373.00
613 378.00
614 358.00
615 329.00
616 362.00
617 386.00
618 362.00
619 372.00
620 353.00
621 360.00
622 400.00
623 426.00
624 391.00
625 366.00
626 383.00
627 395.00
628 356.00
629 426.00
630 398.00
631 410.00
632 370.00
633 368.00
634 409.00
635 371.00
636 391.00
637 411.00
638 402.00
639 380.00
640 411.00
641 411.00
642 379.00
643 397.00
644 350.00
645 391.00
646 387.00
647 395.00
648 389.00
649 354.00
650 355.00
651 398.00
652 363.00
653 360.00
654 366.00
655 380.00
656 347.00
657 382.00
658 386.00
659 365.00
660 338.00
661 336.00
662 331.00
663 349.00
664 355.00
665 413.00
666 358.00
667 387.00
668 344.00
669 416.00
670 389.00
671 414.00
672 299.00
673 416.00
674 389.00
675 333.00
676 348.00
677 395.00
678 374.00
679 431.00
680 395.00
681 410.00
682 346.00
683 361.00
684 394.00
685 379.00
686 380.00
687 365.00
688 366.00
689 353.00
690 354.00
691 374.00
692 345.00
693 354.00
694 387.00
695 367.00
696 400.00
697 385.00
698 409.00
699 387.00
700 340.00
701 361.00
702 399.00
703 346.00
704 390.00
705 391.00
706 391.00
707 357.00
708 390.00
709 364.00
710 390.00
711 380.00
712 348.00
713 380.00
714 410.00
715 432.00
716 363.00
717 387.00
718 355.00
719 354.00
720 369.00
721 375.00
722 401.00
723 361.00
724 364.00
725 365.00
726 373.00
727 365.00
728 422.00
729 394.00
730 399.00
731 360.00
732 389.00
733 363.00
734 382.00
735 407.00
736 398.00
737 381.00
738 373.00
739 370.00
740 334.00
741 353.00
742 359.00
743 376.00
744 309.00
745 337.00
746 342.00
747 347.00
748 374.00
749 369.00
750 334.00
751 351.00
752 352.00
753 362.00
754 344.00
755 387.00
756 398.00
757 327.00
758 328.00
759 352.00
760 447.00
761 393.00
762 388.00
763 374.00
764 361.00
765 404.00
766 397.00
767 400.00
768 427.00
769 377.00
770 329.00
771 396.00
772 395.00
773 362.00
774 350.00
775 433.00
776 396.00
777 380.00
778 387.00
779 383.00
780 421.00
781 351.00
782 388.00
783 417.00
784 398.00
785 418.00
786 342.00
787 362.00
788 400.00
789 398.00
790 368.00
791 344.00
792 406.00
793 403.00
794 373.00
795 407.00
796 413.00
797 402.00
798 375.00
799 425.00
800 327.00
801 370.00
802 395.00
803 369.00
804 322.00
805 386.00
806 296.00
807 325.00
808 381.00
809 378.00
810 374.00
811 306.00
812 364.00
813 333.00
814 302.00
815 295.00
816 346.00
817 321.00
818 280.00
819 315.00
820 337.00
821 304.00
822 368.00
823 373.00
824 338.00
825 314.00
826 350.00
827 332.00
828 321.00
829 353.00
830 358.00
831 360.00
832 338.00
833 339.00
834 322.00
835 323.00
836 317.00
837 347.00
838 325.00
839 280.00
840 334.00
841 336.00
842 276.00
843 280.00
844 243.00
845 253.00
846 286.00
847 306.00
848 262.00
849 247.00
850 285.00
851 284.00
852 276.00
853 252.00
854 271.00
855 279.00
856 275.00
857 310.00
858 349.00
859 296.00
860 308.00
861 292.00
862 311.00
863 351.00
864 334.00
865 370.00
866 331.00
867 363.00
868 334.00
869 367.00
870 338.00
871 382.00
872 301.00
873 374.00
874 352.00
875 299.00
876 328.00
877 348.00
878 299.00
879 349.00
880 329.00
881 291.00
882 250.00
883 272.00
884 304.00
885 272.00
886 283.00
887 274.00
888 265.00
889 254.00
890 254.00
891 280.00
892 247.00
893 289.00
894 284.00
895 252.00
896 287.00
897 281.00
898 290.00
899 287.00
900 256.00
901 284.00
902 311.00
903 278.00
904 292.00
905 313.00
906 319.00
907 315.00
908 339.00
909 333.00
910 334.00
911 319.00
912 311.00
913 319.00
914 375.00
915 348.00
916 299.00
917 307.00
918 303.00
919 309.00
920 346.00
921 316.00
922 327.00
923 313.00
924 339.00
925 314.00
926 321.00
927 310.00
928 335.00
929 368.00
930 333.00
931 298.00
932 305.00
933 283.00
934 298.00
935 316.00
936 320.00
937 286.00
938 282.00
939 315.00
940 303.00
941 313.00
942 296.00
943 335.00
944 289.00
945 310.00
946 281.00
947 297.00
948 324.00
949 307.00
950 310.00
951 344.00
952 332.00
953 324.00
954 321.00
955 343.00
956 357.00
957 312.00
958 339.00
959 352.00
960 388.00
961 361.00
962 389.00
963 357.00
964 349.00
965 392.00
966 390.00
967 380.00
968 392.00
969 373.00
970 298.00
971 337.00
972 373.00
973 337.00
974 375.00
975 422.00
976 355.00
977 362.00
978 342.00
979 364.00
980 379.00
981 304.00
982 365.00
983 373.00
984 371.00
985 387.00
986 305.00
987 359.00
988 382.00
989 337.00
990 306.00
991 316.00
992 339.00
993 367.00
994 342.00
995 379.00
996 379.00
997 369.00
998 375.00
999 392.00
1000 341.00
1001 387.00
1002 416.00
1003 390.00
1004 367.00
1005 397.00
1006 364.00
1007 392.00
1008 417.00
1009 413.00
1010 402.00
1011 343.00
1012 401.00
1013 389.00
1014 362.00
1015 371.00
1016 373.00
1017 376.00
1018 365.00
1019 351.00
1020 400.00
1021 371.00
1022 376.00
1023 412.00
1024 365.00
1025 349.00
1026 398.00
1027 391.00
1028 374.00
1029 411.00
1030 392.00
1031 388.00
1032 349.00
1033 399.00
1034 392.00
1035 400.00
1036 383.00
1037 406.00
1038 390.00
1039 396.00
1040 388.00
1041 365.00
1042 386.00
1043 411.00
1044 348.00
1045 398.00
1046 397.00
1047 372.00
1048 388.00
1049 342.00
1050 376.00
1051 413.00
1052 381.00
1053 351.00
1054 368.00
1055 381.00
1056 349.00
1057 396.00
1058 373.00
1059 345.00
1060 349.00
1061 334.00
1062 360.00
1063 357.00
1064 370.00
1065 389.00
1066 363.00
1067 387.00
1068 336.00
1069 383.00
1070 376.00
1071 397.00
1072 296.00
1073 400.00
1074 401.00
1075 333.00
1076 339.00
1077 406.00
1078 364.00
1079 405.00
1080 402.00
1081 391.00
1082 334.00
1083 360.00
1084 400.00
1085 391.00
1086 394.00
1087 375.00
1088 364.00
1089 353.00
1090 344.00
1091 370.00
1092 350.00
1093 345.00
1094 366.00
1095 363.00
1096 384.00
1097 394.00
1098 406.00
1099 373.00
1100 334.00
1101 372.00
1102 384.00
1103 333.00
1104 383.00
1105 368.00
1106 369.00
1107 378.00
1108 382.00
1109 376.00
1110 369.00
1111 382.00
1112 356.00
1113 386.00
1114 383.00
1115 404.00
1116 339.00
1117 390.00
1118 336.00
1119 364.00
1120 391.00
1121 392.00
1122 393.00
1123 389.00
1124 344.00
1125 341.00
1126 357.00
1127 352.00
1128 375.00
1129 378.00
1130 373.00
1131 338.00
1132 365.00
1133 344.00
1134 381.00
1135 390.00
1136 387.00
1137 370.00
1138 378.00
1139 364.00
1140 332.00
1141 353.00
1142 352.00
1143 372.00
1144 306.00
1145 331.00
1146 317.00
1147 364.00
1148 355.00
1149 351.00
1150 327.00
1151 327.00
1152 353.00
1153 358.00
1154 323.00
1155 375.00
1156 357.00
1157 293.00
1158 312.00
1159 349.00
1160 378.00
1161 379.00
1162 403.00
1163 345.00
1164 360.00
1165 384.00
1166 391.00
1167 382.00
1168 370.00
1169 358.00
1170 309.00
1171 377.00
1172 401.00
1173 351.00
1174 349.00
1175 396.00
1176 381.00
1177 392.00
1178 381.00
1179 379.00
1180 401.00
1181 350.00
1182 380.00
1183 397.00
1184 366.00
1185 404.00
1186 342.00
1187 372.00
1188 423.00
1189 411.00
1190 381.00
1191 346.00
1192 372.00
1193 377.00
1194 379.00
1195 401.00
1196 391.00
1197 415.00
1198 373.00
1199 392.00
1200 356.00
1201 414.00
1202 445.00
1203 420.00
1204 387.00
1205 418.00
1206 381.00
1207 361.00
1208 416.00
1209 402.00
1210 383.00
1211 345.00
1212 374.00
1213 392.00
1214 360.00
1215 350.00
1216 370.00
1217 399.00
1218 365.00
1219 381.00
1220 360.00
1221 362.00
1222 402.00
1223 432.00
1224 407.00
1225 371.00
1226 390.00
1227 410.00
1228 368.00
1229 441.00
1230 406.00
1231 417.00
1232 379.00
1233 383.00
1234 414.00
1235 392.00
1236 415.00
1237 426.00
1238 404.00
1239 388.00
1240 414.00
1241 408.00
1242 388.00
1243 408.00
1244 352.00
1245 392.00
1246 400.00
1247 371.00
1248 389.00
1249 358.00
1250 370.00
1251 401.00
1252 362.00
1253 362.00
1254 381.00
1255 388.00
1256 350.00
1257 392.00
1258 394.00
1259 365.00
1260 346.00
1261 345.00
1262 352.00
1263 376.00
1264 376.00
1265 405.00
1266 393.00
1267 404.00
1268 360.00
1269 434.00
1270 406.00
1271 439.00
1272 310.00
1273 436.00
1274 397.00
1275 346.00
1276 349.00
1277 411.00
1278 381.00
1279 422.00
1280 397.00
1281 410.00
1282 346.00
1283 366.00
1284 394.00
1285 379.00
1286 380.00
1287 371.00
1288 357.00
1289 344.00
1290 354.00
1291 398.00
1292 358.00
1293 349.00
1294 379.00
1295 381.00
1296 402.00
1297 392.00
1298 410.00
1299 394.00
1300 354.00
1301 392.00
1302 400.00
1303 368.00
1304 401.00
1305 394.00
1306 374.00
1307 389.00
1308 395.00
1309 385.00
1310 392.00
1311 394.00
1312 358.00
1313 386.00
1314 426.00
1315 423.00
1316 372.00
1317 395.00
1318 362.00
1319 356.00
1320 379.00
1321 385.00
1322 406.00
1323 366.00
1324 368.00
1325 369.00
1326 373.00
1327 365.00
1328 425.00
1329 394.00
1330 401.00
1331 363.00
1332 380.00
1333 363.00
1334 382.00
1335 400.00
1336 391.00
1337 383.00
1338 377.00
1339 375.00
1340 338.00
1341 357.00
1342 372.00
1343 397.00
1344 313.00
1345 337.00
1346 343.00
1347 348.00
1348 375.00
1349 365.00
1350 343.00
1351 354.00
1352 363.00
1353 373.00
1354 357.00
1355 401.00
1356 402.00
1357 337.00
1358 334.00
1359 368.00
1360 435.00
1361 417.00
1362 406.00
1363 371.00
1364 369.00
1365 424.00
1366 417.00
1367 410.00
1368 433.00
1369 390.00
1370 340.00
1371 402.00
1372 413.00
1373 371.00
1374 361.00
1375 432.00
1376 395.00
1377 398.00
1378 410.00
1379 381.00
1380 426.00
1381 379.00
1382 404.00
1383 419.00
1384 392.00
1385 420.00
1386 352.00
1387 381.00
1388 418.00
1389 410.00
1390 386.00
1391 346.00
1392 406.00
1393 403.00
1394 383.00
1395 403.00
1396 416.00
1397 416.00
1398 381.00
1399 437.00
1400 347.00
1401 368.00
1402 425.00
1403 396.00
1404 358.00
1405 383.00
1406 348.00
1407 349.00
1408 413.00
1409 408.00
1410 388.00
1411 313.00
1412 367.00
1413 342.00
1414 333.00
1415 335.00
1416 373.00
1417 362.00
1418 334.00
1419 331.00
1420 366.00
1421 371.00
1422 390.00
1423 408.00
1424 368.00
1425 330.00
1426 377.00
1427 370.00
1428 384.00
1429 418.00
1430 398.00
1431 393.00
1432 361.00
1433 387.00
1434 386.00
1435 375.00
1436 372.00
1437 392.00
1438 373.00
1439 367.00
1440 384.00
1441 341.00
1442 376.00
1443 380.00
1444 347.00
1445 387.00
1446 376.00
1447 367.00
1448 358.00
1449 327.00
1450 367.00
1451 371.00
1452 355.00
1453 340.00
1454 338.00
1455 363.00
1456 329.00
1457 369.00
1458 365.00
1459 349.00
1460 351.00
1461 354.00
1462 324.00
1463 376.00
1464 370.00
1465 400.00
1466 368.00
1467 369.00
1468 340.00
1469 397.00
1470 372.00
1471 417.00
1472 307.00
1473 402.00
1474 381.00
1475 325.00
1476 340.00
1477 384.00
1478 360.00
1479 391.00
1480 378.00
1481 375.00
1482 318.00
1483 339.00
1484 375.00
1485 340.00
1486 360.00
1487 342.00
1488 345.00
1489 326.00
1490 324.00
1491 354.00
1492 315.00
1493 328.00
1494 355.00
1495 321.00
1496 363.00
1497 356.00
1498 374.00
1499 338.00
1500 310.00
1501 364.00
1502 368.00
1503 316.00
1504 355.00
1505 373.00
1506 344.00
1507 353.00
1508 348.00
1509 359.00
1510 363.00
1511 369.00
1512 338.00
1513 347.00
1514 386.00
1515 393.00
1516 337.00
1517 351.00
1518 345.00
1519 354.00
1520 370.00
1521 367.00
1522 377.00
1523 365.00
1524 346.00
1525 369.00
1526 350.00
1527 344.00
1528 389.00
1529 379.00
1530 380.00
1531 327.00
1532 327.00
1533 304.00
1534 368.00
1535 373.00
1536 372.00
1537 351.00
1538 367.00
1539 393.00
1540 330.00
1541 365.00
1542 350.00
1543 369.00
1544 339.00
1545 350.00
1546 344.00
1547 358.00
1548 367.00
1549 380.00
1550 350.00
1551 360.00
1552 368.00
1553 359.00
1554 378.00
1555 409.00
1556 414.00
1557 327.00
1558 335.00
1559 353.00
1560 414.00
1561 385.00
1562 409.00
1563 408.00
1564 353.00
1565 403.00
1566 397.00
1567 417.00
1568 418.00
1569 404.00
1570 316.00
1571 385.00
1572 423.00
1573 355.00
1574 366.00
1575 410.00
1576 387.00
1577 382.00
1578 389.00
1579 370.00
1580 393.00
1581 364.00
1582 375.00
1583 383.00
1584 382.00
1585 375.00
1586 348.00
1587 383.00
1588 383.00
1589 381.00
1590 370.00
1591 355.00
1592 373.00
1593 387.00
1594 376.00
1595 402.00
1596 387.00
1597 411.00
1598 362.00
1599 405.00
1600 363.00
1601 436.00
1602 426.00
1603 398.00
1604 352.00
1605 375.00
1606 353.00
1607 356.00
1608 404.00
1609 425.00
1610 390.00
1611 349.00
1612 395.00
1613 408.00
1614 346.00
1615 343.00
1616 375.00
1617 403.00
1618 360.00
1619 358.00
1620 346.00
1621 373.00
1622 412.00
1623 429.00
1624 406.00
1625 378.00
1626 390.00
1627 378.00
1628 375.00
1629 428.00
1630 418.00
1631 423.00
1632 390.00
1633 389.00
1634 412.00
1635 381.00
1636 409.00
1637 426.00
1638 413.00
1639 390.00
1640 424.00
1641 385.00
1642 395.00
1643 419.00
1644 359.00
1645 402.00
1646 401.00
1647 352.00
1648 381.00
1649 341.00
1650 376.00
1651 391.00
1652 350.00
1653 351.00
1654 376.00
1655 374.00
1656 357.00
1657 406.00
1658 380.00
1659 378.00
1660 356.00
1661 361.00
1662 361.00
1663 384.00
1664 383.00
1665 413.00
1666 388.00
1667 434.00
1668 365.00
1669 438.00
1670 406.00
1671 430.00
1672 322.00
1673 422.00
1674 383.00
1675 341.00
1676 350.00
1677 400.00
1678 370.00
1679 407.00
1680 393.00
1681 406.00
1682 344.00
1683 350.00
1684 394.00
1685 355.00
1686 371.00
1687 364.00
1688 374.00
1689 361.00
1690 366.00
1691 411.00
1692 358.00
1693 367.00
1694 373.00
1695 368.00
1696 389.00
1697 387.00
1698 403.00
1699 404.00
1700 352.00
1701 416.00
1702 391.00
1703 379.00
1704 399.00
1705 386.00
1706 395.00
1707 398.00
1708 406.00
1709 404.00
1710 385.00
1711 380.00
1712 332.00
1713 389.00
1714 429.00
1715 423.00
1716 334.00
1717 385.00
1718 363.00
1719 346.00
1720 371.00
1721 374.00
1722 378.00
1723 365.00
1724 370.00
1725 380.00
1726 354.00
1727 351.00
1728 403.00
1729 362.00
1730 379.00
1731 351.00
1732 362.00
1733 352.00
1734 388.00
1735 397.00
1736 377.00
1737 382.00
1738 370.00
1739 388.00
1740 367.00
1741 359.00
1742 361.00
1743 368.00
1744 330.00
1745 326.00
1746 319.00
1747 318.00
1748 355.00
1749 379.00
1750 365.00
1751 343.00
1752 364.00
1753 375.00
1754 364.00
1755 380.00
1756 396.00
1757 329.00
1758 329.00
1759 332.00
1760 411.00
1761 422.00
1762 399.00
1763 348.00
1764 364.00
1765 433.00
1766 398.00
1767 411.00
1768 437.00
1769 393.00
1770 343.00
1771 434.00
1772 414.00
1773 369.00
1774 365.00
1775 434.00
1776 397.00
1777 398.00
1778 404.00
1779 370.00
1780 427.00
1781 377.00
1782 372.00
1783 419.00
1784 388.00
1785 411.00
1786 356.00
1787 390.00
1788 398.00
1789 377.00
1790 382.00
1791 368.00
1792 388.00
1793 375.00
1794 364.00
1795 414.00
1796 416.00
1797 421.00
1798 376.00
1799 425.00
1800 356.00
1801 424.00
1802 456.00
1803 420.00
1804 363.00
1805 429.00
1806 360.00
1807 319.00
1808 409.00
1809 403.00
1810 393.00
1811 347.00
1812 382.00
1813 380.00
1814 351.00
1815 346.00
1816 362.00
1817 398.00
1818 361.00
1819 366.00
1820 350.00
1821 365.00
1822 406.00
1823 445.00
1824 413.00
1825 384.00
1826 385.00
1827 370.00
1828 371.00
1829 438.00
1830 387.00
1831 428.00
1832 370.00
1833 370.00
1834 393.00
1835 386.00
1836 393.00
1837 427.00
1838 393.00
1839 372.00
1840 409.00
1841 363.00
1842 378.00
1843 421.00
1844 352.00
1845 389.00
1846 404.00
1847 352.00
1848 398.00
1849 335.00
1850 370.00
1851 412.00
1852 336.00
1853 336.00
1854 398.00
1855 383.00
1856 355.00
1857 412.00
1858 394.00
1859 380.00
1860 338.00
1861 352.00
1862 363.00
1863 381.00
1864 388.00
1865 426.00
1866 416.00
1867 440.00
1868 371.00
1869 451.00
1870 420.00
1871 447.00
1872 313.00
1873 433.00
1874 381.00
1875 348.00
1876 349.00
1877 411.00
1878 363.00
1879 398.00
1880 380.00
1881 380.00
1882 320.00
1883 369.00
1884 375.00
1885 367.00
1886 385.00
1887 362.00
1888 348.00
1889 340.00
1890 335.00
1891 396.00
1892 344.00
1893 362.00
1894 349.00
1895 371.00
1896 383.00
1897 390.00
1898 412.00
1899 382.00
1900 357.00
1901 369.00
1902 388.00
1903 366.00
1904 390.00
1905 380.00
1906 362.00
1907 375.00
1908 397.00
1909 372.00
1910 377.00
1911 364.00
1912 327.00
1913 378.00
1914 416.00
1915 434.00
1916 369.00
1917 398.00
1918 352.00
1919 347.00
1920 348.00
1921 374.00
1922 404.00
1923 364.00
1924 373.00
1925 375.00
1926 381.00
1927 356.00
1928 431.00
1929 378.00
1930 411.00
1931 354.00
1932 378.00
1933 335.00
1934 361.00
1935 390.00
1936 391.00
1937 367.00
1938 376.00
1939 387.00
1940 314.00
1941 336.00
1942 336.00
1943 358.00
1944 319.00
1945 326.00
1946 313.00
1947 343.00
1948 356.00
1949 389.00
1950 343.00
1951 324.00
1952 347.00
1953 346.00
1954 377.00
1955 375.00
1956 402.00
1957 330.00
1958 330.00
1959 363.00
1960 430.00
1961 427.00
1962 416.00
1963 367.00
1964 364.00
1965 433.00
1966 417.00
1967 410.00
1968 429.00
1969 383.00
1970 352.00
1971 416.00
1972 403.00
1973 364.00
1974 357.00
1975 433.00
1976 392.00
1977 397.00
1978 419.00
1979 369.00
1980 425.00
1981 358.00
1982 394.00
1983 411.00
1984 403.00
1985 425.00
1986 343.00
1987 386.00
1988 417.00
1989 393.00
1990 368.00
1991 353.00
1992 398.00
1993 388.00
1994 380.00
1995 409.00
1996 412.00
1997 415.00
1998 385.00
1999 445.00
2000 341.00
2001 357.00
2002 402.00
2003 379.00
2004 315.00
2005 353.00
2006 283.00
2007 315.00
2008 347.00
2009 380.00
2010 378.00
2011 261.00
2012 336.00
2013 329.00
2014 282.00
2015 324.00
2016 332.00
2017 351.00
2018 305.00
2019 324.00
2020 310.00
2021 328.00
2022 344.00
2023 369.00
2024 351.00
2025 331.00
2026 380.00
2027 359.00
2028 331.00
2029 398.00
2030 372.00
2031 401.00
2032 375.00
2033 362.00
2034 389.00
2035 378.00
2036 391.00
2037 379.00
2038 358.00
2039 328.00
2040 390.00
2041 355.00
2042 357.00
2043 343.00
2044 325.00
2045 352.00
2046 360.00
2047 332.00
2048 321.00
2049 315.00
2050 328.00
2051 353.00
2052 313.00
2053 297.00
2054 304.00
2055 344.00
2056 337.00
2057 349.00
2058 313.00
2059 321.00
2060 369.00
2061 289.00
2062 329.00
2063 331.00
2064 337.00
2065 343.00
2066 336.00
2067 364.00
2068 316.00
2069 353.00
2070 356.00
2071 357.00
2072 274.00
2073 358.00
2074 331.00
2075 324.00
2076 314.00
2077 362.00
2078 333.00
2079 356.00
2080 333.00
2081 349.00
2082 305.00
2083 322.00
2084 331.00
2085 354.00
2086 369.00
2087 340.00
2088 328.00
2089 336.00
2090 330.00
2091 372.00
2092 330.00
2093 324.00
2094 353.00
2095 322.00
2096 349.00
2097 315.00
2098 367.00
2099 325.00
2100 339.00
2101 344.00
2102 335.00
2103 333.00
2104 345.00
2105 339.00
2106 350.00
2107 346.00
2108 334.00
2109 366.00
2110 365.00
2111 324.00
2112 302.00
2113 358.00
2114 381.00
2115 376.00
2116 350.00
2117 356.00
2118 338.00
2119 342.00
2120 361.00
2121 353.00
2122 367.00
2123 342.00
2124 360.00
2125 333.00
2126 330.00
2127 342.00
2128 328.00
2129 365.00
2130 360.00
2131 326.00
2132 330.00
2133 322.00
2134 365.00
2135 375.00
2136 360.00
2137 349.00
2138 352.00
2139 377.00
2140 316.00
2141 347.00
2142 362.00
2143 370.00
2144 306.00
2145 315.00
2146 323.00
2147 362.00
2148 330.00
2149 339.00
2150 310.00
2151 359.00
2152 347.00
2153 341.00
2154 344.00
2155 364.00
2156 379.00
2157 263.00
2158 293.00
2159 300.00
2160 361.00
2161 337.00
2162 350.00
2163 346.00
2164 311.00
2165 322.00
2166 322.00
2167 345.00
2168 359.00
2169 318.00
2170 293.00
2171 324.00
2172 341.00
2173 349.00
2174 302.00
2175 364.00
2176 310.00
2177 380.00
2178 379.00
2179 332.00
2180 400.00
2181 318.00
2182 387.00
2183 376.00
2184 355.00
2185 386.00
2186 324.00
2187 323.00
2188 377.00
2189 359.00
2190 360.00
2191 318.00
2192 388.00
2193 355.00
2194 335.00
2195 400.00
2196 375.00
2197 367.00
2198 336.00
2199 372.00
2200 319.00
2201 367.00
2202 372.00
2203 339.00
2204 293.00
2205 313.00
2206 288.00
2207 249.00
2208 322.00
2209 319.00
2210 317.00
2211 275.00
2212 302.00
2213 279.00
2214 250.00
2215 300.00
2216 326.00
2217 303.00
2218 246.00
2219 268.00
2220 275.00
2221 266.00
2222 273.00
2223 342.00
2224 308.00
2225 278.00
2226 339.00
2227 312.00
2228 298.00
2229 356.00
2230 348.00
2231 330.00
2232 314.00
2233 309.00
2234 324.00
2235 338.00
2236 298.00
2237 308.00
2238 298.00
2239 289.00
2240 314.00
2241 313.00
2242 320.00
2243 307.00
2244 245.00
2245 309.00
2246 291.00
2247 281.00
2248 257.00
2249 237.00
2250 251.00
2251 307.00
2252 278.00
2253 220.00
2254 249.00
2255 259.00
2256 236.00
2257 269.00
2258 287.00
2259 276.00
2260 249.00
2261 256.00
2262 286.00
2263 297.00
2264 303.00
2265 354.00
2266 308.00
2267 322.00
2268 256.00
2269 329.00
2270 298.00
2271 365.00
2272 244.00
2273 351.00
2274 335.00
2275 247.00
2276 267.00
2277 348.00
2278 240.00
2279 317.00
2280 291.00
2281 256.00
2282 238.00
2283 281.00
2284 252.00
2285 250.00
2286 307.00
2287 288.00
2288 269.00
2289 251.00
2290 266.00
2291 274.00
2292 287.00
2293 271.00
2294 292.00
2295 274.00
2296 312.00
2297 310.00
2298 332.00
2299 298.00
2300 305.00
2301 317.00
2302 341.00
2303 276.00
2304 313.00
2305 310.00
2306 303.00
2307 306.00
2308 294.00
2309 289.00
2310 322.00
2311 301.00
2312 299.00
2313 306.00
2314 316.00
2315 319.00
2316 263.00
2317 301.00
2318 301.00
2319 298.00
2320 291.00
2321 312.00
2322 315.00
2323 305.00
2324 274.00
2325 292.00
2326 312.00
2327 295.00
2328 305.00
2329 329.00
2330 318.00
2331 322.00
2332 293.00
2333 318.00
2334 329.00
2335 309.00
2336 302.00
2337 307.00
2338 283.00
2339 352.00
2340 278.00
2341 312.00
2342 310.00
2343 326.00
2344 290.00
2345 280.00
2346 264.00
2347 261.00
2348 292.00
2349 297.00
2350 251.00
2351 286.00
2352 286.00
2353 295.00
2354 276.00
2355 338.00
2356 306.00
2357 253.00
2358 278.00
2359 298.00
2360 298.00
2361 291.00
2362 323.00
2363 285.00
2364 271.00
2365 333.00
2366 288.00
2367 330.00
2368 322.00
2369 322.00
2370 271.00
2371 322.00
2372 323.00
2373 270.00
2374 244.00
2375 312.00
2376 313.00
2377 302.00
2378 297.00
2379 301.00
2380 361.00
2381 304.00
2382 303.00
2383 339.00
2384 318.00
2385 343.00
2386 274.00
2387 312.00
2388 367.00
2389 346.00
2390 322.00
2391 287.00
2392 309.00
2393 310.00
2394 309.00
2395 357.00
2396 372.00
2397 352.00
2398 346.00
2399 361.00
2400 365.00
2401 388.00
2402 430.00
2403 397.00
2404 368.00
2405 406.00
2406 353.00
2407 355.00
2408 413.00
2409 383.00
2410 386.00
2411 327.00
2412 381.00
2413 375.00
2414 335.00
2415 372.00
2416 357.00
2417 382.00
2418 363.00
2419 352.00
2420 366.00
2421 367.00
2422 388.00
2423 411.00
2424 399.00
2425 361.00
2426 418.00
2427 400.00
2428 384.00
2429 432.00
2430 393.00
2431 424.00
2432 393.00
2433 380.00
2434 414.00
2435 403.00
2436 404.00
2437 403.00
2438 371.00
2439 389.00
2440 404.00
2441 363.00
2442 382.00
2443 381.00
2444 357.00
2445 385.00
2446 381.00
2447 365.00
2448 382.00
2449 344.00
2450 354.00
2451 393.00
2452 360.00
2453 339.00
2454 387.00
2455 372.00
2456 354.00
2457 387.00
2458 383.00
2459 362.00
2460 366.00
2461 332.00
2462 360.00
2463 409.00
2464 406.00
2465 400.00
2466 370.00
2467 394.00
2468 336.00
2469 400.00
2470 374.00
2471 399.00
2472 308.00
2473 381.00
2474 386.00
2475 330.00
2476 344.00
2477 394.00
2478 351.00
2479 392.00
2480 393.00
2481 386.00
2482 330.00
2483 351.00
2484 378.00
2485 372.00
2486 384.00
2487 361.00
2488 362.00
2489 344.00
2490 344.00
2491 371.00
2492 360.00
2493 331.00
2494 347.00
2495 357.00
2496 359.00
2497 370.00
2498 391.00
2499 346.00
2500 353.00
2501 389.00
2502 357.00
2503 352.00
2504 377.00
2505 365.00
2506 388.00
2507 382.00
2508 385.00
2509 386.00
2510 393.00
2511 375.00
2512 360.00
2513 374.00
2514 392.00
2515 426.00
2516 343.00
2517 386.00
2518 352.00
2519 382.00
2520 395.00
2521 374.00
2522 390.00
2523 390.00
2524 374.00
2525 358.00
2526 376.00
2527 345.00
2528 391.00
2529 396.00
2530 381.00
2531 348.00
2532 358.00
2533 345.00
2534 396.00
2535 418.00
2536 402.00
2537 383.00
2538 372.00
2539 416.00
2540 356.00
2541 404.00
2542 369.00
2543 413.00
2544 343.00
2545 332.00
2546 348.00
2547 362.00
2548 363.00
2549 366.00
2550 352.00
2551 375.00
2552 379.00
2553 380.00
2554 363.00
2555 419.00
2556 387.00
2557 322.00
2558 304.00
2559 333.00
2560 375.00
2561 343.00
2562 398.00
2563 370.00
2564 351.00
2565 384.00
2566 366.00
2567 377.00
2568 412.00
2569 388.00
2570 321.00
2571 353.00
2572 397.00
2573 347.00
2574 337.00
2575 416.00
2576 367.00
2577 406.00
2578 392.00
2579 375.00
2580 421.00
2581 361.00
2582 374.00
2583 402.00
2584 389.00
2585 411.00
2586 373.00
2587 395.00
2588 409.00
2589 410.00
2590 396.00
2591 366.00
2592 411.00
2593 399.00
2594 391.00
2595 377.00
2596 425.00
2597 403.00
2598 365.00
2599 432.00
2600 355.00
2601 403.00
2602 434.00
2603 395.00
2604 371.00
2605 415.00
2606 332.00
2607 352.00
2608 382.00
2609 355.00
2610 366.00
2611 324.00
2612 364.00
2613 367.00
2614 342.00
2615 339.00
2616 370.00
2617 386.00
2618 357.00
2619 361.00
2620 355.00
2621 366.00
2622 384.00
2623 410.00
2624 390.00
2625 359.00
2626 395.00
2627 384.00
2628 360.00
2629 424.00
2630 394.00
2631 428.00
2632 386.00
2633 396.00
2634 414.00
2635 403.00
2636 390.00
2637 399.00
2638 386.00
2639 391.00
2640 405.00
2641 375.00
2642 395.00
2643 391.00
2644 353.00
2645 390.00
2646 378.00
2647 359.00
2648 381.00
2649 344.00
2650 346.00
2651 387.00
2652 330.00
2653 337.00
2654 356.00
2655 343.00
2656 371.00
2657 380.00
2658 394.00
2659 362.00
2660 400.00
2661 309.00
2662 402.00
2663 372.00
2664 392.00
2665 395.00
2666 363.00
2667 417.00
2668 383.00
2669 397.00
2670 400.00
2671 411.00
2672 297.00
2673 386.00
2674 370.00
2675 360.00
2676 328.00
2677 376.00
2678 360.00
2679 399.00
2680 379.00
2681 360.00
2682 324.00
2683 341.00
2684 364.00
2685 378.00
2686 389.00
2687 377.00
2688 357.00
2689 339.00
2690 321.00
2691 377.00
2692 352.00
2693 315.00
2694 328.00
2695 334.00
2696 350.00
2697 371.00
2698 378.00
2699 345.00
2700 320.00
2701 367.00
2702 372.00
2703 331.00
2704 376.00
2705 374.00
2706 377.00
2707 371.00
2708 377.00
2709 368.00
2710 389.00
2711 363.00
2712 349.00
2713 372.00
2714 396.00
2715 423.00
2716 366.00
2717 380.00
2718 360.00
2719 382.00
2720 396.00
2721 397.00
2722 404.00
2723 405.00
2724 346.00
2725 381.00
2726 392.00
2727 356.00
2728 400.00
2729 408.00
2730 420.00
2731 351.00
2732 366.00
2733 347.00
2734 382.00
2735 403.00
2736 402.00
2737 380.00
2738 399.00
2739 394.00
2740 364.00
2741 399.00
2742 379.00
2743 401.00
2744 378.00
2745 329.00
2746 351.00
2747 380.00
2748 375.00
2749 384.00
2750 388.00
2751 385.00
2752 381.00
2753 391.00
2754 381.00
2755 407.00
2756 391.00
2757 356.00
2758 340.00
2759 357.00
2760 388.00
2761 362.00
2762 394.00
2763 361.00
2764 319.00
2765 390.00
2766 355.00
2767 382.00
2768 394.00
2769 398.00
2770 335.00
2771 330.00
2772 386.00
2773 360.00
2774 311.00
2775 402.00
2776 374.00
2777 391.00
2778 386.00
2779 356.00
2780 427.00
2781 368.00
2782 405.00
2783 392.00
2784 384.00
2785 424.00
2786 373.00
2787 405.00
2788 396.00
2789 394.00
2790 394.00
2791 365.00
2792 389.00
2793 384.00
2794 406.00
2795 410.00
2796 412.00
2797 400.00
2798 364.00
2799 442.00
2800 330.00
2801 378.00
2802 428.00
2803 402.00
2804 393.00
2805 386.00
2806 346.00
2807 350.00
2808 418.00
2809 417.00
2810 402.00
2811 358.00
2812 387.00
2813 404.00
2814 367.00
2815 361.00
2816 393.00
2817 395.00
2818 371.00
2819 364.00
2820 369.00
2821 384.00
2822 401.00
2823 431.00
2824 414.00
2825 366.00
2826 420.00
2827 385.00
2828 375.00
2829 438.00
2830 403.00
2831 435.00
2832 403.00
2833 394.00
2834 405.00
2835 388.00
2836 394.00
2837 415.00
2838 371.00
2839 400.00
2840 427.00
2841 388.00
2842 376.00
2843 400.00
2844 363.00
2845 393.00
2846 394.00
2847 367.00
2848 354.00
2849 365.00
2850 363.00
2851 425.00
2852 351.00
2853 329.00
2854 379.00
2855 377.00
2856 363.00
2857 385.00
2858 411.00
2859 370.00
2860 368.00
2861 341.00
2862 376.00
2863 421.00
2864 394.00
2865 408.00
2866 400.00
2867 446.00
2868 392.00
2869 419.00
2870 402.00
2871 403.00
2872 303.00
2873 412.00
2874 395.00
2875 372.00
2876 355.00
2877 400.00
2878 366.00
2879 419.00
2880 367.00
2881 372.00
2882 324.00
2883 368.00
2884 409.00
2885 376.00
2886 408.00
2887 372.00
2888 379.00
2889 344.00
2890 352.00
2891 416.00
2892 357.00
2893 384.00
2894 366.00
2895 372.00
2896 394.00
2897 410.00
2898 414.00
2899 375.00
2900 389.00
2901 391.00
2902 396.00
2903 374.00
2904 407.00
2905 393.00
2906 384.00
2907 418.00
2908 416.00
2909 422.00
2910 410.00
2911 382.00
2912 362.00
2913 367.00
2914 409.00
2915 405.00
2916 339.00
2917 391.00
2918 356.00
2919 357.00
2920 403.00
2921 408.00
2922 376.00
2923 368.00
2924 370.00
2925 347.00
2926 385.00
2927 365.00
2928 394.00
2929 395.00
2930 410.00
2931 360.00
2932 348.00
2933 362.00
2934 386.00
2935 399.00
2936 393.00
2937 398.00
2938 371.00
2939 401.00
2940 351.00
2941 404.00
2942 383.00
2943 390.00
2944 363.00
2945 325.00
2946 336.00
2947 358.00
2948 340.00
2949 394.00
2950 367.00
2951 377.00
2952 343.00
2953 388.00
2954 382.00
2955 415.00
2956 405.00
2957 342.00
2958 358.00
2959 395.00
2960 407.00
2961 347.00
2962 410.00
2963 392.00
2964 359.00
2965 417.00
2966 390.00
2967 411.00
2968 425.00
2969 384.00
2970 341.00
2971 376.00
2972 429.00
2973 383.00
2974 376.00
2975 438.00
2976 394.00
2977 430.00
2978 396.00
2979 409.00
2980 427.00
2981 373.00
2982 416.00
2983 421.00
2984 388.00
2985 402.00
2986 376.00
2987 412.00
2988 397.00
2989 396.00
2990 400.00
2991 368.00
2992 412.00
2993 410.00
2994 409.00
2995 406.00
2996 396.00
2997 397.00
2998 370.00
2999 435.00
